1e-05,12.17016
1.03125e-05,12.02396
1.0625e-05,11.88426
1.09375e-05,11.75059
1.125e-05,11.62253
1.15625e-05,11.4997
1.1875e-05,11.38174
1.21875e-05,11.26836
1.25e-05,11.15925
1.28125e-05,11.05416
1.3125e-05,10.95285
1.34375e-05,10.85509
1.375e-05,10.76068
1.4375e-05,10.58119
1.5e-05,10.41303
1.5625e-05,10.25507
1.625e-05,10.10631
1.6875e-05,9.965895
1.75e-05,9.83307
1.8125e-05,9.707176
1.875e-05,9.58763
1.9375e-05,9.473917
2e-05,9.365577
2.09375e-05,9.212254
2.1875e-05,9.068897
2.28125e-05,8.934471
2.375e-05,8.808084
2.46875e-05,8.688967
2.5625e-05,8.576448
2.65625e-05,8.46994
2.75e-05,8.368926
2.84375e-05,8.272949
2.9375e-05,8.181605
3.03125e-05,8.094531
3.125e-05,8.011406
3.21875e-05,7.931939
3.3125e-05,7.85587
3.40625e-05,7.782964
3.5e-05,7.713007
3.59375e-05,7.645806
3.6875e-05,7.581184
3.78125e-05,7.51898
3.875e-05,7.459048
3.96875e-05,7.401252
4.0625e-05,7.345468
4.25e-05,7.23949
4.4375e-05,7.140302
4.625e-05,7.047209
4.8125e-05,6.95961
5e-05,6.876987
5.15625e-05,6.811605
5.3125e-05,6.749129
5.46875e-05,6.68935
5.625e-05,6.63208
5.78125e-05,6.577147
5.9375e-05,6.524398
6.09375e-05,6.47369
6.25e-05,6.424896
6.40625e-05,6.377898
6.5625e-05,6.332589
6.71875e-05,6.28887
6.875e-05,6.24665
7.1875e-05,6.166378
7.5e-05,6.091177
7.8125e-05,6.020534
8.125e-05,5.954007
8.4375e-05,5.891211
8.75e-05,5.83181
9.0625e-05,5.775509
9.375e-05,5.722046
9.6875e-05,5.671192
0.0001,5.622741
0.000103125,5.576509
0.00010625,5.532332
0.000109375,5.490062
0.0001125,5.449566
0.000115625,5.410722
0.00011875,5.373423
0.000121875,5.337567
0.000125,5.303064
0.000128125,5.269832
0.00013125,5.237794
0.000134375,5.206879
0.0001375,5.177025
0.00014375,5.120264
0.00015,5.067089
0.00015625,5.017137
0.0001625,4.970096
0.00016875,4.925692
0.000175,4.883689
0.00018125,4.843878
0.0001875,4.806074
0.00019375,4.770115
0.0002,4.735855
0.000209375,4.68737
0.00021875,4.642037
0.000228125,4.599527
0.0002375,4.55956
0.000246875,4.521892
0.00025625,4.486311
0.000265625,4.45263
0.000275,4.420686
0.000284375,4.390336
0.00029375,4.36145
0.000303125,4.333915
0.0003125,4.307629
0.000321875,4.282499
0.00033125,4.258444
0.000340625,4.235389
0.00035,4.213267
0.000359375,4.192016
0.00036875,4.17158
0.000378125,4.15191
0.0003875,4.132958
0.000396875,4.114681
0.00040625,4.097041
0.000425,4.063527
0.00044375,4.032161
0.0004625,4.002723
0.00048125,3.975022
0.0005,3.948894
0.000515625,3.928218
0.00053125,3.908462
0.000546875,3.889558
0.0005625,3.871447
0.000578125,3.854076
0.00059375,3.837395
0.000609375,3.82136
0.000625,3.80593
0.000640625,3.791068
0.00065625,3.77674
0.000671875,3.762915
0.0006875,3.749564
0.00071875,3.724179
0.00075,3.700399
0.00078125,3.67806
0.0008125,3.657022
0.00084375,3.637164
0.000875,3.61838
0.00090625,3.600576
0.0009375,3.58367
0.00096875,3.567588
0.001,3.552266
0.00103125,3.537647
0.0010625,3.523676
0.00109375,3.51031
0.001125,3.497504
0.00115625,3.48522
0.0011875,3.473425
0.00121875,3.462086
0.00125,3.451176
0.00128125,3.440667
0.0013125,3.430535
0.00134375,3.420759
0.001375,3.411319
0.0014375,3.393369
0.0015,3.376554
0.0015625,3.360758
0.001625,3.345882
0.0016875,3.33184
0.00175,3.318558
0.0018125,3.305968
0.001875,3.294014
0.0019375,3.282642
0.002,3.271808
0.00209375,3.256476
0.0021875,3.24214
0.00228125,3.228698
0.002375,3.216059
0.00246875,3.204147
0.0025625,3.192896
0.00265625,3.182245
0.00275,3.172143
0.00284375,3.162546
0.0029375,3.153411
0.00303125,3.144704
0.003125,3.136391
0.00321875,3.128445
0.0033125,3.120838
0.00340625,3.113547
0.0035,3.106551
0.00359375,3.099831
0.0036875,3.093369
0.00378125,3.087149
0.003875,3.081156
0.00396875,3.075376
0.0040625,3.069798
0.00425,3.0592
0.0044375,3.049281
0.004625,3.039972
0.0048125,3.031212
0.005,3.022949
0.00515625,3.016411
0.0053125,3.010164
0.00546875,3.004186
0.005625,2.998459
0.00578125,2.992966
0.0059375,2.987691
0.00609375,2.98262
0.00625,2.97774
0.00640625,2.973041
0.0065625,2.96851
0.00671875,2.964138
0.006875,2.959916
0.0071875,2.951889
0.0075,2.944368
0.0078125,2.937304
0.008125,2.930651
0.0084375,2.924372
0.00875,2.918432
0.0090625,2.912802
0.009375,2.907455
0.0096875,2.90237
0.01,2.897525
0.0103125,2.892902
0.010625,2.888484
0.0109375,2.884257
0.01125,2.880207
0.0115625,2.876323
0.011875,2.872593
0.0121875,2.869007
0.0125,2.865557
0.0128125,2.862234
0.013125,2.85903
0.0134375,2.855939
0.01375,2.852953
0.014375,2.847277
0.015,2.84196
0.015625,2.836964
0.01625,2.83226
0.016875,2.82782
0.0175,2.82362
0.018125,2.819639
0.01875,2.815858
0.019375,2.812262
0.02,2.808836
0.0206625,2.805376
0.021325,2.802078
0.0219875,2.79893
0.02265,2.795921
0.0233125,2.793042
0.023975,2.790283
0.0246375,2.787635
0.0253,2.785093
0.02607188,2.782254
0.02684375,2.779538
0.02761563,2.776937
0.0283875,2.774442
0.02915938,2.772048
0.02993125,2.769746
0.03070313,2.767532
0.031475,2.7654
0.03224688,2.763344
0.03301875,2.761362
0.0345625,2.757598
0.03610625,2.754078
0.03765,2.750776
0.03919375,2.747672
0.0407375,2.744746
0.04228125,2.741982
0.043825,2.739365
0.04536875,2.736883
0.0469125,2.734524
0.04845625,2.732279
0.05,2.730139
0.0515625,2.728072
0.053125,2.726096
0.0546875,2.724206
0.05625,2.722395
0.0578125,2.720657
0.059375,2.718989
0.0609375,2.717386
0.0625,2.715843
0.0640625,2.714356
0.065625,2.712923
0.0671875,2.71154
0.06875,2.710205
0.071875,2.707667
0.075,2.705289
0.078125,2.703055
0.08125,2.700951
0.084375,2.698965
0.0875,2.697087
0.090625,2.695306
0.09375,2.693616
0.096875,2.692007
0.1,2.690474
0.103125,2.689012
0.10625,2.687615
0.109375,2.686279
0.1125,2.684998
0.115625,2.68377
0.11875,2.68259
0.121875,2.681456
0.125,2.680365
0.128125,2.679313
0.13125,2.6783
0.134375,2.677323
0.1375,2.676379
0.14375,2.674584
0.15,2.672902
0.15625,2.671323
0.1625,2.669834
0.16875,2.66843
0.175,2.667102
0.18125,2.665843
0.1875,2.664647
0.19375,2.663509
0.2,2.662426
0.209375,2.660892
0.21875,2.659459
0.228125,2.658114
0.2375,2.65685
0.246875,2.655659
0.25625,2.654532
0.265625,2.653467
0.275,2.652457
0.284375,2.651497
0.29375,2.650583
0.303125,2.649712
0.3125,2.648881
0.321875,2.648085
0.33125,2.647325
0.340625,2.646596
0.35,2.645896
0.359375,2.645223
0.36875,2.644577
0.378125,2.643955
0.3875,2.643354
0.396875,2.642776
0.40625,2.642219
0.425,2.641158
0.44375,2.640166
0.4625,2.639234
0.48125,2.638357
0.5,2.637531
0.53125,2.636251
0.5625,2.63508
0.59375,2.634002
0.625,2.633006
0.65625,2.632082
0.6875,2.631221
0.71875,2.630418
0.75,2.629665
0.78125,2.628957
0.8125,2.628291
0.84375,2.627662
0.875,2.627067
0.9375,2.625967
1.0,2.624972
1.0625,2.624066
1.125,2.623237
1.1875,2.622473
1.25,2.621769
1.3125,2.621114
1.375,2.620504
1.4375,2.619935
1.5,2.619401
1.5625,2.618899
1.625,2.618427
1.6875,2.617981
1.75,2.617559
1.875,2.616779
2.0,2.616073
2.09375,2.615585
2.1875,2.615128
2.28125,2.6147
2.375,2.614298
2.46875,2.613919
2.5625,2.61356
2.65625,2.61322
2.75,2.612898
2.9375,2.6123
3.125,2.611755
3.3125,2.611258
3.5,2.6108
3.6875,2.610378
3.875,2.609986
4.0625,2.609621
4.25,2.609279
4.4375,2.60896
4.625,2.608659
4.8125,2.608377
5.0,2.60811
5.3125,2.607696
5.625,2.607316
5.9375,2.606966
6.25,2.606642
6.5625,2.60634
6.875,2.606058
7.1875,2.605795
7.5,2.605547
7.8125,2.605314
8.125,2.605094
8.4375,2.604886
8.75,2.604688
9.375,2.604322
10.0,2.603988
10.625,2.603683
11.25,2.603401
11.875,2.603142
12.5,2.602899
13.125,2.602674
13.75,2.602462
14.375,2.602263
15.0,2.602076
15.625,2.601898
16.25,2.60173
16.875,2.60157
17.5,2.601418
18.75,2.601134
20.0,2.600873
20.9375,2.60069
21.875,2.600518
22.8125,2.600355
23.75,2.600198
24.6875,2.60005
25.625,2.599909
26.5625,2.599773
27.5,2.599643
29.375,2.599398
31.25,2.599169
33.125,2.598955
35.0,2.598754
36.875,2.598565
38.75,2.598384
40.625,2.598212
42.5,2.598048
44.375,2.597891
46.25,2.597739
48.125,2.597593
50.0,2.597453
53.125,2.597228
56.25,2.597014
59.375,2.596809
62.5,2.596613
65.625,2.596423
68.75,2.596241
71.875,2.596063
75.0,2.595892
78.125,2.595725
81.25,2.595561
84.375,2.595401
87.5,2.595245
93.75,2.594942
100.0,2.594649
106.25,2.594366
112.5,2.59409
118.75,2.59382
125.0,2.593557
131.25,2.593298
137.5,2.593045
143.75,2.592795
150.0,2.592549
156.25,2.592307
162.5,2.592067
168.75,2.59183
175.0,2.591596
187.5,2.591133
200.0,2.590678
209.375,2.590342
218.75,2.590008
228.125,2.589678
237.5,2.58935
246.875,2.589026
256.25,2.588702
265.625,2.588381
275.0,2.588063
293.75,2.58743
312.5,2.586803
331.25,2.586182
350.0,2.585565
368.75,2.584952
387.5,2.584344
406.25,2.583738
425.0,2.583136
443.75,2.582536
462.5,2.581939
481.25,2.581345
500.0,2.580753
531.25,2.579769
562.5,2.578793
593.75,2.57782
625.0,2.576852
656.25,2.575889
687.5,2.574929
718.75,2.573972
750.0,2.57302
781.25,2.572071
812.5,2.571125
843.75,2.570182
875.0,2.569243
937.5,2.567371
1000.0,2.565512
1062.5,2.563663
1125.0,2.561825
1187.5,2.559996
1250.0,2.558177
1312.5,2.556368
1375.0,2.554569
1437.5,2.552779
1500.0,2.550999
1562.5,2.549227
1625.0,2.547466
1687.5,2.545714
1750.0,2.543971
1875.0,2.540512
2000.0,2.537092
2093.75,2.534552
2187.5,2.532032
2281.25,2.529534
2375.0,2.527058
2468.75,2.524603
2562.5,2.522172
2656.25,2.519762
2750.0,2.517375
2937.5,2.512671
3125.0,2.508061
3312.5,2.50355
3500.0,2.49914
3687.5,2.494835
3875.0,2.490638
4062.5,2.486554
4250.0,2.482588
4437.5,2.478744
4625.0,2.475029
4812.5,2.471447
5000.0,2.468004
5312.5,2.462596
5625.0,2.457629
5937.5,2.453145
6250.0,2.449185
6562.5,2.445802
6875.0,2.443053
7187.5,2.441005
7500.0,2.439732
7812.5,2.439323
8125.0,2.439874
8437.5,2.441502
8750.0,2.444341
9062.5,2.448541
9375.0,2.454284
9687.5,2.461777
10000.0,2.471267
10262.47,2.480988
10524.94,2.492518
10787.41,2.506087
11049.88,2.52196
11312.35,2.540448
11574.82,2.561911
11837.29,2.586773
12099.75,2.615532
12362.22,2.648782
12624.69,2.687223
12887.16,2.731695
13149.63,2.78321
13412.1,2.842989
13543.34,2.876432
13674.57,2.912522
13805.81,2.951503
13937.04,2.993637
14068.27,3.039221
14199.5,3.088587
14330.74,3.14211
14461.97,3.200196
14593.21,3.26332
14724.44,3.331999
14855.68,3.406834
14986.91,3.488486
15118.15,3.577731
15249.38,3.67542
15380.62,3.782559
15511.85,3.900268
15643.09,4.029867
15774.32,4.172837
15905.56,4.330937
16036.79,4.50616
16168.02,4.700869
16299.25,4.91781
16430.49,5.160228
16561.72,5.431895
16627.34,5.580091
16692.96,5.737356
16758.58,5.904389
16824.19,6.081924
16889.81,6.270852
16955.43,6.472057
17021.05,6.686544
17086.66,6.915376
17152.28,7.159833
17217.9,7.42121
17283.52,7.70097
17349.13,8.000684
17414.75,8.322223
17480.37,8.667512
17545.99,9.038721
17611.6,9.438197
17677.22,9.868719
17742.84,10.33318
17808.46,10.83483
17874.07,11.37719
17939.69,11.96444
18005.31,12.6009
18070.93,13.29146
18136.54,14.04137
18202.16,14.85674
18267.77,15.74383
18333.39,16.70991
18399.0,17.76232
18445.91,18.57231
18492.82,19.4338
18539.73,20.35004
18586.63,21.32413
18633.54,22.35986
18680.44,23.46008
18727.35,24.62852
18774.25,25.8677
18821.16,27.18085
18868.07,28.56995
18914.98,30.03659
18961.88,31.5811
19008.79,33.20367
19055.69,34.90168
19149.5,38.50834
19243.32,42.34319
19337.13,46.30031
19430.94,50.21942
19477.85,52.09925
19524.75,53.88437
19571.66,55.54237
19618.57,57.0392
19665.48,58.34224
19712.38,59.42139
19759.29,60.25163
19806.19,60.81314
19853.1,61.09388
19900.0,61.08947
19950.0,60.77542
20000.0,60.15653
20043.79,59.38235
20087.57,58.41267
20131.35,57.27054
20175.13,55.98104
20262.69,53.06273
20350.25,49.85588
20525.38,43.22721
20612.94,40.03653
20700.5,37.02177
20788.07,34.21683
20831.85,32.89835
20875.63,31.63649
20919.41,30.43092
20963.19,29.28076
21006.97,28.18474
21050.75,27.14126
21094.54,26.1483
21138.32,25.20434
21182.1,24.30709
21225.88,23.45447
21269.66,22.64434
21313.44,21.87462
21357.22,21.14325
21401.0,20.44822
21456.86,19.61114
21512.72,18.82624
21568.58,18.0899
21624.43,17.39884
21680.29,16.7496
21736.15,16.13937
21792.01,15.56536
21847.86,15.02511
21903.72,14.51606
21959.58,14.03611
22015.44,13.58323
22071.29,13.15563
22127.15,12.75141
22183.01,12.36906
22238.87,12.0071
22294.72,11.66423
22406.44,11.0305
22518.15,10.45904
22629.87,9.94205
22741.58,9.473047
22853.3,9.046292
22965.01,8.656987
23076.73,8.300848
23188.44,7.974286
23300.16,7.674066
23411.87,7.397472
23523.59,7.142033
23635.3,6.905669
23747.02,6.686469
23858.73,6.482826
23970.45,6.293244
24082.16,6.116467
24193.88,5.951314
24305.59,5.796792
24417.31,5.651959
24529.02,5.516023
24640.74,5.388225
24752.45,5.26793
24864.17,5.15452
24975.88,5.04748
25199.31,4.850572
25422.74,4.673837
25646.17,4.514491
25869.6,4.370214
26093.03,4.239064
26316.46,4.119401
26539.89,4.009838
26763.32,3.909189
26986.75,3.816441
27210.18,3.730722
27433.61,3.651277
27657.04,3.57745
27880.47,3.508673
28103.9,3.444444
28327.33,3.384326
28550.75,3.327933
28774.18,3.274921
28997.61,3.22499
29444.47,3.133317
29891.33,3.05109
30338.19,2.97684
30785.05,2.909376
31231.91,2.847725
31678.77,2.791081
32125.63,2.738774
32572.49,2.690243
33019.35,2.645018
33466.21,2.602693
33913.07,2.562929
34359.93,2.525429
34806.79,2.48994
35700.5,2.424145
36594.22,2.364094
37487.94,2.308671
38381.66,2.257002
39275.38,2.208392
40169.1,2.162281
41062.82,2.118212
41956.54,2.075811
42850.25,2.034767
43743.97,1.994819
44637.69,1.955751
45531.41,1.917381
46425.13,1.87956
47318.85,1.842169
48212.57,1.805114
49106.29,1.768331
50000.0,1.731791
50804.14,1.69912
51608.28,1.66668
52412.42,1.634538
53216.55,1.602806
54020.69,1.571644
54422.76,1.556347
54824.83,1.541288
55226.9,1.526509
55628.97,1.51206
56031.04,1.498002
56433.1,1.484401
56835.17,1.471337
57237.24,1.458897
57639.31,1.447188
58041.38,1.436325
58443.45,1.426443
58845.52,1.41769
59247.59,1.410232
59649.65,1.404239
60051.72,1.399881
60252.76,1.398361
60453.79,1.397293
60654.83,1.396679
60855.86,1.396502
61056.9,1.396717
61257.93,1.397235
61458.97,1.397886
61559.49,1.398172
61660.0,1.398357
61760.52,1.398356
61861.04,1.39805
61911.3,1.397734
61961.56,1.397271
62011.82,1.396632
62062.07,1.39577
62112.33,1.394638
62162.59,1.393169
62212.85,1.391283
62263.11,1.388876
62313.37,1.385811
62338.5,1.383981
62363.63,1.381915
62388.76,1.379585
62413.89,1.376954
62439.02,1.373979
62464.14,1.370614
62489.27,1.366802
62514.4,1.362477
62539.53,1.357569
62564.66,1.351996
62589.79,1.345675
62614.92,1.338531
62640.05,1.330522
62665.17,1.321711
62690.3,1.312397
62702.87,1.307803
62715.43,1.30353
62728.0,1.299956
62740.56,1.297723
62753.13,1.297906
62759.41,1.299444
62765.69,1.302382
62771.98,1.3072
62778.26,1.314532
62784.54,1.325277
62790.82,1.340691
62797.11,1.362614
62800.25,1.376766
62803.39,1.393605
62806.53,1.413665
62809.67,1.437605
62812.81,1.466243
62815.95,1.500605
62819.1,1.542132
62822.24,1.59222
62825.38,1.653114
62828.52,1.727579
62830.09,1.770994
62831.66,1.819246
62833.23,1.872979
62834.8,1.932936
62836.37,1.999982
62837.94,2.075126
62839.51,2.159549
62841.08,2.254635
62842.65,2.362013
62844.22,2.483609
62845.79,2.6217
62847.36,2.778993
62848.93,2.95871
62850.5,3.16469
62852.07,3.40152
62852.86,3.534042
62853.64,3.674669
62854.43,3.827863
62855.21,3.990663
62856.0,4.168262
62856.78,4.357249
62857.57,4.563668
62858.35,4.783564
62859.14,5.023968
62859.92,5.280259
62860.71,5.560591
62861.49,5.859511
62862.28,6.186425
62863.06,6.534818
62863.85,6.915429
62864.63,7.32037
62865.42,7.7617
62866.2,8.229721
62867.07,8.791007
62867.93,9.387467
62868.79,10.02538
62869.65,10.70361
62870.52,11.42793
62871.38,12.17689
62873.1,13.74167
62873.97,14.5439
62874.83,15.32371
62875.69,16.07196
62876.55,16.76837
62877.42,17.39873
62878.28,17.92817
62879.14,18.34667
62880.0,18.64061
62880.87,18.80278
62881.73,18.82733
62882.59,18.72094
62883.45,18.49321
62884.32,18.15359
62885.18,17.72681
62886.04,17.22774
62886.9,16.6745
62888.63,15.46458
62890.35,14.22391
62891.22,13.6078
62892.08,13.01552
62892.94,12.44447
62893.8,11.89771
62894.61,11.40662
62895.42,10.9395
62896.23,10.49654
62897.03,10.08254
62897.84,9.686593
62898.64,9.317714
62899.45,8.965751
62900.25,8.638391
62901.06,8.326378
62901.87,8.032829
62902.68,7.756648
62903.48,7.499883
62904.29,7.255092
62905.09,7.027356
62905.9,6.810054
62906.7,6.607689
62907.51,6.414378
62908.32,6.231944
62909.13,6.059658
62909.93,5.898796
62911.54,5.600634
62913.15,5.332998
62914.76,5.092044
62916.37,4.874466
62917.98,4.67742
62919.59,4.498455
62921.21,4.334491
62922.82,4.185718
62924.43,4.049495
62926.04,3.924452
62927.66,3.808709
62929.27,3.702647
62930.88,3.60461
62932.49,3.513799
62934.11,3.429007
62935.72,3.350654
62937.33,3.277651
62938.94,3.209511
62942.16,3.086133
62945.38,2.977589
62948.61,2.881246
62951.83,2.795799
62955.06,2.719156
62958.28,2.650517
62961.51,2.588393
62964.73,2.53229
62967.95,2.48127
62971.17,2.434709
62974.4,2.391955
62977.62,2.35282
62980.85,2.31667
62984.07,2.283398
62987.3,2.252504
62990.52,2.22393
62996.96,2.17259
63003.41,2.127764
63009.86,2.088401
63016.31,2.053607
63022.75,2.022712
63029.2,1.995044
63035.65,1.970186
63042.1,1.947749
63048.54,1.927446
63054.99,1.908946
63061.44,1.892057
63067.89,1.876591
63074.33,1.862406
63087.23,1.837232
63100.12,1.815682
63113.02,1.797047
63125.91,1.780836
63138.81,1.766619
63151.7,1.754098
63164.6,1.742999
63177.49,1.733132
63190.39,1.724311
63203.28,1.716413
63216.18,1.709309
63229.07,1.702911
63241.97,1.697129
63254.86,1.691901
63280.65,1.682863
63306.44,1.675411
63332.23,1.669259
63358.02,1.664182
63383.81,1.660008
63409.6,1.656601
63435.39,1.653852
63461.18,1.651672
63486.97,1.649989
63512.76,1.648743
63538.55,1.647886
63564.34,1.647375
63615.92,1.647256
63667.5,1.648167
63719.08,1.649944
63770.66,1.652463
63822.24,1.655631
63925.4,1.663643
64028.56,1.673572
64131.72,1.685162
64234.88,1.698253
64338.04,1.712742
64544.35,1.745705
64750.67,1.783861
64956.99,1.827279
65163.31,1.876189
65369.63,1.930935
65575.95,1.991952
65782.27,2.059758
65988.59,2.134948
66194.9,2.21819
66401.22,2.310248
66607.54,2.411958
66813.86,2.524251
67020.18,2.648159
67226.5,2.784812
67432.82,2.93546
67639.14,3.101461
67845.45,3.28429
68051.77,3.485578
68258.09,3.707051
68464.41,3.950567
68670.73,4.2181
68877.05,4.511718
69083.37,4.833562
69289.69,5.1858
69496.0,5.570556
69614.88,5.807838
69733.75,6.056944
69971.5,6.59201
70209.25,7.177895
70447.0,7.815776
70684.75,8.50546
70922.5,9.244911
71160.25,10.02977
71398.0,10.85285
71635.75,11.70382
71873.5,12.56896
72111.25,13.43138
72349.0,14.27145
72586.75,15.06784
72824.5,15.79891
73062.25,16.4443
73300.0,16.98669
73537.75,17.41324
73775.5,17.71657
74013.25,17.8952
74251.0,17.95314
74488.75,17.89917
74726.5,17.74551
74964.25,17.5066
75202.0,17.19776
75439.75,16.83414
75677.5,16.42998
75915.25,15.99806
76153.0,15.54948
76390.75,15.09365
76628.5,14.63834
76866.25,14.18996
76985.13,13.97006
77104.0,13.75385
77249.53,13.49496
77395.05,13.24347
77540.58,13.00041
77613.34,12.88243
77686.1,12.76705
77758.87,12.65445
77831.63,12.54489
77904.39,12.43863
77977.15,12.336
78049.92,12.23736
78122.68,12.14325
78195.44,12.05426
78268.2,11.97116
78304.59,11.9321
78340.97,11.89492
78377.35,11.85979
78413.73,11.82689
78450.11,11.79646
78486.49,11.76876
78522.87,11.7441
78559.25,11.72284
78595.64,11.7054
78632.02,11.69231
78668.4,11.68414
78704.78,11.68163
78741.16,11.68561
78777.54,11.69715
78795.73,11.70613
78813.92,11.71749
78832.11,11.73145
78850.3,11.74822
78868.5,11.76807
78886.69,11.79128
78904.88,11.81813
78923.07,11.84902
78941.26,11.88432
78959.45,11.9245
78977.64,11.97005
78995.83,12.02156
79014.02,12.07967
79032.21,12.14512
79050.4,12.21878
79068.59,12.3016
79086.78,12.3947
79104.97,12.49935
79123.16,12.61704
79141.35,12.74945
79159.55,12.89867
79177.74,13.06683
79195.93,13.25667
79214.12,13.47132
79223.22,13.58914
79232.31,13.71444
79241.41,13.84805
79250.5,13.99027
79259.6,14.14206
79268.69,14.30379
79277.79,14.47657
79286.88,14.66081
79295.98,14.85781
79305.07,15.06806
79314.17,15.29303
79323.26,15.5333
79332.36,15.79055
79341.45,16.0654
79350.55,16.35975
79359.64,16.67427
79368.74,17.01105
79377.83,17.37075
79386.93,17.75556
79396.02,18.16606
79405.12,18.60445
79414.21,19.07099
79423.31,19.5677
79432.4,20.09423
79442.88,20.73934
79453.35,21.42415
79463.83,22.14832
79474.3,22.90717
79495.25,24.50798
79516.2,26.15197
79526.68,26.95399
79537.15,27.71607
79547.63,28.41737
79558.1,29.03311
79568.58,29.5413
79579.05,29.92008
79589.53,30.15338
79600.0,30.22992
79610.49,30.14588
79620.97,29.90503
79631.45,29.51818
79641.93,29.00202
79652.41,28.37737
79662.89,27.66719
79673.37,26.89482
79683.85,26.08236
79704.82,24.41273
79725.78,22.78229
79736.26,22.0064
79746.74,21.26473
79757.22,20.56061
79767.7,19.89575
79779.98,19.16725
79792.26,18.49248
79804.54,17.8694
79816.81,17.29573
79829.09,16.76738
79841.37,16.28149
79853.65,15.83471
79865.92,15.4241
79878.2,15.04589
79890.48,14.69749
79902.76,14.37625
79915.03,14.07991
79927.31,13.80573
79939.59,13.5519
79951.87,13.31656
79964.14,13.09822
79976.42,12.89499
79988.7,12.70569
80000.98,12.52909
80013.25,12.3642
80025.53,12.20977
80037.81,12.06501
80050.09,11.92912
80062.36,11.80146
80074.64,11.68117
80086.92,11.56774
80099.2,11.46062
80111.47,11.3594
80123.75,11.26347
80136.02,11.17259
80148.3,11.08621
80160.57,11.00417
80185.13,10.85149
80209.68,10.71252
80234.24,10.58532
80258.79,10.46848
80283.35,10.36061
80307.9,10.26069
80332.46,10.16771
80357.01,10.08094
80381.57,9.999603
80406.12,9.923183
80430.68,9.851093
80455.23,9.782938
80479.79,9.718265
80504.34,9.656782
80528.89,9.598152
80553.44,9.542106
80578.0,9.488382
80602.55,9.436809
80627.11,9.387154
80651.66,9.339284
80676.22,9.293005
80700.77,9.248214
80725.33,9.204746
80749.88,9.162519
80798.99,9.081288
80848.1,9.003731
80872.66,8.9661
80897.21,8.929138
80921.76,8.89275
80946.31,8.856848
80995.42,8.786145
81044.53,8.716298
81093.64,8.646465
81118.2,8.611269
81142.75,8.575786
81167.31,8.540006
81191.86,8.504257
81216.42,8.469621
81228.7,8.453656
81240.97,8.439751
81253.25,8.429702
81259.39,8.42713
81265.53,8.42709
81271.67,8.43064
81277.81,8.439363
81283.95,8.455686
81287.02,8.467812
81290.08,8.483368
81293.15,8.503311
81296.22,8.528713
81299.29,8.561039
81302.36,8.602238
81305.43,8.654937
81308.5,8.722726
81310.04,8.763908
81311.57,8.810588
81313.1,8.863956
81314.63,8.925138
81316.17,8.995983
81317.7,9.077219
81319.24,9.171928
81320.77,9.281332
81322.31,9.409892
81323.84,9.559647
81325.38,9.737184
81326.91,9.9459
81328.45,10.19568
81329.22,10.33822
81329.98,10.49211
81330.75,10.66284
81331.52,10.85011
81332.29,11.0557
81333.05,11.2785
81333.82,11.52653
81334.59,11.79933
81335.36,12.09942
81336.12,12.42496
81336.89,12.78726
81337.65,13.17959
81338.42,13.6149
81339.18,14.08417
81339.86,14.53887
81340.54,15.02719
81341.22,15.54907
81341.89,16.09504
81343.24,17.27973
81344.59,18.54067
81345.95,19.81175
81346.63,20.41342
81347.3,20.96279
81347.98,21.45913
81348.65,21.8718
81349.33,22.19882
81350.0,22.41991
81350.68,22.53523
81351.36,22.5393
81352.04,22.43582
81352.71,22.23674
81353.39,21.94778
81354.07,21.58539
81354.75,21.16475
81355.42,20.708
81356.78,19.70636
81358.13,18.68644
81358.81,18.18355
81359.48,17.70238
81360.16,17.23217
81360.83,16.78912
81361.4,16.42905
81361.96,16.09087
81362.53,15.76259
81363.09,15.45563
81364.22,14.88184
81365.34,14.37014
81366.47,13.90669
81367.59,13.49467
81368.72,13.1217
81369.84,12.78972
81370.97,12.48845
81372.09,12.21937
81373.22,11.97421
81374.34,11.75426
81375.47,11.55292
81376.59,11.37143
81377.72,11.20448
81378.84,11.05324
81379.97,10.91345
81381.09,10.78624
81382.22,10.66811
81383.34,10.56011
81385.59,10.36694
81387.84,10.20055
81390.09,10.05616
81392.34,9.92996
81394.59,9.818933
81396.84,9.720658
81399.09,9.633177
81401.34,9.554892
81403.59,9.484491
81405.84,9.42089
81408.09,9.363183
81410.34,9.310616
81412.59,9.262549
81414.84,9.218441
81419.34,9.140321
81423.84,9.073301
81428.34,9.015168
81432.84,8.964247
81437.35,8.91915
81441.85,8.879068
81446.35,8.843095
81450.85,8.810593
81455.35,8.781045
81459.85,8.754032
81464.35,8.729206
81468.85,8.706279
81477.85,8.665202
81486.85,8.629295
81495.85,8.597466
81504.85,8.568907
81513.86,8.542979
81522.86,8.51927
81531.86,8.497386
81540.86,8.477038
81549.86,8.457995
81558.86,8.440069
81576.86,8.406991
81594.86,8.376869
81612.86,8.349053
81630.86,8.323074
81648.86,8.298583
81666.87,8.275309
81684.87,8.253076
81702.87,8.231714
81720.87,8.211099
81756.87,8.171732
81792.87,8.134382
81828.88,8.098629
81864.88,8.064206
81900.88,8.030891
81936.88,7.998523
82008.89,7.936163
82080.89,7.876444
82152.9,7.81889
82224.9,7.7632
82296.91,7.709129
82368.91,7.656517
82512.92,7.555133
82656.94,7.458243
82800.95,7.365307
82944.96,7.275912
83088.97,7.189743
83232.98,7.106545
83376.99,7.026107
83521.0,6.948251
83665.01,6.872819
83809.03,6.799672
83953.04,6.728698
84241.06,6.592828
84529.08,6.464438
84817.1,6.342884
85105.13,6.227607
85393.15,6.118123
85681.17,6.013997
85969.19,5.914841
86257.22,5.820306
86545.24,5.730078
86833.26,5.643871
87121.28,5.56142
87409.31,5.482485
87697.33,5.40685
87985.35,5.334309
88273.37,5.264676
88561.4,5.197776
88849.42,5.133451
89137.44,5.071555
89425.46,5.011946
90001.5,4.89909
90577.54,4.793959
91153.59,4.695746
91729.63,4.603746
92305.68,4.517335
92881.72,4.435962
93457.77,4.359135
94033.81,4.286422
94609.86,4.217427
95185.9,4.151805
95761.95,4.089235
96337.99,4.02944
96914.04,3.972162
97202.06,3.944398
97490.08,3.917178
97778.11,3.890477
98066.13,3.864265
98210.14,3.851332
98354.15,3.838505
98498.16,3.825778
98642.17,3.813138
98930.19,3.788046
99074.2,3.775527
99218.21,3.762942
99290.22,3.756589
99362.22,3.750173
99434.23,3.743678
99470.23,3.740407
99506.23,3.737134
99542.24,3.733898
99560.24,3.732319
99578.24,3.730792
99596.24,3.729354
99614.24,3.728061
99632.24,3.727011
99650.24,3.726379
99659.25,3.726311
99668.25,3.726488
99677.25,3.726998
99686.25,3.727975
99695.25,3.729612
99704.25,3.732212
99713.25,3.736249
99722.25,3.74251
99726.75,3.746865
99731.25,3.752359
99735.75,3.759343
99740.25,3.768314
99744.75,3.779981
99749.25,3.79539
99753.75,3.816124
99758.25,3.84467
99762.75,3.885085
99765.0,3.911748
99767.25,3.944341
99769.5,3.984647
99771.75,4.035148
99774.0,4.099376
99776.25,4.182471
99778.5,4.292119
99779.63,4.360698
99780.75,4.440151
99781.88,4.534501
99783.0,4.645372
99784.13,4.779051
99785.25,4.938722
99786.38,5.134609
99787.5,5.372878
99788.63,5.670729
99789.19,5.844838
99789.75,6.039842
99790.32,6.262819
99790.88,6.509314
99791.44,6.786739
99792.0,7.099179
99792.57,7.45767
99793.13,7.85417
99793.69,8.298849
99794.25,8.795184
99794.97,9.511954
99795.69,10.31357
99796.41,11.18303
99797.13,12.08284
99797.85,12.94996
99798.21,13.34473
99798.57,13.69743
99798.93,13.99574
99799.29,14.2284
99799.65,14.38612
99800.0,14.46162
99800.36,14.45653
99800.72,14.36863
99801.08,14.20276
99801.44,13.96689
99801.8,13.67132
99802.16,13.3277
99802.88,12.54382
99804.32,10.86979
99805.04,10.08755
99805.75,9.386421
99806.51,8.720931
99807.27,8.14151
99808.03,7.641019
99808.79,7.210218
99809.55,6.839612
99810.31,6.520353
99811.07,6.244609
99811.83,6.005639
99812.59,5.797744
99813.35,5.616143
99814.11,5.456848
99814.87,5.316533
99816.39,5.082233
99817.9,4.897199
99819.42,4.746965
99820.94,4.624259
99822.46,4.522818
99823.97,4.43854
99825.49,4.366886
99827.01,4.305847
99830.04,4.208335
99833.08,4.134077
99836.11,4.076514
99839.15,4.030655
99842.18,3.993706
99845.22,3.96327
99848.25,3.938024
99851.29,3.916692
99854.32,3.898592
99860.39,3.8695
99866.46,3.84732
99872.53,3.829941
99878.6,3.816009
99884.67,3.80462
99890.74,3.795153
99896.81,3.787167
99902.88,3.780342
99915.02,3.769288
99927.16,3.760704
99939.3,3.753819
99951.44,3.748147
99963.58,3.743363
99975.72,3.739252
100000.0,3.732469
100020.4,3.727808
100040.7,3.723815
100061.0,3.720293
100081.3,3.717126
100121.9,3.711547
100162.5,3.706664
100203.2,3.702234
100243.8,3.698142
100325.0,3.690622
100406.3,3.683686
100487.5,3.677156
100568.8,3.670913
100650.0,3.664916
100731.3,3.659113
100812.5,3.653503
100893.8,3.648059
100975.0,3.642791
101056.3,3.637686
101137.5,3.632761
101300.0,3.623447
101462.5,3.614928
101625.0,3.607316
101787.5,3.60076
101950.0,3.595455
102112.5,3.591647
102275.0,3.589651
102437.5,3.589872
102600.0,3.592825
102681.3,3.59553
102762.5,3.59918
102843.8,3.6039
102925.0,3.609813
103006.3,3.617084
103087.5,3.625876
103168.8,3.636413
103250.0,3.648908
103331.3,3.663672
103412.5,3.68099
103493.8,3.701289
103575.0,3.724967
103656.3,3.752614
103737.5,3.784796
103818.8,3.822343
103900.0,3.866067
103981.3,3.917162
104062.5,3.976816
104103.2,4.010446
104143.8,4.046775
104184.4,4.086135
104225.0,4.12881
104265.7,4.17523
104306.3,4.225514
104346.9,4.280159
104387.5,4.339589
104428.2,4.404449
104468.8,4.47495
104509.4,4.551835
104550.0,4.635764
104590.7,4.727704
104631.3,4.828022
104671.9,4.937846
104712.5,5.058189
104753.2,5.190516
104793.8,5.33543
104834.4,5.494622
104875.0,5.66961
104915.7,5.862558
104956.3,6.074332
104996.9,6.30733
105037.5,6.563622
105078.2,6.84609
105118.8,7.155542
105159.4,7.494779
105200.0,7.865777
105237.5,8.238086
105275.0,8.639765
105312.5,9.071086
105350.0,9.531481
105387.5,10.01927
105425.0,10.53137
105500.0,11.60727
105537.5,12.15534
105575.0,12.69608
105612.5,13.21647
105650.0,13.70211
105687.5,14.13799
105725.0,14.50968
105762.5,14.80446
105800.0,15.0126
105837.5,15.12826
105875.0,15.15003
105912.5,15.0809
105950.0,14.92782
105987.5,14.70076
106025.0,14.41165
106062.5,14.0733
106100.0,13.69835
106175.0,12.88469
106250.0,12.04777
106287.5,11.63767
106325.0,11.23926
106362.5,10.8555
106400.0,10.48841
106450.6,10.02142
106501.2,9.587924
106551.8,9.1876
106602.4,8.8192
106653.0,8.480926
106703.6,8.170692
106754.2,7.886304
106804.7,7.62607
106855.3,7.38686
106905.9,7.167233
106956.5,6.965359
107007.1,6.779555
107057.7,6.608298
107108.3,6.450204
107158.9,6.30403
107209.4,6.168915
107260.0,6.04332
107310.6,5.926623
107361.2,5.818017
107411.8,5.716776
107462.4,5.622253
107513.0,5.533862
107563.6,5.45108
107614.1,5.373584
107664.7,5.300643
107715.3,5.232032
107765.9,5.167404
107816.4,5.106565
107867.0,5.04899
107917.6,4.994545
107968.2,4.942997
108018.7,4.894229
108119.9,4.803792
108221.1,4.721985
108322.3,4.647674
108423.4,4.579971
108524.6,4.517937
108625.8,4.460957
108727.0,4.408446
108828.1,4.359948
108929.3,4.314935
109030.5,4.273083
109131.7,4.234068
109232.8,4.197639
109334.0,4.163477
109435.1,4.131432
109536.3,4.101247
109637.4,4.072815
109839.8,4.020475
110042.1,3.973446
110244.5,3.930864
110446.8,3.892114
110649.2,3.856618
110851.5,3.82397
111053.8,3.793784
111256.1,3.765755
111458.5,3.739611
111660.8,3.71516
111863.2,3.692192
112065.5,3.67057
112470.2,3.630789
112874.8,3.594928
113279.5,3.562291
113684.2,3.532354
114088.9,3.504703
114493.5,3.479014
114898.2,3.455005
115302.9,3.432465
115707.6,3.411215
116112.2,3.391109
116921.6,3.353824
117730.9,3.319829
118540.3,3.288533
119349.6,3.259508
120159.0,3.232408
120968.3,3.206977
121777.7,3.182996
122587.0,3.160299
123396.4,3.13874
124205.7,3.118207
125015.1,3.098595
125824.4,3.079825
127443.1,3.044517
129061.8,3.011809
130680.5,2.981334
132299.2,2.952801
133917.9,2.925973
135536.6,2.900658
137155.3,2.876693
138774.0,2.85394
140392.7,2.832282
142011.4,2.811619
143630.1,2.791862
145248.8,2.772932
146867.5,2.754761
148486.2,2.73729
150104.9,2.720462
151723.6,2.70423
153342.3,2.68855
154961.0,2.673381
156579.7,2.658689
158198.3,2.644439
159817.0,2.630603
161435.7,2.617151
164673.1,2.591307
167910.5,2.566729
171147.9,2.543266
174385.3,2.52079
177622.7,2.499193
179241.4,2.488696
180860.1,2.478384
182478.8,2.468252
184097.5,2.458291
185716.2,2.448493
187334.9,2.438853
188953.6,2.429368
190572.3,2.420034
192191.0,2.410848
193809.7,2.401813
195428.4,2.392927
197047.1,2.384195
198523.6,2.37637
200000.0,2.368683
201249.6,2.36229
202499.2,2.356008
203748.8,2.349844
204998.3,2.343803
206247.9,2.337891
207497.5,2.332105
208122.3,2.329246
208434.7,2.327817
208747.1,2.326379
208903.3,2.32565
209059.5,2.324912
209215.7,2.324155
209293.8,2.323765
209371.9,2.323365
209450.0,2.322952
209528.1,2.322518
209567.2,2.322291
209606.2,2.322057
209645.3,2.321811
209684.3,2.321555
209723.4,2.321286
209742.9,2.321146
209762.4,2.321005
209782.0,2.32086
209801.5,2.320717
209821.0,2.320581
209840.5,2.320461
209850.3,2.320412
209860.1,2.320377
209869.9,2.320361
209879.6,2.320375
209889.4,2.320432
209899.1,2.320557
209908.9,2.320789
209918.6,2.321192
209923.5,2.321494
209928.4,2.321894
209933.3,2.322422
209938.1,2.323111
209943.0,2.324059
209947.9,2.325361
209952.8,2.327185
209957.6,2.329741
209960.1,2.331511
209962.5,2.3336
209965.0,2.336305
209967.4,2.339573
209969.9,2.343923
209972.3,2.34935
209974.7,2.356502
209977.1,2.366147
209979.6,2.380182
209980.8,2.388997
209982.0,2.399655
209983.3,2.413897
209984.5,2.430319
209985.7,2.450952
209986.9,2.477287
209988.2,2.51482
209989.4,2.561373
209990.6,2.624757
209991.2,2.665227
209991.8,2.713426
209992.4,2.771269
209993.0,2.841235
209993.6,2.926524
209994.2,3.03126
209994.8,3.160676
209995.4,3.321212
209996.0,3.520267
209996.64,3.783197
209997.5,4.225227
209998.3,4.701536
209999.2,5.184252
209999.6,5.320151
210000.0,5.378982
210000.5,5.333055
210000.9,5.209407
210001.7,4.812973
210002.5,4.357775
210003.37,3.917096
210004.0,3.656665
210004.6,3.453149
210005.2,3.286959
210005.8,3.151433
210006.4,3.040556
210007.0,2.949328
210007.6,2.873739
210008.2,2.810637
210008.9,2.74954
210009.5,2.705746
210010.7,2.636118
210011.9,2.583943
210013.1,2.543922
210014.4,2.510292
210015.6,2.485767
210016.8,2.465882
210018.0,2.449536
210019.3,2.434905
210020.5,2.42362
210022.9,2.405796
210025.4,2.392009
210027.8,2.381903
210030.3,2.373664
210032.7,2.367351
210035.2,2.362008
210037.6,2.35778
210040.0,2.354234
210042.4,2.351229
210047.3,2.346348
210052.2,2.342671
210057.1,2.339823
210061.9,2.337603
210066.8,2.335764
210071.7,2.33425
210076.6,2.332986
210081.4,2.331937
210091.2,2.330224
210101.0,2.328922
210110.8,2.327901
210120.5,2.327088
210130.3,2.326411
210140.0,2.325851
210149.8,2.325369
210159.5,2.324958
210179.1,2.324275
210198.6,2.323737
210218.1,2.323296
210237.6,2.322924
210257.2,2.322603
210276.7,2.322323
210315.7,2.321847
210354.8,2.321449
210393.8,2.321106
210432.9,2.320798
210471.9,2.320518
210550.0,2.320013
210628.1,2.319558
210706.2,2.319136
210784.3,2.318736
210940.5,2.317981
211096.7,2.317264
211252.9,2.316574
211565.3,2.315239
211877.7,2.313947
212502.5,2.311454
213127.3,2.309055
213752.1,2.306741
214376.9,2.304511
215001.6,2.302366
216251.2,2.298351
217500.8,2.294739
218750.4,2.291588
219999.9,2.288965
220000.1,4.341566
230000.1,4.321393
240000.1,4.302167
250000.1,4.283807
260000.1,4.266242
280000.1,4.23325
300000.0,4.202767
312500.0,4.184365
325000.0,4.166761
350000.0,4.133701
375000.0,4.10316
400000.0,4.074797
425000.0,4.04527
450000.0,4.017628
475000.0,3.991656
500000.0,3.967172
525000.0,3.940616
550000.0,3.915462
600000.0,3.868845
608720.0,3.860571
610146.3,3.859129
611572.5,3.85769
614425.0,3.854826
620130.0,3.849149
625835.0,3.843538
631540.0,3.837991
642950.0,3.827088
654360.0,3.81643
665770.0,3.806007
677180.0,3.795809
688590.0,3.785828
700000.0,3.776058
725000.0,3.752401
750000.0,3.729769
775000.0,3.708089
800000.0,3.687289
825000.0,3.664715
850000.0,3.64301
900000.0,3.601978
950000.0,3.559729
1000000.0,3.520279
1014150.0,3.508969
1014152.0,3.508966
1017948.0,3.505237
1021744.0,3.501529
1029335.0,3.494181
1036927.0,3.486917
1044518.0,3.479739
1059701.0,3.46563
1074883.0,3.451841
1090066.0,3.438362
1105248.0,3.425181
1135613.0,3.399673
1165979.0,3.37524
1196344.0,3.351814
1226710.0,3.32933
1257075.0,3.30773
1287441.0,3.286961
1317807.0,3.266974
1378538.0,3.229172
1439269.0,3.193999
1500000.0,3.161185
1588435.0,3.104982
1676870.0,3.053323
1681919.0,3.049991
1686968.0,3.046682
1697066.0,3.040133
1717262.0,3.027305
1737458.0,3.014824
1757653.0,3.00268
1777849.0,2.99086
1798044.0,2.979353
1838435.0,2.95724
1878827.0,2.936262
1919218.0,2.916347
1959609.0,2.89743
2000000.0,2.879449
2044010.0,2.857906
2044015.0,2.857901
2051140.0,2.854033
2058265.0,2.850195
2072514.0,2.842611
2086763.0,2.835147
2101012.0,2.8278
2129510.0,2.813447
2158008.0,2.799535
2186508.0,2.786046
2215007.0,2.772965
2272005.0,2.747961
2329004.0,2.724409
2386003.0,2.702206
2443002.0,2.681254
2500000.0,2.661469
2583650.0,2.629876
2667300.0,2.600215
2672954.0,2.598203
2678608.0,2.5962
2689915.0,2.592217
2712530.0,2.584348
2735145.0,2.576604
2757760.0,2.568983
2802990.0,2.554098
2848220.0,2.539673
2856465.0,2.537011
2864710.0,2.534369
2881200.0,2.52915
2914180.0,2.51896
2924908.0,2.515609
2935635.0,2.512291
2957090.0,2.505748
2978545.0,2.499329
3000000.0,2.493032
3044070.0,2.479643
3088140.0,2.466696
3132210.0,2.454169
3176280.0,2.442047
3257210.0,2.420345
3269390.0,2.417189
3338140.0,2.39989
3419070.0,2.380592
3500000.0,2.362375
3542670.0,2.352661
3551510.0,2.35066
3565526.0,2.347351
3579541.0,2.344076
3607572.0,2.337627
3635603.0,2.331311
3663633.0,2.325124
3719694.0,2.313127
3775755.0,2.301612
3831817.0,2.290558
3887878.0,2.279942
4000000.0,2.259953
4065560.0,2.248202
4073740.0,2.24675
4081920.0,2.245308
4098280.0,2.242447
4131000.0,2.236825
4142560.0,2.234839
4154120.0,2.232872
4177240.0,2.228988
4223480.0,2.221425
4237617.0,2.219021
4251753.0,2.216643
4280025.0,2.211967
4308298.0,2.207392
4336570.0,2.202919
4393115.0,2.194265
4449660.0,2.185987
4462245.0,2.184105
4474830.0,2.182239
4500000.0,2.178556
4535390.0,2.173426
4546835.0,2.171724
4558279.0,2.170034
4581167.0,2.166689
4626943.0,2.160141
4672719.0,2.153775
4718495.0,2.147585
4810048.0,2.135717
4901600.0,2.124497
4912620.0,2.123131
4923543.0,2.121775
4934465.0,2.120427
4956310.0,2.117759
5000000.0,2.112526
5053635.0,2.105956
5107270.0,2.099677
5214540.0,2.087963
5232382.0,2.085891
5250223.0,2.083848
5285905.0,2.079851
5321588.0,2.075968
5357270.0,2.072199
5428635.0,2.064989
5500000.0,2.058206
5625000.0,2.045288
5750000.0,2.033497
5875000.0,2.02277
6000000.0,2.01305
6250000.0,1.99362
6500000.0,1.97531
6750000.0,1.959245
7000000.0,1.94396
7500000.0,1.91784
7627870.0,1.912186
8000000.0,1.89639
8322960.0,1.88474
8344118.0,1.883994
8365275.0,1.883257
8407590.0,1.881811
8492220.0,1.879029
8576850.0,1.87639
8661480.0,1.873892
8830740.0,1.869301
9000000.0,1.86523
9051720.0,1.863661
9125000.0,1.861559
9250000.0,1.858288
9375000.0,1.855404
9500000.0,1.852895
9625000.0,1.850748
9750000.0,1.848952
9875000.0,1.847496
10000000.0,1.84637
10071080.0,1.845021
10142150.0,1.843757
10213230.0,1.842578
10284300.0,1.841484
10373770.0,1.840317
10463230.0,1.839276
10552690.0,1.83836
10642150.0,1.837566
10731620.0,1.836892
10775700.0,1.836604
10821080.0,1.836336
10910540.0,1.835896
11000000.0,1.83557
11125000.0,1.834208
11250000.0,1.833025
11375000.0,1.832017
11500000.0,1.831179
11625000.0,1.830507
11750000.0,1.83
11875000.0,1.829652
12000000.0,1.82946
12137750.0,1.828376
12275500.0,1.827458
12413250.0,1.826704
12551000.0,1.826109
12663250.0,1.82584
12775500.0,1.825671
12887750.0,1.825602
13000000.0,1.82563
13042400.0,1.825417
13125000.0,1.82503
13250000.0,1.824511
13375000.0,1.82407
13500000.0,1.823706
13625000.0,1.823417
13750000.0,1.823202
13875000.0,1.82306
14000000.0,1.82299
14125000.0,1.822559
14250000.0,1.822176
14375000.0,1.821841
14500000.0,1.821554
14625000.0,1.821313
14750000.0,1.821117
14875000.0,1.820967
15000000.0,1.82086
15125000.0,1.820567
15250000.0,1.820305
15500000.0,1.819869
15750000.0,1.819549
16000000.0,1.81934
16250000.0,1.819035
16500000.0,1.81881
16750000.0,1.818663
17000000.0,1.81859
17125000.0,1.818507
17250000.0,1.818444
17500000.0,1.818375
17750000.0,1.818381
18000000.0,1.81846
18250000.0,1.818526
18500000.0,1.818621
18750000.0,1.818742
19000000.0,1.81889
19250000.0,1.81906
19500000.0,1.819252
19750000.0,1.819466
20000000.0,1.8197
