1e-05,4.757212
1.03125e-05,4.727792
1.0625e-05,4.69968
1.09375e-05,4.672781
1.125e-05,4.647011
1.15625e-05,4.622293
1.1875e-05,4.598557
1.21875e-05,4.57574
1.25e-05,4.553785
1.28125e-05,4.532637
1.3125e-05,4.512249
1.34375e-05,4.492577
1.375e-05,4.473579
1.4375e-05,4.437459
1.5e-05,4.40362
1.5625e-05,4.371833
1.625e-05,4.341898
1.6875e-05,4.313641
1.75e-05,4.286913
1.8125e-05,4.261579
1.875e-05,4.237522
1.9375e-05,4.214639
2e-05,4.192837
2.09375e-05,4.161984
2.1875e-05,4.133135
2.28125e-05,4.106084
2.375e-05,4.080651
2.46875e-05,4.056681
2.5625e-05,4.034038
2.65625e-05,4.012605
2.75e-05,3.992278
2.84375e-05,3.972964
2.9375e-05,3.954583
3.03125e-05,3.93706
3.125e-05,3.920333
3.21875e-05,3.904341
3.3125e-05,3.889034
3.40625e-05,3.874363
3.5e-05,3.860285
3.59375e-05,3.846762
3.6875e-05,3.833758
3.78125e-05,3.82124
3.875e-05,3.80918
3.96875e-05,3.797549
4.0625e-05,3.786324
4.25e-05,3.764998
4.4375e-05,3.745038
4.625e-05,3.726304
4.8125e-05,3.708676
5e-05,3.69205
5.15625e-05,3.678893
5.3125e-05,3.666321
5.46875e-05,3.654291
5.625e-05,3.642766
5.78125e-05,3.631712
5.9375e-05,3.621097
6.09375e-05,3.610893
6.25e-05,3.601074
6.40625e-05,3.591617
6.5625e-05,3.582499
6.71875e-05,3.573701
6.875e-05,3.565205
7.1875e-05,3.549052
7.5e-05,3.533919
7.8125e-05,3.519703
8.125e-05,3.506315
8.4375e-05,3.493679
8.75e-05,3.481725
9.0625e-05,3.470396
9.375e-05,3.459637
9.6875e-05,3.449404
0.0001,3.439654
0.000103125,3.43035
0.00010625,3.42146
0.000109375,3.412954
0.0001125,3.404805
0.000115625,3.396988
0.00011875,3.389482
0.000121875,3.382267
0.000125,3.375324
0.000128125,3.368636
0.00013125,3.362189
0.000134375,3.355968
0.0001375,3.349961
0.00014375,3.338538
0.00015,3.327838
0.00015625,3.317786
0.0001625,3.308319
0.00016875,3.299384
0.000175,3.290932
0.00018125,3.28292
0.0001875,3.275313
0.00019375,3.268077
0.0002,3.261182
0.000209375,3.251426
0.00021875,3.242303
0.000228125,3.233749
0.0002375,3.225706
0.000246875,3.218126
0.00025625,3.210966
0.000265625,3.204188
0.000275,3.19776
0.000284375,3.191652
0.00029375,3.18584
0.000303125,3.180299
0.0003125,3.175009
0.000321875,3.169952
0.00033125,3.165111
0.000340625,3.160472
0.00035,3.15602
0.000359375,3.151744
0.00036875,3.147632
0.000378125,3.143673
0.0003875,3.139859
0.000396875,3.136181
0.00040625,3.132632
0.000425,3.125888
0.00044375,3.119576
0.0004625,3.113652
0.00048125,3.108077
0.0005,3.10282
0.000515625,3.098659
0.00053125,3.094683
0.000546875,3.090879
0.0005625,3.087235
0.000578125,3.083739
0.00059375,3.080382
0.000609375,3.077155
0.000625,3.07405
0.000640625,3.07106
0.00065625,3.068176
0.000671875,3.065394
0.0006875,3.062708
0.00071875,3.057599
0.00075,3.052814
0.00078125,3.048319
0.0008125,3.044085
0.00084375,3.040089
0.000875,3.036309
0.00090625,3.032726
0.0009375,3.029324
0.00096875,3.026088
0.001,3.023005
0.00103125,3.020063
0.0010625,3.017252
0.00109375,3.014562
0.001125,3.011985
0.00115625,3.009513
0.0011875,3.007139
0.00121875,3.004858
0.00125,3.002662
0.00128125,3.000547
0.0013125,2.998508
0.00134375,2.996541
0.001375,2.994641
0.0014375,2.991029
0.0015,2.987646
0.0015625,2.984467
0.001625,2.981473
0.0016875,2.978648
0.00175,2.975975
0.0018125,2.973441
0.001875,2.971036
0.0019375,2.968747
0.002,2.966567
0.00209375,2.963482
0.0021875,2.960597
0.00228125,2.957892
0.002375,2.955349
0.00246875,2.952952
0.0025625,2.950687
0.00265625,2.948544
0.00275,2.946511
0.00284375,2.94458
0.0029375,2.942742
0.00303125,2.94099
0.003125,2.939317
0.00321875,2.937718
0.0033125,2.936187
0.00340625,2.93472
0.0035,2.933312
0.00359375,2.93196
0.0036875,2.930659
0.00378125,2.929408
0.003875,2.928201
0.00396875,2.927038
0.0040625,2.925916
0.00425,2.923783
0.0044375,2.921787
0.004625,2.919914
0.0048125,2.918151
0.005,2.916488
0.00515625,2.915173
0.0053125,2.913916
0.00546875,2.912713
0.005625,2.91156
0.00578125,2.910455
0.0059375,2.909393
0.00609375,2.908373
0.00625,2.907391
0.00640625,2.906445
0.0065625,2.905533
0.00671875,2.904654
0.006875,2.903804
0.0071875,2.902189
0.0075,2.900675
0.0078125,2.899254
0.008125,2.897915
0.0084375,2.896651
0.00875,2.895456
0.0090625,2.894323
0.009375,2.893247
0.0096875,2.892224
0.01,2.891249
0.0103125,2.890318
0.010625,2.889429
0.0109375,2.888579
0.01125,2.887764
0.0115625,2.886982
0.011875,2.886232
0.0121875,2.88551
0.0125,2.884816
0.0128125,2.884147
0.013125,2.883502
0.0134375,2.88288
0.01375,2.88228
0.014375,2.881137
0.015,2.880067
0.015625,2.879062
0.01625,2.878115
0.016875,2.877222
0.0175,2.876377
0.018125,2.875575
0.01875,2.874815
0.019375,2.874091
0.02,2.873402
0.0206625,2.872705
0.021325,2.872042
0.0219875,2.871408
0.02265,2.870803
0.0233125,2.870223
0.023975,2.869668
0.0246375,2.869135
0.0253,2.868624
0.02607188,2.868052
0.02684375,2.867506
0.02761563,2.866982
0.0283875,2.866481
0.02915938,2.865999
0.02993125,2.865536
0.03070313,2.86509
0.031475,2.864661
0.03224688,2.864247
0.03301875,2.863848
0.0345625,2.863091
0.03610625,2.862383
0.03765,2.861718
0.03919375,2.861094
0.0407375,2.860505
0.04228125,2.859949
0.043825,2.859422
0.04536875,2.858922
0.0469125,2.858448
0.04845625,2.857995
0.05,2.857564
0.0515625,2.857148
0.053125,2.856751
0.0546875,2.85637
0.05625,2.856006
0.0578125,2.855656
0.059375,2.855321
0.0609375,2.854998
0.0625,2.854687
0.0640625,2.854388
0.065625,2.8541
0.0671875,2.853822
0.06875,2.853553
0.071875,2.853042
0.075,2.852564
0.078125,2.852114
0.08125,2.851691
0.084375,2.851291
0.0875,2.850913
0.090625,2.850555
0.09375,2.850215
0.096875,2.849891
0.1,2.849583
0.103125,2.849289
0.10625,2.849008
0.109375,2.848739
0.1125,2.848481
0.115625,2.848234
0.11875,2.847996
0.121875,2.847768
0.125,2.847549
0.128125,2.847336
0.13125,2.847132
0.134375,2.846936
0.1375,2.846746
0.14375,2.846384
0.15,2.846046
0.15625,2.845728
0.1625,2.845429
0.16875,2.845146
0.175,2.844879
0.18125,2.844626
0.1875,2.844385
0.19375,2.844156
0.2,2.843938
0.209375,2.843629
0.21875,2.84334
0.228125,2.84307
0.2375,2.842815
0.246875,2.842576
0.25625,2.842349
0.265625,2.842135
0.275,2.841931
0.284375,2.841737
0.29375,2.841554
0.303125,2.841378
0.3125,2.841211
0.321875,2.841051
0.33125,2.840898
0.340625,2.840751
0.35,2.840611
0.359375,2.840475
0.36875,2.840344
0.378125,2.840219
0.3875,2.840098
0.40625,2.83987
0.425,2.839657
0.44375,2.839456
0.4625,2.839269
0.48125,2.839092
0.5,2.838926
0.53125,2.838668
0.5625,2.838432
0.59375,2.838216
0.625,2.838014
0.65625,2.837829
0.6875,2.837655
0.71875,2.837493
0.75,2.837342
0.78125,2.837199
0.8125,2.837065
0.84375,2.836937
0.875,2.836818
0.9375,2.836596
1.0,2.836395
1.0625,2.836213
1.125,2.836046
1.1875,2.835891
1.25,2.835749
1.3125,2.835616
1.375,2.835494
1.4375,2.835379
1.5,2.835271
1.5625,2.835169
1.625,2.835074
1.6875,2.834984
1.75,2.834899
1.875,2.834741
2.0,2.834598
2.09375,2.834499
2.1875,2.834406
2.28125,2.83432
2.375,2.834239
2.46875,2.834162
2.5625,2.834088
2.65625,2.834019
2.75,2.833954
2.9375,2.833833
3.125,2.833721
3.3125,2.83362
3.5,2.833527
3.6875,2.833441
3.875,2.833361
4.0625,2.833286
4.25,2.833216
4.4375,2.83315
4.625,2.833089
4.8125,2.833031
5.0,2.832975
5.3125,2.83289
5.625,2.832812
5.9375,2.832739
6.25,2.832672
6.5625,2.832609
6.875,2.83255
7.1875,2.832495
7.5,2.832443
7.8125,2.832394
8.125,2.832348
8.4375,2.832304
8.75,2.832262
9.375,2.832184
10.0,2.832113
10.625,2.832048
11.25,2.831987
11.875,2.83193
12.5,2.831878
13.125,2.831829
13.75,2.831782
14.375,2.831738
15.0,2.831696
15.625,2.831656
16.25,2.831619
16.875,2.831582
17.5,2.831548
18.75,2.831482
20.0,2.831421
20.9375,2.831378
21.875,2.831338
22.8125,2.831299
23.75,2.831261
24.6875,2.831225
25.625,2.83119
26.5625,2.831157
27.5,2.831125
29.375,2.831063
31.25,2.831005
33.125,2.830949
35.0,2.830896
36.875,2.830847
38.75,2.830798
40.625,2.830751
42.5,2.830706
44.375,2.830662
46.25,2.830619
48.125,2.830578
50.0,2.830537
53.125,2.830471
56.25,2.830408
59.375,2.830347
62.5,2.830287
65.625,2.830228
68.75,2.830171
71.875,2.830116
75.0,2.83006
78.125,2.830006
81.25,2.829953
84.375,2.829901
87.5,2.829849
93.75,2.829747
100.0,2.829648
106.25,2.829549
112.5,2.829454
118.75,2.829359
125.0,2.829265
131.25,2.829173
137.5,2.829082
143.75,2.82899
150.0,2.8289
156.25,2.828811
162.5,2.828722
168.75,2.828634
175.0,2.828546
187.5,2.828372
200.0,2.828199
209.375,2.828071
218.75,2.827943
228.125,2.827817
237.5,2.827689
246.875,2.827564
256.25,2.827437
265.625,2.827313
275.0,2.827188
293.75,2.826939
312.5,2.826692
331.25,2.826446
350.0,2.826201
368.75,2.825957
387.5,2.825713
406.25,2.825471
425.0,2.825229
443.75,2.824988
462.5,2.824747
481.25,2.824507
500.0,2.824268
531.25,2.823869
562.5,2.823472
593.75,2.823076
625.0,2.822681
656.25,2.822287
687.5,2.821895
718.75,2.821502
750.0,2.82111
781.25,2.820721
812.5,2.82033
843.75,2.819942
875.0,2.819554
937.5,2.81878
1000.0,2.818009
1062.5,2.81724
1125.0,2.816474
1187.5,2.81571
1250.0,2.814949
1312.5,2.81419
1375.0,2.813434
1437.5,2.81268
1500.0,2.811928
1562.5,2.811178
1625.0,2.810431
1687.5,2.809685
1750.0,2.808942
1875.0,2.807462
2000.0,2.80599
2093.75,2.804892
2187.5,2.803798
2281.25,2.802709
2375.0,2.801623
2468.75,2.800544
2562.5,2.799467
2656.25,2.798395
2750.0,2.797328
2937.5,2.795206
3125.0,2.7931
3312.5,2.791011
3500.0,2.788938
3687.5,2.786882
3875.0,2.784842
4062.5,2.782817
4250.0,2.780807
4437.5,2.778812
4625.0,2.776833
4812.5,2.774869
5000.0,2.772919
5312.5,2.769703
5625.0,2.766525
5937.5,2.763386
6250.0,2.760285
6562.5,2.757222
6875.0,2.754195
7187.5,2.751204
7500.0,2.748248
7812.5,2.745327
8125.0,2.742439
8437.5,2.739586
8750.0,2.736765
9375.0,2.731218
10000.0,2.725795
10625.0,2.720492
11250.0,2.715304
11875.0,2.710228
12500.0,2.70526
13125.0,2.700397
13750.0,2.695635
14375.0,2.690969
15000.0,2.6864
15625.0,2.681921
16250.0,2.677532
16875.0,2.673228
17500.0,2.669008
18125.0,2.664869
18750.0,2.660809
20000.0,2.652915
20937.5,2.647185
21875.0,2.641609
22812.5,2.636182
23750.0,2.630898
24687.5,2.625752
25625.0,2.620737
26562.5,2.615848
27500.0,2.611082
28437.5,2.606432
29375.0,2.601896
30312.5,2.597467
31250.0,2.593145
33125.0,2.5848
35000.0,2.576833
36875.0,2.56922
38750.0,2.561938
40625.0,2.554969
42500.0,2.548292
44375.0,2.541893
46250.0,2.535754
48125.0,2.529865
50000.0,2.524212
52337.39,2.517478
54674.78,2.511072
57012.17,2.504979
59349.56,2.499183
61686.95,2.493669
64024.34,2.488428
65193.04,2.485906
65777.39,2.48467
66361.73,2.483451
66946.08,2.482251
67530.42,2.481072
67822.6,2.480497
67968.69,2.480214
68114.77,2.479939
68187.82,2.479804
68260.86,2.479676
68297.38,2.479613
68333.9,2.479553
68370.42,2.479497
68406.94,2.479445
68443.47,2.479399
68461.73,2.47938
68479.99,2.479363
68498.25,2.47935
68516.51,2.479343
68534.77,2.479342
68553.03,2.479352
68562.16,2.479363
68571.29,2.479377
68580.42,2.479398
68589.55,2.479426
68598.68,2.479463
68607.81,2.479514
68616.94,2.479582
68626.07,2.479677
68630.64,2.479737
68635.2,2.47981
68639.77,2.479899
68644.33,2.480008
68648.9,2.480142
68653.46,2.480313
68658.03,2.480534
68662.59,2.48083
68664.88,2.481017
68667.16,2.481239
68669.44,2.481505
68671.72,2.48183
68674.01,2.482236
68676.29,2.482749
68678.57,2.483413
68680.85,2.484303
68682.0,2.484872
68683.14,2.485544
68684.28,2.486354
68685.42,2.487346
68686.56,2.488578
68687.7,2.490143
68688.84,2.492175
68689.98,2.494889
68690.56,2.496639
68691.13,2.498683
68691.7,2.501139
68692.27,2.504129
68692.84,2.507821
68693.41,2.512462
68693.98,2.518415
68694.55,2.526233
68695.12,2.536801
68695.41,2.54367
68695.69,2.551589
68695.98,2.561499
68696.26,2.573199
68696.55,2.588242
68696.83,2.606557
68697.12,2.630934
68697.4,2.661816
68697.69,2.704837
68697.83,2.731154
68697.97,2.762217
68698.12,2.802059
68698.26,2.846917
68698.4,2.901109
68698.54,2.967044
68698.69,3.054159
68698.83,3.154726
68698.97,3.278074
68699.115,3.433807
68699.31,3.689777
68699.51,3.98634
68699.71,4.239901
68699.81,4.311364
68699.9,4.328652
68700.0,4.291745
68700.1,4.201893
68700.29,3.939264
68700.49,3.633023
68700.686,3.373535
68700.8,3.249301
68700.92,3.138816
68701.04,3.046635
68701.16,2.969915
68701.28,2.905985
68701.4,2.852535
68701.64,2.769716
68701.88,2.709997
68702.12,2.665943
68702.36,2.632732
68702.6,2.607196
68702.84,2.587209
68703.08,2.571315
68703.32,2.558494
68703.56,2.548021
68703.8,2.539367
68704.04,2.532146
68704.51,2.521093
68704.99,2.512808
68705.47,2.506585
68705.95,2.501804
68706.42,2.49813
68706.9,2.495136
68707.38,2.492719
68707.86,2.490743
68708.33,2.489142
68709.29,2.486621
68710.24,2.484824
68711.2,2.483479
68712.15,2.48247
68713.11,2.481684
68714.06,2.481073
68715.02,2.480581
68715.97,2.480189
68717.88,2.479605
68719.79,2.479204
68721.7,2.478922
68723.61,2.478719
68725.52,2.47857
68727.43,2.478458
68729.34,2.478375
68731.25,2.478312
68735.08,2.478227
68738.9,2.478176
68742.72,2.478147
68746.54,2.478131
68750.36,2.478122
68754.18,2.478118
68758.0,2.478118
68761.82,2.478118
68769.47,2.478124
68777.11,2.478131
68784.75,2.478137
68792.39,2.478142
68800.03,2.478146
68807.67,2.478148
68815.31,2.478149
68822.95,2.478148
68838.24,2.478144
68853.52,2.478137
68868.8,2.478126
68884.08,2.478111
68899.37,2.478096
68914.65,2.478079
68945.21,2.478039
68975.78,2.477997
69006.35,2.477951
69036.92,2.477902
69067.48,2.477852
69128.61,2.477748
69189.74,2.477641
69250.88,2.477531
69312.01,2.47742
69434.27,2.477194
69556.53,2.476965
69678.79,2.476735
69923.32,2.476273
70167.84,2.475811
70656.89,2.47489
71635.0,2.47307
72613.1,2.471288
73591.21,2.469544
74569.31,2.46784
76525.51,2.464547
80437.93,2.458423
84350.34,2.4529
88262.76,2.44797
92175.17,2.443628
96087.59,2.439876
100000.0,2.436719
103743.1,2.434268
107486.2,2.432391
111229.3,2.431111
114972.3,2.43045
118715.4,2.430444
122458.4,2.431131
126201.5,2.432555
129944.5,2.434768
133687.6,2.437832
137430.7,2.441816
141173.8,2.446799
144916.8,2.452872
148659.9,2.460139
152402.9,2.468718
156146.0,2.478746
159889.0,2.490377
161760.6,2.496848
163632.1,2.503788
165503.7,2.511223
167375.2,2.519181
169246.8,2.527692
171118.3,2.536787
172989.8,2.546502
174861.3,2.556873
176732.9,2.56794
178604.4,2.579744
180475.9,2.592331
182347.4,2.60575
184219.0,2.620053
186090.5,2.635296
187962.0,2.651538
189833.5,2.668845
190769.3,2.67792
191705.1,2.687288
192640.9,2.696957
193576.6,2.706936
194512.4,2.71724
195448.2,2.727875
196384.0,2.738854
197319.7,2.750187
197989.8,2.758528
198659.9,2.767061
199330.0,2.775792
200000.0,2.784724
200600.8,2.792909
201201.5,2.801264
201802.2,2.809792
202402.9,2.818499
203003.7,2.82739
203604.4,2.836467
204205.1,2.845737
204805.8,2.855203
205273.7,2.862718
205741.6,2.87036
206209.5,2.878131
206677.4,2.886036
207145.3,2.894079
207613.2,2.902263
208081.1,2.910596
208548.9,2.919082
209016.8,2.927732
209484.7,2.936553
209952.6,2.945557
210420.4,2.954758
210888.3,2.964177
211356.2,2.973836
211824.1,2.983768
212291.9,2.994012
212525.9,2.999273
212759.8,3.004632
212993.8,3.010108
213227.7,3.015708
213461.7,3.021453
213695.6,3.027356
213929.6,3.033447
214163.5,3.039747
214397.5,3.046297
214631.4,3.053136
214865.4,3.060323
215099.3,3.067921
215333.3,3.076024
215567.2,3.084737
215684.2,3.08937
215801.1,3.094213
215918.1,3.099297
216035.0,3.104646
216152.0,3.110303
216269.0,3.116305
216386.0,3.122699
216502.9,3.129537
216619.9,3.136896
216736.9,3.144851
216853.9,3.153498
216970.8,3.162942
217087.8,3.173338
217204.8,3.18485
217321.8,3.197686
217380.3,3.204679
217438.7,3.212092
217497.2,3.219992
217555.7,3.228416
217614.2,3.237417
217672.6,3.247039
217731.1,3.257383
217789.6,3.268514
217848.1,3.280519
217906.5,3.293478
217965.0,3.307551
218023.5,3.322853
218082.0,3.339537
218140.5,3.357786
218199.0,3.37781
218257.5,3.399854
218316.0,3.424206
218374.4,3.45116
218432.9,3.481213
218462.2,3.497562
218491.4,3.514805
218520.7,3.533137
218549.9,3.552517
218579.2,3.573169
218608.4,3.595052
218637.7,3.61843
218666.9,3.643267
218696.2,3.66987
218725.4,3.698211
218754.7,3.728653
218783.9,3.76118
218813.1,3.796103
218842.3,3.833661
218871.6,3.874262
218900.8,3.917931
218930.1,3.96531
218959.3,4.016461
218988.6,4.072175
219017.8,4.13257
219047.1,4.198632
219076.3,4.270566
219105.6,4.349619
219134.8,4.436119
219164.1,4.531667
219193.3,4.636778
219222.6,4.753542
219251.8,4.882754
219281.0,5.026661
219295.6,5.104798
219310.2,5.187466
219324.9,5.275621
219339.5,5.368436
219354.1,5.466897
219368.7,5.571448
219383.4,5.683355
219398.0,5.801629
219412.6,5.927588
219427.2,6.061866
219441.9,6.206176
219456.5,6.359327
219471.1,6.523109
219485.7,6.698451
219500.3,6.886371
219514.9,7.08799
219529.5,7.304543
219544.1,7.537386
219558.8,7.789792
219573.4,8.059979
219588.0,8.351397
219602.6,8.666018
219617.3,9.008414
219631.9,9.37628
219646.5,9.774393
219661.1,10.20549
219675.8,10.67578
219690.4,11.182
219705.0,11.7304
219719.6,12.32423
219734.2,12.96671
219748.8,13.66092
219763.4,14.40952
219778.0,15.2146
219791.9,16.03462
219805.8,16.9067
219819.7,17.82913
219833.5,18.7911
219861.3,20.84082
219889.0,22.95253
219902.9,23.99404
219916.8,24.992
219930.7,25.91881
219944.5,26.73966
219958.4,27.43746
219972.3,27.97912
219986.2,28.34283
220000.0,28.51322
220013.9,28.48664
220027.8,28.26417
220041.7,27.85772
220055.5,27.2913
220069.4,26.58131
220083.3,25.75909
220097.2,24.85321
220111.0,23.89815
220138.8,21.90114
220166.5,19.93707
220180.4,18.99363
220194.3,18.08913
220208.2,17.22831
220222.0,16.41955
220239.0,15.48751
220256.0,14.62591
220273.0,13.83241
220290.0,13.10355
220307.0,12.4352
220324.0,11.82292
220341.0,11.26221
220357.9,10.75158
220374.9,10.28083
220391.9,9.849212
220408.9,9.45311
220425.9,9.089214
220442.9,8.754506
220459.9,8.446252
220476.9,8.161983
220493.8,7.900955
220510.8,7.658086
220527.8,7.43318
220544.8,7.224613
220561.8,7.030931
220578.8,6.85082
220595.8,6.683104
220612.8,6.526719
220629.7,6.381539
220646.7,6.244987
220663.7,6.117173
220680.7,5.997388
220697.6,5.885638
220714.6,5.780023
220731.6,5.6807
220748.6,5.587192
220765.5,5.499566
220782.5,5.416395
220799.5,5.337848
220816.5,5.263597
220833.5,5.193339
220850.5,5.1268
220867.5,5.063725
220901.4,4.947383
220935.4,4.841986
220969.3,4.746768
221003.3,4.659979
221037.2,4.581118
221071.2,4.508847
221105.2,4.442652
221139.2,4.381877
221173.1,4.326111
221207.1,4.27453
221241.0,4.227003
221275.0,4.182868
221308.9,4.142051
221342.9,4.104012
221376.9,4.068612
221410.9,4.035617
221444.8,4.004904
221478.8,3.976106
221512.7,3.949225
221546.7,3.923953
221580.6,3.900305
221614.6,3.878019
221648.6,3.857056
221682.6,3.837315
221716.5,3.818763
221750.5,3.801205
221784.4,3.78467
221852.3,3.754204
221920.3,3.726849
221988.2,3.702286
222056.1,3.680134
222124.0,3.660104
222192.0,3.641927
222259.9,3.625444
222327.8,3.610447
222395.7,3.596776
222463.7,3.584281
222531.6,3.572876
222599.5,3.562438
222667.4,3.552876
222735.4,3.544096
222803.3,3.536053
222871.2,3.528669
222939.1,3.521888
223007.1,3.51565
223075.0,3.509928
223142.9,3.504672
223210.8,3.499846
223278.8,3.49541
223346.7,3.491349
223482.5,3.484223
223618.4,3.478269
223754.2,3.473341
223890.1,3.469303
224025.9,3.466051
224161.8,3.463489
224297.6,3.461543
224433.5,3.460144
224569.3,3.459235
224705.2,3.458765
224841.0,3.458693
224976.9,3.45898
225112.7,3.459594
225248.6,3.460507
225384.4,3.461691
225520.3,3.463127
225656.1,3.464793
225792.0,3.466673
225927.8,3.46875
226063.7,3.471011
226199.5,3.473441
226471.2,3.478773
226742.9,3.484666
227014.6,3.491058
227286.3,3.497897
227558.0,3.505139
227829.7,3.51275
228101.4,3.520697
228373.1,3.528956
228644.8,3.537506
228916.5,3.546328
229188.3,3.55541
229460.0,3.56473
229731.7,3.574284
230003.4,3.584059
230275.1,3.594047
230546.8,3.60424
230818.5,3.614634
231090.2,3.625223
231633.6,3.646964
232177.0,3.669435
232720.4,3.692615
233263.8,3.716488
233807.2,3.741043
234350.6,3.766278
234894.0,3.792187
235437.4,3.818772
235980.8,3.846035
236524.2,3.873979
237067.6,3.902612
237611.0,3.93194
238697.9,3.992724
239784.7,4.056401
240871.5,4.123071
241958.3,4.192837
243045.1,4.265817
244131.9,4.342132
245218.7,4.421913
246305.5,4.505296
247392.4,4.59243
248479.2,4.683444
250652.8,4.877737
252826.4,5.089396
255000.0,5.319636
256406.3,5.479049
257812.5,5.647007
260625.0,6.00961
263437.5,6.408957
266250.0,6.845439
269062.5,7.317746
271875.0,7.822182
277500.0,8.896439
280312.5,9.440961
283125.0,9.966786
285937.5,10.45213
287343.8,10.67241
288750.0,10.87396
290156.3,11.05415
291562.5,11.21059
292968.8,11.34128
294375.0,11.44461
295781.3,11.51952
297187.5,11.56543
298593.8,11.58235
300000.0,11.57075
301406.3,11.53169
302812.5,11.4666
304218.8,11.37727
305625.0,11.26585
308437.5,10.98597
311250.0,10.64636
314062.5,10.26612
316875.0,9.862403
319687.5,9.449497
322500.0,9.038601
325312.5,8.637942
328125.0,8.253169
330937.5,7.887833
333750.0,7.543863
336562.5,7.221996
339375.0,6.922123
342187.5,6.643569
345000.0,6.385299
347534.8,6.168878
350069.6,5.966938
352604.4,5.778474
355139.2,5.602489
357674.0,5.438016
360208.8,5.284127
362743.6,5.139943
365278.3,5.004641
367813.1,4.877432
370347.9,4.757592
372882.7,4.644435
375417.4,4.53732
377952.2,4.435624
380487.0,4.338767
383021.8,4.246183
385556.5,4.157314
387362.0,4.095968
389167.4,4.036019
390972.9,3.977248
392778.3,3.919434
394583.8,3.862331
395486.5,3.833969
396389.2,3.805684
398194.6,3.749196
399097.3,3.72091
400000.0,3.692535
400729.4,3.669509
401458.7,3.646368
402188.1,3.623073
402917.4,3.5996
403646.8,3.575905
404376.1,3.551957
405105.5,3.527707
405834.8,3.503115
406468.5,3.481426
407102.2,3.459404
407735.9,3.437006
408369.6,3.41419
409003.3,3.390909
409637.0,3.36711
410270.7,3.342735
410904.4,3.317722
411538.1,3.292001
412171.8,3.265495
412805.5,3.238117
413122.4,3.22407
413439.2,3.209773
413756.1,3.195203
414072.9,3.180357
414389.8,3.16521
414706.6,3.149754
415023.5,3.133966
415340.3,3.117836
415657.1,3.101344
415973.9,3.084469
416290.8,3.067188
416607.6,3.049493
416924.5,3.031351
417241.3,3.012755
417558.2,2.993675
417875.0,2.974101
418191.9,2.954004
418508.7,2.933384
418825.6,2.912215
419142.4,2.890505
419459.3,2.868245
419776.1,2.84546
420093.0,2.822168
420409.8,2.798439
420726.7,2.774345
421043.5,2.750038
421360.4,2.725706
421677.2,2.70167
421994.1,2.678362
422152.5,2.667183
422310.9,2.656457
422469.4,2.646313
422627.8,2.636925
422786.2,2.628486
422944.6,2.621245
423103.1,2.615499
423261.5,2.611633
423340.7,2.610545
423419.9,2.610111
423499.1,2.610408
423578.3,2.611521
423657.6,2.613552
423736.8,2.616606
423816.0,2.620807
423895.2,2.626295
423974.4,2.633228
424053.6,2.641784
424132.8,2.652165
424212.0,2.664602
424291.3,2.679378
424370.5,2.696753
424449.7,2.717089
424528.9,2.740776
424608.1,2.768265
424687.3,2.800074
424766.5,2.836797
424845.7,2.879123
424925.0,2.927912
425004.2,2.983962
425083.4,3.048401
425162.6,3.122466
425241.8,3.207595
425321.0,3.30546
425400.2,3.417998
425479.4,3.547455
425558.6,3.696423
425598.2,3.779138
425637.8,3.86788
425677.4,3.963089
425717.0,4.065229
425756.6,4.174793
425796.2,4.292301
425835.8,4.4183
425875.4,4.553358
425915.0,4.698063
425954.6,4.853018
425994.2,5.018835
426033.8,5.19612
426073.4,5.385471
426113.0,5.58745
426168.5,5.892753
426223.9,6.224408
426279.4,6.58434
426334.8,6.97134
426390.3,7.386034
426445.7,7.82503
426501.1,8.285764
426556.5,8.763303
426612.0,9.251769
426667.4,9.740725
426722.9,10.22144
426778.3,10.68027
426833.8,11.10608
426889.2,11.48461
426944.6,11.8049
427000.0,12.05725
427055.5,12.23507
427110.9,12.33436
427166.4,12.35576
427221.8,12.30291
427277.3,12.18222
427332.7,12.00274
427388.1,11.77412
427443.5,11.50648
427554.4,10.8922
427665.3,10.22797
427720.8,9.892882
427776.2,9.562751
427831.6,9.240236
427887.0,8.927704
427936.9,8.65611
427986.8,8.394715
428036.7,8.143974
428086.5,7.904558
428136.4,7.675515
428186.2,7.457621
428236.1,7.249758
428285.9,7.052432
428335.8,6.864477
428385.7,6.685888
428435.6,6.516237
428485.4,6.355406
428535.3,6.20232
428585.1,6.057172
428635.0,5.918974
428684.8,5.787891
428734.7,5.663026
428784.6,5.544303
428834.5,5.431391
428884.3,5.324197
428934.2,5.222008
428984.0,5.124973
429033.9,5.032463
429083.7,4.944634
429183.4,4.781521
429283.1,4.634301
429382.8,4.501954
429482.5,4.383762
429582.3,4.27922
429682.0,4.188444
429781.7,4.111565
429881.4,4.049195
429981.2,4.002323
430031.1,3.985175
430080.9,3.972549
430130.8,3.96467
430180.6,3.96189
430230.5,3.96456
430280.3,3.973087
430330.2,3.987973
430380.1,4.009742
430430.0,4.03899
430479.8,4.076306
430529.7,4.122589
430579.5,4.178487
430629.4,4.245152
430679.2,4.323339
430729.1,4.414498
430778.9,4.519497
430828.8,4.640115
430878.6,4.77733
430928.5,4.933267
430978.3,5.10897
431028.2,5.306896
431078.0,5.528052
431135.7,5.81619
431193.3,6.140572
431250.9,6.504137
431308.5,6.908893
431366.2,7.356929
431423.8,7.846902
431481.4,8.378314
431539.0,8.948084
431596.7,9.551982
431654.3,10.18011
431711.9,10.82304
431769.5,11.46792
431827.2,12.10093
431884.8,12.70375
431942.4,13.2613
432000.0,13.75855
432057.7,14.18352
432115.3,14.52549
432172.9,14.78008
432230.5,14.94628
432288.2,15.02705
432345.8,15.02823
432403.4,14.95845
432461.0,14.82754
432518.7,14.64551
432576.3,14.42323
432691.5,13.89431
432749.2,13.60313
432806.8,13.30372
432922.0,12.69809
432988.8,12.3519
433055.5,12.01471
433122.2,11.68852
433188.9,11.37499
433255.6,11.07506
433322.3,10.78919
433389.0,10.51744
433455.7,10.25961
433522.5,10.01499
433589.2,9.78378
433655.9,9.565031
433722.6,9.358113
433789.3,9.16238
433856.0,8.977192
433922.7,8.801913
433989.4,8.635936
434056.2,8.478446
434122.9,8.329361
434189.6,8.187914
434256.3,8.053615
434323.0,7.926005
434389.7,7.804653
434456.4,7.68916
434523.1,7.579154
434589.9,7.474136
434656.6,7.374097
434723.3,7.278579
434790.0,7.187303
434856.7,7.100014
434923.4,7.016472
434990.1,6.936455
435056.8,6.859757
435190.3,6.715461
435323.7,6.582418
435457.1,6.459322
435590.5,6.345132
435724.0,6.238865
435857.4,6.139884
435990.8,6.047413
436124.2,5.960839
436257.7,5.879561
436391.1,5.803225
436524.5,5.731342
436657.9,5.663533
436791.3,5.599462
436924.7,5.538827
437058.1,5.481358
437191.5,5.426809
437325.0,5.374924
437458.4,5.325581
437591.8,5.278561
437725.2,5.233701
437858.7,5.190821
437992.1,5.149849
438125.5,5.110629
438258.9,5.07305
438525.8,5.002375
438792.6,4.937148
439059.5,4.876698
439326.3,4.82054
439593.2,4.768176
439860.0,4.719255
440126.9,4.673397
440393.7,4.63034
440660.6,4.589794
440927.4,4.55156
441194.2,4.51542
441461.0,4.481195
441727.9,4.448717
441994.7,4.417866
442261.6,4.388493
442528.4,4.360508
442795.3,4.333785
443062.1,4.308254
443329.0,4.283809
443595.8,4.260396
443862.7,4.237928
444129.5,4.216357
444396.4,4.195611
444663.2,4.175653
445196.9,4.137881
445730.5,4.102708
446264.2,4.069831
446797.9,4.039012
447331.6,4.010036
447865.2,3.982727
448398.9,3.956914
448932.6,3.932464
449466.3,3.909254
449999.9,3.88718
450000.1,4.109379
500000.0,4.063672
550000.0,4.014873
600000.0,3.970836
650000.0,3.923668
700000.0,3.880498
800000.0,3.792265
900000.0,3.706307
1000000.0,3.623285
1125000.0,3.512064
1250000.0,3.415472
1375000.0,3.330383
1500000.0,3.254557
1689460.0,3.13291
1878920.0,3.02806
1880300.0,3.027301
1895263.0,3.01849
1910225.0,3.010211
1925188.0,3.00245
1940150.0,2.995194
1955113.0,2.986749
1970075.0,2.978813
1985038.0,2.971372
2000000.0,2.964415
2062500.0,2.929531
2125000.0,2.897965
2187500.0,2.869452
2250000.0,2.843759
2375000.0,2.786913
2500000.0,2.739998
2625000.0,2.688729
2750000.0,2.643069
2875000.0,2.602364
3000000.0,2.566063
3052470.0,2.550197
3052472.0,2.550196
3054100.0,2.549733
3165570.0,2.518207
3277050.0,2.487818
3388525.0,2.45682
3500000.0,2.43015
3727290.0,2.37821
3735813.0,2.376274
3744335.0,2.374351
3761379.0,2.370545
3795468.0,2.363092
3829557.0,2.355845
3863645.0,2.348799
3931823.0,2.335286
4000000.0,2.322512
4093470.0,2.304903
4105725.0,2.302584
4117980.0,2.300281
4142490.0,2.295727
4191510.0,2.286816
4240530.0,2.278158
4289550.0,2.269742
4338570.0,2.261561
4387590.0,2.253604
4485630.0,2.238326
4500000.0,2.236075
4500170.0,2.236058
4509520.0,2.234599
4518870.0,2.233153
4533906.0,2.23077
4548941.0,2.228406
4579012.0,2.223737
4609083.0,2.219143
4639153.0,2.214622
4699294.0,2.205793
4759435.0,2.197231
4819577.0,2.188922
4879718.0,2.180849
5000000.0,2.165366
5021660.0,2.16261
5038800.0,2.16043
5055940.0,2.158267
5090220.0,2.153995
5108920.0,2.151687
5127620.0,2.149394
5165020.0,2.144861
5185732.0,2.142366
5206443.0,2.139893
5247865.0,2.135007
5289288.0,2.130202
5330710.0,2.125474
5413555.0,2.116239
5496400.0,2.107282
5500000.0,2.106903
5531733.0,2.103549
5563465.0,2.10023
5626930.0,2.0937
5686500.0,2.087693
5686510.0,2.087694
5700534.0,2.086311
5714558.0,2.084935
5742605.0,2.082197
5798700.0,2.076786
5854795.0,2.071461
5910890.0,2.066216
5933168.0,2.064182
5955445.0,2.06216
6000000.0,2.058159
6062500.0,2.052798
6125000.0,2.047519
6250000.0,2.037196
6375000.0,2.027167
6500000.0,2.01741
6683410.0,2.004643
6750000.0,2.000115
7000000.0,1.98359
7250000.0,1.969248
7500000.0,1.955469
8000000.0,1.9324
8228430.0,1.923491
8310570.0,1.920321
8332115.0,1.919638
8353660.0,1.918956
8396749.0,1.917595
8482928.0,1.914883
8569107.0,1.912184
8655285.0,1.909495
8827643.0,1.90415
9000000.0,1.89884
9125000.0,1.896205
9250000.0,1.89359
9375000.0,1.89099
9500000.0,1.888404
9750000.0,1.883266
10000000.0,1.87816
10107300.0,1.876797
10125000.0,1.876573
10250000.0,1.874991
10375000.0,1.873413
10500000.0,1.871838
10625000.0,1.870267
10750000.0,1.868699
10875000.0,1.867133
11000000.0,1.86557
11025200.0,1.865388
11149980.0,1.864415
11274750.0,1.863455
11524300.0,1.861569
11762150.0,1.859546
12000000.0,1.85757
12125000.0,1.856061
12132100.0,1.855983
12250000.0,1.854795
12349300.0,1.853959
12375000.0,1.853767
12500000.0,1.852973
12625000.0,1.852408
12750000.0,1.852067
12875000.0,1.851945
13000000.0,1.85204
13125000.0,1.850615
13250000.0,1.849454
13375000.0,1.848551
13500000.0,1.847903
13625000.0,1.847505
13750000.0,1.847351
13875000.0,1.847437
14000000.0,1.84776
14086980.0,1.846978
14173950.0,1.846294
14260930.0,1.845706
14347900.0,1.845215
14434880.0,1.844817
14521850.0,1.844514
14608830.0,1.844302
14695800.0,1.844181
14788800.0,1.84418
14847900.0,1.844231
15000000.0,1.84455
15125000.0,1.843904
15250000.0,1.843369
15375000.0,1.842945
15500000.0,1.84263
15625000.0,1.842422
15750000.0,1.842318
15875000.0,1.842318
16000000.0,1.84242
16125000.0,1.842075
16250000.0,1.841796
16375000.0,1.841583
16500000.0,1.841435
16625000.0,1.84135
16750000.0,1.841329
16875000.0,1.841369
17000000.0,1.84147
17250000.0,1.841215
17500000.0,1.841117
17750000.0,1.84117
18000000.0,1.84137
18250000.0,1.841387
18500000.0,1.841495
18750000.0,1.841694
19000000.0,1.84198
19250000.0,1.842152
19500000.0,1.842384
19750000.0,1.842674
20000000.0,1.84302
