1e-05,3.4203
1.03125e-05,3.419914
1.0625e-05,3.419545
1.09375e-05,3.419191
1.125e-05,3.418853
1.15625e-05,3.418528
1.1875e-05,3.418217
1.21875e-05,3.417917
1.25e-05,3.417629
1.28125e-05,3.417351
1.3125e-05,3.417083
1.34375e-05,3.416825
1.375e-05,3.416576
1.4375e-05,3.416101
1.5e-05,3.415657
1.5625e-05,3.41524
1.625e-05,3.414847
1.6875e-05,3.414476
1.75e-05,3.414125
1.8125e-05,3.413792
1.875e-05,3.413476
1.9375e-05,3.413176
2e-05,3.412889
2.09375e-05,3.412484
2.1875e-05,3.412106
2.28125e-05,3.41175
2.375e-05,3.411416
2.46875e-05,3.411102
2.5625e-05,3.410804
2.65625e-05,3.410523
2.75e-05,3.410256
2.84375e-05,3.410002
2.9375e-05,3.409761
3.03125e-05,3.409531
3.125e-05,3.409311
3.21875e-05,3.409101
3.3125e-05,3.4089
3.40625e-05,3.408708
3.5e-05,3.408523
3.59375e-05,3.408345
3.6875e-05,3.408175
3.78125e-05,3.40801
3.875e-05,3.407852
3.96875e-05,3.407699
4.0625e-05,3.407552
4.25e-05,3.407272
4.4375e-05,3.40701
4.625e-05,3.406764
4.8125e-05,3.406532
5e-05,3.406314
5.15625e-05,3.406141
5.3125e-05,3.405976
5.46875e-05,3.405818
5.625e-05,3.405667
5.78125e-05,3.405522
5.9375e-05,3.405382
6.09375e-05,3.405248
6.25e-05,3.405119
6.40625e-05,3.404995
6.5625e-05,3.404876
6.71875e-05,3.40476
6.875e-05,3.404648
7.1875e-05,3.404436
7.5e-05,3.404238
7.8125e-05,3.404051
8.125e-05,3.403875
8.4375e-05,3.403709
8.75e-05,3.403552
9.0625e-05,3.403404
9.375e-05,3.403262
9.6875e-05,3.403128
0.0001,3.403
0.000103125,3.402878
0.00010625,3.402762
0.000109375,3.40265
0.0001125,3.402543
0.000115625,3.402441
0.00011875,3.402343
0.000121875,3.402248
0.000125,3.402157
0.000128125,3.40207
0.00013125,3.401985
0.000134375,3.401904
0.0001375,3.401825
0.00014375,3.401675
0.00015,3.401535
0.00015625,3.401403
0.0001625,3.401279
0.00016875,3.401162
0.000175,3.401051
0.00018125,3.400946
0.0001875,3.400846
0.00019375,3.400752
0.0002,3.400661
0.000209375,3.400533
0.00021875,3.400414
0.000228125,3.400301
0.0002375,3.400196
0.000246875,3.400097
0.00025625,3.400003
0.000265625,3.399914
0.000275,3.39983
0.000284375,3.399749
0.00029375,3.399673
0.000303125,3.3996
0.0003125,3.399531
0.000321875,3.399465
0.00033125,3.399401
0.000340625,3.39934
0.00035,3.399282
0.000359375,3.399226
0.00036875,3.399172
0.000378125,3.39912
0.0003875,3.39907
0.000396875,3.399022
0.00040625,3.398975
0.000425,3.398887
0.00044375,3.398804
0.0004625,3.398726
0.00048125,3.398653
0.0005,3.398584
0.000515625,3.398529
0.00053125,3.398477
0.000546875,3.398427
0.0005625,3.398379
0.000578125,3.398334
0.00059375,3.39829
0.000609375,3.398247
0.000625,3.398206
0.000640625,3.398167
0.00065625,3.398129
0.000671875,3.398093
0.0006875,3.398058
0.00071875,3.39799
0.00075,3.397928
0.00078125,3.397869
0.0008125,3.397813
0.00084375,3.397761
0.000875,3.397711
0.00090625,3.397664
0.0009375,3.397619
0.00096875,3.397577
0.001,3.397536
0.00103125,3.397498
0.0010625,3.397461
0.00109375,3.397425
0.001125,3.397391
0.00115625,3.397359
0.0011875,3.397328
0.00121875,3.397298
0.00125,3.397269
0.00128125,3.397241
0.0013125,3.397214
0.00134375,3.397189
0.001375,3.397164
0.0014375,3.397116
0.0015,3.397072
0.0015625,3.39703
0.001625,3.396991
0.0016875,3.396953
0.00175,3.396918
0.0018125,3.396885
0.001875,3.396853
0.0019375,3.396823
0.002,3.396795
0.00209375,3.396754
0.0021875,3.396716
0.00228125,3.396681
0.002375,3.396647
0.00246875,3.396616
0.0025625,3.396586
0.00265625,3.396558
0.00275,3.396531
0.00284375,3.396506
0.0029375,3.396482
0.00303125,3.396458
0.003125,3.396436
0.00321875,3.396415
0.0033125,3.396396
0.00340625,3.396377
0.0035,3.396359
0.00359375,3.396341
0.0036875,3.396324
0.00378125,3.396307
0.003875,3.396291
0.00396875,3.396276
0.0040625,3.396261
0.00425,3.396233
0.0044375,3.396207
0.004625,3.396182
0.0048125,3.396159
0.005,3.396137
0.00515625,3.39612
0.0053125,3.396103
0.00546875,3.396088
0.005625,3.396072
0.00578125,3.396058
0.0059375,3.396044
0.00609375,3.39603
0.00625,3.396018
0.00640625,3.396005
0.0065625,3.395993
0.00671875,3.395981
0.006875,3.39597
0.0071875,3.395949
0.0075,3.395929
0.0078125,3.39591
0.008125,3.395893
0.0084375,3.395876
0.00875,3.39586
0.0090625,3.395846
0.009375,3.395831
0.0096875,3.395819
0.01,3.395806
0.0103125,3.395794
0.010625,3.395782
0.0109375,3.395771
0.01125,3.39576
0.0115625,3.39575
0.011875,3.39574
0.0121875,3.39573
0.0125,3.395721
0.0128125,3.395713
0.013125,3.395704
0.0134375,3.395696
0.01375,3.395688
0.014375,3.395673
0.015,3.395659
0.015625,3.395646
0.01625,3.395634
0.016875,3.395622
0.0175,3.395611
0.018125,3.395601
0.01875,3.395591
0.019375,3.395581
0.02,3.395572
0.0206625,3.395563
0.021325,3.395554
0.0219875,3.395546
0.02265,3.395539
0.0233125,3.395531
0.023975,3.395524
0.0246375,3.395517
0.0253,3.39551
0.02607188,3.395502
0.02684375,3.395495
0.02761563,3.395488
0.0283875,3.395482
0.02915938,3.395475
0.02993125,3.395469
0.03070313,3.395463
0.031475,3.395458
0.03224688,3.395452
0.03301875,3.395447
0.0345625,3.395437
0.03610625,3.395427
0.03765,3.395419
0.03919375,3.39541
0.0407375,3.395403
0.04228125,3.395395
0.043825,3.395388
0.04536875,3.395382
0.0469125,3.395375
0.04845625,3.395369
0.05,3.395364
0.0515625,3.395358
0.053125,3.395353
0.0546875,3.395348
0.05625,3.395343
0.0578125,3.395339
0.059375,3.395334
0.0609375,3.39533
0.0625,3.395326
0.0640625,3.395322
0.065625,3.395318
0.0671875,3.395314
0.06875,3.395311
0.071875,3.395304
0.075,3.395298
0.078125,3.395292
0.08125,3.395286
0.084375,3.395281
0.0875,3.395276
0.090625,3.395271
0.09375,3.395267
0.096875,3.395262
0.1,3.395258
0.103125,3.395254
0.10625,3.395251
0.109375,3.395247
0.1125,3.395244
0.115625,3.39524
0.11875,3.395237
0.121875,3.395234
0.125,3.395231
0.128125,3.395229
0.13125,3.395226
0.134375,3.395223
0.1375,3.395221
0.14375,3.395216
0.15,3.395212
0.15625,3.395207
0.1625,3.395203
0.16875,3.3952
0.175,3.395196
0.18125,3.395193
0.1875,3.39519
0.19375,3.395187
0.2,3.395184
0.209375,3.39518
0.21875,3.395176
0.228125,3.395172
0.2375,3.395169
0.246875,3.395166
0.25625,3.395163
0.265625,3.39516
0.275,3.395157
0.284375,3.395155
0.29375,3.395152
0.303125,3.39515
0.3125,3.395148
0.321875,3.395146
0.33125,3.395144
0.340625,3.395142
0.35,3.39514
0.359375,3.395138
0.36875,3.395136
0.378125,3.395135
0.3875,3.395133
0.396875,3.395132
0.40625,3.39513
0.425,3.395127
0.44375,3.395125
0.4625,3.395122
0.48125,3.39512
0.5,3.395118
0.53125,3.395114
0.5625,3.395111
0.59375,3.395108
0.625,3.395106
0.65625,3.395103
0.6875,3.395101
0.71875,3.395099
0.75,3.395097
0.78125,3.395095
0.8125,3.395093
0.84375,3.395091
0.875,3.39509
0.9375,3.395087
1.0,3.395084
1.0625,3.395082
1.125,3.39508
1.1875,3.395078
1.25,3.395076
1.3125,3.395074
1.375,3.395072
1.4375,3.395071
1.5,3.39507
1.5625,3.395068
1.625,3.395067
1.6875,3.395066
1.75,3.395065
1.875,3.395063
2.0,3.395061
2.09375,3.395059
2.1875,3.395058
2.28125,3.395057
2.375,3.395056
2.46875,3.395055
2.5625,3.395054
2.65625,3.395053
2.75,3.395052
2.9375,3.395051
3.125,3.395049
3.3125,3.395048
3.5,3.395047
3.6875,3.395046
3.875,3.395045
4.0625,3.395044
4.25,3.395043
4.4375,3.395042
4.625,3.395041
4.8125,3.395041
5.0,3.39504
5.3125,3.395039
5.625,3.395038
5.9375,3.395037
6.25,3.395036
6.5625,3.395035
6.875,3.395035
7.1875,3.395034
7.5,3.395033
7.8125,3.395033
8.125,3.395032
8.4375,3.395032
8.75,3.395031
9.375,3.39503
10.0,3.395029
10.625,3.395029
11.25,3.395028
11.875,3.395027
12.5,3.395027
13.125,3.395026
13.75,3.395026
14.375,3.395025
15.0,3.395025
15.625,3.395024
16.25,3.395024
16.875,3.395023
17.5,3.395023
18.75,3.395022
20.0,3.395022
20.9375,3.395022
21.875,3.395021
22.8125,3.395021
23.75,3.39502
24.6875,3.39502
25.625,3.395019
26.5625,3.395019
27.5,3.395018
29.375,3.395018
31.25,3.395017
33.125,3.395017
35.0,3.395017
36.875,3.395016
38.75,3.395016
40.625,3.395016
42.5,3.395015
44.375,3.395015
46.25,3.395015
48.125,3.395015
50.0,3.395014
53.125,3.395014
56.25,3.395014
59.375,3.395013
62.5,3.395013
65.625,3.395013
68.75,3.395013
71.875,3.395012
75.0,3.395012
78.125,3.395011
81.25,3.395011
84.375,3.395011
87.5,3.395011
93.75,3.39501
100.0,3.39501
106.25,3.395009
112.5,3.395009
118.75,3.395007
125.0,3.395006
131.25,3.395005
137.5,3.395005
143.75,3.395004
150.0,3.395003
156.25,3.395002
162.5,3.395001
168.75,3.395
175.0,3.394999
187.5,3.394998
200.0,3.394996
209.375,3.394995
218.75,3.394993
228.125,3.394992
237.5,3.394991
246.875,3.39499
256.25,3.394989
265.625,3.394988
275.0,3.394987
293.75,3.394985
312.5,3.394981
331.25,3.394979
350.0,3.394977
368.75,3.394975
387.5,3.394973
406.25,3.394971
425.0,3.394968
443.75,3.394966
462.5,3.394964
481.25,3.394962
500.0,3.39496
531.25,3.394955
562.5,3.394952
593.75,3.394948
625.0,3.394944
656.25,3.394941
687.5,3.394937
718.75,3.394934
750.0,3.39493
781.25,3.394926
812.5,3.394923
843.75,3.394919
875.0,3.394915
937.5,3.394908
1000.0,3.394901
1062.5,3.394894
1125.0,3.394888
1187.5,3.394881
1250.0,3.394875
1312.5,3.394869
1375.0,3.394863
1437.5,3.394856
1500.0,3.39485
1562.5,3.394844
1625.0,3.394838
1687.5,3.394831
1750.0,3.394825
1875.0,3.394813
2000.0,3.3948
2125.0,3.39475
2250.0,3.3947
2375.0,3.39465
2500.0,3.394601
2625.0,3.394551
2750.0,3.394501
2875.0,3.39445
3000.0,3.3944
3125.0,3.393775
3250.0,3.39315
3375.0,3.392525
3500.0,3.3919
3750.0,3.39065
4000.0,3.3894
4250.0,3.3883
4500.0,3.3872
4750.0,3.3861
5000.0,3.385
5312.5,3.383875
5625.0,3.38275
5937.5,3.381625
6250.0,3.3805
6562.5,3.379375
6875.0,3.37825
7187.5,3.377125
7500.0,3.376
7812.5,3.374875
8125.0,3.37375
8437.5,3.372625
8750.0,3.3715
9375.0,3.36925
10000.0,3.367
10625.0,3.365438
11250.0,3.363875
11875.0,3.362313
12500.0,3.36075
13125.0,3.359188
13750.0,3.357625
14375.0,3.356063
15000.0,3.3545
15625.0,3.352938
16250.0,3.351375
16875.0,3.349813
17500.0,3.34825
18750.0,3.345125
20000.0,3.342
21250.0,3.339375
22500.0,3.33675
23750.0,3.334125
25000.0,3.3315
26250.0,3.328875
27500.0,3.32625
28750.0,3.323625
30000.0,3.321
31250.0,3.318625
32500.0,3.31625
33750.0,3.313875
35000.0,3.3115
37500.0,3.30675
40000.0,3.302
42500.0,3.29775
45000.0,3.2935
47500.0,3.28925
50000.0,3.285
52500.0,3.28125
55000.0,3.2775
57500.0,3.273749
60000.0,3.27
62500.0,3.2665
65000.0,3.263
67500.0,3.2595
70000.0,3.256
75000.0,3.2495
80000.0,3.243
85000.0,3.237
90000.0,3.231
95000.0,3.2255
100000.0,3.22
105000.0,3.21466
110000.0,3.20932
115000.0,3.203979
120000.0,3.198639
125000.0,3.193479
130000.0,3.18832
135000.0,3.18316
140000.0,3.178
150000.0,3.168319
160000.0,3.158637
170000.0,3.149362
180000.0,3.140086
190000.0,3.131043
200000.0,3.122
212500.0,3.111418
225000.0,3.100835
237500.0,3.091418
250000.0,3.082
262500.0,3.073576
275000.0,3.065152
287500.0,3.057576
300000.0,3.05
312500.0,3.044401
325000.0,3.038802
337500.0,3.033204
350000.0,3.027605
375000.0,3.019803
400000.0,3.012
425000.0,3.006036
450000.0,3.000072
475000.0,2.994536
500000.0,2.989
525000.0,2.983103
550000.0,2.977206
575000.0,2.971604
600000.0,2.966
625000.0,2.960693
650000.0,2.955386
675000.0,2.950193
700000.0,2.945
750000.0,2.933815
800000.0,2.922
850000.0,2.909998
900000.0,2.898
950000.0,2.885451
1000000.0,2.8725
1200000.0,2.817788
1500000.0,2.73
1750000.0,2.640601
1950000.0,2.559964
2000000.0,2.54
2250000.0,2.441136
2450000.0,2.3639
2500000.0,2.345
2750000.0,2.253771
3000000.0,2.16
3270000.0,2.05748
3339000.0,2.032599
3339287.0,2.032492
3400000.0,2.011146
3500000.0,1.977154
3750000.0,1.899008
4000000.0,1.831
4250000.0,1.771687
4500000.0,1.718132
5000000.0,1.622
5500000.0,1.53618
5600000.0,1.52021
6000000.0,1.46
6500000.0,1.391905
7000000.0,1.33
7250000.0,1.300655
7500000.0,1.272263
7850000.0,1.234943
8000000.0,1.22
8500000.0,1.176098
9000000.0,1.135001
9500000.0,1.092028
9700000.0,1.074945
10000000.0,1.05
10500000.0,1.010885
11000000.0,0.975
11500000.0,0.9422861
11750000.0,0.9268916
12000000.0,0.912
12170000.0,0.9019417
12250000.0,0.8971821
12500000.0,0.8824361
13000000.0,0.855
13500000.0,0.8316662
14000000.0,0.81
14100000.0,0.805658
14170000.0,0.8026281
14500000.0,0.7886359
15000000.0,0.768
15500000.0,0.7472654
16000000.0,0.728
16500000.0,0.711039
17000000.0,0.695
17500000.0,0.6798413
18000000.0,0.665
18500000.0,0.6497894
19000000.0,0.635
19500000.0,0.621192
20000000.0,0.608
21000000.0,0.5825844
22000000.0,0.5583366
23000000.0,0.5353139
24000000.0,0.5135304
25000000.0,0.4929712
26000000.0,0.4736018
27000000.0,0.4553757
28000000.0,0.4382388
29000000.0,0.4221333
30000000.0,0.407
31000000.0,0.3927914
32000000.0,0.3794348
33000000.0,0.366844
34000000.0,0.3549448
35000000.0,0.3436731
36000000.0,0.3329731
37000000.0,0.3227962
38000000.0,0.3130994
39000000.0,0.3038452
40000000.0,0.295
42000000.0,0.2785799
44000000.0,0.263758
46000000.0,0.2503189
46300000.0,0.2484109
48000000.0,0.2380842
50000000.0,0.2269039
52000000.0,0.2166519
53000000.0,0.2118399
54000000.0,0.2072208
56000000.0,0.1985192
58000000.0,0.1904682
60000000.0,0.183
62000000.0,0.1760383
64000000.0,0.1695242
66000000.0,0.1634241
68000000.0,0.157707
70000000.0,0.1523445
72000000.0,0.1473102
74000000.0,0.1425799
76000000.0,0.1381315
78000000.0,0.1339444
80000000.0,0.13
82000000.0,0.1263812
84000000.0,0.1231359
86000000.0,0.1202026
88000000.0,0.1175306
90000000.0,0.1150769
92000000.0,0.1128056
94000000.0,0.1106863
96000000.0,0.1086931
98000000.0,0.1068039
100000000.0,0.105
102000000.0,0.1032164
104000000.0,0.1014366
106000000.0,0.0996791
108000000.0,0.09795916
110000000.0,0.09628944
112000000.0,0.09468023
114000000.0,0.09313984
116000000.0,0.0916749
118000000.0,0.09029062
120000000.0,0.08899062
122000000.0,0.08776258
124000000.0,0.0865944
126000000.0,0.08547992
128000000.0,0.0844136
129000000.0,0.08389694
130000000.0,0.0833905
132000000.0,0.08240616
134000000.0,0.08145657
136000000.0,0.08053814
138000000.0,0.07964762
140000000.0,0.07878206
142000000.0,0.07794134
144000000.0,0.07713634
146000000.0,0.07636876
148000000.0,0.07563858
150000000.0,0.07494568
