1e-05,323.5601
1.026758e-05,320.0426
1.053515e-05,316.6527
1.080273e-05,313.3823
1.10703e-05,310.2243
1.11272e-05,309.5665
1.124677e-05,308.4029
1.136633e-05,307.2597
1.160545e-05,305.0319
1.21406e-05,300.3122
1.23268e-05,298.2733
1.267573e-05,295.0413
1.321085e-05,290.3307
1.35839e-05,287.2091
1.374598e-05,286.077
1.42811e-05,282.496
1.481624e-05,277.9107
1.4909e-05,277.1372
1.513019e-05,275.5265
1.535138e-05,273.9488
1.581819e-05,270.7224
1.6285e-05,267.6277
1.642165e-05,266.8537
1.695679e-05,263.9194
1.749193e-05,261.1306
1.77231e-05,259.9681
1.814265e-05,258.1984
1.85622e-05,256.5043
1.92043e-05,252.8896
1.92811e-05,252.5108
1.946083e-05,251.6329
1.964055e-05,250.7667
2e-05,249.0681
2.07401e-05,245.7054
2.142165e-05,243.1348
2.213248e-05,240.5939
2.28433e-05,238.1849
2.28829e-05,238.0124
2.301174e-05,237.5211
2.314057e-05,237.0338
2.339824e-05,236.0707
2.391358e-05,234.1892
2.498385e-05,230.4609
2.50923e-05,230.0958
2.533276e-05,229.397
2.557322e-05,228.709
2.605413e-05,227.3642
2.71244e-05,224.5128
2.73571e-05,223.7032
2.819468e-05,221.1506
2.926495e-05,218.0334
2.96656e-05,216.9055
3.033523e-05,215.26
3.14055e-05,212.7392
3.20064e-05,211.3792
3.277623e-05,209.9203
3.354605e-05,208.5193
3.455963e-05,206.7576
3.55732e-05,205.084
3.56866e-05,204.9341
3.595417e-05,204.3954
3.622174e-05,203.8623
3.675688e-05,202.8123
3.782715e-05,200.7747
3.91136e-05,198.4286
3.99677e-05,197.1192
4.103798e-05,195.5394
4.210825e-05,194.0235
4.26713e-05,193.2503
4.42488e-05,191.4077
4.50042e-05,190.2597
4.71244e-05,187.4849
4.842595e-05,185.8708
4.97275e-05,184.3191
5e-05,184.0453
5.070275e-05,183.3509
5.14055e-05,182.6727
5.2811e-05,181.3629
5.42652e-05,179.6928
5.495155e-05,179.0093
5.70921e-05,176.9571
5.85742e-05,175.6024
5.923265e-05,175.0919
6.13732e-05,173.4978
6.29282e-05,172.0247
6.44832e-05,170.5979
6.565433e-05,169.6719
6.776947e-05,168.0586
6.98846e-05,166.5164
6.993545e-05,166.4846
7.006924e-05,166.401
7.020303e-05,166.3176
7.04706e-05,166.1517
7.100574e-05,165.8229
7.207602e-05,165.1775
7.421658e-05,163.933
7.64339e-05,162.705
7.84977e-05,161.7844
8.063825e-05,160.4608
8.27788e-05,159.1844
8.41336e-05,158.3995
8.70599e-05,156.9678
8.920045e-05,155.967
9.1341e-05,155.0029
9.172441e-05,154.834
9.269884e-05,154.4664
9.367326e-05,154.1058
9.56221e-05,153.4045
0.0001,151.4041
0.0001031865,150.2352
0.000106373,149.1228
0.000110582,147.7331
0.000112746,147.1548
0.0001170272,145.6228
0.0001213083,144.1654
0.000121518,144.0958
0.0001220401,143.9435
0.0001225621,143.7923
0.0001236062,143.4928
0.0001256943,142.9053
0.0001298705,141.7741
0.000132751,141.0259
0.0001384328,139.8026
0.000144222,138.6447
0.000146995,138.1927
0.0001512762,137.1788
0.0001555573,136.2041
0.000155876,136.133
0.0001569065,135.9322
0.0001579369,135.7336
0.0001599978,135.3422
0.0001641195,134.583
0.0001684007,133.8258
0.0001726818,133.0985
0.000173478,132.9664
0.0001754195,132.6983
0.000177361,132.4357
0.000181244,131.9267
0.000185933,131.1151
0.000190622,130.3315
0.000191373,130.2085
0.0001935298,129.9025
0.0001956865,129.6019
0.0002,129.0162
0.0002077465,128.0133
0.000209011,127.8553
0.000212252,127.5091
0.000215493,127.1726
0.0002240553,125.9732
0.000226621,125.6254
0.0002326175,124.9225
0.0002411798,123.9638
0.000249742,123.054
0.000250183,123.0084
0.0002512258,122.9151
0.0002522685,122.8225
0.0002543539,122.6391
0.0002585248,122.2799
0.0002668665,121.5904
0.000272802,121.1218
0.000283991,120.4231
0.0002925532,119.6552
0.0003011153,118.9173
0.000304177,118.6604
0.0003112083,118.1602
0.0003182395,117.6773
0.000333195,116.704
0.0003353638,116.5882
0.0003439259,116.1444
0.000352488,115.7207
0.000368779,114.67
0.0003696125,114.625
0.0003717531,114.51
0.0003738937,114.396
0.0003781748,114.1711
0.000386737,113.733
0.0004038615,112.9011
0.00040946,112.6411
0.000420986,112.1945
0.000439741,111.2236
0.0004407395,111.1783
0.0004432087,111.0669
0.0004456779,110.9564
0.0004506163,110.7381
0.000460493,110.3115
0.000479048,109.5444
0.0004802465,109.5022
0.0004827157,109.4157
0.0004851849,109.33
0.0004901233,109.1606
0.0005,108.8301
0.000522137,108.1266
0.0005289905,107.9472
0.0005434858,107.5822
0.000557981,107.2355
0.000566319,106.9462
0.00059223,106.1827
0.0006093545,105.7044
0.000626479,105.2454
0.000628541,105.1913
0.0006365878,105.007
0.0006446345,104.8265
0.000660728,104.4765
0.000666104,104.3627
0.0006805405,104.1025
0.000694977,103.8526
0.0007121014,103.4549
0.0007292258,103.0702
0.000737321,102.8927
0.0007634745,102.4145
0.0007977233,101.8265
0.0008187469,101.4854
0.000831972,101.3068
0.0008529755,100.9156
0.000873979,100.5369
0.000879362,100.4418
0.000897674,100.1554
0.000915986,99.87738
0.000957993,99.26901
0.000958052,99.26819
0.0009582159,99.2661
0.0009583798,99.26401
0.0009587075,99.25983
0.0009593629,99.25149
0.0009606738,99.23482
0.0009632955,99.20161
0.000968539,99.1356
0.000979026,99.00528
0.001,98.7512
0.00102649,98.69621
0.00105298,98.65373
0.00107947,98.62297
0.00110596,98.60325
0.001140209,98.44776
0.001174458,98.30836
0.001208707,98.18389
0.001242955,98.07332
0.001277204,97.97569
0.001311453,97.89017
0.001345702,97.81598
0.00137995,97.75241
0.001414199,97.61669
0.001448448,97.49035
0.001482697,97.37285
0.001516945,97.26368
0.001585443,97.06853
0.00165394,96.90161
0.001697198,96.72191
0.001740455,96.5517
0.001783713,96.3904
0.00182697,96.23747
0.001870228,96.09243
0.001913485,95.95483
0.002,95.70034
0.002050483,95.56365
0.002100965,95.43501
0.002151448,95.31395
0.00220193,95.20003
0.002270428,94.95224
0.002338925,94.71596
0.002407423,94.49033
0.00247592,94.27464
0.002544418,94.0682
0.002612915,93.87041
0.002681413,93.68069
0.00274991,93.49857
0.002818408,93.26491
0.002886905,93.03796
0.002955403,92.8173
0.0030239,92.6026
0.003160895,92.18971
0.00329789,91.79694
0.003434885,91.32355
0.00357188,90.86649
0.003708875,90.42425
0.00384587,89.99549
0.003982865,89.57904
0.00411986,89.17388
0.004256855,88.77907
0.00439385,88.39383
0.004545388,87.89619
0.004696925,87.40848
0.004848463,86.9299
0.005,86.45977
0.005122453,86.08561
0.005244905,85.71624
0.00548981,84.99085
0.005626807,84.55057
0.005763803,84.11505
0.00576837,84.10061
0.00578521,84.08785
0.005802049,84.07516
0.005835727,84.04996
0.005903083,84.00036
0.006037795,83.90418
0.006311788,83.72024
0.00658578,83.55058
0.00685977,83.32369
0.00713376,83.1084
0.00740775,82.90362
0.00768174,82.7084
0.00791715,82.54769
0.00815256,82.39294
0.00822972,82.36313
0.00850371,82.2619
0.0087777,82.16743
0.009083275,82.01098
0.00938885,81.86167
0.009694425,81.71893
0.01,81.58228
0.01024241,81.47788
0.01048482,81.37681
0.0105367,81.3556
0.01064494,81.33015
0.01075317,81.30529
0.01096963,81.25735
0.01124362,81.17034
0.01151761,81.08671
0.0117916,81.00625
0.01206559,80.92878
0.01261357,80.78214
0.01316155,80.64563
0.01370954,80.46857
0.01425752,80.29971
0.0148055,80.1383
0.0153051,79.99706
0.01535348,79.98883
0.01549048,79.96577
0.01562747,79.94309
0.01590146,79.89881
0.01644944,79.81447
0.01699742,79.73534
0.0175454,79.661
0.01815905,79.54142
0.0187727,79.42693
0.01938635,79.31713
0.02,79.21166
0.0200735,79.1993
0.02029629,79.17423
0.02051907,79.14968
0.02096463,79.10203
0.02192925,79.00519
0.02277194,78.89494
0.02361463,78.79015
0.02445732,78.69035
0.0253,78.59511
0.0263131,78.51641
0.02740907,78.40229
0.02850503,78.29399
0.029601,78.19096
0.0296102,78.19012
0.02964417,78.18785
0.02967813,78.18558
0.02974605,78.18107
0.02988189,78.17208
0.03015358,78.15435
0.03069696,78.11971
0.03179293,78.05306
0.03288889,77.99042
0.03398485,77.93147
0.03508081,77.87592
0.03617678,77.79723
0.03727274,77.72146
0.03820987,77.65881
0.039147,77.59802
0.03946466,77.58588
0.04056063,77.54551
0.04165659,77.50732
0.04275255,77.47116
0.04384851,77.43693
0.04538639,77.37112
0.04692426,77.30856
0.04846213,77.24899
0.05,77.19216
0.05130811,77.14584
0.05261621,77.10124
0.05480814,77.00525
0.05700006,76.91337
0.0582205,76.86385
0.05919199,76.84002
0.06138391,76.78866
0.06357584,76.7404
0.06576776,76.69497
0.06795969,76.65215
0.07015161,76.61174
0.07234354,76.55495
0.07453547,76.50021
0.0772939,76.43401
0.07891932,76.4114
0.08111125,76.38234
0.08330318,76.35482
0.08549511,76.32875
0.08768703,76.30402
0.09076528,76.25676
0.09384352,76.21179
0.09692176,76.16894
0.1,76.12803
0.1026112,76.09476
0.1052224,76.0627
0.1096063,75.99381
0.1139901,75.92784
0.115441,75.90659
0.118374,75.88067
0.1227578,75.84389
0.1271417,75.80932
0.1315255,75.77674
0.1359094,75.74601
0.1402932,75.71698
0.1446771,75.67638
0.1490609,75.63724
0.153588,75.59824
0.1578286,75.57705
0.1622125,75.55631
0.1665963,75.53666
0.1709802,75.51801
0.175364,75.50034
0.181523,75.46659
0.187682,75.43447
0.193841,75.40385
0.2,75.37461
0.2052174,75.35084
0.2104348,75.32793
0.2192025,75.27879
0.2279702,75.23171
0.229882,75.2217
0.2367379,75.2
0.2455056,75.17377
0.2542733,75.14909
0.263041,75.12583
0.2718087,75.10386
0.2805764,75.0831
0.2893441,75.05417
0.2981118,75.02626
0.306176,75.00144
0.3156472,74.98451
0.3244149,74.96969
0.3331826,74.95564
0.3419503,74.94232
0.350718,74.92967
0.3594858,74.91243
0.3682535,74.89579
0.3770212,74.8797
0.3857889,74.86416
0.4033243,74.83453
0.4208597,74.80669
0.4406448,74.76726
0.458764,74.73277
0.4604299,74.73084
0.4653762,74.72518
0.4703225,74.71961
0.480215,74.70876
0.5,74.68817
0.5305715,74.65891
0.5611429,74.63239
0.5962137,74.59177
0.611352,74.57508
0.6312845,74.56224
0.6663553,74.54146
0.7014261,74.52271
0.7364969,74.49836
0.7715677,74.47562
0.8066385,74.45428
0.8417093,74.43421
0.881282,74.40592
0.916527,74.38181
0.9208547,74.37999
0.9307479,74.37588
0.9406411,74.37185
0.9604274,74.36399
1.0,74.34903
1.061138,74.32774
1.122276,74.3084
1.192418,74.27899
1.2217,74.2673
1.262559,74.25761
1.332701,74.24227
1.402842,74.22836
1.472984,74.21048
1.543126,74.19372
1.613268,74.17796
1.683409,74.1631
1.762557,74.14234
1.83205,74.12486
1.841705,74.12334
1.881279,74.11721
1.920853,74.11127
2.0,74.09995
2.122271,74.08374
2.244541,74.06891
2.384825,74.04681
2.44241,74.03814
2.525108,74.03044
2.665391,74.01828
2.805674,74.00714
2.945958,73.99321
3.086241,73.98008
3.226524,73.96765
3.366807,73.95585
3.507091,73.9415
3.647374,73.92765
3.66311,73.92613
3.725384,73.92209
3.787657,73.91816
3.92794,73.90957
4.208507,73.89354
4.489073,73.87881
4.744537,73.86216
4.88381,73.85343
5.0,73.84849
5.30567,73.83618
5.611339,73.82474
5.891906,73.81227
6.172472,73.80039
6.453038,73.789
6.733604,73.77806
7.014171,73.76531
7.294737,73.75293
7.32522,73.7516
7.387741,73.74958
7.450262,73.74758
7.575304,73.74363
7.85587,73.73496
8.417003,73.71845
8.978136,73.70286
9.489068,73.68635
9.76662,73.67763
10.0,73.67196
10.61134,73.65759
11.22267,73.64385
11.78381,73.62984
12.34494,73.61625
12.90607,73.603
13.4672,73.59008
14.02834,73.57588
14.58947,73.56193
14.6494,73.56046
14.7747,73.55787
14.9,73.5553
15.1506,73.55018
15.71173,73.53887
16.834,73.51683
17.95626,73.49544
18.97813,73.47429
19.5322,73.46301
20.0,73.45466
21.22267,73.43318
22.44533,73.41215
23.5676,73.39187
24.68986,73.37188
25.81213,73.35215
26.93439,73.33266
28.05666,73.3122
29.17892,73.29193
29.2979,73.28979
29.54873,73.28564
29.79955,73.28149
30.30119,73.27323
31.42345,73.25483
33.66798,73.21848
35.91251,73.18261
38.15705,73.14545
39.0635,73.13054
40.40158,73.10975
42.64611,73.07513
44.89064,73.04079
47.44532,73.00084
50.0,72.96118
51.93439,72.93133
53.86877,72.9016
56.11331,72.86632
58.35784,72.8312
58.5947,72.8275
59.09662,72.81991
59.59854,72.81233
60.60237,72.7972
62.8469,72.76345
67.33596,72.69631
71.82502,72.6296
76.31409,72.56167
78.126,72.53436
80.80315,72.49488
85.29221,72.42893
89.78127,72.36326
94.89064,72.28767
100.0,72.21238
103.8688,72.15556
107.7375,72.0989
112.2266,72.03218
116.7157,71.96565
117.188,71.95866
118.1922,71.94398
119.1964,71.9293
121.2048,71.89999
125.6938,71.83459
134.6719,71.70429
143.65,71.57462
152.6282,71.44316
156.251,71.39028
161.6063,71.31282
170.5844,71.1834
179.5625,71.05449
189.7813,70.90611
200.0,70.75835
207.7375,70.64686
215.475,70.53572
224.4532,70.40452
233.4313,70.27377
234.376,70.26003
236.3844,70.23097
238.3927,70.20195
242.4094,70.14394
251.3875,70.0146
269.3438,69.75717
287.3,69.50139
299.9005,69.31832
312.501,69.13604
324.1571,68.98488
335.8131,68.83436
359.1251,68.53526
377.0814,68.30062
395.0376,68.06746
412.9939,67.83575
430.9501,67.60547
448.2126,67.37737
465.4751,67.15055
468.751,67.10766
475.7443,67.01639
482.7376,66.92534
500.0,66.70146
518.6501,66.46099
537.3001,66.22198
574.6001,65.74824
599.8006,65.4167
625.001,65.08769
648.3133,64.81415
671.6256,64.54272
718.2501,64.0061
754.1626,63.57895
790.0751,63.15656
825.9876,62.73887
861.9001,62.32578
899.7006,61.87679
937.501,61.43273
1000.0,60.77562
1005.55,60.7179
1023.507,60.52331
1041.463,60.32979
1077.375,59.94588
1149.2,59.19034
1199.6,58.63678
1250.0,58.09092
1296.625,57.655
1343.25,57.22539
1436.5,56.38466
1508.325,55.69671
1580.15,55.0225
1651.975,54.36166
1723.8,53.71379
1799.4,52.9923
1875.0,52.28437
2000.0,51.32377
2011.1,51.24015
2047.013,50.94887
2082.925,50.66037
2154.75,50.09157
2298.4,48.98574
2399.2,48.15153
2500.0,47.33654
2593.25,46.74899
2686.5,46.17679
2873.0,45.07645
3016.651,44.13448
3160.301,43.22392
3303.951,42.34327
3447.601,41.49112
3598.801,40.50867
3750.0,39.55489
3886.101,38.92636
4022.201,38.319
4165.851,37.60922
4309.501,36.92107
4453.151,36.25361
4596.801,35.60596
4798.401,34.591
5000.0,33.61127
5279.751,32.69825
5559.501,31.8443
5800.176,30.99068
6040.851,30.17489
6281.526,29.39453
6522.201,28.64739
6762.876,27.80598
7003.551,26.99385
7244.226,26.20925
7484.901,25.45053
7500.0,25.39761
7559.225,25.25535
7618.45,25.11455
7736.9,24.8372
7973.8,24.29893
8210.7,23.78156
8447.6,23.28388
8688.276,22.72027
8928.951,22.17472
9169.626,21.6462
9410.301,21.13371
9705.151,20.45207
10000.0,19.79147
10373.0,19.19759
10854.35,18.37826
11335.7,17.60003
11817.05,16.78621
12298.4,16.00232
12500.0,15.6612
12880.55,15.11496
13261.1,14.57962
13742.45,13.88861
13983.13,13.54566
14223.8,13.20316
14611.9,12.65402
15000.0,12.09805
15186.5,11.80682
15427.18,11.45215
15667.85,11.08912
15908.53,10.71533
16149.2,10.328
16250.0,10.17799
16392.14,9.89826
16534.28,9.611193
16726.82,9.239695
16823.09,9.047328
16919.36,8.850016
17015.63,8.669094
17111.9,8.48229
17208.17,8.289072
17304.44,8.088851
17402.22,7.909038
17500.0,7.720595
17594.76,7.452006
17689.52,7.173746
17785.79,6.911192
17882.06,6.636764
17978.33,6.375297
18026.47,6.239353
18074.6,6.099782
18125.0,5.965455
18196.07,5.695474
18267.14,5.416455
18315.28,5.239346
18363.41,5.057843
18411.55,4.871791
18459.68,4.681222
18507.82,4.503967
18555.95,4.322254
18604.09,4.136153
18652.22,3.945996
18700.36,3.763715
18748.49,3.578383
18750.0,3.572661
18755.93,3.547772
18761.85,3.522891
18773.69,3.473045
18797.38,3.373026
18844.76,3.172438
18868.83,3.069818
18892.9,2.967626
18916.97,2.866175
18941.03,2.765872
18965.1,2.660561
18989.17,2.557286
19013.24,2.45663
19037.3,2.359318
19062.5,2.243882
19098.04,2.240881
19115.81,2.244689
19133.57,2.252748
19157.64,2.247323
19181.7,2.252657
19205.77,2.244905
19217.81,2.246629
19229.84,2.252547
19241.88,2.244539
19253.91,2.24154
19265.95,2.24401
19277.98,2.252445
19290.02,2.241063
19302.05,2.236807
19314.08,2.240323
19326.11,2.252332
19338.15,2.247235
19350.18,2.252292
19362.22,2.246204
19374.25,2.252262
19375.0,2.251373
19377.92,2.283713
19380.83,2.316742
19386.66,2.385388
19398.31,2.532975
19410.35,2.669231
19422.38,2.822852
19434.42,2.957337
19446.45,3.112749
19453.1,3.182819
19461.81,3.403927
19470.52,3.63869
19476.54,3.781433
19482.55,3.931252
19488.57,4.089002
19494.58,4.254543
19500.6,4.394845
19506.62,4.544041
19512.64,4.702574
19518.65,4.870627
19524.98,5.015285
19531.3,5.171684
19537.01,5.470069
19542.72,5.779237
19548.74,6.067034
19554.76,6.368048
19560.78,6.682964
19566.79,7.011944
19572.81,7.29512
19578.82,7.593977
19584.84,7.910362
19590.85,8.244119
19600.13,8.679985
19609.4,9.163952
19614.92,9.751549
19620.94,10.32136
19626.96,10.9157
19632.98,11.53589
19638.99,12.18221
19645.01,12.74306
19651.03,13.3342
19657.05,13.95728
19663.06,14.6129
19669.08,15.16258
19675.09,15.74869
19681.11,16.37524
19687.12,17.04227
19687.5,17.07505
19688.99,17.35097
19690.47,17.62773
19693.43,18.18949
19699.35,19.34696
19705.27,20.5517
19711.19,21.8062
19717.21,22.91837
19723.23,24.08759
19729.25,25.31689
19735.26,26.60721
19741.28,27.69967
19747.3,28.86204
19753.32,30.09783
19759.33,31.40842
19765.6,32.52439
19774.5,35.90427
19783.39,39.47802
19789.3,41.59066
19795.2,43.79623
19801.1,46.10192
19807.0,48.51136
19807.46,48.70368
19808.97,49.22763
19810.47,49.75512
19813.48,50.835
19819.5,53.08172
19825.52,55.44705
19831.53,57.92958
19837.67,60.09122
19843.8,62.37971
19855.6,70.08182
19867.63,77.43474
19879.66,85.27239
19891.7,92.68601
19903.73,100.4688
19921.9,111.9377
19936.89,121.3387
19951.87,130.4785
19963.9,138.2403
19975.93,145.3614
19987.97,153.323
20000.0,160.2502
20012.04,158.2715
20024.07,155.0471
20036.11,153.0633
20048.14,149.8438
20060.18,147.7574
20072.21,144.6401
20084.24,142.4043
20096.27,139.4389
20108.31,137.3473
20120.34,134.8314
20144.41,129.0319
20156.45,126.3794
20168.48,123.7241
20180.51,121.1251
20192.54,118.6287
20193.0,118.5168
20194.31,118.1995
20195.62,117.8838
20198.24,117.2575
20203.48,116.0266
20213.95,113.6589
20224.43,111.4199
20234.9,109.3209
20240.68,107.9474
20252.72,104.4941
20264.75,101.2315
20276.78,98.15352
20288.81,95.25532
20300.85,91.83896
20312.88,88.59158
20324.92,85.49991
20336.95,82.56102
20352.4,78.26307
20368.74,75.71237
20385.08,73.38553
20397.12,71.35548
20409.15,69.43176
20421.19,67.60472
20433.22,65.8713
20451.51,62.87145
20469.8,60.05277
20481.35,59.23902
20493.39,58.1868
20505.42,57.19833
20517.46,56.26815
20529.49,55.3943
20541.53,54.3618
20553.56,53.37934
20565.59,52.44316
20577.62,51.55061
20601.69,49.55492
20625.76,47.7061
20649.83,45.72505
20673.89,43.86227
20689.35,42.58564
20704.8,41.35047
20722.02,40.73426
20746.09,39.77349
20770.16,38.8904
20794.23,37.8779
20818.3,36.92949
20842.37,36.03953
20866.43,35.20327
20884.75,34.44892
20903.07,33.72106
20939.7,32.33869
20962.7,31.98369
20986.77,31.50486
21010.84,31.05839
21034.91,30.64188
21058.97,30.25329
21083.04,29.78628
21107.11,29.34327
21131.18,28.9226
21155.24,28.52296
21179.31,28.06413
21203.38,27.62351
21251.51,26.79261
21299.65,25.90072
21347.78,25.06225
21378.64,24.48896
21409.5,23.93371
21444.05,23.65928
21492.19,23.23312
21540.32,22.84098
21588.46,22.39281
21636.59,21.9724
21684.73,21.57703
21732.86,21.20459
21806.13,20.54834
21879.4,19.93435
21925.4,19.76697
21973.54,19.54638
22021.67,19.3395
22069.81,19.14522
22117.94,18.96268
22166.08,18.74712
22214.21,18.54171
22310.48,18.15847
22406.75,17.74193
22503.02,17.35425
22599.29,16.94084
22695.56,16.54996
22819.1,16.00503
22949.87,15.72261
23080.64,15.46804
23176.91,15.24285
23273.18,15.02959
23369.45,14.8272
23465.72,14.63472
23612.26,14.3029
23758.8,13.98963
23850.8,13.8896
23971.14,13.73131
24091.48,13.58236
24211.82,13.44193
24332.15,13.30931
24572.83,13.0069
24813.5,12.72891
25019.68,12.45772
25225.85,12.20012
25432.03,11.9546
25638.2,11.7199
25776.2,11.63474
26016.88,11.44506
26257.55,11.26639
26498.23,11.09758
26738.9,10.93767
27128.25,10.64266
27517.6,10.36578
27701.6,10.28899
28182.95,10.04062
28664.3,9.811596
29145.65,9.599307
29627.0,9.401656
30039.35,9.197095
30451.7,9.00111
30864.05,8.812922
31276.4,8.631863
31552.4,8.543707
32033.75,8.362119
32515.1,8.188239
33477.8,7.861116
34440.5,7.509426
35403.2,7.178533
36365.9,6.829237
37328.6,6.495939
38291.3,6.14828
39254.0,5.813346
40216.7,5.457404
41179.4,5.111832
42142.1,4.775694
43104.8,4.448169
43953.6,4.139087
44802.4,3.835706
45651.2,3.537628
46499.99,3.244503
46500.01,3.244514
50000.0,3.193346
60000.0,3.047168
70000.0,2.900983
80000.0,2.818929
90000.0,2.736882
100000.0,2.654835
125000.0,2.505633
150000.0,2.390319
170000.0,2.354376
200000.0,2.318172
250000.0,2.254272
300000.0,2.214507
350000.0,2.196904
400000.0,2.189708
500000.0,2.19991
500040.6,2.199922
600000.0,2.228696
700000.0,2.267447
800000.0,2.30702
900000.0,2.383927
1000000.0,2.459994
1100000.0,2.584516
1199999.0,2.711117
1200001.0,2.711117
1300000.0,2.818036
1350000.0,2.872613
1400000.0,2.92719
1500000.0,3.039997
1600000.0,3.100413
1650000.0,3.132521
1700000.0,3.164629
1800000.0,3.231488
1900000.0,3.249734
1970000.0,3.263332
2000000.0,3.264968
2025250.0,3.228241
2100000.0,3.254492
2200000.0,3.242568
2300000.0,3.247875
2400000.0,3.251481
2500000.0,3.260617
2600000.0,3.254113
2800000.0,3.243834
3000000.0,3.235905
3500000.0,3.186593
4000000.0,3.114191
4178300.0,3.085839
4295170.0,3.05483
4329100.0,3.060147
4414400.0,3.045914
4440500.0,3.040836
4450403.0,3.037974
4500000.0,3.026922
4537790.0,3.013478
4565544.0,3.007329
4600000.0,3.012094
4951200.0,2.949252
4974000.0,2.943992
5000000.0,2.938855
5089846.0,2.911701
5113491.0,2.908232
5171100.0,2.907938
5194400.0,2.904066
5259473.0,2.889134
5316016.0,2.87616
5339661.0,2.871159
5500000.0,2.839855
5836000.0,2.786457
5856600.0,2.782029
5895900.0,2.774815
5999665.0,2.749963
6000000.0,2.749897
6021254.0,2.74398
6061350.0,2.735076
6136500.0,2.721365
6217300.0,2.700621
6309106.0,2.674823
6356000.0,2.66384
6391350.0,2.6541
6500000.0,2.625449
6534250.0,2.621951
6611200.0,2.616385
6645600.0,2.613049
6730000.0,2.605692
6796400.0,2.598372
6827240.0,2.59645
6832380.0,2.59613
6835200.0,2.596315
6836500.0,2.596275
6867000.0,2.593736
6918736.0,2.589909
7000000.0,2.584524
7026680.0,2.578501
7028740.0,2.57805
7059580.0,2.571558
7093503.0,2.564619
8000000.0,2.423083
8746000.0,2.315597
9000000.0,2.279761
10000000.0,2.154758
10500000.0,2.099209
10999990.0,2.049954
11000000.0,1.990739
11000010.0,1.99074
11500000.0,2.068755
12000000.0,2.015465
12500000.0,1.961169
13000000.0,1.910038
13500000.0,1.862743
14000000.0,1.819921
14500000.0,1.772752
15000000.0,1.73921
15253900.0,1.716687
15254120.0,1.71667
16000000.0,1.658524
17000000.0,1.598044
18000000.0,1.539235
19000000.0,1.488174
20000000.0,1.454842
