1e-05,58.67772
1.03125e-05,57.83856
1.0625e-05,57.03671
1.09375e-05,56.26947
1.125e-05,55.53443
1.15625e-05,54.82939
1.1875e-05,54.15237
1.21875e-05,53.50156
1.25e-05,52.87531
1.28125e-05,52.27211
1.3125e-05,51.69059
1.34375e-05,51.12947
1.375e-05,50.58759
1.4375e-05,49.55733
1.5e-05,48.59215
1.5625e-05,47.68548
1.625e-05,46.83163
1.6875e-05,46.02567
1.75e-05,45.26328
1.8125e-05,44.54067
1.875e-05,43.8545
1.9375e-05,43.20181
2e-05,42.57996
2.09375e-05,41.69992
2.1875e-05,40.87707
2.28125e-05,40.10549
2.375e-05,39.38006
2.46875e-05,38.69635
2.5625e-05,38.05051
2.65625e-05,37.43917
2.75e-05,36.85937
2.84375e-05,36.30848
2.9375e-05,35.78418
3.03125e-05,35.28439
3.125e-05,34.80727
3.21875e-05,34.35115
3.3125e-05,33.91453
3.40625e-05,33.49606
3.5e-05,33.09452
3.59375e-05,32.7088
3.6875e-05,32.33788
3.78125e-05,31.98084
3.875e-05,31.63684
3.96875e-05,31.3051
4.0625e-05,30.98491
4.25e-05,30.37662
4.4375e-05,29.8073
4.625e-05,29.27296
4.8125e-05,28.77016
5e-05,28.29592
5.15625e-05,27.92064
5.3125e-05,27.56204
5.46875e-05,27.21892
5.625e-05,26.8902
5.78125e-05,26.5749
5.9375e-05,26.27212
6.09375e-05,25.98107
6.25e-05,25.701
6.40625e-05,25.43125
6.5625e-05,25.17118
6.71875e-05,24.92024
6.875e-05,24.6779
7.1875e-05,24.21716
7.5e-05,23.78552
7.8125e-05,23.38004
8.125e-05,22.99819
8.4375e-05,22.63775
8.75e-05,22.2968
9.0625e-05,21.97364
9.375e-05,21.66678
9.6875e-05,21.37488
0.0001,21.09678
0.000103125,20.83142
0.00010625,20.57785
0.000109375,20.33523
0.0001125,20.10279
0.000115625,19.87984
0.00011875,19.66574
0.000121875,19.45994
0.000125,19.2619
0.000128125,19.07115
0.00013125,18.88726
0.000134375,18.70982
0.0001375,18.53846
0.00014375,18.21266
0.00015,17.90745
0.00015625,17.62073
0.0001625,17.35072
0.00016875,17.09585
0.000175,16.85477
0.00018125,16.62626
0.0001875,16.40927
0.00019375,16.20287
0.0002,16.00622
0.000209375,15.72793
0.00021875,15.46773
0.000228125,15.22373
0.0002375,14.99433
0.000246875,14.77812
0.00025625,14.57389
0.000265625,14.38057
0.000275,14.19722
0.000284375,14.02301
0.00029375,13.85721
0.000303125,13.69916
0.0003125,13.54828
0.000321875,13.40404
0.00033125,13.26597
0.000340625,13.13364
0.00035,13.00666
0.000359375,12.88469
0.00036875,12.76739
0.000378125,12.65449
0.0003875,12.5457
0.000396875,12.4408
0.00040625,12.33955
0.000425,12.14719
0.00044375,11.96715
0.0004625,11.79818
0.00048125,11.63918
0.0005,11.48921
0.000515625,11.37054
0.00053125,11.25714
0.000546875,11.14864
0.0005625,11.04468
0.000578125,10.94498
0.00059375,10.84923
0.000609375,10.75719
0.000625,10.66863
0.000640625,10.58332
0.00065625,10.50108
0.000671875,10.42173
0.0006875,10.34509
0.00071875,10.19939
0.00075,10.0629
0.00078125,9.934674
0.0008125,9.813922
0.00084375,9.699942
0.000875,9.592124
0.00090625,9.489932
0.0009375,9.392893
0.00096875,9.300588
0.001,9.212644
0.00103125,9.128729
0.0010625,9.048544
0.00109375,8.97182
0.001125,8.898316
0.00115625,8.827812
0.0011875,8.76011
0.00121875,8.695029
0.00125,8.632404
0.00128125,8.572084
0.0013125,8.513931
0.00134375,8.457819
0.001375,8.403631
0.0014375,8.300605
0.0015,8.204088
0.0015625,8.11342
0.001625,8.028036
0.0016875,7.94744
0.00175,7.871201
0.0018125,7.79894
0.001875,7.730323
0.0019375,7.665054
0.002,7.602868
0.00209375,7.514864
0.0021875,7.43258
0.00228125,7.355421
0.002375,7.282877
0.00246875,7.214506
0.0025625,7.149922
0.00265625,7.088789
0.00275,7.030808
0.00284375,6.975719
0.0029375,6.923289
0.00303125,6.873311
0.003125,6.825598
0.00321875,6.779986
0.0033125,6.736324
0.00340625,6.694477
0.0035,6.654323
0.00359375,6.61575
0.0036875,6.578659
0.00378125,6.542955
0.003875,6.508555
0.00396875,6.475381
0.0040625,6.443362
0.00425,6.382533
0.0044375,6.325601
0.004625,6.272167
0.0048125,6.221887
0.005,6.174462
0.00515625,6.136934
0.0053125,6.101074
0.00546875,6.066763
0.005625,6.03389
0.00578125,6.00236
0.0059375,5.972083
0.00609375,5.942978
0.00625,5.91497
0.00640625,5.887994
0.0065625,5.861987
0.00671875,5.836893
0.006875,5.812659
0.0071875,5.766585
0.0075,5.723421
0.0078125,5.682873
0.008125,5.644688
0.0084375,5.608644
0.00875,5.574549
0.0090625,5.542233
0.009375,5.511546
0.0096875,5.482357
0.01,5.454547
0.0103125,5.428009
0.010625,5.402653
0.0109375,5.37839
0.01125,5.355146
0.0115625,5.332851
0.011875,5.311442
0.0121875,5.290861
0.0125,5.271057
0.0128125,5.251982
0.013125,5.233593
0.0134375,5.215849
0.01375,5.198713
0.014375,5.166132
0.015,5.13561
0.015625,5.106939
0.01625,5.079938
0.016875,5.054451
0.0175,5.030342
0.018125,5.00749
0.01875,4.985791
0.019375,4.965151
0.02,4.945487
0.0206625,4.925624
0.021325,4.906694
0.0219875,4.888625
0.02265,4.871356
0.0233125,4.854829
0.023975,4.838991
0.0246375,4.823796
0.0253,4.809203
0.02607188,4.792905
0.02684375,4.777317
0.02761563,4.762386
0.0283875,4.748069
0.02915938,4.734325
0.02993125,4.721114
0.03070313,4.708406
0.031475,4.696168
0.03224688,4.684372
0.03301875,4.672992
0.0345625,4.651386
0.03610625,4.631182
0.03765,4.612233
0.03919375,4.594415
0.0407375,4.577621
0.04228125,4.561753
0.043825,4.546732
0.04536875,4.532484
0.0469125,4.518946
0.04845625,4.50606
0.05,4.493775
0.0515625,4.481907
0.053125,4.470566
0.0546875,4.459716
0.05625,4.449321
0.0578125,4.439349
0.059375,4.429774
0.0609375,4.420569
0.0625,4.411712
0.0640625,4.403182
0.065625,4.394957
0.0671875,4.387021
0.06875,4.379357
0.071875,4.364786
0.075,4.351136
0.078125,4.338312
0.08125,4.326236
0.084375,4.314837
0.0875,4.304055
0.090625,4.293834
0.09375,4.284129
0.096875,4.274897
0.1,4.266102
0.103125,4.25771
0.10625,4.249691
0.109375,4.242017
0.1125,4.234665
0.115625,4.227614
0.11875,4.220843
0.121875,4.214334
0.125,4.208071
0.128125,4.202037
0.13125,4.196221
0.134375,4.19061
0.1375,4.18519
0.14375,4.174885
0.15,4.165232
0.15625,4.156163
0.1625,4.147622
0.16875,4.139561
0.175,4.131935
0.18125,4.124707
0.1875,4.117844
0.19375,4.111315
0.2,4.105095
0.209375,4.096291
0.21875,4.08806
0.228125,4.080341
0.2375,4.073084
0.246875,4.066245
0.25625,4.059783
0.265625,4.053668
0.275,4.047866
0.284375,4.042355
0.29375,4.03711
0.303125,4.032109
0.3125,4.027335
0.321875,4.02277
0.33125,4.018402
0.340625,4.014215
0.35,4.010196
0.359375,4.006337
0.36875,4.002624
0.378125,3.999052
0.3875,3.995609
0.396875,3.992289
0.40625,3.989085
0.425,3.982996
0.44375,3.977298
0.4625,3.971949
0.48125,3.966916
0.5,3.962168
0.53125,3.954821
0.5625,3.948094
0.59375,3.941904
0.625,3.936184
0.65625,3.930877
0.6875,3.925936
0.71875,3.92132
0.75,3.916995
0.78125,3.912931
0.8125,3.909104
0.84375,3.905491
0.875,3.902073
0.9375,3.895756
1.0,3.890038
1.0625,3.884831
1.125,3.880064
1.1875,3.875676
1.25,3.871621
1.3125,3.867857
1.375,3.864353
1.4375,3.861078
1.5,3.858009
1.5625,3.855125
1.625,3.852408
1.6875,3.849842
1.75,3.847414
1.875,3.842926
2.0,3.838862
2.09375,3.836054
2.1875,3.833427
2.28125,3.830962
2.375,3.828642
2.46875,3.826455
2.5625,3.824388
2.65625,3.82243
2.75,3.820571
2.9375,3.817121
3.125,3.813982
3.3125,3.811109
3.5,3.808466
3.6875,3.806024
3.875,3.803757
4.0625,3.801646
4.25,3.799673
4.4375,3.797823
4.625,3.796084
4.8125,3.794444
5.0,3.792895
5.3125,3.790492
5.625,3.788285
5.9375,3.786248
6.25,3.78436
6.5625,3.782603
6.875,3.780961
7.1875,3.779421
7.5,3.777975
7.8125,3.77661
8.125,3.775321
8.4375,3.774099
8.75,3.772939
9.375,3.770784
10.0,3.768818
10.625,3.767014
11.25,3.765348
11.875,3.763804
12.5,3.762364
13.125,3.761016
13.75,3.759751
14.375,3.758558
15.0,3.75743
15.625,3.756362
16.25,3.755345
16.875,3.754378
17.5,3.753453
18.75,3.75172
20.0,3.750121
20.9375,3.748999
21.875,3.747933
22.8125,3.746919
23.75,3.745952
24.6875,3.745027
25.625,3.744139
26.5625,3.743285
27.5,3.742463
29.375,3.740905
31.25,3.739445
33.125,3.73807
35.0,3.736768
36.875,3.735529
38.75,3.734347
40.625,3.733214
42.5,3.732125
44.375,3.731076
46.25,3.730061
48.125,3.729079
50.0,3.728125
53.125,3.726593
56.25,3.725123
59.375,3.723708
62.5,3.722341
65.625,3.721016
68.75,3.719728
71.875,3.718473
75.0,3.717248
78.125,3.716051
81.25,3.714877
84.375,3.713726
87.5,3.712594
93.75,3.710385
100.0,3.70824
106.25,3.706147
112.5,3.704101
118.75,3.702096
125.0,3.700127
131.25,3.698188
137.5,3.696278
143.75,3.694395
150.0,3.692533
156.25,3.690693
162.5,3.688872
168.75,3.687069
175.0,3.685282
187.5,3.681751
200.0,3.678272
209.375,3.675693
218.75,3.673137
228.125,3.670602
237.5,3.668088
246.875,3.665592
256.25,3.663112
265.625,3.660649
275.0,3.6582
293.75,3.653345
312.5,3.64854
331.25,3.643782
350.0,3.639067
368.75,3.63439
387.5,3.629751
406.25,3.625145
425.0,3.620574
443.75,3.616032
462.5,3.61152
481.25,3.607037
500.0,3.602581
531.25,3.595213
562.5,3.587914
593.75,3.580681
625.0,3.573512
656.25,3.566404
687.5,3.559356
718.75,3.552365
750.0,3.54543
781.25,3.53855
812.5,3.531724
843.75,3.524949
875.0,3.518225
937.5,3.504925
1000.0,3.49182
1062.5,3.4789
1125.0,3.466162
1187.5,3.4536
1250.0,3.441209
1312.5,3.428984
1375.0,3.416923
1437.5,3.40502
1500.0,3.393273
1562.5,3.381677
1625.0,3.37023
1687.5,3.358929
1750.0,3.34777
1875.0,3.325867
2000.0,3.304501
2093.75,3.288816
2187.5,3.273413
2281.25,3.258285
2375.0,3.243422
2468.75,3.22882
2562.5,3.214471
2656.25,3.200368
2750.0,3.186504
2937.5,3.159471
3125.0,3.133327
3312.5,3.108028
3500.0,3.083533
3687.5,3.059805
3875.0,3.036808
4062.5,3.01451
4250.0,2.992877
4437.5,2.971882
4625.0,2.951497
4812.5,2.931696
5000.0,2.912453
5312.5,2.881563
5625.0,2.85206
5937.5,2.823856
6250.0,2.796865
6562.5,2.771012
6875.0,2.746227
7187.5,2.722444
7500.0,2.699605
7812.5,2.677655
8125.0,2.656542
8437.5,2.636219
8750.0,2.616644
9062.5,2.597776
9375.0,2.579577
9687.5,2.562012
10000.0,2.545049
10312.5,2.528657
10625.0,2.512808
10937.5,2.497475
11250.0,2.482634
11562.5,2.46826
11875.0,2.454333
12187.5,2.440831
12500.0,2.427736
12812.5,2.415029
13125.0,2.402693
13437.5,2.390712
13750.0,2.379071
14375.0,2.356752
15000.0,2.335629
15625.0,2.31561
16250.0,2.296607
16875.0,2.278545
17500.0,2.261357
18125.0,2.244977
18750.0,2.229351
19375.0,2.214426
20000.0,2.200156
20468.75,2.189856
20937.5,2.179885
21406.25,2.170224
21875.0,2.160861
22343.75,2.15178
22812.5,2.14297
23281.25,2.134418
23750.0,2.126113
24687.5,2.110199
25625.0,2.09515
26562.5,2.080894
27500.0,2.06737
28437.5,2.054519
29375.0,2.042292
30312.5,2.030642
31250.0,2.019526
32187.5,2.008909
33125.0,1.998754
34062.5,1.989032
35000.0,1.979713
35937.5,1.970772
36875.0,1.962184
37812.5,1.953927
38750.0,1.945982
39687.5,1.938329
40625.0,1.930953
41562.5,1.923835
42500.0,1.916962
43437.5,1.910319
44375.0,1.903896
45312.5,1.89768
46250.0,1.891658
47187.5,1.885823
48125.0,1.880163
49062.5,1.874669
50000.0,1.869334
51562.5,1.860773
53125.0,1.852598
54687.5,1.844778
56250.0,1.837286
57812.5,1.830096
59375.0,1.823187
60937.5,1.816537
62500.0,1.810127
64062.5,1.803943
65625.0,1.797965
67187.5,1.792179
68750.0,1.786574
70312.5,1.781134
71875.0,1.77585
73437.5,1.770709
75000.0,1.765702
76562.5,1.760819
78125.0,1.756049
79687.5,1.751386
81250.0,1.74682
82812.5,1.742342
84375.0,1.737948
85937.5,1.733627
87500.0,1.729373
89062.5,1.72518
90625.0,1.72104
92187.5,1.716946
93750.0,1.712893
96875.0,1.704876
100000.0,1.696935
101909.6,1.692095
103819.1,1.687247
105728.7,1.682377
107638.2,1.677468
109547.8,1.672502
111457.3,1.66746
113366.8,1.66232
115276.3,1.657058
117185.9,1.651645
119095.4,1.64605
121004.9,1.640237
122914.4,1.63416
124824.0,1.627768
126733.5,1.620997
128643.0,1.613772
130552.5,1.605997
132462.1,1.597553
134371.6,1.58829
136281.2,1.578011
137236.0,1.572414
138190.7,1.566461
139145.5,1.560103
140100.3,1.553288
141055.1,1.545951
142009.8,1.538015
142964.6,1.529386
143919.3,1.519956
144874.1,1.509582
145351.5,1.503991
145828.8,1.498098
146306.2,1.491875
146783.6,1.48529
147261.0,1.478307
147738.4,1.470887
148215.8,1.462982
148693.2,1.454541
149170.6,1.445504
149647.9,1.4358
150125.3,1.425345
150602.7,1.414045
151080.1,1.401791
151318.8,1.395264
151557.4,1.388449
151796.1,1.38132
152034.8,1.373858
152273.5,1.366037
152512.2,1.35783
152750.9,1.349206
152989.6,1.340134
153228.3,1.330575
153466.9,1.320493
153705.6,1.309833
153944.3,1.298549
154183.0,1.286582
154421.7,1.273869
154660.4,1.260335
154899.1,1.245899
155137.8,1.230465
155376.5,1.213926
155495.9,1.205201
155615.2,1.196158
155734.6,1.186767
155853.9,1.17702
155973.3,1.166882
156092.6,1.156345
156212.0,1.145369
156331.3,1.133943
156450.7,1.12202
156570.0,1.109588
156689.4,1.096591
156808.7,1.083015
156928.1,1.068796
157047.4,1.053913
157166.7,1.038306
157286.0,1.021923
157405.4,1.00469
157524.7,0.9865727
157644.1,0.9674706
157763.4,0.9473387
157882.8,0.9260582
158002.1,0.9035712
158121.5,0.8797367
158240.8,0.8544805
158300.5,0.8412621
158360.2,0.8276346
158419.9,0.8135801
158479.5,0.7991048
158539.2,0.7841405
158598.9,0.7686906
158658.6,0.7527336
158718.2,0.7362752
158777.9,0.7192367
158837.6,0.7016211
158897.3,0.6834029
158956.9,0.6645882
159016.6,0.6450871
159076.2,0.6249375
159135.9,0.6040441
159195.5,0.5824488
159255.2,0.5600516
159314.9,0.5368614
159374.6,0.5128526
159434.2,0.488045
159493.9,0.462336
159553.6,0.4357531
159613.3,0.4082899
159672.9,0.3799992
159732.6,0.3508046
159792.3,0.3207912
159852.0,0.2900237
159911.6,0.2586553
159971.3,0.2267287
160031.0,0.1945088
160090.7,0.162296
160150.3,0.1305624
160210.0,0.09978221
160239.9,0.084986
160269.7,0.07081343
160299.6,0.05731898
160329.4,0.04476823
160359.2,0.03332062
160389.0,0.0232188
160404.0,0.01873168
160418.9,0.01472384
160433.8,0.01120798
160448.7,0.008231999
160456.2,0.00695456
160463.7,0.005834115
160471.2,0.004878055
160478.6,0.004103383
160486.1,0.003497123
160493.5,0.003083611
160501.0,0.002860351
160504.7,0.002825608
160508.4,0.002842199
160512.2,0.002913893
160515.9,0.003038131
160519.7,0.003222914
160523.4,0.003459785
160530.9,0.004117606
160538.3,0.005008771
160545.8,0.006168644
160553.2,0.007577875
160560.7,0.009286869
160568.1,0.0112627
160575.6,0.01357222
160583.0,0.01616769
160597.9,0.02240703
160612.8,0.03010561
160627.7,0.0394001
160642.7,0.05052048
160657.6,0.06348341
160672.5,0.07853679
160687.4,0.09587784
160702.4,0.1158651
160717.3,0.138471
160732.2,0.1640812
160747.1,0.1929827
160762.1,0.2257216
160777.0,0.2622106
160791.9,0.3030369
160806.8,0.3486204
160821.7,0.3994231
160836.6,0.4559536
160851.5,0.5187712
160866.4,0.5884913
160881.4,0.6663367
160888.9,0.7083744
160896.3,0.7520178
160903.8,0.7985519
160911.2,0.8468444
160918.7,0.8983161
160926.1,0.9517133
160933.6,1.008606
160941.0,1.067607
160948.5,1.130448
160955.9,1.195598
160963.4,1.264967
160970.8,1.33686
160978.3,1.413384
160985.7,1.492667
160993.2,1.577028
161000.7,1.665609
161008.2,1.758605
161015.6,1.854883
161023.1,1.957252
161030.5,2.063189
161038.0,2.175777
161045.4,2.292236
161052.9,2.415942
161060.3,2.54383
161067.8,2.679598
161075.2,2.819866
161082.7,2.968673
161090.1,3.122298
161097.6,3.285143
161105.0,3.453111
161114.3,3.674854
161123.5,3.906308
161132.7,4.150228
161141.9,4.407025
161151.2,4.680086
161160.4,4.963874
161169.6,5.261529
161178.8,5.573263
161188.1,5.902825
161197.3,6.243158
161206.5,6.597649
161215.7,6.966086
161234.1,7.743215
161252.5,8.569646
161271.0,9.442209
161289.4,10.33999
161307.9,11.25761
161326.3,12.1668
161344.8,13.05634
161363.2,13.89423
161381.6,14.6632
161400.0,15.3429
161418.5,15.91934
161436.9,16.37434
161455.4,16.70654
161473.8,16.91199
161492.3,16.99795
161510.7,16.97285
161529.1,16.84991
161547.5,16.64333
161566.0,16.36627
161584.4,16.03625
161621.3,15.26337
161639.8,14.84262
161658.2,14.41418
161676.6,13.98282
161695.0,13.55405
161712.2,13.15938
161729.4,12.77331
161746.6,12.39778
161763.7,12.03625
161780.9,11.68535
161798.1,11.34778
161815.3,11.02378
161832.4,10.71514
161849.6,10.4181
161866.8,10.13421
161884.0,9.863113
161901.1,9.605846
161918.3,9.358925
161935.5,9.123389
161952.7,8.898726
161969.8,8.685637
161987.0,8.481125
162004.2,8.285967
162021.4,8.099679
162038.5,7.922808
162055.7,7.752839
162072.9,7.590405
162090.1,7.435102
162107.2,7.287389
162124.4,7.145175
162141.6,7.009001
162158.8,6.878543
162175.9,6.754203
162193.1,6.634245
162210.2,6.519792
162244.5,6.303676
162278.9,6.103444
162313.2,5.918624
162347.6,5.746676
162381.9,5.58732
162416.3,5.438481
162450.6,5.300013
162484.9,5.170573
162519.2,5.049362
162553.6,4.935343
162587.9,4.828543
162622.3,4.727764
162656.6,4.633077
162691.0,4.543466
162725.3,4.459035
162759.6,4.37914
162793.9,4.303443
162828.3,4.231431
162862.6,4.163242
162897.0,4.098224
162931.3,4.03652
162965.7,3.977559
163000.0,3.921489
163034.4,3.867804
163068.7,3.816655
163103.1,3.767592
163137.4,3.720763
163171.8,3.675767
163206.1,3.632747
163274.8,3.551704
163343.4,3.476961
163412.1,3.407635
163480.8,3.343264
163549.5,3.283344
163618.1,3.22752
163686.8,3.175245
163755.5,3.126269
163824.2,3.080294
163892.8,3.037117
163961.5,2.996381
164030.2,2.957942
164098.9,2.921614
164167.6,2.88723
164236.3,2.854641
164305.0,2.823711
164373.7,2.794319
164442.3,2.766393
164511.0,2.739753
164579.7,2.714348
164648.4,2.690095
164717.0,2.666953
164785.7,2.644783
164854.4,2.623556
164923.1,2.603215
164991.7,2.583733
165129.1,2.547011
165266.4,2.513092
165403.8,2.481624
165541.1,2.452393
165678.5,2.425132
165815.8,2.399684
165953.2,2.375842
166090.5,2.35349
166227.9,2.332464
166365.3,2.312664
166502.7,2.293983
166640.0,2.276344
166777.4,2.259637
166914.7,2.243815
167052.1,2.228785
167189.4,2.214511
167326.8,2.200916
167464.2,2.187965
167601.6,2.17561
167738.9,2.163821
167876.3,2.152542
168013.6,2.141758
168151.0,2.13142
168288.3,2.121516
168563.1,2.102873
168837.8,2.085655
169112.5,2.069699
169387.2,2.054869
169661.9,2.04105
169936.6,2.02814
170211.3,2.01605
170486.0,2.004705
170760.8,1.994033
171035.5,1.983981
171310.2,1.974493
171584.9,1.965522
171859.7,1.957023
172134.4,1.948964
172409.1,1.941309
172683.8,1.934027
172958.6,1.927089
173233.3,1.920474
173782.7,1.908122
174332.1,1.89681
174881.5,1.886409
175431.0,1.876806
175980.4,1.867915
176529.8,1.859654
177079.2,1.851955
177628.7,1.844759
178178.1,1.838018
178727.5,1.831687
179276.9,1.825728
179826.4,1.820105
180375.8,1.814791
181474.7,1.804984
182573.6,1.796128
183672.4,1.788083
184771.3,1.780731
185870.2,1.773979
186969.1,1.767749
188067.9,1.761976
189166.8,1.756606
190265.7,1.751592
192463.4,1.742484
194661.1,1.734399
196858.8,1.727147
199056.6,1.720585
201254.3,1.714599
203452.1,1.7091
205649.8,1.704018
207847.6,1.699295
210045.3,1.694883
212243.0,1.690744
214440.7,1.686844
218836.2,1.67966
223231.6,1.673159
227627.1,1.667213
232022.5,1.661732
234220.3,1.659143
236418.0,1.656646
238615.8,1.654234
240813.5,1.651905
243011.3,1.649653
245209.0,1.647476
247406.7,1.645372
249604.4,1.643341
251802.2,1.641383
253999.9,1.639501
256197.7,1.637697
258395.4,1.635979
260593.2,1.634355
262790.9,1.632836
263889.8,1.632122
264988.6,1.631441
266087.5,1.630798
267186.3,1.630195
268285.2,1.629636
269384.1,1.629128
270483.0,1.628677
271581.8,1.628291
272680.7,1.627977
273779.6,1.627749
274878.5,1.627618
275977.3,1.627602
277076.2,1.627719
278175.1,1.627994
279274.0,1.628458
279823.4,1.628772
280372.8,1.629149
280922.3,1.629594
281471.7,1.630114
282021.1,1.630718
282570.5,1.631416
283120.0,1.632217
283669.4,1.633135
284218.8,1.634182
284768.2,1.635374
285317.7,1.636731
285867.1,1.638274
286416.6,1.640027
286966.0,1.642021
287515.5,1.644289
288064.9,1.646872
288614.3,1.649821
289163.7,1.65319
289713.2,1.657054
289987.9,1.659196
290262.6,1.661494
290537.3,1.663962
290812.0,1.666616
291086.7,1.66947
291361.4,1.672545
291636.2,1.675862
291910.9,1.679443
292185.6,1.683313
292460.3,1.687504
292735.0,1.692048
293009.7,1.696981
293284.4,1.702348
293559.1,1.708195
293833.9,1.714581
294108.6,1.721563
294383.3,1.729216
294658.0,1.737624
294932.8,1.746885
295207.5,1.757107
295482.2,1.768422
295756.9,1.780985
296031.7,1.794981
296306.4,1.810614
296581.1,1.828144
296718.5,1.837717
296855.8,1.847876
296993.2,1.858683
297130.5,1.870177
297267.9,1.882433
297405.2,1.895494
297542.6,1.909455
297679.9,1.924372
297817.3,1.940355
297954.6,1.957479
298092.0,1.975879
298229.4,1.995663
298366.8,2.01697
298504.1,2.039936
298641.5,2.064765
298778.8,2.09162
298916.2,2.120757
299053.5,2.152386
299190.9,2.186836
299328.2,2.224382
299465.6,2.265449
299602.9,2.310402
299740.3,2.359794
299877.6,2.414117
300015.0,2.474099
300152.3,2.540408
300289.7,2.614013
300427.1,2.695891
300495.8,2.740297
300564.5,2.787233
300633.2,2.83688
300701.8,2.889355
300770.5,2.945022
300839.2,3.004036
300907.9,3.066646
300976.5,3.13302
301045.2,3.203643
301113.9,3.278736
301182.6,3.358638
301251.2,3.44359
301319.9,3.534234
301388.6,3.630877
301457.3,3.733976
301525.9,3.843859
301594.6,3.961366
301663.3,4.0869
301732.0,4.221047
301800.6,4.364208
301869.3,4.517438
301938.0,4.681191
302006.7,4.856129
302075.3,5.042626
302144.0,5.241851
302212.7,5.454114
302281.4,5.679904
302350.0,5.919222
302428.2,6.209137
302506.3,6.51674
302584.4,6.841713
302662.5,7.182665
302818.8,7.902732
302975.0,8.643653
303053.2,9.006631
303131.3,9.352634
303209.4,9.672374
303287.5,9.955551
303365.7,10.19226
303443.8,10.37264
303521.9,10.48958
303600.0,10.53821
303678.2,10.5166
303756.3,10.42629
303834.4,10.2718
303912.5,10.06024
303990.7,9.800172
304068.8,9.502193
304146.9,9.176083
304225.0,8.831456
304381.3,8.119566
304537.5,7.421254
304615.7,7.087698
304693.8,6.768871
304771.9,6.465889
304850.0,6.179593
304942.5,5.862464
305035.0,5.568872
305127.5,5.298007
305219.9,5.048972
305312.4,4.819866
305404.8,4.609741
305497.3,4.416675
305589.7,4.239658
305682.2,4.076941
305774.7,3.927443
305867.2,3.789973
305959.6,3.663569
306052.1,3.54696
306144.5,3.439491
306237.0,3.340107
306329.4,3.248278
306421.9,3.163135
306514.4,3.084175
306606.9,3.01085
306699.3,2.942738
306791.8,2.879247
306884.2,2.820117
306976.7,2.764855
307069.1,2.713257
307161.6,2.664915
307254.1,2.619619
307346.6,2.577126
307439.0,2.537259
307531.5,2.499733
307623.9,2.464446
307716.4,2.431159
307808.8,2.399793
307901.3,2.370143
307993.8,2.342119
308086.3,2.315605
308178.7,2.290523
308363.6,2.244168
308548.5,2.202375
308733.5,2.164551
308918.4,2.130246
309103.3,2.099024
309288.2,2.070527
309473.2,2.044433
309658.1,2.020506
309843.0,1.998498
310027.9,1.97821
310212.8,1.959466
310397.7,1.942111
310582.6,1.926011
310767.5,1.911048
310952.5,1.897106
311137.4,1.88411
311322.3,1.871965
311507.2,1.860601
311692.2,1.849943
311877.1,1.839944
312062.0,1.830546
312246.9,1.821698
312431.9,1.813355
312616.8,1.805486
312801.7,1.798052
312986.6,1.791018
313356.5,1.778039
313726.3,1.766351
314096.2,1.755779
314466.0,1.746185
314835.9,1.737443
315205.7,1.729456
315575.6,1.72213
315945.4,1.715395
316315.2,1.709186
316685.0,1.703444
317054.9,1.698121
317424.7,1.693176
317794.6,1.68857
318164.4,1.684272
318534.3,1.680252
318904.1,1.676487
319274.0,1.672949
319643.8,1.669624
320013.7,1.666491
320383.5,1.663534
321123.2,1.658092
321862.9,1.653201
322602.5,1.648779
323342.2,1.644761
324081.9,1.641092
324821.6,1.637726
325561.3,1.634624
326301.0,1.631756
327040.7,1.629093
327780.4,1.626611
328520.0,1.624291
329259.7,1.622116
329999.4,1.620069
330739.1,1.618138
331478.8,1.616312
332958.2,1.612935
334437.5,1.609873
335916.9,1.607071
337396.3,1.604491
338875.7,1.602099
340355.0,1.599869
341834.4,1.597781
343313.8,1.595817
344793.2,1.593965
346272.5,1.592214
347751.9,1.590555
349231.3,1.588981
350710.7,1.58749
352190.0,1.586079
353669.4,1.584748
355148.8,1.583495
356628.2,1.582326
358107.5,1.581246
359586.9,1.580261
361066.3,1.579382
362545.7,1.578623
364025.0,1.578
365504.4,1.577538
366244.1,1.577375
366983.8,1.577265
367723.5,1.57721
368463.2,1.577216
369202.9,1.577292
369942.5,1.577442
370682.2,1.577677
371421.9,1.578003
372161.6,1.578433
372901.3,1.57898
373641.0,1.579654
374380.7,1.580476
375120.4,1.581461
375860.0,1.582631
376599.7,1.584013
377339.4,1.585635
378079.1,1.587531
378818.8,1.589743
379558.5,1.592316
380298.2,1.595308
381037.9,1.598788
381777.5,1.602835
382517.2,1.607549
382887.1,1.610193
383256.9,1.61305
383626.8,1.616139
383996.6,1.619482
384366.5,1.623105
384736.3,1.627029
385106.2,1.63129
385476.0,1.635917
385845.9,1.640948
386215.7,1.646426
386585.6,1.652399
386955.4,1.658918
387325.2,1.666047
387695.0,1.673853
388064.9,1.68242
388434.7,1.691833
388804.6,1.702202
389174.4,1.713644
389544.3,1.726304
389914.1,1.740339
390284.0,1.755947
390653.8,1.773343
391023.7,1.792803
391393.5,1.814629
391763.4,1.839206
391948.3,1.852658
392133.2,1.866971
392318.2,1.882226
392503.1,1.898481
392688.0,1.915832
392872.9,1.934375
393057.8,1.954215
393242.7,1.975468
393427.6,1.998264
393612.5,2.022749
393797.5,2.0491
393982.4,2.077469
394167.3,2.108073
394352.2,2.141141
394537.2,2.176951
394722.1,2.215753
394907.0,2.257897
395091.9,2.303756
395276.9,2.353786
395461.8,2.408415
395646.7,2.468227
395831.6,2.533858
396016.6,2.606086
396201.5,2.685677
396386.4,2.773652
396571.3,2.871148
396756.3,2.979551
396941.2,3.100292
397033.7,3.165898
397126.1,3.235233
397218.6,3.308718
397311.0,3.386494
397403.5,3.469052
397496.0,3.556662
397588.5,3.649703
397680.9,3.748477
397773.4,3.853644
397865.8,3.965459
397958.3,4.084689
398050.7,4.21164
398143.2,4.3472
398235.7,4.491895
398328.2,4.646436
398420.6,4.811401
398513.1,4.987963
398605.5,5.176604
398698.0,5.378655
398790.4,5.594642
398882.9,5.826039
398975.3,6.073383
399067.8,6.33826
399160.2,6.621143
399252.7,6.923653
399345.1,7.246066
399437.6,7.589888
399530.0,7.954988
399634.4,8.393956
399738.8,8.860882
399843.2,9.354847
399947.5,9.873347
400156.3,10.97136
400365.0,12.10563
400469.4,12.66283
400573.8,13.19622
400678.2,13.69092
400782.5,14.13073
400886.9,14.50086
400991.3,14.78656
401095.7,14.9762
401200.0,15.06199
401304.4,15.04102
401408.8,14.91507
401513.2,14.69079
401617.5,14.37919
401721.9,13.99311
401826.3,13.54784
401930.7,13.05874
402035.0,12.54101
402243.8,11.46811
402452.5,10.41261
402556.9,9.908036
402661.3,9.424676
402765.7,8.96497
402870.0,8.530664
402963.3,8.163719
403056.6,7.817055
403149.9,7.490283
403243.2,7.182791
403336.5,6.893815
403429.8,6.622495
403523.1,6.36791
403616.3,6.129365
403709.6,5.905405
403802.9,5.695365
403896.2,5.498345
403989.4,5.313675
404082.7,5.140139
404176.0,4.977167
404269.3,4.824028
404362.5,4.680192
404455.8,4.544714
404549.1,4.417159
404642.4,4.296975
404735.7,4.183653
404829.0,4.076719
404922.3,3.975733
405015.6,3.880289
405108.8,3.790107
405202.1,3.704643
405295.4,3.623679
405388.7,3.546916
405481.9,3.474154
405668.5,3.339247
405855.0,3.217283
406041.6,3.106568
406228.2,3.005823
406414.8,2.913888
406601.3,2.829795
406787.9,2.752581
406974.4,2.68157
407161.0,2.616021
407347.5,2.555421
407534.1,2.499194
407720.7,2.446923
407907.3,2.398207
408093.8,2.352717
408280.4,2.310087
408466.9,2.270083
408653.5,2.232407
408840.0,2.196872
409026.6,2.163234
409213.2,2.131325
409399.8,2.100975
409586.3,2.07204
409772.9,2.044345
409959.4,2.017784
410146.0,1.992203
410332.5,1.967509
410519.1,1.943562
410705.7,1.920266
410892.3,1.897514
411078.8,1.875214
411265.4,1.853238
411451.9,1.831507
411825.0,1.78832
412198.2,1.744822
412384.8,1.722722
412571.3,1.700304
412757.9,1.677523
412944.4,1.654477
413131.0,1.631394
413317.5,1.608921
413410.8,1.598287
413504.1,1.588415
413597.4,1.579742
413690.7,1.572908
413784.0,1.568884
413830.7,1.568361
413877.3,1.569152
413924.0,1.571577
413970.6,1.576024
414017.2,1.583004
414063.8,1.593163
414110.5,1.607374
414157.1,1.626661
414180.5,1.638703
414203.8,1.65254
414227.1,1.668475
414250.4,1.686797
414273.8,1.707944
414297.1,1.73213
414320.4,1.759901
414343.7,1.791799
414367.0,1.828462
414390.3,1.870637
414413.6,1.91922
414436.9,1.975267
414460.3,2.040341
414483.6,2.115408
414506.9,2.202549
414518.6,2.251534
414530.2,2.303961
414541.9,2.361086
414553.6,2.422859
414565.3,2.489712
414576.9,2.561474
414588.6,2.639899
414600.2,2.724213
414611.9,2.816504
414623.5,2.915883
414635.2,3.024836
414646.9,3.143398
414658.6,3.272514
414670.2,3.411971
414681.9,3.565308
414693.5,3.731138
414705.2,3.913681
414716.8,4.111281
414728.5,4.328948
414740.1,4.564662
414751.8,4.824323
414763.4,5.105395
414775.1,5.414717
414786.7,5.748991
414798.4,6.115955
414810.0,6.511157
414821.9,6.950681
414833.8,7.425976
414845.7,7.937631
414857.5,8.480554
414869.4,9.062376
414881.3,9.675479
414905.0,10.96723
414928.8,12.29784
414940.7,12.94345
414952.5,13.54961
414964.4,14.10934
414976.3,14.60019
414988.2,15.00667
415000.0,15.31409
415011.9,15.51938
415023.8,15.61598
415035.7,15.60539
415047.5,15.49513
415059.4,15.29321
415071.3,15.01275
415083.2,14.66777
415095.0,14.27613
415118.8,13.38953
415142.5,12.45266
415154.4,11.98351
415166.3,11.5233
415178.2,11.0763
415190.0,10.64904
415206.0,10.09849
415221.9,9.586376
415237.9,9.106969
415253.8,8.665669
415269.8,8.255505
415285.7,7.879711
415301.7,7.531402
415317.6,7.212699
415333.6,6.917357
415349.5,6.646935
415365.5,6.396
415381.4,6.165814
415397.4,5.951748
415413.3,5.754899
415429.3,5.571345
415445.2,5.402084
415461.2,5.243802
415477.1,5.09742
415493.1,4.960132
415509.0,4.832795
415525.0,4.713023
415540.9,4.601613
415556.9,4.496527
415572.8,4.398509
415588.8,4.305806
415604.7,4.219109
415620.7,4.136904
415636.6,4.059833
415652.6,3.986576
415668.5,3.917733
415684.5,3.852148
415700.4,3.790375
415716.4,3.731398
415732.3,3.675735
415764.2,3.572122
415796.1,3.478116
415828.0,3.392517
415859.9,3.314309
415891.8,3.242624
415923.7,3.176721
415955.6,3.11596
415987.5,3.059789
416019.4,3.007729
416051.3,2.959363
416083.2,2.914326
416115.1,2.8723
416147.0,2.832999
416178.9,2.796179
416210.7,2.761722
416242.6,2.729218
416274.5,2.6986
416306.4,2.669717
416338.3,2.642426
416370.2,2.616602
416402.1,2.592132
416465.9,2.546856
416529.7,2.505891
416593.5,2.468655
416657.3,2.434664
416721.0,2.403558
416784.8,2.374898
416848.6,2.348445
416912.4,2.323952
416976.2,2.301206
417040.0,2.280024
417103.8,2.260246
417167.6,2.241736
417231.3,2.224398
417295.1,2.208071
417358.9,2.19269
417422.7,2.178172
417486.5,2.164446
417550.3,2.151444
417614.1,2.139108
417741.6,2.116248
417869.2,2.095474
417996.8,2.076511
418124.4,2.05912
418251.9,2.043114
418379.5,2.028302
418507.1,2.014553
418634.7,2.001753
418762.2,1.989805
418889.8,1.978605
419017.4,1.968087
419145.0,1.958185
419272.5,1.948849
419400.1,1.940014
419527.7,1.931644
419782.9,1.916148
420038.1,1.902095
420293.2,1.889282
420548.4,1.87753
420803.5,1.86671
421058.7,1.856698
421313.8,1.847409
421569.0,1.838756
421824.1,1.830676
422079.3,1.823107
422334.4,1.816005
422844.7,1.803024
423355.0,1.791454
423865.4,1.781078
424375.7,1.771733
424886.0,1.763284
425396.3,1.755625
425906.6,1.74867
426416.9,1.74235
426927.2,1.736608
427437.5,1.731399
427947.9,1.726687
428458.2,1.722444
428968.5,1.718647
429478.8,1.71528
429989.1,1.712333
430499.4,1.709801
431009.7,1.707685
431520.0,1.705991
432030.4,1.704728
432540.7,1.703916
433051.0,1.703578
433561.3,1.703745
434071.6,1.704457
434581.9,1.705763
435092.2,1.707723
435602.5,1.710412
436112.9,1.71392
436623.2,1.718356
437133.5,1.723856
437388.7,1.727055
437643.8,1.730583
437899.0,1.734468
438154.1,1.738739
438409.3,1.74343
438664.4,1.748572
438919.6,1.754214
439174.7,1.760395
439429.9,1.767169
439685.0,1.774589
439940.2,1.782725
440195.4,1.791647
440450.6,1.801436
440705.7,1.81218
440960.9,1.823992
441216.0,1.836983
441471.2,1.851297
441726.3,1.867079
441981.5,1.88452
442236.6,1.903812
442491.8,1.925203
442746.9,1.948954
443002.1,1.975399
443257.2,2.004888
443512.4,2.037876
443767.5,2.074844
444022.7,2.116418
444150.3,2.139142
444277.9,2.163288
444405.5,2.188964
444533.1,2.216288
444660.7,2.24539
444788.2,2.276383
444915.8,2.309472
445043.4,2.3448
445171.0,2.382548
445298.5,2.422887
445426.1,2.466096
445553.7,2.512385
445681.3,2.562014
445808.8,2.615225
445936.4,2.672412
446064.0,2.733875
446191.6,2.799982
446319.1,2.871075
446446.7,2.947701
446574.3,3.030271
446701.9,3.119289
446829.4,3.215213
446957.0,3.318759
447084.6,3.430448
447212.2,3.550897
447339.7,3.680623
447467.3,3.820448
447594.9,3.970864
447722.5,4.132406
447850.0,4.305374
447984.4,4.500527
448118.8,4.708935
448253.2,4.930346
448387.5,5.163864
448656.3,5.662122
448925.0,6.1834
449059.4,6.442589
449193.8,6.693342
449328.2,6.929078
449462.5,7.142583
449596.9,7.327067
449731.3,7.475742
449865.7,7.583069
450000.0,7.645101
450134.4,7.660025
450268.8,7.628066
450403.2,7.551639
450537.5,7.435078
450671.9,7.28379
450806.3,7.104236
450940.7,6.903062
451075.0,6.686879
451343.8,6.231515
451612.5,5.776046
451746.9,5.556172
451881.3,5.344348
452015.7,5.141844
452150.0,4.949579
452337.0,4.699323
452430.5,4.581855
452523.9,4.469539
452617.4,4.362039
452710.8,4.259457
452804.3,4.161425
452897.7,4.067993
452991.2,3.978789
453084.7,3.893739
453178.2,3.812663
453271.6,3.735461
453365.1,3.661792
453458.5,3.591638
453645.4,3.460898
453832.4,3.341892
454019.3,3.233559
454206.2,3.134753
454393.1,3.044496
454580.0,2.961916
454766.9,2.886228
454953.8,2.816735
455140.7,2.752816
455327.7,2.693888
455514.6,2.639523
455701.5,2.589253
455888.4,2.542687
456075.3,2.499481
456262.2,2.459323
456449.1,2.421941
456636.0,2.387087
456823.0,2.354524
457009.9,2.324087
457196.8,2.295582
457383.7,2.268848
457570.6,2.243742
457757.5,2.220134
457944.4,2.197904
458131.3,2.176948
458318.3,2.157158
458505.2,2.138468
458692.1,2.120788
458879.0,2.104043
459065.9,2.08817
459252.8,2.073105
459439.7,2.058794
459626.6,2.045187
460000.5,2.019892
460374.3,1.996906
460748.1,1.975939
461121.9,1.956757
461495.8,1.939148
461869.6,1.922947
462243.4,1.907996
462617.2,1.894166
462991.1,1.881337
463364.9,1.869416
463738.7,1.858312
464112.5,1.847948
464486.4,1.838252
464860.2,1.829169
465234.1,1.820641
465607.9,1.812625
465981.8,1.805073
466355.6,1.797952
466729.4,1.791223
467103.2,1.784859
467477.1,1.778828
467850.9,1.773107
468224.7,1.767674
468598.5,1.762508
468972.4,1.757588
469346.2,1.752899
470093.8,1.744152
470841.5,1.736154
471589.1,1.728816
472336.8,1.722056
473084.4,1.71581
473832.1,1.71002
474579.7,1.704639
475327.4,1.699621
476075.0,1.694932
476822.7,1.690537
477570.4,1.686411
478318.1,1.682528
479065.7,1.678867
479813.4,1.675407
480561.0,1.672131
481308.7,1.669025
482056.3,1.666075
482804.0,1.663269
483551.6,1.660594
484299.3,1.658042
485046.9,1.655605
485794.6,1.653272
486542.2,1.651038
487289.9,1.648894
488037.5,1.646837
489532.8,1.642956
491028.1,1.639355
492523.4,1.636002
494018.7,1.632869
495514.0,1.629931
497009.3,1.627169
498504.6,1.624564
499999.9,1.622101
500000.1,2.9384
550000.0,2.9017
600000.0,2.8812
650000.0,2.8738
700000.0,2.8769
750000.0,2.8887
800000.0,2.907601
850000.0,2.9323
900000.0,2.9618
950000.0,2.9951
1000000.0,3.0314
1100000.0,3.1105
1200000.0,3.1943
1300000.0,3.2792
1400000.0,3.3622
1500000.0,3.441201
1600000.0,3.5146
1700000.0,3.5814
1800000.0,3.6409
1900000.0,3.6931
2000000.0,3.738
2100000.0,3.7758
2200000.0,3.807
2300000.0,3.832001
2400000.0,3.8514
2500000.0,3.8657
2600000.0,3.8753
2700000.0,3.8809
2800000.0,3.8829
2900000.0,3.881701
3000000.0,3.8777
3100000.0,3.8713
3200000.0,3.8627
3300000.0,3.8522
3400000.0,3.8402
3500000.0,3.8267
3600000.0,3.812
3700000.0,3.7963
3800000.0,3.7796
3900000.0,3.7622
3912320.0,3.76
4000000.0,3.7441
4100000.0,3.72525
4200000.0,3.7064
4373430.0,3.6722
4400000.0,3.6669
4598070.0,3.6267
4600000.0,3.626301
4601760.0,3.6259
4601763.0,3.625897
4628575.0,3.620372
4655387.0,3.614847
4682199.0,3.609323
4709010.0,3.6038
4709013.0,3.603797
4754507.0,3.594347
4800000.0,3.5849
5000000.0,3.5431
5200000.0,3.501101
5253840.0,3.4898
5371260.0,3.4651
5400000.0,3.459101
5423150.0,3.4542
5423155.0,3.454197
5425780.0,3.4537
5482790.0,3.4417
5482794.0,3.441697
5529332.0,3.431998
5575870.0,3.4223
5575871.0,3.4223
5600000.0,3.4172
5700000.0,3.396451
5800000.0,3.375701
5849850.0,3.3654
6000000.0,3.3345
6200000.0,3.2938
6233240.0,3.2871
6233244.0,3.287099
6400000.0,3.253699
6470090.0,3.2397
6470093.0,3.239699
6478470.0,3.2381
6478476.0,3.238098
6600000.0,3.214
6616300.0,3.2108
6616306.0,3.210799
6753330.0,3.184
6788850.0,3.1771
6800000.0,3.175
6826430.0,3.169901
6826434.0,3.169899
6934360.0,3.149001
7000000.0,3.1365
7200000.0,3.0985
7400000.0,3.0611
7600000.0,3.0242
7800000.0,2.9879
8000000.0,2.9521
8500000.0,2.8654
9000000.0,2.782901
9035140.0,2.7773
9500000.0,2.7055
10000000.0,2.6341
10155600.0,2.6132
10500000.0,2.5693
10730100.0,2.5418
11000000.0,2.5114
11125000.0,2.498674
11250000.0,2.485949
11375000.0,2.473224
11500000.0,2.460499
11506000.0,2.4599
11545800.0,2.4562
11724450.0,2.440199
11903100.0,2.4242
12000000.0,2.4161
12138000.0,2.4049
12353500.0,2.3883
12362600.0,2.3876
12500000.0,2.3776
12625000.0,2.369248
12750000.0,2.360898
12875000.0,2.352548
13000000.0,2.3442
13250000.0,2.329648
13500000.0,2.3151
13689900.0,2.3049
13689940.0,2.304898
13868000.0,2.2959
14000000.0,2.2894
14234500.0,2.2784
14234560.0,2.278397
14500000.0,2.2667
14680000.0,2.2591
15000000.0,2.2464
15500000.0,2.2283
15930400.0,2.2143
15930500.0,2.214297
16000000.0,2.2122
16004000.0,2.2121
16004010.0,2.212099
16139300.0,2.2081
16500000.0,2.198
16603700.0,2.1953
16603770.0,2.195298
16709400.0,2.1927
16908100.0,2.1879
17000000.0,2.1858
17288400.0,2.1796
17288480.0,2.179599
17372100.0,2.178
17372200.0,2.177999
17402700.0,2.177401
17402730.0,2.177399
17500000.0,2.1755
17584700.0,2.174
17584780.0,2.173999
17666200.0,2.1725
17666260.0,2.172499
17779000.0,2.1706
18000000.0,2.1672
18500000.0,2.1608
19000000.0,2.1564
19250000.0,2.155149
19500000.0,2.1539
19750000.0,2.153549
20000000.0,2.1532
20000010.0,2.153285
21000000.0,2.15688
22000000.0,2.16625
23000000.0,2.1801
24000000.0,2.1972
25000000.0,2.2162
26000000.0,2.2365
27000000.0,2.2569
28000000.0,2.2772
29000000.0,2.2968
30000000.0,2.3155
31000000.0,2.333
32000000.0,2.3493
33000000.0,2.3643
34000000.0,2.3777
35000000.0,2.3898
36000000.0,2.40029
37000000.0,2.40907
38000000.0,2.41636
39000000.0,2.42195
40000000.0,2.42601
41000000.0,2.42844
42000000.0,2.42933
43000000.0,2.42876
44000000.0,2.42674
45000000.0,2.42325
46000000.0,2.41848
47000000.0,2.41254
48000000.0,2.40531
49000000.0,2.39699
50000000.0,2.38757
51000000.0,2.37725
52000000.0,2.36602
53000000.0,2.35386
54000000.0,2.34099
55000000.0,2.32739
56000000.0,2.31315
57000000.0,2.29827
58000000.0,2.28284
59000000.0,2.26697
60000000.0,2.25064
61000000.0,2.23384
62000000.0,2.21668
63000000.0,2.19925
64000000.0,2.18165
65000000.0,2.16367
66000000.0,2.14561
67000000.0,2.12736
68000000.0,2.10892
69000000.0,2.09049
70000000.0,2.07196
71000000.0,2.05333
72000000.0,2.0347
73000000.0,2.01607
74000000.0,1.99753
75000000.0,1.97897
76000000.0,1.96064
77000000.0,1.94226
78000000.0,1.92406
79000000.0,1.90583
80000000.0,1.88789
81000000.0,1.86991
82000000.0,1.85221
83000000.0,1.83458
84000000.0,1.81705
85000000.0,1.79986
86000000.0,1.78273
87000000.0,1.76586
88000000.0,1.74915
89000000.0,1.7327
90000000.0,1.7162
91000000.0,1.70006
92000000.0,1.68422
93000000.0,1.66842
94000000.0,1.653
95000000.0,1.63762
96000000.0,1.62261
97000000.0,1.60766
98000000.0,1.59292
99000000.0,1.57857
100000000.0,1.56429
102000000.0,1.53649
104000000.0,1.50955
106000000.0,1.48345
108000000.0,1.45807
110000000.0,1.43365
112000000.0,1.41004
114000000.0,1.38723
116000000.0,1.36521
118000000.0,1.34383
120000000.0,1.32332
122000000.0,1.30354
124000000.0,1.28447
126000000.0,1.26597
128000000.0,1.24826
130000000.0,1.2312
132000000.0,1.21463
134000000.0,1.19881
136000000.0,1.18362
138000000.0,1.16898
140000000.0,1.15475
142000000.0,1.14119
144000000.0,1.12816
146000000.0,1.11552
148000000.0,1.10347
150000000.0,1.0919
152000000.0,1.08065
154000000.0,1.06997
156000000.0,1.05976
158000000.0,1.04978
160000000.0,1.04035
162000000.0,1.03129
164000000.0,1.02247
166000000.0,1.01417
168000000.0,1.0062
170000000.0,0.99843
172000000.0,0.9911301
174000000.0,0.98413
176000000.0,0.97731
178000000.0,0.97095
180000000.0,0.96485
182000000.0,0.9589
184000000.0,0.95336
186000000.0,0.94808
188000000.0,0.94296
190000000.0,0.93819
192000000.0,0.93353
194000000.0,0.92924
196000000.0,0.92519
198000000.0,0.9212401
200000000.0,0.91766
