1e-05,92941.9
1.03125e-05,91524.11
1.0625e-05,90169.34
1.09375e-05,88873.05
1.125e-05,87631.16
1.15625e-05,86439.96
1.1875e-05,85296.09
1.21875e-05,84196.51
1.25e-05,83138.42
1.28125e-05,82119.29
1.3125e-05,81136.77
1.34375e-05,80188.73
1.375e-05,79273.19
1.4375e-05,77532.51
1.5e-05,75901.79
1.5625e-05,74369.92
1.625e-05,72927.3
1.6875e-05,71565.59
1.75e-05,70277.49
1.8125e-05,69056.61
1.875e-05,67897.29
1.9375e-05,66794.53
2e-05,65743.88
2.09375e-05,64257.0
2.1875e-05,62866.77
2.28125e-05,61563.14
2.375e-05,60337.48
2.46875e-05,59182.32
2.5625e-05,58091.15
2.65625e-05,57058.27
2.75e-05,56078.66
2.84375e-05,55147.91
2.9375e-05,54262.07
3.03125e-05,53417.66
3.125e-05,52611.54
3.21875e-05,51840.89
3.3125e-05,51103.2
3.40625e-05,50396.18
3.5e-05,49717.76
3.59375e-05,49066.06
3.6875e-05,48439.38
3.78125e-05,47836.15
3.875e-05,47254.94
3.96875e-05,46694.46
4.0625e-05,46153.49
4.25e-05,45125.75
4.4375e-05,44163.86
4.625e-05,43261.07
4.8125e-05,42411.57
5e-05,41610.31
5.15625e-05,40976.26
5.3125e-05,40370.39
5.46875e-05,39790.68
5.625e-05,39235.29
5.78125e-05,38702.58
5.9375e-05,38191.03
6.09375e-05,37699.29
6.25e-05,37226.1
6.40625e-05,36770.33
6.5625e-05,36330.94
6.71875e-05,35906.97
6.875e-05,35497.53
7.1875e-05,34719.09
7.5e-05,33989.82
7.8125e-05,33304.75
8.125e-05,32659.61
8.4375e-05,32050.64
8.75e-05,31474.59
9.0625e-05,30928.61
9.375e-05,30410.15
9.6875e-05,29916.99
0.0001,29447.13
0.000103125,28998.79
0.00010625,28570.38
0.000109375,28160.47
0.0001125,27767.75
0.000115625,27391.07
0.00011875,27029.36
0.000121875,26681.64
0.000125,26347.06
0.000128125,26024.78
0.00013125,25714.09
0.000134375,25414.3
0.0001375,25124.79
0.00014375,24574.35
0.00015,24058.69
0.00015625,23574.28
0.0001625,23118.1
0.00016875,22687.5
0.000175,22280.18
0.00018125,21894.11
0.0001875,21527.52
0.00019375,21178.8
0.0002,20846.57
0.000209375,20376.39
0.00021875,19936.78
0.000228125,19524.55
0.0002375,19136.98
0.000246875,18771.7
0.00025625,18426.66
0.000265625,18100.05
0.000275,17790.28
0.000284375,17495.97
0.00029375,17215.86
0.000303125,16948.84
0.0003125,16693.94
0.000321875,16450.25
0.00033125,16216.99
0.000340625,15993.42
0.00035,15778.9
0.000359375,15572.83
0.00036875,15374.66
0.000378125,15183.92
0.0003875,15000.14
0.000396875,14822.91
0.00040625,14651.85
0.000425,14326.87
0.00044375,14022.72
0.0004625,13737.25
0.00048125,13468.64
0.0005,13215.28
0.000515625,13014.8
0.00053125,12823.22
0.000546875,12639.92
0.0005625,12464.31
0.000578125,12295.86
0.00059375,12134.11
0.000609375,11978.63
0.000625,11829.01
0.000640625,11684.9
0.00065625,11545.97
0.000671875,11411.91
0.0006875,11282.45
0.00071875,11036.31
0.00075,10805.73
0.00078125,10589.13
0.0008125,10385.14
0.00084375,10192.6
0.000875,10010.46
0.00090625,9837.83
0.0009375,9673.907
0.00096875,9517.981
0.001,9369.425
0.00103125,9227.673
0.0010625,9092.223
0.00109375,8962.622
0.001125,8838.458
0.00115625,8719.365
0.0011875,8605.004
0.00121875,8495.072
0.00125,8389.289
0.00128125,8287.401
0.0013125,8189.173
0.00134375,8094.394
0.001375,8002.864
0.0014375,7828.844
0.0015,7665.819
0.0015625,7512.678
0.001625,7368.461
0.0016875,7232.333
0.00175,7103.567
0.0018125,6981.521
0.001875,6865.631
0.0019375,6755.396
0.002,6650.371
0.00209375,6501.743
0.0021875,6362.777
0.00228125,6232.472
0.002375,6109.962
0.00246875,5994.501
0.0025625,5885.437
0.00265625,5782.202
0.00275,5684.294
0.00284375,5591.269
0.0029375,5502.736
0.00303125,5418.344
0.003125,5337.781
0.00321875,5260.765
0.0033125,5187.043
0.00340625,5116.388
0.0035,5048.592
0.00359375,4983.468
0.0036875,4920.844
0.00378125,4860.566
0.003875,4802.489
0.00396875,4746.484
0.0040625,4692.43
0.00425,4589.741
0.0044375,4493.634
0.004625,4403.436
0.0048125,4318.565
0.005,4238.518
0.00515625,4175.176
0.0053125,4114.653
0.00546875,4056.744
0.005625,4001.267
0.00578125,3948.055
0.0059375,3896.96
0.00609375,3847.845
0.00625,3800.584
0.00640625,3755.065
0.0065625,3711.183
0.00671875,3668.842
0.006875,3627.955
0.0071875,3550.219
0.0075,3477.399
0.0078125,3408.998
0.008125,3344.586
0.0084375,3283.79
0.00875,3226.285
0.0090625,3171.784
0.009375,3120.035
0.0096875,3070.814
0.01,3023.921
0.0103125,2979.179
0.010625,2936.429
0.0109375,2895.527
0.01125,2856.343
0.0115625,2818.762
0.011875,2782.677
0.0121875,2747.991
0.0125,2714.617
0.0128125,2682.472
0.013125,2651.485
0.0134375,2621.587
0.01375,2592.717
0.014375,2537.83
0.015,2486.419
0.015625,2438.131
0.01625,2392.661
0.016875,2349.748
0.0175,2309.16
0.018125,2270.696
0.01875,2234.175
0.019375,2199.442
0.02,2166.354
0.0206625,2132.937
0.021325,2101.095
0.0219875,2070.707
0.02265,2041.667
0.0233125,2013.879
0.023975,1987.253
0.0246375,1961.713
0.0253,1937.186
0.02607188,1909.802
0.02684375,1883.612
0.02761563,1858.533
0.0283875,1834.488
0.02915938,1811.407
0.02993125,1789.23
0.03070313,1767.898
0.031475,1747.359
0.03224688,1727.564
0.03301875,1708.472
0.0345625,1672.235
0.03610625,1638.359
0.03765,1606.6
0.03919375,1576.747
0.0407375,1548.617
0.04228125,1522.052
0.043825,1496.913
0.04536875,1473.076
0.0469125,1450.435
0.04845625,1428.891
0.05,1408.362
0.0515625,1388.535
0.053125,1369.598
0.0546875,1351.485
0.05625,1334.138
0.0578125,1317.506
0.059375,1301.541
0.0609375,1286.2
0.0625,1271.443
0.0640625,1257.236
0.065625,1243.543
0.06875,1217.588
0.071875,1193.364
0.075,1170.688
0.078125,1149.403
0.08125,1129.375
0.084375,1110.484
0.0875,1092.63
0.090625,1075.721
0.09375,1059.678
0.096875,1044.431
0.1,1029.915
0.103125,1016.077
0.10625,1002.864
0.109375,990.233
0.1125,978.1419
0.115625,966.5545
0.11875,955.4372
0.121875,944.7595
0.125,934.4937
0.128125,924.6146
0.13125,915.0989
0.1375,897.0741
0.14375,880.2684
0.15,864.5529
0.15625,849.8173
0.1625,835.9662
0.16875,822.9165
0.175,810.5959
0.18125,798.9408
0.1875,787.8949
0.19375,777.4085
0.2,767.4376
0.209375,753.3623
0.21875,740.2423
0.228125,727.9779
0.2375,716.4836
0.246875,705.6853
0.25625,695.5183
0.265625,685.9264
0.275,676.8599
0.284375,668.275
0.29375,660.1328
0.303125,652.3985
0.3125,645.0415
0.321875,638.0337
0.33125,631.3503
0.340625,624.9687
0.35,618.8684
0.359375,613.031
0.36875,607.4395
0.378125,602.0786
0.3875,596.9342
0.40625,587.2445
0.425,578.279
0.44375,569.9603
0.4625,562.222
0.48125,555.0071
0.5,548.2659
0.53125,537.9684
0.5625,528.7005
0.59375,520.3254
0.625,512.7305
0.65625,505.8223
0.6875,499.5228
0.71875,493.7658
0.75,488.4951
0.78125,483.6624
0.8125,479.2262
0.84375,475.1503
0.875,471.4032
0.9375,464.7887
1.0,459.1988
1.0625,454.4884
1.125,450.5422
1.1875,447.2664
1.25,444.5848
1.3125,442.4344
1.375,440.7627
1.4375,439.5258
1.5,438.6868
1.5625,438.2142
1.625,438.0815
1.6875,438.266
1.75,438.748
1.875,440.5402
2.0,443.3512
2.09375,446.0798
2.1875,449.312
2.28125,453.0285
2.375,457.215
2.46875,461.8612
2.5625,466.9607
2.65625,472.5097
2.75,478.5077
2.9375,491.8613
3.125,507.0651
3.3125,524.1982
3.5,543.3731
3.6875,564.7363
3.875,588.4698
4.0625,614.7943
4.25,643.9746
4.4375,676.3251
4.625,712.2188
4.8125,752.0974
5.0,796.4847
5.151563,836.0824
5.303125,879.4167
5.454688,926.9344
5.60625,979.1533
5.757813,1036.679
5.909375,1100.217
6.060938,1170.603
6.136719,1208.663
6.2125,1248.818
6.288282,1291.22
6.364063,1336.034
6.439844,1383.443
6.515625,1433.648
6.591407,1486.867
6.667188,1543.342
6.742969,1603.339
6.81875,1667.153
6.894532,1735.109
6.970313,1807.567
7.046094,1884.928
7.121875,1967.639
7.197657,2056.197
7.273438,2151.159
7.349219,2253.148
7.425,2362.866
7.500782,2481.105
7.576563,2608.757
7.652344,2746.833
7.728125,2896.485
7.803907,3059.027
7.879688,3235.955
7.955469,3428.992
8.03125,3640.12
8.107032,3871.639
8.182813,4126.199
8.258594,4406.904
8.334375,4717.382
8.410157,5061.896
8.448048,5248.455
8.485938,5445.472
8.523829,5653.734
8.561719,5874.078
8.59961,6107.443
8.6375,6354.827
8.675391,6617.356
8.713282,6896.242
8.751173,7192.823
8.789063,7508.562
8.826954,7845.099
8.864844,8204.201
8.902735,8587.863
8.940625,8998.247
8.978516,9437.789
9.016407,9909.156
9.054298,10415.32
9.092188,10959.55
9.130079,11545.55
9.167969,12177.37
9.20586,12859.56
9.24375,13597.14
9.281641,14395.75
9.319532,15261.65
9.357423,16201.75
9.395313,17223.76
9.433204,18336.26
9.471094,19548.62
9.508985,20871.25
9.546875,22315.39
9.584766,23893.35
9.622657,25618.17
9.660548,27503.59
9.698438,29563.65
9.736329,31812.43
9.774219,34262.84
9.81211,36926.09
9.85,39809.5
9.8875,42881.92
9.925,46165.62
9.9625,49643.15
10.0,53282.25
10.0875,62073.91
10.13125,66351.29
10.175,70289.09
10.19688,72058.31
10.21875,73653.06
10.24063,75045.3
10.2625,76206.33
10.28438,77113.02
10.30625,77744.81
10.32813,78088.02
10.35,78134.34
10.38125,77684.6
10.4125,76647.74
10.44375,75069.53
10.475,73016.56
10.50625,70569.55
10.5375,67816.04
10.56875,64843.77
10.6,61735.1
10.6625,55390.37
10.725,49230.06
10.75625,46309.3
10.7875,43523.21
10.81875,40883.41
10.85,38395.57
10.88575,35737.12
10.92149,33275.93
10.95723,31003.71
10.99297,28910.43
11.02872,26984.23
11.06446,25214.2
11.1002,23587.75
11.13594,22093.18
11.17169,20718.95
11.20743,19455.36
11.24317,18292.26
11.27891,17220.7
11.31466,16232.19
11.3504,15319.8
11.38614,14476.45
11.42188,13695.97
11.45763,12972.59
11.49337,12301.68
11.52911,11678.46
11.56485,11098.83
11.6006,10558.91
11.63634,10055.66
11.67208,9585.861
11.70782,9146.781
11.74357,8735.814
11.77931,8350.931
11.81505,7989.966
11.85079,7651.06
11.88653,7332.521
11.92227,7032.812
11.95801,6750.527
11.99375,6484.391
12.0295,6233.165
12.06524,5995.921
12.10098,5771.608
12.13672,5559.333
12.17247,5358.216
12.20821,5167.616
12.27969,4815.068
12.35118,4496.665
12.42266,4208.307
12.49415,3946.332
12.56563,3707.74
12.63712,3489.819
12.7086,3290.341
12.78009,3107.265
12.85157,2938.913
12.92306,2783.728
12.99454,2640.429
13.06602,2507.829
13.1375,2384.903
13.20899,2270.727
13.28047,2164.53
13.35196,2065.565
13.42344,1973.223
13.49493,1886.907
13.56641,1806.132
13.6379,1730.417
13.70938,1659.373
13.78087,1592.606
13.85235,1529.802
13.92384,1470.638
13.99532,1414.857
14.06681,1362.193
14.13829,1312.434
14.20977,1265.364
14.28125,1220.795
14.35274,1178.549
14.42422,1138.478
14.56719,1064.272
14.71016,997.1532
14.85313,936.251
14.9961,880.8255
15.13907,830.2427
15.28204,783.9572
15.425,741.501
15.56797,702.4598
15.71094,666.481
15.85391,633.2541
15.99688,602.5064
16.13985,573.9986
16.28282,547.5188
16.42579,522.88
16.56875,499.9175
16.71172,478.4805
16.85469,458.4384
16.99766,439.6732
17.14063,422.0791
17.2836,405.5608
17.42657,390.0327
17.56954,375.4174
17.7125,361.646
17.85547,348.6528
17.99844,336.3815
18.14141,324.7797
18.28438,313.7996
18.42735,303.3977
18.57032,293.5341
18.71329,284.1725
18.85625,275.2798
19.14219,258.7785
19.42813,243.8133
19.71407,230.1995
20.0,217.7798
20.23438,208.3938
20.46875,199.6535
20.70313,191.5004
20.9375,183.8837
21.17188,176.7567
21.40625,170.0789
21.64063,163.8127
21.875,157.9254
22.10938,152.3865
22.34375,147.1696
22.57813,142.2496
22.8125,137.6048
23.04688,133.2146
23.28125,129.0611
23.51563,125.1271
23.75,121.3978
23.98438,117.8587
24.21875,114.4975
24.45313,111.3021
24.6875,108.2619
25.15625,102.608
25.625,97.46518
26.09375,92.77342
26.5625,88.48116
27.03125,84.54404
27.5,80.92366
27.96875,77.58671
28.4375,74.50412
28.90625,71.65048
29.375,69.00345
29.84375,66.5434
30.3125,64.25292
30.78125,62.11663
31.25,60.12085
31.71875,58.25337
32.1875,56.50329
32.65625,54.86085
33.125,53.31728
33.59375,51.8647
34.0625,50.49598
34.53125,49.2047
35.0,47.98503
35.46875,46.83168
35.9375,45.73986
36.40625,44.70518
36.875,43.72367
37.34375,42.79166
37.8125,41.90581
38.28125,41.06308
38.75,40.26065
39.21875,39.49592
39.6875,38.76654
40.625,37.40519
41.5625,36.16097
42.5,35.02052
43.4375,33.97233
44.375,33.00647
45.3125,32.11429
46.25,31.28831
47.1875,30.52191
48.125,29.80935
49.0625,29.14553
50.0,28.52596
50.78125,28.04058
51.5625,27.58108
52.34375,27.14559
53.125,26.7324
53.90625,26.33997
54.6875,25.96686
55.46875,25.61177
56.25,25.27351
57.03125,24.95099
57.8125,24.6432
58.59375,24.34922
59.375,24.06819
60.9375,23.5419
62.5,23.05873
64.0625,22.61385
65.625,22.20311
67.1875,21.82292
68.75,21.47015
70.3125,21.14206
71.875,20.83626
73.4375,20.55065
75.0,20.28336
76.5625,20.03274
78.125,19.79734
79.6875,19.57586
81.25,19.36712
82.8125,19.17009
84.375,18.98382
85.9375,18.80749
87.5,18.64032
89.0625,18.48163
90.625,18.33079
92.1875,18.18725
93.75,18.05048
95.3125,17.92002
96.875,17.79543
98.4375,17.67633
100.0,17.56236
101.5625,17.45318
103.125,17.3485
106.25,17.15151
109.375,16.96942
112.5,16.80052
115.625,16.64335
118.75,16.49666
121.875,16.35934
125.0,16.23045
128.125,16.10914
131.25,15.99468
134.375,15.88643
137.5,15.78381
140.625,15.6863
143.75,15.59346
146.875,15.50487
150.0,15.42016
153.125,15.33901
156.25,15.26112
159.375,15.18622
162.5,15.11406
165.625,15.04442
168.75,14.97709
171.875,14.91189
175.0,14.84863
181.25,14.72735
187.5,14.6121
193.75,14.50188
200.0,14.39581
203.8799,14.33171
207.7597,14.26873
211.6396,14.20671
215.5194,14.14549
219.3993,14.08492
223.2791,14.02485
227.159,13.96514
231.0388,13.90566
234.9187,13.84627
238.7985,13.78686
242.6784,13.7273
246.5582,13.66748
248.4982,13.63745
250.4381,13.60733
252.378,13.57711
254.3179,13.54678
256.2578,13.51635
258.1977,13.48582
260.1376,13.4552
262.0775,13.42451
264.0175,13.39377
265.9574,13.36302
267.8973,13.33231
269.8372,13.30171
271.7772,13.27131
273.7171,13.24125
275.657,13.21167
277.5969,13.1828
279.5369,13.15492
280.5069,13.14146
281.4768,13.1284
282.4468,13.11581
283.4167,13.10376
284.3867,13.09233
285.3566,13.08164
286.3266,13.07179
287.2966,13.06293
288.2666,13.05522
289.2365,13.04885
290.2065,13.04402
291.1764,13.04101
292.1464,13.04011
293.1163,13.04168
294.0863,13.04615
295.0563,13.05401
296.0263,13.06589
296.9962,13.08249
297.9662,13.10471
298.9361,13.13359
299.9061,13.17045
300.3911,13.19235
300.876,13.21687
301.361,13.24427
301.846,13.27484
302.331,13.3089
302.816,13.34682
303.301,13.38899
303.786,13.43589
304.271,13.48802
304.7559,13.54596
305.2409,13.6104
305.7259,13.68208
306.2109,13.76186
306.6958,13.85069
307.1808,13.94976
307.6658,14.06033
308.1508,14.18391
308.6357,14.3222
309.1207,14.47729
309.6057,14.6515
310.0907,14.84763
310.5757,15.06893
311.0607,15.3193
311.3032,15.45679
311.5457,15.60335
311.7882,15.7597
312.0307,15.92662
312.2732,16.10501
312.5156,16.29572
312.7581,16.49999
313.0006,16.71891
313.2431,16.95377
313.4856,17.20602
313.7281,17.47726
313.9706,17.76927
314.2131,18.08405
314.4555,18.42367
314.698,18.79093
314.9405,19.1885
315.183,19.61956
315.4255,20.08768
315.668,20.59694
315.9105,21.15197
316.153,21.75803
316.3954,22.42089
316.6379,23.14803
316.7592,23.53822
316.8804,23.94717
317.0017,24.37677
317.1229,24.82758
317.2442,25.30176
317.3654,25.80001
317.4867,26.3248
317.6079,26.87701
317.7292,27.45947
317.8504,28.07327
317.9717,28.72171
318.0929,29.40615
318.2141,30.12977
318.3353,30.89549
318.4566,31.70718
318.5778,32.56696
318.6991,33.48008
318.8203,34.44922
318.9416,35.48057
319.0628,36.57752
319.1841,37.74745
319.3053,38.99462
319.4266,40.32793
319.5478,41.75278
319.6691,43.27995
319.7903,44.91632
319.9116,46.6751
320.0328,48.56512
320.154,50.60093
320.2752,52.79733
320.3965,55.17301
320.5177,57.74292
320.639,60.53268
320.7602,63.56197
320.8815,66.86352
321.0027,70.46349
321.124,74.40421
321.2452,78.72097
321.3665,83.46922
321.4877,88.69709
321.5484,91.51699
321.609,94.47844
321.6696,97.59583
321.7302,100.8798
321.7909,104.3479
321.8515,108.0013
321.9121,111.8591
321.9727,115.9362
322.0333,120.2489
322.0939,124.8147
322.1545,129.6529
322.2151,134.7846
322.2758,140.2421
322.3364,146.0326
322.397,152.1924
322.4576,158.7521
322.5183,165.7568
322.5789,173.2204
322.6395,181.1943
322.7001,189.7233
322.7608,198.8722
322.8214,208.6657
322.882,219.1782
322.9426,230.4767
323.0033,242.6559
323.0639,255.7578
323.1245,269.8926
323.1851,285.1614
323.2458,301.7042
323.3064,319.5908
323.367,338.9848
323.4276,360.0383
323.4883,382.9582
323.5489,407.8538
323.6095,434.9635
323.6701,464.5071
323.7308,496.778
323.7914,531.9241
323.852,570.2638
323.9126,612.0731
323.9732,657.6279
324.0338,707.1925
324.0944,761.002
324.155,819.2367
324.2079,873.766
324.2607,931.6112
324.3135,992.7546
324.3663,1056.946
324.4191,1123.77
324.4719,1192.611
324.5775,1332.687
324.6304,1401.579
324.6832,1467.414
324.736,1528.516
324.7888,1582.963
324.8416,1628.847
324.8944,1664.418
324.9472,1688.249
325.0,1699.371
325.0529,1697.364
325.1057,1682.436
325.1585,1655.375
325.2113,1617.45
325.2641,1570.284
325.3169,1515.701
325.3697,1455.577
325.4225,1391.716
325.5282,1258.968
325.6338,1127.998
325.6866,1065.288
325.7394,1005.144
325.7922,947.8833
325.845,893.686
325.8876,852.2446
325.9301,812.9357
325.9726,775.6325
326.0151,740.2877
326.0577,706.7626
326.1002,675.1425
326.1427,645.2677
326.1852,617.0552
326.2278,590.3597
326.2703,565.2216
326.3128,541.4933
326.3553,519.0934
326.3978,497.9436
326.4403,477.9686
326.4828,459.0968
326.5253,441.2602
326.5679,424.3561
326.6104,408.403
326.6529,393.3034
326.6954,379.0038
326.738,365.4234
326.7805,352.5789
326.823,340.3939
326.8655,328.8279
326.9506,307.3786
327.0356,288.0064
327.1206,270.4461
327.2056,254.4897
327.2907,239.9402
327.3757,226.6741
327.4608,214.5223
327.5458,203.3929
327.6309,193.1545
327.7159,183.7383
327.8009,175.0505
327.8859,167.0196
327.971,159.5737
328.056,152.6742
328.1411,146.2549
328.2261,140.2866
328.3112,134.7157
328.3962,129.52
328.4812,124.6612
328.5662,120.1109
328.6513,115.8389
328.7363,111.8323
328.8214,108.0609
328.9064,104.515
328.9915,101.1691
329.0765,98.01587
329.1615,95.03726
329.2465,92.2206
329.3316,89.55128
329.4166,87.02501
329.5867,82.35156
329.7568,78.13221
329.9268,74.31178
330.0969,70.83718
330.267,67.66938
330.4371,64.77295
330.6071,62.11891
330.7772,59.67786
330.9473,57.42858
331.1174,55.35124
331.2874,53.4296
331.4575,51.64616
331.6276,49.98873
331.7977,48.44553
331.9677,47.00689
332.1378,45.66187
332.3079,44.4031
332.478,43.22318
332.648,42.11615
332.8181,41.07482
332.9882,40.09453
333.1583,39.17049
333.3283,38.29886
333.4984,37.47472
333.6685,36.69503
333.8386,35.95657
334.0086,35.25681
334.1787,34.59224
334.3488,33.96084
334.6889,32.78915
335.0291,31.72527
335.3692,30.75655
335.7094,29.87111
336.0495,29.05983
336.3896,28.31416
336.7297,27.62699
337.0699,26.99192
337.41,26.40399
337.7502,25.85815
338.0903,25.3506
338.4305,24.87742
338.7706,24.43571
339.1108,24.02238
339.4509,23.63516
339.7911,23.27158
340.1312,22.92987
340.4714,22.60804
340.8115,22.30468
341.1517,22.01815
341.4918,21.74734
341.832,21.49089
342.1721,21.2479
342.5123,21.01726
342.8524,20.79822
343.1926,20.58985
343.5327,20.39154
344.213,20.02225
344.8933,19.68562
345.5736,19.37769
346.2539,19.09507
346.9342,18.83488
347.6144,18.59468
348.2947,18.37225
348.975,18.16579
349.6553,17.97368
350.3356,17.79451
351.0159,17.62705
351.6962,17.47021
352.3765,17.32303
353.0568,17.18466
353.7371,17.05433
354.4174,16.93138
355.0977,16.81521
355.778,16.70526
356.4583,16.60105
357.1386,16.50214
357.8189,16.40814
358.4991,16.3187
359.1794,16.23346
359.8597,16.15215
361.2203,16.00025
362.5809,15.86111
363.9415,15.73313
365.3021,15.61498
366.6627,15.50553
368.0233,15.40379
369.3838,15.30894
370.7444,15.22025
372.105,15.1371
373.4656,15.05893
374.8262,14.98529
376.1868,14.91573
377.5474,14.84991
378.908,14.78748
380.2685,14.72816
381.6291,14.67169
382.9897,14.61784
385.7109,14.51718
388.4321,14.42478
391.1532,14.33948
393.8744,14.26033
396.5956,14.18654
399.3168,14.11746
402.0379,14.05255
404.7591,13.99133
407.4802,13.93342
410.2014,13.87848
412.9225,13.82621
415.6437,13.77638
418.3649,13.72876
423.8072,13.63949
429.2496,13.5572
434.6919,13.48102
440.1343,13.41032
445.5766,13.34466
451.019,13.28374
456.4613,13.22744
461.9037,13.17575
467.346,13.12879
472.7884,13.08682
478.2307,13.05024
483.6731,13.01959
489.1154,12.99559
494.5577,12.9792
500.0,12.9716
504.5288,12.97304
509.0575,12.98267
513.5863,13.00176
518.115,13.03186
522.6438,13.07485
527.1725,13.13304
531.7013,13.20921
533.9657,13.25508
536.23,13.3068
538.4944,13.36492
540.7588,13.43007
543.0232,13.50293
545.2875,13.5843
547.5519,13.67504
549.8163,13.77613
552.0807,13.88868
554.345,14.01393
556.6094,14.15331
558.8738,14.30841
561.1382,14.48106
563.4025,14.67332
565.6669,14.88762
567.9313,15.12666
570.1957,15.39361
572.46,15.69209
574.7244,16.02637
575.8566,16.20844
576.9888,16.40136
578.121,16.60589
579.2532,16.82284
580.3854,17.05309
581.5175,17.29757
582.6497,17.55737
583.7819,17.83361
584.9141,18.12751
586.0463,18.44044
587.1785,18.77387
588.3107,19.12943
589.4429,19.50889
590.575,19.91416
591.7072,20.34749
592.8394,20.81119
593.9716,21.3079
595.1038,21.84051
596.236,22.41225
597.3682,23.02667
598.5004,23.68777
599.6325,24.3999
600.7647,25.16817
601.8969,25.99805
603.0291,26.89582
604.1613,27.86848
605.2935,28.92401
606.4257,30.07137
607.5579,31.3208
608.69,32.6838
609.8222,34.17392
610.9544,35.80628
612.0866,37.59843
613.2188,39.57065
614.351,41.74642
615.4832,44.15309
616.0493,45.45282
616.6154,46.82267
617.1815,48.26754
617.7475,49.79245
618.3136,51.4037
618.8797,53.1073
619.4458,54.91011
620.0119,56.81962
620.578,58.84399
621.1441,60.99218
621.7102,63.27403
622.2763,65.70035
622.8424,68.283
623.4085,71.03512
623.9746,73.97113
624.5407,77.10707
625.1068,80.46064
625.6729,84.05156
626.239,87.90172
626.805,92.03477
627.3711,96.47947
627.9372,101.2656
628.5033,106.4275
629.0694,112.0035
629.6355,118.0373
630.2016,124.5776
630.7677,131.6803
631.3338,139.4084
631.8999,147.8336
632.466,157.038
633.0321,167.1156
633.5982,178.174
634.1643,190.3376
634.7304,203.7496
635.2965,218.5759
635.5795,226.5771
635.8625,235.0063
636.1456,243.8958
636.4286,253.2709
636.7117,263.1719
636.9947,273.6288
637.2778,284.6887
637.5608,296.3869
637.8439,308.778
638.1269,321.9042
638.41,335.8294
638.693,350.6032
638.9761,366.3005
639.2591,382.98
639.5422,400.7293
639.8252,419.6178
640.1083,439.748
640.3913,461.2015
640.6744,484.0975
640.9574,508.5319
641.2405,534.6424
641.5235,562.5402
641.8066,592.3833
642.0896,624.2983
642.3727,658.4636
642.6557,695.0195
642.9388,734.1629
643.2218,776.042
643.5049,820.8651
643.7879,868.7777
644.071,919.9848
644.354,974.6077
644.637,1032.8
644.92,1094.664
645.2375,1168.508
645.555,1247.024
645.8725,1330.054
646.19,1417.263
646.825,1601.695
647.46,1792.288
647.7775,1885.913
648.095,1975.608
648.4125,2058.914
648.73,2133.22
649.0475,2195.937
649.365,2244.695
649.6825,2277.556
650.0,2293.215
650.3175,2291.127
650.635,2271.569
650.9525,2235.598
651.27,2184.932
651.5875,2121.763
651.905,2048.554
652.2225,1967.837
652.54,1882.04
653.175,1703.726
653.81,1527.468
654.1275,1443.02
654.445,1361.992
654.7625,1284.814
655.08,1211.736
655.3891,1144.626
655.6981,1081.511
656.0072,1022.274
656.3162,966.8237
656.6253,914.9614
656.9343,866.5365
657.2434,821.3217
657.5524,779.1467
657.8615,739.7857
658.1705,703.0711
658.4796,668.7933
658.7886,636.7982
659.0977,606.8985
659.4067,578.958
659.7157,552.8215
660.0247,528.3543
660.3338,505.4244
660.6428,483.9314
660.9519,463.7552
661.2609,444.8107
661.57,426.9957
661.879,410.2389
662.1881,394.4532
662.4971,379.5787
662.8062,365.5416
663.1152,352.2917
663.4243,339.766
663.7333,327.9223
664.0424,316.7071
664.3514,306.0848
664.6604,296.0128
664.9694,286.4548
665.5875,268.7476
666.2056,252.7288
666.8237,238.1949
667.4418,224.9715
668.0599,212.908
668.678,201.8744
669.2961,191.758
669.9141,182.4624
670.5322,173.8989
671.1503,165.9943
671.7684,158.6829
672.3865,151.9069
673.0046,145.6154
673.6227,139.7631
674.2408,134.31
674.8588,129.2215
675.4769,124.4637
676.095,120.0094
676.7131,115.8332
677.3312,111.912
677.9493,108.2254
678.5674,104.7549
679.1855,101.4836
679.8035,98.397
680.4216,95.48026
681.0397,92.72142
681.6578,90.10913
682.2759,87.63304
682.894,85.28366
683.5121,83.05236
684.7482,78.91326
685.9844,75.15916
687.2206,71.74309
688.4568,68.62484
689.6929,65.77021
690.9291,63.1492
692.1652,60.73674
693.4014,58.51034
694.6375,56.45113
695.8737,54.54201
697.1099,52.76843
698.3461,51.11744
699.5822,49.57775
700.8184,48.13899
702.0546,46.79231
703.2908,45.52973
704.5269,44.3442
705.7631,43.22915
706.9993,42.17894
708.2355,41.18842
709.4716,40.25302
710.7078,39.36838
711.944,38.53079
713.1802,37.7368
714.4163,36.98333
715.6525,36.26742
716.8887,35.5865
719.361,34.32043
721.8334,33.16829
724.3057,32.11605
726.7781,31.15166
729.2504,30.265
731.7227,29.44729
734.195,28.69098
736.6674,27.98952
739.1397,27.3373
741.6121,26.72931
744.0844,26.16128
746.5568,25.62933
749.0291,25.13016
751.5015,24.66072
753.9738,24.21842
756.4462,23.80085
758.9185,23.40596
761.3909,23.0318
763.8632,22.67672
766.3356,22.33916
768.8079,22.01776
771.2802,21.71126
773.7525,21.41852
776.2249,21.1385
778.6972,20.87029
783.6419,20.36588
788.5866,19.89924
793.5313,19.46529
798.476,19.05969
803.4207,18.67875
808.3654,18.31926
813.31,17.97846
818.2547,17.65393
823.1994,17.34355
828.1441,17.04544
833.0888,16.75796
838.0335,16.47964
842.9782,16.20916
847.9229,15.9454
852.8675,15.68736
857.8122,15.43417
862.7569,15.18517
865.2293,15.06208
867.7016,14.93987
870.174,14.81851
872.6463,14.69801
875.1187,14.57838
877.591,14.45966
880.0634,14.34192
882.5357,14.22529
885.0081,14.1099
887.4804,13.99597
889.9527,13.88377
892.425,13.77365
894.8974,13.66603
897.3697,13.5615
899.8421,13.46074
902.3144,13.36465
904.7868,13.27431
907.2591,13.19114
909.7315,13.11686
912.2038,13.05369
913.44,13.02711
914.6762,13.00441
915.9124,12.98605
917.1485,12.97257
918.3847,12.96456
919.6209,12.9627
920.8571,12.96778
922.0932,12.98066
923.3294,13.00237
924.5656,13.03404
925.8018,13.07699
927.0379,13.13275
928.2741,13.20306
928.8922,13.24429
929.5102,13.28994
930.1283,13.34031
930.7464,13.39574
931.3645,13.45656
931.9825,13.52316
932.6006,13.59597
933.2187,13.67542
933.8368,13.762
934.4549,13.85622
935.073,13.95866
935.6911,14.06995
936.3092,14.19074
936.9272,14.32174
937.5453,14.46381
938.1634,14.61778
938.7815,14.78462
939.3996,14.96536
940.0177,15.16113
940.6358,15.3732
941.2539,15.60294
941.8719,15.85182
942.49,16.12157
943.1081,16.41402
943.7262,16.73118
944.3443,17.0753
944.9624,17.44889
945.5805,17.85472
946.1986,18.29587
946.8166,18.77571
947.4347,19.29824
948.0528,19.86771
948.6709,20.48894
949.289,21.1674
949.9071,21.90921
950.5252,22.72134
951.1433,23.61165
951.4523,24.0888
951.7613,24.58894
952.0704,25.11355
952.3794,25.66373
952.6885,26.24131
952.9975,26.84753
953.3066,27.48453
953.6156,28.15375
953.9247,28.8576
954.2337,29.5978
954.5428,30.37708
954.8518,31.19746
955.1609,32.06213
955.4699,32.9734
955.779,33.93497
956.088,34.94959
956.397,36.02121
956.706,37.15374
957.0151,38.35188
957.3241,39.61946
957.6332,40.96237
957.9422,42.3852
958.2513,43.89486
958.5603,45.49688
958.8694,47.19941
959.1784,49.00915
959.4875,50.93576
959.7965,52.98737
960.1056,55.17554
960.4146,57.51015
960.7237,60.00515
961.0327,62.67261
961.3417,65.52847
961.6507,68.58948
961.9598,71.87528
962.2688,75.4044
962.5779,79.20204
962.8869,83.29132
963.196,87.7034
963.505,92.46732
963.8141,97.62191
964.1231,103.2039
964.4322,109.2621
964.7412,115.8433
965.0503,123.0091
965.3593,130.8197
965.6684,139.3537
965.9774,148.6887
966.2864,158.9223
966.5954,170.1622
966.9045,182.5353
967.2135,196.1739
967.3681,203.5233
967.5226,211.2471
967.6771,219.3736
967.8316,227.928
967.9862,236.9432
968.1407,246.4363
968.2952,256.4437
968.4497,266.9982
968.6042,278.1348
968.7587,289.8906
968.9132,302.3053
969.0677,315.4209
969.2223,329.2913
969.3768,343.9457
969.5313,359.4429
969.6858,375.8351
969.8404,393.1889
969.9949,411.5394
970.1494,430.9571
970.3039,451.503
970.4585,473.2548
970.613,496.2476
970.7675,520.5586
970.922,546.2498
971.0765,573.3809
971.231,602.0072
971.3855,632.1773
971.54,663.9314
971.7563,711.0983
971.9725,761.4197
972.1888,814.881
972.405,871.2608
972.6213,930.2982
972.8375,991.4532
973.27,1117.247
973.4863,1179.822
973.7025,1240.382
973.9188,1297.419
974.135,1349.197
974.3513,1394.064
974.5675,1430.391
974.7838,1456.876
975.0,1472.534
975.2169,1476.894
975.4338,1469.922
975.6507,1452.169
975.8675,1424.646
976.0844,1388.651
976.3013,1345.726
976.5182,1297.469
976.735,1245.464
977.1688,1135.644
977.6025,1025.485
977.8194,972.2351
978.0363,920.8948
978.2532,871.7825
978.47,825.1152
978.6383,790.6241
978.8065,757.6879
978.9747,726.2791
979.1429,696.3749
979.3111,667.9394
979.4793,640.9275
979.6475,615.2878
979.8157,590.9639
979.9839,567.8975
980.1521,546.0287
980.3203,525.2974
980.4885,505.6447
980.6567,487.0123
980.8249,469.3444
980.9931,452.5868
981.1613,436.6876
981.3295,421.5977
981.4977,407.2703
981.6659,393.6608
981.8341,380.7275
982.0023,368.4307
982.1705,356.7334
982.5069,334.9992
982.8433,315.2704
983.1797,297.323
983.5161,280.9603
983.8525,266.0097
984.189,252.3159
984.5254,239.7539
984.8618,228.2029
985.1982,217.5598
985.5346,207.7338
985.871,198.645
986.2074,190.2224
986.5438,182.4031
986.8802,175.1314
987.2166,168.3576
987.553,162.0374
987.8894,156.1313
988.2258,150.6037
988.5622,145.423
988.8986,140.5605
989.235,135.9906
989.5715,131.6888
989.9079,127.6366
990.2443,123.8138
990.5807,120.2032
990.9171,116.7891
991.2535,113.5572
991.5899,110.4947
991.9263,107.5897
992.2627,104.8313
992.5991,102.2096
993.2719,97.34081
993.9447,92.91915
994.6175,88.89015
995.2904,85.20696
995.9632,81.831
996.636,78.72754
997.3088,75.86714
997.9816,73.22421
998.6544,70.77651
999.3272,68.50457
1000.0,66.39133
1000.582,64.67701
1001.163,63.06421
1001.744,61.54215
1002.325,60.10386
1002.907,58.74072
1003.488,57.45169
1004.069,56.22915
1004.65,55.06839
1005.232,53.96324
1005.813,52.91356
1006.975,50.9607
1008.137,49.18256
1009.299,47.55774
1010.462,46.06689
1011.624,44.69709
1012.786,43.43371
1013.948,42.2653
1015.111,41.18104
1016.273,40.17416
1017.435,39.23616
1018.597,38.36043
1019.76,37.54047
1020.922,36.77254
1022.084,36.05139
1023.246,35.37296
1024.409,34.73311
1025.571,34.12972
1026.733,33.55935
1027.895,33.01939
1029.058,32.50708
1030.22,32.02119
1031.382,31.55935
1032.544,31.11985
1033.707,30.70074
1034.869,30.30131
1036.031,29.9199
1037.193,29.55531
1039.518,28.87199
1041.842,28.24421
1044.167,27.66492
1046.491,27.12902
1048.816,26.6313
1051.14,26.16806
1053.465,25.73535
1055.789,25.33047
1058.114,24.95035
1060.438,24.59296
1062.763,24.25591
1065.087,23.93766
1067.412,23.6363
1069.736,23.35063
1072.061,23.07914
1074.385,22.82086
1076.71,22.57457
1079.035,22.33943
1081.36,22.1146
1083.684,21.89942
1086.009,21.69298
1088.333,21.49486
1092.982,21.12097
1097.631,20.77371
1102.28,20.44974
1106.929,20.14621
1111.578,19.86069
1116.227,19.59111
1120.876,19.33566
1125.525,19.09281
1130.174,18.86118
1134.823,18.63958
1139.472,18.42696
1144.121,18.22238
1148.77,18.02501
1153.42,17.83406
1158.069,17.64894
1162.718,17.469
1167.367,17.29368
1172.016,17.12248
1176.665,16.95495
1181.314,16.79067
1185.963,16.62926
1190.612,16.47039
1195.261,16.31377
1199.91,16.15917
1204.559,16.00642
1206.884,15.93069
1209.208,15.85542
1211.533,15.78057
1213.857,15.7062
1216.182,15.63229
1218.506,15.55894
1220.831,15.48615
1223.155,15.41406
1225.48,15.34272
1227.805,15.27229
1230.13,15.20295
1232.454,15.13497
1234.779,15.06857
1237.103,15.00418
1239.428,14.94222
1241.752,14.88333
1244.077,14.82825
1245.239,14.80244
1246.401,14.77798
1247.564,14.75502
1248.726,14.73378
1249.888,14.71446
1251.05,14.69732
1252.213,14.68261
1253.375,14.67072
1254.537,14.66198
1255.699,14.65685
1256.862,14.65583
1258.024,14.6595
1259.186,14.66856
1260.348,14.68378
1261.511,14.70614
1262.673,14.7367
1263.835,14.77677
1264.997,14.82789
1266.16,14.89197
1267.322,14.9711
1268.484,15.06798
1269.646,15.18583
1270.228,15.25393
1270.809,15.3287
1271.39,15.41087
1271.971,15.50115
1272.552,15.60031
1273.133,15.70924
1273.714,15.82889
1274.295,15.96036
1274.877,16.10514
1275.458,16.2641
1276.039,16.43904
1276.62,16.63171
1277.201,16.84411
1277.782,17.07851
1278.363,17.33749
1278.944,17.62402
1279.526,17.94206
1280.107,18.29445
1280.688,18.68622
1281.269,19.12263
1281.85,19.6098
1282.431,20.15487
1283.012,20.76625
1283.593,21.45388
1284.175,22.23095
1284.466,22.65692
1284.756,23.10886
1285.047,23.5921
1285.337,24.10572
1285.628,24.65594
1285.918,25.24189
1286.209,25.87084
1286.499,26.54207
1286.79,27.26414
1287.08,28.03648
1287.371,28.86934
1287.661,29.76238
1287.952,30.72788
1288.242,31.76599
1288.533,32.89149
1288.824,34.10955
1289.115,35.42986
1289.405,36.85825
1289.696,38.41692
1289.986,40.10914
1290.277,41.96254
1290.567,43.9825
1290.858,46.20382
1291.148,48.63504
1291.439,51.32049
1291.729,54.27336
1292.02,57.55088
1292.31,61.17316
1292.456,63.14666
1292.601,65.21512
1292.746,67.39922
1292.891,69.70712
1293.037,72.16495
1293.182,74.74869
1293.328,77.50455
1293.473,80.40614
1293.619,83.50596
1293.764,86.775
1293.909,90.24847
1294.054,93.94222
1294.2,97.90154
1294.345,102.0912
1294.49,106.5579
1294.635,111.3243
1294.781,116.451
1294.926,121.8946
1295.071,127.7184
1295.216,133.9539
1295.362,140.6834
1295.507,147.8525
1295.652,155.5464
1295.797,163.8094
1295.943,172.7524
1296.088,182.3045
1296.233,192.5796
1296.378,203.6357
1296.524,215.6197
1296.669,228.4314
1296.814,242.2162
1296.959,257.0403
1297.105,273.0827
1297.25,290.1859
1297.395,308.5106
1297.54,328.1008
1297.694,350.3228
1297.848,374.0071
1298.002,399.1178
1298.155,425.3904
1298.309,453.0133
1298.463,481.5818
1298.77,539.928
1298.924,568.9124
1299.078,596.8729
1299.232,623.0705
1299.385,646.5709
1299.539,666.8914
1299.693,683.1324
1299.847,694.6786
1300.0,701.0721
1300.155,702.1794
1300.309,697.9657
1300.464,688.6571
1300.618,674.859
1300.773,657.0358
1300.927,636.1464
1301.081,612.8421
1301.235,587.8537
1301.544,535.2429
1301.853,482.7564
1302.008,457.3966
1302.162,433.1521
1302.316,409.9978
1302.47,388.0188
1302.626,366.9941
1302.781,347.3464
1302.936,328.9177
1303.091,311.6705
1303.246,295.5549
1303.401,280.5136
1303.556,266.4849
1303.711,253.4056
1303.866,241.2127
1304.021,229.8449
1304.176,219.243
1304.331,209.3509
1304.486,200.1161
1304.641,191.4888
1304.796,183.4235
1304.951,175.8773
1305.106,168.8109
1305.261,162.188
1305.416,155.9751
1305.571,150.1415
1305.726,144.659
1305.881,139.5018
1306.036,134.6457
1306.191,130.0693
1306.346,125.7522
1306.501,121.6761
1306.656,117.8242
1306.811,114.1807
1306.966,110.7315
1307.121,107.4633
1307.276,104.3641
1307.431,101.4227
1307.741,95.97269
1308.051,91.0401
1308.361,86.56228
1308.671,82.48557
1308.981,78.76376
1309.291,75.35698
1309.601,72.23073
1309.911,69.355
1310.221,66.70363
1310.531,64.25375
1310.841,61.98531
1311.151,59.88066
1311.461,57.92423
1311.771,56.10225
1312.081,54.40249
1312.391,52.8141
1312.702,51.32274
1313.012,49.92932
1313.322,48.62113
1313.632,47.39121
1313.942,46.23329
1314.252,45.14172
1314.562,44.11139
1314.872,43.13769
1315.182,42.21643
1315.492,41.34377
1315.802,40.51628
1316.112,39.73077
1316.732,38.27442
1317.352,36.95441
1317.972,35.75365
1318.592,34.65766
1319.212,33.65412
1319.832,32.73248
1320.452,31.88366
1321.072,31.09985
1321.692,30.37424
1322.312,29.70091
1322.933,29.07372
1323.553,28.49013
1324.173,27.94511
1324.793,27.43511
1325.413,26.95702
1326.033,26.50804
1326.653,26.0857
1327.273,25.68778
1327.893,25.31229
1328.513,24.95745
1329.133,24.62165
1329.753,24.30343
1330.373,24.0015
1330.993,23.71465
1331.613,23.4418
1332.233,23.18197
1333.474,22.6975
1334.714,22.25571
1335.954,21.85091
1337.194,21.47865
1338.434,21.13511
1339.674,20.81706
1340.914,20.52172
1342.154,20.24666
1343.395,19.9896
1344.635,19.74913
1345.875,19.52346
1347.115,19.31116
1348.355,19.11102
1349.595,18.92194
1350.835,18.74297
1352.075,18.57323
1353.316,18.41183
1354.556,18.25834
1355.796,18.11202
1357.036,17.9723
1358.276,17.83869
1359.516,17.71072
1361.996,17.47015
1364.477,17.24762
1366.957,17.04095
1369.437,16.84804
1371.917,16.66722
1374.398,16.497
1376.878,16.33628
1379.358,16.18396
1381.838,16.03914
1384.319,15.90096
1386.799,15.76886
1389.279,15.64217
1391.759,15.52038
1394.24,15.40297
1396.72,15.28962
1399.2,15.17991
1401.68,15.07352
1406.641,14.8695
1411.601,14.67561
1416.562,14.49013
1421.522,14.31176
1426.483,14.13929
1431.443,13.97183
1436.404,13.8085
1441.364,13.64867
1446.325,13.49166
1451.285,13.33703
1456.245,13.18429
1461.205,13.03305
1466.166,12.88297
1471.126,12.73383
1476.087,12.58534
1481.047,12.43742
1486.008,12.28991
1490.968,12.14286
1495.929,11.99628
1500.889,11.85042
1505.85,11.70557
1508.33,11.6337
1510.81,11.56232
1513.291,11.49149
1515.771,11.42141
1518.251,11.3522
1520.731,11.28404
1523.212,11.21713
1525.692,11.15178
1528.172,11.08827
1530.652,11.02696
1533.133,10.96826
1535.613,10.91274
1538.093,10.86098
1540.573,10.81369
1543.054,10.77174
1545.534,10.7362
1548.014,10.70828
1550.494,10.68951
1552.975,10.68168
1555.455,10.68701
1557.935,10.70818
1560.415,10.74851
1561.656,10.77712
1562.896,10.8121
1564.136,10.85413
1565.376,10.90395
1566.616,10.9624
1567.856,11.03042
1569.096,11.10904
1570.336,11.19945
1571.577,11.30308
1572.817,11.42128
1574.057,11.55582
1575.297,11.70866
1576.537,11.88201
1577.777,12.07842
1579.017,12.3008
1580.257,12.55248
1580.878,12.69072
1581.498,12.83757
1582.118,12.99381
1582.738,13.16008
1583.358,13.33704
1583.978,13.52542
1584.598,13.726
1585.218,13.93963
1585.838,14.16724
1586.458,14.40981
1587.078,14.66843
1587.698,14.94427
1588.318,15.23862
1588.938,15.55286
1589.558,15.88852
1590.178,16.24725
1590.799,16.6315
1591.419,17.04203
1592.039,17.48161
1592.659,17.95263
1593.279,18.45772
1593.899,18.99978
1594.519,19.58199
1595.139,20.20789
1595.759,20.88138
1596.379,21.60679
1596.999,22.38893
1597.619,23.23316
1598.239,24.14545
1598.859,25.13246
1599.479,26.20167
1600.099,27.36146
1600.72,28.62336
1601.34,29.99399
1601.96,31.48727
1602.58,33.11683
1603.2,34.89813
1603.82,36.8488
1604.44,38.98894
1605.06,41.3416
1605.68,43.93328
1606.3,46.79448
1606.61,48.33698
1606.92,49.96052
1607.23,51.6704
1607.54,53.47233
1607.85,55.3725
1608.16,57.37757
1608.47,59.49478
1608.78,61.73193
1609.09,64.09751
1609.4,66.60066
1609.71,69.2514
1610.02,72.06054
1610.33,75.03986
1610.64,78.20217
1610.95,81.56146
1611.26,85.13294
1611.57,88.93322
1611.88,92.98046
1612.19,97.29446
1612.5,101.8969
1612.81,106.8115
1613.12,112.0643
1613.43,117.6837
1613.74,123.7008
1614.05,130.1499
1614.36,137.0684
1614.67,144.4972
1614.98,152.4815
1615.29,161.0704
1615.6,170.3178
1615.91,180.2824
1616.22,191.0284
1616.53,202.6255
1616.84,215.1489
1617.15,228.6802
1617.46,243.3066
1617.77,259.1208
1618.08,276.2207
1618.39,294.7078
1618.7,314.686
1619.01,336.259
1619.32,359.5261
1619.63,384.5785
1619.94,411.4916
1620.257,440.9909
1620.573,472.406
1620.889,505.7937
1621.205,541.052
1621.522,578.1113
1621.838,616.4401
1622.47,695.4143
1622.787,734.905
1623.103,773.0939
1623.419,809.131
1623.735,841.9638
1624.052,870.6096
1624.368,893.8863
1624.684,911.0459
1625.0,921.4767
1625.317,924.8607
1625.634,921.1613
1625.951,910.7072
1626.268,894.1058
1626.585,872.1755
1626.902,845.8633
1627.219,816.1641
1627.535,784.1541
1628.169,716.159
1628.803,647.7263
1629.12,614.5945
1629.437,582.6183
1629.754,552.0018
1630.07,522.9618
1630.378,496.1424
1630.686,470.8083
1630.994,446.9468
1631.302,424.5223
1631.61,403.4831
1631.918,383.7673
1632.226,365.3061
1632.534,348.028
1632.842,331.8606
1633.15,316.7325
1633.458,302.574
1633.766,289.3186
1634.074,276.9029
1634.382,265.2675
1634.69,254.3562
1634.998,244.1168
1635.306,234.5009
1635.614,225.4636
1635.922,216.9628
1636.23,208.9605
1636.538,201.4207
1636.846,194.3108
1637.154,187.6006
1637.462,181.2621
1637.77,175.2696
1638.078,169.5993
1638.386,164.2297
1638.694,159.1404
1639.002,154.3129
1639.31,149.73
1639.618,145.3759
1639.926,141.2359
1640.542,133.545
1641.158,126.5607
1641.774,120.1999
1642.39,114.391
1643.006,109.072
1643.622,104.1896
1644.238,99.69695
1644.854,95.5535
1645.47,91.72367
1646.086,88.17627
1646.702,84.88384
1647.318,81.82215
1647.934,78.9698
1648.55,76.30775
1649.166,73.8191
1649.781,71.49245
1650.397,69.30675
1651.013,67.25386
1651.629,65.32293
1652.245,63.50421
1652.861,61.7889
1653.477,60.16906
1654.093,58.63749
1654.709,57.18767
1655.325,55.81368
1655.941,54.51011
1656.557,53.27205
1657.173,52.09498
1658.405,49.90777
1659.637,47.91951
1660.869,46.10572
1662.101,44.44565
1663.333,42.92155
1664.565,41.5182
1665.797,40.22249
1667.029,39.02304
1668.261,37.91001
1669.492,36.87556
1670.724,35.91047
1671.956,35.00897
1673.188,34.16519
1674.42,33.37394
1675.652,32.63063
1676.884,31.93113
1678.116,31.2718
1679.348,30.64933
1680.58,30.0608
1681.812,29.50354
1683.044,28.97516
1684.276,28.4735
1685.508,27.99661
1686.74,27.5427
1687.972,27.11015
1689.203,26.69781
1691.667,25.92684
1694.131,25.22068
1696.595,24.57134
1699.058,23.9723
1701.522,23.41731
1703.986,22.90166
1706.45,22.42112
1708.913,21.97216
1711.377,21.55121
1713.841,21.15565
1716.305,20.78302
1718.769,20.43116
1721.233,20.09816
1723.697,19.78231
1726.161,19.4821
1728.624,19.19629
1731.088,18.92345
1733.552,18.6626
1736.016,18.41279
1738.479,18.17319
1740.943,17.94283
1743.407,17.72107
1745.871,17.50727
1748.334,17.30089
1753.262,16.90781
1758.19,16.53804
1763.118,16.18825
1768.045,15.85568
1772.973,15.53774
1777.9,15.23242
1782.828,14.93772
1787.755,14.65207
1792.683,14.37386
1797.611,14.10179
1802.539,13.83461
1807.466,13.57122
1812.394,13.31044
1817.322,13.05131
1822.25,12.79289
1827.177,12.53433
1832.105,12.27467
1834.569,12.14419
1837.033,12.01316
1839.497,11.88148
1841.961,11.74907
1844.425,11.61586
1846.888,11.48182
1849.352,11.3468
1851.816,11.21079
1854.28,11.07376
1856.743,10.93575
1859.207,10.79667
1861.671,10.65659
1864.135,10.5156
1866.598,10.37386
1869.062,10.23143
1871.526,10.08861
1873.99,9.945728
1876.454,9.803222
1878.918,9.661674
1881.382,9.521852
1883.846,9.384753
1886.309,9.251731
1887.541,9.187209
1888.773,9.124364
1890.005,9.063485
1891.237,9.004907
1892.469,8.949013
1893.701,8.896236
1894.933,8.847078
1896.164,8.802147
1897.396,8.762028
1898.628,8.727521
1899.86,8.699496
1901.092,8.67897
1902.324,8.667108
1903.556,8.665276
1904.788,8.675048
1906.019,8.698251
1906.635,8.715562
1907.251,8.737074
1907.867,8.763115
1908.483,8.794041
1909.099,8.830242
1909.715,8.872138
1910.331,8.920184
1910.947,8.974885
1911.563,9.036783
1912.179,9.10647
1912.795,9.1846
1913.411,9.271878
1914.027,9.369085
1914.643,9.477071
1915.259,9.596772
1915.875,9.729215
1916.491,9.875535
1917.107,10.03697
1917.723,10.21491
1918.339,10.41086
1918.955,10.62651
1919.571,10.86373
1920.187,11.12459
1920.803,11.41138
1921.419,11.72669
1922.035,12.07337
1922.651,12.45463
1923.267,12.87407
1923.575,13.09934
1923.883,13.33571
1924.191,13.58376
1924.499,13.8441
1924.807,14.1174
1925.115,14.40435
1925.423,14.70571
1925.73,15.02121
1926.038,15.35375
1926.346,15.70323
1926.654,16.07061
1926.962,16.4569
1927.27,16.86322
1927.578,17.29072
1927.886,17.74065
1928.194,18.21437
1928.502,18.71329
1928.81,19.23895
1929.118,19.79301
1929.426,20.37722
1929.734,20.99351
1930.042,21.64388
1930.35,22.33057
1930.658,23.05593
1930.966,23.82251
1931.274,24.63305
1931.582,25.49054
1931.89,26.39819
1932.198,27.35946
1932.506,28.37814
1932.814,29.45828
1933.122,30.60432
1933.43,31.82106
1933.738,33.11372
1934.046,34.48798
1934.354,35.95004
1934.662,37.50663
1934.97,39.16514
1935.278,40.9336
1935.585,42.81452
1935.893,44.82975
1936.201,46.98393
1936.509,49.2887
1936.817,51.75677
1937.125,54.40222
1937.433,57.24046
1937.741,60.28854
1938.049,63.56526
1938.357,67.09136
1938.665,70.88982
1938.973,74.98602
1939.281,79.4081
1939.589,84.18723
1939.897,89.35797
1940.205,94.95867
1940.513,101.0319
1940.821,107.6247
1941.129,114.7896
1941.437,122.5843
1941.745,131.0733
1942.053,140.3272
1942.361,150.424
1942.669,161.4496
1942.977,173.4974
1943.285,186.6691
1943.593,201.0737
1943.901,216.8278
1944.209,234.0528
1944.517,252.8735
1944.825,273.4137
1945.133,295.791
1945.44,320.0264
1945.725,344.3186
1946.01,370.3719
1946.295,398.1785
1946.58,427.6759
1946.865,458.7305
1947.15,491.1203
1947.72,558.4774
1948.005,592.424
1948.29,625.6594
1948.575,657.3765
1948.86,686.6933
1949.145,712.7038
1949.43,734.5437
1949.715,751.4627
1950.0,762.8945
1950.286,768.5202
1950.572,768.2294
1950.858,762.2327
1951.143,751.029
1951.429,735.1743
1951.714,715.5311
1952.0,692.7686
1952.285,667.8424
1952.857,613.9648
1953.428,558.9653
1953.714,532.0468
1953.999,506.0258
1954.285,480.9093
1954.57,456.997
1954.966,425.7495
1955.164,411.0092
1955.361,396.9273
1955.559,383.3543
1955.757,370.3522
1955.955,357.9072
1956.152,346.0618
1956.35,334.678
1956.548,323.7983
1956.746,313.4031
1956.943,303.5213
1957.141,294.0326
1957.339,284.9685
1957.734,268.0767
1958.13,252.6102
1958.525,238.507
1958.921,225.5665
1959.316,213.7368
1959.712,202.8512
1960.107,192.8694
1960.503,183.6549
1960.898,175.1772
1961.294,167.325
1961.689,160.0767
1962.085,153.3405
1962.48,147.1018
1962.876,141.2851
1963.271,135.8807
1963.667,130.8263
1964.062,126.1158
1964.458,121.6972
1964.853,117.5675
1965.249,113.6828
1965.644,110.042
1966.04,106.6083
1966.435,103.3821
1966.831,100.3317
1967.226,97.45878
1967.622,94.73611
1968.017,92.16602
1968.413,89.72504
1968.808,87.41598
1969.204,85.21842
1969.599,83.1355
1969.995,81.14933
1970.39,79.26325
1971.181,75.74761
1971.972,72.54488
1972.763,69.61782
1973.554,66.93463
1974.345,64.46798
1975.136,62.19428
1975.927,60.0931
1976.718,58.14669
1977.509,56.33952
1978.3,54.658
1979.091,53.09017
1979.881,51.62729
1980.51,50.52988
1981.139,49.48757
1981.768,48.49652
1982.396,47.5547
1983.025,46.6559
1983.654,45.79871
1984.911,44.19987
1986.169,42.73663
1987.426,41.39515
1988.684,40.15952
1989.941,39.01988
1991.199,37.96422
1992.456,36.98539
1993.714,36.07415
1994.971,35.22522
1996.229,34.43139
1997.486,33.68872
1998.743,32.99199
2000.0,32.33716
2001.068,31.81481
2002.135,31.31857
2003.203,30.84571
2004.27,30.39546
2005.338,29.9655
2006.405,29.55525
2008.539,28.78778
2010.674,28.08346
2012.809,27.43518
2014.944,26.83656
2017.078,26.2824
2019.213,25.76744
2021.348,25.28789
2023.483,24.84019
2025.617,24.42147
2027.752,24.02858
2029.886,23.65953
2032.021,23.31185
2034.155,22.98401
2036.29,22.67403
2038.425,22.38058
2040.56,22.10234
2042.694,21.83823
2044.829,21.58693
2046.964,21.34761
2049.099,21.11938
2051.233,20.90156
2053.368,20.69322
2055.503,20.49381
2057.638,20.30272
2059.772,20.11951
2064.041,19.77437
2068.31,19.45484
2072.58,19.15787
2076.849,18.88105
2081.119,18.62205
2085.388,18.37909
2089.658,18.15043
2093.927,17.93474
2098.196,17.73069
2102.465,17.53721
2106.735,17.35325
2111.004,17.17804
2115.274,17.01073
2119.543,16.85068
2123.813,16.69723
2128.082,16.54985
2132.351,16.40801
2136.62,16.27123
2140.89,16.13907
2145.159,16.01119
2149.429,15.88716
2153.698,15.76672
2157.968,15.64949
2162.237,15.53524
2166.506,15.42365
2170.775,15.31447
2175.045,15.20743
2179.314,15.10236
2183.584,14.99896
2187.853,14.89711
2192.123,14.79655
2194.258,14.74672
2196.392,14.69717
2198.527,14.64787
2200.661,14.59883
2202.796,14.55
2204.93,14.50143
2207.065,14.45307
2209.2,14.40495
2211.335,14.3571
2213.469,14.30956
2215.604,14.26234
2217.739,14.21553
2219.874,14.16922
2222.008,14.12357
2224.143,14.07869
2225.211,14.05661
2226.278,14.03484
2227.346,14.01339
2228.413,13.99234
2229.48,13.97173
2230.547,13.95163
2231.615,13.93209
2232.682,13.91323
2233.749,13.89515
2234.816,13.87796
2235.884,13.86179
2236.951,13.84684
2238.018,13.83328
2239.085,13.82134
2240.153,13.8113
2241.22,13.8035
2242.288,13.7983
2243.355,13.79619
2244.423,13.79773
2245.49,13.80359
2246.557,13.81459
2247.624,13.83175
2248.158,13.84303
2248.692,13.85634
2249.226,13.87189
2249.759,13.88986
2250.293,13.91058
2250.827,13.9343
2251.361,13.96133
2251.894,13.99199
2252.428,14.02679
2252.962,14.06615
2253.496,14.11057
2254.029,14.16057
2254.563,14.21699
2255.096,14.28042
2255.63,14.35198
2256.163,14.43243
2256.697,14.52325
2257.231,14.62569
2257.765,14.74134
2258.298,14.87184
2258.832,15.01986
2259.366,15.18779
2259.9,15.37871
2260.433,15.59586
2260.967,15.84447
2261.234,15.98205
2261.501,16.12947
2261.768,16.28757
2262.035,16.45729
2262.302,16.63967
2262.568,16.83507
2262.835,17.04625
2263.102,17.2739
2263.369,17.51961
2263.635,17.78411
2263.902,18.07135
2264.169,18.38262
2264.436,18.7204
2264.702,19.08611
2264.969,19.48565
2265.236,19.92136
2265.503,20.39736
2265.77,20.91836
2266.037,21.48977
2266.304,22.1178
2266.571,22.80959
2266.837,23.57041
2267.104,24.41558
2267.371,25.35356
2267.638,26.39748
2267.904,27.55813
2268.171,28.86238
2268.305,29.57614
2268.438,30.32768
2268.572,31.13166
2268.705,31.97974
2268.838,32.8817
2268.971,33.84191
2269.105,34.8731
2269.238,35.96516
2269.372,37.14041
2269.505,38.38775
2269.639,39.73311
2269.772,41.16426
2269.906,42.71152
2270.039,44.36143
2270.173,46.14964
2270.306,48.06135
2270.44,50.1387
2270.573,52.36545
2270.707,54.79169
2270.84,57.39964
2270.973,60.22708
2271.106,63.29682
2271.24,66.66049
2271.373,70.29659
2271.507,74.29213
2271.64,78.62321
2271.774,83.39523
2271.907,88.58125
2272.04,94.26405
2272.173,100.4973
2272.307,107.3938
2272.44,114.9144
2272.574,123.2416
2272.707,132.3229
2272.841,142.3688
2272.974,153.3015
2273.107,165.2579
2273.24,178.2915
2273.35,189.9089
2273.46,202.2877
2273.57,215.4091
2273.68,229.2267
2273.79,243.6593
2273.9,258.5833
2274.12,289.1573
2274.23,304.294
2274.34,318.8957
2274.45,332.5784
2274.56,344.9311
2274.67,355.5409
2274.78,364.0243
2274.89,370.0614
2275.0,373.4261
2275.111,374.002
2275.222,371.7659
2275.333,366.866
2275.443,359.6361
2275.554,350.2817
2275.664,339.3514
2275.775,327.0466
2275.885,313.9722
2276.107,286.2929
2276.328,258.8132
2276.439,245.5217
2276.549,232.8484
2276.66,220.6375
2276.77,209.1533
2276.848,201.3942
2276.926,193.9564
2277.004,186.8384
2277.082,180.0354
2277.16,173.5407
2277.238,167.3458
2277.316,161.4409
2277.393,155.8859
2277.471,150.5254
2277.549,145.422
2277.627,140.564
2277.705,135.94
2277.783,131.5386
2277.861,127.3489
2278.016,119.6088
2278.172,112.5388
2278.328,106.1166
2278.484,100.2745
2278.639,94.98424
2278.795,90.12325
2278.951,85.67883
2279.107,81.60783
2279.262,77.895
2279.418,74.45865
2279.574,71.29373
2279.73,68.37349
2279.885,65.69094
2280.041,63.19047
2280.197,60.87136
2280.353,58.71689
2280.508,56.72457
2280.664,54.85544
2280.82,53.1109
2280.976,51.48026
2281.131,49.96338
2281.287,48.53209
2281.443,47.18873
2281.599,45.92626
2281.754,44.74574
2281.91,43.62617
2282.066,42.57022
2282.222,41.57312
2282.377,40.63644
2282.533,39.74419
2282.689,38.899
2282.845,38.09758
2283.0,37.34168
2283.312,35.93145
2283.623,34.65808
2283.935,33.49696
2284.246,32.44167
2284.558,31.47349
2284.869,30.58841
2285.181,29.77192
2285.492,29.02164
2285.804,28.3261
2286.115,27.68396
2286.426,27.08788
2286.737,26.53341
2287.049,26.01505
2287.36,25.53264
2287.672,25.08
2287.983,24.65729
2288.295,24.25934
2288.606,23.88654
2288.918,23.5345
2289.229,23.20374
2289.541,22.89055
2289.852,22.59549
2290.164,22.31537
2290.475,22.05083
2290.787,21.7991
2291.098,21.56081
2291.409,21.33427
2291.72,21.11866
2292.343,20.71678
2292.966,20.35073
2293.589,20.01611
2294.212,19.70922
2294.835,19.42687
2295.458,19.16632
2296.081,18.92524
2296.703,18.70193
2297.326,18.49388
2297.949,18.29995
2298.572,18.11876
2299.195,17.94912
2299.818,17.78999
2300.441,17.6404
2301.064,17.49956
2301.686,17.36691
2302.309,17.24139
2302.932,17.1226
2303.555,17.01001
2304.178,16.90316
2304.801,16.8016
2305.424,16.70494
2306.047,16.61284
2306.669,16.5251
2307.915,16.36088
2309.161,16.21037
2310.407,16.07183
2311.652,15.94394
2312.898,15.82524
2314.144,15.7148
2315.39,15.61172
2316.635,15.51528
2317.881,15.42466
2319.127,15.33936
2320.373,15.25886
2321.619,15.18271
2322.865,15.11051
2324.111,15.04192
2325.357,14.97662
2326.602,14.91438
2327.848,14.85487
2329.094,14.7979
2330.34,14.74327
2331.585,14.69086
2332.831,14.64042
2334.077,14.59184
2336.568,14.49978
2339.06,14.4137
2341.551,14.3329
2344.043,14.25667
2346.534,14.18453
2349.026,14.11596
2351.517,14.05062
2354.009,13.98812
2356.5,13.92822
2358.992,13.87061
2361.484,13.81509
2363.976,13.76147
2366.467,13.7096
2368.959,13.65928
2371.45,13.61042
2376.433,13.51651
2381.416,13.42706
2386.399,13.3414
2391.382,13.259
2396.365,13.17938
2401.349,13.10218
2406.332,13.02711
2411.315,12.95387
2416.298,12.88226
2421.281,12.81207
2426.264,12.74314
2431.247,12.67535
2436.23,12.60856
2441.214,12.5427
2446.197,12.4777
2451.18,12.41351
2456.163,12.35011
2461.146,12.28751
2466.129,12.22573
2471.112,12.16487
2476.095,12.10503
2481.079,12.04638
2486.062,11.98922
2488.554,11.96129
2491.045,11.93387
2493.537,11.90702
2496.028,11.88084
2498.52,11.85538
2501.011,11.83077
2503.503,11.80712
2505.994,11.78459
2508.486,11.76332
2510.977,11.74352
2513.469,11.72542
2515.96,11.7093
2518.452,11.69546
2520.944,11.68429
2523.436,11.67625
2525.927,11.67189
2528.419,11.67185
2530.91,11.67692
2533.402,11.68807
2535.893,11.70646
2537.139,11.71881
2538.385,11.73353
2539.631,11.75087
2540.876,11.77105
2542.122,11.79441
2543.368,11.82126
2544.614,11.85195
2545.859,11.88689
2547.105,11.92657
2548.351,11.97151
2549.597,12.0223
2550.842,12.07957
2552.088,12.14417
2553.334,12.21695
2554.58,12.29892
2555.825,12.39115
2557.071,12.49515
2558.317,12.61238
2559.563,12.74466
2560.809,12.89409
2562.055,13.06314
2563.301,13.25472
2564.547,13.47229
2565.792,13.71971
2567.038,14.00229
2567.661,14.15848
2568.284,14.32572
2568.907,14.50494
2569.53,14.69716
2570.153,14.90352
2570.775,15.12491
2571.398,15.36344
2572.021,15.62033
2572.644,15.8973
2573.267,16.1963
2573.89,16.51948
2574.513,16.86927
2575.136,17.24841
2575.758,17.65927
2576.381,18.10666
2577.004,18.59387
2577.627,19.12537
2578.25,19.70627
2578.873,20.34236
2579.496,21.04035
2580.119,21.80789
2580.741,22.65241
2581.364,23.58686
2581.987,24.62189
2582.61,25.77138
2583.233,27.05163
2583.856,28.4818
2584.479,30.08457
2584.791,30.96033
2585.102,31.8868
2585.413,32.87087
2585.724,33.91708
2586.036,35.03412
2586.347,36.2203
2586.659,37.4893
2586.97,38.83962
2587.282,40.28725
2587.593,41.83097
2587.905,43.4896
2588.216,45.26233
2588.528,47.17146
2588.839,49.21676
2589.151,51.42477
2589.462,53.79611
2589.774,56.36252
2590.085,59.12581
2590.396,62.11412
2590.707,65.34994
2591.019,68.87005
2591.33,72.67977
2591.642,76.83472
2591.953,81.34267
2592.265,86.27083
2592.576,91.62968
2592.888,97.50013
2593.199,103.8952
2593.511,110.9111
2593.822,118.562
2594.134,126.9602
2594.445,136.1168
2594.757,146.1573
2595.068,157.0814
2595.379,168.9785
2595.69,181.8958
2595.96,193.9606
2596.229,206.7696
2596.499,220.3983
2596.768,234.6976
2597.038,249.6891
2597.307,265.1331
2597.845,296.7667
2598.115,312.4816
2598.384,327.5798
2598.654,341.7723
2598.923,354.5268
2599.193,365.507
2599.462,374.234
2599.731,380.4217
2600.0,383.8375
2600.27,384.3673
2600.54,382.0151
2600.81,376.9331
2601.08,369.3851
2601.35,359.7176
2601.62,348.3265
2601.89,335.6232
2602.16,322.0065
2602.7,293.4457
2603.24,264.9649
2603.51,251.2499
2603.78,238.0535
2604.05,225.453
2604.32,213.4946
2604.597,201.9164
2604.874,191.0406
2605.151,180.8554
2605.427,171.372
2605.704,162.4922
2605.981,154.2182
2606.258,146.5138
2606.534,139.3675
2606.811,132.6912
2607.088,126.4761
2607.365,120.6886
2607.641,115.3153
2607.918,110.2871
2608.194,105.6125
2608.471,101.2317
2608.747,97.15228
2609.024,93.32256
2609.301,89.73735
2609.578,86.37785
2609.854,83.23782
2610.131,80.27878
2610.407,77.50769
2610.684,74.89124
2610.96,72.43623
2611.237,70.11378
2611.514,67.92282
2611.791,65.85395
2612.067,63.90545
2612.344,62.05531
2612.62,60.3097
2612.897,58.64929
2613.173,57.07997
2613.45,55.58474
2613.727,54.1642
2614.28,51.53283
2614.833,49.14623
2615.386,46.9752
2615.94,44.99127
2616.493,43.17995
2617.046,41.51885
2617.599,39.99175
2618.153,38.58209
2618.706,37.28264
2619.259,36.07996
2619.812,34.96456
2620.366,33.92628
2620.919,32.96148
2621.472,32.06165
2622.025,31.22099
2622.579,30.43294
2623.132,29.69572
2623.686,29.00249
2624.239,28.35204
2624.793,27.73866
2625.346,27.16154
2625.899,26.61685
2626.452,26.1021
2627.006,25.61422
2627.559,25.15293
2628.112,24.7155
2628.665,24.30024
2629.772,23.52957
2630.878,22.83154
2631.985,22.19581
2633.091,21.61586
2634.198,21.0841
2635.304,20.59593
2636.411,20.14566
2637.517,19.72995
2638.624,19.34446
2639.73,18.98679
2640.837,18.65353
2641.944,18.34263
2643.051,18.05198
2644.157,17.77994
2645.264,17.52438
2646.37,17.28431
2647.477,17.05796
2648.583,16.84459
2649.69,16.64277
2650.796,16.45193
2651.903,16.27086
2653.009,16.09914
2654.116,15.93578
2655.222,15.78043
2657.435,15.49099
2659.649,15.22675
2661.862,14.98466
2664.075,14.76182
2666.288,14.5559
2668.501,14.3649
2670.714,14.18713
2672.927,14.02114
2675.14,13.86566
2677.354,13.71954
2679.567,13.58196
2681.78,13.45203
2683.993,13.32902
2686.206,13.2123
2688.419,13.10129
2690.632,12.9955
2692.845,12.89449
2695.059,12.79782
2697.272,12.70522
2701.698,12.5309
2706.124,12.36935
2710.55,12.21886
2714.977,12.07803
2719.403,11.94581
2723.829,11.8213
2728.255,11.70384
2732.682,11.59287
2737.108,11.48812
2741.534,11.38934
2745.96,11.29646
2750.387,11.20955
2754.813,11.12888
2759.239,11.05482
2763.665,10.98795
2768.092,10.92905
2772.518,10.87918
2776.944,10.83969
2781.37,10.8123
2785.797,10.79918
2788.01,10.79881
2790.223,10.80309
2792.436,10.81249
2794.649,10.82752
2796.862,10.84877
2799.075,10.87689
2801.289,10.91265
2803.502,10.95685
2805.715,11.01047
2807.928,11.07459
2810.141,11.15044
2812.354,11.23944
2814.567,11.34318
2816.78,11.46352
2818.994,11.60263
2821.207,11.76284
2823.42,11.94702
2825.633,12.15844
2827.846,12.4009
2830.059,12.67884
2832.272,12.99745
2834.485,13.36285
2836.699,13.78245
2838.912,14.26443
2840.019,14.53213
2841.125,14.81918
2842.232,15.12771
2843.338,15.4589
2844.445,15.81528
2845.551,16.19828
2846.658,16.61097
2847.764,17.05513
2848.871,17.5344
2849.977,18.05105
2851.084,18.60951
2852.19,19.21259
2853.297,19.86568
2854.404,20.57305
2855.511,21.34001
2856.617,22.17176
2857.724,23.07645
2858.83,24.05992
2859.937,25.13237
2861.043,26.30129
2862.15,27.5795
2863.256,28.97672
2864.363,30.50915
2865.469,32.18951
2866.576,34.03847
2867.682,36.07273
2868.789,38.31888
2869.895,40.799
2871.002,43.54753
2871.556,45.03356
2872.109,46.59666
2872.663,48.24758
2873.216,49.98579
2873.769,51.82003
2874.322,53.75654
2874.876,55.80578
2875.429,57.96753
2875.982,60.25306
2876.535,62.67054
2877.089,65.23351
2877.642,67.94211
2878.195,70.81083
2878.748,73.85032
2879.302,77.07794
2879.855,80.49412
2880.408,84.11732
2880.961,87.96105
2881.515,92.04718
2882.068,96.37594
2882.621,100.9701
2883.174,105.846
2883.728,111.03
2884.281,116.5205
2884.834,122.3441
2885.387,128.5178
2885.941,135.0708
2886.494,141.9957
2887.047,149.3189
2887.6,157.0532
2888.375,168.6039
2889.15,180.9989
2889.925,194.2356
2890.7,208.2852
2891.475,223.0856
2892.25,238.5322
2893.8,270.6887
2894.575,286.9145
2895.35,302.816
2896.125,318.009
2896.9,332.0735
2897.675,344.5776
2898.45,355.1085
2899.225,363.3072
2900.0,368.9022
2900.775,371.7347
2901.55,371.7734
2902.325,369.114
2903.1,363.9652
2903.875,356.6235
2904.65,347.443
2905.425,336.8028
2906.2,325.0797
2907.75,299.7571
2909.3,273.7878
2910.075,261.077
2910.85,248.7342
2911.625,236.851
2912.4,225.488
2913.085,215.907
2913.769,206.7859
2914.454,198.1008
2915.138,189.8725
2915.823,182.0674
2916.507,174.6948
2917.191,167.7269
2917.875,161.1457
2918.56,154.9238
2919.244,149.0598
2919.929,143.5173
2920.613,138.2937
2921.298,133.355
2921.982,128.6982
2922.666,124.2986
2923.35,120.1404
2924.035,116.2027
2924.719,112.4826
2925.404,108.9559
2926.088,105.6201
2926.773,102.4537
2927.457,99.45492
2928.141,96.60872
2928.825,93.90555
2929.51,91.33281
2930.194,88.88972
2930.879,86.56137
2931.563,84.34736
2932.932,80.22269
2934.3,76.47
2935.669,73.04191
2937.038,69.90481
2938.407,67.02701
2939.775,64.38271
2941.144,61.94383
2942.513,59.69121
2943.882,57.60624
2945.25,55.67389
2946.619,53.87686
2947.988,52.20382
2949.357,50.64341
2950.725,49.18657
2952.094,47.82218
2953.463,46.5433
2954.832,45.34274
2956.2,44.21482
2957.569,43.15213
2958.938,42.15026
2960.307,41.20451
2961.675,40.31124
2963.044,39.46528
2964.413,38.66378
2965.782,37.90356
2967.15,37.18222
2968.519,36.49604
2969.888,35.84314
2971.257,35.22132
2972.625,34.62893
2975.363,33.52301
2978.1,32.51297
2980.838,31.58681
2983.575,30.73558
2986.313,29.95039
2989.05,29.22469
2991.788,28.55179
2994.525,27.92679
2997.262,27.34472
2999.999,26.80149
3000.001,41.21507
3500.0,38.36279
4000.0,35.9573
5000.0,32.02173
6000.0,29.54863
7000.0,27.5788
7200.0,27.21667
8000.0,26.0162
10000.0,23.58282
12000.0,21.90226
14000.0,20.55575
16000.0,19.43584
18000.0,18.47812
20000.0,17.64127
22000.0,17.00279
24000.0,16.4377
24899.99,16.20343
25384.4,15.90331
30000.0,15.71264
45783.5,14.25963
50000.0,13.41372
54075.3,13.06257
54075.35,13.06257
70000.0,11.69043
100000.0,10.06854
113706.0,9.70505
145775.0,8.85457
156793.0,8.562369
200000.0,7.416506
298101.0,6.187035
300000.0,6.163235
366064.0,5.673353
372026.0,5.629143
372026.3,5.62914
380440.0,5.566751
380440.2,5.566749
400000.0,5.421708
455790.0,5.153075
465465.0,5.106489
465465.2,5.106488
500000.0,4.9402
515725.0,4.895822
548995.0,4.801929
623672.0,4.591178
675865.0,4.443881
700000.0,4.375769
711689.0,4.357017
777301.0,4.251758
784220.0,4.240658
803856.0,4.209157
810255.0,4.198892
825771.0,4.174
850000.0,4.135131
901049.0,4.079084
931948.0,4.045159
936831.0,4.039798
941104.0,4.035107
1000000.0,3.970444
1015890.0,3.959194
1058230.0,3.929217
1062440.0,3.926236
1062442.0,3.926235
1067650.0,3.922547
1068470.0,3.921966
1068475.0,3.921962
1086590.0,3.909136
1094220.0,3.903734
1094226.0,3.903729
1144240.0,3.868319
1152730.0,3.862308
1166970.0,3.852226
1205250.0,3.825123
1205255.0,3.825119
1228830.0,3.808428
1244230.0,3.797524
1254060.0,3.790566
1258080.0,3.787719
1271760.0,3.778033
1300000.0,3.758039
1375040.0,3.722803
1375041.0,3.722803
1377030.0,3.721868
1377035.0,3.721864
1392830.0,3.714448
1392835.0,3.714443
1400850.0,3.71068
1400853.0,3.710677
1442810.0,3.690978
1442811.0,3.690977
1448790.0,3.68817
1448793.0,3.688167
1449400.0,3.687882
1449403.0,3.68788
1459880.0,3.682961
1459883.0,3.682959
1500000.0,3.664125
1539670.0,3.651425
1549080.0,3.648413
1550940.0,3.647818
1550941.0,3.647817
1575770.0,3.639868
1575776.0,3.639866
1581810.0,3.637934
1633570.0,3.621364
1633575.0,3.621361
1698970.0,3.600427
1698974.0,3.600424
1759350.0,3.581098
1770800.0,3.577432
1770803.0,3.577431
1779810.0,3.574548
1787790.0,3.571993
1787794.0,3.571991
1800000.0,3.568085
1808950.0,3.566257
1808956.0,3.566255
1844870.0,3.558924
1844871.0,3.558923
1859830.0,3.555869
1875090.0,3.552754
1898280.0,3.548019
1898285.0,3.548018
1900220.0,3.547622
2000000.0,3.527252
2250000.0,3.496987
2500000.0,3.485371
2750000.0,3.488131
3000000.0,3.501475
4000000.0,3.602741
4635320.0,3.653088
4812350.0,3.667117
5000000.0,3.681987
6000000.0,3.68063
6225530.0,3.664508
6831910.0,3.619858
7000000.0,3.609145
8000000.0,3.500271
8721240.0,3.409475
9000000.0,3.374381
10000000.0,3.248502
11000000.0,3.119491
12000000.0,2.990483
12300000.0,2.951781
13000000.0,2.867224
14000000.0,2.755993
15000000.0,2.65872
15925500.0,2.583117
16000000.0,2.577031
17000000.0,2.510915
18000000.0,2.459005
19000000.0,2.419069
20000000.0,2.388805
