1e-05,6812485.0
1.03859e-05,6638417.0
1.07461e-05,6482038.0
1.077179e-05,6472211.0
1.115769e-05,6327794.0
1.15219e-05,6196673.0
1.154358e-05,6189831.0
1.159182e-05,6174667.0
1.164006e-05,6159582.0
1.173653e-05,6129653.0
1.192948e-05,6070715.0
1.231537e-05,5956370.0
1.23268e-05,5953053.0
1.237361e-05,5941028.0
1.242042e-05,5929068.0
1.251404e-05,5905337.0
1.270127e-05,5858619.0
1.308716e-05,5765318.0
1.31602e-05,5742196.0
1.331663e-05,5697551.0
1.347306e-05,5653501.0
1.385895e-05,5547272.0
1.40212e-05,5503598.0
1.424485e-05,5451088.0
1.463074e-05,5362878.0
1.501664e-05,5277528.0
1.5359e-05,5204057.0
1.540253e-05,5196189.0
1.549901e-05,5178862.0
1.559548e-05,5161692.0
1.578843e-05,5127804.0
1.617432e-05,5061785.0
1.665253e-05,4953462.0
1.6761e-05,4929343.0
1.713074e-05,4857636.0
1.760895e-05,4767505.0
1.808716e-05,4680138.0
1.82088e-05,4658334.0
1.856537e-05,4602832.0
1.904358e-05,4530501.0
1.952179e-05,4460443.0
1.97139e-05,4432906.0
2e-05,4397539.0
2.058716e-05,4327182.0
2.117432e-05,4259646.0
2.12562e-05,4250440.0
2.150884e-05,4226092.0
2.176148e-05,4202212.0
2.234863e-05,4148447.0
2.28478e-05,4083059.0
2.312042e-05,4051428.0
2.389221e-05,3964301.0
2.44672e-05,3901590.0
2.4664e-05,3882634.0
2.543579e-05,3810203.0
2.61272e-05,3747761.0
2.620758e-05,3741497.0
2.640053e-05,3726576.0
2.659348e-05,3711819.0
2.697937e-05,3682784.0
2.775116e-05,3626549.0
2.84135e-05,3580138.0
2.852294e-05,3573733.0
2.890884e-05,3542669.0
2.929473e-05,3512127.0
3.006652e-05,3452539.0
3.07383e-05,3402215.0
3.083831e-05,3395673.0
3.122421e-05,3370714.0
3.16101e-05,3346183.0
3.238189e-05,3298360.0
3.30902e-05,3255855.0
3.315368e-05,3252547.0
3.334663e-05,3242557.0
3.353958e-05,3232657.0
3.392547e-05,3213126.0
3.469725e-05,3175102.0
3.54583e-05,3124883.0
3.624083e-05,3079054.0
3.778441e-05,2992164.0
3.78321e-05,2989550.0
3.801909e-05,2980453.0
3.820608e-05,2971419.0
3.858005e-05,2953531.0
3.932799e-05,2918464.0
4.087157e-05,2848916.0
4.1401e-05,2825886.0
4.241515e-05,2788717.0
4.395873e-05,2734769.0
4.48919e-05,2703589.0
4.550231e-05,2686536.0
4.704588e-05,2645252.0
4.83534e-05,2594811.0
4.852294e-05,2588926.0
4.889221e-05,2576204.0
4.926147e-05,2563611.0
5e-05,2538801.0
5.05999e-05,2519004.0
5.234863e-05,2468467.0
5.469725e-05,2404377.0
5.50974e-05,2393860.0
5.607164e-05,2371995.0
5.704588e-05,2350762.0
5.93595e-05,2302728.0
5.93945e-05,2302118.0
5.949098e-05,2299734.0
5.958745e-05,2297356.0
5.97804e-05,2292615.0
6.016629e-05,2283197.0
6.093808e-05,2264609.0
6.248166e-05,2228394.0
6.33583e-05,2208372.0
6.402524e-05,2195022.0
6.556882e-05,2164932.0
6.865598e-05,2107920.0
6.87729e-05,2105839.0
6.914418e-05,2100087.0
6.951546e-05,2094389.0
7.025802e-05,2083153.0
7.174313e-05,2061305.0
7.36587e-05,2025673.0
7.483029e-05,2006705.0
7.791744e-05,1958814.0
7.95093e-05,1935231.0
8.10046e-05,1916036.0
8.409175e-05,1878262.0
8.42003e-05,1876536.0
8.44353e-05,1873155.0
8.46703e-05,1869788.0
8.51403e-05,1863094.0
8.608029e-05,1849860.0
8.806882e-05,1822524.0
9.17607e-05,1774003.0
9.204588e-05,1770815.0
9.297761e-05,1760507.0
9.390934e-05,1750365.0
9.57728e-05,1730553.0
9.602294e-05,1727941.0
9.701721e-05,1717665.0
9.801147e-05,1707556.0
0.0001,1687826.0
0.0001043945,1661645.0
0.000108789,1638195.0
0.000110582,1623554.0
0.0001118762,1614429.0
0.0001149634,1593453.0
0.0001180506,1573535.0
0.0001211377,1554607.0
0.000121518,1552341.0
0.0001228715,1545407.0
0.0001242249,1538646.0
0.000127312,1523843.0
0.0001303992,1509859.0
0.000132751,1499727.0
0.0001334863,1497102.0
0.0001350299,1488775.0
0.0001365735,1480626.0
0.0001396606,1464837.0
0.000144222,1442690.0
0.0001458349,1436005.0
0.0001520092,1411851.0
0.000155876,1397811.0
0.0001581835,1391001.0
0.0001634106,1367804.0
0.0001686377,1345867.0
0.000173478,1326594.0
0.0001738648,1325287.0
0.0001751716,1320915.0
0.0001764783,1316610.0
0.0001790918,1308192.0
0.0001843189,1292098.0
0.0001895459,1276936.0
0.000191373,1271844.0
0.000194773,1263972.0
0.0002,1252535.0
0.0002075781,1237290.0
0.000209011,1232726.0
0.0002137525,1219461.0
0.0002199268,1202975.0
0.0002261011,1187327.0
0.000226621,1186045.0
0.0002280346,1182998.0
0.0002294482,1179991.0
0.0002322754,1174095.0
0.0002384497,1161742.0
0.000244624,1150073.0
0.000250183,1140116.0
0.0002507983,1139205.0
0.0002523419,1136946.0
0.0002538855,1134725.0
0.0002569726,1130391.0
0.000263147,1117542.0
0.0002693213,1105227.0
0.000272802,1098508.0
0.0002816699,1084198.0
0.0002940186,1065803.0
0.000304177,1051892.0
0.0003063672,1049489.0
0.0003125416,1039012.0
0.0003187159,1028882.0
0.0003310645,1009598.0
0.000333195,1006395.0
0.0003383041,999754.8
0.0003434131,993309.4
0.0003557617,978493.1
0.0003681104,964681.6
0.000368779,963960.8
0.000370239,962632.4
0.000371699,961316.6
0.000374619,958722.8
0.000380459,953682.2
0.0003928076,943640.5
0.0004051562,934383.2
0.00040946,929239.7
0.0004170117,921323.2
0.0004288672,909400.0
0.000439741,898975.3
0.0004407227,898149.8
0.0004436866,895679.9
0.0004466504,893243.4
0.0004525781,888467.9
0.0004644336,879293.2
0.0004762891,870594.3
0.000479048,868635.0
0.0004881446,863250.0
0.0005,856601.2
0.0005039453,854480.8
0.0005130412,847234.7
0.000522137,840206.6
0.0005286426,835858.0
0.0005533399,820265.0
0.000566319,812613.5
0.0005780372,806868.5
0.0006027344,795623.9
0.0006274317,779643.4
0.000628541,778949.2
0.0006314895,777279.9
0.000634438,775624.5
0.000640335,772353.5
0.000652129,765968.4
0.000666104,758662.2
0.0006768263,753771.1
0.0007015235,743071.9
0.0007262208,733107.9
0.000737321,728852.7
0.000750918,724578.8
0.0007756153,717290.4
0.0008003125,710574.1
0.0008187469,702638.6
0.0008250099,700266.0
0.0008497072,691211.4
0.0008744045,682612.3
0.000879362,680938.2
0.0008991018,675082.1
0.0009237991,668109.2
0.0009484964,661505.6
0.000958052,659044.7
0.0009731937,655717.9
0.000997891,650551.1
0.001,649912.4
0.001006109,648073.1
0.001012217,646252.1
0.001024434,642663.9
0.001048868,635694.8
0.00107385,628841.8
0.001097735,623283.8
0.001146602,612599.9
0.00118455,604890.1
0.001195469,603051.0
0.001220167,596933.7
0.001244864,591001.1
0.001294258,579653.4
0.00129614,579234.0
0.00130208,578023.9
0.001308019,576823.0
0.001319897,574447.9
0.001343653,569802.2
0.00136948,564903.4
0.001393047,560981.8
0.001442442,553147.9
0.001491836,545799.6
0.00151837,542038.9
0.001541231,539329.9
0.001590625,533773.3
0.00164002,525451.1
0.00166186,521885.3
0.001689415,517879.2
0.00173881,510949.7
0.001788204,504324.5
0.0017985,502979.8
0.001837599,498505.9
0.001886993,493090.2
0.001936388,487922.3
0.001985782,482987.1
0.00198643,482900.2
0.001988127,482693.8
0.001989823,482488.1
0.001993215,482077.1
0.002,481258.0
0.002023809,478415.8
0.002047618,475621.9
0.002095235,470173.6
0.00215873,463182.9
0.002190469,460119.2
0.002285704,451339.7
0.00236826,444193.2
0.002380938,443249.8
0.002430333,438166.6
0.002479727,433215.1
0.002578516,423681.6
0.00260566,421143.7
0.002677305,415221.0
0.002776094,407408.1
0.002874883,399973.1
0.00289185,398731.7
0.002932761,396058.9
0.002973672,393442.5
0.003050311,388686.4
0.00312695,384109.8
0.00317125,382567.7
0.003270039,377079.0
0.003368828,371837.9
0.003467617,366826.8
0.003566406,362029.5
0.003665195,357431.6
0.003763984,353020.1
0.003862773,348782.7
0.003961562,344708.4
0.004060352,339525.1
0.004159141,334485.9
0.00419043,332918.5
0.004273575,330103.7
0.004356719,327378.8
0.004554297,321239.2
0.004751875,315532.7
0.004875938,310817.2
0.005,306245.3
0.005126955,301706.7
0.00525391,297300.8
0.005388734,294285.6
0.005523558,291402.6
0.005658382,288643.9
0.005793205,286002.2
0.006062853,281043.3
0.0063325,276478.5
0.006530079,271771.9
0.006727657,267240.9
0.006925235,262872.7
0.007122813,258656.1
0.00738086,253360.1
0.007517969,251681.5
0.007715547,249366.3
0.007913125,247166.7
0.008110704,244181.7
0.008308282,241298.6
0.008703438,235815.3
0.009098594,230674.1
0.00949375,225839.1
0.00950781,225618.8
0.009538572,225295.4
0.009569334,224973.5
0.009630858,224334.9
0.009753905,223076.5
0.01,220633.8
0.01033188,217486.9
0.01066375,214497.0
0.01099563,211652.1
0.0113275,208941.6
0.01165938,206355.5
0.01199125,203885.6
0.01232313,201523.5
0.012655,199262.5
0.01305016,195571.3
0.01344532,192004.1
0.0137617,189231.2
0.01423563,186737.7
0.01463079,184768.6
0.01502594,182892.7
0.0154211,181103.7
0.01581625,179396.3
0.01621141,177134.8
0.01660657,174945.1
0.01739688,170765.2
0.0180156,167662.6
0.01818719,167158.2
0.01858235,166034.8
0.0189775,164962.6
0.01948875,162962.6
0.02,161038.4
0.0206625,158650.0
0.021325,156371.7
0.0219875,154195.0
0.02265,152112.4
0.0233125,150117.2
0.023975,148203.2
0.0246375,146365.0
0.0253,144597.6
0.0265234,141266.2
0.02700703,140268.9
0.02786055,138581.0
0.02871406,136979.3
0.02956758,135457.6
0.03042109,134010.1
0.03127461,132631.8
0.03212812,131317.9
0.03357971,128371.8
0.0350313,125581.8
0.03601254,124534.9
0.03699377,123547.8
0.037975,122616.7
0.03895623,121737.8
0.04033671,119929.6
0.04171718,118210.5
0.04309765,116573.2
0.04447812,115011.4
0.04585859,113519.1
0.04723906,112091.4
0.04861953,110723.5
0.05,109411.3
0.0520469,107560.2
0.05261245,107328.5
0.05431948,106087.4
0.05602651,104910.7
0.05773354,103793.7
0.05944057,102732.1
0.0611476,101721.8
0.06285463,100759.5
0.06456166,99841.88
0.06626868,98966.07
0.0690625,97086.89
0.0717781,96117.38
0.0744937,95229.1
0.0772093,94414.86
0.0799249,93668.34
0.08243429,92639.97
0.08494368,91660.74
0.08745307,90727.11
0.08996245,89835.9
0.09247184,88984.24
0.09498123,88169.57
0.09749062,87389.48
0.1,86641.86
0.103094,85761.84
0.1072374,85349.46
0.1106515,84663.42
0.1140655,84021.53
0.1174796,83420.63
0.1208936,82857.93
0.1243077,82330.89
0.1277217,81837.22
0.1311358,81374.86
0.1345498,80941.93
0.137125,80405.72
0.1436313,79811.07
0.1501375,79303.04
0.1566437,78873.35
0.1631499,78514.9
0.1696561,78221.63
0.1761623,77988.3
0.1826685,77810.34
0.1891747,77683.79
0.1945874,77262.08
0.2,76871.79
0.205188,76525.7
0.2148409,76643.75
0.2244938,76845.3
0.2341467,77124.48
0.2437995,77476.34
0.2511622,77487.31
0.2585248,77536.6
0.2658874,77622.9
0.27325,77744.99
0.2858372,78855.96
0.2984244,80064.51
0.3120807,81031.32
0.3257369,82106.44
0.3393931,83287.98
0.3530493,84574.93
0.3667056,85541.77
0.3803618,86614.17
0.394018,87793.1
0.4076742,89080.14
0.409375,89192.55
0.4159905,90208.2
0.422606,91250.02
0.435837,93413.49
0.449068,95685.68
0.462299,98069.65
0.4717243,99493.61
0.4811495,100977.4
0.5,104130.1
0.5169239,107179.4
0.5455,111617.6
0.5715488,121324.0
0.5988613,130790.4
0.6261737,140964.7
0.6534861,150323.2
0.6807985,160484.2
0.708111,169719.3
0.7354234,179811.7
0.75167,185137.1
0.7708592,191804.4
0.7900483,198857.0
0.81775,207728.9
0.858524,221015.9
0.899298,234451.3
0.9231358,243630.2
0.9469735,251956.2
0.9708113,258995.8
0.994649,264300.1
1.0,266506.2
1.021163,274078.8
1.042325,279641.9
1.054244,284729.5
1.066163,289110.4
1.078082,292778.5
1.09,295738.1
1.101919,290626.5
1.113838,284846.3
1.125757,278432.2
1.137676,271426.1
1.161514,260462.4
1.185351,247779.4
1.209189,236841.8
1.233027,225133.7
1.280702,201037.7
1.307641,187234.7
1.33458,174106.7
1.341581,171743.2
1.356801,165588.4
1.372021,159741.4
1.387241,154213.8
1.40246,149011.1
1.4283,138582.6
1.44582,132035.3
1.463339,125897.7
1.478559,119635.6
1.493779,113659.5
1.508999,107957.4
1.524218,102517.0
1.537951,96885.6
1.551684,91447.13
1.565417,86192.38
1.57915,81112.25
1.585097,80335.29
1.600317,77658.76
1.615537,75169.85
1.630757,72857.66
1.645976,70711.83
1.661196,68078.53
1.676416,65592.23
1.691636,63244.12
1.706855,61026.03
1.722075,58430.4
1.737294,55949.63
1.752514,53576.47
1.767733,51304.8
1.795732,46656.61
1.82373,42296.88
1.828612,41936.07
1.843832,40557.12
1.859052,39248.51
1.889491,36826.44
1.917756,34347.31
1.94602,32050.93
1.95037,31824.98
1.962778,31047.64
1.975185,30300.1
2.0,28888.94
2.011249,28284.03
2.03978,26557.62
2.06831,24950.57
2.072128,24828.05
2.087348,24237.05
2.102568,23674.83
2.133007,22631.01
2.163447,21408.22
2.193886,20274.86
2.224325,19222.52
2.254764,18243.78
2.283822,17115.18
2.31288,16042.43
2.344701,15422.19
2.376522,14857.86
2.406962,14179.13
2.437401,13543.24
2.467841,12946.68
2.49828,12386.33
2.52787,11744.36
2.55746,11131.54
2.588749,10756.59
2.620038,10409.52
2.650478,9999.705
2.680917,9612.522
2.711356,9246.347
2.741795,8899.703
2.771918,8503.24
2.80204,8123.393
2.832797,7882.68
2.863553,7657.057
2.924432,7141.951
2.985311,6675.293
3.04661,6163.849
3.107069,5895.691
3.167948,5593.243
3.228826,5320.428
3.289705,5022.079
3.350584,4747.347
3.411463,4452.203
3.472342,4176.093
3.53576,3857.295
3.580785,3737.718
3.625809,3625.982
3.670833,3521.538
3.715857,3423.884
3.776736,3255.957
3.837615,3098.583
3.898494,2950.842
3.959373,2811.917
4.02492,2637.017
4.113904,2502.2
4.202888,2381.326
4.263767,2283.034
4.324646,2190.091
4.385525,2102.098
4.446404,2018.689
4.51407,1912.381
4.601995,1827.83
4.689919,1750.646
4.750798,1688.632
4.811677,1629.593
4.872556,1573.334
4.933434,1519.676
5.00322,1450.219
5.090085,1402.008
5.176949,1357.999
5.298707,1287.937
5.420465,1224.572
5.542223,1155.541
5.66398,1091.815
5.785738,1023.582
5.907496,959.6019
5.98153,918.0627
6.066271,889.8972
6.151011,863.3496
6.310846,806.0663
6.47068,753.5029
6.638042,716.1615
6.798936,673.0206
6.95983,633.1759
7.125073,607.8992
7.246831,585.1891
7.368589,563.8561
7.490347,543.7925
7.612104,524.9005
7.775122,495.6171
7.93814,468.086
8.099135,451.9919
8.220893,437.6273
8.342651,424.009
8.464409,411.0866
8.586166,398.813
8.751308,379.9227
8.91645,362.051
9.073196,352.9106
9.316712,336.5905
9.560228,321.9175
9.780114,307.3693
10.0,293.8894
10.04726,291.1213
10.16902,283.0659
10.29078,275.2833
10.53429,260.4789
10.7037,249.4825
10.8731,238.9029
11.02132,233.513
11.22884,224.6819
11.43636,216.3512
11.64388,208.4806
11.8514,201.0335
11.99538,197.3718
12.20396,190.6739
12.41254,184.321
12.62112,178.2876
12.8297,172.5504
12.96944,170.0352
13.21296,164.5372
13.45648,159.3671
13.7,154.499
13.94351,149.9097
14.15421,145.2802
14.36491,140.8307
14.57561,136.5497
14.7863,132.4268
14.91757,130.8719
15.16109,127.393
15.4046,124.0912
15.64812,120.9539
15.89163,117.9705
16.31727,112.1211
16.7429,106.6621
16.86569,105.7753
17.35273,101.6701
17.83976,97.95471
18.32679,93.91689
18.81382,90.18583
19.30085,86.19958
19.78788,82.45806
20.0,80.71374
20.32805,78.0937
20.6561,75.56228
20.76194,75.06652
20.99329,73.78124
21.22463,72.53436
21.68732,70.14856
22.15001,67.89614
22.6127,65.76552
22.71007,65.44229
22.94248,64.46453
23.17488,63.51322
23.63969,61.68542
24.1045,59.95068
24.5693,58.3016
24.65819,58.08419
24.90171,57.33692
25.14523,56.6101
25.63226,55.21462
26.11929,53.89158
26.60632,52.63541
27.07539,51.25277
27.54446,49.92343
28.01353,48.64369
28.4826,47.41015
28.55444,47.29007
28.79796,46.80128
29.04147,46.32361
29.5285,45.39996
30.01553,44.51628
30.50256,43.6699
30.97587,42.74946
31.44918,41.85991
31.92249,40.99939
32.3958,40.16613
32.45068,40.10818
32.57244,39.95471
32.6942,39.80291
32.93772,39.50416
33.42475,38.92553
34.39881,37.83851
35.37287,36.67226
36.34693,35.58174
37.321,34.42819
38.29506,33.33544
39.25863,32.20378
40.2222,31.12051
40.24318,31.10479
40.304,31.05172
40.36482,30.99883
40.48645,30.89356
40.72972,30.68506
41.21626,30.27595
42.18934,29.48762
43.16242,28.73615
44.1355,28.01829
44.13943,28.01611
44.15465,28.00585
44.16987,27.9956
44.20031,27.97511
44.26119,27.93423
44.38295,27.85282
44.62646,27.69142
45.11349,27.37409
46.08755,26.76026
47.06161,26.17232
48.03567,25.60818
48.0487,25.59965
48.07919,25.58504
48.10968,25.57046
48.17066,25.54136
48.29262,25.4834
48.53653,25.36851
49.02435,25.14266
50.0,24.70597
50.96596,24.29212
51.93192,23.89532
52.90598,23.44862
53.88004,23.01688
54.8541,22.59905
55.82816,22.19421
55.8751,22.17274
55.9954,22.13141
56.11569,22.09026
56.35627,22.00849
56.83743,21.84709
57.79976,21.53245
58.76209,21.22813
59.72441,20.93348
60.69847,20.60836
61.67253,20.29198
62.64659,19.98379
63.62065,19.68334
63.7016,19.65636
63.94006,19.60366
64.17852,19.55138
64.65543,19.44808
65.60925,19.24637
67.5169,18.86119
69.46503,18.44576
71.41315,18.05109
73.36128,17.63896
75.3094,17.24366
77.25752,16.83402
79.20564,16.43821
79.3545,16.40584
79.83223,16.33312
80.30996,16.26111
81.26541,16.11926
83.17632,15.84367
85.08723,15.57815
86.99814,15.32186
87.1809,15.29455
87.65651,15.23427
88.13212,15.1745
89.08334,15.05646
90.98577,14.82609
92.8882,14.60284
94.79063,14.38619
95.0074,14.3591
95.63148,14.30199
96.25555,14.24551
97.5037,14.1344
100.0,13.9192
102.5831,13.70561
104.5313,13.53137
106.4794,13.36161
108.4275,13.19603
110.3756,13.03436
110.66,13.00898
111.5986,12.94741
112.5371,12.88666
114.4141,12.76751
116.2911,12.65134
118.1681,12.53798
120.1163,12.41194
122.0644,12.28861
124.0125,12.16781
125.9606,12.04942
126.313,12.02664
127.2431,11.98356
128.1731,11.94097
130.0331,11.85725
133.7531,11.69526
137.6494,11.5184
141.5456,11.34816
145.4419,11.17217
149.3381,11.00163
153.2344,10.82634
157.1306,10.65558
157.619,10.63302
159.5061,10.57496
161.3932,10.51782
165.1673,10.40616
168.9415,10.29775
172.7156,10.19236
173.272,10.17538
175.1506,10.12584
177.0292,10.07697
180.7863,9.981088
184.5434,9.887565
188.3005,9.796238
188.925,9.779871
190.3094,9.750525
191.6938,9.721449
194.4625,9.664074
200.0,9.552258
203.8855,9.475977
207.7818,9.394534
211.678,9.314663
215.5743,9.236263
219.4705,9.159248
220.231,9.143357
222.0841,9.116956
223.9372,9.090839
227.6433,9.03942
231.3494,8.989043
235.0555,8.939648
238.9518,8.884644
242.848,8.830618
246.7442,8.777514
250.6404,8.725285
251.536,8.712646
253.3722,8.693511
255.2084,8.674554
258.8807,8.637157
266.2254,8.564316
274.0179,8.484294
281.8104,8.406739
289.6029,8.326984
297.3954,8.249279
305.1879,8.169736
312.9803,8.091917
314.148,8.079725
317.8983,8.053884
321.6486,8.028392
329.1492,7.978402
336.6498,7.929655
344.1503,7.882065
345.454,7.873135
349.1873,7.850648
352.9206,7.828416
360.3871,7.784679
367.8537,7.741855
375.3202,7.69989
376.759,7.691258
380.4754,7.672375
384.1918,7.653681
391.6246,7.616842
399.0574,7.580695
406.4901,7.545199
414.2826,7.50595
422.0751,7.467334
429.8676,7.429317
437.6601,7.391861
439.371,7.383241
443.0534,12.2801
446.7358,17.17707
454.1006,26.97135
461.4654,36.76605
468.8301,46.56102
476.6226,56.92365
484.415,67.28654
492.2075,77.64996
499.9999,88.0136
500.0001,88.01578
510.0,101.3146
600.0,93.72644
650.0,90.21099
700.0,87.07139
1000.0,73.49383
1500.0,60.70643
2150.0,51.31722
3000.0,43.97939
4650.0,35.97527
7000.0,29.88848
10000.0,25.46268
15000.0,21.25301
21500.0,18.10664
24900.0,16.96764
27900.0,16.12586
28385.75,15.88479
30000.0,15.61496
46500.0,12.87786
70000.0,11.28622
86500.0,10.16084
88006.0,10.08056
100000.0,9.447546
112000.0,8.920788
120000.0,8.613822
130000.0,8.268828
140000.0,7.960645
150000.0,7.683889
200000.0,6.623276
300000.0,5.386457
340700.0,5.06078
346100.0,5.023029
346632.0,5.014612
352126.0,4.930602
380000.0,4.806183
390000.0,4.747547
400000.0,4.693306
432600.0,4.531814
440132.0,4.489842
500000.0,4.263478
600000.0,3.982466
800000.0,3.66353
861000.0,3.604868
875990.2,3.587916
1000000.0,3.511169
1025100.0,3.496782
1032672.0,3.484747
1036742.0,3.480542
1042850.0,3.474238
1051100.0,3.487167
1069300.0,3.460094
1159100.0,3.449172
1179180.0,3.418106
1200000.0,3.438217
1211000.0,3.435244
1211024.0,3.435231
1500000.0,3.39544
1800000.0,3.386911
2000000.0,3.390014
2200000.0,3.396631
2500000.0,3.413435
3000000.0,3.447972
4000000.0,3.518096
4000050.0,3.518098
5000000.0,3.546309
6000000.0,3.500925
6499999.0,3.480529
6500000.0,3.410356
6500001.0,3.410356
7000000.0,3.36691
8000000.0,3.287976
8600000.0,3.227104
9000000.0,3.186206
10000000.0,3.08277
10500000.0,3.032388
11000000.0,2.983833
12000000.0,2.886291
13000000.0,2.795486
14000000.0,2.713632
14500000.0,2.676775
15000000.0,2.641839
16000000.0,2.583882
17000000.0,2.540637
18000000.0,2.508695
19000000.0,2.482205
20000000.0,2.46342
