1e-05,328.2904
1.03125e-05,323.4093
1.0625e-05,318.7453
1.09375e-05,314.2825
1.125e-05,310.0071
1.15625e-05,305.9061
1.1875e-05,301.9681
1.21875e-05,298.1826
1.25e-05,294.5399
1.28125e-05,291.0313
1.3125e-05,287.6488
1.34375e-05,284.385
1.375e-05,281.2331
1.4375e-05,275.2405
1.5e-05,269.6264
1.5625e-05,264.3526
1.625e-05,259.3861
1.6875e-05,254.6981
1.75e-05,250.2636
1.8125e-05,246.0604
1.875e-05,242.0692
1.9375e-05,238.2728
2e-05,234.6557
2.09375e-05,229.5368
2.1875e-05,224.7506
2.28125e-05,220.2626
2.375e-05,216.043
2.46875e-05,212.0661
2.5625e-05,208.3095
2.65625e-05,204.7536
2.75e-05,201.3811
2.84375e-05,198.1768
2.9375e-05,195.1272
3.03125e-05,192.2201
3.125e-05,189.4448
3.21875e-05,186.7917
3.3125e-05,184.2521
3.40625e-05,181.818
3.5e-05,179.4824
3.59375e-05,177.2388
3.6875e-05,175.0813
3.78125e-05,173.0045
3.875e-05,171.0036
3.96875e-05,169.074
4.0625e-05,167.2116
4.25e-05,163.6734
4.4375e-05,160.3618
4.625e-05,157.2538
4.8125e-05,154.3292
5e-05,151.5707
5.15625e-05,149.3878
5.3125e-05,147.302
5.46875e-05,145.3062
5.625e-05,143.3941
5.78125e-05,141.5601
5.9375e-05,139.799
6.09375e-05,138.1061
6.25e-05,136.477
6.40625e-05,134.9079
6.5625e-05,133.3952
6.71875e-05,131.9356
6.875e-05,130.526
7.1875e-05,127.846
7.5e-05,125.3353
7.8125e-05,122.9768
8.125e-05,120.7557
8.4375e-05,118.6592
8.75e-05,116.676
9.0625e-05,114.7963
9.375e-05,113.0114
9.6875e-05,111.3136
0.0001,109.6959
0.000103125,108.1524
0.00010625,106.6775
0.000109375,105.2662
0.0001125,103.9142
0.000115625,102.6174
0.00011875,101.3721
0.000121875,100.175
0.000125,99.02305
0.000128125,97.91354
0.00013125,96.84389
0.000134375,95.81178
0.0001375,94.81505
0.00014375,92.92001
0.00015,91.14468
0.00015625,89.47696
0.0001625,87.90641
0.00016875,86.42394
0.000175,85.02161
0.00018125,83.69246
0.0001875,82.43033
0.00019375,81.22978
0.0002,80.08595
0.000209375,78.46721
0.00021875,76.95369
0.000228125,75.53445
0.0002375,74.2001
0.000246875,72.94249
0.00025625,71.75455
0.000265625,70.63007
0.000275,69.56359
0.000284375,68.55028
0.00029375,67.58589
0.000303125,66.66659
0.0003125,65.78897
0.000321875,64.94998
0.00033125,64.14687
0.000340625,63.37714
0.00035,62.63855
0.000359375,61.92906
0.00036875,61.2468
0.000378125,60.59007
0.0003875,59.95732
0.000396875,59.34712
0.00040625,58.75817
0.000425,57.63928
0.00044375,56.59208
0.0004625,55.60922
0.00048125,54.68438
0.0005,53.81206
0.000515625,53.12177
0.00053125,52.46217
0.000546875,51.83104
0.0005625,51.22639
0.000578125,50.64642
0.00059375,50.0895
0.000609375,49.55413
0.000625,49.03898
0.000640625,48.54279
0.00065625,48.06442
0.000671875,47.60284
0.0006875,47.15709
0.00071875,46.3096
0.00075,45.51564
0.00078125,44.76981
0.0008125,44.06743
0.00084375,43.40444
0.000875,42.77729
0.00090625,42.18287
0.0009375,41.61842
0.00096875,41.08151
0.001,40.56997
0.00103125,40.08186
0.0010625,39.61544
0.00109375,39.16916
0.001125,38.74161
0.00115625,38.33151
0.0011875,37.9377
0.00121875,37.55914
0.00125,37.19487
0.00128125,36.844
0.0013125,36.50574
0.00134375,36.17935
0.001375,35.86415
0.0014375,35.26488
0.0015,34.70346
0.0015625,34.17607
0.001625,33.6794
0.0016875,33.21059
0.00175,32.76713
0.0018125,32.3468
0.001875,31.94767
0.0019375,31.56801
0.002,31.20629
0.00209375,30.69439
0.0021875,30.21576
0.00228125,29.76693
0.002375,29.34496
0.00246875,28.94726
0.0025625,28.57158
0.00265625,28.21597
0.00275,27.87871
0.00284375,27.55827
0.0029375,27.25328
0.00303125,26.96256
0.003125,26.68502
0.00321875,26.41969
0.0033125,26.16571
0.00340625,25.92229
0.0035,25.68872
0.00359375,25.46434
0.0036875,25.24858
0.00378125,25.04089
0.003875,24.84078
0.00396875,24.64781
0.0040625,24.46156
0.00425,24.10771
0.0044375,23.77654
0.004625,23.4657
0.0048125,23.17322
0.005,22.89735
0.00515625,22.67903
0.0053125,22.47044
0.00546875,22.27083
0.005625,22.07961
0.00578125,21.8962
0.0059375,21.72006
0.00609375,21.55075
0.00625,21.38782
0.00640625,21.2309
0.0065625,21.07961
0.00671875,20.93363
0.006875,20.79265
0.0071875,20.52462
0.0075,20.27351
0.0078125,20.03763
0.008125,19.81549
0.0084375,19.6058
0.00875,19.40745
0.0090625,19.21944
0.009375,19.04092
0.0096875,18.87111
0.01,18.70932
0.0103125,18.55493
0.010625,18.40741
0.0109375,18.26626
0.01125,18.13103
0.0115625,18.00131
0.011875,17.87675
0.0121875,17.75702
0.0125,17.6418
0.0128125,17.53082
0.013125,17.42382
0.0134375,17.32058
0.01375,17.22088
0.014375,17.03132
0.015,16.85374
0.015625,16.68691
0.01625,16.5298
0.016875,16.3815
0.0175,16.24122
0.018125,16.10825
0.01875,15.98199
0.019375,15.86188
0.02,15.74745
0.0206625,15.63187
0.021325,15.52171
0.0219875,15.41656
0.02265,15.31606
0.0233125,15.21988
0.023975,15.12771
0.0246375,15.03928
0.0253,14.95434
0.02607188,14.85949
0.02684375,14.76877
0.02761563,14.68187
0.0283875,14.59854
0.02915938,14.51853
0.02993125,14.44164
0.03070313,14.36767
0.031475,14.29643
0.03224688,14.22777
0.03301875,14.16152
0.0345625,14.03575
0.03610625,13.91813
0.03765,13.80781
0.03919375,13.70407
0.0407375,13.60628
0.04228125,13.5139
0.043825,13.42643
0.04536875,13.34346
0.0469125,13.26462
0.04845625,13.18957
0.05,13.11802
0.0515625,13.0489
0.053125,12.98284
0.0546875,12.91964
0.05625,12.85908
0.0578125,12.80099
0.059375,12.74521
0.0609375,12.69158
0.0625,12.63997
0.0640625,12.59026
0.065625,12.54234
0.0671875,12.49609
0.06875,12.45142
0.071875,12.3665
0.075,12.28693
0.078125,12.21217
0.08125,12.14176
0.084375,12.0753
0.0875,12.01241
0.090625,11.9528
0.09375,11.89619
0.096875,11.84234
0.1,11.79102
0.103125,11.74205
0.10625,11.69524
0.109375,11.65045
0.1125,11.60754
0.115625,11.56637
0.11875,11.52683
0.121875,11.48882
0.125,11.45224
0.128125,11.41699
0.13125,11.38301
0.134375,11.35022
0.1375,11.31855
0.14375,11.25831
0.15,11.20187
0.15625,11.14883
0.1625,11.09887
0.16875,11.05169
0.175,11.00705
0.18125,10.96473
0.1875,10.92452
0.19375,10.88627
0.2,10.84981
0.209375,10.79819
0.21875,10.7499
0.228125,10.7046
0.2375,10.66199
0.246875,10.6218
0.25625,10.58382
0.265625,10.54785
0.275,10.51371
0.284375,10.48126
0.29375,10.45036
0.303125,10.42088
0.3125,10.39273
0.321875,10.3658
0.33125,10.34
0.340625,10.31526
0.35,10.29151
0.359375,10.26868
0.36875,10.24672
0.378125,10.22556
0.3875,10.20516
0.396875,10.18547
0.40625,10.16646
0.425,10.13031
0.44375,10.09643
0.4625,10.06459
0.48125,10.03458
0.5,10.00625
0.53125,9.962312
0.5625,9.921996
0.59375,9.884814
0.625,9.850373
0.65625,9.818341
0.6875,9.788442
0.71875,9.760442
0.75,9.73414
0.78125,9.709366
0.8125,9.685972
0.84375,9.663828
0.875,9.642823
0.9375,9.603846
1.0,9.568376
1.0625,9.535892
1.125,9.505975
1.1875,9.478282
1.25,9.452534
1.3125,9.428496
1.375,9.405973
1.4375,9.384798
1.5,9.364829
1.5625,9.345948
1.625,9.328046
1.6875,9.311034
1.75,9.294833
1.875,9.264585
2.0,9.236837
2.09375,9.217439
2.1875,9.199109
2.28125,9.181734
2.375,9.165223
2.46875,9.149492
2.5625,9.13447
2.65625,9.120095
2.75,9.106311
2.9375,9.080329
3.125,9.056197
3.3125,9.033652
3.5,9.012483
3.6875,8.992517
3.875,8.973607
4.0625,8.955633
4.25,8.938493
4.4375,8.922102
4.625,8.906383
4.8125,8.891273
5.0,8.876717
5.3125,8.853555
5.625,8.831606
5.9375,8.810716
6.25,8.790756
6.5625,8.77162
6.875,8.753218
7.1875,8.735476
7.5,8.718326
7.8125,8.701717
8.125,8.685597
8.4375,8.669925
8.75,8.654665
9.375,8.625253
10.0,8.597146
10.625,8.570168
11.25,8.544183
11.875,8.519074
12.5,8.494749
13.125,8.471127
13.75,8.448142
14.375,8.425738
15.0,8.403864
15.625,8.382478
16.25,8.361544
16.875,8.341028
17.5,8.320902
18.75,8.281721
20.0,8.243823
20.9375,8.216157
21.875,8.189083
22.8125,8.162558
23.75,8.13654
24.6875,8.110997
25.625,8.085895
26.5625,8.061209
27.5,8.036911
29.375,7.98939
31.25,7.943168
33.125,7.8981
35.0,7.85406
36.875,7.810936
38.75,7.768623
40.625,7.727026
42.5,7.686054
44.375,7.645619
46.25,7.605638
48.125,7.566027
50.0,7.526699
51.5625,7.494084
53.125,7.461556
54.6875,7.429064
56.25,7.396553
57.8125,7.363967
59.375,7.331242
60.9375,7.298315
62.5,7.265117
64.0625,7.23157
65.625,7.197591
67.1875,7.16309
68.75,7.127967
70.3125,7.092107
71.875,7.055388
73.4375,7.017667
75.0,6.978788
75.78125,6.958858
76.5625,6.938567
77.34375,6.917892
78.125,6.896802
78.90625,6.875268
79.6875,6.853257
80.46875,6.830734
81.25,6.807664
82.03125,6.784006
82.8125,6.759718
83.59375,6.734755
84.375,6.709071
85.15625,6.682614
85.9375,6.655331
86.71875,6.627169
87.5,6.598069
88.28125,6.567975
89.0625,6.536831
89.45313,6.520848
89.84375,6.504583
90.23438,6.488031
90.625,6.471186
91.01563,6.454045
91.40625,6.436606
91.79688,6.418867
92.1875,6.40083
92.57813,6.382498
92.96875,6.363879
93.35938,6.344983
93.75,6.325825
94.14063,6.306428
94.53125,6.28682
94.92188,6.267042
95.3125,6.247144
95.70313,6.227191
96.09375,6.207267
96.48438,6.187482
96.875,6.16797
97.26563,6.148906
97.65625,6.130513
98.04688,6.113072
98.24219,6.104819
98.4375,6.096946
98.63282,6.089514
98.82813,6.082594
99.02344,6.076264
99.21875,6.070613
99.41407,6.065742
99.60938,6.06177
99.80469,6.058828
100.0,6.057067
100.2581,6.056851
100.5162,6.059481
100.7743,6.065524
101.0323,6.075671
101.2904,6.090769
101.5484,6.111837
101.6775,6.125008
101.8065,6.140162
101.9355,6.157513
102.0645,6.177292
102.1936,6.199776
102.3226,6.225218
102.4517,6.253982
102.5807,6.286389
102.7098,6.3229
102.8388,6.363926
102.9678,6.410018
103.0968,6.461776
103.2259,6.519927
103.3549,6.585159
103.4839,6.658406
103.6129,6.740691
103.742,6.833267
103.871,6.937357
104.0,7.054609
104.129,7.186865
104.2581,7.336407
104.3871,7.505535
104.5162,7.697506
104.6452,7.915571
104.7743,8.164301
104.9033,8.448382
104.9678,8.60561
105.0323,8.774108
105.0968,8.954848
105.1613,9.148901
105.2259,9.35779
105.2904,9.582191
105.3549,9.82388
105.4194,10.08449
105.4839,10.36584
105.5484,10.66998
105.6129,10.99919
105.6774,11.35605
105.742,11.74408
105.8065,12.16537
105.871,12.62419
105.9355,13.1248
106.0,13.672
106.0645,14.27129
106.129,14.92902
106.1935,15.65248
106.2581,16.45138
106.3226,17.33309
106.3871,18.31019
106.4516,19.39608
106.5162,20.60851
106.5485,21.2673
106.5807,21.9624
106.613,22.70101
106.6452,23.48173
106.6614,23.89234
106.6775,24.31287
106.6936,24.74628
106.7097,25.19308
106.7259,25.65672
106.742,26.13203
106.7582,26.6255
106.7743,27.13167
106.7905,27.65748
106.7986,27.9268
106.8066,28.19712
106.8147,28.47527
106.8227,28.75449
106.8308,29.04186
106.8388,29.33037
106.8469,29.62733
106.855,29.92929
106.8631,30.23633
106.8711,30.5447
106.8792,30.86219
106.8872,31.18111
106.8953,31.50952
106.9033,31.83945
106.9114,32.17926
106.9195,32.52501
106.9276,32.87681
106.9356,33.23035
106.9437,33.59462
106.9517,33.96074
106.9598,34.33803
106.9678,34.71732
106.9759,35.10825
106.984,35.50626
106.9921,35.91155
107.0001,36.31913
107.0082,36.73937
107.0162,37.16207
107.0243,37.59798
107.0323,38.03652
107.0404,38.48886
107.0485,38.94976
107.0566,39.41944
107.0646,39.89214
107.0727,40.37991
107.0807,40.87094
107.0888,41.3777
107.0968,41.88795
107.1049,42.41469
107.113,42.95185
107.1211,43.4997
107.1291,44.05156
107.1372,44.6215
107.1452,45.19573
107.1533,45.78892
107.1613,46.38671
107.1694,47.00438
107.1775,47.63485
107.1856,48.27848
107.1936,48.92742
107.2017,49.59827
107.2097,50.27482
107.2178,50.97438
107.2258,51.68009
107.2339,52.40998
107.242,53.15577
107.2501,53.91792
107.2581,54.68715
107.2662,55.48319
107.2743,56.29702
107.2824,57.12916
107.2904,57.96953
107.2985,58.83968
107.3066,59.72978
107.3147,60.64046
107.3227,61.56069
107.3308,62.5141
107.3388,63.4778
107.3469,64.47658
107.3549,65.48646
107.363,66.53343
107.3711,67.6058
107.3792,68.70434
107.3872,69.81585
107.3953,70.96897
107.4033,72.13609
107.4114,73.34732
107.4194,74.5737
107.4275,75.84691
107.4356,77.15286
107.4517,79.85019
107.4678,82.69041
107.4839,85.68345
107.5001,88.86032
107.5162,92.19361
107.5323,95.71529
107.5484,99.43936
107.5646,103.4064
107.5807,107.5842
107.5968,112.0151
107.6129,116.7194
107.6291,121.7511
107.6452,127.073
107.6613,132.742
107.6774,138.7884
107.6936,145.2864
107.7097,152.193
107.7258,159.5879
107.7419,167.5168
107.7581,176.0853
107.7662,180.6094
107.7742,185.2449
107.7823,190.1159
107.7904,195.1744
107.7985,200.4297
107.8065,205.8233
107.8146,211.5004
107.8227,217.4062
107.8308,223.5527
107.8388,229.8722
107.8469,236.5361
107.8549,243.3939
107.863,250.6324
107.871,258.089
107.8791,265.9675
107.8872,274.1955
107.8953,282.7933
107.9033,291.6688
107.9114,301.0668
107.9194,310.7795
107.9275,321.0757
107.9355,331.729
107.9436,343.036
107.9517,354.8995
107.9598,367.3547
107.9678,380.2743
107.9759,394.0216
107.9839,408.3002
107.992,423.5144
108.0,439.3382
108.0081,456.2223
108.0162,474.034
108.0243,492.838
108.0323,512.4527
108.0404,533.4435
108.0484,555.3725
108.0565,578.8759
108.0645,603.4676
108.0726,629.8664
108.0807,657.8873
108.0888,687.6539
108.0968,718.8973
108.1049,752.5424
108.1129,787.9117
108.121,826.0584
108.129,866.2202
108.1371,909.5987
108.1452,955.9231
108.1533,1005.425
108.1613,1057.679
108.1694,1114.255
108.1774,1174.031
108.1855,1238.8
108.1935,1307.27
108.2016,1381.478
108.2097,1460.935
108.2178,1545.983
108.2258,1635.8
108.2339,1732.952
108.2419,1835.329
108.25,1945.741
108.258,2061.636
108.2669,2198.668
108.2758,2344.152
108.2847,2497.762
108.2935,2656.981
108.3024,2824.358
108.3113,2996.531
108.329,3343.99
108.3379,3515.005
108.3468,3678.338
108.3557,3829.44
108.3645,3962.109
108.3734,4074.648
108.3823,4161.099
108.3912,4217.937
108.4,4242.702
108.409,4234.744
108.4179,4194.346
108.4269,4122.668
108.4358,4024.577
108.4448,3902.086
108.4537,3762.572
108.4626,3609.514
108.4715,3447.427
108.4894,3110.053
108.5073,2778.068
108.5163,2618.623
108.5252,2467.628
108.5341,2324.03
108.543,2188.248
108.5542,2028.7
108.5654,1881.638
108.5766,1746.606
108.5877,1624.001
108.5989,1510.851
108.6101,1407.49
108.6213,1313.103
108.6324,1227.629
108.6436,1148.784
108.6548,1076.674
108.666,1010.657
108.6771,950.6642
108.6883,895.0872
108.6994,844.4479
108.7106,797.4052
108.7217,754.4186
108.7329,714.3681
108.7441,677.3445
108.7553,643.0683
108.7664,611.562
108.7776,582.0349
108.7887,554.8161
108.7999,529.2353
108.811,505.5892
108.8222,483.3059
108.8334,462.4738
108.8446,442.9731
108.8557,424.8542
108.8669,407.6938
108.878,391.7113
108.8892,376.5393
108.9003,362.3771
108.9115,348.9036
108.9227,336.1899
108.9339,324.1809
108.945,312.9248
108.9562,302.1731
108.9674,291.9879
108.9897,273.2455
109.0121,256.2575
109.0344,240.9469
109.0567,227.04
109.079,214.3712
109.1014,202.7486
109.1237,192.153
109.146,182.4241
109.1683,173.4701
109.1907,165.175
109.213,157.5424
109.2353,150.4725
109.2576,143.9109
109.28,137.7835
109.3023,132.1024
109.3247,126.7789
109.347,121.8267
109.3694,117.1715
109.3917,112.8278
109.414,108.7504
109.4363,104.9177
109.4587,101.2945
109.481,97.89575
109.5033,94.68886
109.5256,91.65949
109.548,88.78214
109.5703,86.07057
109.5926,83.50081
109.6149,81.06299
109.6596,76.53826
109.7042,72.45311
109.7489,68.73545
109.7935,65.35649
109.8382,62.26221
109.8828,59.43328
109.9275,56.82833
109.9721,54.43434
110.0168,52.21904
110.0615,50.16922
110.1062,48.26846
110.1508,46.50614
110.1955,44.86166
110.2401,43.33121
110.2848,41.89796
110.3294,40.55952
110.3741,39.30202
110.4187,38.12404
110.4634,37.01399
110.508,35.97118
110.5527,34.98583
110.5973,34.05775
110.642,33.17861
110.6866,32.34858
110.7313,31.56049
110.776,30.81313
110.8207,30.10367
110.8653,29.43096
110.9546,28.18032
111.0439,27.04452
111.1332,26.00947
111.2225,25.06317
111.3118,24.19541
111.4011,23.39744
111.4905,22.66087
111.5798,21.98082
111.6691,21.35073
111.7584,20.76562
111.8477,20.22113
111.937,19.71343
112.0263,19.23914
112.1156,18.79525
112.205,18.37866
112.2943,17.98792
112.3836,17.62043
112.4729,17.27429
112.5622,16.94779
112.6515,16.63942
112.7408,16.34777
112.8301,16.07161
112.9195,15.80949
113.0088,15.561
113.0981,15.32487
113.1874,15.10027
113.2767,14.88642
113.366,14.68258
113.5446,14.30245
113.7233,13.95506
113.9019,13.63689
114.0805,13.34441
114.2591,13.07474
114.4378,12.82531
114.6164,12.59425
114.7951,12.37946
114.9737,12.17956
115.1524,11.99289
115.331,11.81844
115.5096,11.655
115.6882,11.50158
115.8669,11.35723
116.0455,11.22138
116.2241,11.09321
116.4027,10.97213
116.5814,10.85751
116.76,10.749
116.9386,10.64605
117.1172,10.54828
117.2959,10.45525
117.4745,10.36674
117.6531,10.28238
117.8317,10.2019
118.0104,10.12499
118.189,10.05151
118.5462,9.913859
118.9035,9.787345
119.2607,9.670746
119.618,9.562893
119.9752,9.462898
120.3325,9.369884
120.6898,9.283172
121.0471,9.202138
121.4043,9.126264
121.7616,9.055029
122.1188,8.988053
122.4761,8.924926
122.8333,8.865354
123.1906,8.809008
123.5478,8.755657
123.9051,8.705035
124.2623,8.65696
124.6196,8.611213
124.9768,8.567647
125.3341,8.526083
125.6913,8.486401
126.0486,8.44845
126.4058,8.412135
126.7631,8.377328
127.1203,8.343951
127.8348,8.281092
128.5493,8.222926
129.2638,8.168914
129.9783,8.118596
130.6928,8.071577
131.4073,8.027516
132.1219,7.986111
132.8364,7.947118
133.5509,7.910304
134.2654,7.875473
134.9799,7.842446
135.6944,7.811072
136.4089,7.781211
137.1234,7.752741
137.8379,7.725554
138.5524,7.699547
139.2669,7.674636
139.9814,7.650738
140.6959,7.627782
141.4104,7.605704
142.1249,7.584441
142.8394,7.563941
144.2685,7.525033
145.6975,7.488637
147.1265,7.454458
148.5555,7.422247
149.9845,7.391793
151.4135,7.362912
152.8425,7.33545
154.2715,7.309268
155.7006,7.284246
157.1296,7.260283
158.5586,7.237285
159.9876,7.215171
161.4167,7.193867
162.8457,7.173312
164.2747,7.153448
165.7037,7.134222
167.1328,7.115586
168.5618,7.097503
171.4198,7.062839
174.2778,7.029965
177.1358,6.998665
179.9939,6.968751
182.8519,6.940073
185.7099,6.912494
188.5679,6.885904
191.426,6.860202
194.284,6.835303
197.142,6.811131
200.0,6.78762
203.9167,6.756366
207.8334,6.726111
211.7501,6.696738
215.6667,6.668149
219.5834,6.640255
223.5001,6.612977
227.4168,6.586244
231.3334,6.559995
235.2501,6.534171
239.1668,6.508719
247.0001,6.45874
250.0,6.439867
256.3334,6.400393
262.6668,6.361287
270.5002,6.313195
278.3335,6.265144
286.1669,6.216847
294.0002,6.168018
301.8336,6.118347
309.6669,6.067505
313.5836,6.04153
317.5002,6.015118
321.4169,5.988215
325.3335,5.96076
329.2502,5.932687
333.1669,5.903926
337.0836,5.874397
341.0002,5.844011
344.9169,5.81267
348.8336,5.780263
352.7503,5.746664
356.6669,5.71173
360.5836,5.675295
364.5003,5.637168
368.417,5.597128
370.3753,5.576311
372.3336,5.554914
374.292,5.532895
376.2503,5.510213
378.2087,5.486818
380.167,5.462657
382.1254,5.43767
384.0837,5.411796
386.042,5.384961
388.0003,5.357085
389.9587,5.328078
391.917,5.297845
393.8754,5.266269
395.8337,5.233229
397.7921,5.198579
399.7504,5.162162
401.7087,5.123794
403.667,5.083261
404.6462,5.062108
405.6254,5.040321
406.6046,5.017864
407.5837,4.994699
408.5629,4.970781
409.5421,4.946066
410.5213,4.920504
411.5004,4.894045
412.4796,4.866626
413.4588,4.838188
414.438,4.808661
415.4171,4.777973
416.3963,4.746037
417.3754,4.712772
418.3546,4.678071
419.3337,4.641836
420.3129,4.603941
421.2921,4.564262
422.2713,4.522656
423.2504,4.478971
424.2296,4.433026
425.2088,4.384634
425.6984,4.359456
426.188,4.333586
426.6776,4.306994
427.1671,4.279656
427.6567,4.251527
428.1463,4.222579
428.6359,4.192777
429.1255,4.162084
429.6151,4.13046
430.1047,4.097865
430.5943,4.064259
431.0838,4.029606
431.5734,3.993849
432.063,3.956949
432.5526,3.918861
433.0421,3.87955
433.5317,3.838956
434.0213,3.797046
434.5109,3.753783
435.0004,3.709143
435.49,3.663083
435.9796,3.615601
436.4692,3.566698
436.9588,3.5164
437.4484,3.464762
437.938,3.411877
438.1828,3.385011
438.4276,3.357896
438.6724,3.330561
438.9171,3.303054
439.1619,3.275398
439.4067,3.247657
439.6515,3.219892
439.8963,3.192179
440.1411,3.164607
440.3859,3.13728
440.6307,3.110322
440.8754,3.083889
441.1202,3.058136
441.365,3.033278
441.6098,3.009558
441.8546,2.987267
442.0994,2.966749
442.3442,2.948414
442.589,2.93275
442.8337,2.920349
443.0785,2.911901
443.3233,2.908262
443.5681,2.910454
443.8129,2.919719
444.0577,2.93757
444.3025,2.965865
444.4249,2.984622
444.5473,3.006886
444.6697,3.033028
444.7921,3.063461
444.9145,3.098652
445.0369,3.139118
445.1593,3.185442
445.2817,3.238281
445.4041,3.298372
445.5265,3.366549
445.6489,3.443756
445.7713,3.531062
445.8937,3.629685
446.0161,3.741014
446.1385,3.866634
446.1997,3.935362
446.2609,4.008365
446.3221,4.085913
446.3833,4.168298
446.4445,4.255831
446.5057,4.348847
446.5669,4.44771
446.6281,4.552808
446.6893,4.664563
446.7504,4.783228
446.781,4.845472
446.8116,4.909682
446.8422,4.975923
446.8728,5.044266
446.9034,5.114787
446.934,5.187559
446.9646,5.262664
446.9952,5.340183
447.0258,5.420204
447.0564,5.502816
447.0717,5.545123
447.087,5.588113
447.1023,5.6318
447.1176,5.676194
447.1329,5.721309
447.1482,5.76716
447.1635,5.813758
447.1788,5.861118
447.1941,5.909254
447.2094,5.95818
447.2247,6.007911
447.24,6.058461
447.2553,6.109848
447.2706,6.162085
447.3012,6.269177
447.3318,6.37987
447.3624,6.494304
447.393,6.612623
447.4236,6.73498
447.4542,6.861535
447.4848,6.992454
447.5154,7.127911
447.546,7.26809
447.5766,7.413184
447.6072,7.563393
447.6378,7.71893
447.6684,7.880016
447.699,8.046884
447.7296,8.219779
447.7602,8.398959
447.7908,8.584696
447.8214,8.777272
447.852,8.976989
447.8826,9.184163
447.9132,9.399125
447.9438,9.622227
447.9744,9.85384
448.005,10.09435
448.0356,10.34418
448.0662,10.60375
448.0968,10.87353
448.1274,11.154
448.158,11.44568
448.1886,11.74911
448.2192,12.06488
448.2498,12.39359
448.2804,12.73588
448.311,13.09246
448.3416,13.46404
448.3722,13.85141
448.4028,14.25539
448.4334,14.67685
448.464,15.11675
448.4946,15.57606
448.5252,16.05586
448.5558,16.55728
448.5864,17.08152
448.617,17.62988
448.6476,18.20374
448.6782,18.8046
448.7087,19.43193
448.7393,20.09153
448.7699,20.78324
448.8005,21.50901
448.8311,22.27093
448.8617,23.07131
448.8923,23.91257
448.9229,24.79736
448.9535,25.72853
448.9841,26.70915
449.0147,27.74256
449.0453,28.83236
449.0759,29.98248
449.1065,31.19716
449.1371,32.48104
449.1677,33.83913
449.1983,35.27692
449.2289,36.80041
449.2595,38.41612
449.2901,40.13126
449.3207,41.95365
449.3513,43.89192
449.3819,45.95559
449.4125,48.15508
449.4431,50.50196
449.4737,53.00897
449.5043,55.69025
449.5349,58.56148
449.5655,61.64011
449.5961,64.94558
449.6267,68.49958
449.6573,72.32642
449.6879,76.45334
449.7185,80.91099
449.7491,85.73389
449.7797,90.9611
449.8103,96.63684
449.8409,102.8114
449.8715,109.542
449.9021,116.8942
449.9327,124.943
449.948,129.2551
449.9633,133.7747
449.9786,138.5148
449.9939,143.4892
450.0092,148.7127
450.0245,154.2016
450.0398,159.9733
450.0551,166.0463
450.0704,172.4412
450.0857,179.1798
450.101,186.2858
450.1163,193.7852
450.1316,201.7057
450.1469,210.078
450.1622,218.9349
450.1775,228.3125
450.1928,238.2498
450.2081,248.7899
450.2234,259.9791
450.2387,271.8685
450.254,284.514
450.2693,297.9765
450.2846,312.323
450.2999,327.6268
450.3152,343.9685
450.3305,361.4366
450.3458,380.1282
450.3611,400.1504
450.3764,421.6207
450.3917,444.6685
450.407,469.4364
450.4223,496.0808
450.4376,524.7743
450.4529,555.706
450.4682,589.0836
450.4835,625.1346
450.4988,664.107
450.5141,706.2715
450.5294,751.9204
450.5447,801.369
450.56,854.9536
450.5753,913.0294
450.5906,975.9658
450.6059,1044.14
450.6212,1117.926
450.6365,1197.678
450.6518,1283.711
450.667,1375.645
450.6816,1470.143
450.6962,1570.703
450.7108,1677.14
450.7253,1788.26
450.7399,1904.897
450.7544,2024.419
450.7835,2269.162
450.7981,2390.154
450.8127,2506.353
450.8273,2614.595
450.8418,2710.897
450.8564,2793.243
450.8709,2857.458
450.8855,2901.886
450.9,2924.187
450.9146,2923.888
450.9292,2901.032
450.9438,2856.91
450.9583,2794.171
450.9729,2714.725
450.9874,2622.768
451.002,2520.278
451.0165,2411.758
451.0457,2183.894
451.0748,1958.717
451.0894,1850.272
451.1039,1746.834
451.1185,1647.548
451.133,1554.109
451.145,1480.782
451.1569,1411.657
451.1689,1345.528
451.1808,1283.418
451.1928,1224.174
451.2047,1168.656
451.2166,1116.217
451.2285,1066.711
451.2405,1019.607
451.2524,975.5387
451.2643,933.9546
451.2762,894.7102
451.2882,857.3641
451.3001,822.4046
451.312,789.3843
451.3239,758.1829
451.3359,728.4457
451.3478,700.5605
451.3598,673.9563
451.3717,648.9818
451.3837,625.1273
451.3956,602.7076
451.4075,581.4416
451.4194,561.2575
451.4433,523.723
451.4671,489.934
451.491,459.1838
451.5148,431.3647
451.5387,405.9235
451.5626,382.7041
451.5865,361.4634
451.6103,342.0673
451.6342,324.1678
451.658,307.7532
451.6819,292.5429
451.7057,278.5392
451.7296,265.5133
451.7535,253.4277
451.7774,242.1952
451.8012,231.7802
451.8251,222.026
451.8489,212.9532
451.8728,204.4302
451.8966,196.4793
451.9205,188.9893
451.9444,181.9543
451.9683,175.3383
451.9921,169.1338
452.016,163.2592
452.0398,157.7372
452.0637,152.4969
452.0875,147.5602
452.1114,142.8654
452.1353,138.4154
452.183,130.2
452.2307,122.7758
452.2784,116.0432
452.3262,109.9056
452.3739,104.3166
452.4216,99.20117
452.4693,94.5065
452.517,90.18684
452.5647,86.20255
452.6124,82.5191
452.6601,79.10633
452.7079,75.93136
452.7556,72.98415
452.8033,70.23727
452.851,67.67252
452.8988,65.26889
452.9465,63.02197
452.9942,60.91376
453.0419,58.93273
453.0897,57.06478
453.1374,55.30841
453.1851,53.65122
453.2328,52.08566
453.2806,50.60185
453.3283,49.19978
453.376,47.87062
453.4237,46.60921
453.4715,45.40844
453.5192,44.26902
453.6146,42.15114
453.7101,40.22344
453.8055,38.46654
453.901,36.85686
453.9964,35.38075
454.0918,34.02186
454.1872,32.7676
454.2827,31.60588
454.3781,30.5296
454.4736,29.52819
454.569,28.59644
454.6645,27.72597
454.7599,26.91292
454.8554,26.15057
454.9508,25.43602
455.0463,24.76378
455.1417,24.13172
455.2372,23.5353
455.3326,22.97288
455.4281,22.44073
455.5235,21.9376
455.6189,21.46082
455.7143,21.00847
455.8098,20.57839
455.9052,20.16987
456.0007,19.78063
456.0961,19.41015
456.287,18.71915
456.4779,18.08835
456.6688,17.51054
456.8597,16.97958
457.0506,16.49021
457.2414,16.03816
457.4323,15.61904
457.6232,15.22971
457.8141,14.86724
458.005,14.529
458.1959,14.21274
458.3868,13.91647
458.5777,13.63839
458.7685,13.37707
458.9594,13.13083
459.1503,12.89856
459.3412,12.67914
459.5321,12.47156
459.723,12.27491
459.9139,12.08836
460.1048,11.91119
460.2956,11.74281
460.4865,11.58242
460.6774,11.42957
460.8683,11.28372
461.0592,11.14445
461.2501,11.0113
461.441,10.88391
461.8227,10.64501
462.2045,10.42508
462.5863,10.22203
462.9681,10.034
463.3498,9.859446
463.7316,9.696894
464.1134,9.54519
464.4952,9.403283
464.8769,9.270286
465.2587,9.145322
465.6405,9.027708
466.0223,8.916809
466.404,8.812087
466.7858,8.712981
467.1676,8.61907
467.5494,8.529947
467.9311,8.445269
468.3129,8.364662
468.6947,8.287852
469.0765,8.214566
469.4582,8.14458
469.84,8.077632
470.2218,8.013535
470.6036,7.952106
470.9853,7.893185
471.7489,7.782186
472.5124,7.679457
473.276,7.584026
474.0395,7.495111
474.803,7.412005
475.5665,7.334109
476.3301,7.260888
477.0936,7.191908
477.8572,7.12675
478.6207,7.065078
479.3843,7.006565
480.1478,6.950952
480.9114,6.897976
481.6749,6.847433
482.4385,6.799111
483.202,6.752848
483.9656,6.708471
484.7291,6.665849
485.4927,6.62484
486.2562,6.585336
487.0198,6.547219
487.7833,6.510401
489.3104,6.440291
490.8375,6.374371
492.3646,6.312109
493.8917,6.253049
495.4188,6.196799
496.9459,6.143023
498.473,6.091429
500.0,6.041762
502.174,5.973937
504.3479,5.909005
506.5219,5.846489
508.6958,5.785987
510.8698,5.727143
513.0437,5.669654
515.2176,5.61325
517.3915,5.557686
519.5655,5.502744
521.7394,5.44823
523.9134,5.393957
526.0873,5.339761
528.2613,5.285476
530.4352,5.230956
532.6091,5.176055
534.783,5.120628
536.957,5.064537
539.1309,5.007649
541.3049,4.949823
543.4788,4.890924
545.6528,4.830808
547.8267,4.769337
550.0006,4.706359
552.1745,4.641722
554.3485,4.575263
556.5224,4.50682
558.6964,4.43621
560.8703,4.363253
563.0443,4.287743
565.2182,4.209477
567.3921,4.128227
569.566,4.043753
571.74,3.955793
573.9139,3.864082
576.0879,3.768317
578.2618,3.668193
580.4358,3.563369
582.6097,3.453499
583.6967,3.396553
584.7836,3.33821
585.8706,3.27841
586.9575,3.217116
588.0445,3.154267
589.1315,3.089818
590.2185,3.023724
591.3054,2.955941
592.3924,2.886414
593.4794,2.815106
594.5664,2.74198
595.6533,2.66701
596.7403,2.590161
597.8273,2.511423
598.9143,2.430798
600.0012,2.34831
601.0882,2.263983
602.1751,2.1779
603.2621,2.090147
604.349,2.000889
605.436,1.910318
606.523,1.818723
607.61,1.72648
608.6969,1.634096
609.7839,1.542209
610.8709,1.451684
611.4144,1.40727
611.9579,1.363641
612.5014,1.320991
613.0448,1.279548
613.5883,1.239552
614.1318,1.201301
614.6753,1.165128
615.2188,1.131413
615.7623,1.100596
616.3058,1.073181
616.8493,1.049749
617.121,1.039733
617.3927,1.030972
617.6645,1.023563
617.9362,1.017619
618.208,1.013253
618.4797,1.010592
618.7515,1.009769
619.0232,1.010931
619.2949,1.014235
619.5666,1.019849
619.8384,1.027961
620.1101,1.038763
620.246,1.045242
620.3819,1.052477
620.5178,1.060498
620.6536,1.069328
620.7895,1.079012
620.9254,1.089579
621.0613,1.101062
621.1292,1.107154
621.1971,1.113489
621.2651,1.120081
621.333,1.126915
621.367,1.130434
621.4009,1.134008
621.4349,1.137657
621.4688,1.141361
621.5028,1.145144
621.5368,1.148995
621.5708,1.152914
621.6047,1.15689
621.6387,1.160948
621.6726,1.165064
621.7066,1.169263
621.7405,1.173521
621.7745,1.177865
621.8085,1.182281
621.8425,1.186772
621.8764,1.191324
621.9104,1.195964
621.9444,1.200682
622.0123,1.210333
622.0803,1.220313
622.1482,1.230598
622.2161,1.241209
622.284,1.252153
622.4199,1.275084
622.5558,1.299429
622.6917,1.325249
622.8275,1.352583
622.9634,1.381534
623.0993,1.41215
623.2352,1.444501
623.371,1.478633
623.5069,1.514672
623.6428,1.552674
623.7787,1.592723
623.9145,1.634873
624.0504,1.67928
624.1863,1.726008
624.3222,1.775159
624.458,1.826799
624.5939,1.881116
624.7298,1.938188
624.8657,1.998137
625.0015,2.061046
625.1374,2.127141
625.2733,2.196519
625.4092,2.26933
625.545,2.345673
625.6809,2.425825
625.8167,2.509842
625.9526,2.598032
626.0884,2.690455
626.2243,2.787454
626.3602,2.889176
626.4961,2.995846
626.6319,3.107622
626.7678,3.224919
626.9037,3.347924
627.0396,3.476918
627.1754,3.612099
627.3113,3.753982
627.4472,3.902802
627.5831,4.058914
627.7189,4.222573
627.8548,4.394413
627.9907,4.574743
628.1266,4.76401
628.2624,4.962539
628.3983,5.171132
628.5342,5.390183
628.6701,5.620266
628.8059,5.86181
628.9418,6.11582
629.0777,6.382818
629.2136,6.663545
629.3494,6.958569
629.4853,7.26917
629.6212,7.596042
629.7571,7.940151
629.8929,8.302265
630.0288,8.684025
630.1646,9.086062
630.3005,9.510252
630.4363,9.957343
630.5722,10.42948
630.7081,10.92793
630.844,11.45443
630.9798,12.0104
631.1157,12.59868
631.2516,13.22102
631.3875,13.87979
631.5233,14.577
631.6592,15.31643
631.7951,16.10058
631.931,16.93272
632.0668,17.81572
632.2027,18.75475
632.3386,19.75342
632.4745,20.81633
632.6103,21.94768
632.7462,23.1547
632.8821,24.44266
633.018,25.81824
633.1538,27.28772
633.2897,28.86138
633.4256,30.5472
633.5615,32.35512
633.6973,34.29471
633.8332,36.38114
633.9691,38.62668
634.105,41.04665
634.2408,43.65612
634.3767,46.4781
634.5125,49.52994
634.6484,52.84038
634.7842,56.43195
634.9201,60.34095
635.056,64.60011
635.1919,69.24961
635.3277,74.33145
635.4636,79.9057
635.5995,86.02933
635.7354,92.77217
635.8033,96.39786
635.8712,100.2094
635.9392,104.225
636.0071,108.446
636.0751,112.8991
636.143,117.5867
636.211,122.5392
636.2789,127.7601
636.3468,133.2764
636.4147,139.1093
636.4827,145.2914
636.5506,151.8301
636.6185,158.7618
636.6864,166.1168
636.7544,173.94
636.8223,182.2449
636.8902,191.0823
636.9581,200.4961
637.0261,210.5495
637.094,221.2661
637.162,232.7362
637.2299,244.9906
637.2979,258.1372
637.3658,272.2165
637.4337,287.3351
637.5016,303.5906
637.5696,321.1183
637.6375,339.9879
637.7055,360.3902
637.7734,382.4162
637.8414,406.3001
637.9093,432.1604
637.9772,460.2424
638.0451,490.7831
638.1131,524.0998
638.181,560.3932
638.249,600.1059
638.3169,643.4967
638.3849,691.1148
638.4528,743.2893
638.5207,800.6088
638.5886,863.6511
638.6566,933.1587
638.7245,1009.62
638.7924,1093.878
638.8264,1139.242
638.8603,1186.716
638.8943,1236.68
638.9283,1289.098
638.9623,1344.072
638.9962,1401.521
639.0641,1524.86
639.132,1659.711
639.1863,1776.088
639.2405,1899.846
639.2948,2031.244
639.349,2169.331
639.4033,2313.792
639.4575,2462.849
639.566,2768.285
639.6203,2919.487
639.6745,3064.93
639.7288,3201.277
639.783,3323.891
639.8373,3429.068
639.8915,3512.579
639.9458,3571.526
640.0,3603.452
640.0543,3607.42
640.1085,3583.653
640.1628,3533.552
640.217,3459.855
640.2713,3365.645
640.3255,3255.085
640.3798,3131.738
640.434,2999.898
640.5425,2723.395
640.651,2447.914
640.7053,2315.201
640.7595,2187.775
640.8138,2065.909
640.868,1950.491
640.9069,1871.612
640.9458,1796.064
640.9847,1723.827
641.0235,1655.025
641.0624,1589.23
641.1012,1526.689
641.1401,1466.977
641.1789,1410.287
641.2178,1356.212
641.2566,1304.908
641.2955,1255.989
641.3343,1209.587
641.3732,1165.344
641.412,1123.37
641.4509,1083.339
641.4897,1045.347
641.5674,974.6708
641.6451,910.5691
641.7228,852.3422
641.8005,799.3638
641.8782,751.0752
641.9559,706.9801
642.0336,666.6387
642.1113,629.6614
642.189,595.7037
642.2667,564.4605
642.3444,535.6619
642.4221,509.0685
642.4998,484.4679
642.5775,461.6717
642.6552,440.5118
642.7329,420.8388
642.8106,402.5193
642.8883,385.4339
642.966,369.4757
643.0437,354.549
643.1214,340.5675
643.1991,327.4537
643.2768,315.1378
643.3545,303.5566
643.4322,292.6529
643.5099,282.3749
643.5876,272.6757
643.6653,263.5126
643.743,254.8466
643.8207,246.6423
643.8984,238.8672
643.9761,231.4918
644.1315,217.8336
644.2869,205.4762
644.4423,194.2579
644.5977,184.0412
644.7531,174.7088
644.9085,166.1597
645.0639,158.3075
645.2193,151.0768
645.3747,144.4027
645.5301,138.2281
645.6855,132.5034
645.8409,127.1849
645.9964,122.2311
646.1518,117.6143
646.3072,113.3011
646.4626,109.2647
646.618,105.4813
646.7734,101.9295
646.9288,98.59025
647.0842,95.44638
647.2396,92.48243
647.395,89.6845
647.5504,87.03999
647.7058,84.5375
647.8612,82.16667
648.0166,79.9181
648.172,77.78319
648.3274,75.75413
648.6382,71.98556
648.949,68.56201
649.2598,65.44101
649.5706,62.58653
649.8814,59.96782
650.1922,57.55853
650.503,55.33591
650.8138,53.28032
651.1247,51.37407
651.4355,49.60345
651.7463,47.95476
652.0571,46.4165
652.3679,44.97852
652.6787,43.63185
652.9895,42.36849
653.3003,41.18136
653.6111,40.06409
653.9219,39.01102
654.2327,38.01703
654.5435,37.07753
654.8543,36.18838
655.1651,35.34582
655.4759,34.54646
655.7867,33.78721
656.0975,33.06528
656.4083,32.37809
656.7191,31.72332
657.0299,31.09881
657.6515,29.93294
658.2731,28.86662
658.8947,27.88814
659.5163,26.98746
660.1379,26.15602
660.7595,25.3864
661.3812,24.6721
662.0028,24.00778
662.6244,23.38844
663.246,22.80982
663.8676,22.26815
664.4892,21.76012
665.1108,21.2828
665.7324,20.83354
666.3541,20.40998
666.9757,20.01014
667.5973,19.6321
668.2189,19.27414
668.8405,18.93478
669.4621,18.61263
670.0837,18.30644
670.7053,18.01509
671.327,17.73752
671.9486,17.47286
672.5702,17.22023
673.1918,16.97884
673.8134,16.74797
674.435,16.52696
675.6782,16.11216
676.9214,15.73014
678.1646,15.37725
679.4078,15.05031
680.651,14.74662
681.8943,14.4638
683.1375,14.19985
684.3807,13.95294
685.6239,13.7215
686.8672,13.5041
688.1104,13.29958
689.3536,13.10681
690.5968,12.92481
691.8401,12.75269
693.0833,12.58973
694.3265,12.43518
695.5697,12.28843
696.8129,12.14891
698.0561,12.01607
699.2993,11.88949
700.5425,11.76871
701.7858,11.65334
703.029,11.54304
704.2722,11.43748
705.5154,11.33637
706.7587,11.2394
708.0019,11.14637
710.4883,10.97113
712.9748,10.80898
715.4612,10.65851
717.9476,10.51851
720.434,10.3879
722.9205,10.26578
725.4069,10.15134
727.8934,10.04386
730.3798,9.942739
732.8663,9.847413
735.3527,9.757401
737.8391,9.672264
740.3255,9.591612
742.812,9.515093
745.2984,9.4424
747.7849,9.373244
750.2713,9.307374
752.7578,9.244555
755.2442,9.18458
757.7306,9.127255
760.217,9.072407
762.7035,9.019873
765.1899,8.969511
767.6764,8.921183
770.1628,8.87477
772.6493,8.830155
775.1357,8.787236
780.1085,8.706103
785.0814,8.630678
790.0542,8.560368
795.0271,8.494658
799.9999,8.433102
800.0001,15.90337
850.0001,15.65499
900.0001,15.42601
950.0001,15.21391
1000.0,15.01664
1062.5,14.79659
1125.0,14.59356
1187.5,14.40535
1250.0,14.23015
1312.5,14.07292
1375.0,13.92541
1437.5,13.78658
1500.0,13.6556
1600.0,13.46742
1700.0,13.29414
1850.0,13.06695
2000.0,12.86246
2125.0,12.71592
2250.0,12.57999
2375.0,12.45335
2500.0,12.33493
2750.0,12.13508
3000.0,11.95665
3250.0,11.80763
3500.0,11.67199
3750.0,11.55684
4000.0,11.45054
4250.0,11.36245
4500.0,11.2803
5000.0,11.13112
5500.0,11.01804
6000.0,10.91636
6500.0,10.83846
7000.0,10.7672
7500.0,10.71267
8000.0,10.66218
9000.0,10.59619
10000.0,10.5382
11250.0,10.5081
12500.0,10.48209
13750.0,10.48627
15000.0,10.49062
17000.0,10.52716
18500.0,10.5726
20000.0,10.61524
22500.0,10.72192
25000.0,10.81938
27500.0,10.94808
30000.0,11.0677
32500.0,11.20972
35000.0,11.3434
40000.0,11.63741
45000.0,11.9619
50000.0,12.2609
60000.0,12.91426
70000.0,13.58629
80000.0,14.27086
89999.95,14.99028
99999.9,15.66486
100000.1,7.58207
200000.0,7.07412
400000.0,6.35269
400000.1,6.352689
460930.5,6.022902
600000.0,5.717543
800000.0,5.162683
1000000.0,4.697303
1030350.0,4.617987
1133962.0,4.400729
1162781.0,4.345243
1200000.0,4.322458
1400000.0,4.032644
1585020.0,3.825901
1600000.0,3.818438
1675310.0,3.740839
1778590.0,3.665518
1795881.0,3.664888
1800000.0,3.67059
1897145.0,3.620589
2000000.0,3.577092
2003424.0,3.57585
2033410.0,3.565037
2200000.0,3.525733
2263122.0,3.509076
2269700.0,3.507414
2329551.0,3.505553
2400000.0,3.505724
2430086.0,3.497515
2444683.0,3.495743
2475000.0,3.492064
2503900.0,3.493468
2540490.0,3.498494
2600000.0,3.506902
2606663.0,3.507376
2800000.0,3.521174
3000000.0,3.542497
3200000.0,3.566913
3400000.0,3.591407
3600000.0,3.616041
3800000.0,3.638415
4000000.0,3.659394
4200000.0,3.678817
4400000.0,3.697413
4448761.0,3.701604
4600000.0,3.714602
4800000.0,3.73112
5000000.0,3.747393
5026566.0,3.749445
5200000.0,3.762834
5400000.0,3.778398
5600000.0,3.793228
5800000.0,3.807857
6000000.0,3.821781
6165551.0,3.833224
6200000.0,3.835606
6400000.0,3.849273
6600000.0,3.861559
6800000.0,3.873214
7000000.0,3.884902
7200000.0,3.894827
7400000.0,3.903699
7600000.0,3.911239
7800000.0,3.91695
8000000.0,3.922574
8200000.0,3.925641
8340370.0,3.926857
8400000.0,3.927374
8600000.0,3.927754
8800000.0,3.926137
9000000.0,3.923374
9200000.0,3.918321
9400000.0,3.913314
9600000.0,3.905326
9800000.0,3.89641
10000000.0,3.886349
10200000.0,3.874668
10400000.0,3.862707
10600000.0,3.85014
10800000.0,3.835453
11000000.0,3.820877
11200000.0,3.805332
11400000.0,3.789313
11600000.0,3.772623
11800000.0,3.755025
12000000.0,3.737712
12200000.0,3.719306
12237990.0,3.715528
12238000.0,3.715526
12238010.0,3.715525
12400000.0,3.700423
12600000.0,3.681147
12800000.0,3.66182
13000000.0,3.641941
13200000.0,3.621776
13400000.0,3.601387
13600000.0,3.580473
13800000.0,3.559329
14000000.0,3.537942
14200000.0,3.515981
14400000.0,3.494249
14600000.0,3.472197
14800000.0,3.450218
15000000.0,3.428257
15200000.0,3.405964
15400000.0,3.384102
15600000.0,3.362032
15800000.0,3.339714
16000000.0,3.318141
16200000.0,3.2967
16400000.0,3.275277
16600000.0,3.253903
16800000.0,3.233109
17000000.0,3.212222
17200000.0,3.192392
17400000.0,3.172228
17600000.0,3.152641
17800000.0,3.133876
18000000.0,3.115331
18200000.0,3.096872
18400000.0,3.079007
18600000.0,3.061729
18800000.0,3.044885
19000000.0,3.028555
19200000.0,3.012258
19400000.0,2.996899
19600000.0,2.98168
19800000.0,2.967203
20000000.0,2.95313
