1e-05,76.12
1.03125e-05,75.04482
1.0625e-05,74.01743
1.09375e-05,73.03439
1.125e-05,72.09259
1.15625e-05,71.18925
1.1875e-05,70.3218
1.21875e-05,69.48793
1.25e-05,68.68553
1.28125e-05,67.91267
1.3125e-05,67.16758
1.34375e-05,66.44863
1.375e-05,65.75433
1.4375e-05,64.43429
1.5e-05,63.19764
1.5625e-05,62.03594
1.625e-05,60.94193
1.6875e-05,59.90928
1.75e-05,58.93245
1.8125e-05,58.00659
1.875e-05,57.12742
1.9375e-05,56.29115
2e-05,55.49438
2.09375e-05,54.36681
2.1875e-05,53.31253
2.28125e-05,52.32392
2.375e-05,51.39444
2.46875e-05,50.51842
2.5625e-05,49.69093
2.65625e-05,48.90764
2.75e-05,48.16476
2.84375e-05,47.45892
2.9375e-05,46.78715
3.03125e-05,46.14679
3.125e-05,45.53546
3.21875e-05,44.95105
3.3125e-05,44.39162
3.40625e-05,43.85545
3.5e-05,43.34097
3.59375e-05,42.84675
3.6875e-05,42.3715
3.78125e-05,41.91404
3.875e-05,41.47329
3.96875e-05,41.04824
4.0625e-05,40.63799
4.25e-05,39.85861
4.4375e-05,39.12915
4.625e-05,38.44452
4.8125e-05,37.8003
5e-05,37.19267
5.15625e-05,36.71183
5.3125e-05,36.25237
5.46875e-05,35.81274
5.625e-05,35.39156
5.78125e-05,34.98758
5.9375e-05,34.59964
6.09375e-05,34.22673
6.25e-05,33.86788
6.40625e-05,33.52225
6.5625e-05,33.18904
6.71875e-05,32.86751
6.875e-05,32.55702
7.1875e-05,31.96668
7.5e-05,31.41363
7.8125e-05,30.89411
8.125e-05,30.40485
8.4375e-05,29.94304
8.75e-05,29.50619
9.0625e-05,29.09213
9.375e-05,28.69896
9.6875e-05,28.32497
0.0001,27.96864
0.000103125,27.62864
0.00010625,27.30375
0.000109375,26.99289
0.0001125,26.69507
0.000115625,26.40941
0.00011875,26.1351
0.000121875,25.87141
0.000125,25.61767
0.000128125,25.37327
0.00013125,25.13765
0.000134375,24.9103
0.0001375,24.69075
0.00014375,24.27332
0.00015,23.88225
0.00015625,23.5149
0.0001625,23.16894
0.00016875,22.84239
0.000175,22.53349
0.00018125,22.24071
0.0001875,21.96269
0.00019375,21.69824
0.0002,21.44628
0.000209375,21.08972
0.00021875,20.75632
0.000228125,20.4437
0.0002375,20.14978
0.000246875,19.87276
0.00025625,19.61108
0.000265625,19.36339
0.000275,19.12847
0.000284375,18.90526
0.00029375,18.69283
0.000303125,18.49033
0.0003125,18.29701
0.000321875,18.11221
0.00033125,17.9353
0.000340625,17.76575
0.00035,17.60306
0.000359375,17.44677
0.00036875,17.29649
0.000378125,17.15183
0.0003875,17.01245
0.000396875,16.87804
0.00040625,16.74831
0.000425,16.50184
0.00044375,16.27117
0.0004625,16.05467
0.00048125,15.85095
0.0005,15.6588
0.000515625,15.50675
0.00053125,15.36146
0.000546875,15.22244
0.0005625,15.08925
0.000578125,14.9615
0.00059375,14.83882
0.000609375,14.7209
0.000625,14.60742
0.000640625,14.49812
0.00065625,14.39275
0.000671875,14.29108
0.0006875,14.19289
0.00071875,14.00621
0.00075,13.83132
0.00078125,13.66704
0.0008125,13.51232
0.00084375,13.36628
0.000875,13.22814
0.00090625,13.0972
0.0009375,12.97287
0.00096875,12.85461
0.001,12.74193
0.00103125,12.63441
0.0010625,12.53167
0.00109375,12.43337
0.001125,12.33919
0.00115625,12.24886
0.0011875,12.16211
0.00121875,12.07873
0.00125,11.99849
0.00128125,11.9212
0.0013125,11.84669
0.00134375,11.7748
0.001375,11.70537
0.0014375,11.57337
0.0015,11.4497
0.0015625,11.33354
0.001625,11.22414
0.0016875,11.12087
0.00175,11.02319
0.0018125,10.93061
0.001875,10.84269
0.0019375,10.75906
0.002,10.67939
0.00209375,10.56663
0.0021875,10.4612
0.00228125,10.36234
0.002375,10.2694
0.00246875,10.1818
0.0025625,10.09905
0.00265625,10.02072
0.00275,9.946432
0.00284375,9.875849
0.0029375,9.808672
0.00303125,9.744637
0.003125,9.683505
0.00321875,9.625064
0.0033125,9.569121
0.00340625,9.515505
0.0035,9.464057
0.00359375,9.414636
0.0036875,9.367112
0.00378125,9.321366
0.003875,9.277291
0.00396875,9.234787
0.0040625,9.193763
0.00425,9.115825
0.0044375,9.04288
0.004625,8.974418
0.0048125,8.909997
0.005,8.849234
0.00515625,8.801151
0.0053125,8.755205
0.00546875,8.711243
0.005625,8.669125
0.00578125,8.628727
0.0059375,8.589934
0.00609375,8.552643
0.00625,8.516759
0.00640625,8.482196
0.0065625,8.448875
0.00671875,8.416723
0.006875,8.385674
0.0071875,8.32664
0.0075,8.271336
0.0078125,8.219384
0.008125,8.170459
0.0084375,8.124278
0.00875,8.080594
0.0090625,8.039189
0.009375,7.999872
0.0096875,7.962473
0.01,7.926841
0.0103125,7.892841
0.010625,7.860353
0.0109375,7.829267
0.01125,7.799485
0.0115625,7.770919
0.011875,7.743489
0.0121875,7.71712
0.0125,7.691746
0.0128125,7.667307
0.013125,7.643745
0.0134375,7.62101
0.01375,7.599055
0.014375,7.557312
0.015,7.518206
0.015625,7.481471
0.01625,7.446876
0.016875,7.414221
0.0175,7.383331
0.018125,7.354054
0.01875,7.326252
0.019375,7.299807
0.02,7.274612
0.0206625,7.249163
0.021325,7.224909
0.0219875,7.20176
0.02265,7.179634
0.0233125,7.158458
0.023975,7.138166
0.0246375,7.118698
0.0253,7.1
0.02607188,7.079119
0.02684375,7.059145
0.02761563,7.040015
0.0283875,7.02167
0.02915938,7.004059
0.02993125,6.987133
0.03070313,6.97085
0.031475,6.95517
0.03224688,6.940056
0.03301875,6.925475
0.0345625,6.897792
0.03610625,6.871905
0.03765,6.847626
0.03919375,6.824796
0.0407375,6.803277
0.04228125,6.782948
0.043825,6.763702
0.04536875,6.745447
0.0469125,6.728101
0.04845625,6.71159
0.05,6.69585
0.0515625,6.680645
0.053125,6.666115
0.0546875,6.652212
0.05625,6.638893
0.0578125,6.626118
0.059375,6.61385
0.0609375,6.602057
0.0625,6.590709
0.0640625,6.579779
0.065625,6.569242
0.0671875,6.559075
0.06875,6.549256
0.071875,6.530587
0.075,6.513098
0.078125,6.496669
0.08125,6.481197
0.084375,6.466593
0.0875,6.452779
0.090625,6.439685
0.09375,6.427252
0.096875,6.415425
0.1,6.404157
0.103125,6.393406
0.10625,6.383132
0.109375,6.373301
0.1125,6.363883
0.115625,6.35485
0.11875,6.346176
0.121875,6.337837
0.125,6.329813
0.128125,6.322085
0.13125,6.314634
0.134375,6.307444
0.1375,6.300501
0.14375,6.287301
0.15,6.274935
0.15625,6.263318
0.1625,6.252378
0.16875,6.242052
0.175,6.232284
0.18125,6.223025
0.1875,6.214234
0.19375,6.205871
0.2,6.197904
0.209375,6.186628
0.21875,6.176086
0.228125,6.1662
0.2375,6.156905
0.246875,6.148145
0.25625,6.139871
0.265625,6.132038
0.275,6.124609
0.284375,6.117551
0.29375,6.110834
0.303125,6.10443
0.3125,6.098317
0.321875,6.092473
0.33125,6.086879
0.340625,6.081518
0.35,6.076373
0.359375,6.071431
0.36875,6.066679
0.378125,6.062105
0.3875,6.057697
0.396875,6.053447
0.40625,6.049345
0.425,6.041551
0.44375,6.034257
0.4625,6.027411
0.48125,6.020969
0.5,6.014893
0.53125,6.00549
0.5625,5.996883
0.59375,5.988964
0.625,5.981647
0.65625,5.974859
0.6875,5.968539
0.71875,5.962636
0.75,5.957106
0.78125,5.951911
0.8125,5.947019
0.84375,5.942401
0.875,5.938033
0.9375,5.929961
1.0,5.922658
1.0625,5.91601
1.125,5.909923
1.1875,5.904324
1.25,5.89915
1.3125,5.89435
1.375,5.889882
1.4375,5.885708
1.5,5.881797
1.5625,5.878124
1.625,5.874665
1.6875,5.8714
1.75,5.868311
1.875,5.862603
2.0,5.85744
2.09375,5.853874
2.1875,5.850541
2.28125,5.847415
2.375,5.844476
2.46875,5.841706
2.5625,5.839089
2.65625,5.836613
2.75,5.834264
2.9375,5.829908
3.125,5.82595
3.3125,5.822333
3.5,5.819011
3.6875,5.815946
3.875,5.813106
4.0625,5.810465
4.25,5.808
4.4375,5.805694
4.625,5.803529
4.8125,5.801492
5.0,5.799571
5.3125,5.796598
5.625,5.793876
5.9375,5.791372
6.25,5.789058
6.5625,5.786912
6.875,5.784913
7.1875,5.783047
7.5,5.781298
7.8125,5.779655
8.125,5.778109
8.4375,5.776648
8.75,5.775267
9.375,5.772715
10.0,5.770406
10.625,5.768303
11.25,5.766379
11.875,5.764608
12.5,5.762972
13.125,5.761455
13.75,5.760042
14.375,5.758722
15.0,5.757485
15.625,5.756324
16.25,5.75523
16.875,5.754197
17.5,5.753221
18.75,5.751416
20.0,5.749783
20.9375,5.748656
21.875,5.747602
22.8125,5.746613
23.75,5.745684
24.6875,5.744808
25.625,5.743981
26.5625,5.743198
27.5,5.742455
29.375,5.741077
31.25,5.739826
33.125,5.738682
35.0,5.737632
36.875,5.736663
38.75,5.735765
40.625,5.734929
42.5,5.73415
44.375,5.733421
46.25,5.732736
48.125,5.732092
50.0,5.731485
53.125,5.730545
56.25,5.729684
59.375,5.728892
62.5,5.728161
65.625,5.727482
68.75,5.72685
71.875,5.72626
75.0,5.725707
78.125,5.725187
81.25,5.724698
84.375,5.724237
87.5,5.7238
93.75,5.722993
100.0,5.722263
106.25,5.721598
112.5,5.720989
118.75,5.720429
125.0,5.719912
131.25,5.719432
137.5,5.718985
143.75,5.718568
150.0,5.718177
156.25,5.71781
162.5,5.717464
168.75,5.717137
175.0,5.716829
187.5,5.716258
200.0,5.715742
211.25,5.715317
222.5,5.714925
233.75,5.714561
245.0,5.714223
256.25,5.713907
267.5,5.713611
278.75,5.713334
290.0,5.713073
301.25,5.712826
312.5,5.712593
335.0,5.712163
357.5,5.711774
379.9999,5.71142
380.0001,13.89776
400.0,13.70275
425.0,13.48327
450.0,13.2801
475.0,13.09119
500.0,12.91488
525.0,12.75752
550.0,12.60954
600.0,12.33804
660.0,12.06191
720.0,11.81599
760.0,11.6722
800.0,11.53764
850.0,11.38879
900.0,11.25046
950.0,11.12138
1000.0,11.00048
1062.5,10.87001
1125.0,10.74864
1187.5,10.63528
1250.0,10.529
1375.0,10.34924
1500.0,10.18828
1600.0,10.07805
1700.0,9.975818
1850.0,9.844053
2000.0,9.724499
2125.0,9.640967
2250.0,9.563097
2375.0,9.490218
2500.0,9.421767
2750.0,9.309268
3000.0,9.208316
3250.0,9.125586
3500.0,9.050108
3750.0,8.986985
4000.0,8.928703
4250.0,8.881192
4500.0,8.836945
4750.0,8.795567
5000.0,8.756729
5250.0,8.725879
5500.0,8.696773
6000.0,8.643118
6500.0,8.602161
7000.0,8.564993
7500.0,8.536452
8000.0,8.5103
8500.0,8.491743
9000.0,8.47463
9500.0,8.458773
10000.0,8.444015
10625.0,8.433759
11250.0,8.424441
11875.0,8.415928
12500.0,8.408111
13125.0,8.405677
13750.0,8.403569
14375.0,8.401744
15000.0,8.400164
16000.0,8.402664
17000.0,8.40534
17750.0,8.410203
18500.0,8.415014
19250.0,8.419768
20000.0,8.42446
21250.0,8.437079
22500.0,8.449253
23750.0,8.461007
25000.0,8.472364
26250.0,8.487256
27500.0,8.501629
28750.0,8.515517
30000.0,8.528951
31250.0,8.544356
32500.0,8.559279
33750.0,8.573752
35000.0,8.5878
37500.0,8.617831
40000.0,8.646251
42500.0,8.676111
45000.0,8.704513
47500.0,8.731595
50000.0,8.757478
52500.0,8.784269
55000.0,8.809963
57500.0,8.834649
60000.0,8.858407
65000.0,8.905029
70000.0,8.948564
75000.0,8.989796
80000.0,9.028627
84999.98,9.064617
89999.95,9.098732
94999.93,9.131165
99999.9,9.162078
100000.1,9.148956
112500.1,9.189562
125000.1,9.226102
137500.1,9.259332
150000.0,9.289812
175000.0,9.285666
200000.0,9.282088
250000.0,9.18631
300000.0,9.038968
350000.0,8.799596
400000.0,8.597399
450000.0,8.42293
500000.0,8.269883
507720.7,8.23727
515441.3,8.205277
523161.9,8.173881
530882.5,8.143065
538603.2,8.112808
546323.8,8.083093
554044.4,8.053902
561765.0,8.025219
563303.8,8.018667
564842.5,8.01214
567920.0,7.999159
574075.0,7.973487
580230.0,7.948191
586385.0,7.923263
592540.0,7.898695
598695.0,7.874475
611005.0,7.827052
623315.0,7.78093
635625.0,7.736049
647935.0,7.692351
660245.0,7.649783
662729.7,7.639993
665214.4,7.630306
670183.8,7.611237
675153.2,7.592567
680122.5,7.574286
690061.3,7.53885
700000.0,7.504858
712500.0,7.455405
725000.0,7.407905
737500.0,7.36226
750000.0,7.318379
762500.0,7.276175
775000.0,7.235567
787500.0,7.19648
800000.0,7.158844
812500.0,7.114904
825000.0,7.072219
837500.0,7.030733
850000.0,6.990399
862500.0,6.95117
875000.0,6.913004
887500.0,6.875859
900000.0,6.839695
909018.0,6.811821
918036.0,6.784422
927054.0,6.75749
936072.0,6.731011
938069.8,6.724782
940067.5,6.718585
944063.0,6.706285
952054.0,6.682056
960045.0,6.658313
968036.0,6.635043
976027.0,6.612231
984018.0,6.589869
992009.0,6.567944
1000000.0,6.546444
1012505.0,6.508267
1025009.0,6.471014
1037514.0,6.434647
1050018.0,6.399144
1062523.0,6.364469
1075027.0,6.330601
1087531.0,6.297508
1100035.0,6.265167
1112540.0,6.23355
1125044.0,6.202642
1137549.0,6.172411
1150053.0,6.142844
1162558.0,6.113916
1175062.0,6.085609
1187566.0,6.057905
1200070.0,6.030785
1203191.0,6.023286
1206312.0,6.015828
1212553.0,6.00103
1225035.0,5.971898
1237518.0,5.943366
1250000.0,5.915421
1258735.0,5.895331
1267470.0,5.875515
1276205.0,5.855971
1284940.0,5.83669
1293675.0,5.81767
1302410.0,5.798904
1311145.0,5.780387
1319880.0,5.762116
1319885.0,5.762102
1322544.0,5.756154
1325203.0,5.75023
1330520.0,5.738458
1341154.0,5.7152
1351789.0,5.692316
1362423.0,5.669802
1373059.0,5.647642
1383694.0,5.625836
1394330.0,5.60437
1404965.0,5.583242
1415601.0,5.56244
1426237.0,5.541959
1436873.0,5.521791
1447508.0,5.501933
1458144.0,5.482373
1468779.0,5.463109
1479415.0,5.444131
1490050.0,5.425436
1490052.0,5.425431
1495026.0,5.416307
1500000.0,5.407251
1507882.0,5.392693
1515763.0,5.378312
1523644.0,5.364102
1531525.0,5.350061
1539407.0,5.336184
1547288.0,5.322472
1555169.0,5.308922
1563050.0,5.295529
1563054.0,5.29552
1565180.0,5.291866
1569212.0,5.284855
1573243.0,5.277895
1581305.0,5.264119
1589368.0,5.25053
1597430.0,5.237128
1597431.0,5.237126
1602199.0,5.228732
1606967.0,5.220403
1616502.0,5.20394
1626038.0,5.187726
1635573.0,5.171763
1645109.0,5.15604
1654644.0,5.140557
1664180.0,5.125308
1673715.0,5.110288
1683251.0,5.095491
1692787.0,5.080917
1702323.0,5.066559
1711858.0,5.052415
1721394.0,5.038479
1730929.0,5.024749
1740465.0,5.011219
1750000.0,4.997889
1760759.0,4.98184
1771517.0,4.965997
1782275.0,4.950353
1793033.0,4.934906
1803791.0,4.919653
1814549.0,4.904589
1825307.0,4.889711
1836065.0,4.875016
1846824.0,4.8605
1857582.0,4.846162
1868340.0,4.831998
1879098.0,4.818004
1889856.0,4.804178
1900614.0,4.790517
1911372.0,4.777018
1922130.0,4.763679
1931864.0,4.751251
1941598.0,4.738956
1951332.0,4.726792
1961065.0,4.71476
1970799.0,4.702853
1980533.0,4.691072
1990267.0,4.679416
2000000.0,4.667881
2002370.0,4.665075
2002375.0,4.665067
2007823.0,4.658592
2013270.0,4.652155
2024164.0,4.639394
2035059.0,4.626779
2045953.0,4.614309
2056848.0,4.60198
2067742.0,4.589792
2078636.0,4.577742
2089530.0,4.565827
2089531.0,4.565826
2097430.0,4.557173
2105328.0,4.548593
2121125.0,4.53164
2136923.0,4.514958
2152720.0,4.498543
2152724.0,4.498538
2161293.0,4.489645
2169862.0,4.48083
2178431.0,4.472092
2187000.0,4.463431
2187001.0,4.46343
2192524.0,4.457847
2198046.0,4.452298
2209090.0,4.441297
2220135.0,4.430419
2231180.0,4.419665
2231186.0,4.419657
2235779.0,4.415171
2240372.0,4.410707
2249558.0,4.401842
2258747.0,4.39306
2267935.0,4.384362
2277124.0,4.375746
2286313.0,4.367211
2295502.0,4.358759
2304690.0,4.350386
2304692.0,4.350384
2313084.0,4.342716
2321475.0,4.335109
2329867.0,4.327561
2338258.0,4.320072
2346650.0,4.312642
2355042.0,4.305268
2363434.0,4.297951
2371825.0,4.290691
2380217.0,4.283486
2388609.0,4.276337
2397001.0,4.269241
2405393.0,4.2622
2413785.0,4.255213
2422177.0,4.248277
2430569.0,4.241395
2438960.0,4.234564
2438966.0,4.234558
2446777.0,4.228229
2454587.0,4.221943
2470208.0,4.209494
2485829.0,4.197208
2501450.0,4.18508
2501451.0,4.185079
2508529.0,4.17965
2515606.0,4.174254
2529760.0,4.163556
2543915.0,4.152983
2558070.0,4.142532
2558073.0,4.142529
2568184.0,4.135162
2578295.0,4.127854
2588408.0,4.120605
2598520.0,4.113417
2600640.0,4.111918
2608028.0,4.106769
2615415.0,4.10165
2630190.0,4.091499
2644965.0,4.081466
2659740.0,4.071547
2674515.0,4.06174
2689290.0,4.052044
2704065.0,4.042457
2718840.0,4.032977
2724591.0,4.029397
2730342.0,4.02583
2741843.0,4.01874
2753344.0,4.011705
2764845.0,4.004725
2776347.0,3.997799
2787848.0,3.990925
2799349.0,3.984106
2810850.0,3.977339
2816538.0,3.974191
2822225.0,3.971054
2833599.0,3.964812
2844974.0,3.95861
2856348.0,3.952449
2867723.0,3.94633
2879097.0,3.940251
2890471.0,3.934211
2901845.0,3.928211
2913220.0,3.922249
2924594.0,3.916327
2935969.0,3.910442
2947343.0,3.904595
2958718.0,3.898786
2970092.0,3.893014
2981466.0,3.887278
2992840.0,3.881579
2992844.0,3.881576
3000000.0,3.878195
3003265.0,3.87666
3006530.0,3.875128
3009795.0,3.873599
3013060.0,3.872071
3013066.0,3.872068
3017173.0,3.870201
3021280.0,3.868339
3025387.0,3.866481
3029493.0,3.864626
3033601.0,3.862775
3037709.0,3.860928
3041817.0,3.859084
3045925.0,3.857245
3050034.0,3.855409
3054142.0,3.853577
3058250.0,3.85175
3062358.0,3.849926
3066466.0,3.848105
3070574.0,3.846289
3074682.0,3.844477
3078790.0,3.842669
3082266.0,3.841207
3085742.0,3.839749
3089218.0,3.838293
3092693.0,3.83684
3096169.0,3.835389
3099644.0,3.833941
3103120.0,3.832495
3106595.0,3.831051
3110071.0,3.829611
3113547.0,3.828172
3117023.0,3.826736
3120498.0,3.825303
3123974.0,3.823872
3127449.0,3.822444
3130925.0,3.821018
3134400.0,3.819595
3137434.0,3.818429
3140467.0,3.817266
3143500.0,3.816105
3146533.0,3.814945
3149566.0,3.813787
3152599.0,3.81263
3155632.0,3.811475
3158665.0,3.810322
3161699.0,3.809171
3164732.0,3.80802
3167765.0,3.806873
3170798.0,3.805725
3173831.0,3.804581
3176864.0,3.803437
3179897.0,3.802295
3182930.0,3.801155
3185964.0,3.800016
3188997.0,3.798879
3192030.0,3.797744
3195063.0,3.796611
3198096.0,3.795478
3201129.0,3.794347
3204162.0,3.793219
3207195.0,3.792091
3210229.0,3.790965
3213262.0,3.78984
3216295.0,3.788718
3219328.0,3.787597
3222361.0,3.786477
3225394.0,3.785359
3228427.0,3.784243
3231460.0,3.783128
3231462.0,3.783127
3235381.0,3.781776
3239299.0,3.780428
3243218.0,3.77908
3247136.0,3.777736
3251055.0,3.776394
3254973.0,3.775055
3258892.0,3.773718
3262810.0,3.772383
3266412.0,3.771214
3270014.0,3.770047
3273616.0,3.768881
3277218.0,3.767717
3280820.0,3.766555
3284422.0,3.765396
3288024.0,3.764238
3291625.0,3.763081
3295227.0,3.761926
3298829.0,3.760773
3302431.0,3.759621
3306033.0,3.758473
3309635.0,3.757325
3313237.0,3.756178
3316839.0,3.755034
3320440.0,3.753892
3324990.0,3.752528
3329540.0,3.751167
3334090.0,3.749809
3338640.0,3.748452
3343190.0,3.747099
3347740.0,3.745748
3352290.0,3.744399
3356840.0,3.743054
3361865.0,3.742239
3366890.0,3.741426
3371915.0,3.740615
3376939.0,3.739804
3381964.0,3.738996
3386989.0,3.738189
3392014.0,3.737384
3397038.0,3.736581
3402063.0,3.735779
3407088.0,3.734979
3412113.0,3.73418
3417137.0,3.733382
3422162.0,3.732587
3427186.0,3.731793
3432211.0,3.731001
3437235.0,3.73021
3442260.0,3.729421
3447285.0,3.728633
3452310.0,3.727846
3457334.0,3.727062
3462359.0,3.726279
3467384.0,3.725497
3472409.0,3.724716
3477433.0,3.723937
3482458.0,3.72316
3487483.0,3.722384
3492508.0,3.72161
3497532.0,3.720837
3502557.0,3.720066
3507581.0,3.719297
3512606.0,3.718529
3517630.0,3.717762
3522655.0,3.716996
3527680.0,3.716232
3532705.0,3.71547
3537729.0,3.714709
3542754.0,3.713949
3547779.0,3.713191
3552804.0,3.712434
3557828.0,3.711679
3562853.0,3.710925
3567878.0,3.710173
3572903.0,3.709421
3577927.0,3.708672
3582952.0,3.707924
3587976.0,3.707177
3593001.0,3.706431
3598025.0,3.705687
3603050.0,3.704945
3608075.0,3.704203
3613100.0,3.703463
3618124.0,3.702725
3623149.0,3.701988
3628174.0,3.701252
3633199.0,3.700518
3638223.0,3.699785
3643248.0,3.699053
3648273.0,3.698322
3653298.0,3.697594
3658322.0,3.696865
3663347.0,3.696139
3668371.0,3.695414
3673396.0,3.694691
3678420.0,3.693968
3683445.0,3.693248
3688470.0,3.692527
3693495.0,3.691808
3698519.0,3.691092
3703544.0,3.690376
3708569.0,3.689661
3713594.0,3.688948
3718618.0,3.688236
3723643.0,3.687525
3728668.0,3.686815
3733693.0,3.686107
3738717.0,3.685401
3743742.0,3.684695
3748766.0,3.683991
3753791.0,3.683288
3758815.0,3.682586
3763840.0,3.681885
3768865.0,3.681186
3773890.0,3.680488
3778914.0,3.679791
3783939.0,3.679095
3788964.0,3.6784
3793989.0,3.677708
3799013.0,3.677016
3804038.0,3.676325
3809063.0,3.675635
3814088.0,3.674947
3819112.0,3.67426
3824137.0,3.673574
3829161.0,3.67289
3834186.0,3.672206
3839210.0,3.671524
3844235.0,3.670842
3849260.0,3.670162
3854285.0,3.669484
3859309.0,3.668806
3864334.0,3.66813
3869359.0,3.667455
3874384.0,3.666781
3879408.0,3.666107
3884433.0,3.665436
3889458.0,3.664765
3894483.0,3.664096
3899507.0,3.663427
3904532.0,3.662761
3909556.0,3.662094
3914581.0,3.66143
3919605.0,3.660766
3924630.0,3.660103
3929655.0,3.659442
3934680.0,3.658781
3939704.0,3.658122
3944729.0,3.657464
3949754.0,3.656807
3954779.0,3.656151
3959803.0,3.655497
3964828.0,3.654843
3969853.0,3.65419
3974878.0,3.653539
3979902.0,3.652889
3984927.0,3.65224
3989951.0,3.651592
3994976.0,3.650944
4000000.0,3.650298
4013877.0,3.652247
4027754.0,3.65419
4041631.0,3.656129
4055508.0,3.658061
4069385.0,3.659989
4083262.0,3.661911
4097139.0,3.663829
4111015.0,3.665741
4124892.0,3.667649
4138769.0,3.66955
4152646.0,3.671448
4166523.0,3.673339
4180400.0,3.675226
4194277.0,3.677108
4208154.0,3.678985
4222030.0,3.680857
4246342.0,3.684109
4270654.0,3.687347
4294966.0,3.690569
4319277.0,3.693778
4343589.0,3.696971
4367900.0,3.700151
4392212.0,3.703316
4416523.0,3.706467
4440835.0,3.709605
4465146.0,3.712728
4489458.0,3.715839
4513769.0,3.718935
4538081.0,3.722017
4562392.0,3.725088
4586704.0,3.728144
4611015.0,3.731189
4635327.0,3.734219
4659639.0,3.737236
4683951.0,3.740242
4708262.0,3.743233
4732574.0,3.746214
4756885.0,3.749182
4781197.0,3.752137
4805508.0,3.75508
4829820.0,3.758011
4854131.0,3.76093
4878443.0,3.763838
4902754.0,3.766735
4927066.0,3.769618
4951377.0,3.77249
4975689.0,3.775352
5000000.0,3.778202
5007158.0,3.780174
5014315.0,3.782145
5021473.0,3.784116
5028630.0,3.786085
5035790.0,3.78805
5042950.0,3.790015
5050110.0,3.791978
5057270.0,3.793941
5064430.0,3.795899
5071590.0,3.797857
5078750.0,3.799814
5085910.0,3.801769
5093070.0,3.803721
5100230.0,3.805672
5107390.0,3.807621
5114550.0,3.80957
5121710.0,3.811514
5128870.0,3.813458
5136030.0,3.815401
5143190.0,3.817344
5150350.0,3.819281
5157510.0,3.821217
5164670.0,3.823153
5171830.0,3.825089
5178990.0,3.827019
5186150.0,3.82895
5193310.0,3.830879
5200470.0,3.832807
5207630.0,3.83473
5214790.0,3.836653
5221950.0,3.838575
5229110.0,3.840496
5236268.0,3.842414
5243425.0,3.844329
5250583.0,3.846245
5257740.0,3.848159
5264900.0,3.850069
5272060.0,3.851977
5279220.0,3.853886
5286380.0,3.855793
5293540.0,3.857698
5300700.0,3.859604
5307860.0,3.861506
5315020.0,3.863409
5322180.0,3.865305
5329340.0,3.867201
5336500.0,3.869095
5343660.0,3.870988
5350820.0,3.872879
5357980.0,3.87477
5365140.0,3.87666
5372300.0,3.878549
5379460.0,3.880436
5386620.0,3.882322
5393780.0,3.884208
5400940.0,3.886093
5408100.0,3.887969
5415260.0,3.889846
5422420.0,3.891722
5429580.0,3.893597
5436740.0,3.89547
5443900.0,3.897342
5451060.0,3.899213
5458220.0,3.901085
5466685.0,3.903291
5475150.0,3.905495
5483615.0,3.907701
5492080.0,3.909904
5500545.0,3.912098
5509010.0,3.914291
5517475.0,3.916484
5525940.0,3.918675
5534405.0,3.920865
5542870.0,3.923054
5551335.0,3.925243
5559800.0,3.927431
5568265.0,3.929608
5576730.0,3.931786
5585195.0,3.933963
5593660.0,3.936137
5602125.0,3.938309
5610590.0,3.940479
5619055.0,3.942649
5627520.0,3.944817
5635985.0,3.946982
5644450.0,3.949146
5652915.0,3.951308
5661380.0,3.95347
5669845.0,3.955626
5678310.0,3.957778
5686775.0,3.959932
5695240.0,3.962084
5703708.0,3.964231
5712175.0,3.966374
5720643.0,3.968519
5729110.0,3.970662
5737575.0,3.972801
5746040.0,3.974938
5754505.0,3.977075
5762970.0,3.979212
5771435.0,3.981344
5779900.0,3.983474
5788365.0,3.985604
5796830.0,3.987734
5805295.0,3.989857
5813760.0,3.991977
5822225.0,3.994099
5830690.0,3.996218
5839155.0,3.998334
5847620.0,4.000448
5856085.0,4.002561
5864550.0,4.004675
5873015.0,4.006783
5881480.0,4.008891
5889945.0,4.010998
5898410.0,4.013103
5906875.0,4.015203
5915340.0,4.017301
5923805.0,4.019399
5932270.0,4.021495
5940735.0,4.023586
5949200.0,4.025679
5957665.0,4.027769
5966130.0,4.029858
5974598.0,4.031946
5983065.0,4.034033
5991533.0,4.036118
6000000.0,4.038204
6007813.0,4.040105
6015625.0,4.042006
6023438.0,4.043908
6031250.0,4.045809
6039063.0,4.047705
6046875.0,4.049601
6054688.0,4.051497
6062500.0,4.053393
6070313.0,4.055283
6078125.0,4.057174
6085938.0,4.059064
6093750.0,4.060955
6101563.0,4.06284
6109375.0,4.064725
6117188.0,4.06661
6125000.0,4.068495
6132813.0,4.070373
6140625.0,4.07225
6148438.0,4.074127
6156250.0,4.076004
6164063.0,4.077878
6171875.0,4.079749
6179688.0,4.081621
6187500.0,4.083492
6195313.0,4.085359
6203125.0,4.087224
6210938.0,4.089092
6218750.0,4.090958
6226563.0,4.092816
6234375.0,4.094675
6242188.0,4.096533
6250000.0,4.098391
6257813.0,4.100247
6265625.0,4.102102
6273438.0,4.103957
6281250.0,4.105813
6289063.0,4.107661
6296875.0,4.109508
6304688.0,4.111356
6312500.0,4.113203
6320313.0,4.115046
6328125.0,4.116886
6335938.0,4.118729
6343750.0,4.12057
6351563.0,4.12241
6359375.0,4.124249
6367188.0,4.126087
6375000.0,4.127926
6382813.0,4.129757
6390625.0,4.131587
6398438.0,4.133418
6406250.0,4.135249
6414063.0,4.137075
6421875.0,4.138899
6429688.0,4.140724
6437500.0,4.142549
6445313.0,4.14437
6453125.0,4.146188
6460938.0,4.148009
6468750.0,4.149828
6480740.0,4.152615
6490370.0,4.15485
6500000.0,4.157084
6507813.0,4.158893
6515625.0,4.1607
6523438.0,4.16251
6531250.0,4.164317
6539063.0,4.16612
6546875.0,4.167922
6554688.0,4.169725
6562500.0,4.171527
6570313.0,4.173325
6578125.0,4.175121
6585938.0,4.176919
6593750.0,4.178715
6601563.0,4.180507
6609375.0,4.182298
6617188.0,4.184089
6625000.0,4.18588
6632813.0,4.187666
6640625.0,4.189451
6648438.0,4.191237
6656250.0,4.193023
6664063.0,4.194805
6671875.0,4.196587
6679688.0,4.198369
6687500.0,4.200152
6695313.0,4.201926
6703125.0,4.2037
6710938.0,4.205474
6718750.0,4.207247
6726563.0,4.209019
6734375.0,4.210789
6742188.0,4.212561
6750000.0,4.21433
6757813.0,4.216099
6765625.0,4.217865
6773438.0,4.219634
6781250.0,4.221401
6789063.0,4.22316
6796875.0,4.22492
6804688.0,4.226679
6812500.0,4.228438
6820313.0,4.230194
6828125.0,4.231949
6835938.0,4.233706
6843750.0,4.235461
6851563.0,4.237211
6859375.0,4.238962
6867188.0,4.240711
6875000.0,4.242461
6882813.0,4.244206
6890625.0,4.24595
6898438.0,4.247695
6906250.0,4.249439
6914063.0,4.25118
6921875.0,4.25292
6929688.0,4.254662
6937500.0,4.256402
6945313.0,4.25814
6953125.0,4.259877
6960938.0,4.261615
6968750.0,4.263352
6976563.0,4.265082
6984375.0,4.26681
6992188.0,4.268541
7000000.0,4.270269
7006180.0,4.271192
7012360.0,4.272118
7018540.0,4.273043
7024720.0,4.273967
7030900.0,4.274892
7037080.0,4.275817
7043260.0,4.276742
7049440.0,4.277666
7055620.0,4.278587
7061800.0,4.279508
7067980.0,4.280429
7074160.0,4.28135
7080340.0,4.282271
7086520.0,4.283192
7092700.0,4.284112
7098880.0,4.285034
7104310.0,4.285839
7109740.0,4.286645
7115170.0,4.28745
7120600.0,4.288257
7126030.0,4.289059
7131460.0,4.289861
7136890.0,4.290663
7142320.0,4.291464
7147750.0,4.292268
7153180.0,4.293072
7158610.0,4.293875
7164040.0,4.294678
7169470.0,4.295478
7174900.0,4.296279
7180330.0,4.297078
7185760.0,4.297878
7191190.0,4.298677
7196620.0,4.299475
7202050.0,4.300274
7207480.0,4.301072
7212910.0,4.301868
7218340.0,4.302663
7223770.0,4.303458
7229200.0,4.304253
7234630.0,4.305047
7240060.0,4.30584
7245490.0,4.306634
7250920.0,4.307428
7256353.0,4.308222
7261785.0,4.309019
7267218.0,4.309813
7272650.0,4.310608
7278080.0,4.311398
7283510.0,4.312187
7288940.0,4.312975
7294370.0,4.313764
7299800.0,4.314554
7305230.0,4.315345
7310660.0,4.316136
7316090.0,4.316925
7321520.0,4.317713
7326950.0,4.318498
7332380.0,4.319286
7337810.0,4.320072
7343240.0,4.32086
7348670.0,4.321648
7354100.0,4.322436
7359530.0,4.323224
7364960.0,4.324008
7370390.0,4.324793
7375820.0,4.325577
7381250.0,4.326361
7386680.0,4.327142
7392110.0,4.327922
7397540.0,4.328703
7402970.0,4.329482
7408400.0,4.330264
7413830.0,4.331047
7419260.0,4.331828
7424690.0,4.33261
7430123.0,4.333388
7435555.0,4.334166
7440988.0,4.334944
7446420.0,4.335722
7451850.0,4.336501
7457280.0,4.33728
7462710.0,4.33806
7468140.0,4.338838
7475725.0,4.339923
7483310.0,4.341006
7489860.0,4.341942
7495290.0,4.342714
7500720.0,4.343485
7506150.0,4.344258
7511580.0,4.345029
7517010.0,4.345803
7522440.0,4.346576
7527870.0,4.34735
7533300.0,4.348122
7538730.0,4.348892
7544160.0,4.349661
7549590.0,4.350432
7555020.0,4.3512
7560450.0,4.351969
7565880.0,4.352737
7571310.0,4.353505
7576740.0,4.354273
7582170.0,4.355041
7587600.0,4.355807
7593030.0,4.356574
7598460.0,4.35734
7603893.0,4.358106
7609325.0,4.358872
7614758.0,4.359637
7620190.0,4.360402
7625620.0,4.361167
7631050.0,4.361931
7636480.0,4.362696
7641910.0,4.363459
7647340.0,4.364223
7652770.0,4.364986
7658200.0,4.365749
7663630.0,4.366512
7669060.0,4.367272
7674490.0,4.368031
7679920.0,4.368789
7685350.0,4.369549
7690783.0,4.370309
7696215.0,4.37107
7701648.0,4.37183
7707080.0,4.37259
7712510.0,4.373347
7717940.0,4.374103
7723370.0,4.37486
7728800.0,4.375617
7734230.0,4.376371
7739660.0,4.377128
7745090.0,4.377882
7750520.0,4.378637
7755950.0,4.379392
7761380.0,4.380146
7766810.0,4.3809
7772240.0,4.381653
7777673.0,4.382409
7783105.0,4.383164
7788538.0,4.383919
7793970.0,4.384674
7800408.0,4.385563
7806845.0,4.386453
7813283.0,4.387342
7819720.0,4.388231
7826158.0,4.389118
7832595.0,4.390004
7839033.0,4.390889
7845470.0,4.391776
7851908.0,4.392663
7858345.0,4.393551
7864783.0,4.394439
7871220.0,4.395326
7877660.0,4.396207
7884100.0,4.39709
7890540.0,4.397971
7896980.0,4.398852
7903418.0,4.399735
7909855.0,4.400619
7916293.0,4.401502
7922730.0,4.402385
7929170.0,4.403266
7935610.0,4.404145
7942050.0,4.405025
7948490.0,4.405904
7954928.0,4.406781
7961365.0,4.407658
7967803.0,4.408534
7974240.0,4.409411
7980680.0,4.410286
7987120.0,4.411162
7993560.0,4.412037
8000000.0,4.412912
8004133.0,4.413173
8008265.0,4.413436
8012398.0,4.413701
8016530.0,4.413969
8020663.0,4.414237
8024795.0,4.414509
8028928.0,4.414782
8033060.0,4.415058
8039498.0,4.415302
8045936.0,4.415549
8052374.0,4.415799
8058812.0,4.41605
8065250.0,4.416305
8071688.0,4.416561
8078126.0,4.41682
8084563.0,4.417082
8091001.0,4.417345
8097439.0,4.417611
8103877.0,4.417879
8110314.0,4.41815
8116752.0,4.418423
8123190.0,4.418698
8129628.0,4.418976
8136065.0,4.419255
8142503.0,4.419538
8148941.0,4.419821
8155379.0,4.420108
8161817.0,4.420398
8168255.0,4.420689
8174693.0,4.420982
8181131.0,4.421278
8187568.0,4.421577
8194006.0,4.421877
8200444.0,4.42218
8206882.0,4.422485
8213319.0,4.422792
8219757.0,4.423103
8226195.0,4.423414
8232633.0,4.423728
8239070.0,4.424044
8246765.0,4.424416
8254459.0,4.424793
8262153.0,4.425171
8269847.0,4.425554
8277541.0,4.425937
8285235.0,4.426326
8292929.0,4.426718
8300623.0,4.427113
8308317.0,4.42751
8316011.0,4.427912
8323705.0,4.428315
8331399.0,4.428723
8339093.0,4.429134
8346787.0,4.429546
8354481.0,4.429963
8362175.0,4.430383
8369870.0,4.430807
8377564.0,4.431232
8385258.0,4.431662
8392952.0,4.432094
8400646.0,4.432529
8408340.0,4.432968
8416034.0,4.43341
8423728.0,4.433853
8431422.0,4.434301
8439116.0,4.434752
8446810.0,4.435206
8454504.0,4.435662
8462198.0,4.436123
8469892.0,4.436586
8477586.0,4.437053
8485280.0,4.437521
8493205.0,4.437997
8501129.0,4.438476
8509053.0,4.43896
8516977.0,4.439445
8524901.0,4.439935
8532825.0,4.440428
8540749.0,4.440923
8548673.0,4.441422
8556597.0,4.441923
8564521.0,4.442429
8572445.0,4.442937
8580369.0,4.443448
8588293.0,4.443963
8596217.0,4.44448
8604141.0,4.445002
8612065.0,4.445525
8619990.0,4.446052
8627914.0,4.446583
8635838.0,4.447116
8643762.0,4.447651
8651686.0,4.448192
8659610.0,4.448734
8667534.0,4.44928
8675458.0,4.449828
8683382.0,4.45038
8691306.0,4.450935
8699230.0,4.451493
8707154.0,4.452054
8715078.0,4.452618
8723002.0,4.453185
8730926.0,4.453755
8738850.0,4.454328
8747011.0,4.454912
8755172.0,4.455499
8763333.0,4.456088
8771494.0,4.456682
8779655.0,4.45728
8787816.0,4.45788
8795977.0,4.458482
8804138.0,4.459089
8812299.0,4.459698
8820460.0,4.460309
8828621.0,4.460926
8836782.0,4.461543
8844943.0,4.462166
8853104.0,4.46279
8861265.0,4.463419
8869425.0,4.464051
8877586.0,4.464685
8885747.0,4.465322
8893908.0,4.465962
8902069.0,4.466607
8910230.0,4.467253
8918391.0,4.467904
8926552.0,4.468556
8934713.0,4.469212
8942874.0,4.469871
8951035.0,4.470533
8959196.0,4.471199
8967357.0,4.471867
8975518.0,4.472539
8983679.0,4.473213
8991840.0,4.473891
9000000.0,4.474571
9007607.0,4.474474
9015214.0,4.474379
9022821.0,4.474287
9030427.0,4.474198
9038034.0,4.474111
9045641.0,4.474025
9053248.0,4.473943
9060854.0,4.473864
9068461.0,4.473787
9076068.0,4.473712
9083675.0,4.47364
9091281.0,4.473571
9098888.0,4.473504
9106495.0,4.47344
9114102.0,4.473377
9121708.0,4.473318
9129315.0,4.473261
9136922.0,4.473206
9144529.0,4.473154
9152135.0,4.473105
9159742.0,4.473057
9167349.0,4.473012
9174956.0,4.47297
9182562.0,4.47293
9190169.0,4.472893
9197776.0,4.472858
9205383.0,4.472825
9212989.0,4.472795
9220596.0,4.472767
9228202.0,4.472742
9235809.0,4.472719
9243415.0,4.472699
9251022.0,4.472681
9258629.0,4.472665
9266236.0,4.472652
9273842.0,4.472642
9281449.0,4.472633
9289056.0,4.472627
9296663.0,4.472624
9304269.0,4.472622
9311876.0,4.472624
9319483.0,4.472627
9327090.0,4.472632
9334696.0,4.472641
9342303.0,4.472652
9349910.0,4.472665
9357517.0,4.47268
9365123.0,4.472698
9372730.0,4.472718
9380337.0,4.47274
9387944.0,4.472765
9395550.0,4.472792
9403157.0,4.472822
9410764.0,4.472854
9418371.0,4.472888
9425977.0,4.472924
9433584.0,4.472964
9441191.0,4.473004
9448798.0,4.473048
9456404.0,4.473094
9464011.0,4.473143
9471617.0,4.473193
9479224.0,4.473246
9486830.0,4.4733
9494849.0,4.473352
9502867.0,4.473407
9510886.0,4.473463
9518904.0,4.473523
9526923.0,4.473585
9534941.0,4.47365
9542959.0,4.473716
9550977.0,4.473786
9558996.0,4.473858
9567014.0,4.473933
9575032.0,4.47401
9583050.0,4.47409
9591069.0,4.474172
9599087.0,4.474256
9607105.0,4.474344
9615123.0,4.474433
9623142.0,4.474525
9631160.0,4.47462
9639178.0,4.474718
9647196.0,4.474818
9655215.0,4.474919
9663233.0,4.475024
9671251.0,4.475131
9679269.0,4.47524
9687288.0,4.475353
9695306.0,4.475467
9703324.0,4.475585
9711342.0,4.475704
9719361.0,4.475826
9727379.0,4.47595
9735397.0,4.476077
9743415.0,4.476206
9751434.0,4.476338
9759452.0,4.476472
9767471.0,4.476609
9775489.0,4.476748
9783508.0,4.476889
9791526.0,4.477032
9799544.0,4.477179
9807562.0,4.477328
9815581.0,4.477479
9823599.0,4.477632
9831617.0,4.477788
9839635.0,4.477947
9847654.0,4.478107
9855672.0,4.47827
9863690.0,4.478435
9871708.0,4.478603
9879727.0,4.478774
9887745.0,4.478946
9895763.0,4.479121
9903781.0,4.479298
9911800.0,4.479479
9919818.0,4.479661
9927836.0,4.479845
9935854.0,4.480032
9943873.0,4.480221
9951891.0,4.480413
9959909.0,4.480606
9967927.0,4.480802
9975946.0,4.481001
9983964.0,4.481202
9991982.0,4.481405
10000000.0,4.481611
10015260.0,4.48095
10030510.0,4.480296
10045770.0,4.479649
10061020.0,4.479008
10076280.0,4.478373
10091530.0,4.477745
10106780.0,4.477124
10122030.0,4.476509
10137290.0,4.475899
10152540.0,4.475296
10167790.0,4.4747
10183040.0,4.474109
10198300.0,4.473526
10213550.0,4.472948
10228800.0,4.472376
10244050.0,4.471811
10259310.0,4.471251
10274560.0,4.470699
10289820.0,4.470152
10305070.0,4.469612
10320330.0,4.469078
10335580.0,4.468549
10350830.0,4.468027
10366080.0,4.467511
10381340.0,4.467001
10396590.0,4.466497
10411840.0,4.465999
10427090.0,4.465507
10442350.0,4.465022
10457600.0,4.464542
10472850.0,4.464068
10488100.0,4.463601
10504100.0,4.463095
10520100.0,4.462595
10536100.0,4.462101
10552090.0,4.461615
10568090.0,4.461134
10584090.0,4.460661
10600090.0,4.460194
10616080.0,4.459734
10632080.0,4.45928
10648080.0,4.458833
10664080.0,4.458391
10680070.0,4.457956
10696070.0,4.457528
10712060.0,4.457107
10728060.0,4.456691
10744050.0,4.456282
10760050.0,4.455879
10776050.0,4.455483
10792050.0,4.455093
10808040.0,4.45471
10824040.0,4.454332
10840040.0,4.453962
10856040.0,4.453597
10872030.0,4.453239
10888030.0,4.452887
10904030.0,4.452541
10920030.0,4.452202
10936020.0,4.451868
10952020.0,4.451542
10968010.0,4.451221
10984010.0,4.450906
11000000.0,4.450598
11019250.0,4.449958
11038490.0,4.449325
11057740.0,4.448697
11076980.0,4.448076
11096230.0,4.447459
11115470.0,4.446848
11134710.0,4.446243
11153950.0,4.445645
11173200.0,4.445051
11192440.0,4.444464
11211690.0,4.443882
11230930.0,4.443307
11250180.0,4.442736
11269420.0,4.44217
11288660.0,4.441611
11307900.0,4.441058
11327150.0,4.44051
11346390.0,4.439968
11365640.0,4.439432
11384880.0,4.438902
11404130.0,4.438376
11423370.0,4.437856
11442610.0,4.437342
11461850.0,4.436834
11481100.0,4.436331
11500340.0,4.435835
11519590.0,4.435343
11538830.0,4.434858
11558080.0,4.434378
11577320.0,4.433902
11596560.0,4.433434
11615800.0,4.432971
11639820.0,4.432261
11663830.0,4.43156
11687840.0,4.430865
11711850.0,4.430178
11735870.0,4.429496
11759880.0,4.428823
11783890.0,4.428157
11807900.0,4.427497
11831920.0,4.426845
11855930.0,4.4262
11879940.0,4.425562
11903950.0,4.424931
11927970.0,4.424308
11951980.0,4.423691
11975990.0,4.423082
12000000.0,4.422479
12031250.0,4.420837
12062500.0,4.419211
12093750.0,4.417601
12125000.0,4.416008
12156250.0,4.41443
12187500.0,4.41287
12218750.0,4.411324
12250000.0,4.409794
12281250.0,4.40828
12312500.0,4.406782
12343750.0,4.405301
12375000.0,4.403834
12406250.0,4.402384
12437500.0,4.40095
12468750.0,4.399532
12500000.0,4.398129
12531250.0,4.396743
12562500.0,4.395373
12593750.0,4.394018
12625000.0,4.39268
12656250.0,4.391356
12687500.0,4.39005
12718750.0,4.38876
12750000.0,4.387486
12781250.0,4.386227
12812500.0,4.384985
12843750.0,4.383761
12875000.0,4.382551
12906250.0,4.381359
12937500.0,4.380182
12968750.0,4.379023
13000000.0,4.37788
13022050.0,4.376899
13044090.0,4.375926
13066140.0,4.374961
13088180.0,4.374001
13110230.0,4.373049
13132270.0,4.372104
13154310.0,4.371167
13176350.0,4.370237
13198400.0,4.369313
13220440.0,4.368398
13242490.0,4.36749
13264530.0,4.366589
13286580.0,4.365695
13308620.0,4.364809
13330660.0,4.36393
13352700.0,4.363058
13395400.0,4.361287
13438100.0,4.359541
13463080.0,4.358502
13488050.0,4.357474
13513030.0,4.356455
13538000.0,4.355447
13595750.0,4.352971
13653500.0,4.350543
13711250.0,4.348162
13769000.0,4.345828
13826750.0,4.343543
13884500.0,4.341306
13942250.0,4.339119
14000000.0,4.336981
14062500.0,4.33163
14125000.0,4.326348
14187500.0,4.321135
14250000.0,4.315991
14312500.0,4.310917
14375000.0,4.305913
14437500.0,4.300981
14500000.0,4.29612
14507360.0,4.295518
14514710.0,4.294917
14522070.0,4.294317
14529420.0,4.293719
14536780.0,4.293121
14544130.0,4.292524
14551490.0,4.291927
14558840.0,4.291331
14566200.0,4.290736
14573550.0,4.290142
14580910.0,4.289548
14588260.0,4.288956
14595620.0,4.288363
14602970.0,4.287773
14610330.0,4.287182
14617680.0,4.286594
14625040.0,4.286004
14632390.0,4.285417
14639750.0,4.284829
14647100.0,4.284243
14654460.0,4.283657
14661810.0,4.283074
14669170.0,4.282489
14676520.0,4.281906
14683880.0,4.281323
14691230.0,4.280743
14698590.0,4.280162
14705940.0,4.279582
14713300.0,4.279003
14720650.0,4.278426
14735350.0,4.277272
14750060.0,4.27612
14764770.0,4.274973
14779480.0,4.273828
14794190.0,4.272688
14808900.0,4.27155
14823610.0,4.270416
14838320.0,4.269284
14853030.0,4.268156
14867740.0,4.267031
14882450.0,4.26591
14897160.0,4.264792
14911870.0,4.263677
14926580.0,4.262566
14941290.0,4.261456
14956000.0,4.260352
14970700.0,4.259252
14985350.0,4.258129
15000000.0,4.257009
15007820.0,4.25592
15015630.0,4.254835
15023440.0,4.253749
15031250.0,4.252666
15039070.0,4.251583
15046880.0,4.250502
15054690.0,4.249422
15062500.0,4.248344
15070320.0,4.247264
15078130.0,4.246188
15085940.0,4.245113
15093750.0,4.24404
15101570.0,4.242966
15109380.0,4.241894
15117190.0,4.240824
15125000.0,4.239755
15132820.0,4.238685
15140630.0,4.237619
15148440.0,4.236553
15156250.0,4.235489
15164070.0,4.234425
15171880.0,4.233363
15179690.0,4.232302
15187500.0,4.231243
15195320.0,4.230183
15203130.0,4.229126
15210940.0,4.228071
15218750.0,4.227016
15226570.0,4.225961
15234380.0,4.224909
15242190.0,4.223858
15250000.0,4.222809
15257820.0,4.221759
15265630.0,4.220712
15273440.0,4.219664
15281250.0,4.218619
15289070.0,4.217575
15296880.0,4.216532
15304690.0,4.215491
15312500.0,4.214451
15320320.0,4.21341
15328130.0,4.212372
15335940.0,4.211335
15343750.0,4.2103
15351570.0,4.209265
15359380.0,4.208233
15367190.0,4.207201
15375000.0,4.20617
15382820.0,4.205139
15390630.0,4.20411
15398440.0,4.203084
15406250.0,4.202059
15414070.0,4.201033
15421880.0,4.200008
15429690.0,4.198986
15437500.0,4.197966
15445320.0,4.196945
15453130.0,4.195927
15460940.0,4.19491
15468750.0,4.193894
15476570.0,4.192877
15484380.0,4.191863
15492190.0,4.190851
15500000.0,4.18984
15507820.0,4.188829
15515630.0,4.18782
15523440.0,4.186811
15531250.0,4.185805
15539070.0,4.1848
15546880.0,4.183795
15554690.0,4.182793
15562500.0,4.181792
15570320.0,4.180789
15578130.0,4.179791
15585940.0,4.178793
15593750.0,4.177796
15601570.0,4.176799
15609380.0,4.175806
15617190.0,4.174812
15625000.0,4.173821
15632820.0,4.172829
15640630.0,4.171839
15656250.0,4.169864
15671880.0,4.167892
15687500.0,4.165928
15703130.0,4.163967
15718750.0,4.162012
15734380.0,4.160059
15750000.0,4.158114
15765630.0,4.156172
15781250.0,4.154236
15796880.0,4.152304
15812500.0,4.150379
15828130.0,4.148456
15843750.0,4.146541
15859380.0,4.144629
15875000.0,4.142724
15890630.0,4.140821
15906250.0,4.138926
15921880.0,4.137032
15937500.0,4.135147
15953130.0,4.133266
15968750.0,4.13139
15984380.0,4.129517
16000000.0,4.127652
16015630.0,4.124551
16031250.0,4.121459
16046880.0,4.11837
16062500.0,4.11529
16078130.0,4.112212
16093750.0,4.109143
16109380.0,4.106079
16125000.0,4.103021
16140630.0,4.099967
16156250.0,4.096921
16171880.0,4.09388
16187500.0,4.090847
16203130.0,4.087816
16218750.0,4.084794
16234380.0,4.081775
16250000.0,4.078765
16265630.0,4.075758
16281250.0,4.072758
16296880.0,4.069764
16312500.0,4.066775
16328130.0,4.063792
16343750.0,4.060816
16359380.0,4.057843
16375000.0,4.054879
16390630.0,4.051918
16406250.0,4.048966
16421880.0,4.046016
16437500.0,4.043074
16453130.0,4.040137
16468750.0,4.037207
16484380.0,4.034281
16500000.0,4.031363
16515630.0,4.028447
16531250.0,4.025541
16546880.0,4.022637
16562500.0,4.019742
16578130.0,4.01685
16593750.0,4.013965
16609380.0,4.011086
16625000.0,4.008213
16640630.0,4.005344
16656250.0,4.002482
16671880.0,3.999625
16687500.0,3.996775
16703130.0,3.993929
16718750.0,3.99109
16734380.0,3.988255
16750000.0,3.985429
16765630.0,3.982605
16781250.0,3.979789
16796880.0,3.976977
16812500.0,3.974173
16828130.0,3.971373
16843750.0,3.968579
16859380.0,3.96579
16875000.0,3.96301
16890630.0,3.960231
16906250.0,3.957462
16921880.0,3.954695
16937500.0,3.951937
16953130.0,3.949182
16968750.0,3.946434
16984380.0,3.943692
17000000.0,3.940956
17015630.0,3.938183
17031250.0,3.935418
17046880.0,3.932654
17062500.0,3.929897
17078130.0,3.927143
17093750.0,3.924395
17109380.0,3.921649
17125000.0,3.91891
17140630.0,3.916173
17156250.0,3.913444
17171880.0,3.910717
17187500.0,3.907995
17203130.0,3.905276
17218750.0,3.902565
17234380.0,3.899855
17250000.0,3.897152
17265630.0,3.894452
17281250.0,3.891757
17296880.0,3.889065
17312500.0,3.88638
17328130.0,3.883699
17343750.0,3.881022
17359380.0,3.878348
17375000.0,3.875681
17390630.0,3.873016
17406250.0,3.870357
17421880.0,3.867702
17437500.0,3.865053
17453130.0,3.862406
17468750.0,3.859766
17484380.0,3.857128
17500000.0,3.854496
17515630.0,3.851867
17531250.0,3.849245
17546880.0,3.846625
17562500.0,3.844012
17578130.0,3.841401
17593750.0,3.838798
17609380.0,3.836196
17625000.0,3.8336
17640630.0,3.831008
17656250.0,3.828421
17671880.0,3.825838
17687500.0,3.82326
17703130.0,3.820687
17718750.0,3.818119
17734380.0,3.815553
17750000.0,3.812994
17765630.0,3.810439
17781250.0,3.807889
17796880.0,3.805342
17812500.0,3.802802
17828130.0,3.800265
17843750.0,3.797734
17859380.0,3.795205
17875000.0,3.792684
17890630.0,3.790166
17906250.0,3.787653
17921880.0,3.785145
17937500.0,3.782642
17953130.0,3.780142
17968750.0,3.77765
17984380.0,3.77516
18000000.0,3.772677
18031250.0,3.766788
18062500.0,3.760922
18093750.0,3.755078
18125000.0,3.749255
18156250.0,3.743455
18187500.0,3.737675
18218750.0,3.731918
18250000.0,3.726183
18281250.0,3.72047
18312500.0,3.714779
18343750.0,3.709108
18375000.0,3.703461
18406250.0,3.697835
18437500.0,3.692232
18468750.0,3.686649
18500000.0,3.68109
18531250.0,3.675552
18562500.0,3.670036
18593750.0,3.664542
18625000.0,3.659071
18656250.0,3.653622
18687500.0,3.648196
18718750.0,3.642792
18750000.0,3.63741
18781250.0,3.632051
18812500.0,3.626715
18843750.0,3.621403
18875000.0,3.616113
18906250.0,3.610846
18937500.0,3.605604
18968750.0,3.600384
19000000.0,3.595189
19062500.0,3.584555
19125000.0,3.573998
19187500.0,3.563521
19250000.0,3.55312
19312500.0,3.542799
19375000.0,3.532556
19437500.0,3.522391
19500000.0,3.512306
19562500.0,3.5023
19625000.0,3.492373
19687500.0,3.482528
19750000.0,3.472763
19812500.0,3.463079
19875000.0,3.453479
19937500.0,3.443961
20000000.0,3.434527
