1e-05,66.0635
1.03125e-05,65.14192
1.0625e-05,64.26129
1.09375e-05,63.41869
1.125e-05,62.61144
1.15625e-05,61.83714
1.1875e-05,61.09361
1.21875e-05,60.37887
1.25e-05,59.6911
1.28125e-05,59.02865
1.3125e-05,58.38999
1.34375e-05,57.77375
1.375e-05,57.17864
1.4375e-05,56.04718
1.5e-05,54.98719
1.5625e-05,53.99145
1.625e-05,53.05373
1.6875e-05,52.16859
1.75e-05,51.33131
1.8125e-05,50.53772
1.875e-05,49.78415
1.9375e-05,49.06734
2e-05,48.3844
2.09375e-05,47.41791
2.1875e-05,46.51424
2.28125e-05,45.66686
2.375e-05,44.87016
2.46875e-05,44.11929
2.5625e-05,43.41001
2.65625e-05,42.73862
2.75e-05,42.10187
2.84375e-05,41.49686
2.9375e-05,40.92106
3.03125e-05,40.37218
3.125e-05,39.84818
3.21875e-05,39.34725
3.3125e-05,38.86774
3.40625e-05,38.40817
3.5e-05,37.96719
3.59375e-05,37.54357
3.6875e-05,37.13622
3.78125e-05,36.74411
3.875e-05,36.36632
3.96875e-05,36.00199
4.0625e-05,35.65035
4.25e-05,34.9823
4.4375e-05,34.35706
4.625e-05,33.77023
4.8125e-05,33.21804
5e-05,32.69721
5.15625e-05,32.28507
5.3125e-05,31.89125
5.46875e-05,31.51442
5.625e-05,31.15341
5.78125e-05,30.80714
5.9375e-05,30.47462
6.09375e-05,30.15498
6.25e-05,29.8474
6.40625e-05,29.55114
6.5625e-05,29.26553
6.71875e-05,28.98994
6.875e-05,28.7238
7.1875e-05,28.2178
7.5e-05,27.74375
7.8125e-05,27.29845
8.125e-05,26.87909
8.4375e-05,26.48325
8.75e-05,26.1088
9.0625e-05,25.7539
9.375e-05,25.41689
9.6875e-05,25.09633
0.0001,24.79091
0.000103125,24.49948
0.00010625,24.221
0.000109375,23.95455
0.0001125,23.69928
0.000115625,23.45442
0.00011875,23.2193
0.000121875,22.99328
0.000125,22.77579
0.000128125,22.5663
0.00013125,22.36435
0.000134375,22.16947
0.0001375,21.98128
0.00014375,21.62349
0.00015,21.28829
0.00015625,20.97341
0.0001625,20.67688
0.00016875,20.39698
0.000175,20.13221
0.00018125,19.88125
0.0001875,19.64295
0.00019375,19.41628
0.0002,19.20031
0.000209375,18.89469
0.00021875,18.60892
0.000228125,18.34096
0.0002375,18.08902
0.000246875,17.85158
0.00025625,17.62728
0.000265625,17.41497
0.000275,17.21361
0.000284375,17.0223
0.00029375,16.84021
0.000303125,16.66664
0.0003125,16.50094
0.000321875,16.34253
0.00033125,16.1909
0.000340625,16.04557
0.00035,15.90612
0.000359375,15.77216
0.00036875,15.64335
0.000378125,15.51935
0.0003875,15.39988
0.000396875,15.28467
0.00040625,15.17348
0.000425,14.96222
0.00044375,14.7645
0.0004625,14.57893
0.00048125,14.40432
0.0005,14.23962
0.000515625,14.10929
0.00053125,13.98475
0.000546875,13.86559
0.0005625,13.75143
0.000578125,13.64193
0.00059375,13.53678
0.000609375,13.4357
0.000625,13.33843
0.000640625,13.24475
0.00065625,13.15443
0.000671875,13.06728
0.0006875,12.98312
0.00071875,12.82311
0.00075,12.6732
0.00078125,12.53239
0.0008125,12.39977
0.00084375,12.2746
0.000875,12.15619
0.00090625,12.04396
0.0009375,11.93739
0.00096875,11.83602
0.001,11.73944
0.00103125,11.64728
0.0010625,11.55922
0.00109375,11.47496
0.001125,11.39423
0.00115625,11.31681
0.0011875,11.24245
0.00121875,11.17098
0.00125,11.1022
0.00128125,11.03596
0.0013125,10.97209
0.00134375,10.91047
0.001375,10.85096
0.0014375,10.73782
0.0015,10.63182
0.0015625,10.53225
0.001625,10.43847
0.0016875,10.34996
0.00175,10.26623
0.0018125,10.18688
0.001875,10.11152
0.0019375,10.03984
0.002,9.971545
0.00209375,9.874897
0.0021875,9.784531
0.00228125,9.699794
0.002375,9.620125
0.00246875,9.545039
0.0025625,9.474112
0.00265625,9.406974
0.00275,9.343299
0.00284375,9.282799
0.0029375,9.225219
0.00303125,9.170331
0.003125,9.117933
0.00321875,9.06784
0.0033125,9.01989
0.00340625,8.973933
0.0035,8.929835
0.00359375,8.887474
0.0036875,8.846739
0.00378125,8.807528
0.003875,8.76975
0.00396875,8.733317
0.0040625,8.698154
0.00425,8.63135
0.0044375,8.568826
0.004625,8.510144
0.0048125,8.454926
0.005,8.402843
0.00515625,8.361629
0.0053125,8.322247
0.00546875,8.284565
0.005625,8.248464
0.00578125,8.213837
0.0059375,8.180586
0.00609375,8.148622
0.00625,8.117865
0.00640625,8.088239
0.0065625,8.059678
0.00671875,8.03212
0.006875,8.005506
0.0071875,7.954906
0.0075,7.907502
0.0078125,7.862972
0.008125,7.821037
0.0084375,7.781453
0.00875,7.744009
0.0090625,7.708519
0.009375,7.674819
0.0096875,7.642762
0.01,7.612221
0.0103125,7.583078
0.010625,7.555231
0.0109375,7.528586
0.01125,7.503059
0.0115625,7.478574
0.011875,7.455062
0.0121875,7.43246
0.0125,7.410711
0.0128125,7.389763
0.013125,7.369567
0.0134375,7.35008
0.01375,7.331261
0.014375,7.295482
0.015,7.261963
0.015625,7.230475
0.01625,7.200822
0.016875,7.172832
0.0175,7.146356
0.018125,7.12126
0.01875,7.097431
0.019375,7.074763
0.02,7.053167
0.0206625,7.031354
0.021325,7.010565
0.0219875,6.990723
0.02265,6.971758
0.0233125,6.953607
0.023975,6.936214
0.0246375,6.919527
0.0253,6.9035
0.02607188,6.885603
0.02684375,6.868483
0.02761563,6.852086
0.0283875,6.836363
0.02915938,6.821268
0.02993125,6.80676
0.03070313,6.792804
0.031475,6.779364
0.03224688,6.766409
0.03301875,6.753912
0.0345625,6.730184
0.03610625,6.707996
0.03765,6.687186
0.03919375,6.667618
0.0407375,6.649174
0.04228125,6.631749
0.043825,6.615253
0.04536875,6.599606
0.0469125,6.584738
0.04845625,6.570587
0.05,6.557096
0.0515625,6.544063
0.053125,6.531609
0.0546875,6.519693
0.05625,6.508277
0.0578125,6.497326
0.059375,6.486811
0.0609375,6.476703
0.0625,6.466977
0.0640625,6.457608
0.065625,6.448577
0.0671875,6.439862
0.06875,6.431446
0.071875,6.415444
0.075,6.400454
0.078125,6.386372
0.08125,6.373111
0.084375,6.360593
0.0875,6.348753
0.090625,6.33753
0.09375,6.326873
0.096875,6.316736
0.1,6.307077
0.103125,6.297862
0.10625,6.289056
0.109375,6.28063
0.1125,6.272557
0.115625,6.264814
0.11875,6.257379
0.121875,6.250232
0.125,6.243354
0.128125,6.23673
0.13125,6.230344
0.134375,6.224181
0.1375,6.21823
0.14375,6.206916
0.15,6.196316
0.15625,6.186359
0.1625,6.176982
0.16875,6.168131
0.175,6.159758
0.18125,6.151822
0.1875,6.144287
0.19375,6.137119
0.2,6.130289
0.209375,6.120625
0.21875,6.111588
0.228125,6.103115
0.2375,6.095148
0.246875,6.087639
0.25625,6.080547
0.265625,6.073833
0.275,6.067466
0.284375,6.061416
0.29375,6.055658
0.303125,6.050169
0.3125,6.044929
0.321875,6.03992
0.33125,6.035125
0.340625,6.03053
0.35,6.02612
0.359375,6.021884
0.36875,6.01781
0.378125,6.01389
0.3875,6.010112
0.396875,6.006469
0.40625,6.002952
0.425,5.996272
0.44375,5.99002
0.4625,5.984152
0.5,5.973422
0.53125,5.965362
0.5625,5.957984
0.59375,5.951197
0.625,5.944925
0.6875,5.933689
0.75,5.923889
0.8125,5.915243
0.875,5.90754
0.9375,5.900621
1.0,5.894362
1.0625,5.888663
1.125,5.883446
1.1875,5.878646
1.25,5.874211
1.375,5.866267
1.5,5.859337
1.625,5.853223
1.75,5.847777
1.875,5.842884
2.0,5.838458
2.1875,5.832545
2.375,5.827346
2.5625,5.822729
2.75,5.818592
2.9375,5.814858
3.125,5.811466
3.3125,5.808366
3.5,5.805518
3.875,5.800456
4.25,5.79608
4.625,5.792247
5.0,5.788854
5.3125,5.786305
5.625,5.783972
5.9375,5.781826
6.25,5.779843
6.875,5.77629
7.5,5.773191
8.125,5.770457
8.75,5.768021
9.375,5.765833
10.0,5.763854
10.625,5.762052
11.25,5.760402
11.875,5.758884
12.5,5.757482
13.75,5.75497
15.0,5.752778
16.25,5.750845
17.5,5.749123
18.75,5.747576
20.0,5.746176
21.875,5.744306
23.75,5.742662
25.625,5.741202
27.5,5.739894
29.375,5.738713
31.25,5.737641
33.125,5.73666
35.0,5.73576
38.75,5.734159
42.5,5.732775
46.25,5.731563
50.0,5.73049
53.125,5.729685
56.25,5.728947
59.375,5.728268
62.5,5.727641
68.75,5.726517
75.0,5.725537
81.25,5.724673
87.5,5.723903
93.75,5.723211
100.0,5.722585
106.25,5.722015
112.5,5.721493
118.75,5.721013
124.9999,5.72057
125.0001,19.6688
134.375,19.18291
143.75,18.7457
150.0,18.48162
153.125,18.34958
162.5,17.98853
170.0,17.72386
171.875,17.65769
181.25,17.35309
190.625,17.07146
200.0,16.81008
212.5,16.48913
225.0,16.19561
237.5,15.92586
250.0,15.67684
262.5,15.44608
275.0,15.23144
287.5,15.03117
300.0,14.84374
312.5,14.66785
325.0,14.50237
350.0,14.19888
375.0,13.92683
400.0,13.68121
425.0,13.45804
450.0,13.25416
475.0,13.06697
500.0,12.89437
525.0,12.73457
550.0,12.5861
575.0,12.4477
600.0,12.31832
650.0,12.08304
700.0,11.87431
720.0,11.79963
750.0,11.68759
800.0,11.51937
850.0,11.36685
900.0,11.22781
950.0,11.10043
1000.0,10.98322
1062.5,10.84915
1125.0,10.72706
1187.5,10.61533
1250.0,10.51264
1312.5,10.41788
1375.0,10.33014
1500.0,10.17266
1625.0,10.03522
1700.0,9.962557
1750.0,9.914114
1875.0,9.806526
2000.0,9.710265
2125.0,9.623606
2250.0,9.545164
2375.0,9.473818
2500.0,9.408645
2750.0,9.29389
3000.0,9.196133
3250.0,9.111937
3500.0,9.038747
3750.0,8.974628
4000.0,8.918078
4250.0,8.867918
4500.0,8.823202
4750.0,8.783168
5000.0,8.747189
5500.0,8.685411
6000.0,8.63465
6500.0,8.592593
7000.0,8.557535
7500.0,8.528185
8000.0,8.503551
8500.0,8.482855
9000.0,8.465478
9500.0,8.450923
10000.0,8.438783
10625.0,8.426493
11250.0,8.41693
11875.0,8.409668
12500.0,8.40436
13125.0,8.400723
13750.0,8.398522
14375.0,8.39756
15000.0,8.397673
16250.0,8.400596
17000.0,8.404071
17500.0,8.406388
18750.0,8.414391
20000.0,8.424108
21250.0,8.43516
22500.0,8.447253
23244.44,8.454935
23244.45,8.454935
23750.0,8.449352
25000.0,8.436169
26250.0,8.42346
27500.0,8.411109
28750.0,8.399021
30000.0,8.387118
31250.0,8.390899
32500.0,8.394747
35000.0,8.402476
37500.0,8.410036
40000.0,8.417239
42500.0,8.43512
45000.0,8.452431
47500.0,8.469113
50000.0,8.477917
60000.0,8.536166
70000.0,8.602065
80000.0,8.66926
90000.0,8.734391
92500.0,8.748134
95000.0,8.762646
97000.0,8.773948
99999.9,8.790826
100000.1,8.305399
105000.0,8.2283
110000.0,8.10915
115000.0,7.949355
120000.0,7.78956
125000.0,7.718419
130000.0,7.6913
135000.0,7.70766
140000.0,7.80952
150000.0,8.18238
160000.0,8.38621
170000.0,8.42422
175000.0,8.15315
180000.0,7.925459
185000.0,7.61704
190000.0,7.39341
195000.0,7.047761
200000.0,6.82762
210000.0,7.00631
230000.0,7.8554
240000.0,7.7122
250000.0,7.36911
260000.0,6.70615
270000.0,6.65266
280000.0,6.9228
290000.0,6.99205
300000.0,6.46132
310000.0,6.01346
320000.0,6.08828
330000.0,6.40455
340000.0,6.76127
350000.0,7.03861
360000.0,7.07704
370000.0,6.95824
380000.0,6.7186
390000.0,6.95971
400000.0,7.401589
410000.0,7.56569
420000.0,7.56946
430000.0,7.33346
440000.0,7.29823
450000.0,7.303671
460000.0,7.229489
470000.0,7.07522
480000.0,6.67965
490000.0,6.32389
500000.0,6.20969
520000.0,6.84417
530000.0,7.040891
540000.0,7.04973
550000.0,6.7342
560000.0,6.61881
570000.0,6.4649
580000.0,6.35159
600000.0,6.304
620000.0,6.37925
640000.0,6.48819
660000.0,6.5733
673200.0,6.618827
673200.5,6.618829
680000.0,6.64228
700000.0,6.65343
720000.0,6.571201
740000.0,6.32412
760000.0,6.02335
770000.0,5.88542
780000.0,5.74749
800000.0,5.53719
820000.0,5.76641
840000.0,6.16393
860000.0,6.16423
880000.0,6.04505
940000.0,5.737377
960000.0,5.63482
964088.0,5.624263
964088.5,5.624261
980000.0,5.58317
1000000.0,5.53152
1050000.0,5.48366
1100000.0,5.47738
1150000.0,5.42564
1152117.0,5.422655
1152120.0,5.422657
1200000.0,5.35512
1218300.0,5.313348
1250000.0,5.240987
1300000.0,5.126854
1314000.0,5.094896
1337840.0,5.040477
1350000.0,5.01272
1395000.0,4.921154
1398000.0,4.915049
1400000.0,4.91098
1450000.0,4.869028
1476100.0,4.84713
1500000.0,4.82142
1530000.0,4.805265
1600000.0,4.76757
1635197.0,4.72967
1635200.0,4.72967
1635460.0,4.729391
1739969.0,4.616852
1739970.0,4.616852
1800000.0,4.55221
1807000.0,4.542098
1807004.0,4.542091
1900000.0,4.40776
1912780.0,4.394794
1912786.0,4.394787
1924170.0,4.383238
1924176.0,4.383231
1960870.0,4.346005
1960872.0,4.346003
1976708.0,4.329938
1976710.0,4.329937
2000000.0,4.306309
2046520.0,4.259114
2046522.0,4.25911
2073000.0,4.23225
2142530.0,4.183246
2142532.0,4.183244
2273910.0,4.090651
2273914.0,4.090644
2278057.0,4.087726
2278060.0,4.087724
2286000.0,4.08213
2300000.0,4.074015
2309280.0,4.068636
2309286.0,4.068631
2341620.0,4.04989
2341626.0,4.049886
2397450.0,4.017531
2397453.0,4.017529
2400000.0,4.016054
2500000.0,3.958092
2600000.0,3.90013
2900000.0,3.75674
3000000.0,3.71501
3200000.0,3.65672
3400000.0,3.62349
3600000.0,3.57173
3711030.0,3.55105
3800000.0,3.53448
4000000.0,3.51858
4200000.0,3.52015
4400000.0,3.53782
4404110.0,3.538466
4491230.0,3.552171
4500000.0,3.55355
4546710.0,3.560897
4600000.0,3.569279
4800000.0,3.6112
4810080.0,3.613808
5000000.0,3.66294
5200000.0,3.69876
5359260.0,3.75329
5400000.0,3.767241
5500000.0,3.80148
5600000.0,3.832601
5620910.0,3.837025
5695290.0,3.852769
5753500.0,3.865089
5779380.0,3.870566
5800000.0,3.87493
5942090.0,3.909152
6000000.0,3.9231
6043550.0,3.933589
6145120.0,3.958052
6295710.0,3.994322
6353410.0,4.008219
6423550.0,4.025111
6457100.0,4.033193
6531689.0,4.051157
6531690.0,4.051157
6800000.0,4.115779
7000000.0,4.150338
7270000.0,4.19699
8000000.0,4.29199
8401350.0,4.325523
8461990.0,4.330589
8600000.0,4.34212
9000000.0,4.3547
9500000.0,4.35517
9654530.0,4.350627
10000000.0,4.34047
10200000.0,4.334589
10320500.0,4.328912
11000000.0,4.29689
11600000.0,4.254315
12000000.0,4.225933
12400000.0,4.19755
13000000.0,4.146381
13500000.0,4.10374
14000000.0,4.054216
14500000.0,4.00469
14839000.0,3.964313
14839060.0,3.964305
15000000.0,3.945137
16000000.0,3.82603
17000000.0,3.696525
18000000.0,3.56702
19000000.0,3.467904
20000000.0,3.36879
