1e-05,1807819.0
1.0625e-05,1774725.0
1.125e-05,1741632.0
1.1875e-05,1708538.0
1.25e-05,1675444.0
1.3125e-05,1642350.0
1.375e-05,1609257.0
1.4375e-05,1576163.0
1.5e-05,1543069.0
1.5625e-05,1509975.0
1.625e-05,1476882.0
1.6875e-05,1443788.0
1.75e-05,1410694.0
1.875e-05,1344507.0
2e-05,1278319.0
2.09375e-05,1263636.0
2.1875e-05,1248953.0
2.28125e-05,1234271.0
2.375e-05,1219588.0
2.46875e-05,1204905.0
2.5625e-05,1190222.0
2.65625e-05,1175539.0
2.75e-05,1160857.0
2.9375e-05,1131491.0
3.125e-05,1102125.0
3.3125e-05,1072760.0
3.5e-05,1043394.0
3.6875e-05,1014028.0
3.875e-05,984662.9
4.0625e-05,955297.2
4.25e-05,925931.6
4.4375e-05,896566.0
4.625e-05,867200.4
4.8125e-05,837834.7
5e-05,808469.1
5.3125e-05,793669.1
5.625e-05,778869.1
5.9375e-05,764069.1
6.25e-05,749269.1
6.5625e-05,734469.1
6.875e-05,719669.1
7.1875e-05,704869.1
7.5e-05,690069.1
7.8125e-05,675269.1
8.125e-05,660469.1
8.4375e-05,645669.1
8.75e-05,630869.1
9.375e-05,601269.1
0.0001,571669.1
0.00010625,561204.1
0.0001125,550739.1
0.00011875,540274.1
0.000125,529809.1
0.00013125,519344.1
0.0001375,508879.1
0.00014375,498414.1
0.00015,487949.1
0.00015625,477484.1
0.0001625,467019.1
0.00016875,456554.1
0.000175,446089.1
0.0001875,425159.1
0.0002,404229.1
0.000209375,399586.3
0.00021875,394943.5
0.000228125,390300.7
0.0002375,385657.9
0.000246875,381015.0
0.00025625,376372.2
0.000265625,371729.4
0.000275,367086.6
0.00029375,357801.0
0.0003125,348515.4
0.00033125,339229.7
0.00035,329944.1
0.00036875,320658.5
0.0003875,311372.9
0.00040625,302087.2
0.000425,292801.6
0.00044375,283516.0
0.0004625,274230.4
0.00048125,264944.7
0.0005,255659.1
0.00053125,250978.5
0.0005625,246297.9
0.00059375,241617.2
0.000625,236936.6
0.00065625,232256.0
0.0006875,227575.4
0.00071875,222894.7
0.00075,218214.1
0.00078125,213533.5
0.0008125,208852.9
0.00084375,204172.2
0.000875,199491.6
0.0009375,190130.4
0.001,180769.1
0.0010625,177460.4
0.001125,174151.6
0.0011875,170842.9
0.00125,167534.1
0.0013125,164225.4
0.001375,160916.6
0.0014375,157607.9
0.0015,154299.1
0.0015625,150990.4
0.001625,147681.6
0.0016875,144372.9
0.00175,141064.1
0.001875,134446.6
0.002,127829.1
0.00209375,126360.7
0.0021875,124892.3
0.00228125,123423.9
0.002375,121955.5
0.00246875,120487.1
0.0025625,119018.7
0.00265625,117550.3
0.00275,116081.9
0.0029375,113145.0
0.003125,110208.2
0.0033125,107271.4
0.0035,104334.6
0.0036875,101397.8
0.003875,98460.94
0.0040625,95524.12
0.00425,92587.31
0.0044375,89650.5
0.004625,86713.69
0.0048125,83776.87
0.005,80840.06
0.0053125,79360.12
0.005625,77880.19
0.0059375,76400.25
0.00625,74920.31
0.0065625,73440.37
0.006875,71960.44
0.0071875,70480.5
0.0075,69000.56
0.0078125,67520.62
0.008125,66040.69
0.0084375,64560.75
0.00875,63080.81
0.009375,60120.94
0.01,57161.06
0.010625,56114.49
0.01125,55067.93
0.011875,54021.36
0.0125,52974.8
0.013125,51928.24
0.01375,50881.68
0.014375,49835.11
0.015,48788.55
0.015625,47741.99
0.01625,46695.43
0.016875,45648.86
0.0175,44602.3
0.01875,42509.18
0.02,40416.05
0.021325,39759.87
0.02265,39103.68
0.023975,38447.5
0.0253,37791.31
0.02684375,37026.8
0.0283875,36262.28
0.02993125,35497.76
0.031475,34733.25
0.03301875,33968.73
0.0345625,33204.21
0.03610625,32439.7
0.03765,31675.18
0.03919375,30910.67
0.0407375,30146.15
0.04228125,29381.63
0.043825,28617.11
0.0469125,27088.07
0.05,25559.04
0.053125,25091.04
0.05625,24623.04
0.059375,24155.04
0.0625,23687.04
0.065625,23219.04
0.06875,22751.04
0.071875,22283.04
0.075,21815.04
0.078125,21347.04
0.08125,20879.04
0.084375,20411.04
0.0875,19943.04
0.09375,19007.04
0.1,18071.04
0.10625,17740.09
0.1125,17409.16
0.11875,17078.22
0.125,16747.28
0.13125,16416.34
0.1375,16085.41
0.14375,15754.47
0.15,15423.53
0.15625,15092.59
0.1625,14761.66
0.16875,14430.72
0.175,14099.78
0.1875,13437.9
0.2,12776.02
0.209375,12629.19
0.21875,12482.35
0.228125,12335.52
0.2375,12188.68
0.246875,12041.85
0.25625,11895.01
0.265625,11748.18
0.275,11601.35
0.29375,11307.68
0.3125,11014.0
0.33125,10720.33
0.35,10426.66
0.36875,10132.99
0.3875,9839.321
0.40625,9545.651
0.425,9251.98
0.44375,8958.31
0.4625,8664.64
0.48125,8370.97
0.5,8077.299
0.53125,7929.297
0.5625,7781.296
0.59375,7633.294
0.625,7485.293
0.65625,7337.291
0.6875,7189.289
0.71875,7041.288
0.75,6893.286
0.78125,6745.284
0.8125,6597.283
0.84375,6449.281
0.875,6301.28
0.9375,6005.276
1.0,5709.273
1.0625,5604.621
1.125,5499.968
1.1875,5395.316
1.25,5290.664
1.3125,5186.011
1.375,5081.359
1.4375,4976.706
1.5,4872.054
1.5625,4767.402
1.625,4662.749
1.6875,4558.097
1.75,4453.445
1.875,4244.14
2.0,4034.835
2.09375,3988.405
2.1875,3941.974
2.28125,3895.544
2.375,3849.114
2.46875,3802.682
2.5625,3756.252
2.65625,3709.822
2.75,3663.391
2.9375,3570.531
3.125,3477.67
3.3125,3384.808
3.5,3291.948
3.6875,3199.087
3.875,3106.226
4.0625,3013.365
4.25,2920.504
4.4375,2827.643
4.625,2734.782
4.8125,2641.921
5.0,2549.06
5.3125,2502.261
5.625,2455.463
5.9375,2408.664
6.25,2361.864
6.5625,2315.065
6.875,2268.267
7.1875,2221.468
7.5,2174.669
7.8125,2127.869
8.125,2081.071
8.4375,2034.272
8.75,1987.473
9.375,1893.875
10.0,1800.277
10.625,1767.183
11.25,1734.087
11.875,1700.993
12.5,1667.898
13.125,1634.804
13.75,1601.708
14.375,1568.614
15.0,1535.519
15.625,1502.424
16.25,1469.329
16.875,1436.235
17.5,1403.139
18.75,1336.95
20.0,1270.76
20.9375,1256.076
21.875,1241.392
22.8125,1226.708
23.75,1212.024
24.6875,1197.34
25.625,1182.656
26.5625,1167.972
27.5,1153.288
29.375,1123.919
31.25,1094.552
33.125,1065.184
35.0,1035.815
36.875,1006.447
38.75,977.0789
40.625,947.7109
42.5,918.3427
44.375,888.9746
46.25,859.6065
48.125,830.2384
50.0,800.8702
53.125,786.068
56.25,771.2657
59.375,756.4635
62.5,741.6612
65.625,726.859
68.75,712.0568
71.875,697.2546
75.0,682.4523
78.125,667.6501
81.25,652.8478
84.375,638.0456
87.5,623.2433
93.75,593.6388
100.0,564.0343
106.25,553.5661
112.5,543.0977
118.75,532.6294
125.0,522.1611
131.25,511.6928
137.5,501.2245
143.75,490.7562
150.0,480.2879
156.25,469.8196
162.5,459.3513
168.75,448.883
175.0,438.4147
187.5,417.478
200.0,396.5414
212.5,389.138
225.0,381.7346
237.5,374.3311
250.0,366.9277
262.5,359.5243
275.0,352.1209
287.5,344.7174
300.0,337.314
312.5,329.9106
325.0,322.5072
337.5,315.1037
350.0,307.7003
375.0,292.8935
400.0,278.0866
425.0,271.524
450.0,264.9614
475.0,258.3988
500.0,251.8362
525.0,245.2736
550.0,238.711
575.0,232.1484
600.0,225.5858
625.0,222.2943
650.0,219.003
675.0,215.7115
700.0,212.4201
750.0,205.8373
800.0,199.2544
850.0,192.6716
900.0,186.0887
950.0,179.5059
1000.0,172.923
1062.5,169.6081
1125.0,166.2933
1187.5,162.9784
1250.0,159.6636
1312.5,156.3487
1375.0,153.0339
1437.5,149.719
1500.0,146.4042
1562.5,143.0893
1625.0,139.7745
1687.5,136.4596
1750.0,133.1448
1875.0,126.5151
2000.0,119.8854
2125.0,116.9476
2250.0,114.0097
2375.0,111.0719
2500.0,108.134
2625.0,105.1962
2750.0,102.2584
2875.0,99.32052
3000.0,96.38268
3125.0,94.63109
3250.0,92.8795
3375.0,91.12791
3500.0,89.37631
3750.0,85.87313
4000.0,82.36994
4250.0,79.98
4500.0,77.59006
4750.0,75.20012
5000.0,72.81017
5250.0,71.04648
5500.0,69.28278
5750.0,67.51908
6000.0,65.75538
6250.0,64.38543
6500.0,63.01548
6750.0,61.64553
7000.0,60.27557
7375.0,58.88114
7750.0,57.4867
8125.0,56.09227
8500.0,54.69783
8875.0,53.30339
9250.0,51.90896
9625.0,50.51452
10000.0,49.12008
10625.0,47.81417
11250.0,46.50826
11875.0,45.20235
12500.0,43.89644
13125.0,42.59053
13750.0,41.28461
14375.0,39.9787
15000.0,38.67279
15625.0,37.89888
16250.0,37.12494
16875.0,36.35103
17500.0,35.57709
18750.0,34.02924
20000.0,32.48139
21250.0,31.43246
22500.0,30.38351
23750.0,29.33457
25000.0,28.28563
26250.0,27.51677
27500.0,26.74792
28750.0,25.97907
30000.0,25.21022
31250.0,24.6767
32500.0,24.14316
33750.0,23.60964
35000.0,23.07611
37500.0,22.00905
40000.0,20.942
42500.0,20.2257
45000.0,19.5094
47500.0,18.7931
50000.0,18.07679
52500.0,17.55683
55000.0,17.03686
57500.0,16.51689
60000.0,15.99693
62500.0,15.59975
65000.0,15.20257
67500.0,14.80539
70000.0,14.40822
75000.0,13.77934
80000.0,13.15047
85000.0,12.63934
90000.0,12.1282
95000.0,11.70451
100000.0,11.28081
105000.0,10.95078
110000.0,10.62075
115000.0,10.29071
120000.0,9.96068
125000.0,9.718186
130000.0,9.475692
135000.0,9.233198
140000.0,8.990704
150000.0,8.628002
160000.0,8.265299
170000.0,7.995337
180000.0,7.725375
190000.0,7.531408
200000.0,7.33744
210000.0,7.211272
220000.0,7.085104
235000.0,7.004827
240000.0,6.978068
250000.0,6.963
260000.0,6.992342
265000.0,7.025113
280000.0,7.123426
295000.0,7.326639
300000.0,7.394377
310000.0,7.533624
320000.0,7.683204
325000.0,7.740819
340000.0,7.913664
350000.0,7.907761
355000.0,7.904826
360000.0,7.90189
370000.0,7.821018
380000.0,7.667714
385000.0,7.566686
400000.0,7.263604
415000.0,6.886809
420000.0,6.76121
430000.0,6.519263
440000.0,6.27805
450000.0,6.055836
460000.0,5.833674
480000.0,5.457783
490000.0,5.288038
500000.0,5.132926
520000.0,4.853284
540000.0,4.622043
550000.0,4.516172
560000.0,4.419734
580000.0,4.24236
600000.0,4.091685
610000.0,4.031507
640000.0,3.867575
650000.0,3.817364
670000.0,3.717553
705000.0,3.561634
740000.0,3.405714
750000.0,3.367379
790000.0,3.264186
800000.0,3.238388
840000.0,3.13688
890000.0,3.033895
900000.0,3.013297
940000.0,2.954352
970000.0,2.920283
990000.0,2.89803
1030000.0,2.853524
1040000.0,2.842402
1050000.0,2.833697
1070000.0,2.823786
1100000.0,2.80873
1130000.0,2.793334
1140000.0,2.788035
1160000.0,2.779998
1190000.0,2.767262
1200000.0,2.762737
1220000.0,2.756581
1240000.0,2.749765
1250000.0,2.746277
1280000.0,2.734713
1310000.0,2.721999
1340000.0,2.708135
1350000.0,2.702223
1370000.0,2.689122
1400000.0,2.66851
1430000.0,2.647098
1440000.0,2.639754
1460000.0,2.623726
1490000.0,2.599254
1500000.0,2.59103
1540000.0,2.55843
1590000.0,2.51843
1640000.0,2.479746
1650000.0,2.472459
1740000.0,2.415422
1750000.0,2.409284
1800000.0,2.381152
1840000.0,2.358292
1900000.0,2.324182
1940000.0,2.303013
1950000.0,2.298041
2040000.0,2.25388
2050000.0,2.249733
2100000.0,2.230306
2140000.0,2.21918
2200000.0,2.209211
2240000.0,2.203246
2250000.0,2.203235
2340000.0,2.218926
2350000.0,2.22256
2400000.0,2.241305
2440000.0,2.263257
2500000.0,2.310583
2540000.0,2.342478
2550000.0,2.353342
2640000.0,2.455087
2650000.0,2.469112
2700000.0,2.539606
2740000.0,2.587834
2800000.0,2.665095
2840000.0,2.716918
2850000.0,2.727033
2940000.0,2.792719
2950000.0,2.795057
3000000.0,2.807285
3040000.0,2.809885
3100000.0,2.791526
3140000.0,2.779976
3150000.0,2.775658
3240000.0,2.723037
3250000.0,2.71732
3300000.0,2.690156
3340000.0,2.6643
3400000.0,2.630975
3440000.0,2.610168
3450000.0,2.605917
3540000.0,2.567411
3550000.0,2.563143
3600000.0,2.542086
3640000.0,2.53043
3690000.0,2.50811
3720000.0,2.493969
3740000.0,2.484252
3750000.0,2.477961
3770000.0,2.469869
3780000.0,2.465157
3800000.0,2.455421
3810000.0,2.450086
3830000.0,2.439125
3840000.0,2.433378
3860000.0,2.421622
3870000.0,2.415645
3871000.0,2.415252
3871001.0,2.415252
3872000.0,2.41486
3873000.0,2.414468
3874000.0,2.414074
3875000.0,2.413682
3878000.0,2.412505
3883000.0,2.410542
3888000.0,2.40858
3890000.0,2.407795
3893000.0,2.406687
3898000.0,2.404841
3900000.0,2.404103
3908000.0,2.402144
3918000.0,2.399696
3920000.0,2.399207
3928000.0,2.397676
3930000.0,2.397293
3938000.0,2.397081
3948000.0,2.396819
3950000.0,2.396768
3958000.0,2.397257
3960000.0,2.39738
3968000.0,2.399547
3980000.0,2.402817
3988000.0,2.405958
3990000.0,2.406749
4008000.0,2.418135
4010000.0,2.419407
4020000.0,2.427036
4028000.0,2.434673
4040000.0,2.446175
4048000.0,2.45443
4050000.0,2.456501
4068000.0,2.474842
4070000.0,2.476891
4080000.0,2.486337
4100000.0,2.497068
4110000.0,2.499734
4118000.0,2.495812
4130000.0,2.490003
4140000.0,2.481829
4160000.0,2.450747
4168000.0,2.436581
4170000.0,2.433048
4190000.0,2.3899
4200000.0,2.367926
4218000.0,2.327645
4220000.0,2.323174
4230000.0,2.301588
4250000.0,2.261056
4260000.0,2.243057
4268000.0,2.230082
4290000.0,2.194437
4318000.0,2.153663
4320000.0,2.150752
4340000.0,2.124308
4350000.0,2.113812
4368000.0,2.099098
4440000.0,2.040265
4450000.0,2.033794
4500000.0,2.001393
4530000.0,1.986776
4540000.0,1.981882
4610000.0,1.955343
4650000.0,1.940045
4690000.0,1.929949
4770000.0,1.909423
4800000.0,1.90159
4850000.0,1.891658
4930000.0,1.875405
4950000.0,1.871256
5010000.0,1.859948
5100000.0,1.842629
5220000.0,1.819216
5250000.0,1.813264
5340000.0,1.795289
5400000.0,1.783176
5460000.0,1.771099
5550000.0,1.75287
5580000.0,1.746897
5700000.0,1.722935
5820000.0,1.69952
5850000.0,1.693676
5940000.0,1.676739
6000000.0,1.66549
6060000.0,1.65464
6150000.0,1.638457
6180000.0,1.633224
6300000.0,1.612452
6420000.0,1.592441
6450000.0,1.587491
6540000.0,1.573071
6600000.0,1.563565
6660000.0,1.55437
6750000.0,1.54072
6780000.0,1.536381
6900000.0,1.519158
7020000.0,1.503061
7050000.0,1.499023
7140000.0,1.487914
7200000.0,1.480433
7260000.0,1.473778
7350000.0,1.463631
7380000.0,1.460617
7500000.0,1.44831
7620000.0,1.437188
7650000.0,1.434351
7740000.0,1.42665
7800000.0,1.421423
7860000.0,1.416655
7950000.0,1.409393
7980000.0,1.407129
8100000.0,1.397961
