1e-05,408.1
1.03125e-05,401.9561
1.0625e-05,396.0853
1.09375e-05,390.4679
1.125e-05,385.0863
1.15625e-05,379.9243
1.1875e-05,374.9674
1.21875e-05,370.2025
1.25e-05,365.6173
1.28125e-05,361.201
1.3125e-05,356.9433
1.34375e-05,352.835
1.375e-05,348.8676
1.4375e-05,341.3245
1.5e-05,334.2579
1.5625e-05,327.6197
1.625e-05,321.3682
1.6875e-05,315.4673
1.75e-05,309.8854
1.8125e-05,304.5948
1.875e-05,299.571
1.9375e-05,294.7923
2e-05,290.2393
2.09375e-05,283.7961
2.1875e-05,277.7716
2.28125e-05,272.1224
2.375e-05,266.8111
2.46875e-05,261.8053
2.5625e-05,257.0768
2.65625e-05,252.6008
2.75e-05,248.3558
2.84375e-05,244.3224
2.9375e-05,240.4837
3.03125e-05,236.8245
3.125e-05,233.3312
3.21875e-05,229.9917
3.3125e-05,226.795
3.40625e-05,223.7311
3.5e-05,220.7912
3.59375e-05,217.9671
3.6875e-05,215.2515
3.78125e-05,212.6374
3.875e-05,210.1188
3.96875e-05,207.6899
4.0625e-05,205.3457
4.25e-05,200.892
4.4375e-05,196.7237
4.625e-05,192.8115
4.8125e-05,189.1303
5e-05,185.6581
5.15625e-05,182.9105
5.3125e-05,180.285
5.46875e-05,177.7728
5.625e-05,175.3661
5.78125e-05,173.0576
5.9375e-05,170.8408
6.09375e-05,168.7099
6.25e-05,166.6593
6.40625e-05,164.6843
6.5625e-05,162.7802
6.71875e-05,160.9429
6.875e-05,159.1687
7.1875e-05,155.7953
7.5e-05,152.635
7.8125e-05,149.6663
8.125e-05,146.8706
8.4375e-05,144.2316
8.75e-05,141.7354
9.0625e-05,139.3693
9.375e-05,137.1226
9.6875e-05,134.9855
0.0001,132.9494
0.000103125,131.0065
0.00010625,129.15
0.000109375,127.3737
0.0001125,125.6718
0.000115625,124.0395
0.00011875,122.472
0.000121875,120.9652
0.000125,119.5153
0.000128125,118.1187
0.00013125,116.7723
0.000134375,115.4732
0.0001375,114.2186
0.00014375,111.8332
0.00015,109.5986
0.00015625,107.4994
0.0001625,105.5225
0.00016875,103.6565
0.000175,101.8914
0.00018125,100.2183
0.0001875,98.62968
0.00019375,97.11852
0.0002,95.67876
0.000209375,93.64124
0.00021875,91.73614
0.000228125,89.94972
0.0002375,88.27014
0.000246875,86.68718
0.00025625,85.19189
0.000265625,83.77649
0.000275,82.43409
0.000284375,81.15864
0.00029375,79.94474
0.000303125,78.78761
0.0003125,77.68294
0.000321875,76.62689
0.00033125,75.616
0.000340625,74.64714
0.00035,73.71747
0.000359375,72.82441
0.00036875,71.96564
0.000378125,71.13901
0.0003875,70.34255
0.000396875,69.57449
0.00040625,68.83318
0.000425,67.42482
0.00044375,66.10669
0.0004625,64.86956
0.00048125,63.70545
0.0005,62.60745
0.000515625,61.73858
0.00053125,60.90833
0.000546875,60.11392
0.0005625,59.35284
0.000578125,58.62283
0.00059375,57.92184
0.000609375,57.24797
0.000625,56.59954
0.000640625,55.97498
0.00065625,55.37286
0.000671875,54.79187
0.0006875,54.2308
0.00071875,53.16405
0.00075,52.16469
0.00078125,51.22591
0.0008125,50.34183
0.00084375,49.50732
0.000875,48.71793
0.00090625,47.96973
0.0009375,47.25926
0.00096875,46.58346
0.001,45.93958
0.00103125,45.3252
0.0010625,44.73812
0.00109375,44.17639
0.001125,43.63823
0.00115625,43.12204
0.0011875,42.62636
0.00121875,42.14986
0.00125,41.69136
0.00128125,41.24973
0.0013125,40.82396
0.00134375,40.41314
0.001375,40.0164
0.0014375,39.2621
0.0015,38.55545
0.0015625,37.89163
0.001625,37.26649
0.0016875,36.67641
0.00175,36.11822
0.0018125,35.58917
0.001875,35.08679
0.0019375,34.60892
0.002,34.15363
0.00209375,33.50932
0.0021875,32.90687
0.00228125,32.34196
0.002375,31.81084
0.00246875,31.31026
0.0025625,30.83741
0.00265625,30.38982
0.00275,29.96532
0.00284375,29.56199
0.0029375,29.17813
0.00303125,28.81221
0.003125,28.46288
0.00321875,28.12894
0.0033125,27.80927
0.00340625,27.50289
0.0035,27.2089
0.00359375,26.92649
0.0036875,26.65493
0.00378125,26.39352
0.003875,26.14166
0.00396875,25.89878
0.0040625,25.66436
0.00425,25.219
0.0044375,24.80217
0.004625,24.41096
0.0048125,24.04284
0.005,23.69562
0.00515625,23.42086
0.0053125,23.15831
0.00546875,22.9071
0.005625,22.66643
0.00578125,22.43558
0.0059375,22.21391
0.00609375,22.00082
0.00625,21.79576
0.00640625,21.59826
0.0065625,21.40786
0.00671875,21.22413
0.006875,21.04671
0.0071875,20.70937
0.0075,20.39335
0.0078125,20.09648
0.008125,19.81691
0.0084375,19.55302
0.00875,19.30339
0.0090625,19.06679
0.009375,18.84212
0.0096875,18.62842
0.01,18.42481
0.0103125,18.23052
0.010625,18.04487
0.0109375,17.86724
0.01125,17.69706
0.0115625,17.53383
0.011875,17.37708
0.0121875,17.2264
0.0125,17.08141
0.0128125,16.94175
0.013125,16.80711
0.0134375,16.6772
0.01375,16.55174
0.014375,16.31321
0.015,16.08975
0.015625,15.87983
0.01625,15.68215
0.016875,15.49555
0.0175,15.31904
0.018125,15.15174
0.01875,14.99287
0.019375,14.84176
0.02,14.69778
0.0206625,14.55236
0.021325,14.41377
0.0219875,14.28149
0.02265,14.15505
0.0233125,14.03405
0.023975,13.91809
0.0246375,13.80685
0.0253,13.7
0.02607188,13.58068
0.02684375,13.46655
0.02761563,13.35723
0.0283875,13.25241
0.02915938,13.15177
0.02993125,13.05506
0.03070313,12.96201
0.031475,12.87241
0.03224688,12.78604
0.03301875,12.70273
0.0345625,12.54454
0.03610625,12.39661
0.03765,12.25788
0.03919375,12.12743
0.0407375,12.00446
0.04228125,11.88829
0.043825,11.77832
0.04536875,11.67401
0.0469125,11.57489
0.04845625,11.48054
0.05,11.3906
0.0515625,11.30371
0.053125,11.22068
0.0546875,11.14124
0.05625,11.06513
0.0578125,10.99213
0.059375,10.92203
0.0609375,10.85464
0.0625,10.7898
0.0640625,10.72734
0.065625,10.66713
0.0671875,10.60903
0.06875,10.55292
0.071875,10.44625
0.075,10.34631
0.078125,10.25243
0.08125,10.16402
0.084375,10.08057
0.0875,10.00163
0.090625,9.92681
0.09375,9.855763
0.096875,9.788181
0.1,9.723793
0.103125,9.662355
0.10625,9.603647
0.109375,9.547474
0.1125,9.493658
0.115625,9.442039
0.11875,9.392471
0.121875,9.344822
0.125,9.298971
0.128125,9.254808
0.13125,9.212232
0.134375,9.171149
0.1375,9.131476
0.14375,9.056046
0.15,8.985381
0.15625,8.919
0.1625,8.856486
0.16875,8.797478
0.175,8.74166
0.18125,8.688755
0.1875,8.638518
0.19375,8.590732
0.2,8.545203
0.209375,8.480772
0.21875,8.420529
0.228125,8.364038
0.2375,8.310927
0.246875,8.26087
0.25625,8.213586
0.265625,8.168828
0.275,8.126379
0.284375,8.086046
0.29375,8.047661
0.303125,8.01107
0.3125,7.976138
0.321875,7.942744
0.33125,7.910777
0.340625,7.88014
0.35,7.850742
0.359375,7.822502
0.36875,7.795346
0.378125,7.769207
0.3875,7.744022
0.396875,7.719734
0.40625,7.696292
0.425,7.651758
0.44375,7.610076
0.4625,7.570956
0.48125,7.534145
0.5,7.499424
0.53125,7.445696
0.5625,7.396509
0.59375,7.351258
0.625,7.309445
0.65625,7.270656
0.6875,7.234542
0.71875,7.20081
0.75,7.169209
0.78125,7.139524
0.8125,7.111568
0.84375,7.08518
0.875,7.060218
0.9375,7.014094
1.0,6.972364
1.0625,6.934372
1.125,6.899593
1.1875,6.867596
1.25,6.83803
1.3125,6.810603
1.375,6.785067
1.4375,6.761215
1.5,6.73887
1.5625,6.71788
1.625,6.698112
1.6875,6.679454
1.75,6.661803
1.875,6.629189
2.0,6.599682
2.09375,6.579308
2.1875,6.560258
2.28125,6.542396
2.375,6.525601
2.46875,6.509773
2.5625,6.494821
2.65625,6.480668
2.75,6.467245
2.9375,6.442354
3.125,6.419738
3.3125,6.39907
3.5,6.380086
3.6875,6.36257
3.875,6.34634
4.0625,6.331248
4.25,6.317165
4.4375,6.303985
4.625,6.291615
4.8125,6.279975
5.0,6.268996
5.3125,6.252006
5.625,6.236453
5.9375,6.222144
6.25,6.208923
6.5625,6.196657
6.875,6.185238
7.1875,6.174571
7.5,6.164579
7.8125,6.155192
8.125,6.146352
8.4375,6.138008
8.75,6.130115
9.375,6.11553
10.0,6.102334
10.625,6.090321
11.25,6.079323
11.875,6.069206
12.5,6.059857
13.125,6.051184
13.75,6.043109
14.375,6.035567
15.0,6.028501
15.625,6.021864
16.25,6.015613
16.875,6.009713
17.5,6.004132
18.75,5.993819
20.0,5.984488
21.0,5.977632
22.0,5.971248
23.0,5.965286
23.99999,5.9597
24.00001,37.22641
25.0,36.59077
26.25,35.84553
27.5,35.15344
30.0,33.9056
32.5,32.8004
35.0,31.81954
37.5,30.9358
40.0,30.13873
42.5,29.40987
45.0,28.74434
47.5,28.13349
50.0,27.57023
52.5,27.045
55.0,26.55687
60.0,25.67583
63.0,25.19703
66.0,24.75188
72.0,23.94805
78.5,23.1826
85.0,22.50783
92.5,21.81937
100.0,21.21038
106.25,20.75192
112.5,20.33333
118.75,19.94914
125.0,19.59487
131.25,19.26491
137.5,18.95827
143.75,18.67232
150.0,18.40481
160.0,18.00929
170.0,17.64986
185.0,17.1665
200.0,16.73938
212.5,16.4191
225.0,16.12608
237.5,15.85662
250.0,15.60769
262.5,15.37768
275.0,15.16349
300.0,14.77581
325.0,14.43545
350.0,14.13194
375.0,13.86082
400.0,13.61511
425.0,13.39369
450.0,13.1905
475.0,13.00314
500.0,12.82958
525.0,12.67124
550.0,12.52338
600.0,12.25472
630.0,12.11169
660.0,11.97798
720.0,11.73467
760.0,11.59098
800.0,11.45747
850.0,11.30779
900.0,11.16975
950.0,11.04183
1000.0,10.92281
1062.5,10.79182
1125.0,10.67077
1187.5,10.55841
1250.0,10.4537
1375.0,10.27423
1500.0,10.11497
1600.0,10.00526
1700.0,9.90401
1850.0,9.772974
2000.0,9.654714
2125.0,9.571655
2250.0,9.494454
2500.0,9.354892
2750.0,9.243562
3000.0,9.143945
3250.0,9.062306
3500.0,8.987955
3750.0,8.925849
4000.0,8.868559
4500.0,8.778589
5000.0,8.699948
5500.0,8.641555
6000.0,8.58935
6500.0,8.549844
7000.0,8.514031
7500.0,8.486672
8000.0,8.461661
9000.0,8.428175
10000.0,8.399889
10625.0,8.390604
11250.0,8.3824
12500.0,8.368641
13750.0,8.365847
15000.0,8.364723
16000.0,8.368512
17000.0,8.372816
18500.0,8.384104
20000.0,8.395848
21250.0,8.409243
22500.0,8.422657
23750.0,8.43603
25000.0,8.449317
26250.0,8.464886
27500.0,8.480275
30000.0,8.510446
32500.0,8.542334
35000.0,8.573265
37500.0,8.604675
40000.0,8.635127
42500.0,8.665598
45000.0,8.695167
47500.0,8.72387
50000.0,8.751745
52500.0,8.779086
55000.0,8.805679
57500.0,8.831556
60000.0,8.856753
65000.0,8.904496
70000.0,8.94995
75000.0,8.99207
80000.0,9.032348
84749.85,9.06657
89499.7,9.099575
94249.55,9.131443
98999.4,9.162248
99249.53,9.169434
99499.65,9.176603
99999.9,9.19089
100000.1,9.153355
100702.5,9.155472
101404.8,9.157596
102809.4,9.161869
104214.0,9.166171
105618.6,9.170499
107023.3,9.174849
108427.9,9.179219
111237.1,9.188008
114046.4,9.196849
116855.6,9.205724
119664.8,9.214622
122474.0,9.223529
125914.8,9.232286
129355.5,9.241096
132796.3,9.249942
136237.0,9.258805
143118.5,9.276543
150000.0,9.294227
156250.0,9.292045
162500.0,9.290263
168750.0,9.288834
175000.0,9.287716
187500.0,9.286285
200000.0,9.285742
218951.0,9.249993
237902.0,9.218293
238658.2,9.2164
239414.3,9.214517
240926.5,9.21078
242438.8,9.207079
243951.0,9.203416
246975.5,9.1962
250000.0,9.189127
253125.0,9.178725
256250.0,9.168499
262500.0,9.148548
268750.0,9.129236
275000.0,9.110529
281250.0,9.092394
287500.0,9.074803
293750.0,9.057728
300000.0,9.041143
313897.5,8.987489
327795.0,8.936744
341692.5,8.888636
355590.0,8.842927
356718.3,8.837171
357846.5,8.831443
360102.9,8.820066
362359.3,8.808793
364615.7,8.797623
369128.5,8.775587
373641.3,8.753947
378154.1,8.732688
382666.9,8.711802
391692.5,8.671103
400718.2,8.631769
409743.8,8.593727
418769.4,8.556909
427795.0,8.521251
436820.7,8.486694
445846.3,8.453183
463897.5,8.389101
481948.8,8.328635
500000.0,8.271464
530859.0,8.148435
532342.8,8.142414
533826.5,8.13642
536794.0,8.124506
542729.0,8.100976
548664.0,8.077839
554599.0,8.055081
556682.6,8.046254
558766.1,8.037482
562933.2,8.020104
567100.3,8.002942
571267.3,7.985992
579601.4,7.952712
587935.5,7.920234
596269.7,7.888527
604603.8,7.857566
621272.0,7.797769
623545.0,7.788546
625817.9,7.779382
630363.8,7.761226
634909.7,7.743294
639455.5,7.725582
648547.3,7.690804
657639.0,7.65686
666730.8,7.623719
675822.5,7.591354
694006.0,7.528839
695504.5,7.52342
697003.0,7.518021
700000.0,7.507281
707648.0,7.478838
715296.0,7.450883
722944.0,7.423402
730592.0,7.396383
745888.0,7.343681
761184.0,7.292683
763610.0,7.284188
766036.0,7.275736
770888.0,7.258959
775740.0,7.24235
780592.0,7.225907
790296.0,7.193507
800000.0,7.161738
801087.0,7.158129
804133.4,7.147514
807179.8,7.136962
813272.5,7.116049
819365.3,7.095383
825458.0,7.074964
837643.5,7.034834
849829.0,6.995626
862014.5,6.957306
874200.0,6.91984
898571.0,6.847357
900000.0,6.842988
903557.3,6.83208
907114.5,6.821242
914229.0,6.799767
916249.5,6.793654
918270.0,6.787564
922311.0,6.775453
924331.4,6.769307
926351.8,6.763184
930392.5,6.751009
938474.0,6.72693
946555.5,6.703206
954637.0,6.67983
958173.0,6.669513
961709.0,6.659262
964102.2,6.652208
966495.4,6.645185
971281.8,6.631231
980854.5,6.603691
990427.3,6.576627
1000000.0,6.550028
1010883.0,6.519211
1021765.0,6.488968
1043530.0,6.430129
1043536.0,6.430111
1047229.0,6.419766
1050922.0,6.409483
1058308.0,6.389097
1065694.0,6.368948
1073080.0,6.349031
1087855.0,6.30987
1102630.0,6.271588
1117405.0,6.234157
1132180.0,6.197545
1161730.0,6.126667
1164824.0,6.119039
1167918.0,6.111445
1174105.0,6.096355
1186480.0,6.066562
1198855.0,6.037272
1211230.0,6.008473
1216077.0,5.997077
1220923.0,5.985757
1230615.0,5.963337
1240308.0,5.9412
1250000.0,5.919345
1257813.0,5.900846
1265625.0,5.882547
1281250.0,5.846524
1296875.0,5.811248
1312500.0,5.776698
1328125.0,5.74285
1343750.0,5.709681
1375000.0,5.645296
1406250.0,5.583383
1437500.0,5.523797
1468750.0,5.466401
1500000.0,5.411072
1531250.0,5.353089
1562500.0,5.297258
1593750.0,5.243458
1625000.0,5.191579
1656250.0,5.141517
1687500.0,5.093179
1718750.0,5.046471
1750000.0,5.001315
1781250.0,4.955165
1812500.0,4.910531
1843750.0,4.867335
1875000.0,4.825509
1906250.0,4.78499
1937500.0,4.745714
1968750.0,4.707627
2000000.0,4.670674
2047239.0,4.618962
2094477.0,4.569269
2141715.0,4.521473
2188953.0,4.475459
2236191.0,4.431126
2283429.0,4.388378
2330667.0,4.347126
2377905.0,4.307288
2425144.0,4.268788
2472382.0,4.231559
2519620.0,4.195533
2566858.0,4.16065
2614096.0,4.126852
2661334.0,4.094088
2708572.0,4.062309
2755810.0,4.031466
2812905.0,3.993579
2870000.0,3.957019
2935000.0,3.916406
3000000.0,3.877349
3062500.0,3.860505
3125000.0,3.844063
3187500.0,3.828009
3250000.0,3.812321
3312500.0,3.796988
3375000.0,3.781993
3437500.0,3.767323
3500000.0,3.752962
3562500.0,3.738902
3625000.0,3.725128
3687500.0,3.71163
3750000.0,3.698399
3812500.0,3.685422
3875000.0,3.672694
3937500.0,3.660203
4000000.0,3.647941
4003907.0,3.648469
4007813.0,3.648996
4011719.0,3.649524
4015625.0,3.650052
4019532.0,3.650579
4023438.0,3.651105
4027344.0,3.651633
4031250.0,3.65216
4035157.0,3.652685
4039063.0,3.653212
4042969.0,3.653737
4046875.0,3.654263
4050782.0,3.654789
4054688.0,3.655313
4058594.0,3.655838
4062500.0,3.656362
4066407.0,3.656888
4070313.0,3.657412
4074219.0,3.657935
4078125.0,3.658458
4082032.0,3.658982
4085938.0,3.659505
4089844.0,3.660028
4093750.0,3.660551
4097657.0,3.661074
4101563.0,3.661596
4105469.0,3.662117
4109375.0,3.662639
4113282.0,3.663162
4117188.0,3.663682
4121094.0,3.664202
4125000.0,3.664725
4128907.0,3.665245
4132813.0,3.665765
4136719.0,3.666286
4140625.0,3.666805
4144532.0,3.667325
4148438.0,3.667845
4152344.0,3.668364
4156250.0,3.668883
4160157.0,3.669402
4164063.0,3.669921
4167969.0,3.670438
4171875.0,3.670957
4175782.0,3.671474
4179688.0,3.671992
4183594.0,3.67251
4187500.0,3.673027
4191407.0,3.673543
4195313.0,3.674061
4199219.0,3.674577
4203125.0,3.675093
4207032.0,3.675609
4210938.0,3.676125
4214844.0,3.67664
4218750.0,3.677156
4222657.0,3.677671
4226563.0,3.678186
4230469.0,3.6787
4234375.0,3.679215
4238282.0,3.67973
4242188.0,3.680244
4246094.0,3.680757
4250000.0,3.681271
4253907.0,3.681784
4257813.0,3.682297
4261719.0,3.682809
4265625.0,3.683323
4269532.0,3.683835
4273438.0,3.684347
4277344.0,3.684859
4281250.0,3.685371
4285157.0,3.685882
4289063.0,3.686393
4292969.0,3.686904
4296875.0,3.687415
4300782.0,3.687926
4304688.0,3.688436
4308594.0,3.688945
4312500.0,3.689455
4316407.0,3.689965
4320313.0,3.690475
4324219.0,3.690985
4328125.0,3.691493
4332032.0,3.692002
4335938.0,3.692511
4339844.0,3.693019
4343750.0,3.693527
4347657.0,3.694034
4351563.0,3.694543
4355469.0,3.69505
4359375.0,3.695557
4363282.0,3.696064
4367188.0,3.696571
4371094.0,3.697077
4375000.0,3.697583
4378907.0,3.69809
4382813.0,3.698595
4386719.0,3.699101
4390625.0,3.699607
4394532.0,3.700112
4398438.0,3.700617
4402344.0,3.701122
4406250.0,3.701626
4410157.0,3.70213
4414063.0,3.702635
4417969.0,3.703139
4421875.0,3.703642
4425782.0,3.704145
4429688.0,3.704649
4433594.0,3.705152
4437500.0,3.705654
4441407.0,3.706157
4445313.0,3.70666
4449219.0,3.707161
4453125.0,3.707663
4457032.0,3.708166
4460938.0,3.708667
4464844.0,3.709168
4468750.0,3.709668
4472657.0,3.710169
4476563.0,3.71067
4480469.0,3.71117
4484375.0,3.711672
4488282.0,3.712171
4492188.0,3.712671
4496094.0,3.71317
4500000.0,3.713669
4503907.0,3.714168
4507813.0,3.714667
4511719.0,3.715166
4515625.0,3.715663
4519532.0,3.716162
4523438.0,3.71666
4527344.0,3.717158
4531250.0,3.717655
4535157.0,3.718153
4539063.0,3.718649
4542969.0,3.719147
4546875.0,3.719643
4550782.0,3.72014
4554688.0,3.720636
4558594.0,3.721132
4562500.0,3.721628
4566407.0,3.722123
4570313.0,3.722619
4574219.0,3.723114
4578125.0,3.723608
4582032.0,3.724104
4585938.0,3.724598
4589844.0,3.725093
4593750.0,3.725587
4597657.0,3.726082
4601563.0,3.726574
4605469.0,3.727068
4609375.0,3.727561
4613282.0,3.728054
4617188.0,3.728547
4621094.0,3.729039
4625000.0,3.729533
4628907.0,3.730025
4632813.0,3.730517
4636719.0,3.731008
4640625.0,3.731499
4644532.0,3.73199
4648438.0,3.732483
4652344.0,3.732973
4656250.0,3.733464
4660157.0,3.733954
4664063.0,3.734445
4667969.0,3.734934
4671875.0,3.735424
4675782.0,3.735914
4679688.0,3.736403
4683594.0,3.736893
4687500.0,3.737381
4691407.0,3.73787
4695313.0,3.738359
4699219.0,3.738847
4703125.0,3.739335
4707032.0,3.739823
4710938.0,3.740311
4714844.0,3.740799
4718750.0,3.741287
4722657.0,3.741774
4726563.0,3.742261
4730469.0,3.742748
4734375.0,3.743234
4738282.0,3.74372
4742188.0,3.744206
4746094.0,3.744692
4750000.0,3.745178
4753907.0,3.745664
4757813.0,3.746149
4761719.0,3.746634
4765625.0,3.747119
4769532.0,3.747604
4773438.0,3.748087
4777344.0,3.748572
4781250.0,3.749056
4785157.0,3.749539
4789063.0,3.750024
4792969.0,3.750507
4796875.0,3.75099
4800782.0,3.751474
4804688.0,3.751956
4808594.0,3.752439
4812500.0,3.752921
4816407.0,3.753403
4820313.0,3.753886
4824219.0,3.754367
4828125.0,3.754849
4832032.0,3.75533
4835938.0,3.755811
4839844.0,3.756293
4843750.0,3.756773
4847657.0,3.757254
4851563.0,3.757734
4855469.0,3.758214
4859375.0,3.758695
4863282.0,3.759174
4867188.0,3.759653
4871094.0,3.760133
4875000.0,3.760612
4878907.0,3.761092
4882813.0,3.76157
4886719.0,3.762048
4890625.0,3.762528
4894532.0,3.763006
4898438.0,3.763483
4902344.0,3.763961
4906250.0,3.764439
4910157.0,3.764917
4914063.0,3.765393
4917969.0,3.765871
4921875.0,3.766347
4925782.0,3.766824
4929688.0,3.7673
4933594.0,3.767776
4937500.0,3.768252
4941407.0,3.768728
4945313.0,3.769204
4949219.0,3.769679
4953125.0,3.770155
4957032.0,3.770629
4960938.0,3.771104
4964844.0,3.771579
4968750.0,3.772053
4972657.0,3.772527
4976563.0,3.773001
4980469.0,3.773476
4984375.0,3.773949
4988282.0,3.774423
4992188.0,3.774896
4996094.0,3.775369
5000000.0,3.775842
5015480.0,3.779954
5030959.0,3.784066
5046439.0,3.788172
5061918.0,3.792278
5077398.0,3.79638
5092877.0,3.800479
5108356.0,3.804574
5123835.0,3.808667
5139315.0,3.812758
5154794.0,3.816846
5170274.0,3.82093
5185753.0,3.825013
5201233.0,3.829092
5216712.0,3.833168
5232191.0,3.837241
5247670.0,3.841312
5263150.0,3.84538
5278629.0,3.849444
5294109.0,3.853508
5309588.0,3.857566
5325068.0,3.861623
5340547.0,3.865676
5356026.0,3.869728
5371505.0,3.873776
5386985.0,3.877821
5402464.0,3.881864
5417944.0,3.885904
5433423.0,3.889941
5448903.0,3.893975
5464382.0,3.898006
5479861.0,3.902034
5495340.0,3.90606
5510820.0,3.910083
5526299.0,3.914103
5541779.0,3.918121
5557258.0,3.922136
5572738.0,3.926148
5588217.0,3.930156
5603696.0,3.934163
5619175.0,3.938167
5634655.0,3.942168
5650134.0,3.946167
5665614.0,3.950161
5681093.0,3.954154
5696573.0,3.958145
5712052.0,3.962132
5727531.0,3.966116
5743010.0,3.970099
5758490.0,3.974078
5773969.0,3.978054
5789449.0,3.982028
5804928.0,3.985999
5820408.0,3.989968
5835887.0,3.993933
5851366.0,3.997897
5866845.0,4.001857
5882325.0,4.005815
5897804.0,4.00977
5913284.0,4.013723
5928763.0,4.017673
5944243.0,4.02162
5959722.0,4.025565
5975201.0,4.029507
5990680.0,4.033445
5990690.0,4.033455
6000000.0,4.03574
6014734.0,4.038376
6029468.0,4.041042
6044202.0,4.043737
6058935.0,4.046462
6073669.0,4.049218
6088403.0,4.052001
6103137.0,4.054815
6117870.0,4.057656
6132604.0,4.060528
6147338.0,4.063427
6162072.0,4.066356
6176805.0,4.069311
6191539.0,4.072296
6206273.0,4.07531
6221007.0,4.07835
6235740.0,4.081419
6251053.0,4.084551
6266365.0,4.087711
6281678.0,4.090903
6296990.0,4.094122
6312303.0,4.09737
6327615.0,4.100648
6342928.0,4.103954
6358240.0,4.107288
6373553.0,4.110652
6388865.0,4.114044
6404178.0,4.117463
6419490.0,4.12091
6434803.0,4.124385
6450115.0,4.127888
6465428.0,4.131417
6480740.0,4.134975
6496655.0,4.138622
6512569.0,4.142297
6528484.0,4.146002
6544398.0,4.149735
6560313.0,4.153498
6576227.0,4.157288
6592141.0,4.161107
6608055.0,4.164953
6623970.0,4.168829
6639884.0,4.172731
6655799.0,4.176662
6671713.0,4.18062
6687628.0,4.184606
6703542.0,4.188619
6719456.0,4.192659
6735370.0,4.196726
6751910.0,4.200905
6768449.0,4.205112
6784989.0,4.209348
6801528.0,4.213613
6818068.0,4.217906
6834607.0,4.222227
6851146.0,4.226576
6867685.0,4.230953
6884225.0,4.235358
6900764.0,4.23979
6917304.0,4.24425
6933843.0,4.248738
6950383.0,4.253252
6966922.0,4.257793
6983461.0,4.262361
7000000.0,4.266956
7014728.0,4.268971
7029455.0,4.271
7044183.0,4.273045
7058910.0,4.275105
7073638.0,4.277181
7088365.0,4.279272
7103093.0,4.281378
7117820.0,4.283499
7132795.0,4.285675
7147770.0,4.287866
7162745.0,4.290072
7177720.0,4.292293
7192695.0,4.294531
7207670.0,4.296783
7222645.0,4.299051
7237620.0,4.301333
7254745.0,4.303967
7271870.0,4.306621
7288995.0,4.309294
7306120.0,4.311986
7317195.0,4.313514
7328269.0,4.31505
7339344.0,4.316593
7350418.0,4.318143
7361493.0,4.319701
7372567.0,4.321266
7383641.0,4.322838
7394715.0,4.324419
7405790.0,4.326005
7416864.0,4.3276
7427939.0,4.329201
7439013.0,4.330811
7450088.0,4.332427
7461162.0,4.334051
7472236.0,4.335681
7483310.0,4.337318
7491015.0,4.338454
7498720.0,4.339594
7513634.0,4.341498
7528548.0,4.343416
7543462.0,4.345349
7558375.0,4.347296
7573289.0,4.349259
7588203.0,4.351235
7603117.0,4.353226
7618030.0,4.355233
7632944.0,4.357252
7647858.0,4.359287
7662772.0,4.361335
7677685.0,4.363398
7692599.0,4.365477
7707513.0,4.367567
7722427.0,4.369673
7737340.0,4.371792
7753757.0,4.373997
7770173.0,4.376218
7786589.0,4.378456
7803005.0,4.380709
7819422.0,4.38298
7835838.0,4.385267
7852254.0,4.387571
7868670.0,4.389889
7885087.0,4.392224
7901503.0,4.394576
7917919.0,4.396943
7934335.0,4.399325
7950752.0,4.401725
7967168.0,4.404139
7983584.0,4.40657
8000000.0,4.409016
8015625.0,4.409887
8031250.0,4.410759
8046875.0,4.411636
8062500.0,4.412515
8078125.0,4.4134
8093750.0,4.414286
8109375.0,4.415176
8125000.0,4.41607
8140625.0,4.416966
8156250.0,4.417867
8171875.0,4.418771
8187500.0,4.419677
8203125.0,4.420588
8218750.0,4.421501
8234375.0,4.422418
8250000.0,4.423338
8265625.0,4.42426
8281250.0,4.425186
8296875.0,4.426116
8312500.0,4.427049
8328125.0,4.427984
8343750.0,4.428923
8359375.0,4.429865
8375000.0,4.430811
8390625.0,4.431759
8406250.0,4.432709
8421875.0,4.433664
8437500.0,4.434622
8453125.0,4.435583
8468750.0,4.436546
8484375.0,4.437512
8500000.0,4.438483
8515625.0,4.439456
8531250.0,4.440432
8546875.0,4.441409
8562500.0,4.442392
8578125.0,4.443376
8593750.0,4.444364
8609375.0,4.445354
8625000.0,4.446348
8640625.0,4.447345
8656250.0,4.448345
8671875.0,4.449347
8687500.0,4.450351
8703125.0,4.451359
8718750.0,4.452371
8734375.0,4.453385
8750000.0,4.454401
8765625.0,4.45542
8781250.0,4.456443
8796875.0,4.457468
8812500.0,4.458496
8828125.0,4.459526
8843750.0,4.46056
8859375.0,4.461596
8875000.0,4.462636
8890625.0,4.463677
8906250.0,4.464721
8921875.0,4.465769
8937500.0,4.466819
8953125.0,4.467872
8968750.0,4.468927
8984375.0,4.469984
9000000.0,4.471046
9006360.0,4.471098
9012719.0,4.471151
9019079.0,4.471204
9025438.0,4.471256
9031798.0,4.471309
9038157.0,4.471362
9044516.0,4.471416
9050875.0,4.471468
9057235.0,4.471522
9063594.0,4.471575
9069954.0,4.471628
9076313.0,4.47168
9082673.0,4.471734
9089032.0,4.471787
9095391.0,4.47184
9101750.0,4.471892
9108110.0,4.471946
9114469.0,4.471999
9120829.0,4.472052
9127188.0,4.472106
9133548.0,4.472159
9139907.0,4.472213
9146266.0,4.472266
9152625.0,4.47232
9158985.0,4.472372
9165344.0,4.472426
9171704.0,4.472479
9178063.0,4.472533
9184423.0,4.472587
9190782.0,4.47264
9197141.0,4.472694
9203500.0,4.472747
9209860.0,4.472802
9216219.0,4.472855
9222579.0,4.472909
9228938.0,4.472962
9235298.0,4.473016
9241657.0,4.47307
9248016.0,4.473124
9254375.0,4.473178
9260735.0,4.473231
9267094.0,4.473285
9273454.0,4.47334
9279813.0,4.473393
9286173.0,4.473448
9292532.0,4.473503
9298891.0,4.473556
9305250.0,4.47361
9311610.0,4.473665
9317969.0,4.473719
9324329.0,4.473773
9330688.0,4.473826
9337048.0,4.473881
9343407.0,4.473935
9349766.0,4.47399
9356125.0,4.474044
9362485.0,4.474098
9368844.0,4.474153
9375204.0,4.474208
9381563.0,4.474263
9387923.0,4.474317
9394282.0,4.474371
9400641.0,4.474426
9407000.0,4.47448
9413647.0,4.474533
9420294.0,4.474585
9426941.0,4.474637
9433588.0,4.474689
9440235.0,4.474742
9446882.0,4.474795
9453529.0,4.474847
9460175.0,4.4749
9466822.0,4.474953
9473469.0,4.475006
9480116.0,4.475058
9486763.0,4.475111
9493410.0,4.475163
9500057.0,4.475217
9506704.0,4.475269
9513350.0,4.475322
9519997.0,4.475375
9526644.0,4.475428
9533291.0,4.47548
9539938.0,4.475534
9546585.0,4.475588
9553232.0,4.475641
9559879.0,4.475693
9566525.0,4.475747
9573172.0,4.4758
9579819.0,4.475853
9586466.0,4.475906
9593113.0,4.47596
9599760.0,4.476013
9606407.0,4.476066
9613054.0,4.47612
9619700.0,4.476173
9626347.0,4.476227
9632994.0,4.476282
9639641.0,4.476335
9646288.0,4.476388
9652935.0,4.476442
9659582.0,4.476496
9666229.0,4.476549
9672875.0,4.476603
9679522.0,4.476656
9686169.0,4.476711
9692816.0,4.476764
9699463.0,4.476818
9706110.0,4.476872
9712757.0,4.476927
9719404.0,4.476981
9726050.0,4.477036
9732697.0,4.47709
9739344.0,4.477143
9745991.0,4.477198
9752638.0,4.477252
9759285.0,4.477306
9765932.0,4.47736
9772579.0,4.477415
9779225.0,4.47747
9785872.0,4.477524
9792519.0,4.477579
9799166.0,4.477634
9805813.0,4.477689
9812460.0,4.477743
9819107.0,4.477797
9825754.0,4.477852
9832400.0,4.477907
9841113.0,4.477977
9849825.0,4.478045
9858538.0,4.478113
9867250.0,4.478182
9875963.0,4.47825
9884675.0,4.478319
9893388.0,4.478387
9902100.0,4.478456
9910813.0,4.478525
9919525.0,4.478593
9928238.0,4.478662
9936950.0,4.478731
9945663.0,4.478798
9954375.0,4.478868
9963088.0,4.478935
9971800.0,4.479004
9985900.0,4.479113
10000000.0,4.479221
10015260.0,4.47874
10030510.0,4.478262
10045770.0,4.477783
10061020.0,4.477308
10076280.0,4.476833
10091530.0,4.476359
10106780.0,4.475886
10122030.0,4.475414
10137290.0,4.474944
10152540.0,4.474475
10167790.0,4.474007
10183040.0,4.473541
10198300.0,4.473075
10213550.0,4.472612
10228800.0,4.472149
10244050.0,4.471687
10259310.0,4.471225
10274560.0,4.470767
10289820.0,4.470307
10305070.0,4.469851
10320330.0,4.469395
10335580.0,4.46894
10350830.0,4.468486
10366080.0,4.468035
10381340.0,4.467585
10396590.0,4.467135
10411840.0,4.466686
10427090.0,4.466238
10442350.0,4.465792
10457600.0,4.465347
10472850.0,4.464903
10488100.0,4.464461
10504100.0,4.463991
10520100.0,4.463522
10536100.0,4.463056
10552090.0,4.462591
10568090.0,4.462126
10584090.0,4.461663
10600090.0,4.4612
10616080.0,4.460742
10632080.0,4.460282
10648080.0,4.459824
10664080.0,4.459368
10680070.0,4.458913
10696070.0,4.45846
10712060.0,4.458006
10728060.0,4.457555
10744050.0,4.457107
10760050.0,4.456657
10776050.0,4.45621
10792050.0,4.455764
10808040.0,4.45532
10824040.0,4.454878
10840040.0,4.454435
10856040.0,4.453995
10872030.0,4.453555
10888030.0,4.453118
10904030.0,4.452682
10920030.0,4.452245
10936020.0,4.451813
10952020.0,4.45138
10968010.0,4.450949
10984010.0,4.450519
11000000.0,4.450091
11009470.0,4.449826
11018930.0,4.449562
11028390.0,4.449298
11037850.0,4.449034
11047320.0,4.448771
11056780.0,4.448509
11066240.0,4.448246
11075700.0,4.447984
11085170.0,4.447723
11094630.0,4.447462
11104090.0,4.447201
11113550.0,4.446941
11123020.0,4.446682
11132480.0,4.446423
11141940.0,4.446163
11151400.0,4.445905
11160870.0,4.445647
11170330.0,4.445389
11179790.0,4.445131
11189250.0,4.444875
11198720.0,4.444618
11208180.0,4.444362
11217640.0,4.444107
11227100.0,4.443852
11236570.0,4.443597
11246030.0,4.443343
11255490.0,4.443088
11264950.0,4.442835
11274420.0,4.442582
11283880.0,4.44233
11293340.0,4.442077
11302800.0,4.441825
11313540.0,4.441532
11324270.0,4.441238
11335000.0,4.440946
11345730.0,4.440652
11356460.0,4.440361
11367190.0,4.44007
11377920.0,4.439779
11388650.0,4.439488
11399390.0,4.439199
11410120.0,4.438908
11420850.0,4.43862
11431580.0,4.438332
11442310.0,4.438045
11453040.0,4.437757
11463770.0,4.437471
11474500.0,4.437185
11485240.0,4.436899
11495970.0,4.436614
11506700.0,4.43633
11517430.0,4.436045
11528160.0,4.435762
11538890.0,4.435479
11549620.0,4.435197
11560350.0,4.434914
11571090.0,4.434633
11581820.0,4.434352
11592550.0,4.434072
11603280.0,4.433792
11614010.0,4.433513
11624740.0,4.433236
11635470.0,4.432956
11646200.0,4.43268
11657260.0,4.432389
11668320.0,4.432098
11679380.0,4.431808
11690430.0,4.431518
11701490.0,4.431231
11712540.0,4.430942
11723600.0,4.430654
11734650.0,4.430368
11745710.0,4.430082
11756770.0,4.429796
11767830.0,4.42951
11778880.0,4.429226
11789940.0,4.428943
11800990.0,4.428659
11812050.0,4.428376
11823100.0,4.428094
11834160.0,4.427812
11845220.0,4.427531
11856280.0,4.427251
11867330.0,4.42697
11878390.0,4.426691
11889440.0,4.426413
11900500.0,4.426135
11911550.0,4.425857
11922610.0,4.42558
11933670.0,4.425304
11944730.0,4.425027
11955780.0,4.424753
11966840.0,4.424478
11977890.0,4.424204
11988950.0,4.423931
12000000.0,4.423658
12015320.0,4.422924
12030630.0,4.422192
12045940.0,4.421463
12061250.0,4.420736
12076570.0,4.420013
12091880.0,4.419291
12107190.0,4.418573
12122500.0,4.417858
12137820.0,4.417144
12153130.0,4.416433
12168440.0,4.415726
12183750.0,4.415021
12199070.0,4.414318
12214380.0,4.413617
12229690.0,4.412919
12245000.0,4.412224
12260320.0,4.411532
12275630.0,4.410842
12290940.0,4.410155
12306250.0,4.409469
12321570.0,4.408787
12336880.0,4.408107
12352190.0,4.407431
12367500.0,4.406757
12382820.0,4.406084
12398130.0,4.405415
12413440.0,4.404749
12428750.0,4.404085
12444070.0,4.403422
12459380.0,4.402763
12474690.0,4.402106
12490000.0,4.401452
12505940.0,4.400745
12521880.0,4.40004
12537820.0,4.399339
12553750.0,4.39864
12569690.0,4.397945
12585630.0,4.397251
12601570.0,4.39656
12617500.0,4.395872
12633440.0,4.395188
12649380.0,4.394506
12665320.0,4.393826
12681250.0,4.393151
12697190.0,4.392477
12713130.0,4.391806
12729070.0,4.391138
12745000.0,4.390472
12760940.0,4.38981
12776880.0,4.389149
12792820.0,4.388493
12808750.0,4.387839
12824690.0,4.387188
12840630.0,4.386539
12856570.0,4.385893
12872500.0,4.38525
12888440.0,4.38461
12904380.0,4.383972
12920320.0,4.383338
12936250.0,4.382706
12952190.0,4.382077
12968130.0,4.381451
12984070.0,4.380827
13000000.0,4.380207
13017330.0,4.379451
13034650.0,4.378699
13051980.0,4.37795
13069300.0,4.377204
13086630.0,4.376462
13103950.0,4.375723
13121280.0,4.374987
13138600.0,4.374256
13155930.0,4.373527
13173250.0,4.372801
13190580.0,4.37208
13207900.0,4.371362
13225230.0,4.370647
13242550.0,4.369936
13259880.0,4.369226
13277200.0,4.368523
13294530.0,4.367821
13311850.0,4.367123
13329180.0,4.366429
13346500.0,4.365738
13363830.0,4.365049
13381150.0,4.364366
13398480.0,4.363685
13415800.0,4.363007
13433130.0,4.362333
13450450.0,4.361662
13467780.0,4.360996
13485100.0,4.36033
13502430.0,4.35967
13519750.0,4.359013
13537080.0,4.358359
13554400.0,4.357709
13582250.0,4.356561
13610100.0,4.355421
13637950.0,4.354289
13665800.0,4.353166
13693650.0,4.352053
13721500.0,4.350946
13749350.0,4.34985
13777200.0,4.348761
13805050.0,4.347682
13832900.0,4.34661
13860750.0,4.345547
13888600.0,4.344494
13916450.0,4.343448
13944300.0,4.342412
13972150.0,4.341384
14000000.0,4.340365
14031250.0,4.337674
14062500.0,4.334996
14093750.0,4.332333
14125000.0,4.329683
14156250.0,4.327046
14187500.0,4.324423
14218750.0,4.321815
14250000.0,4.319221
14281250.0,4.316639
14312500.0,4.314072
14343750.0,4.311518
14375000.0,4.308978
14406250.0,4.306451
14437500.0,4.303938
14468750.0,4.301439
14500000.0,4.298953
14514120.0,4.297803
14528240.0,4.296656
14542360.0,4.29551
14556480.0,4.294368
14570600.0,4.293227
14584720.0,4.292089
14598840.0,4.290953
14612950.0,4.28982
14627070.0,4.288689
14641190.0,4.28756
14655310.0,4.286434
14669430.0,4.285309
14683550.0,4.284188
14697670.0,4.283068
14711790.0,4.281951
14725900.0,4.280837
14734470.0,4.280151
14743040.0,4.279466
14751610.0,4.278783
14760170.0,4.2781
14768740.0,4.277418
14777300.0,4.276737
14785870.0,4.276058
14794430.0,4.275378
14803000.0,4.274699
14811560.0,4.274022
14820130.0,4.273345
14828690.0,4.27267
14837260.0,4.271995
14845820.0,4.27132
14854390.0,4.270647
14862950.0,4.269976
14871520.0,4.269302
14880090.0,4.268631
14888660.0,4.267962
14897220.0,4.267293
14905790.0,4.266624
14914350.0,4.265957
14922920.0,4.26529
14931480.0,4.264625
14940050.0,4.263959
14948610.0,4.263295
14957180.0,4.262632
14965740.0,4.26197
14974310.0,4.261308
14982870.0,4.260647
14991440.0,4.259988
15000000.0,4.259329
15014640.0,4.257302
15029270.0,4.255279
15043900.0,4.253261
15058530.0,4.251247
15073160.0,4.249236
15087790.0,4.247229
15102420.0,4.245225
15117050.0,4.243226
15131690.0,4.241229
15146320.0,4.239235
15160950.0,4.237247
15175580.0,4.235262
15190210.0,4.233281
15204840.0,4.231303
15219470.0,4.229329
15234100.0,4.227359
15248740.0,4.22539
15263370.0,4.223427
15278000.0,4.221468
15292630.0,4.219513
15307260.0,4.217561
15321890.0,4.215612
15336520.0,4.213667
15351150.0,4.211728
15365790.0,4.209789
15380420.0,4.207855
15395050.0,4.205926
15409680.0,4.203999
15424310.0,4.202077
15438940.0,4.200158
15453570.0,4.198242
15468200.0,4.196331
15476510.0,4.19523
15484820.0,4.194131
15493130.0,4.193032
15501440.0,4.191935
15509750.0,4.190839
15518060.0,4.189744
15526370.0,4.188649
15534680.0,4.187556
15542990.0,4.186465
15551300.0,4.185374
15559610.0,4.184285
15567920.0,4.183195
15576230.0,4.182108
15584540.0,4.181023
15592850.0,4.179937
15601150.0,4.178853
15609460.0,4.17777
15617770.0,4.176689
15626080.0,4.175608
15634390.0,4.174528
15642700.0,4.173451
15651010.0,4.172372
15659320.0,4.171295
15667630.0,4.170222
15675940.0,4.169147
15684250.0,4.168074
15692560.0,4.167002
15700870.0,4.165931
15709180.0,4.164861
15717490.0,4.163793
15725800.0,4.162725
15734100.0,4.16166
15742410.0,4.160595
15750720.0,4.159531
15759030.0,4.158467
15767340.0,4.157406
15775650.0,4.156345
15783960.0,4.155285
15792270.0,4.154226
15800580.0,4.153169
15808890.0,4.152112
15817200.0,4.151057
15825510.0,4.150003
15833820.0,4.148949
15842130.0,4.147897
15850440.0,4.146846
15858750.0,4.145797
15867050.0,4.144748
15875360.0,4.143701
15883670.0,4.142655
15891980.0,4.141609
15900290.0,4.140564
15908600.0,4.139521
15916910.0,4.138478
15925220.0,4.137438
15933530.0,4.136398
15941840.0,4.135359
15950150.0,4.13432
15958460.0,4.133285
15966770.0,4.132248
15975080.0,4.131213
15983390.0,4.130181
15991700.0,4.129148
16000000.0,4.128118
16015630.0,4.125025
16031250.0,4.121939
16046880.0,4.118856
16062500.0,4.115781
16078130.0,4.112709
16093750.0,4.109643
16109380.0,4.106581
16125000.0,4.103526
16140630.0,4.100474
16156250.0,4.097431
16171880.0,4.094389
16187500.0,4.091354
16203130.0,4.088324
16218750.0,4.085299
16234380.0,4.082277
16250000.0,4.079264
16265630.0,4.076253
16281250.0,4.073249
16296880.0,4.070248
16312500.0,4.067254
16328130.0,4.064264
16343750.0,4.06128
16359380.0,4.058299
16375000.0,4.055325
16390630.0,4.052355
16406250.0,4.049391
16421880.0,4.04643
16437500.0,4.043477
16453130.0,4.040525
16468750.0,4.037582
16484380.0,4.034642
16500000.0,4.031708
16515630.0,4.028776
16531250.0,4.025853
16546880.0,4.022932
16562500.0,4.020017
16578130.0,4.017106
16593750.0,4.014202
16609380.0,4.0113
16625000.0,4.008405
16640630.0,4.005514
16656250.0,4.002629
16671880.0,3.999747
16687500.0,3.996871
16703130.0,3.994001
16718750.0,3.991135
16734380.0,3.988272
16750000.0,3.985417
16765630.0,3.982564
16781250.0,3.979717
16796880.0,3.976874
16812500.0,3.974039
16828130.0,3.971205
16843750.0,3.968378
16859380.0,3.965554
16875000.0,3.962738
16890630.0,3.959924
16906250.0,3.957115
16921880.0,3.954311
16937500.0,3.951513
16953130.0,3.948719
16968750.0,3.945929
16984380.0,3.943145
17000000.0,3.940366
17015630.0,3.937599
17031250.0,3.934838
17046880.0,3.932079
17062500.0,3.929325
17078130.0,3.926574
17093750.0,3.923829
17109380.0,3.921086
17125000.0,3.918349
17140630.0,3.915613
17156250.0,3.912884
17171880.0,3.910156
17187500.0,3.907435
17203130.0,3.904716
17218750.0,3.902002
17234380.0,3.899291
17250000.0,3.896585
17265630.0,3.893881
17281250.0,3.891183
17296880.0,3.888487
17312500.0,3.885797
17328130.0,3.883108
17343750.0,3.880426
17359380.0,3.877745
17375000.0,3.875071
17390630.0,3.872398
17406250.0,3.869731
17421880.0,3.867067
17437500.0,3.864407
17453130.0,3.86175
17468750.0,3.859099
17484380.0,3.856449
17500000.0,3.853805
17515630.0,3.851163
17531250.0,3.848527
17546880.0,3.845893
17562500.0,3.843264
17578130.0,3.840638
17593750.0,3.838017
17609380.0,3.835397
17625000.0,3.832785
17640630.0,3.830173
17656250.0,3.827567
17671880.0,3.824964
17687500.0,3.822366
17703130.0,3.81977
17718750.0,3.817179
17734380.0,3.81459
17750000.0,3.812007
17765630.0,3.809427
17781250.0,3.80685
17796880.0,3.804277
17812500.0,3.80171
17828130.0,3.799144
17843750.0,3.796584
17859380.0,3.794025
17875000.0,3.791473
17890630.0,3.788922
17906250.0,3.786376
17921880.0,3.783833
17937500.0,3.781295
17953130.0,3.778759
17968750.0,3.776229
17984380.0,3.773701
18000000.0,3.771178
18015630.0,3.768261
18031250.0,3.765351
18046880.0,3.762444
18062500.0,3.759544
18078130.0,3.756647
18093750.0,3.753756
18109380.0,3.750869
18125000.0,3.747988
18140630.0,3.74511
18156250.0,3.742238
18171880.0,3.73937
18187500.0,3.736508
18203130.0,3.73365
18218750.0,3.730797
18234380.0,3.727948
18250000.0,3.725106
18265630.0,3.722266
18281250.0,3.719433
18296880.0,3.716603
18312500.0,3.71378
18328130.0,3.710959
18343750.0,3.708145
18359380.0,3.705334
18375000.0,3.702529
18390630.0,3.699727
18406250.0,3.696932
18421880.0,3.69414
18437500.0,3.691354
18453130.0,3.688571
18468750.0,3.685794
18484380.0,3.683021
18500000.0,3.680253
18515630.0,3.677489
18531250.0,3.674731
18546880.0,3.671976
18562500.0,3.669227
18578130.0,3.666482
18593750.0,3.663742
18609380.0,3.661006
18625000.0,3.658276
18640630.0,3.655549
18656250.0,3.652827
18671880.0,3.65011
18687500.0,3.647398
18703130.0,3.644688
18718750.0,3.641986
18734380.0,3.639286
18750000.0,3.636593
18765630.0,3.633902
18781250.0,3.631218
18796880.0,3.628537
18812500.0,3.625862
18828130.0,3.62319
18843750.0,3.620523
18859380.0,3.617861
18875000.0,3.615204
18890630.0,3.612549
18906250.0,3.609902
18921880.0,3.607257
18937500.0,3.604618
18953130.0,3.601983
18968750.0,3.599353
18984380.0,3.596727
19000000.0,3.594106
19015630.0,3.591469
19031250.0,3.588838
19046880.0,3.58621
19062500.0,3.583587
19078130.0,3.580967
19093750.0,3.578353
19109380.0,3.575742
19125000.0,3.573136
19140630.0,3.570533
19156250.0,3.567937
19171880.0,3.565342
19187500.0,3.562753
19203130.0,3.560167
19218750.0,3.557588
19234380.0,3.55501
19250000.0,3.552438
19265630.0,3.549868
19281250.0,3.547305
19296880.0,3.544744
19312500.0,3.542189
19328130.0,3.539637
19343750.0,3.53709
19359380.0,3.534545
19375000.0,3.532008
19390630.0,3.529471
19406250.0,3.526941
19421880.0,3.524414
19437500.0,3.521892
19453130.0,3.519372
19468750.0,3.516859
19484380.0,3.514348
19500000.0,3.511842
19515630.0,3.509339
19531250.0,3.506842
19546880.0,3.504348
19562500.0,3.501858
19578130.0,3.499372
19593750.0,3.496891
19609380.0,3.494413
19625000.0,3.49194
19640630.0,3.48947
19656250.0,3.487005
19671880.0,3.484543
19687500.0,3.482087
19703130.0,3.479633
19718750.0,3.477185
19734380.0,3.47474
19750000.0,3.4723
19765630.0,3.469863
19781250.0,3.46743
19796880.0,3.465001
19812500.0,3.462578
19828130.0,3.460156
19843750.0,3.457741
19859380.0,3.455328
19875000.0,3.45292
19890630.0,3.450515
19906250.0,3.448116
19921880.0,3.445719
19937500.0,3.443328
19953130.0,3.440939
19968750.0,3.438556
19984380.0,3.436176
20000000.0,3.433801
