1e-05,63.81106
1.03125e-05,62.91364
1.0625e-05,62.0561
1.09375e-05,61.23558
1.125e-05,60.44949
1.15625e-05,59.69549
1.1875e-05,58.97145
1.21875e-05,58.27544
1.25e-05,57.6057
1.28125e-05,56.96061
1.3125e-05,56.3387
1.34375e-05,55.73861
1.375e-05,55.1591
1.4375e-05,54.0573
1.5e-05,53.02509
1.5625e-05,52.05545
1.625e-05,51.14231
1.6875e-05,50.28038
1.75e-05,49.46505
1.8125e-05,48.69226
1.875e-05,47.95843
1.9375e-05,47.26041
2e-05,46.59538
2.09375e-05,45.65422
2.1875e-05,44.77423
2.28125e-05,43.94907
2.375e-05,43.17326
2.46875e-05,42.44207
2.5625e-05,41.75138
2.65625e-05,41.09759
2.75e-05,40.47752
2.84375e-05,39.88838
2.9375e-05,39.32767
3.03125e-05,38.79317
3.125e-05,38.28291
3.21875e-05,37.79512
3.3125e-05,37.32817
3.40625e-05,36.88065
3.5e-05,36.45122
3.59375e-05,36.03871
3.6875e-05,35.64204
3.78125e-05,35.2602
3.875e-05,34.89232
3.96875e-05,34.53754
4.0625e-05,34.19512
4.25e-05,33.54458
4.4375e-05,32.93573
4.625e-05,32.36428
4.8125e-05,31.82657
5e-05,31.31939
5.15625e-05,30.91805
5.3125e-05,30.53455
5.46875e-05,30.1676
5.625e-05,29.81606
5.78125e-05,29.47886
5.9375e-05,29.15506
6.09375e-05,28.8438
6.25e-05,28.54428
6.40625e-05,28.25579
6.5625e-05,27.97766
6.71875e-05,27.7093
6.875e-05,27.45013
7.1875e-05,26.95739
7.5e-05,26.49578
7.8125e-05,26.06215
8.125e-05,25.65378
8.4375e-05,25.26832
8.75e-05,24.90369
9.0625e-05,24.55809
9.375e-05,24.22992
9.6875e-05,23.91776
0.0001,23.62034
0.000103125,23.33656
0.00010625,23.06538
0.000109375,22.80591
0.0001125,22.55733
0.000115625,22.3189
0.00011875,22.08994
0.000121875,21.86985
0.000125,21.65806
0.000128125,21.45406
0.00013125,21.2574
0.000134375,21.06764
0.0001375,20.88438
0.00014375,20.53597
0.00015,20.20956
0.00015625,19.90294
0.0001625,19.61417
0.00016875,19.34161
0.000175,19.08378
0.00018125,18.83941
0.0001875,18.60736
0.00019375,18.38663
0.0002,18.17633
0.000209375,17.87871
0.00021875,17.60044
0.000228125,17.33951
0.0002375,17.09418
0.000246875,16.86296
0.00025625,16.64455
0.000265625,16.43781
0.000275,16.24173
0.000284375,16.05543
0.00029375,15.87813
0.000303125,15.70911
0.0003125,15.54776
0.000321875,15.39351
0.00033125,15.24585
0.000340625,15.10433
0.00035,14.96855
0.000359375,14.8381
0.00036875,14.71267
0.000378125,14.59193
0.0003875,14.47559
0.000396875,14.36341
0.00040625,14.25513
0.000425,14.04942
0.00044375,13.85689
0.0004625,13.67619
0.00048125,13.50616
0.0005,13.34578
0.000515625,13.21887
0.00053125,13.0976
0.000546875,12.98157
0.0005625,12.87041
0.000578125,12.76378
0.00059375,12.66139
0.000609375,12.56297
0.000625,12.46826
0.000640625,12.37703
0.00065625,12.28909
0.000671875,12.20423
0.0006875,12.12228
0.00071875,11.96647
0.00075,11.8205
0.00078125,11.68339
0.0008125,11.55426
0.00084375,11.43237
0.000875,11.31708
0.00090625,11.2078
0.0009375,11.10403
0.00096875,11.00533
0.001,10.91128
0.00103125,10.82155
0.0010625,10.7358
0.00109375,10.65376
0.001125,10.57516
0.00115625,10.49977
0.0011875,10.42737
0.00121875,10.35778
0.00125,10.29082
0.00128125,10.22631
0.0013125,10.16413
0.00134375,10.10413
0.001375,10.04619
0.0014375,9.936022
0.0015,9.832815
0.0015625,9.735867
0.001625,9.644567
0.0016875,9.558387
0.00175,9.476868
0.0018125,9.399602
0.001875,9.326234
0.0019375,9.256445
0.002,9.189954
0.00209375,9.095857
0.0021875,9.007877
0.00228125,8.925379
0.002375,8.847815
0.00246875,8.774713
0.0025625,8.705662
0.00265625,8.640299
0.00275,8.578309
0.00284375,8.519411
0.0029375,8.463356
0.00303125,8.409922
0.003125,8.358912
0.00321875,8.310147
0.0033125,8.263467
0.00340625,8.218729
0.0035,8.175801
0.00359375,8.134565
0.0036875,8.094911
0.00378125,8.056742
0.003875,8.019966
0.00396875,7.984502
0.0040625,7.950274
0.00425,7.885246
0.0044375,7.824387
0.004625,7.767266
0.0048125,7.71352
0.005,7.662826
0.00515625,7.622712
0.0053125,7.584381
0.00546875,7.547706
0.005625,7.51257
0.00578125,7.478868
0.0059375,7.446507
0.00609375,7.415399
0.00625,7.385465
0.00640625,7.356634
0.0065625,7.328839
0.00671875,7.302019
0.006875,7.27612
0.0071875,7.226879
0.0075,7.18075
0.0078125,7.137418
0.008125,7.096612
0.0084375,7.058096
0.00875,7.021664
0.0090625,6.987134
0.009375,6.954345
0.0096875,6.923157
0.01,6.893444
0.0103125,6.865092
0.010625,6.838001
0.0109375,6.812081
0.01125,6.787249
0.0115625,6.763431
0.011875,6.740562
0.0121875,6.718577
0.0125,6.697423
0.0128125,6.677048
0.013125,6.657405
0.0134375,6.638453
0.01375,6.620151
0.014375,6.585355
0.015,6.55276
0.015625,6.522141
0.01625,6.493308
0.016875,6.466094
0.0175,6.440352
0.018125,6.415956
0.01875,6.392791
0.019375,6.370757
0.02,6.349765
0.0206625,6.328563
0.021325,6.308359
0.0219875,6.289075
0.02265,6.270645
0.0233125,6.253008
0.023975,6.236108
0.0246375,6.219895
0.0253,6.204324
0.02607188,6.186938
0.02684375,6.170307
0.02761563,6.15438
0.0283875,6.139108
0.02915938,6.124448
0.02993125,6.11036
0.03070313,6.096806
0.031475,6.083757
0.03224688,6.071178
0.03301875,6.059044
0.0345625,6.036011
0.03610625,6.014474
0.03765,5.994277
0.03919375,5.975289
0.0407375,5.957393
0.04228125,5.940488
0.043825,5.924487
0.04536875,5.909311
0.0469125,5.894893
0.04845625,5.881172
0.05,5.868092
0.0515625,5.855458
0.053125,5.843387
0.0546875,5.831839
0.05625,5.820776
0.0578125,5.810168
0.059375,5.799981
0.0609375,5.79019
0.0625,5.78077
0.0640625,5.771698
0.065625,5.762953
0.0671875,5.754516
0.06875,5.746369
0.071875,5.730883
0.075,5.716378
0.078125,5.702757
0.08125,5.689932
0.084375,5.67783
0.0875,5.666384
0.090625,5.655539
0.09375,5.645243
0.096875,5.635452
0.1,5.626126
0.103125,5.617229
0.10625,5.608729
0.109375,5.600599
0.1125,5.592811
0.115625,5.585344
0.11875,5.578175
0.121875,5.571285
0.125,5.564657
0.128125,5.558274
0.13125,5.552121
0.1375,5.540457
0.14375,5.529567
0.15,5.519369
0.15625,5.509795
0.1625,5.500783
0.16875,5.492279
0.175,5.48424
0.18125,5.476623
0.1875,5.469394
0.19375,5.46252
0.2,5.455975
0.209375,5.446717
0.21875,5.438067
0.228125,5.429961
0.2375,5.422346
0.246875,5.415173
0.25625,5.408401
0.265625,5.401996
0.275,5.395926
0.284375,5.390162
0.29375,5.38468
0.303125,5.379458
0.3125,5.374475
0.321875,5.369716
0.33125,5.365163
0.340625,5.360802
0.35,5.356621
0.359375,5.352606
0.36875,5.348748
0.378125,5.345038
0.3875,5.341465
0.40625,5.3347
0.425,5.328396
0.44375,5.322505
0.4625,5.316983
0.48125,5.311793
0.5,5.306905
0.53125,5.299354
0.5625,5.292457
0.59375,5.286127
0.625,5.280291
0.65625,5.274889
0.6875,5.269872
0.71875,5.265197
0.75,5.260829
0.78125,5.256734
0.8125,5.252889
0.84375,5.249267
0.875,5.245851
0.9375,5.239563
1.0,5.233906
1.0625,5.228786
1.125,5.224126
1.1875,5.219868
1.25,5.215959
1.3125,5.212359
1.375,5.209032
1.4375,5.205949
1.5,5.203086
1.5625,5.200421
1.625,5.197935
1.6875,5.195613
1.75,5.19344
1.875,5.189496
2.0,5.186024
2.09375,5.183691
2.1875,5.181567
2.28125,5.179633
2.375,5.177875
2.46875,5.17628
2.5625,5.174836
2.65625,5.173536
2.75,5.172372
2.9375,5.170427
3.125,5.168965
3.3125,5.167965
3.5,5.167416
3.6875,5.167325
3.875,5.167703
4.0625,5.16858
4.25,5.169995
4.4375,5.172003
4.625,5.174675
4.8125,5.178107
5.0,5.182422
5.118904,5.185684
5.237807,5.189413
5.35671,5.193668
5.475613,5.198515
5.594516,5.204039
5.713419,5.210337
5.832322,5.217528
5.951225,5.225754
6.070129,5.235189
6.189032,5.246048
6.307935,5.258595
6.426838,5.273161
6.48629,5.281327
6.545741,5.290162
6.605193,5.299736
6.664644,5.31013
6.724096,5.321433
6.783547,5.333751
6.842999,5.347201
6.90245,5.361922
6.961902,5.378073
7.021354,5.395838
7.080806,5.415433
7.140257,5.437109
7.199709,5.461166
7.25916,5.487956
7.318612,5.5179
7.378063,5.551503
7.437515,5.589376
7.467241,5.610139
7.496966,5.63226
7.526692,5.655858
7.556418,5.681067
7.586144,5.708034
7.615869,5.736924
7.645595,5.767924
7.675321,5.80124
7.705047,5.837107
7.734772,5.87579
7.764498,5.91759
7.794224,5.962845
7.82395,6.011944
7.853675,6.06533
7.883401,6.123515
7.913127,6.187086
7.942853,6.256722
7.972579,6.333215
8.002305,6.417485
8.032031,6.510617
8.061757,6.613887
8.091482,6.728805
8.121208,6.857184
8.136071,6.927081
8.150934,7.001188
8.165797,7.079849
8.18066,7.16344
8.195523,7.252378
8.210385,7.347117
8.225248,7.448187
8.240111,7.556149
8.254974,7.671639
8.269837,7.795366
8.2847,7.928127
8.299563,8.070813
8.314426,8.224428
8.329288,8.390095
8.344151,8.569118
8.359014,8.762944
8.373877,8.97323
8.38874,9.201871
8.403603,9.45104
8.418466,9.723234
8.433329,10.02134
8.448191,10.34868
8.463054,10.70919
8.477917,11.10741
8.49278,11.54868
8.507643,12.03932
8.515075,12.30546
8.522506,12.58682
8.529938,12.88464
8.537369,13.2001
8.544801,13.53471
8.552232,13.88989
8.559663,14.26738
8.567094,14.66904
8.574526,15.09697
8.581957,15.55334
8.589389,16.04076
8.59682,16.56187
8.604252,17.11993
8.611683,17.7182
8.619115,18.36068
8.626546,19.05145
8.633978,19.79548
8.641409,20.59792
8.648841,21.46499
8.656272,22.40317
8.663704,23.42033
8.671135,24.52474
8.678566,25.72617
8.685997,27.03553
8.693429,28.46534
8.70086,30.02918
8.708292,31.74325
8.715723,33.62499
8.723155,35.6951
8.730586,37.97583
8.738018,40.49344
8.745449,43.27598
8.752881,46.35612
8.756597,48.01853
8.760312,49.7682
8.764028,51.61092
8.767744,53.55125
8.77146,55.59433
8.775175,57.74477
8.778891,60.00898
8.782607,62.39159
8.786323,64.89765
8.790038,67.53122
8.793754,70.29818
8.797469,73.20085
8.8049,79.42779
8.810219,84.23411
8.815538,89.32826
8.820857,94.69724
8.826175,100.3151
8.836813,112.1262
8.84745,124.2131
8.852769,130.0963
8.858088,135.6875
8.863407,140.8267
8.868725,145.3454
8.874044,149.0795
8.879363,151.8788
8.884682,153.6231
8.89,154.2346
8.895319,153.6862
8.900638,152.0034
8.905957,149.2631
8.911275,145.5846
8.916594,141.1154
8.921913,136.0208
8.927232,130.4687
8.93255,124.62
8.943188,112.5824
8.953825,100.8037
8.959144,95.19453
8.964463,89.83195
8.969782,84.74138
8.9751,79.93711
8.979104,76.51102
8.983108,73.2483
8.987112,70.14635
8.991115,67.2019
8.995119,64.40858
8.999122,61.76219
9.003126,59.25531
9.007129,56.88283
9.011133,54.63713
9.015136,52.51282
9.01914,50.50245
9.023143,48.60077
9.027147,46.80076
9.03115,45.09748
9.035154,43.48451
9.039157,41.95734
9.043161,40.51014
9.047164,39.13888
9.051168,37.83834
9.055171,36.60493
9.063178,34.32254
9.071185,32.26258
9.079192,30.39946
9.087199,28.71076
9.095206,27.17685
9.103213,25.78054
9.11122,24.50674
9.119227,23.3423
9.127234,22.27564
9.135241,21.29657
9.143248,20.39616
9.151255,19.56652
9.159262,18.80068
9.167269,18.09248
9.175276,17.43645
9.183283,16.82775
9.19129,16.26205
9.199297,15.7355
9.207304,15.24465
9.215311,14.78642
9.223318,14.35805
9.231325,13.95705
9.239333,13.58114
9.24734,13.22839
9.255347,12.89693
9.263354,12.58511
9.271361,12.29144
9.279368,12.01454
9.287375,11.75319
9.295382,11.50627
9.303389,11.27273
9.311396,11.05165
9.32741,10.64349
9.343424,10.27572
9.359438,9.94324
9.375452,9.641712
9.391466,9.367442
9.40748,9.117266
9.423494,8.888463
9.439508,8.678679
9.455522,8.485879
9.471536,8.308286
9.48755,8.144351
9.503565,7.992707
9.519579,7.852177
9.535593,7.721697
9.551607,7.600336
9.567621,7.487267
9.583635,7.381754
9.599649,7.283139
9.615663,7.190838
9.631677,7.104323
9.647691,7.023121
9.663705,6.946809
9.679719,6.875002
9.695733,6.807353
9.711747,6.743548
9.727761,6.683302
9.743775,6.626356
9.775804,6.521435
9.807832,6.427139
9.83986,6.342081
9.871888,6.265094
9.903916,6.195191
9.935944,6.131532
9.967972,6.073394
10.0,6.02016
10.03108,5.972683
10.06215,5.928909
10.09322,5.888452
10.12429,5.850985
10.15536,5.816223
10.18643,5.783913
10.2175,5.753832
10.24857,5.72578
10.27964,5.699581
10.31071,5.675076
10.34178,5.652123
10.37285,5.630597
10.43499,5.591378
10.49713,5.556632
10.55927,5.525716
10.62141,5.498099
10.68355,5.473341
10.74569,5.451073
10.80783,5.430985
10.86997,5.412813
10.93211,5.396336
10.99425,5.381362
11.0564,5.367724
11.11854,5.355288
11.18068,5.343927
11.24282,5.333536
11.30496,5.324021
11.3671,5.315304
11.49138,5.299981
11.61566,5.287096
11.73994,5.27628
11.86422,5.267246
11.9885,5.259767
12.11279,5.253661
12.23707,5.248791
12.36135,5.245044
12.48563,5.242336
12.60991,5.240606
12.73419,5.239809
12.85847,5.239918
12.98275,5.240918
13.10704,5.242814
13.23132,5.245618
13.3556,5.249358
13.47988,5.25408
13.60416,5.259838
13.72844,5.266708
13.85272,5.274779
13.977,5.284165
14.10129,5.295003
14.22557,5.307452
14.34985,5.321712
14.47413,5.338017
14.59841,5.356649
14.72269,5.377951
14.84697,5.402334
14.97125,5.430302
15.0334,5.44582
15.09554,5.462473
15.15768,5.480363
15.21982,5.499599
15.28196,5.520308
15.3441,5.542627
15.40624,5.56671
15.46838,5.592734
15.53052,5.620896
15.59266,5.651418
15.6548,5.684553
15.71694,5.720588
15.77908,5.759854
15.84122,5.802724
15.90336,5.84963
15.9655,5.901073
16.02765,5.957638
16.08979,6.01998
16.15193,6.08889
16.21407,6.165294
16.27621,6.250279
16.33835,6.345136
16.40049,6.451412
16.43156,6.509396
16.46263,6.57096
16.4937,6.636394
16.52477,6.706024
16.55584,6.780208
16.58691,6.859344
16.61798,6.943871
16.64905,7.034281
16.68012,7.131121
16.71119,7.235004
16.74226,7.346617
16.77333,7.466731
16.8044,7.596216
16.83547,7.736056
16.86654,7.887364
16.89761,8.051411
16.92868,8.229642
16.95975,8.423713
16.99083,8.635602
17.0219,8.867368
17.05297,9.121624
17.08404,9.401331
17.11511,9.709954
17.14618,10.05156
17.17725,10.43095
17.20832,10.85384
17.22386,11.08375
17.23939,11.32703
17.25493,11.58508
17.27046,11.85873
17.286,12.14963
17.30153,12.45883
17.31707,12.78833
17.3326,13.13945
17.34814,13.51459
17.36367,13.91543
17.37921,14.34492
17.39474,14.8052
17.41028,15.2999
17.42581,15.8318
17.44135,16.40541
17.45688,17.02434
17.47242,17.6943
17.48795,18.42002
17.50349,19.2088
17.51902,20.06694
17.53456,21.00389
17.55009,22.02811
17.56563,23.15207
17.58116,24.38728
17.5967,25.75045
17.61223,27.25755
17.62777,28.93135
17.6433,30.79437
17.65107,31.80683
17.65884,32.87835
17.66661,34.01347
17.67437,35.21564
17.68214,36.49346
17.68991,37.85147
17.69768,39.29637
17.70544,40.83346
17.71321,42.47484
17.72098,44.22759
17.72875,46.10173
17.73651,48.10567
17.74428,50.25691
17.75205,52.56673
17.75982,55.05051
17.76758,57.7219
17.77535,60.60701
17.78312,63.72424
17.79089,67.09792
17.79865,70.75063
17.80642,74.72276
17.81419,79.04488
17.82196,83.7567
17.82972,88.89637
17.83749,94.52825
17.84526,100.7042
17.85303,107.4903
17.86079,114.9516
17.86856,123.193
17.87633,132.302
17.8841,142.3886
17.89186,153.5614
17.89575,159.6182
17.89963,165.9873
17.90352,172.7215
17.9074,179.8065
17.91129,187.3005
17.91517,195.1869
17.91905,203.5075
17.92293,212.2854
17.92682,221.5686
17.9307,231.3328
17.93459,241.6514
17.93847,252.4934
17.94236,263.9349
17.94624,275.9353
17.95012,288.5375
17.954,301.7517
17.95938,321.0936
17.96475,341.5664
17.97013,363.1959
17.9755,385.8041
17.98088,409.3172
17.98625,433.4193
17.99163,457.8881
17.997,482.2314
18.00238,506.0461
18.00775,528.6662
18.01313,549.531
18.0185,567.8852
18.02388,583.1272
18.02925,594.5951
18.03463,601.8433
18.04,604.5263
18.04538,602.538
18.05075,595.9855
18.05613,585.1493
18.0615,570.5438
18.06688,552.712
18.07225,532.382
18.07763,510.1539
18.083,486.7536
18.08838,462.6744
18.09375,438.5021
18.1045,391.2342
18.10988,368.6923
18.11525,347.1743
18.12063,326.7036
18.126,307.4112
18.13333,282.9436
18.14065,260.6228
18.14431,250.2264
18.14797,240.3186
18.15163,230.8825
18.15529,221.8998
18.15895,213.3514
18.16261,205.2181
18.16993,190.1206
18.17725,176.4573
18.18457,164.086
18.19189,152.875
18.19921,142.7032
18.20653,133.4619
18.21385,125.053
18.22117,117.3889
18.22849,110.3918
18.23581,103.9925
18.24313,98.12954
18.25045,92.74849
18.25777,87.80104
18.26509,83.24436
18.27241,79.04043
18.27973,75.15541
18.28705,71.55925
18.29437,68.22516
18.30169,65.12921
18.30901,62.25006
18.31633,59.56858
18.32365,57.06765
18.33097,54.73187
18.33829,52.54741
18.34561,50.50182
18.35293,48.58384
18.36025,46.78333
18.36758,45.08884
18.3749,43.49666
18.38222,41.99684
18.38954,40.5825
18.39686,39.24737
18.40418,37.98575
18.4115,36.79242
18.41882,35.66262
18.43346,33.57647
18.4481,31.69652
18.46274,29.99674
18.47738,28.45505
18.49202,27.05262
18.50666,25.77327
18.5213,24.60314
18.53594,23.53019
18.55058,22.54404
18.56522,21.6356
18.57986,20.79695
18.5945,20.02116
18.60915,19.30165
18.62379,18.63399
18.63843,18.01293
18.65307,17.43423
18.66771,16.89414
18.68235,16.38928
18.69699,15.91668
18.71163,15.47364
18.72627,15.05775
18.74091,14.66683
18.75555,14.29892
18.77019,13.95225
18.78483,13.62522
18.79947,13.31636
18.81411,13.02435
18.82875,12.74799
18.85804,12.23774
18.88732,11.77823
18.9166,11.3628
18.94588,10.98597
18.97516,10.64308
19.00444,10.33018
19.03372,10.04384
19.063,9.78114
19.09229,9.539457
19.12157,9.316747
19.15085,9.110998
19.18013,8.920525
19.20941,8.743849
19.23869,8.579662
19.26797,8.426812
19.29725,8.284275
19.32654,8.151099
19.35582,8.026561
19.3851,7.909892
19.41438,7.800438
19.44366,7.69762
19.47294,7.60091
19.50222,7.509835
19.5315,7.423964
19.56079,7.342886
19.59007,7.2663
19.64863,7.125273
19.70719,6.998615
19.76575,6.884458
19.82432,6.781216
19.88288,6.687595
19.94144,6.60245
20.0,6.52482
20.06211,6.449777
20.12422,6.381414
20.18633,6.319008
20.24844,6.261937
20.31055,6.20966
20.37266,6.161713
20.43477,6.117691
20.49688,6.07724
20.55899,6.040054
20.6211,6.005865
20.68321,5.974438
20.74532,5.945568
20.80743,5.919078
20.86954,5.894812
20.93165,5.872639
20.99375,5.852445
21.05586,5.834125
21.11797,5.817604
21.18008,5.802815
21.24219,5.789705
21.3043,5.778236
21.36641,5.768384
21.42852,5.760136
21.49063,5.753498
21.55274,5.748483
21.61485,5.745125
21.67696,5.743471
21.73907,5.743588
21.80118,5.745561
21.86329,5.749494
21.9254,5.755522
21.9875,5.763803
22.04961,5.774531
22.11172,5.787941
22.17383,5.80431
22.23594,5.823972
22.29805,5.84733
22.36016,5.874864
22.42227,5.907158
22.48438,5.944916
22.54649,5.988999
22.57755,6.013735
22.6086,6.040458
22.63966,6.069353
22.67071,6.100593
22.70177,6.134411
22.73282,6.171021
22.76388,6.210717
22.79493,6.253773
22.82599,6.300554
22.85704,6.351417
22.8881,6.406829
22.91915,6.46725
22.9502,6.533264
22.98125,6.60552
23.01231,6.68479
23.04336,6.771886
23.07442,6.867865
23.10547,6.973827
23.13653,7.091203
23.16758,7.221518
23.19864,7.366747
23.22969,7.529042
23.26075,7.711196
23.27628,7.810687
23.2918,7.916322
23.30733,8.028747
23.32286,8.148464
23.33839,8.276097
23.35391,8.412247
23.36944,8.557863
23.38497,8.713715
23.4005,8.880761
23.41602,9.059952
23.43155,9.252719
23.44708,9.460301
23.46261,9.684219
23.47813,9.92603
23.49366,10.188
23.50919,10.47218
23.52472,10.78112
23.54024,11.11748
23.55577,11.48501
23.5713,11.88735
23.58683,12.32893
23.60235,12.81457
23.61788,13.35091
23.63341,13.94472
23.64894,14.6043
23.66446,15.33896
23.67223,15.7387
23.67999,16.16137
23.68776,16.60988
23.69552,17.08508
23.70329,17.59039
23.71105,18.12693
23.71881,18.698
23.72657,19.30653
23.73434,19.95662
23.7421,20.65023
23.74987,21.39312
23.75763,22.18784
23.7654,23.04137
23.77316,23.95705
23.78092,24.94207
23.78868,26.00335
23.79645,27.15013
23.80421,28.38815
23.81198,29.73042
23.81974,31.18451
23.82751,32.76667
23.83527,34.48693
23.84303,36.36322
23.85079,38.41368
23.85856,40.66195
23.86632,43.12571
23.87409,45.83807
23.88185,48.82243
23.88962,52.12112
23.89738,55.76492
23.90514,59.80228
23.90902,61.98396
23.9129,64.28327
23.91679,66.71386
23.92067,69.2708
23.92455,71.96818
23.92843,74.81434
23.93231,77.81796
23.93619,80.98806
23.94007,84.33391
23.94395,87.86494
23.94784,91.60058
23.95172,95.5311
23.9556,99.67517
23.95948,104.0416
23.96336,108.6387
23.96724,113.4734
23.97112,118.5516
23.975,123.8771
23.98032,131.5832
23.98563,139.7344
23.99094,148.3239
23.99625,157.3119
24.00157,166.6531
24.00688,176.2209
24.01219,185.9091
24.0175,195.5591
24.02282,204.9941
24.02813,213.9515
24.03344,222.1971
24.03875,229.4657
24.04407,235.5065
24.04938,240.0602
24.05469,242.9494
24.06,244.0492
24.06532,243.3108
24.07063,240.7747
24.07594,236.5583
24.08125,230.8452
24.08657,223.8524
24.09188,215.8643
24.09719,207.1321
24.1025,197.9078
24.10782,188.4011
24.11313,178.8441
24.12375,160.1348
24.12907,151.1866
24.13438,142.6351
24.13969,134.5054
24.145,126.821
24.15077,118.9854
24.15654,111.6815
24.16231,104.8944
24.16807,98.61242
24.17384,92.78682
24.1796,87.40864
24.18537,82.42905
24.19113,77.83538
24.1969,73.5825
24.20267,69.65088
24.20844,66.01431
24.2142,62.65394
24.21997,59.53546
24.22573,56.64892
24.2315,53.96518
24.23726,51.47609
24.24303,49.15706
24.2488,46.99802
24.25457,44.98571
24.26033,43.11122
24.2661,41.3571
24.27186,39.7195
24.27763,38.18369
24.28339,36.74677
24.28916,35.39626
24.29492,34.13003
24.30069,32.93746
24.30645,31.81701
24.31222,30.75962
24.31798,29.76421
24.32375,28.82302
24.32951,27.93533
24.33528,27.09443
24.34105,26.29856
24.35258,24.83112
24.36411,23.50986
24.37564,22.31642
24.38717,21.23516
24.3987,20.2527
24.41023,19.35755
24.42176,18.53984
24.4333,17.79037
24.44483,17.10302
24.45636,16.47063
24.46789,15.88756
24.47942,15.34886
24.49095,14.85017
24.50248,14.38766
24.51401,13.95793
24.52555,13.55764
24.53708,13.1848
24.54861,12.83667
24.56014,12.51113
24.57168,12.20601
24.58321,11.92012
24.59474,11.65166
24.60627,11.39925
24.61781,11.16141
24.62934,10.93745
24.64087,10.72611
24.6524,10.52646
24.66393,10.33766
24.67546,10.15893
24.69852,9.828932
24.72159,9.531379
24.74465,9.262367
24.76771,9.018239
24.79077,8.796
24.81384,8.59301
24.8369,8.40725
24.85996,8.236736
24.88302,8.079831
24.90609,7.935051
24.92915,7.801279
24.95222,7.67731
24.97528,7.562296
24.99835,7.455294
25.02141,7.355652
25.04447,7.262661
25.06753,7.175734
25.0906,7.094314
25.11366,7.018002
25.13672,6.946341
25.15978,6.878956
25.18285,6.81548
25.20591,6.755663
25.22897,6.699197
25.25203,6.645834
25.29816,6.547501
25.34428,6.45912
25.39041,6.37933
25.43653,6.307059
25.48266,6.24134
25.52878,6.181409
25.57491,6.126566
25.62103,6.076256
25.66716,6.029958
25.71329,5.987252
25.75942,5.947765
25.80554,5.911179
25.85167,5.87719
25.89779,5.845564
25.94392,5.816067
25.99004,5.788515
26.03617,5.762725
26.08229,5.738552
26.12842,5.71585
26.17454,5.694506
26.22067,5.6744
26.26679,5.655441
26.35904,5.620606
26.4513,5.589382
26.54355,5.561274
26.6358,5.53586
26.72805,5.512794
26.8203,5.491783
26.91255,5.472584
27.0048,5.454986
27.09705,5.438811
27.18931,5.423908
27.28156,5.410145
27.37381,5.397409
27.46606,5.385601
27.55832,5.374634
27.65057,5.364435
27.83507,5.346086
28.01958,5.330114
28.20408,5.316185
28.38858,5.304033
28.57308,5.293451
28.75759,5.284281
28.94209,5.276401
29.12659,5.269718
29.31109,5.26417
29.4956,5.259716
29.6801,5.256337
29.8646,5.254036
30.0491,5.252837
30.23361,5.252783
30.41811,5.253944
30.60262,5.256414
30.78712,5.260315
30.97163,5.265807
31.15613,5.27309
31.34063,5.282414
31.43288,5.287936
31.52513,5.294091
31.61739,5.300934
31.70964,5.308517
31.80189,5.316909
31.89414,5.32618
31.98639,5.336414
32.07864,5.347703
32.17089,5.360149
32.26314,5.373873
32.3554,5.389007
32.44765,5.405702
32.5399,5.424133
32.63215,5.444496
32.7244,5.467021
32.81665,5.491968
32.9089,5.519642
33.00115,5.550392
33.09341,5.584632
33.18566,5.622833
33.27791,5.665559
33.37016,5.713477
33.46242,5.767381
33.55467,5.8282
33.6008,5.861554
33.64692,5.897073
33.69305,5.93495
33.73917,5.975367
33.7853,6.018561
33.83143,6.064762
33.87756,6.114242
33.92368,6.167286
33.96981,6.22425
34.01593,6.285481
34.06206,6.351423
34.10818,6.422514
34.15431,6.49931
34.20043,6.582376
34.24656,6.672418
34.29268,6.770161
34.33881,6.87652
34.38493,6.992442
34.43106,7.11912
34.47718,7.257814
34.52331,7.410101
34.56944,7.577719
34.61557,7.762725
34.66169,7.967479
34.70782,8.194908
34.75394,8.448268
34.80007,8.731664
34.82313,8.886031
34.84619,9.049756
34.86926,9.223669
34.89232,9.408448
34.91538,9.605082
34.93844,9.814583
34.96151,10.03817
34.98457,10.2769
35.00763,10.53224
35.03069,10.80574
35.05376,11.09926
35.07682,11.41448
35.09988,11.75369
35.12294,12.11934
35.14601,12.51437
35.16907,12.94157
35.19213,13.40466
35.21519,13.9077
35.23826,14.45557
35.26132,15.05313
35.28439,15.70704
35.30745,16.42381
35.33052,17.21235
35.35358,18.0816
35.37664,19.04315
35.3997,20.11031
35.42277,21.29937
35.4343,21.9449
35.44583,22.62807
35.45736,23.35183
35.46889,24.11938
35.48042,24.93428
35.49195,25.80042
35.50349,26.72294
35.51502,27.70501
35.52655,28.75267
35.53808,29.8718
35.54961,31.0689
35.56114,32.35126
35.57267,33.72698
35.5842,35.20518
35.59574,36.79749
35.60727,38.51266
35.6188,40.36499
35.63033,42.36916
35.64186,44.54182
35.65339,46.90191
35.66492,49.47108
35.67645,52.27408
35.68799,55.34212
35.69952,58.7027
35.71105,62.39626
35.72258,66.46679
35.73411,70.96556
35.74564,75.9525
35.75717,81.49795
35.76294,84.50816
35.7687,87.68485
35.77447,91.05184
35.78024,94.61769
35.78601,98.39762
35.79177,102.4011
35.79754,106.6602
35.8033,111.1798
35.80907,115.9974
35.81483,121.1202
35.8206,126.592
35.82636,132.4223
35.83213,138.663
35.83789,145.327
35.84366,152.4754
35.84942,160.1251
35.85519,168.3488
35.86095,177.1682
35.86672,186.6696
35.87249,196.8991
35.87826,207.9236
35.88402,219.7949
35.88979,232.6337
35.89555,246.4818
35.90132,261.4808
35.90708,277.6786
35.90997,286.2999
35.91285,295.2384
35.91573,304.5374
35.91861,314.2111
35.9215,324.3101
35.92438,334.7789
35.92726,345.6666
35.93014,356.9875
35.93303,368.7977
35.93591,381.0292
35.93879,393.7353
35.94167,406.9279
35.94456,420.6665
35.94744,434.8655
35.95032,449.5792
35.9532,464.8126
35.95592,479.679
35.95863,494.9533
35.96134,510.6853
35.96405,526.8678
35.96677,543.5515
35.96948,560.5977
35.97219,578.0455
35.9749,595.8683
35.97762,614.1003
35.98033,632.5669
35.98575,670.2044
35.99118,708.4363
35.9966,746.4992
36.00203,783.7662
36.00745,819.2019
36.01288,851.9327
36.0183,880.7814
36.02373,904.8087
36.02915,922.9793
36.03458,934.5944
36.04,939.1081
36.04543,936.3488
36.05085,926.4741
36.05628,909.9145
36.0617,887.4634
36.06713,859.9623
36.07255,828.5396
36.07798,794.1305
36.0834,757.8622
36.08883,720.5059
36.09425,682.9741
36.1051,609.5086
36.11053,574.443
36.11595,540.9529
36.12138,509.0785
36.1268,479.0253
36.13061,458.9717
36.13442,439.8008
36.13823,421.5014
36.14204,404.0552
36.14585,387.4392
36.14966,371.6265
36.15347,356.5875
36.15727,342.3277
36.16108,328.74
36.16489,315.8303
36.1687,303.5661
36.1725,291.9452
36.17631,280.8754
36.18012,270.3575
36.18773,250.8857
36.19535,233.2587
36.20296,217.3233
36.21058,202.8572
36.21819,189.7378
36.22581,177.7873
36.23342,166.9104
36.24104,156.966
36.24865,147.8811
36.25627,139.544
36.26388,131.8989
36.2715,124.8574
36.27911,118.377
36.28673,112.387
36.29434,106.8553
36.30196,101.7248
36.30957,96.9713
36.31719,92.54852
36.3248,88.438
36.33242,84.60198
36.34003,81.02641
36.34765,77.68019
36.35526,74.55265
36.36288,71.61797
36.37049,68.86806
36.37811,66.28134
36.38573,63.84855
36.39335,61.55793
36.40096,59.40154
36.40858,57.36397
36.41619,55.44176
36.42381,53.62177
36.43142,51.90141
36.44665,48.72392
36.46188,45.86177
36.47711,43.27493
36.49234,40.92944
36.50757,38.79634
36.5228,36.8509
36.53803,35.07179
36.55326,33.44067
36.56849,31.9416
36.58372,30.56074
36.59895,29.28598
36.61418,28.10673
36.62942,27.01301
36.64465,25.99803
36.65988,25.05378
36.67511,24.17383
36.69034,23.35248
36.70557,22.58461
36.7208,21.86565
36.73603,21.19155
36.75126,20.55862
36.76649,19.96355
36.78172,19.40339
36.79695,18.87543
36.81218,18.37724
36.82741,17.90663
36.84264,17.46155
36.85787,17.0402
36.88833,16.26215
36.91879,15.56077
36.94925,14.92623
36.97971,14.35023
37.01017,13.82573
37.04063,13.34672
37.07109,12.90802
37.10155,12.5052
37.13202,12.13428
37.16248,11.79218
37.19294,11.47583
37.2234,11.1827
37.25386,10.91053
37.28432,10.65734
37.31478,10.42139
37.34524,10.20112
37.37571,9.995096
37.40617,9.802214
37.43663,9.621306
37.46709,9.451384
37.49755,9.291563
37.52801,9.141044
37.55847,8.999107
37.58893,8.865101
37.6194,8.738394
37.64986,8.618534
37.68032,8.50499
37.71078,8.397317
37.7717,8.197998
37.83262,8.017727
37.89354,7.854105
37.95446,7.705104
38.01538,7.568998
38.0763,7.444308
38.13723,7.329748
38.19815,7.22426
38.25907,7.126872
38.31999,7.036757
38.38092,6.95318
38.44184,6.875533
38.50276,6.803242
38.56368,6.735816
38.62461,6.672806
38.68553,6.613845
38.74645,6.558579
38.80737,6.506696
38.86829,6.457921
38.92921,6.412004
38.99013,6.368724
39.05105,6.327879
39.11198,6.289279
39.1729,6.252774
39.23382,6.218207
39.29474,6.185443
39.41659,6.124833
39.53843,6.070092
39.66028,6.020489
39.78212,5.975424
39.90396,5.934386
40.0258,5.896942
40.14765,5.862727
40.26949,5.831438
40.39134,5.802811
40.51318,5.776634
40.63503,5.752725
40.75687,5.730945
40.87871,5.711181
41.00055,5.693356
41.1224,5.677422
41.24424,5.663371
41.36609,5.651229
41.48793,5.641074
41.60978,5.633029
41.73162,5.627291
41.79254,5.625373
41.85346,5.624145
41.91438,5.623663
41.9753,5.623991
42.03623,5.625206
42.09715,5.627395
42.15807,5.630667
42.21899,5.635147
42.27992,5.640988
42.34084,5.648368
42.40176,5.657506
42.46268,5.668666
42.52361,5.682171
42.58453,5.698406
42.64545,5.71786
42.67591,5.728977
42.70637,5.741134
42.73683,5.754433
42.76729,5.768984
42.79775,5.784913
42.82821,5.802365
42.85867,5.821503
42.88913,5.842509
42.91959,5.865595
42.95005,5.891004
42.98052,5.919025
43.01098,5.949959
43.04144,5.984189
43.0719,6.022149
43.10236,6.064347
43.13282,6.11138
43.16328,6.163953
43.19374,6.222907
43.22421,6.289265
43.23944,6.32557
43.25467,6.364191
43.2699,6.40532
43.28513,6.449166
43.30036,6.495965
43.31559,6.545972
43.33082,6.599478
43.34605,6.656799
43.36128,6.718295
43.37651,6.784364
43.39174,6.855452
43.40697,6.932066
43.4222,7.014769
43.43743,7.104202
43.45267,7.20116
43.4679,7.306339
43.48313,7.420743
43.49836,7.545448
43.51359,7.681692
43.52882,7.830898
43.54405,7.994717
43.55928,8.175062
43.57451,8.374166
43.58974,8.594646
43.60497,8.83958
43.6202,9.112612
43.62782,9.261087
43.63543,9.418071
43.64305,9.584652
43.65066,9.761133
43.65828,9.948789
43.66589,10.14802
43.67351,10.36034
43.68112,10.58627
43.68874,10.8276
43.69635,11.08502
43.70397,11.3607
43.71158,11.65552
43.7192,11.9721
43.72681,12.31161
43.73443,12.67722
43.74204,13.07049
43.74966,13.49529
43.75727,13.95368
43.76489,14.45045
43.7725,14.98831
43.78012,15.57323
43.78773,16.2088
43.79535,16.90252
43.80296,17.65915
43.81058,18.48816
43.81819,19.39585
43.82581,20.39428
43.83342,21.49175
43.84104,22.70362
43.84865,24.04079
43.85627,25.52273
43.86388,27.16347
43.86769,28.05146
43.8715,28.98742
43.87531,29.9742
43.87911,31.01198
43.88292,32.10932
43.88673,33.26678
43.89054,34.48766
43.89434,35.77187
43.89815,37.12957
43.90196,38.56085
43.90577,40.06904
43.90957,41.65306
43.91338,43.32419
43.91719,45.08097
43.921,46.92555
43.9248,48.85423
43.93013,51.71022
43.93545,54.73451
43.94078,57.93129
43.9461,61.27444
43.95675,68.3222
43.9674,75.55861
43.97273,79.09488
43.97805,82.45861
43.98338,85.56738
43.9887,88.30946
43.99403,90.5961
43.99935,92.32892
44.00468,93.44176
44.01,93.88257
44.01533,93.63483
44.02065,92.71313
44.02598,91.15788
44.0313,89.0439
44.03663,86.45055
44.04195,83.4846
44.04728,80.23429
44.0526,76.80653
44.06325,69.72384
44.0739,62.7707
44.07923,59.45035
44.08455,56.27843
44.08988,53.25869
44.0952,50.41094
44.10097,47.51349
44.10674,44.81325
44.11251,42.30452
44.11827,39.98276
44.12404,37.8299
44.12981,35.83919
44.13558,33.99941
44.14134,32.3022
44.14711,30.73089
44.15288,29.27821
44.15865,27.93448
44.16441,26.6927
44.17018,25.54022
44.17594,24.47336
44.18171,23.48132
44.18747,22.56113
44.19324,21.70369
44.19901,20.90528
44.20478,20.16103
44.21054,19.46765
44.21631,18.81868
44.22207,18.21272
44.22784,17.64434
44.2336,17.11245
44.23937,16.61247
44.24514,16.1428
44.25091,15.70116
44.25667,15.28616
44.26244,14.89443
44.2682,14.52559
44.27397,14.17677
44.27973,13.84772
44.2855,13.53594
44.29127,13.24081
44.3028,12.69645
44.31433,12.20611
44.32586,11.76302
44.3374,11.36107
44.34893,10.99602
44.36046,10.66326
44.37199,10.35915
44.38353,10.08029
44.39506,9.824421
44.40659,9.588903
44.41812,9.371652
44.42966,9.170666
44.44119,8.984687
44.45272,8.812114
44.46425,8.651692
44.47579,8.502185
44.48732,8.362861
44.49886,8.232596
44.51039,8.110827
44.52193,7.996637
44.53346,7.88959
44.54499,7.789013
44.55652,7.694394
44.56806,7.605194
44.57959,7.521148
44.59112,7.441796
44.60265,7.366792
44.62572,7.228541
44.64878,7.104319
44.67185,6.992176
44.69491,6.890665
44.71798,6.798389
44.74104,6.714317
44.76411,6.637426
44.78717,6.566967
44.81024,6.502175
44.8333,6.442497
44.85637,6.387351
44.87944,6.336301
44.90251,6.288944
44.92557,6.244938
44.94864,6.203934
44.9717,6.165689
44.99477,6.129923
45.01783,6.09645
45.0409,6.065042
45.06396,6.035554
45.08703,6.007803
45.11009,5.981672
45.13316,5.957012
45.15622,5.933728
45.20235,5.890847
45.24849,5.852304
45.29462,5.817518
45.34075,5.785988
45.38688,5.757298
45.43301,5.731097
45.47914,5.707086
45.52527,5.685013
45.5714,5.66466
45.61754,5.645836
45.66367,5.628385
45.7098,5.612164
45.75593,5.597048
45.80206,5.582931
45.84819,5.569717
45.89432,5.557323
45.94045,5.545675
45.98659,5.534705
46.03272,5.52436
46.07885,5.514584
46.12498,5.505334
46.21724,5.488237
46.3095,5.472785
46.40177,5.458741
46.49403,5.445916
46.58629,5.434148
46.67855,5.423305
46.77082,5.413271
46.86308,5.403956
46.95534,5.395276
47.0476,5.387163
47.13987,5.379556
47.23213,5.372406
47.32439,5.365666
47.41665,5.359298
47.50892,5.353267
47.60118,5.347544
47.7857,5.336916
47.97023,5.327235
48.15475,5.31836
48.33928,5.310174
48.5238,5.302588
48.70833,5.295522
48.89285,5.288915
49.07738,5.282711
49.2619,5.276869
49.44643,5.271348
49.63095,5.266115
49.81548,5.261145
50.0,5.256411
50.19532,5.251635
50.39063,5.247079
50.78125,5.238552
51.17188,5.230703
51.5625,5.223429
51.95313,5.216654
52.34375,5.21031
52.73438,5.204346
53.125,5.198714
53.51563,5.193381
53.90625,5.188313
54.29688,5.183483
54.6875,5.178867
55.07813,5.174446
55.46875,5.170202
55.85938,5.16612
56.25,5.162185
57.03125,5.15471
57.8125,5.147695
58.59375,5.141073
59.375,5.134787
60.15625,5.128795
60.9375,5.123055
61.71875,5.117537
62.5,5.112213
63.28125,5.107058
64.0625,5.102052
64.84375,5.097177
65.625,5.092416
66.40625,5.087756
67.1875,5.083184
68.75,5.074259
70.3125,5.065562
71.875,5.05703
73.4375,5.048605
75.0,5.040242
76.5625,5.031896
78.125,5.02353
79.6875,5.015107
81.25,5.006595
82.8125,4.997963
84.375,4.989176
85.9375,4.980204
87.5,4.971017
89.0625,4.961578
90.625,4.951854
92.1875,4.941809
93.75,4.931403
95.3125,4.92059
96.875,4.909326
98.4375,4.897557
100.0,4.885227
101.1551,4.87571
102.3102,4.865822
103.4653,4.855527
104.6203,4.844793
105.7754,4.833578
106.9304,4.821838
108.0855,4.809523
109.2405,4.796582
110.3956,4.782948
110.9732,4.775851
111.5507,4.768555
112.1283,4.76105
112.7058,4.753326
113.2833,4.74537
113.8608,4.737172
114.4384,4.728717
115.0159,4.719994
115.5934,4.710987
116.1709,4.701683
116.7485,4.692063
117.326,4.682113
117.9035,4.671815
118.481,4.661151
119.0586,4.6501
119.6361,4.638646
120.2137,4.626767
120.7912,4.614447
121.3688,4.601665
121.9463,4.588408
122.5238,4.574661
122.8126,4.567599
123.1013,4.560415
123.3901,4.553102
123.6789,4.545666
123.9677,4.538108
124.2564,4.530432
124.5452,4.522639
124.8339,4.514737
125.1227,4.506728
125.4114,4.498631
125.7002,4.490448
125.989,4.4822
126.2778,4.473905
126.5665,4.465592
126.8553,4.457284
127.144,4.449026
127.4328,4.440857
127.7215,4.432842
128.0103,4.425045
128.2991,4.41756
128.5879,4.410495
128.8766,4.403989
129.1654,4.398208
129.4542,4.393365
129.5986,4.391378
129.743,4.38973
129.8874,4.388468
130.0317,4.387642
130.1761,4.387306
130.3205,4.387525
130.4649,4.388373
130.6093,4.389932
130.7537,4.392294
130.8981,4.395567
131.0425,4.399873
131.1868,4.405344
131.3312,4.41215
131.4756,4.420471
131.62,4.430517
131.7643,4.442525
131.9087,4.456795
132.0531,4.47365
132.1975,4.493476
132.3418,4.516711
132.4862,4.543917
132.6306,4.575712
132.775,4.612845
132.9194,4.656211
133.0638,4.706882
133.2082,4.766155
133.2804,4.799495
133.3526,4.835601
133.4248,4.874724
133.4969,4.917083
133.5691,4.963103
133.6413,5.013076
133.7135,5.067384
133.7857,5.12646
133.8579,5.190786
133.9301,5.260904
134.0023,5.337424
134.0744,5.420913
134.1466,5.512382
134.2188,5.612601
134.291,5.722579
134.3632,5.843463
134.4354,5.976566
134.5076,6.123399
134.5798,6.285703
134.6519,6.465232
134.7241,6.664821
134.7963,6.886965
134.8685,7.134869
134.9407,7.412302
135.0129,7.723728
135.0851,8.07446
135.1212,8.266506
135.1573,8.470857
135.1934,8.688515
135.2295,8.920581
135.2656,9.168267
135.3017,9.432916
135.3378,9.716013
135.3739,10.01921
135.41,10.34433
135.4461,10.69341
135.4822,11.06874
135.5183,11.47286
135.5544,11.90863
135.5905,12.37925
135.6266,12.88836
135.6627,13.44005
135.6988,14.03894
135.7349,14.69034
135.771,15.40026
135.807,16.17334
135.8431,17.02179
135.8792,17.95269
135.9153,18.97659
135.9514,20.1058
135.9875,21.35463
136.0236,22.73993
136.0597,24.28152
136.0778,25.12049
136.0958,26.00292
136.1139,26.94227
136.1319,27.93213
136.15,28.9879
136.168,30.10273
136.1861,31.29429
136.2041,32.55523
136.2222,33.90604
136.2402,35.33888
136.2583,36.87759
136.2763,38.51391
136.2944,40.27582
136.3124,42.15467
136.3305,44.18355
136.3485,46.35363
136.3665,48.69087
136.3845,51.21237
136.4026,53.95314
136.4206,56.90482
136.4387,60.12529
136.4567,63.60729
136.4748,67.42211
136.4928,71.56472
136.5109,76.1241
136.5289,81.0991
136.547,86.60246
136.556,89.54618
136.565,92.63967
136.5741,95.93002
136.5831,99.35582
136.5921,102.9641
136.6011,106.7675
136.6102,110.8257
136.6192,115.0647
136.6282,119.5443
136.6372,124.2823
136.6463,129.3556
136.6553,134.6742
136.6643,140.3156
136.6733,146.3052
136.6824,152.7442
136.6914,159.522
136.7004,166.7412
136.7094,174.4389
136.7185,182.7508
136.7275,191.5401
136.7365,200.9454
136.7455,211.0222
136.7546,221.9568
136.7636,233.5778
136.7726,246.0775
136.7816,259.5406
136.7907,274.2287
136.7997,289.9252
136.8087,306.9026
136.8177,325.2919
136.8268,345.4696
136.8358,367.1567
136.8448,390.7476
136.8538,416.4445
136.8629,444.7975
136.8719,475.4348
136.8809,508.93
136.8899,545.5848
136.899,586.195
136.908,630.2258
136.917,678.4795
136.926,731.3471
136.935,789.2225
136.944,852.4839
136.953,921.4671
136.962,996.4265
136.9694,1062.627
136.9768,1132.919
136.9842,1207.143
136.9915,1283.905
136.9989,1364.789
137.0063,1447.999
137.021,1615.746
137.0284,1698.41
137.0358,1777.362
137.0432,1850.397
137.0505,1914.374
137.0579,1968.767
137.0653,2010.534
137.0727,2037.965
137.08,2049.862
137.0874,2046.096
137.0948,2026.67
137.1022,1992.557
137.1095,1946.039
137.1169,1887.81
137.1243,1820.649
137.1317,1746.846
137.139,1669.675
137.1538,1507.539
137.1685,1348.755
137.1759,1272.272
137.1833,1198.964
137.1907,1129.214
137.198,1064.101
137.2034,1018.35
137.2087,975.4434
137.2141,933.7403
137.2194,894.746
137.2248,856.9362
137.2301,821.6507
137.2354,788.1056
137.2407,756.2306
137.2461,725.3966
137.2514,696.6707
137.2568,668.8923
137.2621,643.0165
137.2675,617.993
137.2728,594.6786
137.2781,572.5317
137.2834,551.4886
137.2888,531.1207
137.2941,512.1237
137.3048,476.5485
137.3155,444.346
137.3261,415.4051
137.3368,388.8525
137.3474,364.8989
137.3581,342.8372
137.3687,322.857
137.3794,304.3828
137.3901,287.4351
137.4008,271.8578
137.4114,257.6422
137.4221,244.3991
137.4327,232.2704
137.4434,220.932
137.454,210.5124
137.4647,200.7399
137.4754,191.6487
137.4861,183.1784
137.4967,175.3461
137.5074,167.9562
137.518,161.104
137.5287,154.6212
137.5393,148.5943
137.55,142.8779
137.5607,137.5019
137.5714,132.4399
137.582,127.7115
137.5927,123.2061
137.6033,118.9887
137.614,114.9618
137.6246,111.1847
137.6353,107.5713
137.646,104.1443
137.6673,97.82893
137.6886,92.11623
137.7099,86.93199
137.7313,82.19177
137.7526,77.88558
137.7739,73.94373
137.7952,70.32611
137.8166,66.98294
137.8379,63.91513
137.8592,61.08001
137.8805,58.45446
137.9019,56.00714
137.9232,53.74294
137.9446,51.6246
137.9659,49.65782
137.9873,47.81152
138.0086,46.09177
138.0299,44.47969
138.0512,42.96639
138.0726,41.53735
138.0939,40.1987
138.1152,38.93705
138.1365,37.74652
138.1579,36.61663
138.1792,35.55311
138.2005,34.54612
138.2218,33.59165
138.2645,31.82206
138.3071,30.22692
138.3498,28.77708
138.3924,27.46106
138.4351,26.2571
138.4777,25.1576
138.5204,24.14598
138.563,23.21711
138.6057,22.35812
138.6484,21.56384
138.6911,20.82776
138.7337,20.14574
138.7764,19.50956
138.819,18.91782
138.8617,18.36383
138.9043,17.84671
138.947,17.36097
138.9896,16.90612
139.0323,16.47756
139.0749,16.07509
139.1176,15.69482
139.1602,15.33676
139.2029,14.99757
139.2455,14.67741
139.2882,14.37342
139.3308,14.08582
139.3735,13.81216
139.4161,13.55271
139.5014,13.07035
139.5867,12.63227
139.672,12.23301
139.7573,11.86794
139.8426,11.53311
139.9279,11.22514
140.0133,10.94078
140.0986,10.67818
140.1839,10.43479
140.2692,10.2087
140.3545,9.998227
140.4398,9.8019
140.5251,9.618414
140.6104,9.446615
140.6957,9.285482
140.781,9.134101
140.8663,8.991659
140.9516,8.857425
141.0369,8.730746
141.1222,8.611031
141.2075,8.497748
141.2928,8.390418
141.3782,8.288489
141.4635,8.191801
141.5488,8.099874
141.6341,8.01238
141.8047,7.849515
141.9753,7.701102
142.1459,7.565365
142.3165,7.440803
142.4871,7.326132
142.6577,7.220256
142.8284,7.122172
142.999,7.031177
143.1696,6.946498
143.3402,6.867512
143.5108,6.793677
143.6814,6.72451
143.852,6.659591
144.0226,6.598543
144.1933,6.540999
144.3639,6.48673
144.5345,6.435436
144.7051,6.386877
144.8757,6.340841
145.0463,6.297132
145.2169,6.255578
145.3875,6.216021
145.5582,6.178293
145.7288,6.142311
145.8994,6.107933
146.07,6.07505
146.4112,6.01338
146.7524,5.956603
147.0937,5.904114
147.4349,5.855441
147.7761,5.810138
148.1173,5.767835
148.4586,5.728201
148.7998,5.690982
149.141,5.655922
149.4822,5.622809
149.8235,5.591446
150.1647,5.561687
150.5059,5.533374
150.8471,5.506376
151.1884,5.48057
151.5296,5.455866
151.8708,5.432161
152.212,5.40937
152.5533,5.387409
152.8945,5.366223
153.5769,5.3259
154.2594,5.287943
154.9418,5.251986
155.6243,5.217696
156.3067,5.184807
156.9892,5.153067
157.6716,5.122273
158.3541,5.092226
159.0365,5.062764
159.719,5.033722
160.4015,5.004959
161.084,4.976341
161.7664,4.947744
162.4489,4.91904
163.1313,4.890122
163.8138,4.860869
164.155,4.846087
164.4962,4.831183
164.8375,4.81614
165.1787,4.800954
165.5199,4.78561
165.8611,4.770097
166.2024,4.7544
166.5436,4.738519
166.8848,4.722441
167.226,4.706161
167.5673,4.689668
167.9085,4.672969
168.2497,4.656061
168.5909,4.638949
168.9322,4.621636
169.2734,4.604147
169.6146,4.586499
169.9558,4.568725
170.2971,4.550862
170.6383,4.532979
170.9795,4.515149
171.3207,4.497472
171.662,4.480078
172.0032,4.463148
172.1738,4.454924
172.3444,4.446903
172.515,4.439126
172.6856,4.431635
172.8563,4.424479
173.0269,4.417725
173.1975,4.411432
173.3681,4.405678
173.5387,4.400551
173.7093,4.396151
173.8799,4.392593
174.0505,4.390014
174.2212,4.388565
174.3918,4.38843
174.5624,4.389816
174.733,4.392967
174.9036,4.398167
175.0742,4.405749
175.2448,4.416107
175.4154,4.429704
175.5861,4.4471
175.7567,4.468929
175.9273,4.495981
176.0979,4.529192
176.2685,4.569695
176.4391,4.618863
176.5244,4.647206
176.6097,4.678371
176.695,4.712629
176.7803,4.750279
176.8657,4.791707
176.951,4.837189
177.0363,4.887189
177.1216,4.942175
177.2069,5.002674
177.2922,5.069276
177.3775,5.14265
177.4628,5.22355
177.5481,5.312834
177.6334,5.411477
177.7187,5.520591
177.804,5.641448
177.8893,5.77551
177.9746,5.924457
178.0599,6.090236
178.1452,6.275101
178.2306,6.481938
178.3159,6.713341
178.4012,6.973152
178.4865,7.265642
178.5718,7.595876
178.6571,7.969899
178.6998,8.175794
178.7424,8.39497
178.7851,8.629604
178.8277,8.879856
178.8704,9.148301
178.913,9.43522
178.9557,9.743677
178.9983,10.07412
179.041,10.43023
179.0836,10.8127
179.1263,11.22595
179.1689,11.67102
179.2116,12.15333
179.2542,12.67435
179.2969,13.24077
179.3395,13.85474
179.3822,14.52457
179.4248,15.25335
179.4675,16.05159
179.5101,16.92368
179.5528,17.88312
179.5955,18.93883
179.6382,20.10343
179.6595,20.72957
179.6808,21.38847
179.7022,22.08572
179.7235,22.81719
179.7448,23.5887
179.7661,24.40307
179.7875,25.26757
179.8088,26.1775
179.8301,27.14047
179.8514,28.16052
179.8728,29.24729
179.8941,30.3955
179.9154,31.61539
179.9367,32.91281
179.9581,34.30092
179.9794,35.7739
180.0007,37.34592
180.022,39.02575
180.0434,40.83182
180.0647,42.75813
180.086,44.82489
180.1073,47.04562
180.1287,49.44709
180.15,52.02396
180.1713,54.80618
180.1926,57.81543
180.214,61.09216
180.2353,64.63376
180.2566,68.48671
180.2779,72.68734
180.2993,77.29986
180.3206,82.32939
180.3313,85.03821
180.3419,87.852
180.3526,90.8322
180.3632,93.93206
180.3739,97.21985
180.3846,100.6777
180.3953,104.3171
180.4059,108.1139
180.4166,112.1532
180.4272,116.3739
180.4379,120.8716
180.4485,125.5793
180.4592,130.6048
180.4699,135.9259
180.4806,141.565
180.4912,147.4898
180.5019,153.8391
180.5125,160.5237
180.5232,167.7025
180.5338,175.2768
180.5445,183.4295
180.5552,192.1359
180.5659,201.4447
180.5765,211.3141
180.5872,221.9905
180.5978,233.3399
180.6085,245.6507
180.6191,258.7746
180.6298,273.0518
180.6405,288.4673
180.6512,305.1383
180.6618,323.0207
180.6725,342.5987
180.6831,363.6695
180.6938,386.8173
180.7044,411.8167
180.7151,439.3775
180.7258,469.5444
180.7365,502.6241
180.7471,538.6067
180.7578,578.5594
180.7631,599.8332
180.7684,622.1672
180.7738,646.0773
180.7791,670.7441
180.7844,696.6692
180.7897,723.925
180.7951,753.1432
180.8004,783.3233
180.8058,815.6921
180.8111,849.1395
180.8165,885.0228
180.8218,922.1083
180.8271,961.1401
180.8324,1002.216
180.8378,1046.273
180.8431,1091.777
180.8484,1139.62
180.8537,1189.895
180.8591,1243.708
180.8644,1299.143
180.8697,1357.236
180.875,1418.035
180.8829,1513.724
180.8907,1614.105
180.8985,1720.14
180.9063,1831.381
180.9141,1947.099
180.9219,2066.215
180.9375,2308.277
180.9454,2428.422
180.9532,2541.813
180.961,2646.855
180.9688,2740.23
180.9766,2818.645
180.9844,2879.093
180.9922,2919.121
181.0,2937.08
181.0079,2932.088
181.0157,2904.654
181.0235,2856.244
181.0313,2789.082
181.0391,2706.001
181.0469,2610.171
181.0547,2504.851
181.0625,2393.165
181.0782,2160.139
181.0938,1931.905
181.1016,1822.742
181.1094,1718.106
181.1172,1618.537
181.125,1524.338
181.1343,1419.197
181.1435,1322.809
181.1527,1233.764
181.1619,1151.71
181.1712,1075.435
181.1804,1006.12
181.1896,942.4414
181.1988,883.9433
181.2081,829.6272
181.2173,780.2442
181.2265,734.8016
181.2357,692.9454
181.2449,654.3517
181.2541,618.7252
181.2633,585.7979
181.2725,555.3269
181.2818,526.7973
181.291,500.6228
181.3002,476.306
181.3094,453.6857
181.3187,432.3951
181.3279,412.7597
181.3371,394.4236
181.3463,377.2797
181.3556,361.0621
181.3648,346.0309
181.374,331.9265
181.3832,318.6766
181.3924,306.2155
181.4016,294.4837
181.4108,283.4266
181.42,272.995
181.4293,263.0392
181.4385,253.7319
181.4477,244.9251
181.4569,236.584
181.4662,228.5934
181.4754,221.0957
181.4938,207.2092
181.5123,194.5814
181.5307,183.1869
181.5491,172.8158
181.5675,163.35
181.586,154.6426
181.6044,146.6991
181.6228,139.3941
181.6412,132.6609
181.6597,126.4089
181.6781,120.6544
181.6965,115.3174
181.7149,110.3585
181.7334,105.7182
181.7518,101.4157
181.7703,97.37622
181.7887,93.61864
181.8072,90.07988
181.8256,86.77838
181.844,83.67665
181.8624,80.75875
181.8809,77.9958
181.8993,75.40459
181.9177,72.95798
181.9361,70.64525
181.9546,68.44515
181.973,66.37256
182.0098,62.54166
182.0467,59.07478
182.0836,55.93493
182.1205,53.08164
182.1573,50.48724
182.1942,48.10832
182.231,45.93276
182.2679,43.92702
182.3047,42.08331
182.3416,40.37529
182.3785,38.79392
182.4154,37.3267
182.4522,35.96623
182.4891,34.69547
182.526,33.50965
182.5629,32.40121
182.5997,31.3661
182.6366,30.39269
182.6735,29.47847
182.7104,28.61862
182.7472,27.81092
182.7841,27.04707
182.8209,26.32769
182.8578,25.64568
182.8946,25.00185
182.9315,24.39007
182.9684,23.80973
183.0053,23.25866
183.0421,22.73622
183.1158,21.76431
183.1895,20.88117
183.2633,20.07491
183.337,19.33849
183.4107,18.66288
183.4844,18.04134
183.5582,17.46726
183.6319,16.93716
183.7057,16.44518
183.7794,15.9888
183.8532,15.56341
183.9269,15.16719
184.0006,14.79694
184.0743,14.45032
184.1481,14.12484
184.2218,13.81955
184.2955,13.53236
184.3692,13.26179
184.443,13.00618
184.5167,12.76503
184.5904,12.53692
184.6641,12.32087
184.7379,12.11572
184.8116,11.92125
184.8854,11.73618
184.9591,11.56035
185.0329,11.39269
185.1066,11.23308
185.254,10.93534
185.4015,10.66315
185.5489,10.41381
185.6964,10.1844
185.8438,9.972992
185.9913,9.77738
186.1388,9.596049
186.2863,9.427553
186.4337,9.270733
186.5812,9.124266
186.7286,8.987381
186.8761,8.859029
187.0235,8.738627
187.171,8.62533
187.3185,8.518623
187.466,8.417962
187.6134,8.322929
187.7609,8.232958
187.9083,8.147782
188.0558,8.066928
188.2032,7.990189
188.3507,7.917169
188.4982,7.847658
188.6457,7.781414
188.7931,7.71826
188.9406,7.657908
189.088,7.600259
189.3829,7.492243
189.6778,7.393017
189.9727,7.301569
190.2676,7.217029
190.5625,7.138655
190.8575,7.065778
191.1524,6.997887
191.4473,6.934473
191.7422,6.875107
192.0372,6.819397
192.3321,6.76705
192.627,6.717753
192.9219,6.671247
193.2169,6.627286
193.5118,6.585691
193.8067,6.546263
194.1016,6.508833
194.3966,6.47324
194.6915,6.439372
194.9864,6.407094
195.2813,6.376293
195.5763,6.346859
195.8712,6.31872
196.1661,6.291777
196.461,6.265959
197.0509,6.217398
197.6407,6.172552
198.2306,6.13098
198.8204,6.092333
199.4102,6.056291
200.0,6.022583
200.5185,5.994693
201.0369,5.968291
201.5554,5.943243
202.0738,5.919448
202.5923,5.896796
203.1107,5.875208
203.6291,5.8546
204.1475,5.834898
204.666,5.816033
205.1844,5.797953
205.7029,5.780597
206.2213,5.763922
206.7398,5.747876
207.2582,5.732426
208.295,5.703152
209.3319,5.675826
210.3688,5.650225
211.4057,5.626153
212.4425,5.603445
213.4794,5.581953
214.5162,5.561556
215.5531,5.542139
216.5899,5.523609
217.6268,5.505877
218.6637,5.48887
219.7006,5.472519
220.7374,5.456767
221.7743,5.441556
222.8112,5.426839
223.8481,5.412572
224.8849,5.398716
225.9218,5.385233
226.9587,5.37209
229.0324,5.346709
231.1061,5.322355
233.1798,5.298844
235.2536,5.276015
237.3273,5.25373
239.4011,5.231861
241.4748,5.210296
243.5486,5.18893
245.6223,5.167668
247.696,5.146419
249.7697,5.125093
251.8435,5.103607
253.9172,5.081878
255.9909,5.059819
258.0646,5.037349
260.1384,5.014377
262.2121,4.990816
264.2858,4.966568
266.3595,4.941534
268.4333,4.915602
270.507,4.888658
272.5808,4.860573
274.6545,4.831207
276.7283,4.800405
278.802,4.767995
279.8389,4.751127
280.8757,4.733784
281.9126,4.715936
282.9494,4.697556
283.9863,4.678608
285.0232,4.659062
286.0601,4.638879
287.0969,4.618026
288.1338,4.596456
289.1707,4.574128
290.2076,4.550994
291.2444,4.527005
292.2813,4.502104
293.3182,4.476233
294.3551,4.449331
295.3919,4.421332
296.4288,4.392158
297.4656,4.361736
298.5025,4.329977
299.5393,4.296797
300.5762,4.262092
301.6131,4.22576
302.65,4.187692
303.6868,4.147774
304.7237,4.105871
305.7606,4.061858
306.2791,4.039016
306.7975,4.0156
307.3159,3.991589
307.8343,3.966965
308.3528,3.941706
308.8712,3.915808
309.3897,3.889243
309.9081,3.862008
310.4266,3.834079
310.945,3.805459
311.4634,3.776132
311.9818,3.746095
312.5003,3.715342
313.0187,3.683891
313.5371,3.65175
314.0555,3.618943
314.574,3.585497
315.0924,3.551477
315.6108,3.516942
316.1292,3.481988
316.6477,3.44673
317.1661,3.411343
317.6846,3.376021
318.203,3.341051
318.7215,3.306769
318.9807,3.290029
319.2399,3.273641
319.4991,3.257684
319.7583,3.242245
320.0175,3.227422
320.2767,3.213333
320.536,3.2001
320.7952,3.187884
321.0544,3.176845
321.3136,3.167182
321.5728,3.159112
321.832,3.152893
322.0912,3.148817
322.3504,3.147222
322.6097,3.148497
322.8689,3.153095
323.1281,3.161539
323.3873,3.174435
323.6465,3.192496
323.9057,3.21655
324.1649,3.247573
324.4241,3.286714
324.6834,3.335351
324.9426,3.395059
325.2018,3.467775
325.461,3.5558
325.7203,3.661949
325.9795,3.789494
326.1091,3.862545
326.2387,3.942549
326.3683,4.030162
326.4979,4.126111
326.6276,4.231289
326.7572,4.346433
326.8868,4.472627
327.0164,4.610996
327.146,4.762801
327.2756,4.929457
327.4052,5.112559
327.5348,5.313908
327.6644,5.535543
327.794,5.779772
327.9236,6.049229
328.0532,6.346911
328.1828,6.676257
328.3124,7.041211
328.442,7.446318
328.5716,7.896836
328.6365,8.14138
328.7013,8.399275
328.7661,8.671808
328.8309,8.959977
328.8957,9.264862
328.9605,9.587635
329.0253,9.929566
329.0901,10.29204
329.1549,10.67655
329.2197,11.08475
329.2845,11.51842
329.3493,11.97951
329.4141,12.47017
329.4789,12.99272
329.5437,13.54976
329.6085,14.14409
329.6733,14.77883
329.7381,15.45741
329.8029,16.18363
329.8677,16.96168
329.9325,17.79621
329.9973,18.69241
330.0621,19.65604
330.1269,20.69351
330.1917,21.81202
330.2565,23.01965
330.3213,24.32544
330.3861,25.73962
330.4509,27.27372
330.5157,28.94081
330.5805,30.75575
330.6453,32.73547
330.7102,34.90283
330.775,37.27339
330.8398,39.87593
330.9046,42.74003
330.937,44.28069
330.9694,45.90001
331.0018,47.6032
331.0342,49.39586
331.0666,51.28407
331.099,53.2744
331.1314,55.37402
331.1638,57.59068
331.1962,59.93285
331.2286,62.40975
331.261,65.03144
331.2934,67.80891
331.3258,70.75419
331.3582,73.88048
331.3906,77.20225
331.423,80.73545
331.4554,84.49758
331.4878,88.50801
331.5202,92.78812
331.5526,97.36157
331.585,102.2547
331.6174,107.4966
331.6498,113.1198
331.6822,119.1606
331.7146,125.6596
331.747,132.6623
331.7794,140.2197
331.8118,148.3895
331.8442,157.2365
331.8766,166.8343
331.909,177.2664
331.9414,188.6276
331.9738,201.0261
332.0062,214.586
332.0386,229.4493
332.071,245.7795
332.1034,263.7656
332.1358,283.6262
332.152,294.3371
332.1682,305.6151
332.1844,317.4984
332.2006,330.0282
332.2168,343.2497
332.233,357.2111
332.2492,371.965
332.2654,387.5686
332.2816,404.0833
332.2978,421.5765
332.314,440.1208
332.3302,459.7952
332.3464,480.6858
332.3626,502.8858
332.3788,526.4969
332.395,551.6295
332.4112,578.4036
332.4274,606.9496
332.4436,637.4093
332.4598,669.9366
332.476,704.6981
332.4922,741.8746
332.5084,781.661
332.5246,824.2676
332.5408,869.9203
332.557,918.8605
332.5732,971.3451
332.5894,1027.645
332.6056,1088.046
332.6218,1152.84
332.638,1222.327
332.6542,1296.808
332.6704,1376.571
332.6866,1461.888
332.7028,1552.99
332.719,1650.06
332.7366,1762.39
332.7542,1881.855
332.7718,2008.221
332.7893,2140.214
332.8069,2278.498
332.8244,2420.255
332.8595,2709.935
332.8771,2852.799
332.8947,2989.79
332.9123,3117.155
332.9298,3230.3
332.9474,3326.565
332.9649,3401.247
332.9825,3452.218
333.0,3476.873
333.0176,3474.615
333.0352,3445.598
333.0528,3391.393
333.0703,3315.097
333.0879,3219.158
333.1054,3108.39
333.123,2985.391
333.1405,2855.249
333.1757,2582.89
333.2108,2314.146
333.2284,2184.953
333.2459,2061.667
333.2635,1943.546
333.281,1832.315
333.2974,1733.85
333.3137,1641.524
333.3301,1554.106
333.3464,1472.5
333.3628,1395.493
333.3791,1323.783
333.3954,1256.629
333.4117,1193.767
333.4281,1134.585
333.4444,1079.544
333.4607,1028.019
333.477,979.7719
333.4934,934.3055
333.5097,891.9592
333.526,852.2455
333.5423,814.9766
333.5587,779.7699
333.575,746.8916
333.5913,715.9702
333.6076,686.8664
333.624,659.2886
333.6403,633.4539
333.6566,609.0794
333.6729,586.0641
333.6893,564.185
333.7056,543.6224
333.7219,524.1598
333.7382,505.7236
333.7546,488.1419
333.7709,471.5662
333.8035,440.8753
333.8362,413.0473
333.8689,387.8239
333.9016,364.8981
333.9342,344.0662
333.9669,324.9722
333.9995,307.5354
334.0322,291.4768
334.0648,276.7448
334.0975,263.1176
334.1301,250.5636
334.1628,238.9042
334.1954,228.1216
334.2281,218.0703
334.2607,208.7419
334.2934,200.0167
334.326,191.8925
334.3587,184.2698
334.3914,177.1298
334.4241,170.4323
334.4567,164.16
334.4894,158.242
334.522,152.6855
334.5547,147.4301
334.5873,142.4837
334.62,137.7946
334.6526,133.3715
334.6853,129.1694
334.7179,125.1976
334.7832,117.8361
334.8485,111.1814
334.9138,105.1447
334.9791,99.65059
335.0444,94.63499
335.1097,90.04292
335.175,85.82715
335.2403,81.94689
335.3056,78.36675
335.3709,75.05589
335.4363,71.98287
335.5016,69.13342
335.5669,66.48187
335.6322,64.00987
335.6975,61.70115
335.7628,59.54125
335.8281,57.51732
335.8934,55.61787
335.9588,53.82993
336.0241,52.14973
336.0894,50.56615
336.1547,49.07169
336.22,47.65956
336.2853,46.32365
336.3506,45.05837
336.4159,43.85867
336.4813,42.71825
336.5466,41.63636
336.6772,39.6278
336.8078,37.80416
336.9384,36.14261
337.069,34.62381
337.1996,33.23126
337.3302,31.95079
337.4608,30.77023
337.5915,29.6782
337.7221,28.66721
337.8527,27.72839
337.9833,26.85472
338.114,26.03945
338.2446,25.27836
338.3752,24.56601
338.5058,23.89812
338.6365,23.27043
338.7671,22.68047
338.8977,22.12474
339.0283,21.60048
339.1589,21.10525
339.2895,20.63682
339.4201,20.19319
339.5507,19.77254
339.6814,19.37292
339.812,18.99345
339.9426,18.63244
340.0732,18.28864
340.3344,17.64824
340.5956,17.06417
340.8569,16.52944
341.1181,16.0387
341.3793,15.58679
341.6405,15.16946
341.9018,14.78291
342.163,14.42427
342.4243,14.09047
342.6855,13.77937
342.9468,13.48859
343.208,13.21647
343.4692,12.96126
343.7304,12.72148
343.9917,12.49574
344.2529,12.28303
344.5141,12.08223
344.7753,11.89239
345.0366,11.71262
345.2978,11.54227
345.559,11.38059
345.8202,11.22695
346.0815,11.08074
346.3427,10.94154
346.604,10.80879
346.8652,10.68215
347.1265,10.56112
347.3877,10.44544
347.9101,10.22871
348.4326,10.0295
348.955,9.845885
349.4775,9.676092
349.9999,9.518706
350.0001,14.2345
375.0001,13.90406
400.0,13.60549
425.0,13.33488
450.0,13.0873
475.0,12.85962
500.0,12.64931
525.0,12.45574
550.0,12.27547
600.0,11.94918
650.0,11.66397
700.0,11.40945
720.0,11.31571
785.0,11.03829
850.0,10.7925
925.0,10.54562
1000.0,10.32601
1062.5,10.16519
1125.0,10.01727
1187.5,9.880551
1250.0,9.753652
1375.0,9.533762
1500.0,9.340034
1600.0,9.205616
1700.0,9.082233
1850.0,8.921436
2000.0,8.777329
2125.0,8.650439
2250.0,8.533508
2375.0,8.42525
2500.0,8.324602
2726.5,8.174479
2794.8,8.165429
2863.2,8.156888
3000.0,8.141363
3250.0,8.033724
3500.0,7.937985
3750.0,7.857532
4000.0,7.784909
4250.0,7.724582
4500.0,7.669521
5000.0,7.572666
5500.0,7.492654
6000.0,7.422523
6500.0,7.36691
7000.0,7.317487
7200.0,7.299892
8000.0,7.24099
8500.0,7.20879
9250.0,7.171885
10000.0,7.140403
10625.0,7.117853
11250.0,7.098209
11875.0,7.08106
12500.0,7.066073
13125.0,7.056525
13750.0,7.048548
15000.0,7.036571
16000.0,7.032854
17000.0,7.031351
18500.0,7.036544
20000.0,7.044842
21250.0,7.049981
22500.0,7.056871
23750.0,7.06521
25000.0,7.074756
26250.0,7.087055
27500.0,7.10013
28750.0,7.113852
30000.0,7.128116
32500.0,7.153383
35000.0,7.179916
37500.0,7.209807
40000.0,7.240208
42500.0,7.268833
45000.0,7.297559
47500.0,7.326298
50000.0,7.35499
52500.0,7.378698
55000.0,7.402331
57500.0,7.425855
60000.0,7.449249
65000.0,7.496223
70000.0,7.542429
72000.0,7.582753
76000.0,7.667859
80000.0,7.750631
85000.0,7.843626
92499.95,7.996097
99999.9,8.141526
100000.1,8.153201
112500.0,8.280805
125000.0,8.3482
127500.0,8.356602
130000.0,8.365004
137430.0,8.404998
137434.2,8.404975
150000.0,8.424998
176010.0,8.44999
215690.0,8.50004
215693.8,8.500032
240530.0,8.497931
240534.9,8.497918
300420.0,8.341858
349800.0,8.198186
408060.0,8.022528
408061.1,8.02252
410080.0,8.016374
410080.7,8.016371
436340.0,7.936841
506110.0,7.727982
506112.9,7.72797
540650.0,7.626885
553570.0,7.589612
553573.6,7.589596
560040.0,7.571024
563170.0,7.562036
568420.0,7.546993
573770.0,7.531688
597800.0,7.463887
597802.9,7.463877
628100.0,7.37974
660110.0,7.292673
667980.0,7.27157
667984.1,7.271556
704030.0,7.176286
704034.1,7.176272
800000.0,6.934334
900000.0,6.699522
1000000.0,6.481211
1250000.0,5.999337
1500000.0,5.59301
1750000.0,5.246332
1895500.0,5.067389
2000000.0,4.94819
2250000.0,4.691759
2500000.0,4.473175
2750000.0,4.290521
3000000.0,4.142087
3250000.0,4.026062
3500000.0,3.940044
3754200.0,3.880351
4000000.0,3.838391
4250000.0,3.79749
4500000.0,3.777807
4750000.0,3.779859
5000000.0,3.797786
5250000.0,3.822152
5500000.0,3.85301
5750000.0,3.890237
6000000.0,3.927292
6250000.0,3.960843
6293500.0,3.966087
6500000.0,3.990862
6750000.0,4.017531
7000000.0,4.042852
7250000.0,4.068067
7500000.0,4.093235
7750000.0,4.118001
7831400.0,4.126019
7877900.0,4.130622
8000000.0,4.142609
8250000.0,4.166969
8500000.0,4.190422
8750000.0,4.210253
9000000.0,4.22641
9250000.0,4.238793
9500000.0,4.254517
9750000.0,4.267463
10078000.0,4.268206
10200000.0,4.267444
10307000.0,4.266623
10500000.0,4.26387
10711000.0,4.259705
11000000.0,4.25185
11250000.0,4.243188
11500000.0,4.232886
11750000.0,4.221142
12000000.0,4.208033
12250000.0,4.193503
12500000.0,4.178006
12750000.0,4.161389
13000000.0,4.143874
13250000.0,4.125493
13500000.0,4.106507
13750000.0,4.086772
14000000.0,4.066656
14250000.0,4.046144
14500000.0,4.025071
14750000.0,4.003867
15000000.0,3.982473
15250000.0,3.961028
15605000.0,3.930503
15750000.0,3.918017
16000000.0,3.896622
16250000.0,3.875371
16500000.0,3.854435
16750000.0,3.833735
17000000.0,3.813298
17250000.0,3.79329
17500000.0,3.77369
17750000.0,3.754617
18000000.0,3.73603
18250000.0,3.717876
18500000.0,3.700414
18750000.0,3.683534
19000000.0,3.667229
19250000.0,3.651603
19500000.0,3.636604
19750000.0,3.622204
20000000.0,3.608599
