1e-05,10.68517
1.03125e-05,10.57305
1.0625e-05,10.46591
1.09375e-05,10.36339
1.125e-05,10.26518
1.15625e-05,10.17097
1.1875e-05,10.08051
1.21875e-05,9.993555
1.25e-05,9.909878
1.28125e-05,9.829281
1.3125e-05,9.751581
1.34375e-05,9.676606
1.375e-05,9.604203
1.4375e-05,9.466544
1.5e-05,9.337581
1.5625e-05,9.216436
1.625e-05,9.102349
1.6875e-05,8.99466
1.75e-05,8.892793
1.8125e-05,8.796241
1.875e-05,8.704558
1.9375e-05,8.617348
2e-05,8.534259
2.09375e-05,8.416672
2.1875e-05,8.306727
2.28125e-05,8.203632
2.375e-05,8.106702
2.46875e-05,8.015348
2.5625e-05,7.929054
2.65625e-05,7.84737
2.75e-05,7.7699
2.84375e-05,7.696292
2.9375e-05,7.626237
3.03125e-05,7.559458
3.125e-05,7.495707
3.21875e-05,7.434762
3.3125e-05,7.376423
3.40625e-05,7.320509
3.5e-05,7.266857
3.59375e-05,7.215318
3.6875e-05,7.165758
3.78125e-05,7.118052
3.875e-05,7.072088
3.96875e-05,7.027763
4.0625e-05,6.984981
4.25e-05,6.903703
4.4375e-05,6.827633
4.625e-05,6.756237
4.8125e-05,6.689055
5e-05,6.625689
5.15625e-05,6.575546
5.3125e-05,6.527631
5.46875e-05,6.481785
5.625e-05,6.437863
5.78125e-05,6.395734
5.9375e-05,6.355279
6.09375e-05,6.316389
6.25e-05,6.278968
6.40625e-05,6.242924
6.5625e-05,6.208175
6.71875e-05,6.174646
6.875e-05,6.142266
7.1875e-05,6.080703
7.5e-05,6.023029
7.8125e-05,5.968851
8.125e-05,5.91783
8.4375e-05,5.86967
8.75e-05,5.824114
9.0625e-05,5.780934
9.375e-05,5.739933
9.6875e-05,5.700931
0.0001,5.663772
0.000103125,5.628316
0.00010625,5.594435
0.000109375,5.562017
0.0001125,5.530959
0.000115625,5.501169
0.00011875,5.472563
0.000121875,5.445064
0.000125,5.418603
0.000128125,5.393117
0.00013125,5.368545
0.000134375,5.344836
0.0001375,5.32194
0.00014375,5.278409
0.00015,5.237627
0.00015625,5.199318
0.0001625,5.16324
0.00016875,5.129186
0.000175,5.096973
0.00018125,5.066441
0.0001875,5.037448
0.00019375,5.00987
0.0002,4.983594
0.000209375,4.94641
0.00021875,4.911643
0.000228125,4.879041
0.0002375,4.848389
0.000246875,4.819501
0.00025625,4.792212
0.000265625,4.766381
0.000275,4.741883
0.000284375,4.718606
0.00029375,4.696453
0.000303125,4.675335
0.0003125,4.655176
0.000321875,4.635903
0.00033125,4.617455
0.000340625,4.599773
0.00035,4.582807
0.000359375,4.566509
0.00036875,4.550836
0.000378125,4.535751
0.0003875,4.521215
0.000396875,4.507199
0.00040625,4.49367
0.000425,4.467968
0.00044375,4.443912
0.0004625,4.421335
0.00048125,4.40009
0.0005,4.380052
0.000515625,4.364195
0.00053125,4.349043
0.000546875,4.334545
0.0005625,4.320656
0.000578125,4.307334
0.00059375,4.29454
0.000609375,4.282243
0.000625,4.270409
0.000640625,4.259011
0.00065625,4.248022
0.000671875,4.237419
0.0006875,4.22718
0.00071875,4.207712
0.00075,4.189474
0.00078125,4.172341
0.0008125,4.156207
0.00084375,4.140978
0.000875,4.126571
0.00090625,4.112917
0.0009375,4.099951
0.00096875,4.087618
0.001,4.075867
0.00103125,4.064655
0.0010625,4.053941
0.00109375,4.043689
0.001125,4.033868
0.00115625,4.024447
0.0011875,4.015401
0.00121875,4.006706
0.00125,3.998338
0.00128125,3.990278
0.0013125,3.982508
0.00134375,3.975011
0.001375,3.96777
0.0014375,3.954004
0.0015,3.941108
0.0015625,3.928994
0.001625,3.917585
0.0016875,3.906816
0.00175,3.896629
0.0018125,3.886974
0.001875,3.877806
0.0019375,3.869085
0.002,3.860776
0.00209375,3.849017
0.0021875,3.838023
0.00228125,3.827713
0.002375,3.81802
0.00246875,3.808885
0.0025625,3.800255
0.00265625,3.792087
0.00275,3.78434
0.00284375,3.776979
0.0029375,3.769974
0.00303125,3.763296
0.003125,3.756921
0.00321875,3.750826
0.0033125,3.744992
0.00340625,3.739401
0.0035,3.734036
0.00359375,3.728882
0.0036875,3.723926
0.00378125,3.719155
0.003875,3.714559
0.00396875,3.710126
0.0040625,3.705848
0.00425,3.69772
0.0044375,3.690113
0.004625,3.682974
0.0048125,3.676256
0.005,3.669919
0.00515625,3.664905
0.0053125,3.660113
0.00546875,3.655529
0.005625,3.651136
0.00578125,3.646923
0.0059375,3.642878
0.00609375,3.638989
0.00625,3.635247
0.00640625,3.631642
0.0065625,3.628168
0.00671875,3.624815
0.006875,3.621577
0.0071875,3.61542
0.0075,3.609653
0.0078125,3.604235
0.008125,3.599133
0.0084375,3.594317
0.00875,3.589761
0.0090625,3.585443
0.009375,3.581343
0.0096875,3.577443
0.01,3.573727
0.0103125,3.570182
0.010625,3.566794
0.0109375,3.563552
0.01125,3.560446
0.0115625,3.557467
0.011875,3.554606
0.0121875,3.551856
0.0125,3.54921
0.0128125,3.546662
0.013125,3.544205
0.0134375,3.541834
0.01375,3.539544
0.014375,3.535191
0.015,3.531113
0.015625,3.527282
0.01625,3.523674
0.016875,3.520269
0.0175,3.517047
0.018125,3.513994
0.01875,3.511095
0.019375,3.508337
0.02,3.505709
0.0206625,3.503056
0.021325,3.500526
0.0219875,3.498112
0.02265,3.495805
0.0233125,3.493596
0.023975,3.49148
0.0246375,3.48945
0.0253,3.4875
0.02607188,3.485323
0.02684375,3.48324
0.02761563,3.481245
0.0283875,3.479332
0.02915938,3.477495
0.02993125,3.47573
0.03070313,3.474032
0.031475,3.472397
0.03224688,3.470821
0.03301875,3.469301
0.0345625,3.466414
0.03610625,3.463714
0.03765,3.461183
0.03919375,3.458802
0.0407375,3.456558
0.04228125,3.454438
0.043825,3.452431
0.04536875,3.450527
0.0469125,3.448718
0.04845625,3.446997
0.05,3.445355
0.0515625,3.44377
0.053125,3.442254
0.0546875,3.440805
0.05625,3.439416
0.0578125,3.438083
0.059375,3.436804
0.0609375,3.435574
0.0625,3.434391
0.0640625,3.433251
0.065625,3.432152
0.0671875,3.431092
0.06875,3.430068
0.071875,3.428121
0.075,3.426297
0.078125,3.424584
0.08125,3.422971
0.084375,3.421448
0.0875,3.420007
0.090625,3.418642
0.09375,3.417345
0.096875,3.416112
0.1,3.414937
0.103125,3.413815
0.10625,3.412744
0.109375,3.411719
0.1125,3.410737
0.115625,3.409795
0.11875,3.40889
0.121875,3.408021
0.125,3.407184
0.128125,3.406378
0.13125,3.405601
0.134375,3.404851
0.1375,3.404127
0.14375,3.40275
0.15,3.401461
0.15625,3.400249
0.1625,3.399108
0.16875,3.398032
0.175,3.397013
0.18125,3.396047
0.1875,3.395131
0.19375,3.394258
0.2,3.393428
0.209375,3.392252
0.21875,3.391152
0.228125,3.390121
0.2375,3.389152
0.246875,3.388238
0.25625,3.387376
0.265625,3.386559
0.275,3.385784
0.284375,3.385048
0.29375,3.384347
0.303125,3.38368
0.3125,3.383042
0.321875,3.382433
0.33125,3.381849
0.340625,3.38129
0.35,3.380754
0.359375,3.380238
0.36875,3.379743
0.378125,3.379266
0.3875,3.378806
0.396875,3.378363
0.40625,3.377935
0.425,3.377122
0.44375,3.376361
0.4625,3.375647
0.5,3.374342
0.53125,3.373361
0.5625,3.372464
0.59375,3.371638
0.625,3.370875
0.6875,3.369508
0.75,3.368315
0.8125,3.367263
0.875,3.366326
0.9375,3.365484
1.0,3.364723
1.0625,3.364029
1.125,3.363395
1.1875,3.362811
1.25,3.362271
1.375,3.361304
1.5,3.360461
1.625,3.359717
1.75,3.359055
1.875,3.358459
2.0,3.357921
2.1875,3.357201
2.375,3.356569
2.5625,3.356007
2.75,3.355504
2.9375,3.35505
3.125,3.354637
3.3125,3.35426
3.5,3.353913
3.875,3.353297
4.25,3.352765
4.625,3.352298
5.0,3.351886
5.3125,3.351575
5.625,3.351292
5.9375,3.35103
6.25,3.350789
6.875,3.350357
7.5,3.34998
8.125,3.349647
8.75,3.349351
9.375,3.349085
10.0,3.348844
10.625,3.348624
11.25,3.348424
11.875,3.348239
12.5,3.348068
13.75,3.347763
15.0,3.347496
16.25,3.347261
17.5,3.347051
18.75,3.346863
20.0,3.346693
21.875,3.346465
23.75,3.346265
25.625,3.346088
27.5,3.345928
29.375,3.345785
31.25,3.345654
33.125,3.345535
35.0,3.345425
38.75,3.345231
42.5,3.345062
46.25,3.344915
50.0,3.344784
53.125,3.344686
56.25,3.344596
59.375,3.344514
62.5,3.344437
68.75,3.344301
75.0,3.344182
81.25,3.344076
87.5,3.343983
93.75,3.343898
100.0,3.343822
106.25,3.343753
112.5,3.343689
118.75,3.343631
125.0,3.343577
137.5,3.34348
150.0,3.343396
162.5,3.343322
175.0,3.343255
187.5,3.343196
200.0,3.343142
218.75,3.34307
237.5,3.343007
256.25,3.342951
275.0,3.3429
293.75,3.342855
312.5,3.342814
331.25,3.342776
350.0,3.342741
387.5,3.34268
425.0,3.342626
462.5,3.34258
499.9999,3.342539
500.0001,12.06656
550.0001,11.6958
600.0,11.36764
660.0,11.03249
720.0,10.73541
800.0,10.39838
850.0,10.21741
900.0,10.04975
1000.0,9.748075
1062.5,9.589523
1125.0,9.442468
1250.0,9.177458
1375.0,8.959577
1500.0,8.765356
1600.0,8.631992
1700.0,8.508655
1850.0,8.349334
2000.0,8.205262
2125.0,8.104289
2250.0,8.01035
2500.0,7.840333
2750.0,7.704861
3000.0,7.583585
3250.0,7.484258
3500.0,7.393765
3750.0,7.318225
4000.0,7.248529
4250.0,7.191906
4500.0,7.139177
4750.0,7.089872
5000.0,7.043601
5250.0,7.007196
5500.0,6.972848
6000.0,6.90953
6500.0,6.861834
7000.0,6.818479
7500.0,6.785665
8000.0,6.755518
8500.0,6.734988
9000.0,6.716031
9500.0,6.69844
10000.0,6.682048
10625.0,6.672016
11250.0,6.662865
11875.0,6.654473
12500.0,6.646742
13125.0,6.646023
13750.0,6.645522
14375.0,6.645208
15000.0,6.645052
16000.0,6.651313
17000.0,6.657525
17750.0,6.665855
18500.0,6.673996
20000.0,6.689737
21250.0,6.708988
22500.0,6.727449
23750.0,6.74518
25000.0,6.762238
26250.0,6.783925
27500.0,6.804827
28750.0,6.825
30000.0,6.844494
32500.0,6.888096
35000.0,6.929035
37500.0,6.971955
40000.0,7.012554
42500.0,7.055024
45000.0,7.095459
47500.0,7.134053
50000.0,7.170977
52500.0,7.20922
55000.0,7.245948
60000.0,7.315333
65000.0,7.382472
70000.0,7.445332
75000.0,7.505303
80000.0,7.561928
84999.98,7.615156
89999.95,7.665734
99999.9,7.759975
100000.1,7.752865
112500.1,7.760468
125000.1,7.767313
137500.1,7.773538
150000.0,7.77925
200000.0,7.74741
250000.0,7.685147
272874.0,7.650797
272874.5,7.650792
273722.2,7.649092
274569.9,7.647417
276265.2,7.64414
277960.6,7.640958
279655.9,7.637867
283046.6,7.631948
286437.3,7.626359
289828.0,7.62108
293218.7,7.61609
296609.4,7.611373
300000.0,7.606912
312500.0,7.574473
325000.0,7.543971
337500.0,7.515231
350000.0,7.488096
362500.0,7.46243
375000.0,7.438111
387500.0,7.415033
400000.0,7.393098
425000.0,7.352326
450000.0,7.315205
475000.0,7.281256
500000.0,7.25008
550000.0,7.147915
600000.0,7.056751
700000.0,6.900065
720800.0,6.865137
723275.0,6.860783
725750.0,6.856448
730700.0,6.847836
735650.0,6.839301
740600.0,6.830839
750500.0,6.814138
760400.0,6.797722
770300.0,6.781584
780200.0,6.765716
800000.0,6.734756
800250.0,6.734361
803367.2,6.728877
806484.4,6.723433
812718.8,6.712655
818953.2,6.702024
825187.5,6.691537
837656.3,6.670984
850125.0,6.650973
862593.8,6.631483
875062.5,6.612497
900000.0,6.575954
925000.0,6.535348
950000.0,6.496468
975000.0,6.4592
1000000.0,6.423442
1000440.0,6.422778
1003627.0,6.417693
1006813.0,6.412637
1013185.0,6.402611
1019558.0,6.392694
1025930.0,6.382887
1038675.0,6.363591
1051420.0,6.344712
1064165.0,6.326235
1076910.0,6.308148
1102400.0,6.273093
1102401.0,6.273092
1104708.0,6.269494
1107014.0,6.26591
1111626.0,6.258781
1120851.0,6.244671
1130076.0,6.230757
1139300.0,6.217036
1157750.0,6.19015
1176200.0,6.163985
1194650.0,6.138512
1213100.0,6.113701
1231550.0,6.089528
1250000.0,6.065968
1265625.0,6.042094
1281250.0,6.01874
1312500.0,5.973523
1343750.0,5.930192
1375000.0,5.888632
1406250.0,5.848735
1437500.0,5.810404
1468750.0,5.77355
1500000.0,5.738088
1531250.0,5.695194
1562500.0,5.653926
1625000.0,5.575927
1687500.0,5.503451
1750000.0,5.435947
1812500.0,5.359393
1875000.0,5.28797
1937500.0,5.221204
2000000.0,5.158672
2015625.0,5.138844
2031250.0,5.119333
2046875.0,5.100131
2062500.0,5.081232
2078125.0,5.062629
2093750.0,5.044314
2109375.0,5.026283
2125000.0,5.008528
2140625.0,4.991044
2156250.0,4.973825
2171875.0,4.956864
2187500.0,4.940157
2203125.0,4.923699
2218750.0,4.907483
2234375.0,4.891506
2250000.0,4.875761
2265625.0,4.860245
2281250.0,4.844952
2296875.0,4.829879
2312500.0,4.815019
2328125.0,4.800371
2343750.0,4.785928
2359375.0,4.771687
2375000.0,4.757644
2390625.0,4.743796
2406250.0,4.730137
2421875.0,4.716665
2437500.0,4.703378
2453125.0,4.690269
2468750.0,4.677336
2484375.0,4.664579
2500000.0,4.651989
2515625.0,4.639565
2531250.0,4.627306
2546875.0,4.615207
2562500.0,4.603265
2578125.0,4.591479
2593750.0,4.579844
2609375.0,4.568359
2625000.0,4.557019
2640625.0,4.545824
2656250.0,4.53477
2671875.0,4.523855
2687500.0,4.513076
2703125.0,4.502432
2718750.0,4.491918
2734375.0,4.481536
2750000.0,4.471279
2765625.0,4.461148
2781250.0,4.45114
2796875.0,4.441254
2812500.0,4.431486
2828125.0,4.421835
2843750.0,4.412298
2859375.0,4.402875
2875000.0,4.393563
2890625.0,4.384362
2906250.0,4.375267
2921875.0,4.366278
2937500.0,4.357394
2953125.0,4.348612
2968750.0,4.339931
2984375.0,4.33135
3000000.0,4.322867
3015625.0,4.314915
3031250.0,4.307045
3046875.0,4.299255
3062500.0,4.291544
3078125.0,4.283909
3093750.0,4.276352
3109375.0,4.26887
3125000.0,4.261462
3140625.0,4.254127
3156250.0,4.246866
3171875.0,4.239674
3187500.0,4.232553
3203125.0,4.225502
3218750.0,4.218517
3234375.0,4.211601
3250000.0,4.20475
3265625.0,4.197965
3281250.0,4.191245
3296875.0,4.184588
3312500.0,4.177993
3328125.0,4.171461
3343750.0,4.16499
3359375.0,4.158579
3375000.0,4.152228
3390625.0,4.145934
3406250.0,4.139699
3421875.0,4.133521
3437500.0,4.127399
3453125.0,4.121333
3468750.0,4.115322
3484375.0,4.109365
3500000.0,4.103461
3515625.0,4.09761
3531250.0,4.091811
3546875.0,4.086064
3562500.0,4.080367
3578125.0,4.074721
3593750.0,4.069124
3609375.0,4.063577
3625000.0,4.058076
3640625.0,4.052624
3656250.0,4.047219
3671875.0,4.04186
3687500.0,4.036548
3703125.0,4.031281
3718750.0,4.026058
3734375.0,4.020879
3750000.0,4.015746
3765625.0,4.010654
3781250.0,4.005606
3796875.0,4.000599
3812500.0,3.995635
3828125.0,3.990711
3843750.0,3.985828
3859375.0,3.980985
3875000.0,3.976183
3890625.0,3.971419
3906250.0,3.966695
3921875.0,3.962008
3937500.0,3.95736
3953125.0,3.952749
3968750.0,3.948175
3984375.0,3.943638
4000000.0,3.939137
4007813.0,3.938244
4015625.0,3.937353
4023438.0,3.936465
4031250.0,3.93558
4039063.0,3.934697
4046875.0,3.933817
4054688.0,3.932939
4062500.0,3.932065
4070313.0,3.931193
4078125.0,3.930322
4085938.0,3.929456
4093750.0,3.928591
4101563.0,3.927729
4109375.0,3.92687
4117188.0,3.926012
4125000.0,3.925158
4132813.0,3.924307
4140625.0,3.923457
4148438.0,3.92261
4156250.0,3.921766
4164063.0,3.920924
4171875.0,3.920084
4179688.0,3.919247
4187500.0,3.918413
4195313.0,3.917579
4203125.0,3.91675
4210938.0,3.915922
4218750.0,3.915096
4226563.0,3.914274
4234375.0,3.913453
4242188.0,3.912635
4250000.0,3.911819
4257813.0,3.911005
4265625.0,3.910194
4273438.0,3.909385
4281250.0,3.908578
4289063.0,3.907773
4296875.0,3.906971
4304688.0,3.906171
4312500.0,3.905373
4320313.0,3.904578
4328125.0,3.903784
4335938.0,3.902993
4343750.0,3.902205
4351563.0,3.901418
4359375.0,3.900633
4367188.0,3.89985
4375000.0,3.89907
4382813.0,3.898292
4390625.0,3.897515
4398438.0,3.896741
4406250.0,3.89597
4414063.0,3.895199
4421875.0,3.894433
4429688.0,3.893666
4437500.0,3.892904
4445313.0,3.892141
4453125.0,3.891382
4460938.0,3.890624
4468750.0,3.889869
4476563.0,3.889116
4484375.0,3.888364
4492188.0,3.887615
4500000.0,3.886868
4507813.0,3.886122
4515625.0,3.88538
4523438.0,3.884637
4531250.0,3.883899
4539063.0,3.88316
4546875.0,3.882425
4554688.0,3.881691
4562500.0,3.88096
4570313.0,3.880231
4578125.0,3.879502
4585938.0,3.878776
4593750.0,3.878051
4601563.0,3.87733
4609375.0,3.87661
4617188.0,3.875891
4625000.0,3.875174
4632813.0,3.874459
4640625.0,3.873746
4648438.0,3.873035
4656250.0,3.872327
4664063.0,3.871618
4671875.0,3.870913
4679688.0,3.870209
4687500.0,3.869507
4695313.0,3.868807
4703125.0,3.868109
4710938.0,3.867411
4718750.0,3.866716
4726563.0,3.866024
4734375.0,3.865332
4742188.0,3.864642
4750000.0,3.863954
4757813.0,3.863268
4765625.0,3.862583
4773438.0,3.861899
4781250.0,3.861219
4789063.0,3.86054
4796875.0,3.859862
4804688.0,3.859185
4812500.0,3.858512
4820313.0,3.857838
4828125.0,3.857168
4835938.0,3.856498
4843750.0,3.85583
4851563.0,3.855164
4859375.0,3.854499
4867188.0,3.853837
4875000.0,3.853176
4882813.0,3.852515
4890625.0,3.851857
4898438.0,3.851201
4906250.0,3.850547
4914063.0,3.849893
4921875.0,3.849241
4929688.0,3.848591
4937500.0,3.847942
4945313.0,3.847296
4953125.0,3.84665
4960938.0,3.846006
4968750.0,3.845364
4976563.0,3.844723
4984375.0,3.844084
4992188.0,3.843446
5000000.0,3.84281
5015147.0,3.842977
5030294.0,3.843144
5045441.0,3.843314
5060588.0,3.843481
5075735.0,3.843651
5090882.0,3.843819
5106029.0,3.84399
5121175.0,3.84416
5136322.0,3.844331
5151469.0,3.844502
5166616.0,3.844673
5181763.0,3.844845
5196910.0,3.845016
5212057.0,3.845189
5227204.0,3.845361
5242350.0,3.845535
5252686.0,3.845643
5263022.0,3.845752
5273358.0,3.845861
5283694.0,3.84597
5294030.0,3.846079
5304366.0,3.846189
5314702.0,3.846298
5325038.0,3.846407
5335374.0,3.846517
5345710.0,3.846627
5356046.0,3.846736
5366382.0,3.846847
5376718.0,3.846957
5387054.0,3.847067
5397390.0,3.847177
5407725.0,3.847288
5418061.0,3.847399
5428397.0,3.847509
5438733.0,3.847621
5449069.0,3.847731
5459405.0,3.847843
5469741.0,3.847954
5480077.0,3.848065
5490413.0,3.848177
5500749.0,3.848288
5511085.0,3.848399
5521421.0,3.848512
5531757.0,3.848623
5542093.0,3.848736
5552429.0,3.848847
5562765.0,3.848959
5573100.0,3.849072
5586441.0,3.849202
5599782.0,3.849334
5613123.0,3.849465
5626463.0,3.849598
5639804.0,3.849728
5653144.0,3.849861
5666485.0,3.849993
5679825.0,3.850126
5693166.0,3.850257
5706507.0,3.85039
5719848.0,3.850523
5733188.0,3.850655
5746529.0,3.850789
5759869.0,3.850922
5773210.0,3.851055
5786550.0,3.851189
5799891.0,3.85132
5813232.0,3.851454
5826573.0,3.851588
5839913.0,3.851722
5853254.0,3.851856
5866594.0,3.85199
5879935.0,3.852123
5893275.0,3.852257
5906616.0,3.852392
5919957.0,3.852525
5933298.0,3.85266
5946638.0,3.852793
5959979.0,3.852928
5973319.0,3.853063
5986660.0,3.853198
6000000.0,3.853332
6007813.0,3.853791
6015625.0,3.854251
6023438.0,3.85471
6031250.0,3.85517
6039063.0,3.85563
6046875.0,3.85609
6054688.0,3.856549
6062500.0,3.857009
6070313.0,3.857469
6078125.0,3.85793
6085938.0,3.85839
6093750.0,3.858851
6101563.0,3.859311
6109375.0,3.859772
6117188.0,3.860232
6125000.0,3.860692
6132813.0,3.861153
6140625.0,3.861614
6148438.0,3.862075
6156250.0,3.862535
6164063.0,3.862997
6171875.0,3.863458
6179688.0,3.863919
6187500.0,3.86438
6195313.0,3.864841
6203125.0,3.865303
6210938.0,3.865764
6218750.0,3.866226
6226563.0,3.866687
6234375.0,3.867148
6242188.0,3.86761
6250000.0,3.868072
6257813.0,3.868533
6265625.0,3.868995
6273438.0,3.869457
6281250.0,3.86992
6289063.0,3.870381
6296875.0,3.870843
6304688.0,3.871305
6312500.0,3.871767
6320313.0,3.872229
6328125.0,3.872692
6335938.0,3.873154
6343750.0,3.873615
6351563.0,3.874078
6359375.0,3.874541
6367188.0,3.875004
6375000.0,3.875465
6382813.0,3.875928
6390625.0,3.876391
6398438.0,3.876854
6406250.0,3.877316
6414063.0,3.877778
6421875.0,3.878241
6429688.0,3.878703
6437500.0,3.879167
6445313.0,3.87963
6453125.0,3.880092
6460938.0,3.880556
6468750.0,3.881018
6476563.0,3.881481
6484375.0,3.881945
6492188.0,3.882408
6500000.0,3.882871
6507813.0,3.883334
6515625.0,3.883796
6523438.0,3.884261
6531250.0,3.884723
6539063.0,3.885187
6546875.0,3.88565
6554688.0,3.886113
6562500.0,3.886577
6570313.0,3.88704
6578125.0,3.887503
6585938.0,3.887967
6593750.0,3.888429
6601563.0,3.888894
6609375.0,3.889357
6617188.0,3.889821
6625000.0,3.890284
6632813.0,3.890747
6640625.0,3.891211
6648438.0,3.891675
6656250.0,3.892138
6664063.0,3.892602
6671875.0,3.893066
6679688.0,3.89353
6687500.0,3.893993
6695313.0,3.894458
6703125.0,3.894921
6710938.0,3.895384
6718750.0,3.895848
6726563.0,3.896311
6734375.0,3.896776
6742188.0,3.897239
6750000.0,3.897704
6757813.0,3.898167
6765625.0,3.898631
6773438.0,3.899095
6781250.0,3.899559
6789063.0,3.900023
6796875.0,3.900487
6804688.0,3.90095
6812500.0,3.901415
6820313.0,3.901878
6828125.0,3.902342
6835938.0,3.902806
6843750.0,3.903269
6851563.0,3.903735
6859375.0,3.904198
6867188.0,3.904662
6875000.0,3.905126
6882813.0,3.905589
6890625.0,3.906054
6898438.0,3.906518
6906250.0,3.906982
6914063.0,3.907446
6921875.0,3.90791
6929688.0,3.908374
6937500.0,3.908837
6945313.0,3.909301
6953125.0,3.909766
6960938.0,3.91023
6968750.0,3.910694
6976563.0,3.911157
6984375.0,3.911622
6992188.0,3.912086
7000000.0,3.91255
7007552.0,3.913322
7015104.0,3.914095
7022656.0,3.914868
7030207.0,3.91564
7037759.0,3.916412
7045311.0,3.917185
7052863.0,3.917957
7060414.0,3.918729
7067966.0,3.919501
7075518.0,3.920273
7083070.0,3.921045
7090621.0,3.921817
7098173.0,3.922589
7105725.0,3.923361
7113277.0,3.924132
7120828.0,3.924904
7128380.0,3.925674
7135932.0,3.926447
7143484.0,3.927218
7151035.0,3.927989
7158587.0,3.928761
7166139.0,3.929532
7173691.0,3.930302
7181242.0,3.931074
7188794.0,3.931844
7196346.0,3.932615
7203898.0,3.933386
7211449.0,3.934157
7219001.0,3.934927
7226552.0,3.935698
7234104.0,3.936469
7241655.0,3.937239
7249207.0,3.938009
7256759.0,3.938779
7264311.0,3.939549
7271862.0,3.940319
7279414.0,3.941089
7286966.0,3.941858
7294518.0,3.942629
7302069.0,3.943398
7309621.0,3.944168
7317173.0,3.944938
7324725.0,3.945707
7332276.0,3.946476
7339828.0,3.947246
7347380.0,3.948014
7354932.0,3.948784
7362483.0,3.949553
7370035.0,3.950323
7377587.0,3.951091
7385139.0,3.95186
7392690.0,3.952628
7400242.0,3.953397
7407794.0,3.954166
7415346.0,3.954934
7422897.0,3.955703
7430449.0,3.956472
7438001.0,3.957239
7445553.0,3.958007
7453104.0,3.958775
7460656.0,3.959543
7468207.0,3.960312
7475759.0,3.961079
7483310.0,3.961846
7491384.0,3.96263
7499457.0,3.963414
7507531.0,3.964197
7515604.0,3.96498
7523678.0,3.965763
7531751.0,3.966546
7539824.0,3.967328
7547897.0,3.968111
7555971.0,3.968894
7564044.0,3.969677
7572117.0,3.970459
7580190.0,3.971241
7588264.0,3.972023
7596337.0,3.972805
7604410.0,3.973587
7612483.0,3.97437
7620557.0,3.97515
7628630.0,3.975933
7636703.0,3.976715
7644776.0,3.977495
7652850.0,3.978277
7660923.0,3.979059
7668996.0,3.979839
7677069.0,3.98062
7685143.0,3.981401
7693216.0,3.982182
7701289.0,3.982962
7709362.0,3.983743
7717436.0,3.984523
7725509.0,3.985304
7733582.0,3.986084
7741655.0,3.986865
7749729.0,3.987645
7757802.0,3.988425
7765876.0,3.989204
7773949.0,3.989984
7782023.0,3.990764
7790096.0,3.991543
7798169.0,3.992322
7806242.0,3.993102
7814316.0,3.993881
7822389.0,3.994659
7830462.0,3.995438
7838535.0,3.996217
7846609.0,3.996996
7854682.0,3.997774
7862755.0,3.998553
7870828.0,3.999332
7878902.0,4.000109
7886975.0,4.000887
7895048.0,4.001666
7903121.0,4.002444
7911195.0,4.003221
7919268.0,4.004
7927341.0,4.004777
7935414.0,4.005555
7943488.0,4.006332
7951561.0,4.007109
7959634.0,4.007886
7967707.0,4.008663
7975781.0,4.00944
7983854.0,4.010217
7991927.0,4.010993
8000000.0,4.01177
8015165.0,4.013659
8030330.0,4.015559
8045495.0,4.017468
8060660.0,4.01939
8075825.0,4.021323
8090990.0,4.023266
8106155.0,4.02522
8121320.0,4.027186
8136485.0,4.029161
8151650.0,4.031148
8166815.0,4.033146
8181980.0,4.035155
8197145.0,4.037174
8212310.0,4.039204
8227475.0,4.041244
8242640.0,4.043296
8257805.0,4.045357
8272970.0,4.04743
8288135.0,4.049513
8303300.0,4.051606
8318465.0,4.053711
8333630.0,4.055825
8348795.0,4.05795
8363960.0,4.060084
8379125.0,4.06223
8394290.0,4.064385
8409455.0,4.066552
8424620.0,4.068729
8439785.0,4.070916
8454950.0,4.073113
8470115.0,4.07532
8485280.0,4.077537
8501905.0,4.07972
8518530.0,4.081914
8535155.0,4.084118
8551780.0,4.086335
8571051.0,4.088777
8590322.0,4.09123
8609593.0,4.09369
8628863.0,4.09616
8648134.0,4.098638
8667404.0,4.101125
8686675.0,4.103623
8705945.0,4.106129
8725216.0,4.108643
8744487.0,4.111166
8763758.0,4.113698
8783028.0,4.116239
8802299.0,4.11879
8821569.0,4.121348
8840840.0,4.123915
8860110.0,4.12649
8877597.0,4.128552
8895083.0,4.130663
8912569.0,4.132825
8930055.0,4.135037
8947542.0,4.137299
8965028.0,4.139611
8982514.0,4.141971
9000000.0,4.144379
9015014.0,4.146067
9030027.0,4.147775
9045040.0,4.149502
9060053.0,4.151248
9075066.0,4.153014
9090079.0,4.154799
9105092.0,4.156604
9120105.0,4.158427
9135119.0,4.160269
9150132.0,4.162131
9165145.0,4.164011
9180158.0,4.165909
9195171.0,4.167827
9210184.0,4.169764
9225197.0,4.171719
9240210.0,4.173693
9255624.0,4.175729
9271038.0,4.177783
9286452.0,4.179859
9301865.0,4.181952
9317279.0,4.184065
9332693.0,4.186197
9348107.0,4.188349
9363520.0,4.190519
9378934.0,4.192709
9394348.0,4.194917
9409762.0,4.197144
9425175.0,4.199391
9440589.0,4.201655
9456003.0,4.20394
9471417.0,4.206242
9486830.0,4.208562
9502867.0,4.210981
9518904.0,4.21342
9534941.0,4.215879
9550977.0,4.218358
9567014.0,4.220856
9583050.0,4.223374
9599087.0,4.225912
9615123.0,4.228469
9631160.0,4.231046
9647196.0,4.233642
9663233.0,4.236258
9679269.0,4.238892
9695306.0,4.241546
9711342.0,4.244219
9727379.0,4.246912
9743415.0,4.249623
9759452.0,4.252353
9775489.0,4.255102
9791526.0,4.257871
9807562.0,4.260657
9823599.0,4.263464
9839635.0,4.266288
9855672.0,4.269131
9871708.0,4.271993
9887745.0,4.274872
9903781.0,4.277771
9919818.0,4.280687
9935854.0,4.283623
9951891.0,4.286576
9967927.0,4.289548
9983964.0,4.292537
10000000.0,4.295545
10007630.0,4.29641
10015260.0,4.297275
10022890.0,4.298143
10030510.0,4.299012
10038140.0,4.299883
10045770.0,4.300758
10053400.0,4.301634
10061020.0,4.30251
10068650.0,4.303391
10076280.0,4.304273
10083910.0,4.305157
10091530.0,4.306043
10099160.0,4.306931
10106780.0,4.30782
10114410.0,4.308712
10122030.0,4.309605
10129660.0,4.310501
10137290.0,4.311399
10144920.0,4.312301
10152540.0,4.313202
10160170.0,4.314106
10167790.0,4.31501
10175420.0,4.315919
10183040.0,4.316828
10190670.0,4.31774
10198300.0,4.318655
10205930.0,4.31957
10213550.0,4.320487
10221180.0,4.321408
10228800.0,4.322328
10236430.0,4.323252
10244050.0,4.324177
10251680.0,4.325105
10259310.0,4.326035
10266940.0,4.326967
10274560.0,4.3279
10282190.0,4.328836
10289820.0,4.329773
10297450.0,4.330714
10305070.0,4.331654
10312700.0,4.332597
10320330.0,4.333543
10327960.0,4.33449
10335580.0,4.335438
10343210.0,4.33639
10350830.0,4.337341
10358460.0,4.338296
10366080.0,4.339252
10373710.0,4.340211
10381340.0,4.341172
10388970.0,4.342135
10396590.0,4.343099
10404220.0,4.344065
10411840.0,4.345033
10419470.0,4.346003
10427090.0,4.346974
10434720.0,4.347948
10442350.0,4.348924
10449980.0,4.349902
10457600.0,4.350881
10465230.0,4.351862
10472850.0,4.352845
10480480.0,4.353831
10488100.0,4.354817
10495570.0,4.35579
10503030.0,4.356763
10510490.0,4.357739
10517950.0,4.358717
10525420.0,4.359697
10532880.0,4.360677
10540340.0,4.36166
10547800.0,4.362644
10555270.0,4.363631
10562730.0,4.364619
10570190.0,4.365609
10577650.0,4.366601
10585120.0,4.367595
10592580.0,4.36859
10600040.0,4.369587
10607500.0,4.370585
10613640.0,4.371294
10619770.0,4.372003
10625910.0,4.372714
10632040.0,4.373426
10638180.0,4.374138
10644310.0,4.374851
10650440.0,4.375564
10656570.0,4.376277
10662710.0,4.376992
10668840.0,4.377708
10674970.0,4.378424
10681100.0,4.379141
10687240.0,4.37986
10693370.0,4.380578
10699500.0,4.381296
10705630.0,4.382017
10711770.0,4.382739
10717900.0,4.383461
10724030.0,4.384182
10730160.0,4.384905
10736300.0,4.385629
10742430.0,4.386353
10748560.0,4.387079
10754690.0,4.387805
10760830.0,4.388532
10766960.0,4.38926
10773090.0,4.389988
10779220.0,4.390717
10785360.0,4.391447
10791490.0,4.392179
10797620.0,4.392909
10803750.0,4.393642
10809890.0,4.394375
10816020.0,4.395108
10822160.0,4.395843
10828290.0,4.396579
10834430.0,4.397315
10840560.0,4.398051
10846690.0,4.398788
10852820.0,4.399526
10858960.0,4.400265
10865090.0,4.401004
10871220.0,4.401746
10877350.0,4.402486
10883490.0,4.403229
10889620.0,4.40397
10895750.0,4.404714
10901880.0,4.405457
10908020.0,4.406204
10914150.0,4.406948
10920280.0,4.407694
10926410.0,4.40844
10932550.0,4.409189
10938680.0,4.409937
10944810.0,4.410687
10950940.0,4.411436
10957080.0,4.412187
10963210.0,4.412938
10969340.0,4.41369
10975470.0,4.414442
10981610.0,4.415196
10987740.0,4.415951
10993870.0,4.416705
11000000.0,4.41746
11012020.0,4.418848
11024030.0,4.420238
11036040.0,4.42163
11048050.0,4.423025
11060070.0,4.424425
11072080.0,4.425825
11084090.0,4.427228
11096100.0,4.428634
11108120.0,4.430044
11120130.0,4.431456
11132140.0,4.432869
11144150.0,4.434287
11156170.0,4.435708
11168180.0,4.437131
11180190.0,4.438556
11192200.0,4.439984
11201480.0,4.440996
11210760.0,4.44201
11220040.0,4.443027
11229320.0,4.444045
11238600.0,4.445066
11247880.0,4.446087
11257160.0,4.447111
11266430.0,4.448136
11275710.0,4.449165
11284990.0,4.450196
11294270.0,4.451227
11303540.0,4.45226
11312820.0,4.453297
11322100.0,4.454335
11331380.0,4.455374
11340650.0,4.456415
11349930.0,4.457459
11359210.0,4.458505
11368490.0,4.459554
11377770.0,4.460603
11387050.0,4.461655
11396330.0,4.462709
11405610.0,4.463764
11414880.0,4.464821
11424160.0,4.465881
11433440.0,4.466943
11442720.0,4.468006
11451990.0,4.46907
11461270.0,4.470137
11470550.0,4.471207
11479830.0,4.472277
11489100.0,4.47335
11505070.0,4.475091
11521040.0,4.47684
11537010.0,4.478593
11552970.0,4.480351
11568940.0,4.482115
11584900.0,4.483884
11600870.0,4.485659
11616830.0,4.48744
11632800.0,4.489226
11648760.0,4.491017
11664730.0,4.492814
11680690.0,4.494615
11696660.0,4.496423
11712620.0,4.498235
11728590.0,4.500055
11744550.0,4.501878
11760520.0,4.503707
11776490.0,4.505542
11792460.0,4.507381
11808420.0,4.509227
11824390.0,4.511077
11840350.0,4.512933
11856320.0,4.514794
11872280.0,4.51666
11888250.0,4.518531
11904210.0,4.520408
11920180.0,4.522291
11936140.0,4.524178
11952110.0,4.52607
11968070.0,4.527968
11984040.0,4.529871
12000000.0,4.53178
12006230.0,4.531782
12012450.0,4.531784
12018670.0,4.531787
12024890.0,4.531789
12031120.0,4.531792
12037340.0,4.531795
12043560.0,4.531797
12049780.0,4.5318
12056010.0,4.531804
12062230.0,4.531808
12068450.0,4.53181
12074670.0,4.531814
12080890.0,4.531818
12087110.0,4.531822
12093330.0,4.531825
12099550.0,4.53183
12105780.0,4.531834
12112000.0,4.531838
12118220.0,4.531842
12124440.0,4.531848
12130670.0,4.531852
12136890.0,4.531856
12143110.0,4.531861
12149330.0,4.531866
12155560.0,4.531871
12161780.0,4.531876
12168000.0,4.531882
12174220.0,4.531888
12180440.0,4.531893
12186660.0,4.531899
12192880.0,4.531904
12199100.0,4.53191
12205330.0,4.531916
12211550.0,4.531923
12217770.0,4.531929
12223990.0,4.531935
12230220.0,4.531942
12236440.0,4.531949
12242660.0,4.531955
12248880.0,4.531962
12255110.0,4.53197
12261330.0,4.531977
12267550.0,4.531983
12273770.0,4.531991
12279990.0,4.531998
12286210.0,4.532006
12292430.0,4.532014
12298650.0,4.532022
12304880.0,4.53203
12311100.0,4.532038
12317320.0,4.532046
12323540.0,4.532054
12329770.0,4.532063
12335990.0,4.532072
12342210.0,4.53208
12348430.0,4.532089
12354660.0,4.532098
12360880.0,4.532108
12367100.0,4.532117
12373320.0,4.532127
12379540.0,4.532136
12385760.0,4.532145
12391980.0,4.532156
12398200.0,4.532165
12404630.0,4.532172
12411060.0,4.53218
12417490.0,4.532186
12423920.0,4.532194
12430350.0,4.532201
12436780.0,4.532209
12443210.0,4.532216
12449640.0,4.532225
12456070.0,4.532233
12462500.0,4.53224
12468930.0,4.532249
12475360.0,4.532257
12481790.0,4.532265
12488220.0,4.532274
12494650.0,4.532283
12501080.0,4.532293
12507510.0,4.532301
12513940.0,4.532311
12520370.0,4.532319
12526800.0,4.532329
12533230.0,4.532339
12539660.0,4.532349
12546090.0,4.532359
12552520.0,4.532369
12558950.0,4.532379
12565380.0,4.532389
12571810.0,4.532399
12578240.0,4.53241
12584670.0,4.532421
12591100.0,4.532433
12597530.0,4.532444
12603950.0,4.532454
12610380.0,4.532466
12616810.0,4.532477
12623240.0,4.53249
12629670.0,4.532501
12636100.0,4.532513
12642530.0,4.532525
12648960.0,4.532537
12655390.0,4.53255
12661820.0,4.532562
12668250.0,4.532575
12674680.0,4.532588
12681110.0,4.532601
12687540.0,4.532613
12693970.0,4.532626
12700400.0,4.532641
12706830.0,4.532653
12713260.0,4.532668
12719690.0,4.532681
12726120.0,4.532696
12732550.0,4.532709
12738980.0,4.532723
12745410.0,4.532738
12751840.0,4.532752
12758270.0,4.532767
12764700.0,4.532781
12771130.0,4.532797
12777560.0,4.532812
12783990.0,4.532828
12790420.0,4.532843
12796850.0,4.532858
12803280.0,4.532875
12809700.0,4.53289
12821600.0,4.532905
12833490.0,4.532918
12845390.0,4.532933
12857280.0,4.532948
12869180.0,4.532963
12881070.0,4.532978
12892960.0,4.532994
12904850.0,4.53301
12916750.0,4.533025
12928640.0,4.533041
12940540.0,4.533058
12952430.0,4.533075
12964330.0,4.533092
12976220.0,4.533109
12988110.0,4.533127
13000000.0,4.533145
13007670.0,4.533155
13015340.0,4.533165
13023010.0,4.533175
13030670.0,4.533184
13038340.0,4.533195
13046010.0,4.533205
13053680.0,4.533216
13061340.0,4.533226
13069010.0,4.533237
13076680.0,4.533248
13084350.0,4.533258
13092010.0,4.533269
13099680.0,4.533281
13107350.0,4.533291
13115020.0,4.533302
13122680.0,4.533312
13130350.0,4.533324
13138020.0,4.533336
13145690.0,4.533346
13153350.0,4.533358
13161020.0,4.533369
13168690.0,4.53338
13176360.0,4.533392
13184020.0,4.533404
13191690.0,4.533416
13199360.0,4.533427
13207030.0,4.53344
13214690.0,4.533452
13222360.0,4.533464
13230020.0,4.533475
13237690.0,4.533487
13245350.0,4.533501
13253020.0,4.533513
13260690.0,4.533525
13268360.0,4.533538
13276020.0,4.53355
13283690.0,4.533563
13291360.0,4.533576
13299030.0,4.533589
13306690.0,4.533601
13314360.0,4.533614
13322030.0,4.533628
13329700.0,4.533641
13337360.0,4.533655
13345030.0,4.533668
13352700.0,4.533681
13360370.0,4.533695
13368030.0,4.533709
13375700.0,4.533722
13383370.0,4.533736
13391040.0,4.533749
13398700.0,4.533765
13406370.0,4.533778
13414040.0,4.533793
13421710.0,4.533807
13429370.0,4.53382
13437040.0,4.533835
13444710.0,4.53385
13452380.0,4.533864
13460040.0,4.53388
13467710.0,4.533894
13475370.0,4.533909
13483040.0,4.533925
13490700.0,4.533939
13498660.0,4.533944
13506620.0,4.533947
13514580.0,4.533951
13522540.0,4.533954
13530500.0,4.533958
13538460.0,4.533962
13546420.0,4.533967
13554370.0,4.533971
13562330.0,4.533975
13570290.0,4.53398
13578250.0,4.533984
13586200.0,4.53399
13594160.0,4.533994
13602120.0,4.534
13610080.0,4.534005
13618030.0,4.53401
13625990.0,4.534015
13633950.0,4.53402
13641910.0,4.534026
13649860.0,4.534031
13657820.0,4.534038
13665780.0,4.534043
13673740.0,4.53405
13681690.0,4.534055
13689650.0,4.534062
13697610.0,4.534069
13705570.0,4.534076
13713520.0,4.534081
13721480.0,4.534089
13729440.0,4.534096
13737400.0,4.534104
13745350.0,4.53411
13753310.0,4.534118
13761270.0,4.534125
13769230.0,4.534132
13777190.0,4.534141
13785150.0,4.534148
13793110.0,4.534156
13801070.0,4.534164
13809020.0,4.534173
13816980.0,4.534181
13824940.0,4.53419
13832900.0,4.534198
13840850.0,4.534208
13848810.0,4.534216
13856770.0,4.534225
13864730.0,4.534234
13872680.0,4.534243
13880640.0,4.534253
13888600.0,4.534263
13896560.0,4.534273
13904510.0,4.534282
13912470.0,4.534293
13920430.0,4.534302
13928390.0,4.534314
13936340.0,4.534323
13944300.0,4.534335
13952260.0,4.534345
13960220.0,4.534357
13968170.0,4.534367
13976130.0,4.534379
13984090.0,4.53439
13992050.0,4.534402
14000000.0,4.534413
14015630.0,4.533559
14031250.0,4.532704
14046880.0,4.531851
14062500.0,4.530999
14078130.0,4.530147
14093750.0,4.529298
14109380.0,4.528448
14125000.0,4.527599
14140630.0,4.526752
14156250.0,4.525905
14171880.0,4.52506
14187500.0,4.524216
14203130.0,4.523372
14218750.0,4.52253
14234380.0,4.521687
14250000.0,4.520848
14265630.0,4.520009
14281250.0,4.519169
14296880.0,4.518332
14312500.0,4.517496
14328130.0,4.51666
14343750.0,4.515826
14359380.0,4.514992
14375000.0,4.514159
14390630.0,4.513328
14406250.0,4.512498
14421880.0,4.511668
14437500.0,4.510841
14453130.0,4.510013
14468750.0,4.509186
14484380.0,4.508361
14500000.0,4.507537
14511600.0,4.506924
14523200.0,4.506312
14523220.0,4.50631
14538120.0,4.505529
14553020.0,4.504748
14567920.0,4.503968
14582820.0,4.503188
14597720.0,4.50241
14612620.0,4.501632
14627520.0,4.500857
14642420.0,4.500081
14657320.0,4.499305
14672220.0,4.498531
14687120.0,4.497757
14702020.0,4.496986
14716920.0,4.496213
14731820.0,4.495442
14746720.0,4.494673
14761610.0,4.493904
14776510.0,4.493135
14791410.0,4.492369
14806310.0,4.491602
14821210.0,4.490836
14836110.0,4.490071
14851010.0,4.489307
14865910.0,4.488544
14880810.0,4.487782
14895710.0,4.48702
14910610.0,4.48626
14925510.0,4.4855
14940410.0,4.484742
14955310.0,4.483984
14970210.0,4.483227
14985110.0,4.482471
15000000.0,4.481718
15026680.0,4.480128
15053360.0,4.478543
15080040.0,4.47696
15106720.0,4.47538
15133400.0,4.473804
15160080.0,4.472229
15186760.0,4.470658
15213430.0,4.469091
15240110.0,4.467526
15266790.0,4.465965
15293470.0,4.464406
15320140.0,4.46285
15346820.0,4.461298
15373500.0,4.459748
15400180.0,4.458202
15426850.0,4.456659
15453530.0,4.455119
15480210.0,4.453583
15506890.0,4.452049
15533570.0,4.450518
15560250.0,4.448992
15586930.0,4.447468
15613610.0,4.445947
15640280.0,4.444431
15666960.0,4.442917
15693640.0,4.441407
15720320.0,4.4399
15746990.0,4.438396
15773670.0,4.436897
15800350.0,4.435401
15827030.0,4.433908
15853700.0,4.43242
15890280.0,4.430378
15926850.0,4.428342
15963430.0,4.426312
16000000.0,4.424288
16033100.0,4.422666
16066190.0,4.421049
16099290.0,4.419438
16132380.0,4.417835
16165480.0,4.416237
16198570.0,4.414646
16231660.0,4.413062
16264750.0,4.411484
16297850.0,4.409912
16330940.0,4.408347
16364040.0,4.406788
16397130.0,4.405238
16430230.0,4.403692
16463320.0,4.402154
16496410.0,4.400624
16529500.0,4.399099
16569770.0,4.397202
16610030.0,4.395316
16650290.0,4.393442
16690550.0,4.391578
16730820.0,4.389724
16771080.0,4.387882
16811340.0,4.386051
16851600.0,4.384231
16888700.0,4.382534
16925800.0,4.380846
16962900.0,4.379167
17000000.0,4.377498
17062500.0,4.374589
17125000.0,4.371703
17187500.0,4.368839
17250000.0,4.365998
17312500.0,4.363182
17375000.0,4.360388
17437500.0,4.357619
17500000.0,4.354874
17562500.0,4.352154
17625000.0,4.349459
17687500.0,4.346788
17750000.0,4.344144
17812500.0,4.341525
17875000.0,4.338934
17937500.0,4.336369
18000000.0,4.333832
18062500.0,4.331369
18125000.0,4.32893
18187500.0,4.326516
18250000.0,4.324127
18312500.0,4.321762
18375000.0,4.319423
18437500.0,4.31711
18500000.0,4.314822
18562500.0,4.312561
18625000.0,4.310324
18687500.0,4.308116
18750000.0,4.305934
18812500.0,4.303779
18875000.0,4.301651
18937500.0,4.299552
19000000.0,4.29748
19125000.0,4.292859
19250000.0,4.288334
19375000.0,4.283906
19500000.0,4.279576
19625000.0,4.275348
19750000.0,4.27122
19875000.0,4.267198
20000000.0,4.263282
