1e-05,97.6397
1.03125e-05,96.2402
1.0625e-05,94.9029
1.09375e-05,93.62334
1.125e-05,92.39746
1.15625e-05,91.22163
1.1875e-05,90.09252
1.21875e-05,89.00712
1.25e-05,87.96269
1.28125e-05,86.9567
1.3125e-05,85.98686
1.34375e-05,85.05104
1.375e-05,84.14732
1.4375e-05,82.4291
1.5e-05,80.81941
1.5625e-05,79.3073
1.625e-05,77.88329
1.6875e-05,76.53914
1.75e-05,75.26766
1.8125e-05,74.06253
1.875e-05,72.91816
1.9375e-05,71.82963
2e-05,70.79252
2.09375e-05,69.32483
2.1875e-05,67.95253
2.28125e-05,66.66571
2.375e-05,65.45586
2.46875e-05,64.3156
2.5625e-05,63.2385
2.65625e-05,62.21894
2.75e-05,61.25197
2.84375e-05,60.33322
2.9375e-05,59.45881
3.03125e-05,58.62529
3.125e-05,57.82956
3.21875e-05,57.06885
3.3125e-05,56.34068
3.40625e-05,55.64277
3.5e-05,54.9731
3.59375e-05,54.32981
3.6875e-05,53.7112
3.78125e-05,53.11575
3.875e-05,52.54204
3.96875e-05,51.98878
4.0625e-05,51.45479
4.25e-05,50.4403
4.4375e-05,49.49081
4.625e-05,48.59965
4.8125e-05,47.7611
5e-05,46.97018
5.15625e-05,46.3443
5.3125e-05,45.74624
5.46875e-05,45.174
5.625e-05,44.62578
5.78125e-05,44.09993
5.9375e-05,43.59497
6.09375e-05,43.10957
6.25e-05,42.64248
6.40625e-05,42.19259
6.5625e-05,41.75886
6.71875e-05,41.34035
6.875e-05,40.93619
7.1875e-05,40.16778
7.5e-05,39.44791
7.8125e-05,38.77167
8.125e-05,38.13483
8.4375e-05,37.53371
8.75e-05,36.96509
9.0625e-05,36.42613
9.375e-05,35.91436
9.6875e-05,35.42755
0.0001,34.96374
0.000103125,34.52118
0.00010625,34.09829
0.000109375,33.69365
0.0001125,33.30599
0.000115625,32.93416
0.00011875,32.57711
0.000121875,32.23387
0.000125,31.90359
0.000128125,31.58547
0.00013125,31.27878
0.000134375,30.98285
0.0001375,30.69706
0.00014375,30.15371
0.00015,29.64468
0.00015625,29.16651
0.0001625,28.7162
0.00016875,28.29114
0.000175,27.88906
0.00018125,27.50796
0.0001875,27.14608
0.00019375,26.80185
0.0002,26.47389
0.000209375,26.00976
0.00021875,25.5758
0.000228125,25.16887
0.0002375,24.78628
0.000246875,24.4257
0.00025625,24.08509
0.000265625,23.76267
0.000275,23.45689
0.000284375,23.16635
0.00029375,22.88984
0.000303125,22.62625
0.0003125,22.37462
0.000321875,22.13406
0.00033125,21.90379
0.000340625,21.68309
0.00035,21.47132
0.000359375,21.26789
0.00036875,21.07227
0.000378125,20.88397
0.0003875,20.70255
0.000396875,20.52759
0.00040625,20.35872
0.000425,20.03791
0.00044375,19.73766
0.0004625,19.45585
0.00048125,19.19067
0.0005,18.94056
0.000515625,18.74264
0.00053125,18.55351
0.000546875,18.37255
0.0005625,18.19918
0.000578125,18.03289
0.00059375,17.87321
0.000609375,17.71971
0.000625,17.572
0.000640625,17.42973
0.00065625,17.29257
0.000671875,17.16022
0.0006875,17.03241
0.00071875,16.78941
0.00075,16.56177
0.00078125,16.34792
0.0008125,16.14653
0.00084375,15.95644
0.000875,15.77662
0.00090625,15.60618
0.0009375,15.44434
0.00096875,15.29039
0.001,15.14372
0.00103125,15.00377
0.0010625,14.87003
0.00109375,14.74207
0.001125,14.61948
0.00115625,14.5019
0.0011875,14.38898
0.00121875,14.28044
0.00125,14.17599
0.00128125,14.07539
0.0013125,13.9784
0.00134375,13.88482
0.001375,13.79444
0.0014375,13.62261
0.0015,13.46164
0.0015625,13.31042
0.001625,13.16801
0.0016875,13.03359
0.00175,12.90644
0.0018125,12.78592
0.001875,12.67147
0.0019375,12.56261
0.002,12.4589
0.00209375,12.31212
0.0021875,12.17488
0.00228125,12.04619
0.002375,11.9252
0.00246875,11.81117
0.0025625,11.70345
0.00265625,11.60148
0.00275,11.50478
0.00284375,11.4129
0.0029375,11.32545
0.00303125,11.24209
0.003125,11.16251
0.00321875,11.08643
0.0033125,11.01361
0.00340625,10.94381
0.0035,10.87684
0.00359375,10.8125
0.0036875,10.75063
0.00378125,10.69108
0.003875,10.6337
0.00396875,10.57837
0.0040625,10.52496
0.00425,10.4235
0.0044375,10.32854
0.004625,10.23941
0.0048125,10.15555
0.005,10.07644
0.00515625,10.01385
0.0053125,9.954029
0.00546875,9.896796
0.005625,9.841964
0.00578125,9.78937
0.0059375,9.738864
0.00609375,9.690315
0.00625,9.643597
0.00640625,9.598599
0.0065625,9.555217
0.00671875,9.513357
0.006875,9.472932
0.0071875,9.396073
0.0075,9.324069
0.0078125,9.256428
0.008125,9.192727
0.0084375,9.132598
0.00875,9.07572
0.0090625,9.021808
0.009375,8.970615
0.0096875,8.921918
0.01,8.875522
0.0103125,8.83125
0.010625,8.788947
0.0109375,8.748468
0.01125,8.709687
0.0115625,8.672489
0.011875,8.636769
0.0121875,8.602431
0.0125,8.569388
0.0128125,8.537562
0.013125,8.506878
0.0134375,8.477271
0.01375,8.448679
0.014375,8.394316
0.015,8.343386
0.015625,8.295542
0.01625,8.250484
0.016875,8.207951
0.0175,8.167717
0.018125,8.129582
0.01875,8.093368
0.019375,8.05892
0.02,8.026099
0.0206625,7.992946
0.021325,7.961351
0.0219875,7.931192
0.02265,7.902366
0.0233125,7.874777
0.023975,7.848338
0.0246375,7.822972
0.0253,7.798608
0.02607188,7.771402
0.02684375,7.745376
0.02761563,7.720447
0.0283875,7.696542
0.02915938,7.673592
0.02993125,7.651534
0.03070313,7.630312
0.031475,7.609876
0.03224688,7.590176
0.03301875,7.571171
0.0345625,7.535086
0.03610625,7.501338
0.03765,7.469685
0.03919375,7.439919
0.0407375,7.411858
0.04228125,7.385346
0.043825,7.360247
0.04536875,7.336436
0.0469125,7.313809
0.04845625,7.29227
0.05,7.271735
0.0515625,7.251894
0.053125,7.232934
0.0546875,7.214791
0.05625,7.197407
0.0578125,7.180731
0.059375,7.164716
0.0609375,7.14932
0.0625,7.134503
0.0640625,7.12023
0.065625,7.106469
0.0671875,7.093189
0.06875,7.080363
0.071875,7.055975
0.075,7.033122
0.078125,7.011649
0.08125,6.991423
0.084375,6.972327
0.0875,6.95426
0.090625,6.937132
0.09375,6.920863
0.096875,6.905385
0.1,6.890635
0.103125,6.876557
0.10625,6.863102
0.109375,6.850224
0.1125,6.837884
0.115625,6.826045
0.11875,6.814673
0.121875,6.803739
0.125,6.793215
0.128125,6.783076
0.13125,6.773298
0.134375,6.763861
0.1375,6.754747
0.14375,6.737408
0.15,6.721158
0.15625,6.705883
0.1625,6.691491
0.16875,6.677898
0.175,6.665033
0.18125,6.652833
0.1875,6.641241
0.19375,6.630209
0.2,6.619691
0.209375,6.604796
0.21875,6.590856
0.228125,6.577772
0.2375,6.56546
0.246875,6.553846
0.25625,6.542863
0.265625,6.532457
0.275,6.52258
0.284375,6.513184
0.29375,6.504233
0.303125,6.495693
0.3125,6.48753
0.321875,6.47972
0.33125,6.472234
0.340625,6.465054
0.35,6.458155
0.359375,6.451522
0.36875,6.445136
0.378125,6.438982
0.3875,6.433047
0.396875,6.427317
0.40625,6.42178
0.425,6.411242
0.44375,6.401358
0.4625,6.392058
0.48125,6.383287
0.5,6.374995
0.53125,6.36212
0.5625,6.350285
0.59375,6.339351
0.625,6.329205
0.65625,6.319751
0.6875,6.31091
0.71875,6.302614
0.75,6.294809
0.78125,6.287442
0.8125,6.280472
0.84375,6.273862
0.875,6.267579
0.9375,6.255888
1.0,6.245205
1.0625,6.235383
1.125,6.226302
1.1875,6.217861
1.25,6.209982
1.3125,6.202596
1.375,6.195646
1.4375,6.189087
1.5,6.182876
1.5625,6.17698
1.625,6.171367
1.6875,6.166012
1.75,6.160891
1.875,6.151274
2.0,6.142383
2.09375,6.136126
2.1875,6.130179
2.28125,6.124511
2.375,6.119094
2.46875,6.113904
2.5625,6.108922
2.65625,6.104129
2.75,6.09951
2.9375,6.090736
3.125,6.082506
3.3125,6.074746
3.5,6.067392
3.6875,6.060395
3.875,6.053712
4.0625,6.04731
4.25,6.041158
4.4375,6.035232
4.625,6.029508
4.8125,6.023969
5.0,6.018599
5.3125,6.009985
5.625,6.001746
5.9375,5.993835
6.25,5.986213
6.5625,5.978853
6.875,5.971725
7.1875,5.964809
7.5,5.958084
7.8125,5.951534
8.125,5.945144
8.4375,5.938903
8.75,5.9328
9.375,5.920966
10.0,5.909577
10.625,5.89858
11.25,5.887932
11.875,5.877597
12.5,5.867546
13.125,5.857754
13.75,5.848198
14.375,5.838862
15.0,5.829727
15.625,5.82078
16.25,5.812009
16.875,5.803403
17.5,5.79495
18.75,5.778474
20.0,5.762518
20.9375,5.75086
21.875,5.739447
22.8125,5.728262
23.75,5.717289
24.6875,5.706516
25.625,5.695929
26.5625,5.685518
27.5,5.67527
29.375,5.655234
31.25,5.635752
33.125,5.616765
35.0,5.598219
36.875,5.580068
38.75,5.562271
40.625,5.544788
42.5,5.527584
44.375,5.510627
46.25,5.493888
48.125,5.477336
50.0,5.460948
53.125,5.433924
56.25,5.40717
59.375,5.380583
62.5,5.354064
65.625,5.327518
68.75,5.300852
71.875,5.273972
75.0,5.246784
78.125,5.219193
81.25,5.191098
84.375,5.162398
87.5,5.132979
90.625,5.102726
93.75,5.071511
96.875,5.039197
100.0,5.00563
102.8295,4.974018
105.6589,4.941105
108.4883,4.906736
111.3177,4.870739
114.1471,4.832922
116.9765,4.793067
119.8059,4.750925
122.6353,4.706213
124.05,4.682793
125.4647,4.658605
126.8794,4.633599
128.2941,4.607724
129.7088,4.580921
131.1235,4.55313
132.5382,4.524283
133.9529,4.494308
135.3676,4.463127
136.7823,4.430652
138.197,4.396792
139.6117,4.36144
141.0264,4.324487
142.4411,4.285807
143.8558,4.245265
145.2705,4.202711
146.6853,4.157973
148.1,4.110878
149.5147,4.061215
150.9294,4.008761
152.3441,3.953261
153.7588,3.894434
154.4662,3.863673
155.1735,3.831965
155.8809,3.799253
156.5882,3.765501
157.2956,3.730648
158.0029,3.69465
158.7103,3.657438
159.4176,3.618966
160.125,3.579156
160.8323,3.537955
161.5397,3.495279
162.247,3.451065
162.9544,3.405221
163.6617,3.357679
164.3691,3.308336
165.0764,3.257116
165.7838,3.203911
166.4911,3.148637
167.1985,3.091179
167.9058,3.031452
168.6132,2.969339
169.3205,2.90476
170.0279,2.837604
170.7352,2.76781
171.4426,2.695294
171.7963,2.658006
172.1499,2.62004
172.5036,2.581376
172.8573,2.542029
173.211,2.502008
173.5646,2.461339
173.9183,2.420021
174.272,2.37809
174.6257,2.335585
174.9793,2.292562
175.333,2.249056
175.6867,2.205152
176.0404,2.160941
176.394,2.116545
176.7477,2.072079
177.1014,2.02772
177.4551,1.983673
177.8087,1.940199
178.1624,1.897573
178.5161,1.856176
178.8698,1.816453
179.2234,1.778958
179.5771,1.744335
179.9308,1.713407
180.2845,1.687169
180.6381,1.666853
180.9918,1.653959
181.1687,1.650869
181.3455,1.650375
181.5224,1.652785
181.6992,1.65844
181.876,1.667726
182.0528,1.681078
182.2297,1.698995
182.4065,1.722004
182.495,1.735629
182.5834,1.750753
182.6718,1.767482
182.7602,1.78591
182.8487,1.806166
182.9371,1.828309
183.0255,1.852482
183.1139,1.878806
183.2023,1.907413
183.2907,1.938446
183.3791,1.972055
183.4233,1.989874
183.4675,2.0084
183.5118,2.027697
183.556,2.047702
183.6002,2.06848
183.6444,2.090056
183.6886,2.112456
183.7328,2.135705
183.777,2.159829
183.8212,2.184859
183.8434,2.19778
183.8655,2.210881
183.8876,2.224223
183.9097,2.237809
183.9318,2.251644
183.9429,2.258688
183.9539,2.265731
183.965,2.272903
183.976,2.280076
183.9871,2.287378
183.9981,2.29468
184.0092,2.302116
184.0202,2.30955
184.0258,2.313361
184.0313,2.317121
184.0368,2.320897
184.0423,2.32469
184.0534,2.332397
184.0644,2.340103
184.0755,2.34795
184.0865,2.355795
184.0976,2.363782
184.1086,2.371769
184.1197,2.3799
184.1307,2.38803
184.1528,2.404584
184.1749,2.421434
184.1971,2.438665
184.2192,2.456125
184.2413,2.473898
184.2634,2.491986
184.3076,2.529137
184.3518,2.567622
184.396,2.607483
184.4402,2.648769
184.4844,2.691528
184.5286,2.735812
184.5728,2.781671
184.617,2.829162
184.6612,2.87834
184.7054,2.929266
184.7496,2.982001
184.7938,3.036608
184.838,3.093155
184.8822,3.151711
184.9265,3.212487
184.9707,3.275285
185.0149,3.340319
185.0591,3.40767
185.1033,3.477424
185.1475,3.54967
185.1917,3.624501
185.2359,3.702014
185.2802,3.782495
185.3244,3.865687
185.3686,3.951879
185.4128,4.041187
185.457,4.133731
185.5012,4.229638
185.5454,4.32904
185.5896,4.432075
185.6339,4.539135
185.6781,4.649887
185.7223,4.764728
185.7665,4.883824
185.8107,5.00735
185.8549,5.135489
185.8991,5.268433
185.9433,5.406383
185.9875,5.549551
186.0317,5.69816
186.0759,5.852443
186.1201,6.012644
186.1643,6.179024
186.2085,6.351852
186.2527,6.531416
186.2969,6.718016
186.3412,6.912419
186.3854,7.11408
186.4296,7.323783
186.4738,7.541902
186.518,7.768828
186.5622,8.004977
186.6064,8.250789
186.6506,8.506727
186.6949,8.773898
186.7391,9.051617
186.7833,9.341026
186.8275,9.642707
186.8717,9.95728
186.9159,10.2854
186.9601,10.62777
187.0043,10.98512
187.0486,11.35912
187.0928,11.7489
187.137,12.15619
187.1812,12.58194
187.2254,13.02716
187.2696,13.49293
187.3138,13.98042
187.358,14.49085
187.4022,15.02554
187.4464,15.58591
187.4906,16.17348
187.5348,16.78986
187.579,17.43679
187.6232,18.11615
187.6674,18.82995
187.7116,19.58036
187.7559,20.37154
187.8001,21.20244
187.8443,22.07751
187.8885,22.99971
187.9327,23.97219
187.9769,24.9984
188.0211,26.08206
188.0653,27.22725
188.1096,28.44116
188.1538,29.72314
188.198,31.08107
188.2422,32.52066
188.2864,34.04816
188.3306,35.67038
188.3748,37.39482
188.419,39.22971
188.4633,41.18866
188.5075,43.27284
188.5517,45.49752
188.5959,47.8749
188.6401,50.41847
188.6843,53.14323
188.7285,56.06585
188.7727,59.20495
188.8169,62.5813
188.8611,66.2182
188.9053,70.14181
188.9495,74.38159
188.9937,78.9708
189.0379,83.94708
189.0821,89.35319
189.1263,95.23785
189.1706,101.6719
189.2148,108.6902
189.259,116.3801
189.3032,124.8266
189.3474,134.128
189.3695,139.1344
189.3916,144.399
189.4137,149.9391
189.4358,155.7737
189.4579,161.9232
189.48,168.4099
189.5022,175.2897
189.5243,182.5272
189.5464,190.1815
189.5685,198.2838
189.5906,206.8688
189.6127,215.974
189.6348,225.6409
189.6569,235.9151
189.679,246.8468
189.7011,258.4912
189.7232,270.9096
189.7453,284.1694
189.7674,298.346
189.7895,313.5228
189.8116,329.7926
189.8337,347.2594
189.8559,366.1272
189.878,386.3566
189.9001,408.1758
189.9222,431.7495
189.9443,457.2635
189.9664,484.9284
189.9885,514.9831
190.0106,547.6992
190.0327,583.3872
190.0548,622.4021
190.0769,665.1514
190.099,712.1043
190.1211,763.8029
190.1432,820.8752
190.1653,884.0506
190.1764,918.346
190.1874,954.1798
190.1985,992.3331
190.2095,1032.258
190.2206,1074.831
190.2316,1119.45
190.2427,1167.105
190.2537,1217.13
190.2648,1270.645
190.2758,1326.914
190.2869,1387.21
190.2979,1450.714
190.309,1518.877
190.32,1590.789
190.3311,1668.107
190.3421,1749.816
190.3532,1837.814
190.3642,1930.959
190.3753,2031.435
190.3863,2137.953
190.3974,2253.021
190.4084,2375.175
190.4195,2507.298
190.4305,2647.713
190.4416,2799.726
190.4526,2961.385
190.4637,3136.468
190.4747,3322.674
190.4858,3524.269
190.4968,3738.49
190.5079,3970.082
190.5189,4215.649
190.53,4480.335
190.541,4759.867
190.5529,5081.879
190.5647,5421.186
190.5765,5779.697
190.5883,6155.929
190.6119,6950.539
190.6355,7770.19
190.6474,8175.554
190.6592,8560.044
190.671,8916.506
190.6828,9233.697
190.6946,9500.465
190.7064,9706.604
190.7182,9843.791
190.73,9906.406
190.7419,9891.684
190.7537,9801.119
190.7655,9639.547
190.7773,9414.452
190.7891,9135.384
190.8009,8813.056
190.8127,8458.476
190.8245,8082.205
190.8482,7298.274
190.8718,6528.202
190.8836,6159.713
190.8954,5806.422
190.9072,5470.165
190.919,5151.982
190.9279,4924.223
190.9368,4706.983
190.9457,4500.137
190.9545,4305.616
190.9634,4118.715
190.9723,3941.361
190.9812,3773.18
190.99,3615.518
190.9989,3464.389
191.0078,3321.222
191.0167,3185.609
191.0255,3058.553
191.0344,2936.779
191.0432,2822.655
191.0521,2713.23
191.0609,2610.625
191.0698,2512.181
191.0787,2418.782
191.0876,2330.135
191.0964,2246.879
191.1142,2090.813
191.1319,1950.44
191.1497,1822.487
191.1674,1706.923
191.1851,1601.705
191.2028,1505.706
191.2206,1417.46
191.2383,1337.086
191.2561,1262.9
191.2738,1195.061
191.2916,1132.199
191.3093,1074.496
191.327,1021.12
191.3447,971.6608
191.3625,925.5025
191.3802,882.8382
191.398,842.8925
191.4157,805.8548
191.4335,771.0722
191.4512,738.7274
191.4689,708.432
191.4866,680.0184
191.5044,653.1892
191.5221,628.109
191.5399,604.3692
191.5576,582.1242
191.5754,561.0196
191.5931,541.2
191.6108,522.4592
191.6285,504.7206
191.6463,487.8215
191.664,471.8874
191.6995,442.3127
191.735,415.5787
191.7704,391.3971
191.8059,369.3315
191.8414,349.1969
191.8769,330.7732
191.9123,313.916
191.9478,298.3663
191.9833,284.031
192.0188,270.7857
192.0542,258.5546
192.0897,247.1733
192.1252,236.5933
192.1607,226.7402
192.1961,217.5729
192.2316,208.9811
192.2671,200.9395
192.3026,193.4012
192.338,186.3437
192.3735,179.6897
192.409,173.4259
192.4445,167.5218
192.4799,161.9652
192.5154,156.6997
192.5509,151.7189
192.5864,147.0022
192.6218,142.543
192.6928,134.2681
192.7637,126.7977
192.8347,120.0103
192.9056,113.8399
192.9766,108.1967
193.0475,103.0351
193.1184,98.29374
193.1893,93.92703
193.2603,89.88994
193.3312,86.15941
193.4022,82.69477
193.4731,79.4794
193.5441,76.481
193.615,73.68753
193.686,71.07295
193.7569,68.62853
193.8279,66.33299
193.8988,64.18
193.9698,62.15201
194.0407,60.24442
194.1117,58.44257
194.1826,56.74319
194.2535,55.13612
194.3244,53.61454
194.3954,52.17025
194.4663,50.80169
194.5373,49.49982
194.6082,48.26364
194.7501,45.96436
194.892,43.87358
195.0339,41.96577
195.1758,40.21928
195.3177,38.61561
195.4595,37.1399
195.6014,35.77638
195.7433,34.51429
195.8852,33.34332
196.0271,32.25446
196.169,31.23983
196.3109,30.29246
196.4528,29.40623
196.5947,28.5757
196.7366,27.79604
196.8785,27.06294
197.0204,26.37255
197.1623,25.72144
197.3042,25.10649
197.4461,24.52491
197.588,23.9742
197.7298,23.45242
197.8717,22.95677
198.0136,22.48575
198.1555,22.03766
198.2974,21.61092
198.4393,21.20411
198.5812,20.81594
198.8649,20.09103
199.1487,19.42721
199.4325,18.81757
199.7163,18.25596
200.0,17.73732
200.2162,17.36796
200.4324,17.01901
200.6486,16.68889
200.8648,16.37616
201.081,16.07953
201.2972,15.79784
201.5134,15.53
201.7296,15.27506
201.9458,15.03214
202.162,14.80044
202.3782,14.57922
202.5944,14.36779
203.0268,13.97192
203.4591,13.60854
203.8915,13.27376
204.3239,12.96447
204.7563,12.67794
205.1886,12.41186
205.621,12.16406
206.0534,11.93278
206.4858,11.71648
206.9181,11.51382
207.3505,11.32347
207.7829,11.14442
208.2153,10.9757
208.6477,10.81645
209.0801,10.66591
209.5125,10.5234
209.9449,10.38829
210.3772,10.26007
210.8096,10.13816
211.242,10.02215
211.6744,9.911615
212.1067,9.806209
212.5391,9.70554
212.9715,9.609319
213.4039,9.51726
213.8362,9.42912
214.2686,9.344615
214.701,9.263545
215.5658,9.110906
216.4306,8.969747
217.2953,8.838833
218.1601,8.717056
219.0248,8.603517
219.8896,8.497375
220.7543,8.397949
221.6191,8.304593
222.4839,8.216771
223.3487,8.133999
224.2134,8.055855
225.0782,7.981938
225.9429,7.911921
226.8077,7.845484
227.6724,7.782365
228.5372,7.722302
229.402,7.665076
230.2668,7.610485
231.1315,7.558351
231.9963,7.508493
232.861,7.46077
233.7258,7.415031
234.5905,7.371157
235.4553,7.329024
236.3201,7.288526
237.1849,7.249565
238.0496,7.212054
239.7791,7.141031
241.5086,7.074853
243.2382,7.012996
244.9677,6.955021
246.6972,6.900531
248.4267,6.849186
250.1563,6.800684
251.8858,6.754766
253.6153,6.711195
255.3448,6.669764
257.0744,6.630287
258.8039,6.5926
260.5334,6.556554
262.2629,6.522016
263.9925,6.48886
265.722,6.456981
267.4515,6.426278
269.181,6.39666
270.9106,6.368042
272.6401,6.340351
274.3696,6.313515
276.0991,6.287468
277.8287,6.262151
279.5582,6.23751
283.0172,6.190048
286.4763,6.144708
289.9353,6.101162
293.3944,6.059116
296.8534,6.018306
300.3125,5.978489
303.7715,5.939441
307.2305,5.900949
310.6895,5.86281
314.1486,5.824821
317.6076,5.786789
321.0667,5.74851
324.5257,5.709781
327.9848,5.670381
331.4438,5.630086
334.9029,5.588641
338.3619,5.545776
340.0915,5.523714
341.821,5.50118
343.5505,5.478129
345.28,5.454512
347.0096,5.430277
348.7391,5.405371
350.4686,5.379734
352.1981,5.353301
353.9277,5.326
355.6572,5.297758
357.3867,5.26849
359.1162,5.238103
360.8458,5.206497
362.5753,5.173562
364.3048,5.139175
366.0343,5.103198
367.7639,5.065477
369.4934,5.025847
371.2229,4.984115
372.9524,4.940066
374.682,4.893454
376.4115,4.84401
377.2763,4.818128
378.141,4.791418
379.0058,4.763831
379.8705,4.73532
380.7353,4.705827
381.6001,4.675299
382.4649,4.643673
383.3296,4.610887
384.1944,4.576862
385.0591,4.541528
385.9239,4.504794
386.7886,4.466579
387.6534,4.426775
388.5182,4.38528
389.383,4.34198
390.2477,4.296752
391.1125,4.249452
391.9772,4.199938
392.842,4.148037
393.7067,4.093583
394.5715,4.036365
395.4363,3.976179
396.3011,3.912786
397.1658,3.845938
398.0306,3.775336
398.463,3.738535
398.8953,3.700687
399.3277,3.661732
399.7601,3.621633
400.1925,3.580343
400.6248,3.537823
401.0572,3.494
401.4896,3.448833
401.922,3.402265
402.3544,3.354238
402.7868,3.304694
403.2192,3.253572
403.6516,3.200811
404.0839,3.14636
404.5163,3.090131
404.9487,3.032075
405.3811,2.97213
405.8134,2.910254
406.2458,2.846364
406.6782,2.780431
407.1106,2.712417
407.5429,2.642319
407.9753,2.570103
408.4077,2.495812
408.8401,2.419505
409.2725,2.341294
409.7049,2.261354
409.9211,2.220814
410.1373,2.179946
410.3535,2.138804
410.5697,2.097445
410.7859,2.055944
411.002,2.014402
411.2182,1.972883
411.4344,1.931519
411.6506,1.890449
411.8668,1.849834
412.083,1.809862
412.2992,1.770753
412.5154,1.732767
412.7315,1.696223
412.9477,1.661446
413.1639,1.628872
413.3801,1.598996
413.5963,1.5724
413.8125,1.549776
414.0287,1.531939
414.2449,1.519862
414.461,1.514701
414.6772,1.517834
414.7853,1.523019
414.8934,1.530925
415.0015,1.541814
415.1096,1.555971
415.2177,1.573712
415.3258,1.595386
415.4339,1.621375
415.542,1.652103
415.5961,1.669407
415.6501,1.688041
415.7042,1.708142
415.7582,1.729705
415.8123,1.752886
415.8663,1.777674
415.9204,1.804245
415.9744,1.832586
416.0285,1.862895
416.0555,1.878768
416.0825,1.895155
416.1095,1.912067
416.1365,1.929521
416.15,1.938454
416.1635,1.947528
416.177,1.956743
416.1905,1.966102
416.2041,1.975677
416.2176,1.98533
416.2311,1.995132
416.2446,2.005086
416.2514,2.010156
416.2581,2.015191
416.2716,2.025452
416.2851,2.03587
416.2986,2.046446
416.3122,2.057264
416.3257,2.068166
416.3392,2.079232
416.3527,2.090467
416.3662,2.10187
416.3797,2.113444
416.4067,2.137117
416.4338,2.161594
416.4608,2.186713
416.4878,2.212584
416.5148,2.239224
416.5419,2.266758
416.5689,2.295003
416.6229,2.354015
416.677,2.416658
416.731,2.482891
416.7851,2.553166
416.8391,2.627436
416.8932,2.706209
416.9472,2.789437
417.0013,2.87769
417.0553,2.970918
417.1094,3.069764
417.1634,3.174178
417.2175,3.284885
417.2715,3.401836
417.3256,3.525849
417.3796,3.656877
417.4337,3.79585
417.4877,3.942726
417.5418,4.098557
417.5958,4.263311
417.6499,4.438183
417.6769,4.529328
417.7039,4.623158
417.758,4.819597
417.812,5.027502
417.866,5.24801
417.92,5.481968
417.9741,5.730762
418.0281,5.994463
418.0822,6.27512
418.1362,6.572857
418.1903,6.890039
418.2443,7.22686
418.2984,7.586058
418.3524,7.967923
418.4065,8.375638
418.4605,8.809621
418.5146,9.27359
418.5686,9.768129
418.6227,10.2976
418.6767,10.86282
418.7308,11.46894
418.7848,12.11706
418.8389,12.8133
418.8929,13.55916
418.947,14.36195
419.001,15.22372
419.0551,16.15324
419.1091,17.15328
419.1632,18.23448
419.2172,19.4006
419.2713,20.66464
419.3253,22.03167
419.3794,23.51775
419.4334,25.12979
419.4875,26.88781
419.5415,28.80124
419.5685,29.82296
419.5955,30.8913
419.6225,32.0089
419.6495,33.17865
419.6766,34.40824
419.7036,35.69189
419.7306,37.03755
419.7576,38.449
419.7847,39.93594
419.8117,41.49179
419.8387,43.12662
419.8657,44.84552
419.8928,46.66086
419.9198,48.5652
419.9468,50.5715
419.9738,52.6867
420.0009,54.92688
420.0279,57.28371
420.0549,59.77415
420.0819,62.40792
420.109,65.20622
420.136,68.15998
420.163,71.29187
420.19,74.61571
420.2171,78.16013
420.2441,81.91568
420.2711,85.91335
420.2981,90.1733
420.3252,94.73518
420.3522,99.59
420.3792,104.7813
420.4062,110.3393
420.4333,116.3206
420.4603,122.7185
420.4873,129.5962
420.5143,137.0005
420.5414,145.0146
420.5684,153.6385
420.5954,162.9672
420.6224,173.0757
420.6495,184.0915
420.6765,196.0301
420.7035,209.0407
420.7305,223.2488
420.7576,238.8584
420.7846,255.9204
420.8116,274.6803
420.8386,295.3584
420.8522,306.5797
420.8657,318.2994
420.8792,330.6365
420.8927,343.6327
420.9062,357.333
420.9197,371.7863
420.9332,387.0456
420.9467,403.168
420.9603,420.3458
420.9738,438.3945
420.9873,457.5104
421.0008,477.7735
421.0143,499.2709
421.0278,522.0977
421.0413,546.3574
421.0548,572.1629
421.0684,599.8476
421.0819,629.1402
421.0954,660.385
421.1089,693.743
421.1224,729.3903
421.1359,767.5193
421.1494,808.3402
421.1629,852.0825
421.1765,899.357
421.19,949.7432
421.2035,1003.874
421.217,1062.072
421.2305,1124.687
421.244,1192.096
421.2575,1264.702
421.271,1342.936
421.2845,1427.253
421.298,1518.129
421.3115,1616.052
421.325,1721.518
421.3385,1835.008
421.352,1956.98
421.3655,2087.834
421.379,2227.882
421.3929,2381.873
421.4067,2544.572
421.4205,2716.757
421.4343,2897.767
421.4481,3086.478
421.4619,3281.207
421.4895,3678.647
421.5034,3875.89
421.5172,4063.97
421.531,4239.243
421.5448,4396.298
421.5586,4529.735
421.5724,4634.577
421.5862,4706.716
421.6,4743.318
421.6139,4742.985
421.6277,4706.161
421.6415,4635.049
421.6553,4533.112
421.6691,4404.826
421.6829,4255.259
421.6967,4089.651
421.7105,3913.055
421.7382,3543.359
421.7658,3178.026
421.7796,3002.655
421.7934,2834.214
421.8072,2673.631
421.821,2521.453
421.8401,2325.096
421.8497,2232.648
421.8592,2145.202
421.8688,2060.823
421.8783,1981.159
421.8879,1904.406
421.8974,1832.027
421.907,1762.354
421.9165,1696.694
421.9261,1633.516
421.9356,1573.989
421.9547,1462.749
421.9737,1362.361
421.9928,1270.735
422.0119,1187.47
422.031,1111.7
422.0501,1042.645
422.0692,979.6065
422.0883,921.9612
422.1074,869.1551
422.1264,820.9392
422.1455,776.3705
422.1646,735.3257
422.1837,697.4598
422.2028,662.4667
422.2219,630.0738
422.241,600.0383
422.2601,572.1439
422.2791,546.3284
422.2982,522.1481
422.3173,499.589
422.3364,478.5119
422.3555,458.7924
422.3746,440.318
422.3937,422.9875
422.4128,406.7093
422.4318,391.4787
422.4509,377.0608
422.47,363.4702
422.4891,350.6451
422.5082,338.5294
422.5273,327.0718
422.5464,316.2258
422.5655,305.9483
422.5845,296.2502
422.6227,278.1983
422.6609,261.8721
422.6991,247.0576
422.7372,233.6064
422.7754,221.2924
422.8136,210.0192
422.8518,199.6711
422.8899,190.1727
422.9281,181.3876
422.9663,173.2659
423.0045,165.7416
423.0426,158.7743
423.0808,152.2762
423.119,146.2209
423.1572,140.5684
423.1953,135.2965
423.2335,130.3456
423.2717,125.7018
423.3099,121.3396
423.348,117.2466
423.3862,113.3807
423.4244,109.7344
423.4626,106.2911
423.5007,103.0438
423.5389,99.9618
423.5771,97.04123
423.6153,94.27071
423.6534,91.64655
423.7298,86.7659
423.8061,82.34528
423.8825,78.31677
423.9588,74.6432
424.0352,71.27418
424.1115,68.18371
424.1878,65.33718
424.2641,62.70866
424.3405,60.27256
424.4168,58.01559
424.4932,55.91458
424.5695,53.95989
424.6459,52.13306
424.7222,50.42704
424.7986,48.82689
424.8749,47.32748
424.9513,45.91654
425.0276,44.59033
425.104,43.33868
425.1803,42.15887
425.2567,41.04238
425.333,39.98725
425.4094,38.98627
425.4857,38.03804
425.5621,37.13644
425.6384,36.28047
425.7148,35.46489
425.7911,34.68902
425.9438,33.24231
426.0965,31.92244
426.2492,30.71421
426.4019,29.60468
426.5546,28.58279
426.7072,27.63963
426.8599,26.76573
427.0126,25.95458
427.1653,25.19994
427.318,24.49637
427.4707,23.83906
427.6234,23.2238
427.7761,22.64682
427.9288,22.10481
428.0815,21.59481
428.2342,21.11418
428.3869,20.66053
428.5396,20.23176
428.6923,19.82592
428.845,19.44133
428.9977,19.07639
429.1503,18.72991
429.303,18.40017
429.4557,18.0862
429.6084,17.78695
429.7611,17.50144
429.9138,17.22878
430.0665,16.96814
430.3719,16.47998
430.6773,16.03163
430.9827,15.61854
431.2881,15.23682
431.5934,14.88323
431.8988,14.55465
432.2042,14.24867
432.5096,13.9631
432.815,13.69599
433.1204,13.44567
433.4258,13.21063
433.7312,12.98953
434.0365,12.78127
434.3419,12.58467
434.6473,12.39883
434.9527,12.22293
435.2581,12.05619
435.5635,11.89793
435.8689,11.74754
436.1743,11.60444
436.4796,11.46818
436.785,11.33819
437.0904,11.2141
437.3958,11.09554
437.7012,10.98213
438.0066,10.87355
438.312,10.7695
438.9227,10.57398
439.5335,10.39352
440.1443,10.22651
440.7551,10.07151
441.3658,9.927291
441.9766,9.792743
442.5874,9.666946
443.1982,9.54908
443.8089,9.438439
444.4197,9.334347
445.0305,9.236259
445.6413,9.143671
446.252,9.056147
446.8628,8.973258
447.4736,8.894657
448.0844,8.82002
448.6951,8.749067
449.3059,8.681509
449.9167,8.617117
450.5275,8.555673
451.1382,8.49699
451.749,8.440865
452.3598,8.387143
452.9706,8.335673
453.5813,8.286321
454.1921,8.238946
454.8029,8.193436
456.0244,8.10759
457.246,8.027996
458.4675,7.954
459.689,7.885019
460.9105,7.820554
462.1321,7.760166
463.3536,7.703483
464.5752,7.650159
465.7967,7.59991
467.0183,7.552464
468.2398,7.507595
469.4614,7.465088
470.6829,7.424763
471.9045,7.386448
473.126,7.349998
474.3476,7.31527
475.5691,7.282147
476.7907,7.250514
478.0122,7.220272
479.2338,7.191327
480.4553,7.163596
481.6769,7.137
482.8984,7.111471
484.12,7.08694
485.3415,7.063352
486.5631,7.040648
487.7846,7.018779
490.2277,6.977361
492.6708,6.93876
495.1139,6.902688
497.557,6.868892
500.0,6.837155
502.3628,6.808238
504.7255,6.780915
507.0882,6.755051
509.4509,6.730524
511.8136,6.707229
514.1763,6.685068
516.539,6.663956
518.9017,6.643814
521.2645,6.624574
523.6272,6.606172
525.9899,6.588551
528.3526,6.571656
530.7153,6.555443
533.078,6.539865
535.4407,6.524886
537.8034,6.510466
540.1662,6.496571
542.5289,6.483173
544.8916,6.470241
547.2543,6.45775
551.9797,6.433994
556.7051,6.411728
561.4306,6.390802
566.156,6.371083
570.8814,6.352457
575.6068,6.334823
580.3323,6.318092
585.0577,6.302183
589.7831,6.287028
594.5085,6.272563
599.234,6.258732
603.9594,6.245483
608.6848,6.23277
613.4102,6.22055
618.1357,6.208786
622.8611,6.19744
627.5865,6.186482
632.3119,6.175881
637.0373,6.165607
641.7627,6.155634
646.4881,6.145936
651.2135,6.136489
655.939,6.127271
660.6644,6.118256
665.3898,6.109423
670.1152,6.100751
674.8407,6.092215
679.5661,6.083793
684.2915,6.07546
689.0169,6.067191
698.4678,6.050731
703.1932,6.042477
707.9186,6.034157
712.6441,6.025728
717.3695,6.017138
719.7322,6.012764
722.0949,6.008327
724.4576,6.003816
726.8203,5.999221
729.1831,5.994529
731.5458,5.989727
733.9085,5.9848
736.2712,5.979732
738.6339,5.9745
740.9966,5.969085
743.3593,5.963459
745.722,5.957593
748.0848,5.951451
750.4475,5.944993
751.6289,5.941629
752.8102,5.938168
753.9916,5.934602
755.1729,5.93092
756.3543,5.927117
757.5356,5.923179
758.717,5.919097
759.8983,5.914858
761.0797,5.910449
762.261,5.905854
763.4424,5.901056
764.6237,5.896036
765.8051,5.890773
766.9865,5.885241
768.1679,5.879415
769.3492,5.873262
770.5306,5.866745
771.7119,5.859826
772.8933,5.852454
773.484,5.848582
774.0746,5.844576
774.6653,5.840428
775.256,5.836127
775.8467,5.831665
776.4373,5.827033
777.028,5.822214
777.6187,5.817201
778.2094,5.811976
778.8,5.806527
779.3907,5.800835
779.9814,5.794882
780.5721,5.788649
781.1627,5.782114
781.7534,5.775249
782.3441,5.768028
782.9348,5.760422
783.5254,5.752397
784.1161,5.743911
784.7068,5.734924
785.2975,5.725384
785.8881,5.71524
786.4788,5.704424
787.0695,5.692868
787.6602,5.680486
787.9555,5.673958
788.2508,5.667187
788.5462,5.660157
788.8415,5.652856
789.1369,5.645264
789.4322,5.637367
789.7276,5.629141
790.0229,5.620569
790.3182,5.611626
790.6135,5.602286
790.9089,5.59252
791.2042,5.582302
791.4996,5.571594
791.7949,5.560368
792.0903,5.548573
792.3856,5.536177
792.6809,5.523126
792.9762,5.509366
793.2716,5.494832
793.5669,5.47947
793.8623,5.463194
794.1576,5.445933
794.453,5.427582
794.7483,5.40805
795.0436,5.387213
795.3389,5.36494
795.4866,5.353214
795.6343,5.341072
795.782,5.328489
795.9296,5.315452
796.0773,5.30192
796.225,5.287873
796.3727,5.273283
796.5203,5.25813
796.668,5.242361
796.8157,5.225952
796.9634,5.208863
797.111,5.191071
797.2587,5.172508
797.4063,5.153153
797.554,5.132934
797.7016,5.111827
797.8493,5.089751
797.997,5.066666
798.1447,5.042513
798.2923,5.017251
798.44,4.990786
798.5877,4.963076
798.7354,4.934066
798.883,4.903728
799.0307,4.871984
799.1046,4.855575
799.1784,4.838835
799.2523,4.821723
799.3261,4.804288
799.3999,4.786519
799.4737,4.768425
799.5476,4.749998
799.6214,4.731313
799.6952,4.712375
799.769,4.693225
799.8429,4.673886
799.9167,4.654478
799.9905,4.635057
800.0643,4.615727
800.1382,4.596592
800.212,4.577869
800.2859,4.559714
800.3597,4.54243
800.4336,4.526298
800.5074,4.511766
800.5812,4.499325
800.655,4.489625
800.692,4.486045
800.7289,4.483487
800.7658,4.482082
800.8027,4.481988
800.8397,4.483391
800.8766,4.486492
800.9135,4.491523
800.9504,4.498755
800.9874,4.508525
801.0243,4.521133
801.0612,4.537009
801.0981,4.556622
801.135,4.580514
801.1719,4.609317
801.2088,4.643763
801.2457,4.684714
801.2827,4.733316
801.3196,4.790497
801.3565,4.857779
801.3934,4.93683
801.4304,5.029908
801.4673,5.138901
801.5042,5.266915
801.5227,5.339321
801.5411,5.417439
801.5596,5.502677
801.5781,5.59525
801.5966,5.695851
801.615,5.804631
801.6335,5.923626
801.6519,6.052496
801.6704,6.193711
801.6888,6.346927
801.7073,6.515157
801.7257,6.698085
801.7442,6.89941
801.7626,7.118878
801.7811,7.361075
801.7995,7.625868
801.818,7.918997
801.8364,8.240547
801.8549,8.597778
801.8734,8.993396
801.8919,9.432457
801.9103,9.918057
801.9288,10.4623
801.938,10.7563
801.9472,11.06727
801.9565,11.40009
801.9657,11.74894
801.9749,12.11874
801.9841,12.51105
801.9934,12.93223
802.0026,13.37513
802.0118,13.84617
802.021,14.3476
802.0303,14.88788
802.0395,15.45812
802.0487,16.06695
802.0579,16.71764
802.0672,17.42168
802.0764,18.16801
802.0856,18.9684
802.0948,19.82785
802.1041,20.76233
802.1133,21.75798
802.1179,22.28452
802.1225,22.83143
802.1271,23.39973
802.1317,23.99045
802.1364,24.61837
802.141,25.25797
802.1456,25.92359
802.1502,26.61663
802.1549,27.3545
802.1595,28.10736
802.1641,28.89224
802.1687,29.71084
802.1734,30.584
802.178,31.47657
802.1826,32.40882
802.1872,33.38301
802.1918,34.40154
802.1964,35.46699
802.201,36.5821
802.2056,37.74983
802.2103,39.00058
802.2149,40.28459
802.2195,41.63151
802.2241,43.04526
802.2287,44.53008
802.2333,46.09052
802.2379,47.73148
802.2425,49.45826
802.2472,51.31717
802.2518,53.23539
802.2564,55.25819
802.261,57.39276
802.2656,59.64701
802.2702,62.02944
802.2748,64.54929
802.2794,67.21665
802.2841,70.10572
802.2887,73.1057
802.2933,76.28931
802.2979,79.67072
802.3025,83.26544
802.3071,87.09037
802.3117,91.16402
802.3163,95.50664
802.321,100.2445
802.3256,105.2009
802.3302,110.4999
802.3348,116.171
802.3394,122.246
802.344,128.7604
802.3486,135.7529
802.3532,143.2657
802.3579,151.5277
802.3625,160.2392
802.3671,169.6255
802.3717,179.7473
802.3763,190.671
802.3809,202.4682
802.3855,215.2166
802.3901,228.9994
802.3925,236.6303
802.3948,244.2421
802.3971,252.1584
802.3994,260.3911
802.4017,268.9527
802.404,277.8553
802.4063,287.1113
802.4086,296.7331
802.4109,306.7328
802.4132,317.1225
802.4178,339.1168
802.4224,362.8
802.427,388.2391
802.4316,415.4763
802.4362,444.5167
802.4408,475.3155
802.4453,507.0397
802.4499,540.9079
802.4544,575.1651
802.459,610.926
802.4635,646.1143
802.4681,681.6223
802.4727,715.8543
802.4773,747.8882
802.4818,776.1507
802.4864,800.9252
802.4909,820.2585
802.4955,834.2581
802.5,841.8014
802.5046,842.9717
802.5092,837.5809
802.5138,825.9792
802.5183,809.2029
802.5229,787.2883
802.5274,762.0542
802.532,733.3064
802.5365,703.1674
802.5411,671.1206
802.5457,638.5464
802.5548,574.8029
802.5594,543.7719
802.5639,514.5598
802.5685,486.0423
802.573,459.5612
802.5773,435.611
802.5816,412.9917
802.5859,391.6863
802.5901,372.111
802.5944,353.2869
802.5986,336.0361
802.6029,319.4776
802.6071,304.3213
802.6114,289.7829
802.6156,276.4786
802.6199,263.7149
802.6241,252.0296
802.6284,240.8112
802.6326,230.5314
802.6369,220.6518
802.6411,211.5879
802.6454,202.8655
802.6497,194.6671
802.654,186.9552
802.6582,179.8592
802.6625,173.01
802.6667,166.6979
802.671,160.5955
802.6752,154.9627
802.6795,149.5083
802.6837,144.4655
802.688,139.5748
802.6922,135.0461
802.6965,130.6471
802.7007,126.5674
802.7092,118.9124
802.7178,111.903
802.7263,105.6154
802.7348,99.88984
802.7433,94.66241
802.7518,89.87772
802.7603,85.48767
802.7688,81.45036
802.7773,77.72921
802.7858,74.29213
802.7943,71.11099
802.8028,68.16097
802.8113,65.42016
802.8198,62.86914
802.8283,60.4907
802.8368,58.26951
802.8453,56.19187
802.8539,54.22341
802.8624,52.39883
802.8709,50.68466
802.8794,49.07204
802.8879,47.55299
802.8964,46.1203
802.9049,44.76744
802.9134,43.48846
802.922,42.26414
802.9305,41.118
802.939,40.03094
802.9475,38.99889
802.9645,37.08517
802.9815,35.35055
802.9986,33.764
803.0156,32.32514
803.0326,31.00818
803.0496,29.79936
803.0666,28.68682
803.0836,27.66028
803.1006,26.71082
803.1176,25.83068
803.1347,25.00839
803.1517,24.24756
803.1687,23.53794
803.1857,22.87486
803.2028,22.25064
803.2198,21.66889
803.2368,21.12256
803.2538,20.60872
803.2709,20.12195
803.2879,19.6656
803.3049,19.23458
803.3219,18.82697
803.3389,18.44103
803.3559,18.07519
803.3729,17.728
803.3899,17.39815
803.407,17.08265
803.424,16.7841
803.458,16.22827
803.4921,15.7203
803.5261,15.25721
803.5602,14.8312
803.5942,14.44043
803.6282,14.07989
803.6622,13.74636
803.6963,13.43618
803.7303,13.14875
803.7644,12.88023
803.7984,12.63035
803.8325,12.39596
803.8665,12.177
803.9005,11.97145
803.9345,11.7782
803.9686,11.59568
804.0026,11.42405
804.0367,11.26147
804.0707,11.10816
804.1048,10.96255
804.1388,10.82489
804.1728,10.69418
804.2068,10.56995
804.2409,10.45139
804.2749,10.33879
804.309,10.23111
804.343,10.12864
804.4111,9.936854
804.4791,9.76145
804.5472,9.600021
804.6153,9.451224
804.6834,9.313675
804.7514,9.186362
804.8195,9.067878
804.8876,8.957518
804.9557,8.854497
805.0237,8.758261
805.0918,8.667923
805.1599,8.583088
805.228,8.503283
805.296,8.428191
805.3641,8.357211
805.4322,8.29012
805.5003,8.226614
805.5683,8.166504
805.6364,8.109368
805.7045,8.055072
805.7726,8.003414
805.8406,7.954281
805.9087,7.90736
805.9768,7.862572
806.0449,7.81978
806.1129,7.778912
806.2491,7.702191
806.3852,7.631695
806.5214,7.566614
806.6575,7.50644
806.7937,7.450568
806.9298,7.398631
807.066,7.350163
807.2021,7.304898
807.3383,7.262469
807.4744,7.222679
807.6106,7.185239
807.7467,7.149996
807.8829,7.116719
808.019,7.085292
808.1552,7.055526
808.2913,7.027332
808.4275,7.000552
808.5636,6.97512
808.6998,6.950902
808.8359,6.927845
808.9721,6.905839
809.1082,6.884843
809.2444,6.864761
809.3805,6.845561
809.5167,6.827162
809.6528,6.809539
809.9251,6.776388
810.1974,6.745777
810.4697,6.717425
810.742,6.691094
811.0143,6.666572
811.2865,6.643689
811.5588,6.622268
811.8311,6.602182
812.1034,6.583309
812.3757,6.565541
812.648,6.548784
812.9203,6.532953
813.1926,6.517974
813.4649,6.503779
813.7372,6.490307
814.0095,6.477504
814.2818,6.465321
814.5541,6.453713
814.8264,6.442641
815.0987,6.432067
815.371,6.421958
815.6432,6.412287
815.9155,6.40302
816.1878,6.394134
816.7324,6.377414
817.277,6.361962
817.8216,6.347636
818.3662,6.334313
818.9108,6.321891
819.4554,6.31028
819.9999,6.299401
820.0001,10.39378
1000.0,10.33778
1500.0,9.247163
2000.0,8.51724
3000.0,7.730956
4000.0,7.185678
5000.0,6.912816
6000.0,6.790702
7000.0,6.756157
8000.0,6.76912
9000.0,6.812385
10000.0,6.860329
15000.0,7.088707
20000.0,7.321781
30000.0,7.815771
40000.0,8.134967
50000.0,8.343434
60000.0,8.476803
70000.0,8.583074
80000.0,8.652583
90000.0,8.69876
100000.0,8.719361
150000.0,8.694945
200000.0,8.614207
250000.0,8.530401
300000.0,8.435583
317763.4,8.398289
317763.5,8.398289
350000.0,8.326638
360118.5,8.303542
360118.6,8.303542
400000.0,8.211659
424024.9,8.156917
424025.0,8.156917
442738.3,8.113899
442738.4,8.113899
450000.0,8.097143
459906.6,8.074245
459906.7,8.074245
473722.0,8.042257
473722.1,8.042257
500000.0,7.981338
550000.0,7.866317
562038.6,7.838084
562038.7,7.838083
600000.0,7.747849
650000.0,7.627659
700000.0,7.507829
750000.0,7.39061
800000.0,7.273082
850000.0,7.15278
900000.0,7.028341
950000.0,6.90009
1000000.0,6.779514
1100000.0,6.590991
1200000.0,6.407844
1288670.0,6.233047
1288671.0,6.233044
1300000.0,6.211671
1400000.0,6.034136
1500000.0,5.875684
1549759.0,5.802488
1549760.0,5.802485
1600000.0,5.731719
1608778.0,5.719653
1608779.0,5.719651
1674613.0,5.631607
1674614.0,5.631606
1700000.0,5.598706
1731975.0,5.556881
1731976.0,5.55688
1800000.0,5.464224
1900000.0,5.324104
1937994.0,5.270725
1937995.0,5.270723
1963626.0,5.234918
1963627.0,5.234916
2000000.0,5.184551
2100000.0,5.051684
2132420.0,5.010092
2132421.0,5.010092
2132682.0,5.009759
2132683.0,5.009757
2138873.0,5.0019
2138874.0,5.001899
2159263.0,4.97621
2159264.0,4.976208
2200000.0,4.925749
2270958.0,4.840612
2270959.0,4.84061
2300000.0,4.806768
2317383.0,4.786788
2317384.0,4.786786
2324139.0,4.779078
2324140.0,4.779077
2366201.0,4.731771
2366202.0,4.731769
2400000.0,4.69462
2414868.0,4.678517
2414869.0,4.678516
2455668.0,4.635077
2455669.0,4.635075
2498962.0,4.59016
2498963.0,4.590159
2500000.0,4.589097
2504850.0,4.584208
2504851.0,4.584207
2600000.0,4.488768
2700000.0,4.391234
2800000.0,4.298655
2900000.0,4.212541
3000000.0,4.133925
3100000.0,4.070552
3200000.0,4.023389
3500000.0,3.931074
4000000.0,3.842644
4500000.0,3.828165
5000000.0,3.87323
5500000.0,3.942894
5627600.0,3.965026
5627601.0,3.965026
5786477.0,3.994573
5786478.0,3.994573
5811179.0,3.999065
5811180.0,3.999065
5935922.0,4.020242
5935923.0,4.020242
5986417.0,4.027782
5986418.0,4.027782
6000000.0,4.02968
6110402.0,4.044017
6110403.0,4.044017
6382751.0,4.075489
6382752.0,4.075489
6383004.0,4.075519
6383005.0,4.075519
6487427.0,4.088437
6487428.0,4.088437
6500000.0,4.090086
6529742.0,4.094073
6529743.0,4.094072
6535802.0,4.094882
6535803.0,4.094882
6538361.0,4.095222
6538364.0,4.095223
6542245.0,4.095741
6542246.0,4.095741
6615684.0,4.105499
6615685.0,4.105499
6633459.0,4.107849
6633460.0,4.107849
6673552.0,4.113133
6673553.0,4.113133
6695769.0,4.116056
6695770.0,4.116055
6960868.0,4.150704
6960869.0,4.150704
7000000.0,4.155818
7000415.0,4.155872
7000416.0,4.155872
7112989.0,4.170733
7112990.0,4.170733
7173754.0,4.178692
7173755.0,4.178692
7500000.0,4.220511
7874204.0,4.269873
7874206.0,4.269873
8000000.0,4.284274
8500000.0,4.317166
9000000.0,4.344304
9500000.0,4.357844
10000000.0,4.362627
10500000.0,4.376726
10663900.0,4.37936
10663930.0,4.379357
11000000.0,4.381309
11500000.0,4.374976
12000000.0,4.358455
12423050.0,4.340887
12423070.0,4.340886
12500000.0,4.337328
13000000.0,4.31085
13407770.0,4.280077
13407820.0,4.280072
13500000.0,4.27183
14000000.0,4.222978
14500000.0,4.185981
15000000.0,4.141693
15500000.0,4.091128
15616890.0,4.079136
16000000.0,4.037172
16500000.0,3.973847
17000000.0,3.906585
17500000.0,3.840146
17863490.0,3.793607
18000000.0,3.776483
18500000.0,3.715422
19000000.0,3.656922
19026240.0,3.653928
19026290.0,3.653922
19500000.0,3.601774
20000000.0,3.549977
21000000.0,3.459599
22000000.0,3.385017
23000000.0,3.326439
24000000.0,3.276732
25000000.0,3.219899
26000000.0,3.16733
27000000.0,3.129101
28000000.0,3.098022
29000000.0,3.075081
30000000.0,3.062158
