1e-05,154.9
1.03125e-05,152.596
1.0625e-05,150.3945
1.09375e-05,148.288
1.125e-05,146.2698
1.15625e-05,144.3341
1.1875e-05,142.4753
1.21875e-05,140.6884
1.25e-05,138.969
1.28125e-05,137.3129
1.3125e-05,135.7162
1.34375e-05,134.1756
1.375e-05,132.6879
1.4375e-05,129.8592
1.5e-05,127.2092
1.5625e-05,124.7199
1.625e-05,122.3756
1.6875e-05,120.1627
1.75e-05,118.0695
1.8125e-05,116.0856
1.875e-05,114.2016
1.9375e-05,112.4096
2e-05,110.7022
2.09375e-05,108.286
2.1875e-05,106.0268
2.28125e-05,103.9084
2.375e-05,101.9167
2.46875e-05,100.0395
2.5625e-05,98.26628
2.65625e-05,96.58781
2.75e-05,94.99591
2.84375e-05,93.48341
2.9375e-05,92.04389
3.03125e-05,90.67169
3.125e-05,89.36171
3.21875e-05,88.10939
3.3125e-05,86.91061
3.40625e-05,85.76167
3.5e-05,84.65921
3.59375e-05,83.60018
3.6875e-05,82.58179
3.78125e-05,81.60152
3.875e-05,80.65704
3.96875e-05,79.74623
4.0625e-05,78.86713
4.25e-05,77.19701
4.4375e-05,75.6339
4.625e-05,74.16683
4.8125e-05,72.78636
5e-05,71.48429
5.15625e-05,70.45393
5.3125e-05,69.46936
5.46875e-05,68.52731
5.625e-05,67.62478
5.78125e-05,66.75909
5.9375e-05,65.9278
6.09375e-05,65.1287
6.25e-05,64.35975
6.40625e-05,63.61911
6.5625e-05,62.90508
6.71875e-05,62.2161
6.875e-05,61.55075
7.1875e-05,60.28574
7.5e-05,59.10064
7.8125e-05,57.98737
8.125e-05,56.93897
8.4375e-05,55.94937
8.75e-05,55.01326
9.0625e-05,54.126
9.375e-05,53.28348
9.6875e-05,52.48207
0.0001,51.71852
0.000103125,50.98995
0.00010625,50.29376
0.000109375,49.62762
0.0001125,48.98944
0.000115625,48.37731
0.00011875,47.7895
0.000121875,47.22445
0.000125,46.68072
0.000128125,46.15701
0.00013125,45.65211
0.000134375,45.16494
0.0001375,44.69446
0.00014375,43.79996
0.00015,42.96197
0.00015625,42.17478
0.0001625,41.43345
0.00016875,40.73369
0.000175,40.07177
0.00018125,39.44438
0.0001875,38.84863
0.00019375,38.28195
0.0002,37.74204
0.000209375,36.97796
0.00021875,36.26355
0.000228125,35.59364
0.0002375,34.9638
0.000246875,34.37019
0.00025625,33.80946
0.000265625,33.27868
0.000275,32.77528
0.000284375,32.29699
0.00029375,31.84178
0.000303125,31.40785
0.0003125,30.9936
0.000321875,30.59758
0.00033125,30.2185
0.000340625,29.85518
0.00035,29.50655
0.000359375,29.17166
0.00036875,28.84962
0.000378125,28.53963
0.0003875,28.24096
0.000396875,27.95294
0.00040625,27.67494
0.000425,27.14681
0.00044375,26.65251
0.0004625,26.18858
0.00048125,25.75204
0.0005,25.34029
0.000515625,25.01447
0.00053125,24.70312
0.000546875,24.40522
0.0005625,24.11982
0.000578125,23.84606
0.00059375,23.58319
0.000609375,23.33049
0.000625,23.08733
0.000640625,22.85312
0.00065625,22.62732
0.000671875,22.40945
0.0006875,22.19905
0.00071875,21.79902
0.00075,21.42426
0.00078125,21.07222
0.0008125,20.74068
0.00084375,20.42775
0.000875,20.13172
0.00090625,19.85115
0.0009375,19.58472
0.00096875,19.3313
0.001,19.08984
0.00103125,18.85945
0.0010625,18.6393
0.00109375,18.42865
0.001125,18.22684
0.00115625,18.03326
0.0011875,17.84738
0.00121875,17.6687
0.00125,17.49676
0.00128125,17.33115
0.0013125,17.17149
0.00134375,17.01743
0.001375,16.86865
0.0014375,16.58579
0.0015,16.32079
0.0015625,16.07186
0.001625,15.83743
0.0016875,15.61615
0.00175,15.40683
0.0018125,15.20844
0.001875,15.02005
0.0019375,14.84085
0.002,14.67011
0.00209375,14.42849
0.0021875,14.20258
0.00228125,13.99074
0.002375,13.79156
0.00246875,13.60385
0.0025625,13.42653
0.00265625,13.25868
0.00275,13.0995
0.00284375,12.94825
0.0029375,12.8043
0.00303125,12.66708
0.003125,12.53608
0.00321875,12.41085
0.0033125,12.29097
0.00340625,12.17608
0.0035,12.06584
0.00359375,11.95994
0.0036875,11.8581
0.00378125,11.76007
0.003875,11.66562
0.00396875,11.57454
0.0040625,11.48664
0.00425,11.31963
0.0044375,11.16332
0.004625,11.01661
0.0048125,10.87856
0.005,10.74836
0.00515625,10.64532
0.0053125,10.54687
0.00546875,10.45266
0.005625,10.36241
0.00578125,10.27584
0.0059375,10.19272
0.00609375,10.11281
0.00625,10.03591
0.00640625,9.961848
0.0065625,9.890446
0.00671875,9.821549
0.006875,9.755015
0.0071875,9.628515
0.0075,9.510006
0.0078125,9.398681
0.008125,9.293842
0.0084375,9.194882
0.00875,9.101273
0.0090625,9.012548
0.009375,8.928297
0.0096875,8.848156
0.01,8.771802
0.0103125,8.698946
0.010625,8.629327
0.0109375,8.562715
0.01125,8.498897
0.0115625,8.437684
0.011875,8.378904
0.0121875,8.3224
0.0125,8.268027
0.0128125,8.215657
0.013125,8.165168
0.0134375,8.116451
0.01375,8.069404
0.014375,7.979955
0.015,7.896157
0.015625,7.817438
0.01625,7.743305
0.016875,7.673331
0.0175,7.607139
0.018125,7.544401
0.01875,7.484827
0.019375,7.428159
0.02,7.374168
0.0206625,7.319635
0.021325,7.267662
0.0219875,7.218057
0.02265,7.170644
0.0233125,7.125267
0.023975,7.081784
0.0246375,7.040067
0.0253,7.0
0.02607188,6.955253
0.02684375,6.912451
0.02761563,6.871456
0.0283875,6.832144
0.02915938,6.794404
0.02993125,6.758134
0.03070313,6.72324
0.031475,6.689638
0.03224688,6.657249
0.03301875,6.626004
0.0345625,6.566682
0.03610625,6.511207
0.03765,6.45918
0.03919375,6.410258
0.0407375,6.364143
0.04228125,6.320579
0.043825,6.279336
0.04536875,6.240218
0.0469125,6.203046
0.04845625,6.167666
0.05,6.133937
0.0515625,6.101352
0.053125,6.070216
0.0546875,6.040424
0.05625,6.011883
0.0578125,5.984506
0.059375,5.958217
0.0609375,5.932946
0.0625,5.908629
0.0640625,5.885207
0.065625,5.862627
0.0671875,5.840839
0.06875,5.819798
0.071875,5.779793
0.075,5.742316
0.078125,5.707111
0.08125,5.673956
0.084375,5.642661
0.0875,5.613059
0.090625,5.585
0.09375,5.558357
0.096875,5.533014
0.1,5.508868
0.103125,5.485828
0.10625,5.463812
0.109375,5.442747
0.1125,5.422566
0.115625,5.403208
0.11875,5.38462
0.121875,5.366751
0.125,5.349557
0.128125,5.332996
0.13125,5.31703
0.134375,5.301624
0.1375,5.286746
0.14375,5.25846
0.15,5.23196
0.15625,5.207067
0.1625,5.183624
0.16875,5.161496
0.175,5.140565
0.18125,5.120725
0.1875,5.101886
0.19375,5.083966
0.2,5.066893
0.209375,5.042732
0.21875,5.02014
0.228125,4.998957
0.2375,4.97904
0.246875,4.960269
0.25625,4.942537
0.265625,4.925753
0.275,4.909835
0.284375,4.89471
0.29375,4.880316
0.303125,4.866594
0.3125,4.853495
0.321875,4.840973
0.33125,4.828985
0.340625,4.817497
0.35,4.806473
0.359375,4.795883
0.36875,4.785699
0.378125,4.775897
0.3875,4.766453
0.396875,4.757345
0.40625,4.748555
0.425,4.731855
0.44375,4.716225
0.4625,4.701555
0.48125,4.687751
0.5,4.674731
0.53125,4.654583
0.5625,4.636139
0.59375,4.61917
0.625,4.603491
0.65625,4.588946
0.6875,4.575403
0.71875,4.562754
0.75,4.550904
0.78125,4.539773
0.8125,4.52929
0.84375,4.519394
0.875,4.510034
0.9375,4.492738
1.0,4.47709
1.0625,4.462844
1.125,4.449802
1.1875,4.437804
1.25,4.426718
1.3125,4.416433
1.375,4.406857
1.4375,4.397913
1.5,4.389535
1.5625,4.381664
1.625,4.374251
1.6875,4.367254
1.75,4.360636
1.875,4.348406
2.0,4.337342
2.09375,4.329702
2.1875,4.322559
2.28125,4.315861
2.375,4.309563
2.46875,4.303628
2.5625,4.298022
2.65625,4.292715
2.75,4.287681
2.9375,4.278348
3.125,4.269867
3.3125,4.262118
3.5,4.254999
3.6875,4.248431
3.875,4.242345
4.0625,4.236686
4.25,4.231406
4.4375,4.226464
4.625,4.221825
4.8125,4.217461
5.0,4.213344
5.3125,4.206973
5.625,4.201141
5.9375,4.195776
6.25,4.190818
6.5625,4.186219
6.875,4.181937
7.1875,4.177938
7.5,4.174191
7.8125,4.170671
8.125,4.167357
8.4375,4.164228
8.75,4.161268
9.375,4.155799
10.0,4.150852
10.625,4.146347
11.25,4.142223
11.875,4.13843
12.5,4.134924
13.125,4.131672
13.75,4.128645
14.375,4.125817
15.0,4.123167
15.625,4.120679
16.25,4.118335
16.875,4.116123
17.5,4.11403
18.75,4.110163
20.0,4.106664
21.0,4.104094
21.99999,4.1017
22.00001,69.49223
23.50001,67.36051
25.0,65.43292
26.25,63.94363
27.5,62.56205
28.75,61.2759
30.0,60.07479
32.5,57.86688
35.0,55.9109
37.5,54.145
40.0,52.55483
42.5,51.09596
45.0,49.76584
47.5,48.54672
50.0,47.42406
52.5,46.37235
55.0,45.39619
57.5,44.48698
60.0,43.63748
63.0,42.67793
66.0,41.78712
69.0,40.95721
72.0,40.18163
75.25,39.38883
78.5,38.64751
85.0,37.29874
88.75,36.58559
92.5,35.91758
100.0,34.69939
106.25,33.77782
112.5,32.93768
118.75,32.1677
125.0,31.45865
131.25,30.7945
137.5,30.17811
143.75,29.60405
150.0,29.06767
160.0,28.27114
170.0,27.5487
177.5,27.04502
185.0,26.57344
200.0,25.71398
212.5,25.06514
225.0,24.47285
237.5,23.92934
250.0,23.42825
262.5,22.96087
275.0,22.52656
287.5,22.12159
300.0,21.74277
312.5,21.38568
325.0,21.04979
350.0,20.4338
375.0,19.88004
400.0,19.37975
425.0,18.92428
450.0,18.50762
475.0,18.12449
500.0,17.77058
525.0,17.44287
550.0,17.13772
575.0,16.85264
600.0,16.58549
630.0,16.28728
660.0,16.0094
690.0,15.74964
720.0,15.50606
760.0,15.20528
800.0,14.92692
850.0,14.60915
900.0,14.31752
950.0,14.04856
1000.0,13.79939
1062.5,13.51703
1125.0,13.25757
1187.5,13.01798
1250.0,12.79579
1312.5,12.59308
1375.0,12.40359
1437.5,12.2259
1500.0,12.05878
1600.0,11.81549
1700.0,11.59256
1850.0,11.29656
2000.0,11.03198
2125.0,10.83798
2250.0,10.65892
2375.0,10.49291
2500.0,10.33835
2625.0,10.19965
2750.0,10.06953
3000.0,9.831562
3250.0,9.626663
3500.0,9.441599
3750.0,9.279235
4000.0,9.130441
4250.0,9.000104
4500.0,8.879324
4750.0,8.766916
5000.0,8.661896
5500.0,8.482515
6000.0,8.322839
6500.0,8.187493
7000.0,8.064725
7500.0,7.958466
8000.0,7.860779
8500.0,7.776788
9000.0,7.698788
9500.0,7.626047
10000.0,7.557953
10625.0,7.486172
11250.0,7.419509
11875.0,7.357335
12500.0,7.299127
13125.0,7.249667
13750.0,7.203095
15000.0,7.11749
16000.0,7.060155
17000.0,7.007188
18500.0,6.940458
20000.0,6.880317
21200.48,6.84112
22400.95,6.804722
23601.43,6.770781
24801.9,6.739013
24900.95,6.736481
25000.0,6.733962
25078.13,6.732236
25156.25,6.730518
25312.5,6.727103
25625.0,6.720356
25937.5,6.713719
26250.0,6.707188
26562.5,6.70076
26875.0,6.694432
27500.0,6.682066
28125.0,6.670067
28750.0,6.658417
29375.0,6.6471
30000.0,6.636097
30625.0,6.626659
31250.0,6.617482
31875.0,6.608552
32500.0,6.599858
33125.0,6.591388
33750.0,6.583134
35000.0,6.56723
36250.0,6.553722
37500.0,6.540849
38750.0,6.528563
40000.0,6.516815
41250.0,6.5071
42500.0,6.497803
45000.0,6.480339
47500.0,6.464217
50000.0,6.449266
51250.0,6.443376
52500.0,6.437698
55000.0,6.426929
57500.0,6.416866
60000.0,6.407437
62500.0,6.399758
65000.0,6.392534
67500.0,6.385723
70000.0,6.379288
72500.0,6.373839
75000.0,6.368676
80000.0,6.359115
82499.99,6.355018
84999.98,6.351108
89999.95,6.343799
94999.93,6.337093
99999.9,6.330912
100000.1,6.332946
103125.1,6.330556
106250.1,6.328282
112500.1,6.324054
118750.1,6.320202
125000.1,6.316676
131250.1,6.313434
137500.1,6.310442
143750.1,6.307673
150000.0,6.305099
151634.0,6.304754
151634.4,6.304754
152012.3,6.304722
152390.1,6.304691
153145.8,6.304629
154657.1,6.304508
156168.5,6.304391
157679.8,6.304277
160702.7,6.304062
163725.5,6.30386
166748.4,6.303672
169771.3,6.303496
172794.2,6.303332
175817.0,6.30318
181862.8,6.302907
187908.5,6.302673
193954.3,6.302472
200000.0,6.302304
203125.0,6.302804
206250.0,6.303303
209375.0,6.303798
212500.0,6.30429
215625.0,6.304778
218750.0,6.305264
225000.0,6.306227
231250.0,6.307178
237500.0,6.308116
243750.0,6.309044
250000.0,6.309958
256250.0,6.311617
262500.0,6.313245
268750.0,6.314841
275000.0,6.316408
281250.0,6.317947
287500.0,6.319458
300000.0,6.322403
306250.0,6.324638
312500.0,6.326829
318750.0,6.32898
325000.0,6.331092
331250.0,6.333166
337500.0,6.335203
350000.0,6.339174
362500.0,6.343013
375000.0,6.34673
387500.0,6.350332
400000.0,6.353825
412500.0,6.357217
425000.0,6.360515
450000.0,6.366842
475000.0,6.372846
500000.0,6.378559
515484.8,6.381136
530969.5,6.383636
546454.3,6.386066
561939.0,6.388428
577423.8,6.390727
592908.5,6.392965
623878.0,6.397273
626256.9,6.397288
628635.7,6.397306
633393.3,6.39735
638150.9,6.397404
642908.5,6.397469
652423.8,6.397628
661939.0,6.397825
671454.3,6.398058
680969.5,6.398325
700000.0,6.398957
725000.0,6.396292
750000.0,6.393804
775000.0,6.391479
800000.0,6.389305
819335.5,6.384885
838671.0,6.380601
858006.5,6.376444
877342.0,6.372409
880174.3,6.371588
883006.5,6.370769
888671.0,6.369142
894335.5,6.367528
900000.0,6.365926
906378.0,6.363985
908999.4,6.363127
911620.8,6.362271
916863.5,6.36057
927349.0,6.357205
930272.8,6.356189
933196.5,6.355178
939044.0,6.353166
940948.9,6.352385
942853.8,6.351606
946663.5,6.350055
954283.0,6.34698
961902.5,6.34394
969522.0,6.340935
984761.0,6.335026
1000000.0,6.329248
1013218.0,6.322987
1026435.0,6.316837
1039653.0,6.310793
1052870.0,6.304853
1052871.0,6.304852
1056375.0,6.303034
1059879.0,6.301226
1066886.0,6.297635
1073893.0,6.294078
1080900.0,6.290556
1084920.0,6.288205
1088940.0,6.285868
1096980.0,6.281229
1105020.0,6.276637
1113060.0,6.272093
1129140.0,6.263145
1145220.0,6.254376
1145223.0,6.254374
1147631.0,6.252922
1150038.0,6.251475
1154852.0,6.248595
1164480.0,6.242885
1166963.0,6.241262
1169445.0,6.239646
1174410.0,6.236428
1184340.0,6.23005
1194270.0,6.223753
1204200.0,6.217533
1204203.0,6.21753
1207065.0,6.215531
1209927.0,6.213537
1215650.0,6.209573
1227100.0,6.201723
1238550.0,6.193982
1250000.0,6.186343
1265420.0,6.174769
1280840.0,6.163398
1296260.0,6.152227
1311680.0,6.141249
1314623.0,6.138482
1317565.0,6.135726
1323450.0,6.130248
1335220.0,6.119427
1346990.0,6.10878
1358760.0,6.098305
1382300.0,6.077853
1405840.0,6.058041
1429380.0,6.03884
1452920.0,6.020224
1476460.0,6.002168
1500000.0,5.984649
1515625.0,5.966752
1531250.0,5.949303
1546875.0,5.932291
1562500.0,5.915699
1578125.0,5.899517
1593750.0,5.883731
1609375.0,5.868333
1625000.0,5.853307
1640625.0,5.838645
1656250.0,5.824336
1671875.0,5.810369
1687500.0,5.796737
1703125.0,5.783429
1718750.0,5.770435
1734375.0,5.757747
1750000.0,5.745359
1765625.0,5.726326
1781250.0,5.70775
1796875.0,5.689616
1812500.0,5.671913
1828125.0,5.654629
1843750.0,5.637752
1859375.0,5.621272
1875000.0,5.605179
1890625.0,5.58946
1906250.0,5.574107
1921875.0,5.559109
1937500.0,5.544458
1953125.0,5.530146
1968750.0,5.516161
1984375.0,5.502498
2000000.0,5.489147
2014047.0,5.470008
2028094.0,5.451204
2042141.0,5.432733
2056187.0,5.414585
2070234.0,5.396751
2084280.0,5.379228
2098327.0,5.362005
2112373.0,5.345079
2126420.0,5.328442
2140466.0,5.312089
2154513.0,5.296011
2168559.0,5.280206
2182606.0,5.264667
2196652.0,5.249387
2210699.0,5.234363
2224745.0,5.219588
2238792.0,5.205057
2252839.0,5.190765
2266886.0,5.176709
2280932.0,5.162883
2294979.0,5.14928
2309025.0,5.1359
2323072.0,5.122736
2337118.0,5.109785
2351165.0,5.097041
2365211.0,5.084502
2379258.0,5.072162
2393304.0,5.06002
2407351.0,5.048069
2421397.0,5.036308
2435444.0,5.024731
2449490.0,5.013337
2466694.0,4.995534
2483897.0,4.978083
2501101.0,4.960972
2518304.0,4.944197
2535508.0,4.927746
2552711.0,4.911615
2569915.0,4.895795
2587118.0,4.880279
2604322.0,4.865061
2621525.0,4.850135
2638729.0,4.835491
2655932.0,4.821127
2673136.0,4.807034
2690339.0,4.793206
2707542.0,4.77964
2724745.0,4.766327
2741949.0,4.753262
2759152.0,4.740443
2776356.0,4.72786
2793559.0,4.715513
2810763.0,4.703392
2827966.0,4.691495
2845170.0,4.679817
2862373.0,4.668354
2879577.0,4.6571
2896780.0,4.646053
2913984.0,4.635206
2931187.0,4.624557
2948391.0,4.614101
2965594.0,4.603834
2982797.0,4.593755
3000000.0,4.583856
3019628.0,4.570917
3039255.0,4.558178
3058882.0,4.545633
3078509.0,4.533277
3098137.0,4.521108
3117764.0,4.509123
3137391.0,4.497317
3157018.0,4.485687
3176646.0,4.474228
3196273.0,4.462939
3215900.0,4.451815
3235527.0,4.440854
3255154.0,4.430052
3274781.0,4.419406
3294408.0,4.408913
3314035.0,4.39857
3333663.0,4.388375
3353290.0,4.378324
3372917.0,4.368416
3392544.0,4.358648
3412172.0,4.349016
3431799.0,4.339517
3451426.0,4.330152
3471053.0,4.320915
3490681.0,4.311805
3510308.0,4.30282
3529935.0,4.29396
3549562.0,4.285218
3569189.0,4.276595
3588816.0,4.268088
3608443.0,4.259696
3628070.0,4.251415
3639693.0,4.245725
3651316.0,4.240083
3662939.0,4.234487
3674562.0,4.228935
3686185.0,4.223429
3697808.0,4.217967
3709431.0,4.21255
3721053.0,4.207177
3732676.0,4.201846
3744299.0,4.196557
3755922.0,4.191312
3767544.0,4.186108
3779167.0,4.180946
3790790.0,4.175824
3802413.0,4.170745
3814035.0,4.165704
3825658.0,4.160703
3837281.0,4.155743
3848904.0,4.15082
3860527.0,4.145936
3872150.0,4.141091
3883773.0,4.136284
3895396.0,4.131514
3907018.0,4.126781
3918641.0,4.122085
3930264.0,4.117425
3941887.0,4.112801
3953509.0,4.108214
3965132.0,4.103661
3976755.0,4.099142
3988378.0,4.094661
4000000.0,4.090212
4015625.0,4.086391
4031250.0,4.082592
4046875.0,4.078819
4062500.0,4.075068
4078125.0,4.071341
4093750.0,4.067635
4109375.0,4.063954
4125000.0,4.060293
4140625.0,4.056654
4156250.0,4.053038
4171875.0,4.049443
4187500.0,4.045868
4203125.0,4.042316
4218750.0,4.038783
4234375.0,4.035273
4250000.0,4.031782
4265625.0,4.028311
4281250.0,4.024861
4296875.0,4.021431
4312500.0,4.01802
4328125.0,4.014629
4343750.0,4.011256
4359375.0,4.007904
4375000.0,4.00457
4390625.0,4.001255
4406250.0,3.997958
4421875.0,3.994681
4437500.0,3.99142
4453125.0,3.988179
4468750.0,3.984955
4484375.0,3.981748
4500000.0,3.978559
4515625.0,3.975388
4531250.0,3.972234
4546875.0,3.969096
4562500.0,3.965977
4578125.0,3.962873
4593750.0,3.959786
4609375.0,3.956716
4625000.0,3.953662
4640625.0,3.950623
4656250.0,3.947602
4671875.0,3.944595
4687500.0,3.941605
4703125.0,3.938631
4718750.0,3.935671
4734375.0,3.932727
4750000.0,3.929798
4765625.0,3.926885
4781250.0,3.923987
4796875.0,3.921103
4812500.0,3.918234
4828125.0,3.915379
4843750.0,3.912539
4859375.0,3.909712
4875000.0,3.9069
4890625.0,3.904102
4906250.0,3.901318
4921875.0,3.898548
4937500.0,3.895792
4953125.0,3.893049
4968750.0,3.89032
4984375.0,3.887604
5000000.0,3.884901
5014914.0,3.884557
5029827.0,3.884216
5044741.0,3.883876
5059654.0,3.883538
5074568.0,3.883203
5089481.0,3.88287
5104395.0,3.88254
5119308.0,3.882211
5134222.0,3.881885
5149135.0,3.88156
5164049.0,3.881238
5178962.0,3.880918
5193876.0,3.8806
5208789.0,3.880285
5223702.0,3.879971
5238615.0,3.879659
5253529.0,3.87935
5268442.0,3.879042
5283356.0,3.878736
5298269.0,3.878432
5313183.0,3.878129
5328096.0,3.87783
5343010.0,3.877532
5357923.0,3.877235
5372837.0,3.87694
5387750.0,3.876649
5402664.0,3.876357
5417577.0,3.876067
5432491.0,3.875781
5447404.0,3.875495
5462317.0,3.875212
5477230.0,3.87493
5493565.0,3.874591
5509900.0,3.874252
5526235.0,3.873917
5542570.0,3.873584
5558905.0,3.873252
5575240.0,3.872922
5591575.0,3.872594
5607910.0,3.872268
5624245.0,3.871944
5640580.0,3.871622
5656915.0,3.871301
5673250.0,3.870983
5689585.0,3.870667
5705920.0,3.870353
5722255.0,3.87004
5738590.0,3.869728
5754925.0,3.869419
5771260.0,3.869112
5787595.0,3.868806
5803930.0,3.868502
5820265.0,3.8682
5836600.0,3.867899
5852935.0,3.8676
5869270.0,3.867303
5885605.0,3.867007
5901940.0,3.866712
5918275.0,3.866421
5934610.0,3.86613
5950945.0,3.86584
5967280.0,3.865553
5983615.0,3.865267
5999950.0,3.864983
6000000.0,3.864979
6007780.0,3.865806
6015560.0,3.866661
6023340.0,3.867544
6031120.0,3.868455
6038900.0,3.869394
6046680.0,3.870361
6054460.0,3.871357
6062240.0,3.872378
6067662.0,3.872716
6073084.0,3.873057
6078506.0,3.873402
6083928.0,3.87375
6089350.0,3.874102
6094772.0,3.874459
6100194.0,3.874818
6105615.0,3.875181
6111037.0,3.875547
6116459.0,3.875919
6121881.0,3.876293
6127303.0,3.87667
6132725.0,3.877053
6138147.0,3.877438
6143569.0,3.877827
6148990.0,3.87822
6154412.0,3.878615
6159834.0,3.879015
6165256.0,3.879419
6170678.0,3.879825
6176100.0,3.880236
6181522.0,3.880651
6186944.0,3.881068
6192365.0,3.881489
6197787.0,3.881914
6203209.0,3.882342
6208631.0,3.882775
6214053.0,3.883211
6219475.0,3.88365
6224897.0,3.884092
6230319.0,3.884538
6235740.0,3.884988
6243397.0,3.885611
6251053.0,3.886241
6258709.0,3.886878
6266365.0,3.887522
6274022.0,3.888173
6281678.0,3.88883
6289334.0,3.889496
6296990.0,3.890168
6304647.0,3.890845
6312303.0,3.89153
6319959.0,3.892223
6327615.0,3.892921
6335272.0,3.893626
6342928.0,3.894339
6350584.0,3.895058
6358240.0,3.895784
6365897.0,3.896516
6373553.0,3.897255
6381209.0,3.898002
6388865.0,3.898753
6396522.0,3.899513
6404178.0,3.900279
6411834.0,3.901051
6419490.0,3.901829
6427147.0,3.902614
6434803.0,3.903407
6442459.0,3.904205
6450115.0,3.90501
6457772.0,3.905822
6465428.0,3.90664
6473084.0,3.907465
6480740.0,3.908295
6488698.0,3.909147
6496655.0,3.910006
6504612.0,3.910871
6512569.0,3.911743
6520527.0,3.912623
6528484.0,3.91351
6536441.0,3.914402
6544398.0,3.915303
6552356.0,3.91621
6560313.0,3.917124
6568270.0,3.918044
6576227.0,3.91897
6584184.0,3.919904
6592141.0,3.920845
6600098.0,3.921791
6608055.0,3.922746
6616013.0,3.923705
6623970.0,3.924672
6631927.0,3.925646
6639884.0,3.926626
6647842.0,3.927613
6655799.0,3.928606
6663756.0,3.929607
6671713.0,3.930612
6679671.0,3.931626
6687628.0,3.932645
6695585.0,3.933671
6703542.0,3.934703
6711499.0,3.935742
6719456.0,3.936787
6727413.0,3.937839
6735370.0,3.938897
6743640.0,3.939986
6751910.0,3.941082
6760180.0,3.942185
6768449.0,3.943294
6776719.0,3.944411
6784989.0,3.945533
6793259.0,3.946663
6801528.0,3.9478
6809798.0,3.948942
6818068.0,3.950093
6826338.0,3.95125
6834607.0,3.952413
6842877.0,3.953583
6851146.0,3.95476
6859416.0,3.955944
6867685.0,3.957133
6875955.0,3.95833
6884225.0,3.959533
6892495.0,3.960744
6900764.0,3.961959
6909034.0,3.963182
6917304.0,3.964412
6925574.0,3.965648
6933843.0,3.966889
6942113.0,3.968139
6950383.0,3.969395
6958653.0,3.970656
6966922.0,3.971924
6975192.0,3.9732
6983461.0,3.97448
6991731.0,3.975767
7000000.0,3.977061
7007426.0,3.978217
7014852.0,3.979376
7022278.0,3.980543
7029703.0,3.981712
7037129.0,3.982887
7044554.0,3.984069
7051980.0,3.985254
7059405.0,3.986445
7066831.0,3.98764
7074257.0,3.988842
7081683.0,3.990048
7089108.0,3.991258
7096534.0,3.992475
7103959.0,3.993696
7111385.0,3.994922
7118810.0,3.996153
7126236.0,3.997388
7133662.0,3.998629
7141088.0,3.999875
7148513.0,4.001126
7155939.0,4.002381
7163364.0,4.003642
7170790.0,4.004907
7178215.0,4.006178
7185641.0,4.007454
7193067.0,4.008734
7200493.0,4.010019
7207918.0,4.011309
7215344.0,4.012603
7222769.0,4.013903
7230195.0,4.015208
7237620.0,4.016517
7245298.0,4.017836
7252976.0,4.019162
7260654.0,4.020492
7268332.0,4.021827
7276010.0,4.023167
7283688.0,4.024512
7291366.0,4.025862
7299043.0,4.027217
7306721.0,4.028577
7314399.0,4.029943
7322077.0,4.031313
7329754.0,4.032688
7337432.0,4.034068
7345110.0,4.035454
7352788.0,4.036844
7360465.0,4.038238
7368143.0,4.039638
7375821.0,4.041043
7383499.0,4.042453
7391177.0,4.043867
7398855.0,4.045288
7406533.0,4.046711
7414211.0,4.048141
7421888.0,4.049575
7429566.0,4.051014
7437244.0,4.052458
7444922.0,4.053906
7452599.0,4.055359
7460277.0,4.056818
7467955.0,4.05828
7475633.0,4.059748
7483310.0,4.061221
7491249.0,4.062711
7499187.0,4.064205
7507126.0,4.065705
7515064.0,4.06721
7523003.0,4.06872
7530941.0,4.070235
7538880.0,4.071755
7546818.0,4.073279
7554757.0,4.074809
7562695.0,4.076344
7570634.0,4.077884
7578572.0,4.079429
7586511.0,4.080978
7594449.0,4.082533
7602387.0,4.084092
7610325.0,4.085656
7618264.0,4.087226
7626202.0,4.088799
7634141.0,4.090378
7642079.0,4.091962
7650018.0,4.09355
7657956.0,4.095144
7665895.0,4.096742
7673833.0,4.098346
7681772.0,4.099954
7689710.0,4.101567
7697649.0,4.103184
7705587.0,4.104805
7713526.0,4.106433
7721464.0,4.108064
7729402.0,4.109701
7737340.0,4.111342
7745549.0,4.113007
7753757.0,4.114676
7761965.0,4.116351
7770173.0,4.11803
7778381.0,4.119715
7786589.0,4.121405
7794797.0,4.1231
7803005.0,4.124799
7811214.0,4.126503
7819422.0,4.128214
7827630.0,4.129927
7835838.0,4.131646
7844046.0,4.133371
7852254.0,4.135099
7860462.0,4.136833
7868670.0,4.138572
7876879.0,4.140314
7885087.0,4.142063
7893295.0,4.143816
7901503.0,4.145574
7909711.0,4.147338
7917919.0,4.149104
7926127.0,4.150876
7934335.0,4.152654
7942544.0,4.154436
7950752.0,4.156222
7958960.0,4.158014
7967168.0,4.15981
7975376.0,4.161611
7983584.0,4.163416
7991792.0,4.165227
8000000.0,4.167042
8007583.0,4.168598
8015165.0,4.170157
8022748.0,4.171719
8030330.0,4.173282
8037913.0,4.174847
8045495.0,4.176412
8053078.0,4.177981
8060660.0,4.17955
8068243.0,4.181123
8075825.0,4.182696
8083408.0,4.184271
8090990.0,4.185848
8098573.0,4.187426
8106155.0,4.189007
8113738.0,4.19059
8121320.0,4.192173
8128903.0,4.193759
8136485.0,4.195347
8144068.0,4.196936
8151650.0,4.198526
8159233.0,4.20012
8166815.0,4.201713
8174398.0,4.20331
8181980.0,4.204907
8189563.0,4.206506
8197145.0,4.208108
8204728.0,4.209711
8212310.0,4.211317
8219893.0,4.212923
8227475.0,4.21453
8235058.0,4.21614
8242640.0,4.217751
8250223.0,4.219364
8257805.0,4.220979
8265388.0,4.222596
8272970.0,4.224215
8280553.0,4.225835
8288135.0,4.227456
8295718.0,4.229079
8303300.0,4.230703
8310883.0,4.23233
8318465.0,4.233959
8326048.0,4.235589
8333630.0,4.23722
8341213.0,4.238853
8348795.0,4.240487
8356378.0,4.242125
8363960.0,4.243763
8371543.0,4.245402
8379125.0,4.247044
8386708.0,4.248687
8394290.0,4.250331
8401873.0,4.251978
8409455.0,4.253626
8417038.0,4.255275
8424620.0,4.256926
8432203.0,4.258579
8439785.0,4.260233
8447368.0,4.26189
8454950.0,4.263547
8462533.0,4.265207
8470115.0,4.266867
8477698.0,4.26853
8485280.0,4.270193
8492169.0,4.271669
8499057.0,4.273146
8505946.0,4.274624
8512834.0,4.276103
8519723.0,4.277583
8526611.0,4.279066
8533499.0,4.280548
8540387.0,4.282032
8547276.0,4.283518
8554164.0,4.285005
8561052.0,4.286493
8567940.0,4.287982
8574829.0,4.289473
8581717.0,4.290965
8588605.0,4.292459
8595493.0,4.293953
8602382.0,4.295449
8609270.0,4.296946
8616158.0,4.298443
8623046.0,4.299943
8629935.0,4.301444
8636823.0,4.302946
8643711.0,4.304449
8650599.0,4.305954
8657488.0,4.307459
8664376.0,4.308966
8671264.0,4.310474
8678152.0,4.311984
8685041.0,4.313494
8691929.0,4.315006
8698817.0,4.316519
8705705.0,4.318033
8712594.0,4.31955
8719482.0,4.321066
8726371.0,4.322584
8733259.0,4.324103
8740148.0,4.325624
8747036.0,4.327146
8753924.0,4.328668
8760812.0,4.330192
8767701.0,4.331717
8774589.0,4.333243
8781477.0,4.334771
8788365.0,4.336299
8795254.0,4.33783
8802142.0,4.339361
8809030.0,4.340893
8815918.0,4.342427
8822807.0,4.343962
8829695.0,4.345498
8836583.0,4.347035
8843471.0,4.348573
8850360.0,4.350113
8857248.0,4.351653
8864136.0,4.353195
8871024.0,4.354738
8877913.0,4.356283
8884801.0,4.357828
8891689.0,4.359374
8898577.0,4.360923
8905466.0,4.362471
8912354.0,4.364021
8919242.0,4.365572
8926130.0,4.367125
8944598.0,4.37097
8963065.0,4.374824
8981533.0,4.378689
9000000.0,4.382564
9017504.0,4.386006
9035008.0,4.389449
9052512.0,4.392892
9070015.0,4.396339
9087519.0,4.399785
9105023.0,4.403233
9122527.0,4.406682
9140030.0,4.410132
9157534.0,4.413584
9175038.0,4.417036
9192542.0,4.420489
9210045.0,4.423944
9227549.0,4.4274
9245053.0,4.430858
9262557.0,4.434315
9280060.0,4.437775
9291310.0,4.439906
9302559.0,4.44204
9313808.0,4.444172
9325057.0,4.446306
9336306.0,4.44844
9347555.0,4.450575
9358804.0,4.45271
9370053.0,4.454845
9381302.0,4.456983
9392551.0,4.459119
9403800.0,4.461257
9415049.0,4.463395
9426298.0,4.465534
9437547.0,4.467673
9448796.0,4.469814
9460045.0,4.471954
9471295.0,4.474096
9482544.0,4.476237
9493793.0,4.478379
9505042.0,4.480522
9516291.0,4.482665
9527540.0,4.484809
9538789.0,4.486954
9550038.0,4.489099
9561287.0,4.491244
9572536.0,4.493389
9583785.0,4.495536
9595034.0,4.497683
9606283.0,4.499831
9617532.0,4.501978
9628781.0,4.504128
9640030.0,4.506278
9651280.0,4.508427
9662529.0,4.510578
9673778.0,4.512729
9685027.0,4.51488
9696276.0,4.517031
9707525.0,4.519184
9718774.0,4.521337
9730023.0,4.52349
9741272.0,4.525645
9752521.0,4.527799
9763770.0,4.529954
9775019.0,4.532109
9786268.0,4.534265
9797517.0,4.536422
9808766.0,4.538579
9820015.0,4.540737
9831265.0,4.542895
9842514.0,4.545053
9853763.0,4.547211
9865012.0,4.549372
9876261.0,4.551531
9887510.0,4.553692
9898759.0,4.555853
9910008.0,4.558015
9921257.0,4.560177
9932506.0,4.562339
9943755.0,4.564503
9955004.0,4.566666
9966253.0,4.568829
9977502.0,4.570994
9988751.0,4.573159
10000000.0,4.575324
10015260.0,4.576799
10030510.0,4.578274
10045770.0,4.579749
10061020.0,4.581221
10076280.0,4.582693
10091530.0,4.584165
10106780.0,4.585636
10122030.0,4.587106
10137290.0,4.588576
10152540.0,4.590045
10167790.0,4.591513
10183040.0,4.592981
10198300.0,4.59445
10213550.0,4.595917
10228800.0,4.597383
10244050.0,4.598848
10259310.0,4.600314
10274560.0,4.601777
10289820.0,4.603242
10305070.0,4.604705
10320330.0,4.606169
10335580.0,4.607631
10350830.0,4.609092
10366080.0,4.610551
10381340.0,4.612013
10396590.0,4.613473
10411840.0,4.614932
10427090.0,4.61639
10442350.0,4.617848
10457600.0,4.619305
10472850.0,4.620762
10488100.0,4.622218
10504100.0,4.623734
10520100.0,4.625248
10536100.0,4.626764
10552090.0,4.628278
10568090.0,4.629791
10584090.0,4.631304
10600090.0,4.632817
10616080.0,4.634327
10632080.0,4.635838
10648080.0,4.637348
10664080.0,4.638859
10680070.0,4.640367
10696070.0,4.641876
10712060.0,4.643383
10728060.0,4.644891
10744050.0,4.646397
10760050.0,4.647904
10776050.0,4.64941
10792050.0,4.650915
10808040.0,4.652419
10824040.0,4.653923
10840040.0,4.655426
10856040.0,4.65693
10872030.0,4.65843
10888030.0,4.659933
10904030.0,4.661435
10920030.0,4.662935
10936020.0,4.664435
10952020.0,4.665935
10968010.0,4.667434
10984010.0,4.668933
11000000.0,4.67043
11018780.0,4.672135
11037550.0,4.67384
11056330.0,4.675543
11075100.0,4.677246
11093880.0,4.678947
11112650.0,4.680648
11131430.0,4.682348
11150200.0,4.684046
11168980.0,4.685745
11187750.0,4.687441
11206530.0,4.689138
11225300.0,4.690833
11244080.0,4.692528
11262850.0,4.694221
11281630.0,4.695914
11300400.0,4.697606
11319700.0,4.69933
11338990.0,4.701051
11358290.0,4.702773
11377580.0,4.704494
11396880.0,4.706214
11416170.0,4.707933
11435460.0,4.709651
11454750.0,4.711367
11474050.0,4.713085
11493340.0,4.7148
11512640.0,4.716516
11531930.0,4.718229
11551230.0,4.719943
11570520.0,4.721654
11589810.0,4.723366
11609100.0,4.725076
11615210.0,4.725608
11621320.0,4.726141
11627430.0,4.726673
11633540.0,4.727206
11639650.0,4.727738
11645760.0,4.72827
11651870.0,4.728802
11657970.0,4.729334
11664080.0,4.729865
11670190.0,4.730398
11676300.0,4.730929
11682400.0,4.73146
11688510.0,4.731992
11694620.0,4.732523
11700730.0,4.733055
11706830.0,4.733586
11712940.0,4.734117
11719050.0,4.734648
11725160.0,4.735178
11731260.0,4.735709
11737370.0,4.73624
11743480.0,4.73677
11749590.0,4.737301
11755690.0,4.737831
11761800.0,4.738362
11767910.0,4.738892
11774020.0,4.739422
11780120.0,4.739952
11786230.0,4.740482
11792340.0,4.741012
11798450.0,4.741542
11804550.0,4.742072
11810660.0,4.742602
11816770.0,4.743131
11822880.0,4.743661
11828990.0,4.74419
11835100.0,4.74472
11841210.0,4.745249
11847320.0,4.745779
11853420.0,4.746307
11859530.0,4.746837
11865640.0,4.747366
11871750.0,4.747895
11877850.0,4.748423
11883960.0,4.748952
11890070.0,4.749481
11896180.0,4.750009
11902280.0,4.750537
11908390.0,4.751066
11914500.0,4.751595
11920610.0,4.752122
11926710.0,4.75265
11932820.0,4.753178
11938930.0,4.753706
11945040.0,4.754234
11951140.0,4.754762
11957250.0,4.755289
11963360.0,4.755817
11969470.0,4.756345
11975570.0,4.756871
11981680.0,4.7574
11987790.0,4.757927
11993900.0,4.758454
12000000.0,4.758981
12007660.0,4.758481
12015320.0,4.75798
12022980.0,4.757481
12030630.0,4.756982
12038290.0,4.756483
12045940.0,4.755984
12053600.0,4.755485
12061250.0,4.754987
12068910.0,4.754489
12076570.0,4.753992
12084230.0,4.753494
12091880.0,4.752997
12099540.0,4.7525
12107190.0,4.752005
12114850.0,4.751508
12122500.0,4.751013
12130160.0,4.750516
12137820.0,4.75002
12145480.0,4.749525
12153130.0,4.749031
12160790.0,4.748536
12168440.0,4.748042
12176100.0,4.747548
12183750.0,4.747054
12191410.0,4.746561
12199070.0,4.746068
12206730.0,4.745574
12214380.0,4.745081
12222040.0,4.744589
12229690.0,4.744097
12237350.0,4.743605
12245000.0,4.743114
12252660.0,4.742623
12260320.0,4.742131
12267980.0,4.741641
12275630.0,4.741151
12283290.0,4.74066
12290940.0,4.740172
12298600.0,4.739681
12306250.0,4.739193
12313910.0,4.738704
12321570.0,4.738215
12329230.0,4.737726
12336880.0,4.737238
12344540.0,4.73675
12352190.0,4.736262
12359850.0,4.735775
12367500.0,4.735288
12375160.0,4.734801
12382820.0,4.734315
12390480.0,4.733827
12398130.0,4.733342
12405790.0,4.732857
12413440.0,4.732371
12421100.0,4.731886
12428750.0,4.7314
12436410.0,4.730916
12444070.0,4.730431
12451730.0,4.729947
12459380.0,4.729463
12467040.0,4.72898
12474690.0,4.728497
12482350.0,4.728014
12490000.0,4.727532
12497970.0,4.727029
12505940.0,4.726527
12513910.0,4.726026
12521880.0,4.725524
12529850.0,4.725023
12537820.0,4.724522
12545790.0,4.724021
12553750.0,4.723521
12561720.0,4.723021
12569690.0,4.72252
12577660.0,4.722022
12585630.0,4.721522
12593600.0,4.721023
12601570.0,4.720524
12609540.0,4.720026
12617500.0,4.719528
12625470.0,4.719031
12633440.0,4.718533
12641410.0,4.718036
12649380.0,4.717539
12657350.0,4.717043
12665320.0,4.716546
12673290.0,4.71605
12681250.0,4.715555
12689220.0,4.715059
12697190.0,4.714565
12705160.0,4.714069
12713130.0,4.713575
12721100.0,4.713081
12729070.0,4.712587
12737040.0,4.712093
12745000.0,4.7116
12752970.0,4.711107
12760940.0,4.710614
12768910.0,4.710121
12776880.0,4.709629
12784850.0,4.709138
12792820.0,4.708646
12800790.0,4.708154
12808750.0,4.707664
12816720.0,4.707174
12824690.0,4.706683
12832660.0,4.706192
12840630.0,4.705703
12848600.0,4.705213
12856570.0,4.704724
12864540.0,4.704235
12872500.0,4.703748
12880470.0,4.70326
12888440.0,4.702772
12896410.0,4.702284
12904380.0,4.701796
12912350.0,4.701309
12920320.0,4.700822
12928290.0,4.700335
12936250.0,4.69985
12944220.0,4.699363
12952190.0,4.698877
12960160.0,4.698392
12968130.0,4.697907
12976100.0,4.697422
12984070.0,4.696937
12992040.0,4.696453
13000000.0,4.695969
13007170.0,4.695541
13014340.0,4.695112
13021510.0,4.694685
13028680.0,4.694257
13035850.0,4.693829
13043020.0,4.693402
13050190.0,4.692974
13057350.0,4.692548
13064520.0,4.692121
13071690.0,4.691694
13078860.0,4.691267
13086030.0,4.690841
13093200.0,4.690415
13100370.0,4.689988
13107540.0,4.689563
13114700.0,4.689139
13121870.0,4.688713
13129040.0,4.688288
13136210.0,4.687863
13143380.0,4.687439
13150550.0,4.687014
13157720.0,4.686589
13164890.0,4.686165
13172050.0,4.685741
13179220.0,4.685317
13186390.0,4.684894
13193560.0,4.68447
13200730.0,4.684047
13207900.0,4.683623
13215070.0,4.6832
13222240.0,4.682778
13229400.0,4.682356
13236570.0,4.681933
13243740.0,4.681511
13250910.0,4.681089
13258080.0,4.680667
13265250.0,4.680245
13272420.0,4.679824
13279590.0,4.679403
13286750.0,4.678982
13293920.0,4.678561
13301090.0,4.67814
13308260.0,4.677719
13315430.0,4.677299
13322600.0,4.676879
13329770.0,4.676459
13336940.0,4.676039
13344100.0,4.675621
13351270.0,4.675202
13358440.0,4.674783
13365610.0,4.674363
13372780.0,4.673945
13379950.0,4.673526
13387120.0,4.673108
13394290.0,4.67269
13401450.0,4.672272
13408620.0,4.671854
13415790.0,4.671436
13422960.0,4.671019
13430130.0,4.670602
13437300.0,4.670184
13444470.0,4.669767
13451640.0,4.669351
13458800.0,4.668934
13466160.0,4.66851
13473520.0,4.668087
13480880.0,4.667663
13488240.0,4.667239
13495600.0,4.666816
13502960.0,4.666393
13510320.0,4.665971
13517680.0,4.665547
13525040.0,4.665126
13532400.0,4.664703
13539760.0,4.664281
13547120.0,4.66386
13554480.0,4.663438
13561840.0,4.663015
13569200.0,4.662594
13576550.0,4.662174
13583910.0,4.661753
13591270.0,4.661333
13598630.0,4.660911
13605990.0,4.660491
13613350.0,4.660071
13620710.0,4.659651
13628070.0,4.659232
13635430.0,4.658811
13642790.0,4.658391
13650150.0,4.657972
13657510.0,4.657553
13664870.0,4.657135
13672230.0,4.656716
13679590.0,4.656297
13686950.0,4.655879
13694300.0,4.655461
13703860.0,4.654923
13713410.0,4.654383
13722970.0,4.653844
13732520.0,4.653307
13742080.0,4.652769
13751630.0,4.652231
13761180.0,4.651695
13770730.0,4.651158
13780290.0,4.650622
13789840.0,4.650086
13799390.0,4.649551
13808940.0,4.649015
13818500.0,4.648479
13828050.0,4.647945
13837600.0,4.64741
13847150.0,4.646877
13856710.0,4.646343
13866260.0,4.64581
13875820.0,4.645276
13885370.0,4.644744
13894930.0,4.644211
13904480.0,4.643679
13914030.0,4.643147
13923580.0,4.642615
13933140.0,4.642084
13942690.0,4.641554
13952240.0,4.641023
13961790.0,4.640493
13971350.0,4.639962
13980900.0,4.639433
13990450.0,4.638904
14000000.0,4.638375
14007820.0,4.637258
14015630.0,4.636141
14023440.0,4.635027
14031250.0,4.633913
14039070.0,4.632797
14046880.0,4.631686
14054690.0,4.630574
14062500.0,4.629464
14070320.0,4.628352
14078130.0,4.627243
14085940.0,4.626135
14093750.0,4.625028
14101570.0,4.62392
14109380.0,4.622814
14117190.0,4.621709
14125000.0,4.620606
14132820.0,4.6195
14140630.0,4.618399
14148440.0,4.617297
14156250.0,4.616195
14164070.0,4.615095
14171880.0,4.613996
14179690.0,4.612896
14187500.0,4.611799
14195320.0,4.610701
14203130.0,4.609606
14210940.0,4.60851
14218750.0,4.607416
14226570.0,4.606321
14234380.0,4.605228
14242190.0,4.604136
14250000.0,4.603046
14257820.0,4.601954
14265630.0,4.600864
14273440.0,4.599776
14281250.0,4.598688
14289070.0,4.5976
14296880.0,4.596514
14304690.0,4.595429
14312500.0,4.594344
14320320.0,4.593259
14328130.0,4.592176
14335940.0,4.591094
14343750.0,4.590013
14351570.0,4.588931
14359380.0,4.587851
14367190.0,4.586773
14375000.0,4.585695
14382820.0,4.584615
14390630.0,4.583539
14398440.0,4.582464
14406250.0,4.581388
14414070.0,4.580313
14421880.0,4.57924
14429690.0,4.578167
14437500.0,4.577096
14445320.0,4.576023
14453130.0,4.574953
14460940.0,4.573883
14468750.0,4.572816
14476570.0,4.571747
14484380.0,4.570679
14492190.0,4.569614
14500000.0,4.568549
14512270.0,4.56688
14524540.0,4.565212
14536810.0,4.563548
14549080.0,4.561884
14561350.0,4.560223
14573620.0,4.558562
14585890.0,4.556905
14598150.0,4.555252
14610420.0,4.553597
14622690.0,4.551945
14634960.0,4.550295
14647230.0,4.548647
14659500.0,4.547001
14671770.0,4.545357
14684040.0,4.543715
14696300.0,4.542076
14708570.0,4.540437
14720840.0,4.538801
14733110.0,4.537166
14745380.0,4.535533
14757650.0,4.533903
14769920.0,4.532272
14782190.0,4.530645
14794450.0,4.529023
14806720.0,4.527399
14818990.0,4.525777
14831260.0,4.524157
14843530.0,4.52254
14855800.0,4.520924
14868070.0,4.51931
14880340.0,4.517698
14892600.0,4.516089
14906030.0,4.514331
14919450.0,4.512576
14932880.0,4.51082
14946300.0,4.509069
14959730.0,4.50732
14973150.0,4.505573
14986580.0,4.503827
15000000.0,4.502085
15010130.0,4.500381
15020250.0,4.49868
15030380.0,4.496979
15040500.0,4.495284
15050630.0,4.493587
15060750.0,4.491894
15070880.0,4.490201
15081000.0,4.488512
15091130.0,4.486822
15101250.0,4.485137
15111380.0,4.483452
15121500.0,4.481771
15131630.0,4.48009
15141750.0,4.478411
15151880.0,4.476735
15162000.0,4.47506
15175100.0,4.472887
15188190.0,4.470722
15201290.0,4.468556
15214380.0,4.466395
15227480.0,4.464235
15240570.0,4.462081
15253660.0,4.459929
15266750.0,4.457781
15279850.0,4.455633
15292940.0,4.45349
15306040.0,4.451349
15319130.0,4.449212
15332230.0,4.447077
15345320.0,4.444947
15358410.0,4.44282
15371500.0,4.440695
15384600.0,4.438571
15397690.0,4.436454
15410790.0,4.434336
15423880.0,4.432224
15436980.0,4.430112
15450070.0,4.428006
15463160.0,4.425903
15476250.0,4.423803
15489350.0,4.421703
15502440.0,4.419607
15515540.0,4.417515
15528630.0,4.415426
15541730.0,4.413339
15554820.0,4.411256
15567910.0,4.409176
15581000.0,4.407099
15594100.0,4.405023
15607190.0,4.402952
15620290.0,4.400882
15633380.0,4.398817
15646480.0,4.396752
15659570.0,4.394694
15672660.0,4.392637
15685750.0,4.390585
15698850.0,4.388531
15711940.0,4.386483
15725040.0,4.384437
15738130.0,4.382395
15751230.0,4.380355
15764320.0,4.378318
15777410.0,4.376286
15790500.0,4.374254
15803600.0,4.372225
15816690.0,4.370202
15829790.0,4.368178
15842880.0,4.366159
15855980.0,4.364141
15869070.0,4.362129
15882160.0,4.360118
15895250.0,4.358112
15908350.0,4.356106
15921440.0,4.354104
15934540.0,4.352104
15947630.0,4.350108
15960730.0,4.348114
15973820.0,4.346124
15986910.0,4.344137
16000000.0,4.342153
16015630.0,4.339222
16031250.0,4.336299
16046880.0,4.33338
16062500.0,4.330468
16078130.0,4.327562
16093750.0,4.324662
16109380.0,4.321768
16125000.0,4.31888
16140630.0,4.315997
16156250.0,4.313122
16171880.0,4.310249
16187500.0,4.307387
16203130.0,4.304526
16218750.0,4.301675
16234380.0,4.298826
16250000.0,4.295987
16265630.0,4.29315
16281250.0,4.290322
16296880.0,4.287498
16312500.0,4.28468
16328130.0,4.281867
16343750.0,4.279062
16359380.0,4.276261
16375000.0,4.273467
16390630.0,4.270677
16406250.0,4.267895
16421880.0,4.265116
16437500.0,4.262346
16453130.0,4.259579
16468750.0,4.256819
16484380.0,4.254064
16500000.0,4.251316
16515630.0,4.248572
16531250.0,4.245835
16546880.0,4.243102
16562500.0,4.240377
16578130.0,4.237655
16593750.0,4.234941
16609380.0,4.232231
16625000.0,4.229527
16640630.0,4.226829
16656250.0,4.224137
16671880.0,4.221448
16687500.0,4.218769
16703130.0,4.216091
16718750.0,4.213423
16734380.0,4.210757
16750000.0,4.2081
16765630.0,4.205445
16781250.0,4.202798
16796880.0,4.200155
16812500.0,4.197518
16828130.0,4.194887
16843750.0,4.192263
16859380.0,4.189642
16875000.0,4.187029
16890630.0,4.18442
16906250.0,4.181818
16921880.0,4.179221
16937500.0,4.17663
16953130.0,4.174044
16968750.0,4.171465
16984380.0,4.168891
17000000.0,4.166324
17026470.0,4.161892
17052930.0,4.157478
17079390.0,4.15308
17105850.0,4.148696
17132320.0,4.144327
17158780.0,4.139976
17185240.0,4.13564
17211700.0,4.131319
17260970.0,4.123167
17310240.0,4.115069
17359510.0,4.107022
17408780.0,4.099027
17458050.0,4.091083
17507320.0,4.083192
17556590.0,4.075352
17605850.0,4.067564
17655120.0,4.059827
17704390.0,4.052139
17753660.0,4.044503
17802930.0,4.036917
17852200.0,4.029381
17901470.0,4.021895
17950740.0,4.014462
18000000.0,4.007079
18062500.0,3.99596
18125000.0,3.984939
18187500.0,3.974015
18250000.0,3.963189
18312500.0,3.952459
18375000.0,3.941825
18437500.0,3.931287
18500000.0,3.920843
18562500.0,3.910492
18625000.0,3.900236
18687500.0,3.890074
18750000.0,3.880003
18812500.0,3.870026
18875000.0,3.860141
18937500.0,3.850347
19000000.0,3.840646
19062500.0,3.830531
19125000.0,3.820504
19187500.0,3.810566
19250000.0,3.800715
19312500.0,3.79095
19375000.0,3.781273
19437500.0,3.77168
19500000.0,3.762173
19562500.0,3.752752
19625000.0,3.743414
19687500.0,3.734162
19750000.0,3.724993
19812500.0,3.715907
19875000.0,3.706906
19937500.0,3.697987
20000000.0,3.689151
