1e-05,8.527
1.03125e-05,8.457881
1.0625e-05,8.391834
1.09375e-05,8.328639
1.125e-05,8.268095
1.15625e-05,8.210023
1.1875e-05,8.154258
1.21875e-05,8.100653
1.25e-05,8.04907
1.28125e-05,7.999386
1.3125e-05,7.951487
1.34375e-05,7.905269
1.375e-05,7.860636
1.4375e-05,7.775776
1.5e-05,7.696277
1.5625e-05,7.621596
1.625e-05,7.551267
1.6875e-05,7.484882
1.75e-05,7.422086
1.8125e-05,7.362567
1.875e-05,7.306049
1.9375e-05,7.252288
2e-05,7.201067
2.09375e-05,7.128581
2.1875e-05,7.060805
2.28125e-05,6.997252
2.375e-05,6.9375
2.46875e-05,6.881184
2.5625e-05,6.827988
2.65625e-05,6.777634
2.75e-05,6.729877
2.84375e-05,6.684502
2.9375e-05,6.641317
3.03125e-05,6.600151
3.125e-05,6.560851
3.21875e-05,6.523282
3.3125e-05,6.487318
3.40625e-05,6.45285
3.5e-05,6.419776
3.59375e-05,6.388005
3.6875e-05,6.357454
3.78125e-05,6.328046
3.875e-05,6.299711
3.96875e-05,6.272387
4.0625e-05,6.246014
4.25e-05,6.19591
4.4375e-05,6.149017
4.625e-05,6.105005
4.8125e-05,6.063591
5e-05,6.024529
5.15625e-05,5.993618
5.3125e-05,5.964081
5.46875e-05,5.935819
5.625e-05,5.908743
5.78125e-05,5.882773
5.9375e-05,5.857834
6.09375e-05,5.833861
6.25e-05,5.810792
6.40625e-05,5.788573
6.5625e-05,5.767152
6.71875e-05,5.746483
6.875e-05,5.726523
7.1875e-05,5.688572
7.5e-05,5.653019
7.8125e-05,5.619621
8.125e-05,5.588169
8.4375e-05,5.558481
8.75e-05,5.530398
9.0625e-05,5.50378
9.375e-05,5.478504
9.6875e-05,5.454462
0.0001,5.431556
0.000103125,5.409698
0.00010625,5.388813
0.000109375,5.368829
0.0001125,5.349683
0.000115625,5.331319
0.00011875,5.313685
0.000121875,5.296733
0.000125,5.280422
0.000128125,5.26471
0.00013125,5.249563
0.000134375,5.234948
0.0001375,5.220834
0.00014375,5.193999
0.00015,5.168859
0.00015625,5.145243
0.0001625,5.123003
0.00016875,5.102011
0.000175,5.082153
0.00018125,5.063331
0.0001875,5.045459
0.00019375,5.028458
0.0002,5.012261
0.000209375,4.989339
0.00021875,4.967907
0.000228125,4.947809
0.0002375,4.928914
0.000246875,4.911106
0.00025625,4.894284
0.000265625,4.878361
0.000275,4.863259
0.000284375,4.84891
0.00029375,4.835253
0.000303125,4.822236
0.0003125,4.809808
0.000321875,4.797928
0.00033125,4.786555
0.000340625,4.775655
0.00035,4.765197
0.000359375,4.75515
0.00036875,4.745489
0.000378125,4.736189
0.0003875,4.727229
0.000396875,4.718588
0.00040625,4.710248
0.000425,4.694404
0.00044375,4.679575
0.0004625,4.665658
0.00048125,4.652561
0.0005,4.640209
0.000515625,4.630434
0.00053125,4.621094
0.000546875,4.612157
0.0005625,4.603595
0.000578125,4.595382
0.00059375,4.587496
0.000609375,4.579915
0.000625,4.57262
0.000640625,4.565594
0.00065625,4.55882
0.000671875,4.552284
0.0006875,4.545972
0.00071875,4.533971
0.00075,4.522728
0.00078125,4.512167
0.0008125,4.502221
0.00084375,4.492832
0.000875,4.483952
0.00090625,4.475535
0.0009375,4.467542
0.00096875,4.459939
0.001,4.452695
0.00103125,4.445784
0.0010625,4.439179
0.00109375,4.432859
0.001125,4.426805
0.00115625,4.420998
0.0011875,4.415422
0.00121875,4.410061
0.00125,4.404903
0.00128125,4.399934
0.0013125,4.395145
0.00134375,4.390523
0.001375,4.38606
0.0014375,4.377574
0.0015,4.369624
0.0015625,4.362156
0.001625,4.355123
0.0016875,4.348485
0.00175,4.342205
0.0018125,4.336253
0.001875,4.330601
0.0019375,4.325225
0.002,4.320103
0.00209375,4.312855
0.0021875,4.306077
0.00228125,4.299722
0.002375,4.293747
0.00246875,4.288115
0.0025625,4.282796
0.00265625,4.277761
0.00275,4.272985
0.00284375,4.268447
0.0029375,4.264129
0.00303125,4.260012
0.003125,4.256083
0.00321875,4.252326
0.0033125,4.248729
0.00340625,4.245283
0.0035,4.241975
0.00359375,4.238798
0.0036875,4.235743
0.00378125,4.232802
0.003875,4.229969
0.00396875,4.227236
0.0040625,4.224599
0.00425,4.219589
0.0044375,4.214899
0.004625,4.210498
0.0048125,4.206357
0.005,4.202451
0.00515625,4.19936
0.0053125,4.196406
0.00546875,4.19358
0.005625,4.190872
0.00578125,4.188275
0.0059375,4.185782
0.00609375,4.183384
0.00625,4.181077
0.00640625,4.178856
0.0065625,4.176713
0.00671875,4.174647
0.006875,4.17265
0.0071875,4.168855
0.0075,4.1653
0.0078125,4.16196
0.008125,4.158815
0.0084375,4.155847
0.00875,4.153038
0.0090625,4.150376
0.009375,4.147849
0.0096875,4.145445
0.01,4.143154
0.0103125,4.140968
0.010625,4.13888
0.0109375,4.136881
0.01125,4.134967
0.0115625,4.133131
0.011875,4.131367
0.0121875,4.129672
0.0125,4.128041
0.0128125,4.12647
0.013125,4.124955
0.0134375,4.123494
0.01375,4.122082
0.014375,4.119399
0.015,4.116885
0.015625,4.114523
0.01625,4.112299
0.016875,4.1102
0.0175,4.108214
0.018125,4.106332
0.01875,4.104545
0.019375,4.102845
0.02,4.101225
0.0206625,4.099589
0.021325,4.09803
0.0219875,4.096542
0.02265,4.095119
0.0233125,4.093758
0.023975,4.092454
0.0246375,4.091202
0.0253,4.09
0.02607188,4.088658
0.02684375,4.087374
0.02761563,4.086144
0.0283875,4.084965
0.02915938,4.083833
0.02993125,4.082745
0.03070313,4.081698
0.031475,4.08069
0.03224688,4.079718
0.03301875,4.078781
0.0345625,4.077002
0.03610625,4.075338
0.03765,4.073777
0.03919375,4.072309
0.0407375,4.070926
0.04228125,4.069619
0.043825,4.068382
0.04536875,4.067209
0.0469125,4.066093
0.04845625,4.065032
0.05,4.06402
0.0515625,4.063043
0.053125,4.062109
0.0546875,4.061215
0.05625,4.060359
0.0578125,4.059538
0.059375,4.058749
0.0609375,4.057991
0.0625,4.057261
0.0640625,4.056559
0.065625,4.055881
0.0671875,4.055228
0.06875,4.054597
0.071875,4.053397
0.075,4.052272
0.078125,4.051216
0.08125,4.050222
0.084375,4.049283
0.0875,4.048395
0.090625,4.047553
0.09375,4.046754
0.096875,4.045994
0.1,4.045269
0.103125,4.044578
0.10625,4.043918
0.109375,4.043286
0.1125,4.04268
0.115625,4.042099
0.11875,4.041542
0.121875,4.041006
0.125,4.04049
0.128125,4.039993
0.13125,4.039514
0.134375,4.039052
0.1375,4.038606
0.14375,4.037757
0.15,4.036962
0.15625,4.036215
0.1625,4.035512
0.16875,4.034848
0.175,4.03422
0.18125,4.033625
0.1875,4.03306
0.19375,4.032522
0.2,4.03201
0.209375,4.031285
0.21875,4.030608
0.228125,4.029972
0.2375,4.029375
0.246875,4.028811
0.25625,4.028279
0.265625,4.027776
0.275,4.027298
0.284375,4.026845
0.29375,4.026413
0.303125,4.026001
0.3125,4.025608
0.321875,4.025232
0.33125,4.024873
0.340625,4.024528
0.35,4.024197
0.359375,4.02388
0.36875,4.023574
0.378125,4.02328
0.3875,4.022997
0.396875,4.022724
0.40625,4.02246
0.425,4.021959
0.44375,4.02149
0.4625,4.02105
0.48125,4.020636
0.5,4.020245
0.53125,4.019641
0.5625,4.019087
0.59375,4.018578
0.625,4.018108
0.65625,4.017671
0.6875,4.017265
0.71875,4.016885
0.75,4.01653
0.78125,4.016196
0.8125,4.015881
0.84375,4.015585
0.875,4.015304
0.9375,4.014785
1.0,4.014315
1.0625,4.013888
1.125,4.013497
1.1875,4.013137
1.25,4.012804
1.3125,4.012495
1.375,4.012208
1.4375,4.01194
1.5,4.011688
1.5625,4.011452
1.625,4.01123
1.6875,4.01102
1.75,4.010821
1.875,4.010454
2.0,4.010122
2.09375,4.009893
2.1875,4.009679
2.28125,4.009478
2.375,4.009289
2.46875,4.009111
2.5625,4.008943
2.65625,4.008783
2.75,4.008632
2.9375,4.008352
3.125,4.008098
3.3125,4.007865
3.5,4.007652
3.6875,4.007455
3.875,4.007272
4.0625,4.007102
4.25,4.006944
4.4375,4.006796
4.625,4.006657
4.8125,4.006526
5.0,4.006402
5.3125,4.006211
5.625,4.006036
5.9375,4.005875
6.25,4.005726
6.5625,4.005588
6.875,4.00546
7.1875,4.00534
7.5,4.005227
7.8125,4.005122
8.125,4.005022
8.4375,4.004928
8.75,4.004839
9.375,4.004675
10.0,4.004527
10.625,4.004392
11.25,4.004268
11.875,4.004154
12.5,4.004049
13.125,4.003951
13.75,4.003861
14.375,4.003776
15.0,4.003696
15.625,4.003622
16.25,4.003551
16.875,4.003485
17.5,4.003422
18.75,4.003306
20.0,4.003201
20.9375,4.003129
21.875,4.003061
22.8125,4.002997
23.75,4.002937
24.6875,4.002881
25.625,4.002828
26.5625,4.002778
27.5,4.00273
29.375,4.002641
31.25,4.002561
33.125,4.002487
35.0,4.00242
36.875,4.002357
38.75,4.0023
40.625,4.002246
42.5,4.002196
44.375,4.002149
46.25,4.002105
48.125,4.002064
50.0,4.002024
53.125,4.001964
56.25,4.001909
59.375,4.001858
62.5,4.001811
65.625,4.001767
68.75,4.001726
71.875,4.001689
75.0,4.001653
78.125,4.00162
81.25,4.001588
84.375,4.001558
87.5,4.00153
93.75,4.001478
100.0,4.001432
106.25,4.001389
112.5,4.00135
118.75,4.001314
125.0,4.00128
131.25,4.00125
137.5,4.001221
143.75,4.001194
150.0,4.001169
156.25,4.001145
162.5,4.001123
168.75,4.001102
175.0,4.001082
187.5,4.001045
200.0,4.001012
209.375,4.000989
218.75,4.000968
228.125,4.000948
237.5,4.000929
246.875,4.000911
256.25,4.000894
265.625,4.000878
275.0,4.000863
293.75,4.000835
312.5,4.00081
331.25,4.000787
350.0,4.000765
368.75,4.000745
387.5,4.000727
406.25,4.00071
425.0,4.000694
443.75,4.00068
462.5,4.000666
481.25,4.000653
500.0,4.00064
531.25,4.000621
562.5,4.000604
593.75,4.000587
625.0,4.000573
656.25,4.000559
687.5,4.000546
718.75,4.000534
750.0,4.000523
781.25,4.000512
812.5,4.000502
843.75,4.000493
875.0,4.000484
937.5,4.000468
1000.0,4.000453
1062.5,4.000439
1125.0,4.000427
1187.5,4.000415
1250.0,4.000405
1312.5,4.000395
1375.0,4.000386
1437.5,4.000378
1500.0,4.00037
1562.5,4.000362
1625.0,4.000355
1687.5,4.000348
1750.0,4.000342
1875.0,4.000331
1999.999,4.00032
2000.001,11.16061
2125.001,10.96465
2250.001,10.78308
2375.001,10.61413
2500.0,10.45632
2625.0,10.31595
2750.0,10.1839
2875.0,10.05931
3000.0,9.941477
3125.0,9.834934
3250.0,9.733666
3500.0,9.545203
3750.0,9.380392
4000.0,9.22885
4250.0,9.096654
4500.0,8.973792
4750.0,8.859135
5000.0,8.751745
5250.0,8.657938
5500.0,8.569459
5750.0,8.485781
6000.0,8.406451
6500.0,8.268679
7000.0,8.143177
7500.0,8.034913
8000.0,7.934981
8500.0,7.849533
9000.0,7.769841
9500.0,7.695224
10000.0,7.62512
10625.0,7.551969
11250.0,7.483666
11875.0,7.419647
12500.0,7.359436
13125.0,7.308872
13750.0,7.260996
14375.0,7.215553
15000.0,7.17232
16000.0,7.113302
17000.0,7.058322
18500.0,6.989504
20000.0,6.926672
21250.0,6.884777
22500.0,6.845517
23750.0,6.808594
25000.0,6.773755
27500.0,6.719631
30000.0,6.670613
32500.0,6.632335
35000.0,6.597099
37500.0,6.568883
40000.0,6.542603
42500.0,6.522322
45000.0,6.503262
50000.0,6.468283
55000.0,6.443312
60000.0,6.420608
70000.0,6.387696
80000.0,6.363153
89999.95,6.344242
99999.9,6.32738
100000.1,6.329201
112500.1,6.320996
125000.1,6.31367
137500.1,6.307052
150000.0,6.301019
175000.0,6.299473
200000.0,6.298137
225000.0,6.302197
250000.0,6.305833
300000.0,6.318366
400000.0,6.350315
500000.0,6.37521
600000.0,6.38667
700000.0,6.396388
800000.0,6.387099
900000.0,6.364073
1000000.0,6.327707
1150240.0,6.250256
1150243.0,6.250243
1153361.0,6.247761
1156478.0,6.245311
1162713.0,6.240509
1175182.0,6.231278
1187651.0,6.222532
1200120.0,6.214253
1212590.0,6.206425
1225060.0,6.19903
1237530.0,6.192054
1250000.0,6.185484
1281250.0,6.156377
1312500.0,6.128542
1375000.0,6.076386
1437500.0,6.028459
1500000.0,5.98429
1562500.0,5.918755
1625000.0,5.857339
1750000.0,5.745346
1875000.0,5.610227
2000000.0,5.489411
2066120.0,5.421117
2066121.0,5.421114
2073820.0,5.412942
2081519.0,5.404845
2096916.0,5.388876
2112313.0,5.373199
2127710.0,5.357807
2127711.0,5.357804
2132574.0,5.352753
2137436.0,5.347755
2147160.0,5.33791
2147166.0,5.337898
2155078.0,5.329661
2162990.0,5.321549
2178820.0,5.305683
2187060.0,5.297166
2195300.0,5.288763
2211780.0,5.272287
2218005.0,5.265919
2224230.0,5.259617
2236680.0,5.247207
2244518.0,5.239234
2252355.0,5.231348
2268030.0,5.215832
2276489.0,5.20505
2284947.0,5.194396
2301864.0,5.173458
2318781.0,5.153007
2335697.0,5.133028
2369530.0,5.094441
2403363.0,5.057607
2437196.0,5.022439
2471029.0,4.988857
2538695.0,4.926153
2606362.0,4.868936
2674028.0,4.816718
2741694.0,4.769056
2809360.0,4.725556
2857020.0,4.686882
2904680.0,4.650598
3000000.0,4.584624
3058013.0,4.546538
3116025.0,4.510491
3174038.0,4.476354
3232050.0,4.444013
3290063.0,4.413358
3348075.0,4.384293
3406088.0,4.356723
3464100.0,4.330563
3531088.0,4.293864
3598075.0,4.259344
3665063.0,4.226856
3732050.0,4.196273
3799038.0,4.167474
3866025.0,4.140346
3933013.0,4.114787
4000000.0,4.090705
4062500.0,4.075248
4125000.0,4.060202
4187500.0,4.04555
4250000.0,4.031275
4312500.0,4.017366
4375000.0,4.003805
4437500.0,3.990579
4500000.0,3.977677
4562500.0,3.965089
4625000.0,3.952798
4687500.0,3.940797
4750000.0,3.929076
4812500.0,3.917624
4875000.0,3.90643
4937500.0,3.89549
5000000.0,3.88479
5062500.0,3.883355
5125000.0,3.881945
5187500.0,3.880561
5250000.0,3.8792
5312500.0,3.877863
5375000.0,3.87655
5437500.0,3.875258
5500000.0,3.873987
5562500.0,3.872738
5625000.0,3.871509
5687500.0,3.870301
5750000.0,3.869112
5812500.0,3.86794
5875000.0,3.866788
5937500.0,3.865654
6000000.0,3.864537
6015024.0,3.866263
6030047.0,3.867989
6045070.0,3.869716
6060093.0,3.871443
6075116.0,3.873171
6090139.0,3.874901
6105162.0,3.876632
6120185.0,3.878363
6135209.0,3.880094
6150232.0,3.881827
6165255.0,3.883561
6180278.0,3.885296
6195301.0,3.887031
6210324.0,3.888768
6225347.0,3.890505
6240370.0,3.892242
6255394.0,3.893981
6270417.0,3.89572
6285440.0,3.89746
6300463.0,3.899201
6315486.0,3.900943
6330509.0,3.902686
6345532.0,3.904429
6360555.0,3.906173
6375579.0,3.907918
6390602.0,3.909664
6405625.0,3.911409
6420648.0,3.913156
6435671.0,3.914904
6450694.0,3.916651
6465717.0,3.918401
6480740.0,3.92015
6496655.0,3.921903
6512569.0,3.923655
6528484.0,3.92541
6544398.0,3.927165
6560313.0,3.928919
6576227.0,3.930675
6592141.0,3.932432
6608055.0,3.934188
6623970.0,3.935947
6639884.0,3.937704
6655799.0,3.939464
6671713.0,3.941224
6687628.0,3.942983
6703542.0,3.944744
6719456.0,3.946505
6735370.0,3.948266
6751910.0,3.950031
6768449.0,3.951797
6784989.0,3.953563
6801528.0,3.95533
6818068.0,3.957097
6834607.0,3.958865
6851146.0,3.960633
6867685.0,3.962402
6884225.0,3.964171
6900764.0,3.965941
6917304.0,3.96771
6933843.0,3.969481
6950383.0,3.971252
6966922.0,3.973024
6983461.0,3.974796
7000000.0,3.976568
7014852.0,3.979482
7029703.0,3.982396
7044554.0,3.98531
7059405.0,3.988226
7074257.0,3.991142
7089108.0,3.994059
7103959.0,3.996977
7118810.0,3.999897
7133662.0,4.002816
7148513.0,4.005737
7163364.0,4.008659
7178215.0,4.01158
7193067.0,4.014504
7207918.0,4.017427
7222769.0,4.020352
7237620.0,4.023277
7257960.0,4.027197
7278300.0,4.03112
7298640.0,4.035043
7318980.0,4.038968
7339320.0,4.042893
7359660.0,4.04682
7380000.0,4.050749
7400340.0,4.054678
7421083.0,4.058639
7441825.0,4.062601
7462568.0,4.066565
7483310.0,4.070529
7500488.0,4.073754
7517665.0,4.076979
7534843.0,4.080206
7552020.0,4.083433
7569198.0,4.08666
7586375.0,4.089888
7603553.0,4.093117
7620730.0,4.096345
7637908.0,4.099576
7655085.0,4.102806
7672263.0,4.106037
7689440.0,4.109268
7706618.0,4.112501
7723795.0,4.115733
7740973.0,4.118967
7758150.0,4.122201
7773266.0,4.12498
7788382.0,4.12776
7803498.0,4.130538
7818613.0,4.133319
7833729.0,4.136099
7848844.0,4.13888
7863960.0,4.14166
7879075.0,4.144441
7894191.0,4.147223
7909307.0,4.150004
7924423.0,4.152787
7939538.0,4.15557
7954654.0,4.158352
7969769.0,4.161136
7984885.0,4.163919
8000000.0,4.166702
8014942.0,4.169749
8029884.0,4.17283
8044826.0,4.175945
8059768.0,4.179095
8074710.0,4.182281
8089652.0,4.1855
8104594.0,4.188756
8119535.0,4.192045
8134477.0,4.195369
8149419.0,4.198728
8164361.0,4.202122
8179303.0,4.20555
8194245.0,4.209013
8209187.0,4.21251
8224129.0,4.216041
8239070.0,4.219606
8251425.0,4.222303
8263780.0,4.225022
8277624.0,4.227741
8291468.0,4.230468
8305312.0,4.233203
8319155.0,4.235948
8332999.0,4.238701
8346843.0,4.241463
8360687.0,4.244233
8374530.0,4.247011
8388374.0,4.249799
8402218.0,4.252594
8416062.0,4.255397
8429905.0,4.258209
8443749.0,4.26103
8457593.0,4.263859
8471437.0,4.266697
8485280.0,4.269541
8501365.0,4.272903
8517450.0,4.276275
8533535.0,4.279659
8549620.0,4.283053
8565705.0,4.286459
8581790.0,4.289876
8597875.0,4.293302
8613960.0,4.29674
8630045.0,4.300188
8646130.0,4.303648
8662215.0,4.307118
8678300.0,4.310598
8694385.0,4.31409
8710470.0,4.317592
8726555.0,4.321104
8742640.0,4.324626
8758725.0,4.328159
8774810.0,4.331702
8790895.0,4.335257
8806980.0,4.338821
8823065.0,4.342394
8839150.0,4.345979
8855235.0,4.349574
8871320.0,4.353178
8887405.0,4.356793
8903490.0,4.360419
8919575.0,4.364053
8935660.0,4.367698
8951745.0,4.371354
8967830.0,4.375018
8983915.0,4.378692
9000000.0,4.382377
9015014.0,4.384828
9030027.0,4.387295
9045040.0,4.389777
9060053.0,4.392275
9075066.0,4.39479
9090079.0,4.397318
9105092.0,4.399862
9120105.0,4.402423
9135119.0,4.404999
9150132.0,4.40759
9165145.0,4.410196
9180158.0,4.412817
9195171.0,4.415455
9210184.0,4.418107
9225197.0,4.420774
9240210.0,4.423456
9255624.0,4.426199
9271038.0,4.428959
9286452.0,4.431734
9301865.0,4.434525
9317279.0,4.437331
9332693.0,4.440153
9348107.0,4.442991
9363520.0,4.445843
9378934.0,4.448711
9394348.0,4.451595
9409762.0,4.454493
9425175.0,4.457407
9440589.0,4.460337
9456003.0,4.46328
9471417.0,4.46624
9486830.0,4.469213
9502867.0,4.472286
9518904.0,4.475374
9534941.0,4.478479
9550977.0,4.481598
9567014.0,4.484734
9583050.0,4.487886
9599087.0,4.491054
9615123.0,4.494237
9631160.0,4.497437
9647196.0,4.500652
9663233.0,4.503882
9679269.0,4.507128
9695306.0,4.51039
9711342.0,4.513666
9727379.0,4.516959
9743415.0,4.520267
9759452.0,4.523589
9775489.0,4.526928
9791526.0,4.530281
9807562.0,4.53365
9823599.0,4.537033
9839635.0,4.540431
9855672.0,4.543845
9871708.0,4.547274
9887745.0,4.550717
9903781.0,4.554175
9919818.0,4.557648
9935854.0,4.561136
9951891.0,4.564637
9967927.0,4.568154
9983964.0,4.571686
10000000.0,4.575232
10007630.0,4.575908
10015260.0,4.576586
10022890.0,4.577265
10030510.0,4.577945
10038140.0,4.578628
10045770.0,4.579311
10053400.0,4.579998
10061020.0,4.580683
10068650.0,4.581373
10076280.0,4.582063
10083910.0,4.582755
10091530.0,4.583447
10099160.0,4.584142
10106780.0,4.584839
10114410.0,4.585537
10122030.0,4.586236
10129660.0,4.586937
10137290.0,4.58764
10144920.0,4.588344
10152540.0,4.58905
10160170.0,4.589758
10167790.0,4.590466
10175420.0,4.591177
10183040.0,4.591888
10190670.0,4.592602
10198300.0,4.593316
10205930.0,4.594035
10213550.0,4.594752
10221180.0,4.595473
10228800.0,4.596192
10236430.0,4.596916
10244050.0,4.597639
10251680.0,4.598365
10259310.0,4.599093
10266940.0,4.599822
10274560.0,4.600552
10282190.0,4.601284
10289820.0,4.602018
10297450.0,4.602753
10305070.0,4.60349
10312700.0,4.604228
10320330.0,4.604968
10327960.0,4.60571
10335580.0,4.606451
10343210.0,4.607196
10350830.0,4.60794
10358460.0,4.608688
10366080.0,4.609436
10373710.0,4.610186
10381340.0,4.610938
10388970.0,4.611691
10396590.0,4.612445
10404220.0,4.613201
10411840.0,4.613958
10419470.0,4.614717
10427090.0,4.615477
10434720.0,4.61624
10442350.0,4.617003
10449980.0,4.617768
10457600.0,4.618534
10465230.0,4.619302
10472850.0,4.620071
10480480.0,4.620842
10488100.0,4.621614
10494580.0,4.622275
10501050.0,4.622935
10507530.0,4.623599
10514000.0,4.624261
10520480.0,4.624926
10526950.0,4.62559
10533430.0,4.626258
10539900.0,4.626925
10546380.0,4.627594
10552850.0,4.628264
10559330.0,4.628934
10565800.0,4.629606
10572280.0,4.63028
10578750.0,4.630953
10585230.0,4.631628
10591700.0,4.632303
10598080.0,4.632875
10604460.0,4.633447
10610840.0,4.634021
10617220.0,4.634595
10623600.0,4.63517
10629980.0,4.635744
10636360.0,4.636321
10642740.0,4.636897
10649120.0,4.637474
10655500.0,4.638051
10661880.0,4.63863
10668260.0,4.63921
10674640.0,4.63979
10681020.0,4.64037
10687400.0,4.640952
10693780.0,4.641533
10700160.0,4.642116
10706540.0,4.642699
10712920.0,4.643284
10719300.0,4.643868
10725680.0,4.644454
10732060.0,4.64504
10738440.0,4.645626
10744820.0,4.646213
10751200.0,4.646801
10757580.0,4.647391
10763960.0,4.64798
10770340.0,4.648569
10776720.0,4.64916
10783100.0,4.649751
10789480.0,4.650342
10795850.0,4.650934
10802230.0,4.651528
10808610.0,4.652121
10814990.0,4.652715
10821370.0,4.653311
10827750.0,4.653907
10834130.0,4.654504
10840510.0,4.655101
10846890.0,4.655699
10853270.0,4.656297
10859650.0,4.656896
10866030.0,4.657495
10872410.0,4.658097
10878790.0,4.658697
10885170.0,4.659299
10891550.0,4.659902
10897930.0,4.660504
10904310.0,4.661108
10910690.0,4.661712
10917070.0,4.662318
10923450.0,4.662924
10929830.0,4.66353
10936210.0,4.664136
10942590.0,4.664744
10948970.0,4.665351
10955350.0,4.66596
10961730.0,4.66657
10968110.0,4.66718
10974490.0,4.667791
10980870.0,4.668402
10987250.0,4.669014
10993630.0,4.669626
11000000.0,4.670239
11006980.0,4.670812
11013960.0,4.671388
11020940.0,4.671962
11027910.0,4.672538
11034890.0,4.673114
11041870.0,4.673692
11048850.0,4.67427
11055820.0,4.674849
11062800.0,4.675428
11069780.0,4.676009
11076760.0,4.67659
11083730.0,4.677171
11090710.0,4.677754
11097680.0,4.678338
11104660.0,4.678922
11111630.0,4.679506
11118610.0,4.680092
11125590.0,4.680678
11132570.0,4.681266
11139540.0,4.681854
11146520.0,4.682442
11153490.0,4.683031
11160470.0,4.683621
11167440.0,4.684212
11174420.0,4.684803
11181400.0,4.685396
11188380.0,4.685989
11195350.0,4.686582
11202330.0,4.687177
11209300.0,4.687772
11216280.0,4.688369
11223250.0,4.688965
11230230.0,4.689562
11237210.0,4.690161
11244190.0,4.69076
11251160.0,4.691359
11258140.0,4.69196
11265120.0,4.692561
11272100.0,4.693163
11279070.0,4.693765
11286050.0,4.694368
11293030.0,4.694974
11300010.0,4.695578
11306980.0,4.696183
11313960.0,4.69679
11320930.0,4.697395
11327910.0,4.698003
11334880.0,4.698611
11341860.0,4.699222
11348840.0,4.699831
11355820.0,4.700441
11362790.0,4.701052
11369770.0,4.701664
11376740.0,4.702276
11383720.0,4.70289
11390690.0,4.703504
11397670.0,4.704118
11404650.0,4.704734
11411630.0,4.705351
11418600.0,4.705968
11425580.0,4.706585
11432550.0,4.707203
11439530.0,4.707821
11446500.0,4.708441
11453480.0,4.709061
11460460.0,4.709683
11467440.0,4.710306
11474410.0,4.710927
11481390.0,4.711551
11488370.0,4.712175
11495350.0,4.7128
11502320.0,4.713424
11509300.0,4.71405
11516280.0,4.714678
11523260.0,4.715304
11530230.0,4.715932
11537210.0,4.716562
11544180.0,4.717191
11551160.0,4.717821
11558130.0,4.718451
11565110.0,4.719083
11572090.0,4.719715
11579070.0,4.720349
11586040.0,4.720982
11593020.0,4.721616
11599990.0,4.72225
11606970.0,4.722885
11613940.0,4.723522
11620920.0,4.724158
11627900.0,4.724797
11634880.0,4.725435
11641850.0,4.726074
11648830.0,4.726713
11655800.0,4.727353
11662780.0,4.727995
11669750.0,4.728637
11676730.0,4.729279
11683710.0,4.729922
11690690.0,4.730566
11697660.0,4.73121
11704640.0,4.731856
11711620.0,4.732501
11718600.0,4.733147
11725570.0,4.733794
11732550.0,4.734442
11739530.0,4.735091
11746510.0,4.73574
11753480.0,4.736389
11760460.0,4.73704
11767430.0,4.73769
11774410.0,4.738342
11781380.0,4.738994
11788360.0,4.739647
11795340.0,4.740301
11802320.0,4.740955
11809290.0,4.741609
11816270.0,4.742265
11823240.0,4.742922
11830220.0,4.743579
11837190.0,4.744236
11844170.0,4.744895
11851150.0,4.745553
11858130.0,4.746213
11865100.0,4.746874
11872080.0,4.747534
11879050.0,4.748195
11886030.0,4.748858
11893000.0,4.749519
11899690.0,4.750088
11906380.0,4.750658
11913070.0,4.751228
11919750.0,4.751798
11926440.0,4.752369
11933130.0,4.752941
11939820.0,4.753513
11946500.0,4.754086
11953190.0,4.754661
11959880.0,4.755236
11966570.0,4.755812
11973250.0,4.756388
11979940.0,4.756963
11986630.0,4.757541
11993320.0,4.758119
12000000.0,4.758697
12007190.0,4.758211
12014380.0,4.757727
12021570.0,4.757242
12028760.0,4.756757
12035950.0,4.756275
12043140.0,4.755791
12050330.0,4.755309
12057520.0,4.754826
12064710.0,4.754345
12071900.0,4.753863
12079090.0,4.753382
12086280.0,4.752903
12093470.0,4.752423
12100660.0,4.751944
12107850.0,4.751466
12115040.0,4.750987
12122230.0,4.750509
12129420.0,4.750031
12136610.0,4.749555
12143800.0,4.749079
12150990.0,4.748603
12158180.0,4.748129
12165370.0,4.747653
12172560.0,4.747178
12179750.0,4.746706
12186940.0,4.746232
12194130.0,4.745759
12201320.0,4.745286
12208510.0,4.744815
12215700.0,4.744343
12222890.0,4.743872
12230080.0,4.743402
12237270.0,4.742932
12244460.0,4.742462
12251650.0,4.741994
12258840.0,4.741525
12266030.0,4.741056
12273220.0,4.74059
12280410.0,4.740122
12287600.0,4.739655
12294790.0,4.739189
12301980.0,4.738724
12309170.0,4.738259
12316360.0,4.737794
12323550.0,4.73733
12330740.0,4.736866
12337930.0,4.736403
12345120.0,4.735941
12352310.0,4.735478
12359500.0,4.735016
12366690.0,4.734553
12373880.0,4.734093
12381070.0,4.733633
12388260.0,4.733172
12395450.0,4.732714
12402640.0,4.732254
12409830.0,4.731795
12417020.0,4.731338
12424210.0,4.73088
12431400.0,4.730422
12438590.0,4.729965
12445780.0,4.72951
12452970.0,4.729054
12460150.0,4.728599
12467340.0,4.728144
12474530.0,4.727691
12481720.0,4.727236
12488910.0,4.726782
12496100.0,4.72633
12503290.0,4.725877
12510480.0,4.725424
12517670.0,4.724973
12524860.0,4.724522
12532050.0,4.724071
12539240.0,4.72362
12546430.0,4.723172
12553620.0,4.722722
12560810.0,4.722273
12568000.0,4.721825
12575190.0,4.721376
12582380.0,4.720929
12589570.0,4.720482
12596760.0,4.720036
12603950.0,4.719589
12611140.0,4.719143
12618330.0,4.718699
12625520.0,4.718254
12632710.0,4.717809
12639900.0,4.717365
12647090.0,4.716922
12654280.0,4.716478
12661470.0,4.716035
12668660.0,4.715594
12675850.0,4.715152
12683040.0,4.714711
12690230.0,4.714271
12697420.0,4.71383
12704610.0,4.713389
12711800.0,4.712951
12718990.0,4.712511
12726180.0,4.712072
12733370.0,4.711635
12740560.0,4.711197
12747750.0,4.71076
12754940.0,4.710323
12762130.0,4.709887
12769320.0,4.70945
12776510.0,4.709015
12783700.0,4.708581
12790890.0,4.708146
12798080.0,4.707711
12805270.0,4.707278
12812460.0,4.706845
12819650.0,4.706412
12826840.0,4.705979
12834030.0,4.705548
12841220.0,4.705116
12848410.0,4.704685
12855600.0,4.704255
12862790.0,4.703825
12869980.0,4.703394
12877170.0,4.702966
12884360.0,4.702537
12891550.0,4.702108
12898740.0,4.701679
12905930.0,4.701253
12913120.0,4.700826
12920300.0,4.7004
12930270.0,4.699795
12940230.0,4.699191
12950190.0,4.698588
12960150.0,4.697985
12970120.0,4.697383
12980080.0,4.696781
12990040.0,4.696181
13000000.0,4.69558
13015340.0,4.694655
13030670.0,4.693732
13046010.0,4.69281
13061340.0,4.69189
13076680.0,4.690969
13092010.0,4.690051
13107350.0,4.689135
13122680.0,4.688218
13138020.0,4.687303
13153350.0,4.686389
13168690.0,4.685477
13184020.0,4.684566
13199360.0,4.683655
13214690.0,4.682747
13230020.0,4.68184
13245350.0,4.680933
13260690.0,4.680028
13276020.0,4.679125
13291360.0,4.678221
13306690.0,4.67732
13322030.0,4.676418
13337360.0,4.675519
13352700.0,4.67462
13368030.0,4.673723
13383370.0,4.672827
13398700.0,4.671933
13414040.0,4.671038
13429370.0,4.670147
13444710.0,4.669255
13460040.0,4.668364
13475370.0,4.667476
13490700.0,4.666587
13506620.0,4.665671
13522540.0,4.664757
13538460.0,4.663843
13554370.0,4.662931
13570290.0,4.662021
13586200.0,4.661111
13602120.0,4.660202
13618030.0,4.659296
13633950.0,4.658389
13649860.0,4.657485
13665780.0,4.656582
13681690.0,4.655679
13697610.0,4.654777
13713520.0,4.653877
13729440.0,4.652978
13745350.0,4.652081
13761270.0,4.651184
13777190.0,4.650289
13793110.0,4.649394
13809020.0,4.648501
13824940.0,4.64761
13840850.0,4.646719
13856770.0,4.64583
13872680.0,4.644942
13888600.0,4.644055
13904510.0,4.643169
13920430.0,4.642284
13936340.0,4.641401
13952260.0,4.640518
13968170.0,4.639638
13984090.0,4.638757
14000000.0,4.637879
14011980.0,4.636165
14023950.0,4.634454
14035930.0,4.632745
14047900.0,4.631039
14054970.0,4.630031
14062030.0,4.629028
14069100.0,4.628021
14076160.0,4.627017
14083230.0,4.626013
14090290.0,4.625012
14097360.0,4.624009
14104420.0,4.623007
14111490.0,4.622007
14118550.0,4.621007
14125620.0,4.620007
14132680.0,4.61901
14146810.0,4.617015
14160930.0,4.615024
14175060.0,4.613035
14189190.0,4.611048
14203320.0,4.609065
14217440.0,4.607084
14231570.0,4.605106
14245700.0,4.603132
14259830.0,4.601158
14273950.0,4.599189
14288080.0,4.597222
14302210.0,4.595258
14316340.0,4.593297
14330470.0,4.591337
14344600.0,4.589381
14358730.0,4.587428
14372860.0,4.585477
14386980.0,4.58353
14401110.0,4.581586
14415240.0,4.579642
14429370.0,4.577702
14443490.0,4.575766
14457620.0,4.573832
14471750.0,4.5719
14485880.0,4.56997
14500000.0,4.568045
14507820.0,4.566982
14515630.0,4.56592
14523440.0,4.564859
14531250.0,4.5638
14539070.0,4.562739
14546880.0,4.561681
14554690.0,4.560624
14562500.0,4.559567
14570320.0,4.558509
14578130.0,4.557454
14585940.0,4.5564
14593750.0,4.555346
14601570.0,4.554292
14609380.0,4.553239
14617190.0,4.552188
14625000.0,4.551137
14632820.0,4.550085
14640630.0,4.549036
14648440.0,4.547988
14656250.0,4.54694
14664070.0,4.545892
14671880.0,4.544846
14679690.0,4.543801
14687500.0,4.542757
14695320.0,4.541712
14703130.0,4.540669
14710940.0,4.539627
14718750.0,4.538585
14726570.0,4.537544
14734380.0,4.536503
14742190.0,4.535464
14750000.0,4.534425
14757820.0,4.533387
14765630.0,4.53235
14773440.0,4.531314
14781250.0,4.530279
14789070.0,4.529243
14796880.0,4.528209
14804690.0,4.527176
14812500.0,4.526143
14820320.0,4.52511
14828130.0,4.524079
14835940.0,4.52305
14843750.0,4.52202
14851570.0,4.52099
14859380.0,4.519962
14867190.0,4.518935
14875000.0,4.517909
14882820.0,4.516881
14890630.0,4.515856
14898440.0,4.514832
14906250.0,4.513808
14914070.0,4.512784
14921880.0,4.511762
14929690.0,4.510741
14937500.0,4.50972
14945320.0,4.508699
14953130.0,4.50768
14960940.0,4.506662
14968750.0,4.505644
14976570.0,4.504626
14984380.0,4.50361
14992190.0,4.502595
15000000.0,4.50158
15007690.0,4.500287
15015380.0,4.498996
15023070.0,4.497706
15030750.0,4.496417
15038440.0,4.49513
15046120.0,4.493844
15053810.0,4.492557
15061490.0,4.491274
15069180.0,4.489991
15076870.0,4.488706
15084560.0,4.487425
15092240.0,4.486147
15099930.0,4.484866
15107610.0,4.483589
15115300.0,4.482311
15122980.0,4.481035
15130670.0,4.479761
15138360.0,4.478486
15146050.0,4.477213
15153730.0,4.475942
15161420.0,4.47467
15169100.0,4.473401
15176790.0,4.472133
15184470.0,4.470866
15192160.0,4.469599
15199840.0,4.468334
15207530.0,4.467069
15215210.0,4.465806
15222900.0,4.464543
15230580.0,4.463283
15238270.0,4.462022
15245950.0,4.460762
15253640.0,4.459504
15261330.0,4.458246
15269020.0,4.45699
15276700.0,4.455736
15284390.0,4.45448
15292070.0,4.453228
15299760.0,4.451976
15307440.0,4.450726
15315130.0,4.449475
15322820.0,4.448226
15330510.0,4.446976
15338190.0,4.44573
15345880.0,4.444483
15353560.0,4.443241
15361250.0,4.441995
15368930.0,4.440753
15376620.0,4.43951
15384310.0,4.438269
15399680.0,4.43579
15415050.0,4.433316
15430420.0,4.430845
15445790.0,4.428379
15461160.0,4.425916
15476530.0,4.423458
15491900.0,4.421003
15499840.0,4.419731
15507780.0,4.418461
15515720.0,4.417191
15523660.0,4.415924
15531600.0,4.414656
15539540.0,4.413391
15547480.0,4.412125
15555420.0,4.41086
15563360.0,4.409598
15571300.0,4.408335
15579240.0,4.407075
15587180.0,4.405816
15595120.0,4.404556
15603060.0,4.403298
15611000.0,4.402041
15618930.0,4.400788
15626870.0,4.399533
15634810.0,4.398279
15642750.0,4.397026
15650690.0,4.395775
15658630.0,4.394525
15666570.0,4.393275
15674510.0,4.392027
15682440.0,4.390781
15690380.0,4.389535
15698320.0,4.388289
15706260.0,4.387045
15714200.0,4.385802
15722140.0,4.384559
15730080.0,4.383319
15738020.0,4.382078
15745950.0,4.38084
15753890.0,4.379603
15761830.0,4.378365
15769770.0,4.37713
15777710.0,4.375894
15785650.0,4.374659
15793590.0,4.373426
15801530.0,4.372196
15809470.0,4.370965
15817410.0,4.369734
15825350.0,4.368505
15833290.0,4.367276
15841230.0,4.366049
15849170.0,4.364823
15857110.0,4.3636
15865050.0,4.362375
15872980.0,4.361153
15880920.0,4.359932
15888860.0,4.358711
15904740.0,4.356272
15920620.0,4.353836
15936490.0,4.351407
15952370.0,4.348981
15968250.0,4.346557
15984130.0,4.344138
16000000.0,4.341725
16009800.0,4.339908
16019600.0,4.338094
16029400.0,4.336282
16039190.0,4.334471
16048990.0,4.332664
16058790.0,4.330858
16068590.0,4.329054
16078380.0,4.327256
16088180.0,4.325456
16097980.0,4.323659
16107780.0,4.321864
16117570.0,4.320072
16127370.0,4.318282
16137160.0,4.316496
16146960.0,4.31471
16156750.0,4.312928
16166550.0,4.311146
16176350.0,4.309367
16186150.0,4.307589
16195940.0,4.305815
16205740.0,4.304042
16215540.0,4.302272
16225340.0,4.300502
16235130.0,4.298738
16244930.0,4.296973
16254730.0,4.295211
16264530.0,4.29345
16274320.0,4.291693
16284120.0,4.289938
16293910.0,4.288186
16303710.0,4.286434
16313500.0,4.284686
16324230.0,4.28275
16334960.0,4.280818
16345690.0,4.278887
16356410.0,4.27696
16367140.0,4.275035
16377870.0,4.273113
16388600.0,4.271192
16399320.0,4.269276
16410050.0,4.267362
16420780.0,4.26545
16431510.0,4.263541
16442230.0,4.261635
16452960.0,4.259731
16463680.0,4.257831
16474410.0,4.255932
16485130.0,4.254037
16495860.0,4.252143
16506590.0,4.250252
16517320.0,4.248363
16528040.0,4.246479
16538770.0,4.244595
16549490.0,4.242716
16560220.0,4.240836
16570940.0,4.238962
16581670.0,4.237089
16592400.0,4.235218
16603130.0,4.233349
16613850.0,4.231486
16624580.0,4.229623
16635300.0,4.227764
16646030.0,4.225906
16656750.0,4.224052
16667480.0,4.222199
16678210.0,4.220348
16688940.0,4.2185
16699660.0,4.216655
16710390.0,4.214813
16721120.0,4.212971
16731850.0,4.211132
16742570.0,4.209299
16753300.0,4.207465
16764030.0,4.205635
16774760.0,4.203806
16785480.0,4.201982
16796210.0,4.200159
16806930.0,4.19834
16817660.0,4.196521
16828380.0,4.194706
16839110.0,4.192893
16849840.0,4.191082
16860570.0,4.189273
16871290.0,4.187469
16882020.0,4.185664
16892740.0,4.183865
16903470.0,4.182065
16914190.0,4.18027
16924920.0,4.178476
16935650.0,4.176684
16946380.0,4.174896
16957100.0,4.17311
16967830.0,4.171326
16978550.0,4.169545
16989280.0,4.167765
17000000.0,4.16599
17010550.0,4.164213
17021100.0,4.162439
17031650.0,4.160667
17042190.0,4.158899
17052740.0,4.157132
17063290.0,4.155367
17073840.0,4.153604
17084380.0,4.151846
17094930.0,4.150087
17105480.0,4.148332
17116030.0,4.146578
17126570.0,4.144829
17137120.0,4.14308
17147660.0,4.141335
17158210.0,4.139591
17168750.0,4.137851
17179300.0,4.136112
17189850.0,4.134374
17200400.0,4.132639
17210940.0,4.130908
17221490.0,4.129178
17232040.0,4.127449
17242590.0,4.125723
17253130.0,4.124001
17263680.0,4.12228
17274230.0,4.12056
17284780.0,4.118844
17295320.0,4.117131
17305870.0,4.115418
17316410.0,4.11371
17326960.0,4.112001
17337500.0,4.110297
17348050.0,4.108594
17358600.0,4.106892
17369150.0,4.105193
17379690.0,4.103498
17390240.0,4.101803
17400790.0,4.100111
17411340.0,4.098421
17421880.0,4.096735
17432430.0,4.095049
17442980.0,4.093366
17453530.0,4.091684
17464070.0,4.090007
17474620.0,4.08833
17485160.0,4.086656
17495710.0,4.084984
17506250.0,4.083315
17516800.0,4.081647
17527350.0,4.079981
17537900.0,4.078317
17548440.0,4.076657
17558990.0,4.074998
17569540.0,4.073341
17580090.0,4.071686
17590630.0,4.070034
17601180.0,4.068384
17611730.0,4.066735
17622280.0,4.065089
17632820.0,4.063447
17643370.0,4.061804
17653910.0,4.060166
17664460.0,4.058528
17675000.0,4.056894
17685160.0,4.055299
17695320.0,4.053706
17705480.0,4.052115
17715630.0,4.050528
17725790.0,4.048941
17735940.0,4.047357
17746100.0,4.045773
17756250.0,4.044194
17766410.0,4.042614
17776570.0,4.041037
17786730.0,4.039462
17796880.0,4.03789
17807040.0,4.036317
17817190.0,4.034749
17827350.0,4.033182
17837500.0,4.031617
17847660.0,4.030053
17857820.0,4.028492
17867980.0,4.026931
17878130.0,4.025375
17888290.0,4.023819
17898440.0,4.022266
17908600.0,4.020714
17918750.0,4.019164
17928910.0,4.017615
17939070.0,4.016069
17949230.0,4.014524
17959380.0,4.012983
17969540.0,4.011442
17979690.0,4.009905
17989850.0,4.008367
18000000.0,4.006834
18015970.0,4.004042
18031930.0,4.001256
18047890.0,3.998477
18063850.0,3.995704
18079820.0,3.992935
18095780.0,3.990173
18111740.0,3.987418
18127700.0,3.984668
18154960.0,3.979895
18182220.0,3.975138
18209480.0,3.9704
18236740.0,3.965678
18264000.0,3.960975
18291260.0,3.956289
18318520.0,3.951621
18345780.0,3.946969
18373040.0,3.942335
18400300.0,3.937717
18427560.0,3.933118
18454820.0,3.928535
18482080.0,3.923969
18509340.0,3.91942
18536600.0,3.914889
18563850.0,3.910374
18591110.0,3.905876
18618370.0,3.901395
18645630.0,3.89693
18672890.0,3.892482
18700150.0,3.888051
18727410.0,3.883637
18754670.0,3.879238
18781930.0,3.874857
18809190.0,3.870492
18836450.0,3.866144
18863710.0,3.861813
18890970.0,3.857498
18918230.0,3.853199
18945490.0,3.848918
18972750.0,3.844652
19000000.0,3.840405
19036720.0,3.834521
19073440.0,3.828666
19110160.0,3.82284
19146880.0,3.817044
19183600.0,3.811276
19220320.0,3.805538
19257040.0,3.799827
19293750.0,3.794149
19330470.0,3.788497
19367190.0,3.782872
19403910.0,3.777277
19440630.0,3.771711
19477350.0,3.766172
19514070.0,3.760662
19550790.0,3.755181
19587500.0,3.749729
19639070.0,3.74194
19690630.0,3.734205
19742190.0,3.726525
19793750.0,3.718897
19845320.0,3.71132
19896880.0,3.703798
19948440.0,3.696329
20000000.0,3.688911
