1e-05,878.9639
1.03125e-05,865.6012
1.0625e-05,852.8325
1.09375e-05,840.615
1.125e-05,828.9102
1.15625e-05,817.6831
1.1875e-05,806.9022
1.21875e-05,796.5386
1.25e-05,786.5662
1.28125e-05,776.9608
1.3125e-05,767.7006
1.34375e-05,758.7653
1.375e-05,750.1364
1.4375e-05,733.7305
1.5e-05,718.361
1.5625e-05,703.9231
1.625e-05,690.3264
1.6875e-05,677.4923
1.75e-05,665.352
1.8125e-05,653.8451
1.875e-05,642.9186
1.9375e-05,632.525
2e-05,622.6226
2.09375e-05,608.6088
2.1875e-05,595.5058
2.28125e-05,583.2191
2.375e-05,571.6673
2.46875e-05,560.7799
2.5625e-05,550.4955
2.65625e-05,540.7606
2.75e-05,531.5278
2.84375e-05,522.7554
2.9375e-05,514.4064
3.03125e-05,506.4478
3.125e-05,498.8501
3.21875e-05,491.5868
3.3125e-05,484.634
3.40625e-05,477.9703
3.5e-05,471.5762
3.59375e-05,465.4339
3.6875e-05,459.5274
3.78125e-05,453.8419
3.875e-05,448.364
3.96875e-05,443.0814
4.0625e-05,437.9827
4.25e-05,428.2962
4.4375e-05,419.2304
4.625e-05,410.7215
4.8125e-05,402.7149
5e-05,395.1631
5.15625e-05,389.1871
5.3125e-05,383.4767
5.46875e-05,378.0129
5.625e-05,372.7783
5.78125e-05,367.7575
5.9375e-05,362.9361
6.09375e-05,358.3014
6.25e-05,353.8415
6.40625e-05,349.5459
6.5625e-05,345.4046
6.71875e-05,341.4086
6.875e-05,337.5496
7.1875e-05,330.2127
7.5e-05,323.3393
7.8125e-05,316.8824
8.125e-05,310.8018
8.4375e-05,305.0622
8.75e-05,299.6329
9.0625e-05,294.4869
9.375e-05,289.6004
9.6875e-05,284.9522
0.0001,280.5237
0.000103125,276.2981
0.00010625,272.2603
0.000109375,268.3968
0.0001125,264.6954
0.000115625,261.1451
0.00011875,257.7358
0.000121875,254.4586
0.000125,251.305
0.000128125,248.2675
0.00013125,245.3392
0.000134375,242.5136
0.0001375,239.7849
0.00014375,234.5969
0.00015,229.7366
0.00015625,225.171
0.0001625,220.8713
0.00016875,216.8128
0.000175,212.9737
0.00018125,209.3349
0.0001875,205.8796
0.00019375,202.5929
0.0002,199.4615
0.000209375,195.0299
0.00021875,190.8864
0.000228125,187.001
0.0002375,183.348
0.000246875,179.9051
0.00025625,176.6529
0.000265625,173.5745
0.000275,170.6548
0.000284375,167.8807
0.00029375,165.2405
0.000303125,162.7238
0.0003125,160.3212
0.000321875,158.0243
0.00033125,155.8257
0.000340625,153.7184
0.00035,151.6964
0.000359375,149.7541
0.00036875,147.8862
0.000378125,146.0883
0.0003875,144.3561
0.000396875,142.6856
0.00040625,141.0732
0.000425,138.0101
0.00044375,135.1432
0.0004625,132.4525
0.00048125,129.9206
0.0005,127.5325
0.000515625,125.6427
0.00053125,123.8369
0.000546875,122.1091
0.0005625,120.4538
0.000578125,118.8661
0.00059375,117.3414
0.000609375,115.8758
0.000625,114.4655
0.000640625,113.107
0.00065625,111.7975
0.000671875,110.5338
0.0006875,109.3135
0.00071875,106.9934
0.00075,104.8198
0.00078125,102.778
0.0008125,100.8551
0.00084375,99.04007
0.000875,97.32317
0.00090625,95.69586
0.0009375,94.15061
0.00096875,92.68074
0.001,91.28033
0.00103125,89.94406
0.0010625,88.66718
0.00109375,87.44543
0.001125,86.27495
0.00115625,85.15224
0.0011875,84.07415
0.00121875,83.0378
0.00125,82.04055
0.00128125,81.08001
0.0013125,80.15399
0.00134375,79.26046
0.001375,78.39757
0.0014375,76.75698
0.0015,75.22003
0.0015625,73.77624
0.001625,72.41657
0.0016875,71.13316
0.00175,69.91913
0.0018125,68.76844
0.001875,67.67578
0.0019375,66.63643
0.002,65.64619
0.00209375,64.24481
0.0021875,62.93451
0.00228125,61.70584
0.002375,60.55065
0.00246875,59.46191
0.0025625,58.43348
0.00265625,57.45999
0.00275,56.53671
0.00284375,55.65947
0.0029375,54.82457
0.00303125,54.02871
0.003125,53.26893
0.00321875,52.5426
0.0033125,51.84732
0.00340625,51.18095
0.0035,50.54154
0.00359375,49.92731
0.0036875,49.33666
0.00378125,48.76811
0.003875,48.22032
0.00396875,47.69206
0.0040625,47.18219
0.00425,46.21355
0.0044375,45.30696
0.004625,44.45608
0.0048125,43.65542
0.005,42.90023
0.00515625,42.30263
0.0053125,41.7316
0.00546875,41.18521
0.005625,40.66176
0.00578125,40.15967
0.0059375,39.67753
0.00609375,39.21406
0.00625,38.76807
0.00640625,38.33851
0.0065625,37.92438
0.00671875,37.52478
0.006875,37.13888
0.0071875,36.40519
0.0075,35.71784
0.0078125,35.07216
0.008125,34.4641
0.0084375,33.89014
0.00875,33.34721
0.0090625,32.83261
0.009375,32.34396
0.0096875,31.87914
0.01,31.43629
0.0103125,31.01373
0.010625,30.60994
0.0109375,30.22359
0.01125,29.85345
0.0115625,29.49842
0.011875,29.1575
0.0121875,28.82978
0.0125,28.51442
0.0128125,28.21067
0.013125,27.91784
0.0134375,27.63528
0.01375,27.36241
0.014375,26.84361
0.015,26.35758
0.015625,25.90101
0.01625,25.47105
0.016875,25.0652
0.0175,24.68129
0.018125,24.31741
0.01875,23.97188
0.019375,23.64321
0.02,23.33007
0.0206625,23.01377
0.021325,22.71233
0.0219875,22.42462
0.02265,22.14963
0.0233125,21.88645
0.023975,21.63425
0.0246375,21.39229
0.0253,21.1599
0.02607188,20.90041
0.02684375,20.65219
0.02761563,20.41445
0.0283875,20.18648
0.02915938,19.96761
0.02993125,19.75727
0.03070313,19.55492
0.031475,19.36005
0.03224688,19.17222
0.03301875,18.99102
0.0345625,18.64699
0.03610625,18.32528
0.03765,18.02356
0.03919375,17.73984
0.0407375,17.47241
0.04228125,17.21976
0.043825,16.98058
0.04536875,16.75372
0.0469125,16.53814
0.04845625,16.33296
0.05,16.13735
0.0515625,15.94838
0.053125,15.7678
0.0546875,15.59503
0.05625,15.4295
0.0578125,15.27073
0.059375,15.11827
0.0609375,14.97171
0.0625,14.83068
0.0640625,14.69484
0.065625,14.56389
0.0671875,14.43753
0.06875,14.3155
0.071875,14.08349
0.075,13.86614
0.078125,13.66196
0.08125,13.46967
0.084375,13.28818
0.0875,13.11649
0.090625,12.95376
0.09375,12.79924
0.096875,12.65225
0.1,12.51221
0.103125,12.37859
0.10625,12.2509
0.109375,12.12873
0.1125,12.01168
0.115625,11.89941
0.11875,11.7916
0.121875,11.68797
0.125,11.58825
0.128125,11.49219
0.13125,11.39959
0.134375,11.31024
0.1375,11.22395
0.14375,11.05989
0.15,10.9062
0.15625,10.76182
0.1625,10.62585
0.16875,10.49751
0.175,10.37611
0.18125,10.26104
0.1875,10.15178
0.19375,10.04784
0.2,9.948815
0.209375,9.808677
0.21875,9.677647
0.228125,9.554779
0.2375,9.43926
0.246875,9.330385
0.25625,9.227541
0.265625,9.130191
0.275,9.037862
0.284375,8.950138
0.29375,8.866647
0.303125,8.78706
0.3125,8.711082
0.321875,8.638447
0.33125,8.568919
0.340625,8.502281
0.35,8.438339
0.359375,8.376915
0.36875,8.317849
0.378125,8.260993
0.3875,8.206214
0.396875,8.153387
0.40625,8.102399
0.425,8.005532
0.44375,7.914872
0.4625,7.829782
0.48125,7.749714
0.5,7.674194
0.53125,7.557328
0.5625,7.450341
0.59375,7.351916
0.625,7.260968
0.65625,7.176596
0.6875,7.098045
0.71875,7.024673
0.75,6.955936
0.78125,6.891366
0.8125,6.830558
0.84375,6.77316
0.875,6.718865
0.9375,6.618536
1.0,6.527766
1.0625,6.445129
1.125,6.369476
1.1875,6.299878
1.25,6.235567
1.3125,6.175907
1.375,6.120361
1.4375,6.068479
1.5,6.019874
1.5625,5.974215
1.625,5.931217
1.6875,5.890629
1.75,5.852237
1.875,5.781292
2.0,5.717107
2.135,5.654221
2.27,5.597031
2.405,5.544727
2.539999,5.49665
2.540001,82.34632
2.770001,79.0269
3.0,76.09854
3.25,73.2723
3.5,70.75596
3.75,68.49682
4.0,66.45391
4.25,64.5914
4.5,62.88713
4.75,61.31998
5.0,59.87248
5.5,57.27679
6.0,55.01456
6.5,53.01599
7.0,51.23692
7.5,49.63999
8.0,48.19616
8.5,46.8792
9.0,45.67436
9.5,44.56661
10.0,43.5436
10.625,42.36573
11.25,41.28821
11.875,40.29758
12.5,39.38278
13.75,37.74161
15.0,36.31183
16.0,35.28985
17.0,34.36023
18.5,33.10873
20.0,32.00211
21.25,31.16953
22.5,30.40804
23.75,29.70811
25.0,29.06188
27.5,27.90213
30.0,26.89213
32.5,25.99997
35.0,25.20629
37.5,24.49263
40.0,23.84778
42.5,23.25963
45.0,22.72183
47.5,22.22762
50.0,21.77143
55.0,20.95253
60.0,20.23963
65.0,19.60988
70.0,19.04982
72.0,18.8422
78.5,18.22283
85.0,17.67699
92.5,17.1195
100.0,16.62693
106.25,16.25627
112.5,15.91743
118.75,15.60613
125.0,15.31886
137.5,14.80333
150.0,14.3547
160.0,14.03411
170.0,13.7427
185.0,13.3506
200.0,13.00418
212.5,12.74379
225.0,12.50575
237.5,12.28707
250.0,12.08525
275.0,11.72365
300.0,11.40892
325.0,11.13152
350.0,10.88481
375.0,10.66352
400.0,10.46358
425.0,10.28196
450.0,10.11586
475.0,9.963194
500.0,9.822241
550.0,9.570752
600.0,9.351614
660.0,9.123573
720.0,8.924755
760.0,8.806191
800.0,8.696627
850.0,8.571809
900.0,8.45748
950.0,8.352244
1000.0,8.254947
1062.5,8.144909
1125.0,8.044034
1187.5,7.951107
1250.0,7.865126
1375.0,7.713993
1500.0,7.581684
1600.0,7.488826
1700.0,7.403998
1850.0,7.292104
2000.0,7.192483
2125.0,7.120198
2250.0,7.053665
2500.0,6.935011
2750.0,6.837154
3000.0,6.750867
3250.0,6.677958
3500.0,6.612287
3750.0,6.555832
4000.0,6.504195
4500.0,6.419782
5000.0,6.346852
5500.0,6.289576
6000.0,6.23863
6500.0,6.197678
7000.0,6.160541
8000.0,6.102345
9000.0,6.060243
10000.0,6.023672
10787.11,5.999657
10813.88,5.999189
10840.64,5.998722
10894.17,5.997793
11001.23,5.995957
11108.29,5.994149
11215.34,5.992367
11429.45,5.988881
11643.56,5.985494
11857.67,5.982202
12071.78,5.979002
12285.89,5.975887
12500.0,5.972857
12812.5,5.970086
13125.0,5.967439
13437.5,5.964908
13750.0,5.962487
14375.0,5.957947
15000.0,5.953775
16000.0,5.947979
17000.0,5.942886
17750.0,5.941182
18500.0,5.939723
20000.0,5.937432
21250.0,5.938906
22500.0,5.940685
23750.0,5.942711
25000.0,5.944938
26250.0,5.949138
27500.0,5.953449
30000.0,5.962308
32500.0,5.972962
35000.0,5.983742
37500.0,5.995718
40000.0,6.007701
41132.1,6.013263
41270.67,6.014023
41409.23,6.014783
41686.35,6.016304
41963.47,6.017824
42240.59,6.019342
42794.84,6.022376
43349.08,6.025406
43903.33,6.028431
44457.57,6.031452
45566.05,6.037475
46674.54,6.043475
47783.03,6.049448
48891.52,6.05539
50000.0,6.061303
50625.0,6.065448
51250.0,6.069577
52500.0,6.077792
53750.0,6.085945
55000.0,6.094034
56250.0,6.10206
57500.0,6.110022
58750.0,6.117919
60000.0,6.125751
62500.0,6.140506
65000.0,6.155072
67500.0,6.169445
70000.0,6.183624
72500.0,6.196729
75000.0,6.209688
77500.0,6.222499
80000.0,6.23516
82499.99,6.248149
84999.98,6.260985
87499.97,6.273671
89999.95,6.286205
94999.93,6.310819
99999.9,6.334837
100000.1,6.331593
103125.1,6.327737
106250.1,6.324293
109375.1,6.321221
112500.1,6.318487
118750.1,6.313918
125000.1,6.310377
131250.1,6.307699
137500.1,6.305751
143750.1,6.30442
150000.0,6.303618
156250.0,6.301774
162500.0,6.300477
168750.0,6.299656
175000.0,6.299247
187500.0,6.299465
200000.0,6.300791
212500.0,6.301554
225000.0,6.303207
237500.0,6.305561
250000.0,6.308475
262500.0,6.311034
275000.0,6.314016
287500.0,6.31734
300000.0,6.320941
312500.0,6.323516
325000.0,6.326346
337500.0,6.329387
350000.0,6.332603
362500.0,6.335965
375000.0,6.339446
400000.0,6.346684
425000.0,6.354182
450000.0,6.361839
475000.0,6.369583
500000.0,6.377362
506250.0,6.377829
512500.0,6.378314
518750.0,6.378817
525000.0,6.379335
531250.0,6.37987
537500.0,6.380418
543750.0,6.380982
550000.0,6.381559
556250.0,6.382148
562500.0,6.382748
568750.0,6.383361
575000.0,6.383985
581250.0,6.384618
587500.0,6.385262
593750.0,6.385915
600000.0,6.386576
606250.0,6.387246
612500.0,6.387924
618750.0,6.388609
625000.0,6.389302
631250.0,6.390001
637500.0,6.390707
643750.0,6.391418
650000.0,6.392135
656250.0,6.392858
662500.0,6.393587
668750.0,6.39432
675000.0,6.395056
681250.0,6.395797
687500.0,6.396544
693750.0,6.397292
700000.0,6.398046
706250.0,6.397326
712500.0,6.396625
718750.0,6.395942
725000.0,6.395276
731250.0,6.394628
737500.0,6.393997
743750.0,6.393382
750000.0,6.392783
756250.0,6.3922
762500.0,6.391631
768750.0,6.391079
775000.0,6.39054
781250.0,6.390016
787500.0,6.389505
793750.0,6.389009
800000.0,6.388525
806250.0,6.386912
812500.0,6.385321
818750.0,6.383754
825000.0,6.382209
831250.0,6.380687
837500.0,6.379186
843750.0,6.377707
850000.0,6.376249
856250.0,6.374811
862500.0,6.373393
868750.0,6.371995
875000.0,6.370616
881250.0,6.369255
887500.0,6.367914
893750.0,6.366591
900000.0,6.365285
906250.0,6.362805
912500.0,6.360354
918750.0,6.357931
925000.0,6.355534
931250.0,6.353163
937500.0,6.350819
943750.0,6.3485
950000.0,6.346206
956250.0,6.343937
962500.0,6.341692
968750.0,6.339471
975000.0,6.337273
981250.0,6.335099
987500.0,6.332948
993750.0,6.330818
1000000.0,6.328711
1007813.0,6.323445
1015625.0,6.318242
1023438.0,6.3131
1031250.0,6.308018
1039063.0,6.302992
1046875.0,6.298026
1054688.0,6.293115
1062500.0,6.28826
1070313.0,6.283459
1078125.0,6.278712
1085938.0,6.274017
1093750.0,6.269373
1101563.0,6.264779
1109375.0,6.260236
1117188.0,6.255742
1125000.0,6.251295
1132813.0,6.246896
1140625.0,6.242542
1148438.0,6.238234
1156250.0,6.233972
1164063.0,6.229753
1171875.0,6.225578
1179688.0,6.221445
1187500.0,6.217355
1195313.0,6.213304
1203125.0,6.209295
1210938.0,6.205326
1218750.0,6.201397
1226563.0,6.197505
1234375.0,6.193651
1242188.0,6.189836
1250000.0,6.186058
1257813.0,6.178836
1265625.0,6.171683
1273438.0,6.164598
1281250.0,6.15758
1289063.0,6.150626
1296875.0,6.143739
1304688.0,6.136915
1312500.0,6.130153
1320313.0,6.123454
1328125.0,6.116814
1335938.0,6.110235
1343750.0,6.103717
1351563.0,6.097255
1359375.0,6.090851
1367188.0,6.084504
1375000.0,6.078213
1382813.0,6.071976
1390625.0,6.065796
1398438.0,6.059666
1406250.0,6.053592
1414063.0,6.047568
1421875.0,6.041596
1429688.0,6.035674
1437500.0,6.029802
1445313.0,6.023979
1453125.0,6.018207
1460938.0,6.01248
1468750.0,6.006802
1476563.0,6.001171
1484375.0,5.995584
1492188.0,5.990043
1500000.0,5.984549
1507813.0,5.97611
1515625.0,5.967743
1523438.0,5.959444
1531250.0,5.951215
1539063.0,5.943053
1546875.0,5.934959
1554688.0,5.926929
1562500.0,5.918966
1570313.0,5.911065
1578125.0,5.903229
1585938.0,5.895455
1593750.0,5.887744
1601563.0,5.880094
1609375.0,5.872503
1617188.0,5.864971
1625000.0,5.857501
1632813.0,5.850086
1640625.0,5.84273
1648438.0,5.83543
1656250.0,5.828186
1664063.0,5.820997
1671875.0,5.813864
1679688.0,5.806783
1687500.0,5.799756
1695313.0,5.792783
1703125.0,5.785861
1710938.0,5.77899
1718750.0,5.772171
1726563.0,5.765402
1734375.0,5.758682
1742188.0,5.752011
1750000.0,5.745389
1757813.0,5.736446
1765625.0,5.727572
1773438.0,5.718764
1781250.0,5.710025
1789063.0,5.701347
1796875.0,5.692736
1804688.0,5.684188
1812500.0,5.675704
1820313.0,5.667281
1828125.0,5.658922
1835938.0,5.650621
1843750.0,5.642382
1851563.0,5.634202
1859375.0,5.626082
1867188.0,5.618017
1875000.0,5.610013
1882813.0,5.602064
1890625.0,5.594173
1898438.0,5.586336
1906250.0,5.578555
1914063.0,5.57083
1921875.0,5.563157
1929688.0,5.555536
1937500.0,5.547971
1945313.0,5.540455
1953125.0,5.532994
1960938.0,5.52558
1968750.0,5.51822
1976563.0,5.510909
1984375.0,5.503647
1992188.0,5.496433
2000000.0,5.489269
2007813.0,5.478822
2015625.0,5.468453
2023438.0,5.458162
2031250.0,5.447946
2039063.0,5.437806
2046875.0,5.427742
2054688.0,5.41775
2062500.0,5.407833
2070313.0,5.397987
2078125.0,5.388213
2085938.0,5.378509
2093750.0,5.368876
2101563.0,5.359311
2109375.0,5.349815
2117188.0,5.340388
2125000.0,5.331027
2132813.0,5.321731
2140625.0,5.312502
2148438.0,5.303338
2156250.0,5.294238
2164063.0,5.285202
2171875.0,5.276228
2179688.0,5.267317
2187500.0,5.258467
2195313.0,5.249677
2203125.0,5.24095
2210938.0,5.23228
2218750.0,5.223671
2226563.0,5.21512
2234375.0,5.206627
2242188.0,5.19819
2250000.0,5.189812
2257813.0,5.181489
2265625.0,5.173222
2273438.0,5.165009
2281250.0,5.156851
2289063.0,5.148748
2296875.0,5.140698
2304688.0,5.132701
2312500.0,5.124757
2320313.0,5.116864
2328125.0,5.109022
2335938.0,5.101231
2343750.0,5.093491
2351563.0,5.085801
2359375.0,5.078161
2367188.0,5.070568
2375000.0,5.063026
2382813.0,5.05553
2390625.0,5.048082
2398438.0,5.040682
2406250.0,5.033328
2414063.0,5.026021
2421875.0,5.01876
2429688.0,5.011543
2437500.0,5.004371
2445313.0,4.997246
2453125.0,4.990163
2460938.0,4.983124
2468750.0,4.976129
2476563.0,4.969176
2484375.0,4.962266
2492188.0,4.955399
2500000.0,4.948573
2507813.0,4.941789
2515625.0,4.935045
2523438.0,4.928343
2531250.0,4.921681
2539063.0,4.915057
2546875.0,4.908475
2554688.0,4.901931
2562500.0,4.895427
2570313.0,4.88896
2578125.0,4.882533
2585938.0,4.876142
2593750.0,4.869791
2601563.0,4.863474
2609375.0,4.857197
2617188.0,4.850955
2625000.0,4.84475
2632813.0,4.838579
2640625.0,4.832447
2648438.0,4.826347
2656250.0,4.820284
2664063.0,4.814255
2671875.0,4.808261
2679688.0,4.802301
2687500.0,4.796375
2695313.0,4.790482
2703125.0,4.784623
2710938.0,4.778797
2718750.0,4.773003
2726563.0,4.767241
2734375.0,4.761513
2742188.0,4.755816
2750000.0,4.750151
2757813.0,4.744517
2765625.0,4.738915
2773438.0,4.733343
2781250.0,4.727802
2789063.0,4.722291
2796875.0,4.716811
2804688.0,4.711359
2812500.0,4.705939
2820313.0,4.700547
2828125.0,4.695185
2835938.0,4.689852
2843750.0,4.684548
2851563.0,4.679271
2859375.0,4.674024
2867188.0,4.668804
2875000.0,4.663612
2882813.0,4.658448
2890625.0,4.653311
2898438.0,4.648202
2906250.0,4.643119
2914063.0,4.638062
2921875.0,4.633034
2929688.0,4.62803
2937500.0,4.623054
2945313.0,4.618102
2953125.0,4.613177
2960938.0,4.608278
2968750.0,4.603404
2976563.0,4.598555
2984375.0,4.593731
2992188.0,4.58893
3000000.0,4.584156
3007813.0,4.57897
3015625.0,4.57381
3023438.0,4.56868
3031250.0,4.563576
3039063.0,4.558499
3046875.0,4.55345
3054688.0,4.548427
3062500.0,4.543431
3070313.0,4.53846
3078125.0,4.533517
3085938.0,4.528599
3093750.0,4.523707
3101563.0,4.51884
3109375.0,4.513999
3117188.0,4.509183
3125000.0,4.504392
3132813.0,4.499625
3140625.0,4.494884
3148438.0,4.490167
3156250.0,4.485475
3164063.0,4.480805
3171875.0,4.476159
3179688.0,4.471538
3187500.0,4.46694
3195313.0,4.462365
3203125.0,4.457815
3210938.0,4.453285
3218750.0,4.448781
3226563.0,4.444297
3234375.0,4.439837
3242188.0,4.435399
3250000.0,4.430983
3257813.0,4.426588
3265625.0,4.422218
3273438.0,4.417867
3281250.0,4.413538
3289063.0,4.409231
3296875.0,4.404944
3304688.0,4.400679
3312500.0,4.396435
3320313.0,4.392212
3328125.0,4.388009
3335938.0,4.383827
3343750.0,4.379664
3351563.0,4.375523
3359375.0,4.371401
3367188.0,4.3673
3375000.0,4.363218
3382813.0,4.359155
3390625.0,4.355112
3398438.0,4.351089
3406250.0,4.347085
3414063.0,4.343099
3421875.0,4.339134
3429688.0,4.335186
3437500.0,4.331257
3445313.0,4.327347
3453125.0,4.323455
3460938.0,4.319582
3468750.0,4.315728
3476563.0,4.31189
3484375.0,4.308072
3492188.0,4.30427
3500000.0,4.300486
3507813.0,4.296721
3515625.0,4.292972
3523438.0,4.289241
3531250.0,4.285528
3539063.0,4.28183
3546875.0,4.278151
3554688.0,4.274488
3562500.0,4.270843
3570313.0,4.267212
3578125.0,4.263599
3585938.0,4.260004
3593750.0,4.256425
3601563.0,4.252861
3609375.0,4.249312
3617188.0,4.245781
3625000.0,4.242265
3632813.0,4.238765
3640625.0,4.235281
3648438.0,4.231813
3656250.0,4.22836
3664063.0,4.224922
3671875.0,4.2215
3679688.0,4.218093
3687500.0,4.214701
3695313.0,4.211325
3703125.0,4.207963
3710938.0,4.204615
3718750.0,4.201283
3726563.0,4.197966
3734375.0,4.194663
3742188.0,4.191374
3750000.0,4.1881
3757813.0,4.18484
3765625.0,4.181594
3773438.0,4.178362
3781250.0,4.175145
3789063.0,4.171941
3796875.0,4.168751
3804688.0,4.165575
3812500.0,4.162413
3820313.0,4.159264
3828125.0,4.156128
3835938.0,4.153006
3843750.0,4.149898
3851563.0,4.146802
3859375.0,4.143721
3867188.0,4.140651
3875000.0,4.137595
3882813.0,4.134551
3890625.0,4.131522
3898438.0,4.128504
3906250.0,4.1255
3914063.0,4.122507
3921875.0,4.119527
3929688.0,4.11656
3937500.0,4.113606
3945313.0,4.110663
3953125.0,4.107733
3960938.0,4.104815
3968750.0,4.10191
3976563.0,4.099015
3984375.0,4.096134
3992188.0,4.093263
4000000.0,4.090405
4023162.0,4.084898
4046324.0,4.079435
4069486.0,4.074022
4092648.0,4.068652
4115810.0,4.063328
4138972.0,4.058047
4162134.0,4.05281
4185295.0,4.047615
4208457.0,4.042464
4231619.0,4.037353
4254781.0,4.032283
4277943.0,4.027255
4301105.0,4.022264
4324267.0,4.017314
4347429.0,4.012403
4370590.0,4.007529
4396623.0,4.002009
4422655.0,3.996536
4448688.0,3.991111
4474720.0,3.985731
4500753.0,3.980397
4526785.0,3.975109
4552818.0,3.969862
4578850.0,3.96466
4608344.0,3.958756
4637838.0,3.952907
4667332.0,3.947111
4696825.0,3.941368
4726319.0,3.935677
4755813.0,3.930037
4785307.0,3.924448
4814800.0,3.918908
4861100.0,3.910227
4907400.0,3.901664
4953700.0,3.893218
5000000.0,3.884884
5014914.0,3.884535
5029827.0,3.884189
5044741.0,3.883846
5059654.0,3.883504
5074568.0,3.883164
5089481.0,3.882828
5104395.0,3.882495
5119308.0,3.882163
5134222.0,3.881834
5149135.0,3.881506
5164049.0,3.881182
5178962.0,3.880859
5193876.0,3.880538
5208789.0,3.88022
5223702.0,3.879905
5238615.0,3.879592
5253529.0,3.879279
5268442.0,3.87897
5283356.0,3.878663
5298269.0,3.878358
5313183.0,3.878054
5328096.0,3.877753
5343010.0,3.877455
5357923.0,3.877157
5372837.0,3.876861
5387750.0,3.876568
5402664.0,3.876277
5417577.0,3.875988
5432491.0,3.875701
5447404.0,3.875416
5462317.0,3.875132
5477230.0,3.874851
5493567.0,3.874507
5509904.0,3.874165
5526241.0,3.873826
5542577.0,3.873489
5558914.0,3.873154
5575250.0,3.872821
5591587.0,3.872491
5607923.0,3.87216
5624260.0,3.871835
5640596.0,3.871509
5656933.0,3.871187
5673269.0,3.870866
5689606.0,3.870547
5705942.0,3.87023
5722279.0,3.869915
5738615.0,3.869602
5754952.0,3.86929
5771289.0,3.868981
5787626.0,3.868674
5803962.0,3.868368
5820299.0,3.868064
5836635.0,3.867763
5852972.0,3.867462
5869308.0,3.867162
5885645.0,3.866866
5901981.0,3.866571
5918318.0,3.866279
5934654.0,3.865987
5950991.0,3.865697
5967327.0,3.865409
5983664.0,3.865123
6000000.0,3.864838
6014734.0,3.866506
6029468.0,3.868184
6044202.0,3.86987
6058935.0,3.871564
6073669.0,3.873268
6088403.0,3.874979
6103137.0,3.876699
6117870.0,3.878428
6132604.0,3.880164
6147338.0,3.881909
6162072.0,3.883662
6176805.0,3.885424
6191539.0,3.887194
6206273.0,3.888972
6221007.0,3.890758
6235740.0,3.892551
6251053.0,3.894237
6266365.0,3.895931
6281678.0,3.897633
6296990.0,3.899342
6312303.0,3.90106
6327615.0,3.902785
6342928.0,3.90452
6358240.0,3.906261
6373553.0,3.908011
6388865.0,3.909768
6404178.0,3.911533
6419490.0,3.913305
6434803.0,3.915086
6450115.0,3.916874
6465428.0,3.918669
6480740.0,3.920472
6491728.0,3.921695
6502715.0,3.922922
6513703.0,3.924152
6524690.0,3.925386
6551025.0,3.928114
6577360.0,3.930857
6603695.0,3.933617
6630030.0,3.936389
6656365.0,3.939178
6682700.0,3.94198
6709035.0,3.944798
6735370.0,3.947631
6751910.0,3.949419
6768449.0,3.951212
6784989.0,3.95301
6801528.0,3.954816
6818068.0,3.956626
6834607.0,3.958441
6851146.0,3.960263
6867685.0,3.962089
6884225.0,3.963922
6900764.0,3.965759
6917304.0,3.967602
6933843.0,3.96945
6950383.0,3.971304
6966922.0,3.973163
6983461.0,3.975026
7000000.0,3.976896
7008984.0,3.978603
7017967.0,3.980318
7026950.0,3.982041
7035933.0,3.983774
7044916.0,3.985515
7053899.0,3.987266
7062882.0,3.989025
7071865.0,3.990794
7080849.0,3.992571
7089832.0,3.994356
7098815.0,3.996151
7107798.0,3.997954
7116781.0,3.999766
7125764.0,4.001586
7134747.0,4.003416
7143730.0,4.005254
7149599.0,4.006181
7155467.0,4.00711
7161335.0,4.008044
7167203.0,4.00898
7173071.0,4.00992
7178939.0,4.010863
7184807.0,4.01181
7190675.0,4.012759
7196544.0,4.013712
7202412.0,4.014668
7208280.0,4.015627
7214148.0,4.016589
7220016.0,4.017555
7225884.0,4.018524
7231752.0,4.019495
7237620.0,4.02047
7245298.0,4.021728
7252976.0,4.022992
7260654.0,4.024261
7268332.0,4.025535
7276010.0,4.026816
7283688.0,4.028099
7291366.0,4.02939
7299043.0,4.030686
7306721.0,4.031987
7314399.0,4.033293
7322077.0,4.034606
7329754.0,4.035923
7337432.0,4.037245
7345110.0,4.038573
7352788.0,4.039905
7360465.0,4.041244
7368143.0,4.042586
7375821.0,4.043935
7383499.0,4.04529
7391177.0,4.046649
7398855.0,4.048013
7406533.0,4.049383
7414211.0,4.050757
7421888.0,4.052138
7429566.0,4.053523
7437244.0,4.054913
7444922.0,4.056308
7452599.0,4.057709
7460277.0,4.059115
7467955.0,4.060526
7475633.0,4.061941
7483310.0,4.063362
7491249.0,4.064804
7499187.0,4.06625
7507126.0,4.067704
7515064.0,4.069162
7523003.0,4.070624
7530941.0,4.072093
7538880.0,4.073567
7546818.0,4.075046
7554757.0,4.076531
7562695.0,4.078021
7570634.0,4.079517
7578572.0,4.081017
7586511.0,4.082523
7594449.0,4.084033
7602387.0,4.085549
7610325.0,4.087071
7618264.0,4.088597
7626202.0,4.090129
7634141.0,4.091667
7642079.0,4.093209
7650018.0,4.094756
7657956.0,4.096309
7665895.0,4.097867
7673833.0,4.09943
7681772.0,4.100997
7689710.0,4.102571
7697649.0,4.104149
7705587.0,4.105732
7713526.0,4.107321
7721464.0,4.108915
7729402.0,4.110512
7737340.0,4.112116
7745549.0,4.113748
7753757.0,4.115385
7761965.0,4.117027
7770173.0,4.118675
7778381.0,4.120327
7786589.0,4.121985
7794797.0,4.123649
7803005.0,4.125318
7811214.0,4.126992
7819422.0,4.128672
7827630.0,4.130355
7835838.0,4.132046
7844046.0,4.133741
7852254.0,4.13544
7860462.0,4.137147
7868670.0,4.138858
7876879.0,4.140573
7885087.0,4.142295
7893295.0,4.144021
7901503.0,4.145752
7909711.0,4.147489
7917919.0,4.149231
7926127.0,4.150978
7934335.0,4.152729
7942544.0,4.154487
7950752.0,4.156249
7958960.0,4.158016
7967168.0,4.159789
7975376.0,4.161566
7983584.0,4.163348
7991792.0,4.165135
8000000.0,4.166928
8007583.0,4.168391
8015165.0,4.169857
8022748.0,4.171327
8030330.0,4.1728
8037913.0,4.174276
8045495.0,4.175755
8053078.0,4.177238
8060660.0,4.178723
8068243.0,4.180212
8075825.0,4.181704
8083408.0,4.183199
8090990.0,4.184698
8098573.0,4.186199
8106155.0,4.187705
8113738.0,4.189213
8121320.0,4.190725
8128903.0,4.192239
8136485.0,4.193756
8144068.0,4.195277
8151650.0,4.196801
8159233.0,4.198329
8166815.0,4.199858
8174398.0,4.201391
8181980.0,4.202928
8189563.0,4.204467
8197145.0,4.20601
8204728.0,4.207556
8212310.0,4.209105
8219893.0,4.210657
8227475.0,4.212212
8235058.0,4.21377
8242640.0,4.215331
8250223.0,4.216896
8257805.0,4.218463
8265388.0,4.220034
8272970.0,4.221607
8280553.0,4.223183
8288135.0,4.224763
8295718.0,4.226346
8303300.0,4.227932
8310883.0,4.229521
8318465.0,4.231112
8326048.0,4.232706
8333630.0,4.234304
8341213.0,4.235906
8348795.0,4.237509
8356378.0,4.239116
8363960.0,4.240726
8371543.0,4.242338
8379125.0,4.243954
8386708.0,4.245572
8394290.0,4.247194
8401873.0,4.248819
8409455.0,4.250446
8417038.0,4.252077
8424620.0,4.253711
8432203.0,4.255347
8439785.0,4.256986
8447368.0,4.258628
8454950.0,4.260274
8462533.0,4.261922
8470115.0,4.263573
8477698.0,4.265227
8485280.0,4.266883
8493323.0,4.268592
8501365.0,4.270305
8509408.0,4.272021
8517450.0,4.273739
8525493.0,4.275461
8533535.0,4.277186
8541578.0,4.278914
8549620.0,4.280646
8557663.0,4.282381
8565705.0,4.284118
8573748.0,4.28586
8581790.0,4.287603
8589833.0,4.289351
8597875.0,4.291101
8605918.0,4.292855
8613960.0,4.294611
8622003.0,4.296371
8630045.0,4.298135
8638088.0,4.2999
8646130.0,4.30167
8654173.0,4.303442
8662215.0,4.305217
8670258.0,4.306995
8678300.0,4.308776
8686343.0,4.310562
8694385.0,4.312349
8702428.0,4.314141
8710470.0,4.315935
8718513.0,4.317731
8726555.0,4.319531
8734598.0,4.321334
8742640.0,4.32314
8750683.0,4.324949
8758725.0,4.326761
8766768.0,4.328576
8774810.0,4.330394
8782853.0,4.332216
8790895.0,4.33404
8798938.0,4.335868
8806980.0,4.337697
8815023.0,4.33953
8823065.0,4.341367
8831108.0,4.343206
8839150.0,4.345048
8847193.0,4.346893
8855235.0,4.348741
8863278.0,4.350592
8871320.0,4.352446
8879363.0,4.354303
8887405.0,4.356163
8895448.0,4.358025
8903490.0,4.359891
8911533.0,4.361759
8919575.0,4.36363
8927618.0,4.365506
8935660.0,4.367382
8943703.0,4.369264
8951745.0,4.371146
8959788.0,4.373032
8967830.0,4.374921
8975873.0,4.376813
8983915.0,4.378708
8991958.0,4.380605
9000000.0,4.382505
9007607.0,4.383919
9015214.0,4.385332
9022821.0,4.386747
9030427.0,4.388162
9038034.0,4.38958
9045641.0,4.390998
9053248.0,4.392418
9060854.0,4.393838
9068461.0,4.395258
9076068.0,4.396681
9083675.0,4.398105
9091281.0,4.39953
9098888.0,4.400956
9106495.0,4.402383
9114102.0,4.403811
9121708.0,4.40524
9129315.0,4.406669
9136922.0,4.408101
9144529.0,4.409533
9152135.0,4.410966
9159742.0,4.412401
9167349.0,4.413837
9174956.0,4.415273
9182562.0,4.416711
9190169.0,4.418149
9197776.0,4.419589
9205383.0,4.421029
9212989.0,4.422471
9220596.0,4.423914
9228202.0,4.425358
9235809.0,4.426803
9243415.0,4.428248
9251022.0,4.429696
9258629.0,4.431144
9266236.0,4.432593
9273842.0,4.434042
9281449.0,4.435494
9289056.0,4.436946
9296663.0,4.4384
9304269.0,4.439855
9311876.0,4.441309
9319483.0,4.442766
9327090.0,4.444222
9334696.0,4.445682
9342303.0,4.447141
9349910.0,4.448602
9357517.0,4.450063
9365123.0,4.451525
9372730.0,4.452989
9380337.0,4.454453
9387944.0,4.455919
9395550.0,4.457386
9403157.0,4.458853
9410764.0,4.460321
9418371.0,4.46179
9425977.0,4.463261
9433584.0,4.464733
9441191.0,4.466206
9448798.0,4.46768
9456404.0,4.469153
9464011.0,4.470629
9471617.0,4.472106
9479224.0,4.473584
9486830.0,4.475061
9494849.0,4.476595
9502867.0,4.47813
9510886.0,4.479664
9518904.0,4.481201
9526923.0,4.482739
9534941.0,4.484277
9542959.0,4.485817
9550977.0,4.487358
9558996.0,4.488899
9567014.0,4.490443
9575032.0,4.491986
9583050.0,4.493531
9591069.0,4.495078
9599087.0,4.496625
9607105.0,4.498173
9615123.0,4.499722
9623142.0,4.501272
9631160.0,4.502825
9639178.0,4.504376
9647196.0,4.505929
9655215.0,4.507485
9663233.0,4.50904
9671251.0,4.510597
9679269.0,4.512154
9687288.0,4.513714
9695306.0,4.515273
9703324.0,4.516834
9711342.0,4.518395
9719361.0,4.519958
9727379.0,4.521523
9735397.0,4.523088
9743415.0,4.524653
9751434.0,4.526221
9759452.0,4.527788
9767471.0,4.529358
9775489.0,4.530928
9783508.0,4.532499
9791526.0,4.534071
9799544.0,4.535644
9807562.0,4.537218
9815581.0,4.538794
9823599.0,4.540371
9831617.0,4.541948
9839635.0,4.543526
9847654.0,4.545106
9855672.0,4.546685
9863690.0,4.548266
9871708.0,4.549848
9879727.0,4.551433
9887745.0,4.553017
9895763.0,4.554601
9903781.0,4.556188
9911800.0,4.557775
9919818.0,4.559364
9927836.0,4.560954
9935854.0,4.562543
9943873.0,4.564135
9951891.0,4.565727
9959909.0,4.56732
9967927.0,4.568914
9975946.0,4.570509
9983964.0,4.572105
9991982.0,4.573702
10000000.0,4.575301
10006030.0,4.57587
10012060.0,4.576439
10018090.0,4.577008
10024120.0,4.577579
10030150.0,4.578148
10036180.0,4.578719
10042210.0,4.579288
10048230.0,4.579857
10054260.0,4.580428
10060290.0,4.580998
10066320.0,4.58157
10072340.0,4.582139
10078370.0,4.58271
10084400.0,4.583281
10090430.0,4.583852
10096450.0,4.584423
10102480.0,4.584994
10108510.0,4.585566
10114540.0,4.586137
10120570.0,4.58671
10126600.0,4.587282
10132630.0,4.587854
10138660.0,4.588427
10144680.0,4.588998
10150710.0,4.589571
10156740.0,4.590144
10162770.0,4.590716
10168790.0,4.591289
10174820.0,4.591861
10180850.0,4.592436
10186880.0,4.593009
10192900.0,4.593582
10198930.0,4.594155
10204960.0,4.594729
10210990.0,4.595304
10217020.0,4.595877
10223050.0,4.596452
10229080.0,4.597026
10235110.0,4.597602
10241130.0,4.598175
10247160.0,4.598749
10253190.0,4.599325
10259220.0,4.5999
10265240.0,4.600475
10271270.0,4.60105
10277300.0,4.601626
10283330.0,4.602202
10289350.0,4.602776
10295380.0,4.603353
10301410.0,4.603929
10307440.0,4.604506
10313470.0,4.605081
10319500.0,4.605657
10325530.0,4.606235
10331560.0,4.606811
10337580.0,4.607388
10343610.0,4.607964
10349640.0,4.608543
10355670.0,4.60912
10361690.0,4.609696
10367720.0,4.610274
10373750.0,4.610852
10379780.0,4.61143
10385800.0,4.612008
10391830.0,4.612585
10397860.0,4.613164
10403890.0,4.613742
10409920.0,4.614321
10415950.0,4.6149
10421980.0,4.615479
10428010.0,4.616058
10434030.0,4.616635
10440060.0,4.617216
10446090.0,4.617795
10452120.0,4.618375
10458140.0,4.618953
10464170.0,4.619534
10470200.0,4.620114
10476230.0,4.620693
10482250.0,4.621273
10488280.0,4.621853
10494310.0,4.622434
10500340.0,4.623014
10506370.0,4.623596
10512400.0,4.624177
10518430.0,4.624758
10524460.0,4.625339
10530480.0,4.625919
10536510.0,4.626501
10542540.0,4.627082
10548570.0,4.627664
10554590.0,4.628245
10560620.0,4.628827
10566650.0,4.62941
10572680.0,4.629992
10578700.0,4.630574
10584730.0,4.631157
10590760.0,4.631738
10596790.0,4.632322
10602820.0,4.632905
10608850.0,4.633488
10614880.0,4.634071
10620910.0,4.634656
10626930.0,4.635237
10632960.0,4.635821
10638990.0,4.636405
10645020.0,4.636989
10651040.0,4.637573
10657070.0,4.638156
10663100.0,4.63874
10669130.0,4.639325
10675150.0,4.639908
10681180.0,4.640494
10687210.0,4.641079
10693240.0,4.641664
10699270.0,4.642249
10705300.0,4.642834
10711330.0,4.64342
10717360.0,4.644005
10723380.0,4.64459
10729410.0,4.645176
10735440.0,4.645762
10741470.0,4.646348
10747490.0,4.646933
10753520.0,4.64752
10759550.0,4.648106
10765580.0,4.648693
10771600.0,4.649279
10782300.0,4.650275
10793000.0,4.651269
10803700.0,4.652266
10814400.0,4.653262
10823360.0,4.654088
10832320.0,4.654914
10841280.0,4.655741
10850230.0,4.656566
10859190.0,4.657392
10868140.0,4.658219
10877100.0,4.659046
10886050.0,4.659873
10895010.0,4.6607
10903970.0,4.661528
10912930.0,4.662355
10921880.0,4.663183
10930840.0,4.664012
10939790.0,4.664839
10948750.0,4.665668
10957700.0,4.666496
10968280.0,4.667466
10978850.0,4.668436
10989430.0,4.669407
11000000.0,4.670378
11007650.0,4.671054
11015290.0,4.671731
11022930.0,4.672406
11030570.0,4.673083
11038220.0,4.67376
11045860.0,4.674435
11053500.0,4.675112
11061140.0,4.675789
11068790.0,4.676466
11076430.0,4.677144
11084070.0,4.677821
11091710.0,4.678498
11099360.0,4.679176
11107000.0,4.679853
11114640.0,4.680531
11122280.0,4.681209
11129930.0,4.681887
11137570.0,4.682566
11145210.0,4.683243
11152850.0,4.683922
11160500.0,4.684601
11168140.0,4.68528
11175780.0,4.685958
11183420.0,4.686637
11191070.0,4.687317
11198710.0,4.687996
11206350.0,4.688675
11213990.0,4.689354
11221630.0,4.690033
11229270.0,4.690713
11236910.0,4.691392
11244550.0,4.692072
11252200.0,4.692752
11259840.0,4.693433
11267480.0,4.694113
11275120.0,4.694794
11282770.0,4.695475
11290410.0,4.696154
11298050.0,4.696836
11305690.0,4.697516
11313340.0,4.698198
11320980.0,4.698879
11328620.0,4.699561
11336260.0,4.700242
11343910.0,4.700924
11351550.0,4.701606
11359190.0,4.702287
11366830.0,4.70297
11374480.0,4.703653
11382120.0,4.704334
11389760.0,4.705016
11397400.0,4.705698
11405050.0,4.706382
11412690.0,4.707064
11420330.0,4.707747
11427970.0,4.70843
11435620.0,4.709114
11443260.0,4.709796
11450900.0,4.71048
11458540.0,4.711163
11466180.0,4.711847
11473820.0,4.71253
11481460.0,4.713214
11489100.0,4.713898
11497090.0,4.714597
11505070.0,4.715295
11513060.0,4.715995
11521040.0,4.716693
11529030.0,4.717394
11537010.0,4.718093
11544990.0,4.718791
11552970.0,4.719491
11560960.0,4.720191
11568940.0,4.720891
11576920.0,4.721591
11584900.0,4.72229
11592890.0,4.72299
11600870.0,4.723691
11608850.0,4.724391
11616830.0,4.725092
11624820.0,4.725792
11632800.0,4.726493
11640780.0,4.727194
11648760.0,4.727896
11656750.0,4.728598
11664730.0,4.729298
11672710.0,4.729999
11680690.0,4.730701
11688680.0,4.731405
11696660.0,4.732106
11704640.0,4.732808
11712620.0,4.73351
11720610.0,4.734213
11728590.0,4.734916
11736570.0,4.735618
11744550.0,4.736321
11752540.0,4.737025
11760520.0,4.737728
11768510.0,4.738433
11776490.0,4.739136
11784480.0,4.73984
11792460.0,4.740544
11800440.0,4.741247
11808420.0,4.741952
11816410.0,4.742657
11824390.0,4.743361
11832370.0,4.744065
11840350.0,4.74477
11848340.0,4.745476
11856320.0,4.746181
11864300.0,4.746886
11872280.0,4.747591
11880270.0,4.748298
11888250.0,4.749003
11896230.0,4.749709
11904210.0,4.750415
11912200.0,4.751122
11920180.0,4.751829
11928160.0,4.752535
11936140.0,4.753242
11944130.0,4.75395
11952110.0,4.754656
11960090.0,4.755364
11968070.0,4.756071
11976060.0,4.75678
11984040.0,4.757487
11992020.0,4.758196
12000000.0,4.758903
12015320.0,4.757883
12030630.0,4.756866
12045940.0,4.755849
12061250.0,4.754835
12076570.0,4.753823
12091880.0,4.752811
12107190.0,4.751802
12122500.0,4.750794
12137820.0,4.749789
12153130.0,4.748784
12168440.0,4.747782
12183750.0,4.746781
12199070.0,4.745781
12214380.0,4.744784
12229690.0,4.743788
12245000.0,4.742795
12260320.0,4.741801
12275630.0,4.74081
12290940.0,4.739823
12306250.0,4.738835
12321570.0,4.737849
12336880.0,4.736866
12352190.0,4.735883
12367500.0,4.734903
12382820.0,4.733923
12398130.0,4.732946
12413440.0,4.731971
12428750.0,4.730997
12444070.0,4.730025
12459380.0,4.729056
12474690.0,4.728087
12490000.0,4.727121
12505940.0,4.726111
12521880.0,4.725103
12537820.0,4.724099
12553750.0,4.723095
12569690.0,4.722094
12585630.0,4.721094
12601570.0,4.720097
12617500.0,4.719102
12633440.0,4.718108
12649380.0,4.717116
12665320.0,4.716127
12681250.0,4.715139
12697190.0,4.714154
12713130.0,4.713169
12729070.0,4.712187
12745000.0,4.711209
12760940.0,4.710231
12776880.0,4.709256
12792820.0,4.708282
12808750.0,4.707312
12824690.0,4.706344
12840630.0,4.705377
12856570.0,4.704413
12872500.0,4.703451
12888440.0,4.702492
12904380.0,4.701535
12920320.0,4.70058
12936250.0,4.699628
12952190.0,4.698678
12968130.0,4.697732
12984070.0,4.696788
13000000.0,4.695847
13007360.0,4.695403
13014720.0,4.694958
13022080.0,4.694516
13029440.0,4.694072
13036800.0,4.693629
13044160.0,4.693187
13051520.0,4.692744
13058880.0,4.692303
13066240.0,4.691861
13073600.0,4.69142
13080960.0,4.690979
13088320.0,4.690538
13095680.0,4.690098
13103040.0,4.689658
13110400.0,4.689218
13117750.0,4.68878
13125110.0,4.688341
13132470.0,4.687903
13139830.0,4.687464
13147190.0,4.687026
13154550.0,4.686588
13161910.0,4.68615
13169270.0,4.685713
13176630.0,4.685277
13183990.0,4.68484
13191350.0,4.684404
13198710.0,4.683969
13206070.0,4.683534
13213430.0,4.683098
13220790.0,4.682664
13228150.0,4.682229
13235500.0,4.681795
13242860.0,4.681362
13250220.0,4.680928
13257580.0,4.680496
13264940.0,4.680062
13272300.0,4.67963
13279660.0,4.679198
13287020.0,4.678766
13294380.0,4.678335
13301740.0,4.677903
13309100.0,4.677474
13316460.0,4.677042
13323820.0,4.676612
13331180.0,4.676183
13338540.0,4.675754
13345900.0,4.675324
13353250.0,4.674897
13360610.0,4.674469
13367970.0,4.674041
13375330.0,4.673612
13382690.0,4.673185
13390050.0,4.672757
13397410.0,4.672332
13404770.0,4.671905
13412130.0,4.671479
13419490.0,4.671054
13426850.0,4.670628
13434210.0,4.670204
13441570.0,4.66978
13448930.0,4.669355
13456290.0,4.668931
13463650.0,4.668507
13471000.0,4.668085
13479270.0,4.667607
13487540.0,4.667128
13495810.0,4.666649
13504070.0,4.666171
13512340.0,4.665694
13520600.0,4.665217
13528870.0,4.664741
13537130.0,4.664265
13545400.0,4.663789
13553660.0,4.663314
13561930.0,4.662839
13570190.0,4.662364
13578460.0,4.661889
13586720.0,4.661415
13594990.0,4.660942
13603250.0,4.660469
13611520.0,4.659996
13619790.0,4.659524
13628060.0,4.659051
13636320.0,4.65858
13644590.0,4.658108
13652850.0,4.657638
13661120.0,4.657167
13669380.0,4.656697
13677650.0,4.656228
13685910.0,4.655758
13694180.0,4.655289
13702440.0,4.654821
13710710.0,4.654352
13718970.0,4.653885
13727240.0,4.653417
13735500.0,4.652951
13743770.0,4.652484
13752040.0,4.652018
13760310.0,4.651551
13768570.0,4.651086
13776840.0,4.650621
13785100.0,4.650156
13793370.0,4.649692
13801630.0,4.649228
13809900.0,4.648765
13818160.0,4.648302
13826430.0,4.64784
13834690.0,4.647377
13842960.0,4.646915
13851220.0,4.646454
13859490.0,4.645993
13867750.0,4.645532
13876020.0,4.645072
13884290.0,4.644612
13892560.0,4.644152
13900820.0,4.643692
13909090.0,4.643234
13917350.0,4.642777
13925620.0,4.642318
13933880.0,4.641861
13942150.0,4.641404
13950410.0,4.640948
13958680.0,4.640492
13966940.0,4.640036
13975210.0,4.63958
13983470.0,4.639126
13991740.0,4.638671
14000000.0,4.638217
14007820.0,4.637095
14015630.0,4.635975
14023440.0,4.634857
14031250.0,4.63374
14039070.0,4.632621
14046880.0,4.631505
14054690.0,4.630391
14062500.0,4.629277
14070320.0,4.628163
14078130.0,4.62705
14085940.0,4.625938
14093750.0,4.62483
14101570.0,4.623719
14109380.0,4.622611
14117190.0,4.621503
14125000.0,4.620398
14132820.0,4.619291
14140630.0,4.618186
14148440.0,4.617082
14156250.0,4.615979
14164070.0,4.614877
14171880.0,4.613777
14179690.0,4.612677
14187500.0,4.611578
14195320.0,4.610478
14203130.0,4.609383
14210940.0,4.608287
14218750.0,4.607192
14226570.0,4.606097
14234380.0,4.605004
14242190.0,4.603911
14250000.0,4.60282
14257820.0,4.601728
14265630.0,4.60064
14273440.0,4.599552
14281250.0,4.598464
14289070.0,4.597376
14296880.0,4.59629
14304690.0,4.595207
14312500.0,4.594124
14320320.0,4.59304
14328130.0,4.591957
14335940.0,4.590876
14343750.0,4.589797
14351570.0,4.588717
14359380.0,4.587639
14367190.0,4.586562
14375000.0,4.585487
14382820.0,4.584411
14390630.0,4.583336
14398440.0,4.582263
14406250.0,4.58119
14414070.0,4.580118
14421880.0,4.579048
14429690.0,4.577978
14437500.0,4.57691
14445320.0,4.575841
14453130.0,4.574776
14460940.0,4.573709
14468750.0,4.572644
14476570.0,4.571579
14484380.0,4.570518
14492190.0,4.569455
14500000.0,4.568394
14507820.0,4.567327
14515630.0,4.566262
14523440.0,4.565198
14531250.0,4.564134
14539070.0,4.563071
14546880.0,4.56201
14554690.0,4.560949
14562500.0,4.55989
14570320.0,4.558829
14578130.0,4.557771
14585940.0,4.556714
14593750.0,4.555658
14601570.0,4.554601
14609380.0,4.553547
14617190.0,4.552494
14625000.0,4.551441
14632820.0,4.550387
14640630.0,4.549337
14648440.0,4.548287
14656250.0,4.547238
14664070.0,4.546188
14671880.0,4.54514
14679690.0,4.544094
14687500.0,4.543048
14695320.0,4.542002
14703130.0,4.540958
14710940.0,4.539915
14718750.0,4.538873
14726570.0,4.53783
14734380.0,4.536791
14742190.0,4.53575
14750000.0,4.534712
14757820.0,4.533672
14765630.0,4.532636
14773440.0,4.5316
14781250.0,4.530564
14789070.0,4.529529
14796880.0,4.528496
14804690.0,4.527463
14812500.0,4.526432
14820320.0,4.5254
14828130.0,4.52437
14835940.0,4.523341
14843750.0,4.522313
14851570.0,4.521285
14859380.0,4.520257
14867190.0,4.519233
14875000.0,4.518209
14882820.0,4.517183
14890630.0,4.51616
14898440.0,4.515138
14906250.0,4.514117
14914070.0,4.513095
14921880.0,4.512076
14929690.0,4.511058
14937500.0,4.51004
14945320.0,4.509022
14953130.0,4.508006
14960940.0,4.506991
14968750.0,4.505977
14976570.0,4.504963
14984380.0,4.50395
14992190.0,4.502938
15000000.0,4.501928
15008880.0,4.500427
15017750.0,4.498931
15026630.0,4.497434
15035500.0,4.49594
15044380.0,4.494447
15053250.0,4.492955
15062130.0,4.491465
15071000.0,4.489977
15079880.0,4.488489
15088750.0,4.487006
15097630.0,4.485521
15106500.0,4.48404
15115380.0,4.482558
15124250.0,4.48108
15133130.0,4.479602
15142000.0,4.478128
15150880.0,4.476652
15159750.0,4.475181
15168630.0,4.47371
15177500.0,4.472241
15186380.0,4.470773
15195250.0,4.469307
15204130.0,4.467842
15213000.0,4.46638
15221880.0,4.464918
15230750.0,4.463459
15239630.0,4.461999
15248500.0,4.460543
15257380.0,4.459087
15266250.0,4.457635
15275130.0,4.456181
15284000.0,4.454732
15292880.0,4.453281
15301750.0,4.451835
15310630.0,4.45039
15319500.0,4.448945
15328380.0,4.447503
15337250.0,4.446061
15346130.0,4.444621
15355000.0,4.443185
15363880.0,4.441747
15372750.0,4.440313
15381630.0,4.438878
15390500.0,4.437448
15399380.0,4.436017
15408250.0,4.434589
15417130.0,4.433161
15426000.0,4.431737
15434880.0,4.430311
15443750.0,4.428889
15452630.0,4.427469
15461500.0,4.426049
15470380.0,4.424631
15479250.0,4.423215
15488130.0,4.421799
15497000.0,4.420388
15505880.0,4.418975
15514750.0,4.417566
15523630.0,4.416156
15532500.0,4.41475
15541380.0,4.413344
15550250.0,4.411941
15559130.0,4.410537
15568000.0,4.409137
15568020.0,4.409133
15581520.0,4.406985
15595020.0,4.40484
15608520.0,4.402698
15622020.0,4.40056
15635520.0,4.398424
15649020.0,4.396293
15662520.0,4.394164
15676020.0,4.392039
15689520.0,4.389917
15703020.0,4.387798
15716520.0,4.385683
15730020.0,4.383571
15743520.0,4.381462
15757020.0,4.379356
15770520.0,4.377254
15784010.0,4.375157
15797510.0,4.373062
15811010.0,4.37097
15824510.0,4.368881
15838010.0,4.366795
15851510.0,4.364712
15865010.0,4.362633
15878510.0,4.360557
15892010.0,4.358485
15905510.0,4.356416
15919010.0,4.35435
15932510.0,4.352288
15946010.0,4.350228
15959510.0,4.348173
15973010.0,4.34612
15986510.0,4.344072
16000000.0,4.342028
16015630.0,4.339086
16031250.0,4.336153
16046880.0,4.333224
16062500.0,4.330304
16078130.0,4.327388
16093750.0,4.324481
16109380.0,4.321576
16125000.0,4.318681
16140630.0,4.315791
16156250.0,4.312906
16171880.0,4.310029
16187500.0,4.307157
16203130.0,4.304292
16218750.0,4.301433
16234380.0,4.298579
16250000.0,4.295734
16265630.0,4.292892
16281250.0,4.290059
16296880.0,4.287229
16312500.0,4.284408
16328130.0,4.281591
16343750.0,4.278782
16359380.0,4.275977
16375000.0,4.273181
16390630.0,4.270387
16406250.0,4.267603
16421880.0,4.264823
16437500.0,4.26205
16453130.0,4.259282
16468750.0,4.256521
16484380.0,4.253765
16500000.0,4.251017
16515630.0,4.248272
16531250.0,4.245537
16546880.0,4.242804
16562500.0,4.240081
16578130.0,4.237361
16593750.0,4.23465
16609380.0,4.231941
16625000.0,4.229242
16640630.0,4.226546
16656250.0,4.223857
16671880.0,4.221175
16687500.0,4.218498
16703130.0,4.215828
16718750.0,4.213163
16734380.0,4.210503
16750000.0,4.207852
16765630.0,4.205204
16781250.0,4.202566
16796880.0,4.19993
16812500.0,4.197303
16828130.0,4.19468
16843750.0,4.192065
16859380.0,4.189453
16875000.0,4.186851
16890630.0,4.184252
16906250.0,4.18166
16921880.0,4.179075
16937500.0,4.176496
16953130.0,4.173923
16968750.0,4.171356
16984380.0,4.168794
17000000.0,4.166241
17015630.0,4.163579
17031250.0,4.160924
17046880.0,4.158273
17062500.0,4.155629
17078130.0,4.15299
17093750.0,4.150359
17109380.0,4.147729
17125000.0,4.145109
17140630.0,4.142492
17156250.0,4.139882
17171880.0,4.137276
17187500.0,4.134677
17203130.0,4.132081
17218750.0,4.129493
17234380.0,4.12691
17250000.0,4.124334
17265630.0,4.12176
17281250.0,4.119194
17296880.0,4.116632
17312500.0,4.114077
17328130.0,4.111527
17343750.0,4.108982
17359380.0,4.106443
17375000.0,4.103909
17390630.0,4.101381
17406250.0,4.098858
17421880.0,4.09634
17437500.0,4.093831
17453130.0,4.091322
17468750.0,4.088822
17484380.0,4.086327
17500000.0,4.083837
17515630.0,4.081352
17531250.0,4.078873
17546880.0,4.076398
17562500.0,4.07393
17578130.0,4.071467
17593750.0,4.069011
17609380.0,4.066558
17625000.0,4.064113
17640630.0,4.06167
17656250.0,4.059235
17671880.0,4.056805
17687500.0,4.05438
17703130.0,4.051959
17718750.0,4.049545
17734380.0,4.047137
17750000.0,4.044734
17765630.0,4.042335
17781250.0,4.039944
17796880.0,4.037555
17812500.0,4.035175
17828130.0,4.032798
17843750.0,4.030428
17859380.0,4.028062
17875000.0,4.025703
17890630.0,4.023347
17906250.0,4.020999
17921880.0,4.018654
17937500.0,4.016318
17953130.0,4.013983
17968750.0,4.011657
17984380.0,4.009334
18000000.0,4.007018
18015630.0,4.004221
18031250.0,4.001432
18046880.0,3.998647
18062500.0,3.995871
18078130.0,3.9931
18093750.0,3.990336
18109380.0,3.987576
18125000.0,3.984827
18140630.0,3.98208
18156250.0,3.979342
18171880.0,3.976608
18187500.0,3.973881
18203130.0,3.971161
18218750.0,3.968447
18234380.0,3.965738
18250000.0,3.963038
18265630.0,3.960341
18281250.0,3.957653
18296880.0,3.954969
18312500.0,3.952294
18328130.0,3.949622
18343750.0,3.946959
18359380.0,3.9443
18375000.0,3.941649
18390630.0,3.939002
18406250.0,3.936363
18421880.0,3.933729
18437500.0,3.931103
18453130.0,3.928481
18468750.0,3.925867
18484380.0,3.923258
18500000.0,3.920655
18515630.0,3.918058
18531250.0,3.915468
18546880.0,3.912883
18562500.0,3.910306
18578130.0,3.907733
18593750.0,3.905167
18609380.0,3.902607
18625000.0,3.900054
18640630.0,3.897506
18656250.0,3.894964
18671880.0,3.892427
18687500.0,3.889899
18703130.0,3.887375
18718750.0,3.884858
18734380.0,3.882346
18750000.0,3.879841
18765630.0,3.877341
18781250.0,3.874849
18796880.0,3.872362
18812500.0,3.869881
18828130.0,3.867406
18843750.0,3.864938
18859380.0,3.862474
18875000.0,3.860019
18890630.0,3.857567
18906250.0,3.855123
18921880.0,3.852685
18937500.0,3.850253
18953130.0,3.847827
18968750.0,3.845407
18984380.0,3.842993
19000000.0,3.840587
19031250.0,3.83551
19062500.0,3.830455
19093750.0,3.825424
19125000.0,3.820415
19156250.0,3.815428
19187500.0,3.810463
19218750.0,3.805522
19250000.0,3.800601
19281250.0,3.795703
19312500.0,3.790827
19343750.0,3.785974
19375000.0,3.781142
19406250.0,3.776333
19437500.0,3.771545
19468750.0,3.76678
19500000.0,3.762036
19531250.0,3.757314
19562500.0,3.752613
19593750.0,3.747935
19625000.0,3.743278
19656250.0,3.738643
19687500.0,3.734029
19718750.0,3.729437
19750000.0,3.724867
19781250.0,3.720319
19812500.0,3.715792
19843750.0,3.711287
19875000.0,3.706804
19906250.0,3.702342
19937500.0,3.697901
19968750.0,3.693483
20000000.0,3.689086
