1e-05,4170.62
1.03125e-05,4107.064
1.0625e-05,4046.329
1.09375e-05,3988.217
1.125e-05,3932.54
1.15625e-05,3879.136
1.1875e-05,3827.851
1.21875e-05,3778.551
1.25e-05,3731.112
1.28125e-05,3685.417
1.3125e-05,3641.362
1.34375e-05,3598.853
1.375e-05,3557.801
1.4375e-05,3479.746
1.5e-05,3406.62
1.5625e-05,3337.945
1.625e-05,3273.27
1.6875e-05,3212.219
1.75e-05,3154.466
1.8125e-05,3099.725
1.875e-05,3047.743
1.9375e-05,2998.294
2e-05,2951.18
2.0625e-05,2906.249
2.125e-05,2863.313
2.1875e-05,2822.229
2.25e-05,2782.868
2.3125e-05,2745.111
2.375e-05,2708.854
2.4375e-05,2674.0
2.5e-05,2640.459
2.5625e-05,2608.152
2.625e-05,2577.005
2.6875e-05,2546.95
2.75e-05,2517.925
2.875e-05,2462.737
3e-05,2411.033
3.125e-05,2362.486
3.25e-05,2316.764
3.375e-05,2273.604
3.5e-05,2232.775
3.625e-05,2194.074
3.75e-05,2157.322
3.875e-05,2122.362
4e-05,2089.052
4.125e-05,2057.267
4.25e-05,2026.893
4.375e-05,1997.828
4.5e-05,1969.982
4.625e-05,1943.271
4.75e-05,1917.621
4.875e-05,1892.963
5e-05,1869.234
5.125e-05,1846.394
5.25e-05,1824.375
5.375e-05,1803.126
5.5e-05,1782.606
5.75e-05,1743.589
6e-05,1707.033
6.25e-05,1672.69
6.5e-05,1640.346
6.75e-05,1609.813
7e-05,1580.93
7.1875e-05,1560.279
7.375e-05,1540.418
7.5625e-05,1521.3
7.75e-05,1502.88
7.9375e-05,1485.114
8.125e-05,1467.967
8.5e-05,1435.388
8.875e-05,1404.893
9.25e-05,1376.269
9.625e-05,1349.332
0.0001,1323.923
0.000103125,1303.829
0.00010625,1284.627
0.000109375,1266.252
0.0001125,1248.647
0.000115625,1231.76
0.00011875,1215.542
0.000121875,1199.952
0.000125,1184.949
0.000128125,1170.497
0.00013125,1156.564
0.000134375,1143.117
0.0001375,1130.132
0.00014375,1105.443
0.00015,1082.309
0.00015625,1060.598
0.0001625,1040.15
0.00016875,1020.846
0.000175,1002.583
0.00018125,985.2723
0.0001875,968.8323
0.00019375,953.1929
0.0002,938.291
0.00020625,924.0865
0.0002125,910.5121
0.00021875,897.5223
0.000225,885.0764
0.00023125,873.1374
0.0002375,861.6718
0.00024375,850.6491
0.00025,840.0414
0.00025625,829.8233
0.0002625,819.9716
0.00026875,810.4647
0.000275,801.2831
0.0002875,783.8243
0.0003,767.466
0.0003125,752.1227
0.000325,737.6709
0.0003375,724.0275
0.00035,711.1199
0.0003625,698.8841
0.000375,687.2635
0.0003875,676.2086
0.0004,665.6745
0.0004125,655.6216
0.000425,646.0144
0.0004375,636.8208
0.00045,628.012
0.0004625,619.5618
0.000475,611.4464
0.0004875,603.6445
0.0005,596.136
0.0005125,588.9165
0.000525,581.9555
0.0005375,575.2382
0.00055,568.7504
0.000575,556.4134
0.0006,544.8534
0.000625,533.9921
0.00065,523.7615
0.000675,514.103
0.0007,504.965
0.00071875,498.4374
0.0007375,492.1595
0.00075625,486.1158
0.000775,480.292
0.00079375,474.675
0.0008125,469.253
0.00085,458.9503
0.0008875,449.3055
0.000925,440.2512
0.0009625,431.7295
0.001,423.69
0.00103125,417.3401
0.0010625,411.2714
0.00109375,405.4637
0.001125,399.8988
0.00115625,394.5601
0.0011875,389.4328
0.00121875,384.5033
0.00125,379.7589
0.00128125,375.1886
0.0013125,370.7819
0.00134375,366.5292
0.001375,362.4217
0.0014375,354.6105
0.0015,347.291
0.0015625,340.4281
0.001625,333.9634
0.0016875,327.8597
0.00175,322.0846
0.0018125,316.6096
0.001875,311.4094
0.0019375,306.4618
0.002,301.747
0.0020625,297.2577
0.002125,292.9671
0.0021875,288.8608
0.00225,284.9261
0.0023125,281.1512
0.002375,277.5256
0.0024375,274.0398
0.0025,270.6848
0.0025625,267.4528
0.002625,264.3364
0.0026875,261.3288
0.00275,258.4238
0.002875,252.8993
0.003,247.722
0.003125,242.8742
0.00325,238.3075
0.003375,233.9955
0.0035,229.9155
0.003625,226.0473
0.00375,222.3733
0.003875,218.8774
0.004,215.5459
0.004125,212.3661
0.00425,209.3269
0.004375,206.4183
0.0045,203.6311
0.004625,200.957
0.00475,198.3885
0.004875,195.9189
0.005,193.542
0.005125,191.2604
0.00525,189.0603
0.005375,186.9369
0.0055,184.8859
0.00575,180.9854
0.006,177.3298
0.00625,173.8946
0.0065,170.6584
0.00675,167.6026
0.007,164.711
0.0071875,162.6482
0.007375,160.6642
0.0075625,158.754
0.00775,156.9131
0.0079375,155.1374
0.008125,153.4232
0.0085,150.1654
0.008875,147.1151
0.00925,144.251
0.009625,141.5549
0.01,139.011
0.0103125,137.0051
0.010625,135.0878
0.0109375,133.2528
0.01125,131.4943
0.0115625,129.807
0.011875,128.1865
0.0121875,126.6282
0.0125,125.1282
0.0128125,123.6832
0.013125,122.2897
0.0134375,120.9449
0.01375,119.6458
0.014375,117.1749
0.015,114.859
0.015625,112.6894
0.01625,110.6453
0.016875,108.715
0.0175,106.8885
0.018125,105.1566
0.01875,103.5115
0.019375,101.946
0.02,100.454
0.0206625,98.95092
0.021325,97.51795
0.0219875,96.14979
0.02265,94.84168
0.0233125,93.58934
0.023975,92.38888
0.0246375,91.23683
0.0253,90.13
0.026475,88.27365
0.02765,86.53609
0.028825,84.90511
0.03,83.3702
0.03125,81.83831
0.0325,80.39506
0.03375,79.03218
0.035,77.74248
0.03625,76.51959
0.0375,75.35792
0.03875,74.2525
0.04,73.19891
0.04125,72.19324
0.0425,71.2319
0.04375,70.31176
0.045,69.42991
0.04625,68.58378
0.0475,67.77099
0.04875,66.98942
0.05,66.2371
0.05125,65.51589
0.0525,64.82042
0.05375,64.14916
0.055,63.50076
0.0575,62.26749
0.06,61.11153
0.0625,60.02511
0.065,59.0015
0.0675,58.03483
0.07,57.12
0.071875,56.46792
0.07375,55.84068
0.075625,55.23674
0.0775,54.65468
0.079375,54.09323
0.08125,53.55115
0.085,52.52093
0.08875,51.55618
0.0925,50.65025
0.09625,49.79736
0.1,48.9925
0.103125,48.35818
0.10625,47.75186
0.109375,47.17151
0.1125,46.61533
0.115625,46.08169
0.11875,45.56909
0.121875,45.07618
0.125,44.60173
0.128125,44.1446
0.13125,43.70376
0.134375,43.27826
0.1375,42.86724
0.14375,42.08543
0.15,41.3526
0.15625,40.66691
0.1625,40.02087
0.16875,39.41078
0.175,38.83342
0.18125,38.28594
0.1875,37.76585
0.19375,37.27094
0.2,36.7992
0.20625,36.35063
0.2125,35.92186
0.21875,35.51147
0.225,35.11817
0.23125,34.7408
0.2375,34.37832
0.24375,34.02976
0.25,33.69426
0.25625,33.37101
0.2625,33.05928
0.26875,32.7584
0.275,32.46775
0.2875,31.91491
0.3,31.3967
0.3125,30.91227
0.325,30.45588
0.3375,30.02491
0.35,29.61708
0.3625,29.23037
0.375,28.86302
0.3875,28.51347
0.4,28.18029
0.4125,27.86227
0.425,27.55827
0.4375,27.26729
0.45,26.98841
0.4625,26.72084
0.475,26.4638
0.5,25.9787
0.55,25.11331
0.6,24.35776
0.65,23.69053
0.7,23.0956
0.775,22.3159
0.85,21.64117
0.925,21.0497
1.0,20.5256
1.0625,20.13308
1.125,19.77356
1.1875,19.44263
1.25,19.1367
1.375,18.58824
1.5,18.1094
1.625,17.68807
1.75,17.3125
1.875,16.97491
2.0,16.6693
2.125,16.39169
2.25,16.13744
2.375,15.90345
2.5,15.68715
2.75,15.29944
3.0,14.961
3.25,14.66312
3.5,14.39766
3.75,14.15912
4.0,13.94323
4.25,13.7466
4.5,13.56653
4.75,13.4008
5.0,13.2476
5.5,12.97368
6.0,12.73468
6.5,12.52376
7.0,12.3358
7.375,12.20766
7.75,12.08893
8.5,11.87548
9.25,11.68853
10.0,11.523
10.625,11.39862
11.25,11.28477
11.875,11.18004
12.5,11.08328
13.75,10.90996
15.0,10.7588
16.25,10.62529
17.5,10.50641
18.75,10.39965
20.0,10.3031
21.25,10.21502
22.5,10.13443
23.75,10.06034
25.0,9.991901
27.5,9.869385
30.0,9.7626
32.5,9.667851
35.0,9.583554
37.5,9.507925
40.0,9.439573
42.5,9.377404
45.0,9.32054
47.5,9.268267
50.0,9.22
55.0,9.132911
60.0,9.057112
65.0,8.990363
70.0,8.931
73.75,8.890103
77.5,8.852272
85.0,8.784415
92.5,8.725146
100.0,8.6728
106.25,8.632927
112.5,8.596513
118.75,8.563089
125.0,8.532268
137.5,8.477215
150.0,8.42936
162.5,8.386421
175.0,8.348317
187.5,8.314209
200.0,8.28345
212.5,8.254762
225.0,8.228594
237.5,8.204604
250.0,8.182505
262.5,8.162065
275.0,8.143089
300.0,8.10889
325.0,8.077283
350.0,8.049296
375.0,8.024294
400.0,8.001786
425.0,7.981387
450.0,7.962792
475.0,7.94575
500.0,7.93006
525.0,7.914511
550.0,7.900096
575.0,7.886684
600.0,7.874166
650.0,7.851446
700.0,7.83133
737.5,7.816549
775.0,7.802917
812.5,7.790298
850.0,7.778569
887.5,7.767634
925.0,7.757406
1000.0,7.73879
1062.5,7.723095
1125.0,7.708802
1187.5,7.695715
1250.0,7.683671
1312.5,7.67254
1375.0,7.66221
1437.5,7.65259
1500.0,7.6436
1562.5,7.633836
1625.0,7.624664
1687.5,7.616027
1750.0,7.607873
1875.0,7.592843
2000.0,7.57928
2125.0,7.564332
2250.0,7.550675
2375.0,7.538125
2500.0,7.526536
2625.0,7.515785
2750.0,7.505771
2875.0,7.49641
3000.0,7.48763
3125.0,7.476186
3250.0,7.465401
3375.0,7.455209
3500.0,7.445552
3625.0,7.436383
3750.0,7.427657
3875.0,7.419338
4000.0,7.411391
4125.0,7.403788
4250.0,7.3965
4500.0,7.382785
4750.0,7.370083
5000.0,7.358264
5250.0,7.342411
5500.0,7.327564
5750.0,7.313607
6000.0,7.300443
6250.0,7.28799
6500.0,7.276178
6750.0,7.264944
7000.0,7.254238
7187.5,7.243485
7375.0,7.233097
7562.5,7.223049
7750.0,7.21332
7937.5,7.203891
8125.0,7.194744
8312.5,7.185864
8500.0,7.177234
8687.5,7.168841
8875.0,7.160673
9062.5,7.152717
9250.0,7.144964
9625.0,7.130024
10000.0,7.115782
10312.5,7.09905
10625.0,7.082935
10937.5,7.067394
11250.0,7.052387
11562.5,7.037877
11875.0,7.023833
12187.5,7.010225
12500.0,6.997027
12812.5,6.984215
13125.0,6.971767
13437.5,6.959664
13750.0,6.947886
14062.5,6.936416
14375.0,6.925238
14687.5,6.914338
15000.0,6.903704
15625.0,6.87453
16250.0,6.846644
16875.0,6.819942
17500.0,6.79433
18750.0,6.746059
20000.0,6.701272
21250.0,6.651377
22500.0,6.601482
23750.0,6.551586
25000.0,6.501691
26250.0,6.451796
27500.0,6.401901
28750.0,6.352005
30000.0,6.30211
31250.0,6.252215
32500.0,6.202321
33750.0,6.152425
35000.0,6.10253
37500.0,6.00274
40000.0,5.902949
42500.0,5.859864
45000.0,5.81678
47500.0,5.773695
50000.0,5.730611
52500.0,5.702217
55000.0,5.673823
57500.0,5.64543
60000.0,5.617036
62500.0,5.597543
65000.0,5.578049
67500.0,5.558556
70000.0,5.539063
73750.0,5.520439
77500.0,5.501816
81250.0,5.483192
85000.0,5.464569
88750.0,5.454016
92500.0,5.443464
96250.0,5.432912
100000.0,5.422359
106250.0,5.419871
112500.0,5.417381
118750.0,5.414893
125000.0,5.412403
131250.0,5.409915
137500.0,5.407425
143750.0,5.404937
150000.0,5.402447
156250.0,5.410921
162500.0,5.419396
168750.0,5.42787
175000.0,5.436345
187500.0,5.453294
200000.0,5.470243
212500.0,5.49877
225000.0,5.527297
237500.0,5.555824
250000.0,5.584351
262500.0,5.612878
275000.0,5.641405
287500.0,5.669932
300000.0,5.698459
312500.0,5.731014
325000.0,5.763568
337500.0,5.796122
350000.0,5.828676
375000.0,5.893785
400000.0,5.958894
425000.0,6.021788
450000.0,6.084682
475000.0,6.147577
500000.0,6.210471
527002.5,6.271596
554005.0,6.332722
581007.5,6.393847
608010.0,6.454973
608012.2,6.454973
631007.5,6.499883
654005.0,6.544797
700000.0,6.634626
744202.5,6.700191
788405.0,6.765756
832607.5,6.831321
876810.0,6.896886
900000.0,6.922862
950000.0,6.967702
1000000.0,7.012542
1100000.0,7.066407
1200000.0,7.08664
1300000.0,7.076018
1400000.0,7.038233
1500000.0,6.977163
1600000.0,6.897007
1700000.0,6.801803
1800000.0,6.695301
1900000.0,6.580851
2000000.0,6.461682
2250000.0,6.158572
2500000.0,5.870482
2750000.0,5.613236
3000000.0,5.390839
3250000.0,5.200592
3500000.0,5.036798
3750000.0,4.894391
4000000.0,4.769743
4257900.0,4.657824
4500000.0,4.567306
4750000.0,4.488519
5000000.0,4.424153
5207500.0,4.381842
5500000.0,4.338493
5750000.0,4.316076
6000000.0,4.306487
6250000.0,4.308667
6503300.0,4.321737
6750000.0,4.343707
7000000.0,4.373858
7250000.0,4.41069
7500000.0,4.452613
7787500.0,4.505257
7961700.0,4.538775
8250000.0,4.595672
8500000.0,4.645328
8744400.0,4.693207
9000000.0,4.741714
9250000.0,4.787
9500000.0,4.829717
9750000.0,4.869298
10000000.0,4.905591
10250000.0,4.938446
10500000.0,4.967628
10750000.0,4.993067
11000000.0,5.014836
11250000.0,5.032815
11500000.0,5.047139
11748000.0,5.057735
12000000.0,5.064878
12250000.0,5.068615
12500000.0,5.068936
12750000.0,5.066211
13000000.0,5.060561
13250000.0,5.0522
13500000.0,5.041425
13750000.0,5.028246
14000000.0,5.012995
14181000.0,5.000779
14500000.0,4.977111
14750000.0,4.956819
15000000.0,4.935173
15250000.0,4.912521
15500000.0,4.888719
15750000.0,4.863994
16000000.0,4.838508
16250000.0,4.812445
16430000.0,4.793196
16750000.0,4.758312
17000000.0,4.730608
17250000.0,4.702483
17500000.0,4.674129
17750000.0,4.645506
18000000.0,4.616733
18250000.0,4.587773
18500000.0,4.558941
18750000.0,4.529999
19000000.0,4.501096
19250000.0,4.472504
19500000.0,4.444002
19750000.0,4.415782
20000000.0,4.387998
