1e-05,180.0148
1.03125e-05,177.3434
1.0625e-05,174.7906
1.09375e-05,172.3481
1.125e-05,170.0081
1.15625e-05,167.7636
1.1875e-05,165.6082
1.21875e-05,163.5363
1.25e-05,161.5426
1.28125e-05,159.6223
1.3125e-05,157.771
1.34375e-05,155.9847
1.375e-05,154.2596
1.4375e-05,150.9797
1.5e-05,147.907
1.5625e-05,145.0206
1.625e-05,142.3024
1.6875e-05,139.7366
1.75e-05,137.3095
1.8125e-05,135.009
1.875e-05,132.8246
1.9375e-05,130.7467
2e-05,128.767
2.09375e-05,125.9654
2.1875e-05,123.3458
2.28125e-05,120.8894
2.375e-05,118.58
2.46875e-05,116.4034
2.5625e-05,114.3473
2.65625e-05,112.4011
2.75e-05,110.5553
2.84375e-05,108.8015
2.9375e-05,107.1324
3.03125e-05,105.5413
3.125e-05,104.0224
3.21875e-05,102.5703
3.3125e-05,101.1803
3.40625e-05,99.84811
3.5e-05,98.56979
3.59375e-05,97.34183
3.6875e-05,96.161
3.78125e-05,95.02436
3.875e-05,93.92922
3.96875e-05,92.87312
4.0625e-05,91.8538
4.25e-05,89.91727
4.4375e-05,88.10483
4.625e-05,86.40374
4.8125e-05,84.80307
5e-05,83.2933
5.15625e-05,82.09858
5.3125e-05,80.95697
5.46875e-05,79.86465
5.625e-05,78.81815
5.78125e-05,77.81438
5.9375e-05,76.85049
6.09375e-05,75.92392
6.25e-05,75.03232
6.40625e-05,74.17353
6.5625e-05,73.34561
6.71875e-05,72.54673
6.875e-05,71.77525
7.1875e-05,70.30846
7.5e-05,68.93432
7.8125e-05,67.64348
8.125e-05,66.42784
8.4375e-05,65.28039
8.75e-05,64.19496
9.0625e-05,63.16618
9.375e-05,62.18927
9.6875e-05,61.26002
0.0001,60.37468
0.000103125,59.52989
0.00010625,58.72266
0.000109375,57.95026
0.0001125,57.21028
0.000115625,56.50051
0.00011875,55.81894
0.000121875,55.16376
0.000125,54.5333
0.000128125,53.92605
0.00013125,53.34063
0.000134375,52.77574
0.0001375,52.23022
0.00014375,51.19305
0.00015,50.22139
0.00015625,49.30864
0.0001625,48.44906
0.00016875,47.63769
0.000175,46.87019
0.00018125,46.14273
0.0001875,45.45196
0.00019375,44.79489
0.0002,44.16886
0.000209375,43.28292
0.00021875,42.45456
0.000228125,41.6778
0.0002375,40.9475
0.000246875,40.25921
0.00025625,39.60905
0.000265625,38.99361
0.000275,38.40993
0.000284375,37.85535
0.00029375,37.32753
0.000303125,36.8244
0.0003125,36.34408
0.000321875,35.8849
0.00033125,35.44536
0.000340625,35.02409
0.00035,34.61986
0.000359375,34.23155
0.00036875,33.85815
0.000378125,33.49873
0.0003875,33.15242
0.000396875,32.81847
0.00040625,32.49614
0.000425,31.88376
0.00044375,31.31064
0.0004625,30.77273
0.00048125,30.26657
0.0005,29.78916
0.000515625,29.41137
0.00053125,29.05037
0.000546875,28.70496
0.0005625,28.37405
0.000578125,28.05664
0.00059375,27.75185
0.000609375,27.45885
0.000625,27.17692
0.000640625,26.90536
0.00065625,26.64356
0.000671875,26.39095
0.0006875,26.147
0.00071875,25.68317
0.00075,25.24866
0.00078125,24.84048
0.0008125,24.45609
0.00084375,24.09325
0.000875,23.75003
0.00090625,23.42473
0.0009375,23.11582
0.00096875,22.82199
0.001,22.54204
0.00103125,22.27491
0.0010625,22.01966
0.00109375,21.77543
0.001125,21.54145
0.00115625,21.31702
0.0011875,21.10151
0.00121875,20.89434
0.00125,20.69499
0.00128125,20.50298
0.0013125,20.31787
0.00134375,20.13925
0.001375,19.96676
0.0014375,19.63881
0.0015,19.33158
0.0015625,19.04298
0.001625,18.77119
0.0016875,18.51464
0.00175,18.27196
0.0018125,18.04196
0.001875,17.82355
0.0019375,17.61578
0.002,17.41785
0.00209375,17.13773
0.0021875,16.87583
0.00228125,16.63023
0.002375,16.39933
0.00246875,16.18171
0.0025625,15.97614
0.00265625,15.78157
0.00275,15.59703
0.00284375,15.42168
0.0029375,15.25481
0.00303125,15.09574
0.003125,14.94388
0.00321875,14.79871
0.0033125,14.65975
0.00340625,14.52656
0.0035,14.39877
0.00359375,14.27601
0.0036875,14.15796
0.00378125,14.04433
0.003875,13.93485
0.00396875,13.82927
0.0040625,13.72737
0.00425,13.53378
0.0044375,13.3526
0.004625,13.18255
0.0048125,13.02254
0.005,12.87162
0.00515625,12.7522
0.0053125,12.63808
0.00546875,12.5289
0.005625,12.42429
0.00578125,12.32396
0.0059375,12.22761
0.00609375,12.135
0.00625,12.04588
0.00640625,11.96005
0.0065625,11.87729
0.00671875,11.79745
0.006875,11.72034
0.0071875,11.57374
0.0075,11.4364
0.0078125,11.30739
0.008125,11.1859
0.0084375,11.07123
0.00875,10.96276
0.0090625,10.85995
0.009375,10.76233
0.0096875,10.66947
0.01,10.581
0.0103125,10.49659
0.010625,10.41593
0.0109375,10.33875
0.01125,10.26481
0.0115625,10.19389
0.011875,10.1258
0.0121875,10.06034
0.0125,9.997348
0.0128125,9.93668
0.013125,9.878192
0.0134375,9.821758
0.01375,9.767261
0.014375,9.663649
0.015,9.566588
0.015625,9.475413
0.01625,9.389553
0.016875,9.308514
0.0175,9.231857
0.018125,9.159204
0.01875,9.090217
0.019375,9.024599
0.02,8.962083
0.0206625,8.898941
0.021325,8.838767
0.0219875,8.781336
0.02265,8.726446
0.0233125,8.673915
0.023975,8.623578
0.0246375,8.575288
0.0253,8.528909
0.02607188,8.477121
0.02684375,8.427586
0.02761563,8.380143
0.0283875,8.334653
0.02915938,8.290981
0.02993125,8.249014
0.03070313,8.208639
0.031475,8.169762
0.03224688,8.132291
0.03301875,8.096142
0.0345625,8.027517
0.03610625,7.963348
0.03765,7.903173
0.03919375,7.846594
0.0407375,7.793266
0.04228125,7.74289
0.043825,7.695205
0.04536875,7.649978
0.0469125,7.607006
0.04845625,7.566107
0.05,7.527121
0.0515625,7.489461
0.053125,7.453477
0.0546875,7.41905
0.05625,7.38607
0.0578125,7.354439
0.059375,7.324067
0.0609375,7.294873
0.0625,7.266782
0.0640625,7.239729
0.065625,7.213649
0.0671875,7.188485
0.06875,7.164188
0.071875,7.117995
0.075,7.074726
0.078125,7.034086
0.08125,6.995819
0.084375,6.959703
0.0875,6.925545
0.090625,6.893172
0.09375,6.862437
0.096875,6.833204
0.1,6.805356
0.103125,6.778787
0.10625,6.753402
0.109375,6.729117
0.1125,6.705852
0.115625,6.68354
0.11875,6.662118
0.121875,6.641526
0.125,6.621714
0.128125,6.602633
0.13125,6.58424
0.1375,6.54936
0.14375,6.516786
0.15,6.486276
0.15625,6.457621
0.1625,6.430639
0.16875,6.405177
0.175,6.381096
0.18125,6.358274
0.1875,6.336607
0.19375,6.316002
0.2,6.296372
0.209375,6.268598
0.21875,6.242635
0.228125,6.218295
0.2375,6.195415
0.246875,6.173855
0.25625,6.153494
0.265625,6.134223
0.275,6.115951
0.284375,6.098591
0.29375,6.082073
0.303125,6.066329
0.3125,6.051302
0.321875,6.036937
0.33125,6.023189
0.340625,6.010013
0.35,5.997373
0.359375,5.985232
0.36875,5.973558
0.378125,5.962322
0.3875,5.951498
0.396875,5.94106
0.40625,5.930987
0.425,5.911852
0.44375,5.893946
0.4625,5.877142
0.48125,5.861333
0.5,5.846423
0.53125,5.823354
0.5625,5.802237
0.59375,5.782814
0.625,5.764867
0.65625,5.74822
0.6875,5.732723
0.71875,5.718248
0.75,5.704689
0.78125,5.691953
0.8125,5.679961
0.84375,5.668641
0.875,5.657935
0.9375,5.638156
1.0,5.620267
1.0625,5.60399
1.125,5.589097
1.1875,5.575408
1.25,5.562771
1.3125,5.551063
1.375,5.540179
1.4375,5.530032
1.5,5.520546
1.5625,5.511658
1.625,5.503313
1.6875,5.495463
1.75,5.488067
1.875,5.474495
2.0,5.462357
2.09375,5.45408
2.1875,5.446439
2.28125,5.439382
2.375,5.432863
2.46875,5.426843
2.5625,5.421291
2.65625,5.41618
2.75,5.411486
2.9375,5.403282
3.125,5.396567
3.3125,5.391273
3.5,5.387371
3.6875,5.384861
3.875,5.383779
4.0625,5.384187
4.25,5.386187
4.4375,5.38991
4.625,5.395529
4.8125,5.403266
5.0,5.413398
5.151025,5.423534
5.30205,5.435667
5.453075,5.45006
5.6041,5.467029
5.755125,5.486953
5.90615,5.510289
6.057175,5.537592
6.2082,5.56954
6.283713,5.587508
6.359225,5.606965
6.434738,5.628046
6.51025,5.6509
6.585763,5.6757
6.661275,5.702632
6.736788,5.731914
6.8123,5.763785
6.887813,5.798519
6.963325,5.836426
7.038838,5.877858
7.11435,5.923217
7.189863,5.972967
7.265375,6.027635
7.340888,6.087836
7.4164,6.154278
7.491913,6.227786
7.567425,6.309325
7.642938,6.400031
7.71845,6.50124
7.793963,6.614544
7.869475,6.741839
7.944988,6.885411
7.982744,6.964138
8.0205,7.048016
8.058257,7.137483
8.096013,7.233026
8.133769,7.335188
8.171525,7.444572
8.209282,7.561858
8.247038,7.68779
8.284794,7.823217
8.32255,7.969088
8.360307,8.126475
8.398063,8.296581
8.435819,8.48078
8.473575,8.68063
8.511332,8.897915
8.549088,9.13466
8.586844,9.393213
8.6246,9.676271
8.662357,9.986972
8.700113,10.32894
8.737869,10.70644
8.775625,11.12446
8.813382,11.58892
8.851138,12.10682
8.888894,12.68653
8.907772,13.00263
8.92665,13.33813
8.945529,13.69462
8.964407,14.07383
8.983285,14.47774
9.002163,14.90849
9.021041,15.36849
9.039919,15.86041
9.058797,16.38724
9.077675,16.9523
9.096554,17.5594
9.115432,18.21266
9.13431,18.91689
9.153188,19.67743
9.172066,20.50041
9.190944,21.39276
9.209822,22.36241
9.2287,23.41846
9.247579,24.57141
9.266457,25.83325
9.285335,27.21802
9.304213,28.74209
9.323091,30.42457
9.341969,32.28793
9.360847,34.35883
9.379725,36.6689
9.389165,37.92533
9.398604,39.25621
9.408043,40.66763
9.417482,42.16615
9.426921,43.75903
9.43636,45.45427
9.445799,47.26077
9.455238,49.18834
9.464677,51.24798
9.474116,53.4519
9.483555,55.81373
9.492994,58.3488
9.502433,61.07427
9.511872,64.00951
9.521311,67.17636
9.53075,70.59958
9.54019,74.30768
9.549629,78.33194
9.559068,82.70935
9.568507,87.48199
9.577946,92.69826
9.587385,98.41418
9.596824,104.6947
9.606263,111.6158
9.615702,119.2661
9.625141,127.7501
9.63458,137.1916
9.6393,142.3167
9.644019,147.7374
9.648739,153.4788
9.653458,159.5635
9.658178,166.022
9.662897,172.8818
9.667617,180.1791
9.672336,187.9482
9.677056,196.233
9.681775,205.0754
9.686495,214.5295
9.691215,224.6493
9.693575,229.9782
9.695935,235.4973
9.698295,241.2159
9.700654,247.1406
9.703014,253.2866
9.705374,259.662
9.707734,266.2778
9.710093,273.1433
9.712453,280.2766
9.714813,287.6884
9.717173,295.3928
9.719532,303.4016
9.721892,311.7375
9.724252,320.4143
9.726612,329.45
9.728971,338.86
9.731331,348.6728
9.733691,358.9064
9.736051,369.5844
9.73841,380.7266
9.74077,392.3694
9.74313,404.5365
9.74549,417.2583
9.74667,423.8374
9.747849,430.5616
9.749029,437.4471
9.750209,444.4927
9.751389,451.703
9.752569,459.083
9.753749,466.6379
9.754929,474.3728
9.756109,482.2931
9.757288,490.3976
9.758468,498.7057
9.759648,507.2168
9.760828,515.9372
9.762008,524.8732
9.763188,534.0317
9.764368,543.4194
9.765548,553.0437
9.766727,562.9035
9.767907,573.0232
9.769087,583.4027
9.770267,594.0502
9.771447,604.9742
9.772627,616.1838
9.773807,627.688
9.774987,639.4967
9.776166,651.609
9.777346,664.0559
9.778526,676.8378
9.779706,689.966
9.780886,703.4515
9.782066,717.3065
9.783246,731.5429
9.784426,746.1737
9.785605,761.1989
9.787965,792.5515
9.790325,825.7028
9.792685,860.7755
9.795044,897.884
9.797404,937.1995
9.799764,978.855
9.802124,1023.008
9.804483,1069.804
9.806843,1119.46
9.809203,1172.138
9.811563,1228.031
9.813922,1287.308
9.816282,1350.224
9.818642,1416.955
9.821002,1487.704
9.823361,1562.633
9.825721,1641.988
9.828081,1725.901
9.830441,1814.504
9.8328,1907.848
9.834275,1968.66
9.83575,2031.351
9.837225,2095.904
9.8387,2162.287
9.840175,2230.451
9.84165,2300.329
9.843125,2371.83
9.8446,2444.844
9.84755,2594.819
9.8505,2748.784
9.85345,2904.742
9.8564,3060.121
9.85935,3211.766
9.8623,3355.98
9.86525,3488.65
9.8682,3605.444
9.87115,3702.096
9.8741,3774.745
9.87705,3820.29
9.88,3836.71
9.88295,3823.281
9.8859,3780.658
9.88885,3710.801
9.8918,3616.755
9.89475,3502.34
9.8977,3371.795
9.90065,3229.436
9.9036,3079.377
9.90655,2925.32
9.9095,2770.436
9.9154,2467.986
9.91835,2323.933
9.9213,2186.198
9.92425,2055.432
9.9272,1931.987
9.929475,1841.863
9.93175,1756.136
9.934025,1674.735
9.9363,1597.547
9.938575,1524.436
9.94085,1455.247
9.943125,1389.81
9.9454,1327.949
9.947675,1269.486
9.94995,1214.242
9.952225,1162.042
9.9545,1112.714
9.956775,1066.093
9.95905,1022.02
9.961325,980.342
9.9636,940.9162
9.965875,903.6057
9.96815,868.2817
9.970425,834.8228
9.9727,803.115
9.974975,773.0511
9.97725,744.5309
9.9818,691.7518
9.98635,644.0966
9.9909,600.9708
9.99545,561.8551
10.0,526.2964
10.00489,491.5957
10.00977,460.1817
10.01466,431.5563
10.01954,405.5167
10.02443,381.6772
10.02931,359.8924
10.03419,339.8998
10.03907,321.5139
10.04396,304.5384
10.04884,288.8991
10.05372,274.4334
10.0586,261.0293
10.06349,248.5631
10.06837,236.9975
10.07325,226.2275
10.07813,216.1831
10.08302,206.7829
10.0879,198.0092
10.09278,189.7919
10.09766,182.0851
10.10255,174.834
10.10743,168.031
10.11231,161.6274
10.11719,155.5929
10.12208,149.8884
10.12696,144.5126
10.13184,139.4304
10.13672,134.6209
10.14649,125.7374
10.15625,117.7466
10.16602,110.5189
10.17579,103.9674
10.18556,98.01088
10.19532,92.58489
10.20509,87.61868
10.21485,83.07094
10.22462,78.88778
10.23438,75.03901
10.24415,71.48291
10.25391,68.19715
10.26368,65.14895
10.27344,62.32165
10.28321,59.68916
10.29297,57.2389
10.30274,54.94983
10.3125,52.81242
10.32227,50.80955
10.33204,48.93204
10.34181,47.16964
10.35157,45.51476
10.36134,43.95568
10.3711,42.4881
10.38087,41.10219
10.39063,39.79462
10.4004,38.5571
10.41016,37.38705
10.42969,35.2262
10.44922,33.27939
10.46875,31.51915
10.48829,29.92154
10.50782,28.46847
10.52735,27.14227
10.54688,25.92855
10.56641,24.81485
10.58594,23.79043
10.60547,22.84594
10.625,21.97323
10.64454,21.16477
10.66407,20.4151
10.6836,19.71828
10.70313,19.0694
10.72266,18.46416
10.74219,17.89868
10.76172,17.36953
10.78125,16.87365
10.80079,16.40804
10.82032,15.97071
10.83985,15.55919
10.85938,15.17146
10.87891,14.8057
10.89844,14.46029
10.91797,14.1337
10.9375,13.8246
10.95704,13.53159
10.97657,13.25385
11.01563,12.73964
11.05469,12.27455
11.09375,11.85245
11.13282,11.46804
11.17188,11.11708
11.21094,10.79568
11.25,10.50056
11.28907,10.22883
11.32813,9.978165
11.36719,9.746353
11.40625,9.531521
11.44532,9.331974
11.48438,9.146365
11.52344,8.973357
11.5625,8.811817
11.60157,8.660695
11.64063,8.519168
11.67969,8.386392
11.71875,8.261644
11.75782,8.144247
11.79688,8.033677
11.83594,7.929378
11.875,7.830871
11.91407,7.737705
11.95313,7.649532
11.99219,7.565972
12.03125,7.486702
12.10938,7.33985
12.1875,7.20693
12.26563,7.086155
12.34375,6.976075
12.42188,6.8754
12.5,6.783077
12.57813,6.698154
12.65625,6.619853
12.73438,6.547459
12.8125,6.480385
12.89063,6.418087
12.96875,6.360115
13.04688,6.306048
13.125,6.255538
13.20313,6.208253
13.28125,6.163921
13.35938,6.122276
13.4375,6.083107
13.51563,6.046196
13.59375,6.011374
13.67188,5.978467
13.75,5.947336
13.82813,5.91784
13.90625,5.889864
13.98438,5.863293
14.0625,5.838032
14.21875,5.791073
14.375,5.748347
14.53125,5.70932
14.6875,5.673538
14.84375,5.64062
15.0,5.610236
15.15625,5.582106
15.3125,5.555986
15.46875,5.531666
15.625,5.508965
15.78125,5.487721
15.9375,5.467796
16.09375,5.449066
16.25,5.431423
16.40625,5.414769
16.5625,5.399019
16.71875,5.384098
16.875,5.369937
17.03125,5.356474
17.1875,5.343657
17.34375,5.331433
17.5,5.319759
17.8125,5.297906
18.125,5.277815
18.4375,5.259255
18.75,5.242033
19.0625,5.225986
19.375,5.210976
19.6875,5.196886
20.0,5.183616
20.23438,5.174151
20.46875,5.165064
20.9375,5.147923
21.40625,5.131995
21.875,5.117117
22.34375,5.103154
22.8125,5.089997
23.28125,5.077552
23.75,5.065736
24.21875,5.054486
24.6875,5.043741
25.15625,5.033453
25.625,5.023577
26.09375,5.014077
26.5625,5.00492
27.03125,4.996076
27.5,4.987522
28.4375,4.97119
29.375,4.955772
30.3125,4.941148
31.25,4.927217
32.1875,4.913901
33.125,4.901131
34.0625,4.888852
35.0,4.877015
35.9375,4.865582
36.875,4.854517
37.8125,4.843789
38.75,4.833374
39.6875,4.823248
40.625,4.813392
42.5,4.794416
44.375,4.776323
46.25,4.759019
48.125,4.742419
50.0,4.72646
51.5625,4.713606
53.125,4.701127
54.6875,4.688997
56.25,4.677194
57.8125,4.665699
59.375,4.654491
60.9375,4.643555
62.5,4.632877
65.625,4.612234
68.75,4.592464
71.875,4.573485
75.0,4.555221
78.125,4.53761
81.25,4.520595
84.375,4.504124
87.5,4.488151
90.625,4.472638
93.75,4.457545
96.875,4.442837
100.0,4.428483
103.125,4.414454
106.25,4.400721
109.375,4.38726
112.5,4.374046
115.625,4.361055
118.75,4.348266
121.875,4.335657
125.0,4.323206
128.125,4.310897
131.25,4.298708
134.375,4.286619
137.5,4.274614
140.625,4.26267
143.75,4.250769
146.875,4.238893
150.0,4.227018
153.125,4.215125
156.25,4.203191
159.375,4.191193
162.5,4.179104
165.625,4.166899
168.75,4.154545
171.875,4.14201
175.0,4.129258
178.125,4.116245
181.25,4.102924
184.375,4.089239
187.5,4.075128
190.625,4.060513
193.75,4.045302
195.3125,4.03744
196.875,4.029388
198.4375,4.021124
200.0,4.012633
201.545,4.003989
203.0899,3.995076
204.6348,3.985867
206.1797,3.97633
207.7246,3.966432
209.2695,3.956131
210.8144,3.945384
212.3593,3.934136
213.9042,3.922328
215.4491,3.909886
216.2216,3.903402
216.994,3.896727
217.7665,3.889848
218.5389,3.882752
219.3114,3.875421
220.0838,3.867841
220.8563,3.859991
221.6287,3.851851
222.4012,3.843398
223.1736,3.834608
223.9461,3.825452
224.7185,3.8159
225.491,3.805914
226.2635,3.795458
227.036,3.784487
227.8084,3.772954
228.5809,3.760799
229.3533,3.747963
230.1258,3.73437
230.512,3.727266
230.8982,3.71994
231.2845,3.71238
231.6707,3.704576
232.0569,3.696511
232.4431,3.688171
232.8294,3.679535
233.2156,3.670592
233.6018,3.66132
233.988,3.651698
234.3743,3.6417
234.7605,3.631308
235.1467,3.620492
235.5329,3.609223
235.9192,3.597467
236.3054,3.585196
236.6916,3.572368
237.0778,3.558944
237.4641,3.544874
237.8503,3.530117
238.2365,3.514615
238.6227,3.49831
239.009,3.481133
239.3952,3.463024
239.5883,3.453593
239.7814,3.443899
239.9745,3.433931
240.1676,3.423677
240.3608,3.413121
240.5539,3.402262
240.747,3.391082
240.9401,3.379569
241.1332,3.367709
241.3263,3.355488
241.5194,3.342897
241.7125,3.329917
241.9057,3.316532
242.0988,3.302743
242.2919,3.288527
242.485,3.273878
242.6781,3.258783
242.8712,3.243234
243.0643,3.22723
243.2574,3.210768
243.4506,3.193845
243.6437,3.176491
243.8368,3.158719
244.0299,3.140565
244.223,3.122081
244.3196,3.112733
244.4161,3.103343
244.5127,3.093904
244.6092,3.084454
244.7058,3.074992
244.8023,3.065562
244.8989,3.05617
244.9955,3.046858
245.0921,3.037661
245.1886,3.028633
245.2852,3.019806
245.3817,3.011254
245.4783,3.00303
245.5748,2.995232
245.6714,2.987935
245.7679,2.981265
245.8645,2.975339
245.961,2.970322
246.0576,2.966383
246.1541,2.963745
246.2507,2.962655
246.3472,2.963418
246.4438,2.966398
246.5404,2.972028
246.637,2.980831
246.7335,2.993426
246.8301,3.010606
246.8784,3.021197
246.9266,3.033272
246.9749,3.047034
247.0232,3.062628
247.0715,3.080239
247.1197,3.100036
247.168,3.122331
247.2163,3.14735
247.2646,3.175386
247.3128,3.206699
247.3611,3.241792
247.4094,3.281022
247.4577,3.324867
247.5059,3.373755
247.5542,3.428506
247.6025,3.48972
247.6508,3.558201
247.699,3.634698
247.7473,3.720583
247.7956,3.816931
247.8439,3.925156
247.8921,4.046638
247.9404,4.183805
247.9887,4.338676
248.037,4.513913
248.0853,4.71267
248.1336,4.938699
248.1819,5.196495
248.2061,5.33926
248.2302,5.491467
248.2543,5.654542
248.2784,5.829423
248.3026,6.017958
248.3267,6.219749
248.3509,6.437759
248.375,6.671621
248.3992,6.924879
248.4233,7.197223
248.4474,7.491651
248.4595,7.648496
248.4715,7.8104
248.4836,7.980386
248.4957,8.157479
248.5078,8.342051
248.5198,8.53287
248.5319,8.733533
248.544,8.942931
248.5561,9.161538
248.5681,9.387936
248.5802,9.626434
248.5923,9.875768
248.6044,10.13655
248.6164,10.40715
248.6225,10.5495
248.6285,10.69278
248.6345,10.8394
248.6405,10.98947
248.6466,11.14566
248.6526,11.30296
248.6586,11.46403
248.6646,11.62896
248.6707,11.80072
248.6767,11.97381
248.6828,12.15414
248.6888,12.33591
248.6949,12.52532
248.7009,12.71632
248.7069,12.91211
248.7129,13.11286
248.719,13.32218
248.725,13.53339
248.7311,13.7537
248.7371,13.97608
248.7432,14.20812
248.7492,14.44242
248.7552,14.68293
248.7612,14.92986
248.7673,15.1877
248.7733,15.44825
248.7794,15.72043
248.7854,15.99556
248.7915,16.2831
248.7975,16.57387
248.8035,16.87282
248.8095,17.18023
248.8156,17.50176
248.8216,17.82719
248.8276,18.16206
248.8336,18.50672
248.8397,18.86752
248.8457,19.23303
248.8517,19.6095
248.8577,19.99732
248.8638,20.40372
248.8698,20.81583
248.8759,21.24789
248.8819,21.68625
248.888,22.14608
248.894,22.61286
248.9,23.09462
248.906,23.59197
248.9121,24.11426
248.9181,24.64506
248.9242,25.20281
248.9302,25.77
248.9363,26.36636
248.9423,26.97319
248.9483,27.60101
248.9543,28.25072
248.9604,28.93477
248.9664,29.63177
248.9725,30.36609
248.9785,31.11486
248.9846,31.90431
248.9906,32.7099
248.9966,33.54572
249.0026,34.41325
249.0087,35.32935
249.0147,36.26569
249.0207,37.23873
249.0267,38.25038
249.0328,39.32053
249.0388,40.41621
249.0448,41.55692
249.0508,42.74504
249.0569,44.00424
249.0629,45.29601
249.069,46.66646
249.075,48.07382
249.0811,49.56851
249.0871,51.10518
249.0931,52.71167
249.0991,54.39211
249.1052,56.18097
249.1112,58.02447
249.1173,59.9894
249.1233,62.01696
249.1294,64.18098
249.1354,66.41707
249.1414,68.76685
249.1474,71.23792
249.1535,73.88297
249.1595,76.6243
249.1656,79.56333
249.1716,82.61436
249.1777,85.89099
249.1837,89.29845
249.1897,92.90267
249.1957,96.71854
249.2018,100.8318
249.2078,105.1258
249.2138,109.6857
249.2198,114.533
249.2259,119.7804
249.2319,125.2824
249.2379,131.1514
249.2439,137.4195
249.25,144.2381
249.256,151.4236
249.2621,159.2613
249.2681,167.544
249.2742,176.6048
249.2802,186.2092
249.2862,196.5693
249.2922,207.7628
249.2983,220.0874
249.3043,233.2389
249.3104,247.7718
249.3164,263.338
249.3225,280.6055
249.3285,299.1746
249.3345,319.5032
249.3375,330.393
249.3405,341.805
249.3436,354.1796
249.3466,366.7532
249.3496,379.9517
249.3526,393.8138
249.3557,408.8793
249.3587,424.2221
249.3617,440.3637
249.3647,457.3554
249.3678,475.8646
249.3708,494.7574
249.3738,514.6786
249.3768,535.6954
249.3798,557.8796
249.3828,581.3079
249.3858,606.0624
249.3888,632.2303
249.3919,660.8538
249.3949,690.1875
249.3979,721.2334
249.4009,754.1014
249.4039,788.907
249.4069,825.7709
249.4099,864.8184
249.4129,906.1784
249.416,951.4865
249.419,997.9563
249.422,1047.139
249.425,1099.164
249.428,1154.15
249.431,1212.206
249.434,1273.424
249.437,1337.871
249.441,1428.88
249.4449,1523.165
249.4489,1625.354
249.4528,1729.921
249.4568,1841.514
249.4607,1953.533
249.4685,2181.176
249.4725,2295.641
249.4764,2402.377
249.4804,2503.796
249.4843,2591.691
249.4883,2667.352
249.4922,2724.157
249.4961,2761.926
249.5,2779.138
249.502,2779.746
249.504,2774.78
249.5079,2749.421
249.5119,2703.103
249.5158,2640.235
249.5198,2560.356
249.5237,2470.456
249.5276,2371.721
249.5315,2267.039
249.5394,2047.147
249.5473,1830.278
249.5513,1725.256
249.5552,1627.121
249.5591,1533.693
249.563,1445.255
249.5663,1374.406
249.5695,1309.189
249.5727,1247.353
249.5759,1188.814
249.5791,1133.463
249.5823,1081.177
249.5855,1031.817
249.5887,985.2435
249.5919,941.3102
249.5951,899.8731
249.5983,860.7904
249.6015,823.9238
249.6047,789.1405
249.6079,756.3132
249.6111,725.3206
249.6143,696.0484
249.6176,667.5486
249.6208,641.444
249.624,616.7511
249.6272,593.3806
249.6304,571.2487
249.6336,550.2776
249.6368,530.3942
249.64,511.5306
249.6464,476.6138
249.6528,445.0701
249.6592,416.5029
249.6656,390.5681
249.6721,366.6145
249.6785,345.1158
249.6849,325.4593
249.6913,307.4473
249.6977,290.9066
249.7041,275.6856
249.7105,261.6508
249.7169,248.6849
249.7234,236.5036
249.7298,225.3889
249.7362,215.0648
249.7426,205.4593
249.749,196.5077
249.7554,188.1529
249.7618,180.3434
249.7682,173.0331
249.7747,166.0772
249.7811,159.6517
249.7875,153.6128
249.7939,147.9302
249.8003,142.5764
249.8067,137.5267
249.8131,132.7585
249.8195,128.2512
249.826,123.9212
249.8324,119.8846
249.8452,112.4251
249.858,105.6944
249.8708,99.60022
249.8837,94.0231
249.8965,88.98251
249.9093,84.37619
249.9221,80.15524
249.9349,76.27742
249.9477,72.70616
249.9605,69.40959
249.9733,66.35991
249.9862,63.51149
249.999,60.88693
250.0118,58.44442
250.0246,56.16725
250.0375,54.02454
250.0503,52.03623
250.0631,50.17336
250.0759,48.42543
250.0888,46.77054
250.1016,45.22582
250.1144,43.77041
250.1272,42.39742
250.14,41.1006
250.1528,39.8743
250.1656,38.71339
250.1784,37.61319
250.1913,36.5615
250.2041,35.5707
250.2297,33.73283
250.2554,32.05991
250.281,30.54382
250.3067,29.1546
250.3323,27.88773
250.3579,26.72443
250.3835,25.6534
250.4092,24.66114
250.4348,23.74683
250.4605,22.89585
250.4861,22.10829
250.5118,21.37224
250.5374,20.68837
250.563,20.04925
250.5886,19.45093
250.6143,18.88777
250.6399,18.36097
250.6656,17.8636
250.6912,17.39699
250.7169,16.9552
250.7425,16.53962
250.7681,16.14663
250.7937,15.77455
250.8194,15.42051
250.845,15.0859
250.8707,14.76683
250.8963,14.46462
250.9476,13.90184
250.9988,13.39107
251.0501,12.92408
251.1014,12.49658
251.1527,12.10404
251.2039,11.74325
251.2552,11.40945
251.3065,11.10046
251.3578,10.81377
251.4091,10.54716
251.4604,10.29871
251.5117,10.06671
251.563,9.849655
251.6142,9.646609
251.6655,9.455595
251.7168,9.275968
251.7681,9.106787
251.8193,8.947511
251.8706,8.796761
251.9219,8.654175
251.9732,8.519135
252.0244,8.391328
252.0757,8.269749
252.127,8.154195
252.1783,8.044249
252.2295,7.939726
252.2808,7.839872
252.3321,7.744576
252.4346,7.566676
252.5372,7.403611
252.6397,7.253947
252.7423,7.115892
252.8448,6.988431
252.9474,6.870205
253.05,6.760382
253.1526,6.658124
253.2551,6.562787
253.3577,6.473543
253.4602,6.390002
253.5628,6.311498
253.6653,6.237741
253.7679,6.168193
253.8704,6.102638
253.973,6.04063
254.0755,5.982007
254.1781,5.9264
254.2806,5.873687
254.3832,5.823559
254.4857,5.775921
254.5883,5.730512
254.6908,5.687264
254.7934,5.645949
254.8959,5.606519
254.9985,5.568776
255.101,5.532686
255.3061,5.464928
255.5112,5.40253
255.7163,5.344888
255.9214,5.291483
256.1265,5.241866
256.3317,5.19563
256.5368,5.15248
256.7419,5.1121
256.947,5.074233
257.1521,5.038648
257.3572,5.005147
257.5623,4.97355
257.7674,4.943697
257.9726,4.915434
258.1777,4.888661
258.3828,4.863251
258.5879,4.839098
258.793,4.816112
258.9981,4.794209
259.2032,4.773311
259.4083,4.75335
259.6135,4.734254
259.8186,4.715983
260.0237,4.698474
260.2288,4.68168
260.4339,4.665558
260.639,4.650064
261.0492,4.620818
261.4594,4.593676
261.8696,4.568409
262.2798,4.544818
262.69,4.522736
263.1003,4.502005
263.5105,4.482509
263.9207,4.464127
264.3309,4.446758
264.7412,4.430312
265.1514,4.414716
265.5616,4.399897
265.9718,4.385791
266.3821,4.372339
266.7923,4.359498
267.2025,4.347218
267.6127,4.335459
268.0229,4.324183
268.4331,4.313356
268.8433,4.302948
269.2535,4.292929
269.6638,4.283273
270.074,4.27396
270.8944,4.256276
271.7148,4.239718
272.5352,4.22416
273.3557,4.209486
274.1761,4.195606
274.9965,4.182436
275.8169,4.169904
276.6374,4.157944
277.4578,4.146506
278.2783,4.135537
279.0987,4.124998
279.9192,4.114848
280.7396,4.105055
281.56,4.095587
282.3804,4.086416
283.2009,4.077519
284.0213,4.068874
285.6622,4.052257
287.3031,4.036427
288.9439,4.021267
290.5848,4.00668
292.2257,3.992582
293.8666,3.978903
295.5074,3.965581
297.1483,3.952565
298.7891,3.939808
300.43,3.927266
302.0708,3.914909
303.7117,3.902699
305.3526,3.89061
308.6343,3.86669
311.9161,3.842964
315.1978,3.819274
318.4796,3.795483
321.7613,3.771467
325.043,3.74711
328.3247,3.722304
331.6065,3.696944
334.8882,3.670927
338.1699,3.644146
341.4516,3.616495
344.7334,3.587859
348.0151,3.558122
351.2968,3.527158
354.5785,3.494826
357.8603,3.460981
361.142,3.425457
364.4238,3.388075
367.7055,3.348635
370.9873,3.306908
374.269,3.262648
375.9099,3.239478
377.5507,3.215564
379.1916,3.190864
380.8324,3.165334
382.4733,3.138924
384.1142,3.111584
385.7551,3.083259
387.3959,3.053891
389.0368,3.023415
390.6777,2.99176
392.3186,2.958857
393.9594,2.924625
395.6003,2.888976
397.2412,2.851817
398.8821,2.813046
400.5229,2.772559
402.1638,2.73023
403.8046,2.685936
405.4455,2.639529
407.0863,2.590864
408.7272,2.539768
410.3681,2.48606
412.009,2.429545
413.6498,2.370012
415.2907,2.307218
416.1112,2.27452
416.9316,2.240915
417.7521,2.206361
418.5725,2.17083
419.3929,2.134281
420.2133,2.096674
421.0338,2.057965
421.8542,2.018125
422.6747,1.977102
423.4951,1.934863
424.3156,1.891356
425.136,1.846548
425.9564,1.800396
426.7768,1.752855
427.5973,1.703885
428.4177,1.653459
429.2381,1.601543
430.0585,1.548113
430.879,1.493147
431.6994,1.436654
432.5198,1.378639
433.3402,1.319136
434.1607,1.258196
434.9811,1.195929
435.8016,1.132458
436.622,1.068001
437.4425,1.002819
437.8527,0.970077
438.2629,0.9373083
438.6731,0.904582
439.0833,0.8719777
439.4935,0.8395885
439.9037,0.8075213
440.314,0.7758931
440.7242,0.7448634
441.1344,0.7145909
441.5446,0.6852691
441.9548,0.657122
442.365,0.6304097
442.7752,0.6054343
443.1854,0.5825474
443.5957,0.5621543
443.8008,0.5530439
444.0059,0.5447434
444.211,0.5373256
444.4161,0.530869
444.6212,0.5254588
444.8263,0.5211872
445.0314,0.5181546
445.2365,0.5164695
445.4416,0.51625
445.6467,0.5176245
445.8518,0.5207327
446.0569,0.5257265
446.262,0.5327718
446.3646,0.5371218
446.4671,0.5420493
446.5697,0.5475889
446.621,0.5505948
446.6723,0.5537625
446.7236,0.5570957
446.7749,0.5605978
446.8262,0.5642726
446.8518,0.5661721
446.8774,0.568116
446.9031,0.5701126
446.9287,0.5721468
446.9544,0.5742352
446.9672,0.5752926
446.98,0.5763617
446.9929,0.577451
447.0057,0.5785437
447.0185,0.5796482
447.0313,0.5807647
447.0441,0.581893
447.0505,0.5824617
447.0569,0.5830334
447.0697,0.5841859
447.0825,0.5853506
447.0954,0.5865367
447.1082,0.5877258
447.121,0.5889275
447.1338,0.5901414
447.1467,0.5913776
447.1595,0.5926167
447.1851,0.5951329
447.2108,0.5977103
447.2364,0.6003294
447.262,0.6030006
447.2876,0.6057244
447.3389,0.6113438
447.3902,0.6171819
447.4415,0.6232435
447.4927,0.6295209
447.544,0.6360438
447.5953,0.6428052
447.6978,0.6570506
447.8004,0.6723284
447.9029,0.6886548
448.0055,0.7061096
448.108,0.7247091
448.2106,0.7445427
448.3132,0.7656483
448.4158,0.7880846
448.5183,0.8118888
448.6209,0.8371721
448.7234,0.8639529
448.826,0.892355
448.9285,0.922398
449.0311,0.9542195
449.1336,0.9878408
449.2362,1.023415
449.3387,1.060966
449.4413,1.100664
449.5438,1.142534
449.6464,1.186767
449.7489,1.233392
449.8515,1.282619
449.9541,1.334534
450.0567,1.389272
450.1592,1.446918
450.2618,1.507736
450.3643,1.571769
450.4669,1.63931
450.5694,1.710409
450.672,1.785396
450.7745,1.864326
450.8771,1.947571
450.9796,2.035195
451.0822,2.127613
451.1847,2.224904
451.2873,2.327531
451.3898,2.43559
451.4924,2.549603
451.5949,2.66968
451.6975,2.796412
451.8,2.929931
451.9026,3.070905
452.0051,3.219489
452.1077,3.376442
452.2102,3.541953
452.3128,3.716878
452.4153,3.901449
452.5179,4.09664
452.6204,4.30273
452.723,4.520832
452.8255,4.751286
452.9281,4.995363
453.0306,5.253478
453.1332,5.527093
453.2358,5.817002
453.3384,6.124329
453.4409,6.449964
453.5435,6.795861
453.646,7.162776
453.7486,7.552981
453.8511,7.967407
453.9537,8.408707
454.0562,8.878034
454.1588,9.378504
454.2613,9.911544
454.3639,10.48083
454.4664,11.08815
454.569,11.73787
454.6715,12.43222
454.7741,13.17641
454.8766,13.97326
454.9792,14.82905
455.0817,15.74733
455.1843,16.73572
455.2868,17.79875
455.3894,18.94573
455.4919,20.18247
455.5945,21.52047
455.697,22.96723
455.7996,24.53704
455.9021,26.23976
456.0047,28.09334
456.1072,30.11077
456.2098,32.31489
456.3123,34.72302
456.4149,37.36464
456.5175,40.26604
456.6201,43.46017
456.6714,45.17872
456.7226,46.98163
456.7739,48.88169
456.8252,50.8817
456.8765,52.9884
456.9277,55.20464
456.979,57.54701
457.0303,60.01989
457.0816,62.63264
457.1328,65.38991
457.1841,68.31359
457.2354,71.41058
457.2867,74.69413
457.3379,78.17182
457.3892,81.87314
457.4405,85.80902
457.4918,89.99876
457.543,94.45461
457.5943,99.21743
457.6456,104.3047
457.6969,109.7453
457.7481,115.5594
457.7994,121.8051
457.8507,128.5112
457.902,135.7219
457.9532,143.4713
458.0045,151.845
458.0558,160.8913
458.1071,170.6806
458.1583,181.2716
458.2096,192.796
458.2609,205.3369
458.3122,219.0121
458.3634,233.9253
458.4147,250.2888
458.466,268.2523
458.5173,288.0208
458.5685,309.7869
458.6198,333.9114
458.6455,346.9677
458.6711,360.6761
458.6968,375.193
458.7224,390.4582
458.748,406.584
458.7736,423.6326
458.7993,441.744
458.8249,460.8512
458.8506,481.1841
458.8762,502.672
458.9019,525.5788
458.9275,549.8307
458.9531,575.6275
458.9787,603.0936
459.0044,632.483
459.03,663.716
459.0557,697.2009
459.0813,732.8563
459.107,771.1582
459.1326,812.0234
459.1582,855.8311
459.1838,902.8386
459.2095,953.532
459.2351,1007.826
459.2608,1066.483
459.2864,1129.415
459.3121,1197.514
459.3377,1270.683
459.3633,1349.639
459.3889,1434.878
459.4146,1527.298
459.4402,1626.735
459.4659,1734.536
459.4915,1850.441
459.5172,1975.927
459.5428,2110.551
459.5684,2255.248
459.594,2410.38
459.6194,2574.804
459.6448,2749.662
459.6702,2934.615
459.6955,3128.147
459.7463,3539.265
459.797,3963.781
459.8224,4173.011
459.8478,4373.712
459.8732,4560.415
459.8985,4726.697
459.9239,4868.102
459.9493,4978.609
459.9747,5053.842
460.0,5090.743
460.0255,5088.212
460.0509,5046.574
460.0764,4967.794
460.1018,4856.267
460.1273,4716.009
460.1527,4553.612
460.1781,4374.222
460.2035,4183.275
460.2544,3785.008
460.3053,3390.811
460.3308,3201.466
460.3562,3020.46
460.3816,2848.013
460.407,2684.689
460.4264,2566.246
460.4457,2453.843
460.4651,2346.256
460.4844,2244.486
460.5038,2147.329
460.5231,2055.614
460.5424,1968.635
460.5617,1886.188
460.5811,1807.671
460.6004,1733.678
460.6198,1663.232
460.6391,1596.848
460.6585,1533.637
460.6778,1474.053
460.6971,1417.577
460.7164,1364.029
460.7358,1312.982
460.7551,1264.802
460.7745,1218.835
460.7938,1175.412
460.8325,1094.732
460.8711,1021.948
460.9098,955.8067
460.9484,895.8848
460.9871,841.1974
461.0257,791.4378
461.0644,745.8298
461.1031,704.052
461.1418,665.7041
461.1804,630.5209
461.2191,598.0104
461.2577,568.0681
461.2964,540.2969
461.335,514.6269
461.3737,490.7351
461.4124,468.5208
461.4511,447.833
461.4897,428.585
461.5284,410.5568
461.567,393.7338
461.6057,377.9323
461.6443,363.1467
461.683,349.2219
461.7217,336.1262
461.7604,323.7954
461.799,312.2003
461.8377,301.2279
461.8764,290.8612
461.9151,281.0562
461.9537,271.7963
461.9924,262.9972
462.0311,254.65
462.1084,239.2107
462.1857,225.2402
462.263,212.5564
462.3404,200.9905
462.4177,190.44
462.495,180.7758
462.5723,171.9002
462.6497,163.7182
462.727,156.1775
462.8043,149.2027
462.8816,142.7378
462.959,136.7258
463.0363,131.1387
463.1137,125.9235
463.191,121.0596
463.2684,116.5038
463.3457,112.241
463.423,108.2408
463.5003,104.4818
463.5777,100.9398
463.655,97.60662
463.7323,94.46166
463.8096,91.49065
463.887,88.67711
463.9643,86.01656
464.0416,83.49454
464.1189,81.10135
464.1963,78.82521
464.2736,76.66388
464.4283,72.64498
464.583,68.99204
464.7376,65.66263
464.8923,62.61462
465.0469,59.81962
465.2016,57.2462
465.3562,54.87368
465.5109,52.67818
465.6656,50.64314
465.8203,48.75268
465.9749,46.99401
466.1296,45.35257
466.2842,43.81968
466.4389,42.38376
466.5935,41.03815
466.7482,39.77349
466.9029,38.58389
467.0576,37.46324
467.2122,36.40674
467.3669,35.40808
467.5215,34.46411
467.6762,33.56957
467.8308,32.72198
467.9855,31.91692
468.1402,31.15194
468.2949,30.42427
468.4495,29.73183
468.7588,28.44182
469.0681,27.26568
469.3774,26.18969
469.6867,25.20218
469.996,24.29317
470.3053,23.45411
470.6147,22.67732
470.924,21.95688
471.2333,21.28696
471.5426,20.66261
471.852,20.07938
472.1613,19.53384
472.4706,19.02244
472.7799,18.5422
473.0893,18.09033
473.3986,17.66475
473.7079,17.26321
474.0172,16.88378
474.3265,16.52478
474.6358,16.18463
474.9451,15.86197
475.2544,15.55551
475.5638,15.26403
475.8731,14.98665
476.1824,14.72235
476.4917,14.47023
476.8011,14.22943
477.1104,13.99938
477.729,13.56864
478.3477,13.17311
478.9663,12.8089
479.5849,12.47246
480.2035,12.16083
480.8222,11.87138
481.4408,11.60196
482.0595,11.35055
482.6781,11.11552
483.2968,10.89527
483.9154,10.68856
484.5341,10.49413
485.1527,10.31101
485.7714,10.13821
486.39,9.974938
487.0087,9.820403
487.6273,9.673979
488.246,9.535012
488.8646,9.402999
489.4832,9.277419
490.1018,9.157821
490.7205,9.043777
491.3391,8.93495
491.9578,8.830962
492.5764,8.731533
493.1951,8.636345
493.8137,8.545165
495.0509,8.373829
496.2882,8.215775
497.5255,8.069544
498.7628,7.933874
500.0,7.80768
500.9766,7.714126
501.9532,7.625464
502.9298,7.541324
503.9063,7.461381
504.8829,7.385314
505.8594,7.312864
506.836,7.243769
507.8125,7.177814
508.7891,7.114779
509.7657,7.054481
510.7423,6.996748
511.7188,6.941423
512.6954,6.888351
513.6719,6.837407
515.625,6.741394
517.5782,6.652491
519.5313,6.569948
521.4844,6.493101
523.4375,6.421382
525.3907,6.354289
527.3438,6.291395
529.2969,6.232314
531.25,6.17671
533.2032,6.124279
535.1563,6.074763
537.1094,6.027921
539.0625,5.983541
541.0157,5.941431
542.9688,5.901424
544.9219,5.863364
546.875,5.82711
548.8282,5.792535
550.7813,5.759526
552.7344,5.727978
554.6875,5.697793
556.6407,5.668884
558.5938,5.641173
560.5469,5.614585
562.5,5.589053
564.4532,5.564512
566.4063,5.540907
568.3594,5.518185
570.3125,5.496295
574.2188,5.454835
578.125,5.4162
582.0313,5.380106
585.9375,5.346307
589.8438,5.314586
593.75,5.284755
597.6563,5.256645
601.5625,5.23011
605.4688,5.205016
609.375,5.181249
613.2813,5.158703
617.1875,5.137284
621.0938,5.116906
625.0,5.097495
628.9063,5.078981
632.8125,5.061302
636.7188,5.0444
640.625,5.028225
644.5313,5.012729
648.4375,4.997869
652.3438,4.983605
656.25,4.9699
660.1563,4.956723
664.0625,4.94404
667.9688,4.931825
671.875,4.920051
675.7813,4.908694
679.6875,4.897731
687.5,4.876905
695.3125,4.857423
703.125,4.839154
710.9375,4.821983
718.75,4.805811
726.5625,4.790549
734.375,4.77612
742.1875,4.762453
750.0,4.749488
757.8125,4.737169
765.625,4.725447
773.4375,4.714277
781.25,4.703619
789.0625,4.693438
796.875,4.683699
804.6875,4.674374
812.5,4.665435
820.3125,4.656857
828.125,4.648618
835.9375,4.640697
843.75,4.633073
851.5625,4.625732
859.375,4.618654
867.1875,4.611827
875.0,4.605235
882.8125,4.598867
890.625,4.592711
906.25,4.580987
921.875,4.569984
937.5,4.559635
953.125,4.549876
968.75,4.540657
984.375,4.53193
1000.0,4.523651
1015.625,4.515786
1031.25,4.508301
1046.875,4.501166
1062.5,4.494354
1078.125,4.487841
1093.75,4.481606
1109.375,4.475629
1125.0,4.469891
1140.625,4.464378
1156.25,4.459073
1171.875,4.453964
1187.5,4.449036
1203.125,4.444278
1218.75,4.439681
1234.375,4.435235
1250.0,4.430929
1265.625,4.426755
1281.25,4.422705
1296.875,4.418773
1312.5,4.41495
1328.125,4.41123
1343.75,4.407608
1375.0,4.400632
1406.25,4.393978
1437.5,4.387608
1468.75,4.381488
1500.0,4.375582
1531.25,4.369859
1562.5,4.364293
1593.75,4.35885
1625.0,4.353503
1656.25,4.348223
1687.5,4.342977
1718.75,4.337732
1734.375,4.335098
1750.0,4.33245
1765.625,4.329783
1781.25,4.327091
1796.875,4.324367
1812.5,4.321605
1828.125,4.318796
1843.75,4.315934
1859.375,4.313007
1875.0,4.310007
1890.625,4.306921
1906.25,4.303736
1921.875,4.300438
1937.5,4.297007
1953.125,4.293426
1968.75,4.289671
1984.375,4.285714
1992.188,4.28365
2000.0,4.281523
2010.385,4.27859
2020.769,4.275525
2031.153,4.272311
2041.537,4.268934
2051.922,4.265371
2062.306,4.261603
2072.69,4.257603
2077.882,4.255507
2083.074,4.25334
2088.267,4.2511
2093.459,4.248781
2098.651,4.246377
2103.843,4.243883
2109.035,4.241292
2114.227,4.238598
2119.419,4.235791
2124.611,4.232866
2129.803,4.22981
2134.995,4.226616
2140.187,4.22327
2145.379,4.219761
2150.571,4.216074
2155.763,4.212194
2160.955,4.208104
2166.147,4.203783
2171.34,4.199208
2176.532,4.194357
2181.724,4.189199
2186.916,4.183702
2192.108,4.177829
2197.3,4.171537
2199.896,4.168217
2202.492,4.164775
2205.088,4.1612
2207.684,4.157485
2210.281,4.153622
2212.877,4.149601
2215.473,4.145411
2218.069,4.141041
2220.665,4.13648
2223.261,4.131713
2225.857,4.126725
2228.453,4.121501
2231.049,4.116021
2233.645,4.110267
2236.241,4.104218
2238.837,4.097848
2241.433,4.09113
2244.029,4.084035
2246.625,4.076529
2249.221,4.068574
2251.818,4.060125
2254.414,4.05114
2257.01,4.041563
2259.606,4.03133
2262.202,4.02037
2263.5,4.014593
2264.798,4.008605
2266.096,4.00239
2267.394,3.995937
2268.692,3.989233
2269.99,3.982259
2271.288,3.975003
2272.586,3.967445
2273.884,3.959565
2275.182,3.951342
2276.48,3.942754
2277.778,3.933775
2279.076,3.924377
2280.374,3.914532
2281.672,3.904204
2282.97,3.893359
2284.268,3.881955
2285.566,3.869949
2286.864,3.85729
2288.162,3.843925
2289.46,3.829791
2290.758,3.814821
2292.056,3.798937
2293.354,3.782053
2294.652,3.764072
2295.95,3.744881
2297.248,3.724357
2297.897,3.71355
2298.546,3.702354
2299.195,3.690746
2299.844,3.678706
2300.493,3.666206
2301.142,3.65322
2301.791,3.639721
2302.44,3.625676
2303.089,3.611053
2303.738,3.595815
2304.387,3.579921
2305.036,3.563329
2305.685,3.545992
2306.334,3.52786
2306.983,3.508876
2307.632,3.488979
2308.281,3.468102
2308.93,3.446171
2309.579,3.423105
2310.228,3.398815
2310.877,3.373199
2311.526,3.346149
2312.175,3.317542
2312.824,3.287241
2313.473,3.255091
2314.122,3.220923
2314.771,3.184541
2315.42,3.145729
2315.745,3.125303
2316.069,3.104238
2316.394,3.082367
2316.718,3.059786
2317.043,3.036316
2317.367,3.012056
2317.692,2.986808
2318.016,2.960679
2318.341,2.933451
2318.665,2.905235
2318.99,2.875793
2319.314,2.84524
2319.639,2.813314
2319.963,2.780134
2320.288,2.745413
2320.612,2.709272
2320.937,2.671393
2321.261,2.631902
2321.586,2.590445
2321.91,2.547155
2322.235,2.501634
2322.559,2.454023
2322.884,2.40388
2323.208,2.351354
2323.533,2.295951
2323.857,2.237835
2324.182,2.176464
2324.506,2.11203
2324.831,2.043945
2325.155,1.972452
2325.318,1.935069
2325.48,1.896953
2325.642,1.857865
2325.804,1.817796
2325.967,1.776485
2326.129,1.734443
2326.291,1.691432
2326.453,1.647475
2326.616,1.602328
2326.778,1.5566
2326.94,1.510095
2327.102,1.462917
2327.265,1.414911
2327.427,1.366849
2327.589,1.318683
2327.751,1.270722
2327.914,1.223084
2328.076,1.176876
2328.238,1.132476
2328.4,1.090752
2328.563,1.052607
2328.725,1.019973
2328.887,0.9944999
2329.049,0.978676
2329.212,0.975811
2329.293,0.9805781
2329.374,0.9903252
2329.455,1.005834
2329.536,1.028013
2329.617,1.057925
2329.658,1.076401
2329.698,1.096812
2329.739,1.120372
2329.76,1.133541
2329.78,1.146814
2329.801,1.161549
2329.821,1.176372
2329.841,1.191996
2329.851,1.200118
2329.861,1.208452
2329.872,1.21787
2329.882,1.226663
2329.892,1.235681
2329.902,1.244928
2329.912,1.254411
2329.922,1.264131
2329.932,1.274095
2329.942,1.284307
2329.953,1.295833
2329.963,1.306582
2329.973,1.317594
2329.983,1.328876
2329.993,1.340432
2330.003,1.352268
2330.023,1.376802
2330.044,1.403841
2330.064,1.430862
2330.084,1.459173
2330.104,1.488827
2330.125,1.521469
2330.145,1.554052
2330.185,1.623846
2330.226,1.702253
2330.266,1.786036
2330.307,1.880058
2330.347,1.980449
2330.388,2.09305
2330.429,2.216388
2330.47,2.351493
2330.51,2.495734
2330.551,2.657571
2330.591,2.830451
2330.632,3.024573
2330.672,3.232148
2330.713,3.465501
2330.753,3.715369
2330.794,3.996709
2330.834,4.298494
2330.875,4.638963
2330.915,5.004969
2330.956,5.418884
2330.996,5.865011
2331.037,6.370972
2331.078,6.932401
2331.099,7.243733
2331.119,7.55649
2331.139,7.886117
2331.159,8.233694
2331.18,8.619239
2331.2,9.007341
2331.22,9.417227
2331.24,9.85036
2331.261,10.33191
2331.281,10.8178
2331.301,11.33219
2331.321,11.87711
2331.342,12.48454
2331.362,13.09913
2331.382,13.75158
2331.402,14.44474
2331.423,15.21978
2331.443,16.00644
2331.463,16.84424
2331.483,17.73728
2331.504,18.73936
2331.524,19.7602
2331.544,20.85147
2331.564,22.01918
2331.585,23.33487
2331.605,24.68093
2331.625,26.12608
2331.645,27.67946
2331.666,29.43807
2331.686,31.24626
2331.707,33.29896
2331.727,35.4155
2331.748,37.82534
2331.768,40.31775
2331.788,43.02335
2331.808,45.96511
2331.829,49.33657
2331.849,52.84741
2331.869,56.68499
2331.889,60.88759
2331.9,63.3702
2331.91,65.74105
2331.92,68.22711
2331.93,70.83533
2331.94,73.57314
2331.95,76.44852
2331.96,79.46999
2331.97,82.64673
2331.981,86.33225
2331.991,89.86792
2332.001,93.59176
2332.011,97.51604
2332.021,101.6539
2332.031,106.0196
2332.041,110.6283
2332.051,115.4964
2332.062,121.172
2332.072,126.6437
2332.082,132.4339
2332.092,138.5645
2332.102,145.0592
2332.112,151.9434
2332.122,159.2445
2332.132,166.9915
2332.143,176.0655
2332.153,184.8531
2332.163,194.1904
2332.173,204.1152
2332.183,214.668
2332.193,225.8908
2332.203,237.8283
2332.213,250.5266
2332.224,265.4308
2332.234,279.884
2332.244,295.2493
2332.254,311.5759
2332.264,328.9112
2332.274,347.2999
2332.284,366.7821
2332.294,387.3906
2332.307,415.9025
2332.32,446.3738
2332.333,478.7704
2332.346,512.9898
2332.359,548.8421
2332.372,586.0296
2332.397,659.6177
2332.41,697.7507
2332.423,734.7321
2332.436,769.5993
2332.449,801.3138
2332.462,828.8254
2332.475,851.1523
2332.488,867.4676
2332.5,876.6761
2332.513,880.0237
2332.526,876.4863
2332.539,866.3822
2332.552,850.3047
2332.565,829.0539
2332.578,803.5565
2332.591,774.7855
2332.604,743.6901
2332.63,677.9111
2332.656,611.814
2332.669,579.8524
2332.682,549.0308
2332.695,519.5428
2332.707,493.6117
2332.721,464.9887
2332.735,438.1403
2332.749,413.0432
2332.763,389.6431
2332.777,367.8649
2332.791,347.6207
2332.805,328.8162
2332.819,311.3551
2332.833,295.1418
2332.847,280.0836
2332.861,266.0921
2332.875,253.0842
2332.889,240.9818
2332.903,229.7128
2332.917,219.2103
2332.931,209.4127
2332.945,200.2636
2332.959,191.7115
2332.973,183.7087
2332.987,176.2123
2333.001,169.1826
2333.015,162.5836
2333.029,156.3825
2333.043,150.5489
2333.057,145.0557
2333.071,139.8776
2333.085,134.9916
2333.099,130.3768
2333.113,126.0138
2333.127,121.885
2333.141,117.9743
2333.155,114.2668
2333.169,110.7487
2333.183,107.4076
2333.211,101.2109
2333.239,95.59416
2333.267,90.48748
2333.295,85.83077
2333.323,81.57245
2333.351,77.66805
2333.379,74.07904
2333.407,70.77198
2333.435,67.71768
2333.463,64.89064
2333.491,62.26849
2333.519,59.83153
2333.547,57.56236
2333.575,55.44559
2333.603,53.46757
2333.631,51.6161
2333.659,49.88037
2333.687,48.25064
2333.715,46.71821
2333.743,45.27527
2333.771,43.91475
2333.799,42.63029
2333.827,41.41615
2333.855,40.26711
2333.883,39.17843
2333.911,38.1458
2333.939,37.16529
2333.967,36.23333
2333.995,35.34663
2334.051,33.69726
2334.107,32.19601
2334.163,30.82495
2334.219,29.56883
2334.275,28.4146
2334.331,27.35104
2334.387,26.36845
2334.443,25.45845
2334.499,24.6137
2334.501,12.2146
2500.0,11.93676
2625.0,11.74614
2750.0,11.56797
2875.0,11.40091
3000.0,11.24381
3250.0,10.96126
3500.0,10.70754
3750.0,10.4824
4000.0,10.27706
4250.0,10.0941
4500.0,9.925217
4750.0,9.76862
5000.0,9.622821
5250.0,9.491751
5500.0,9.368756
6000.0,9.143759
6500.0,8.949727
7000.0,8.774383
7500.0,8.62032
8000.0,8.479042
8500.0,8.354893
9000.0,8.239754
10000.0,8.032263
10625.0,7.923257
11250.0,7.822027
12500.0,7.639265
13750.0,7.488731
15000.0,7.354264
16000.0,7.261653
17000.0,7.175873
18500.0,7.064545
20000.0,6.963685
22500.0,6.825774
25000.0,6.705228
27500.0,6.607379
30000.0,6.519641
32500.0,6.44604
35000.0,6.378896
37500.0,6.321175
40000.0,6.267869
45000.0,6.179685
50000.0,6.102452
55000.0,6.03981
60000.0,5.983555
65000.0,5.936046
70000.0,5.892709
75000.0,5.854927
80000.0,5.820002
89999.95,5.760586
99999.9,5.708414
100000.1,5.703969
112500.1,5.678888
125000.1,5.65688
137500.1,5.637308
150000.0,5.619713
175000.0,5.620922
200000.0,5.622184
250000.0,5.665791
300000.0,5.731085
391713.0,5.87585
392972.2,5.878091
394231.3,5.880328
396749.6,5.884792
399267.9,5.889243
401786.2,5.89368
406822.8,5.902516
411859.3,5.911296
416895.9,5.920023
421932.4,5.928695
432005.5,5.945878
442078.7,5.962849
452151.8,5.979605
462224.9,5.996151
472298.0,6.012488
486149.0,6.0338
500000.0,6.054752
525000.0,6.096563
550000.0,6.136484
575000.0,6.17468
600000.0,6.211297
625000.0,6.246463
650000.0,6.280289
675000.0,6.312875
700000.0,6.34431
725000.0,6.373816
750000.0,6.402372
775000.0,6.43004
800000.0,6.456875
821737.3,6.477129
843474.5,6.496891
865211.8,6.516185
886949.0,6.535032
890211.8,6.537539
893474.5,6.540063
900000.0,6.545157
912361.5,6.553933
924723.0,6.562607
937084.5,6.571179
949446.0,6.579654
952605.7,6.581523
955765.3,6.583386
962084.5,6.587096
968403.8,6.590783
974723.0,6.59445
987361.5,6.601719
1000000.0,6.608906
1015625.0,6.612945
1031250.0,6.616936
1046875.0,6.620878
1062500.0,6.624774
1078125.0,6.628623
1093750.0,6.63243
1109375.0,6.636191
1125000.0,6.639912
1140625.0,6.643591
1156250.0,6.647231
1171875.0,6.65083
1187500.0,6.654391
1203125.0,6.657915
1218750.0,6.661402
1234375.0,6.664853
1250000.0,6.668269
1270080.0,6.666258
1290160.0,6.664324
1290165.0,6.664324
1298707.0,6.663489
1307248.0,6.662667
1315789.0,6.661859
1324330.0,6.661064
1327950.0,6.660451
1327955.0,6.660447
1330643.0,6.659506
1333330.0,6.658569
1338704.0,6.656705
1344081.0,6.654855
1349457.0,6.653019
1354834.0,6.651197
1360210.0,6.649388
1365587.0,6.647595
1370963.0,6.645813
1376340.0,6.644047
1381716.0,6.642293
1387093.0,6.640552
1392469.0,6.638824
1397846.0,6.637109
1403222.0,6.635407
1408599.0,6.633718
1413975.0,6.632041
1419352.0,6.630377
1424729.0,6.628724
1430106.0,6.627084
1435482.0,6.625456
1440859.0,6.62384
1446235.0,6.622235
1451612.0,6.620643
1456988.0,6.619062
1462365.0,6.617493
1467741.0,6.615935
1473118.0,6.614388
1478494.0,6.612853
1483871.0,6.611328
1489247.0,6.609814
1494624.0,6.608311
1500000.0,6.606819
1500320.0,6.606678
1500325.0,6.606674
1504940.0,6.604038
1509555.0,6.601413
1518784.0,6.596206
1528014.0,6.591049
1537243.0,6.585945
1546473.0,6.58089
1555702.0,6.575886
1564931.0,6.570931
1574160.0,6.566023
1583390.0,6.561163
1592620.0,6.55635
1601850.0,6.551583
1611080.0,6.546861
1620310.0,6.542184
1629540.0,6.53755
1638770.0,6.532961
1648000.0,6.528415
1653482.0,6.524879
1658963.0,6.521364
1664444.0,6.517869
1669925.0,6.514392
1675407.0,6.510935
1680888.0,6.507497
1686369.0,6.504079
1691850.0,6.50068
1695485.0,6.498143
1699119.0,6.495617
1706388.0,6.490595
1713657.0,6.485613
1720925.0,6.480673
1728194.0,6.475772
1735463.0,6.470909
1742732.0,6.466085
1750000.0,6.4613
1756025.0,6.456989
1762050.0,6.452704
1768075.0,6.448444
1774100.0,6.444211
1774101.0,6.44421
1778612.0,6.44053
1783123.0,6.436867
1792144.0,6.429595
1801166.0,6.422388
1810188.0,6.415247
1819210.0,6.408172
1828232.0,6.401161
1837254.0,6.394215
1846275.0,6.387332
1855297.0,6.38051
1864319.0,6.37375
1873341.0,6.36705
1882363.0,6.36041
1891385.0,6.353829
1900407.0,6.347306
1909429.0,6.34084
1918450.0,6.334433
1923547.0,6.330128
1928644.0,6.325844
1933741.0,6.321581
1938838.0,6.317337
1943935.0,6.313115
1949032.0,6.308914
1954129.0,6.304731
1959225.0,6.300571
1964322.0,6.296429
1969419.0,6.292306
1974516.0,6.288204
1979613.0,6.284121
1984710.0,6.280057
1989807.0,6.276013
1994904.0,6.271988
2000000.0,6.267982
2009954.0,6.25935
2019908.0,6.250798
2029862.0,6.242327
2039815.0,6.233934
2049769.0,6.225618
2059723.0,6.21738
2069677.0,6.209216
2079630.0,6.201128
2084396.0,6.19675
2089162.0,6.192391
2098694.0,6.183729
2108226.0,6.175144
2117758.0,6.166633
2127290.0,6.158197
2136822.0,6.149833
2146354.0,6.141542
2155885.0,6.133323
2165417.0,6.125173
2174949.0,6.117093
2184481.0,6.109081
2194013.0,6.101138
2203545.0,6.093261
2213077.0,6.085452
2222609.0,6.077707
2232140.0,6.070028
2232141.0,6.070027
2240507.0,6.062343
2248873.0,6.054718
2257239.0,6.047151
2265605.0,6.039642
2273972.0,6.032189
2282338.0,6.024793
2290704.0,6.017453
2299070.0,6.010168
2307437.0,6.002937
2315803.0,5.995762
2324169.0,5.988639
2332535.0,5.981571
2340902.0,5.974553
2349268.0,5.967589
2357634.0,5.960676
2366000.0,5.953815
2366005.0,5.95381
2371572.0,5.948804
2377139.0,5.943825
2382709.0,5.938867
2388278.0,5.933935
2393848.0,5.929026
2399417.0,5.924144
2404986.0,5.919286
2410555.0,5.914451
2416125.0,5.90964
2421694.0,5.904853
2427264.0,5.900089
2432833.0,5.895351
2438403.0,5.890634
2443972.0,5.885941
2449541.0,5.881272
2455110.0,5.876626
2455114.0,5.876622
2460231.0,5.872175
2465347.0,5.867749
2475580.0,5.858954
2483618.0,5.851949
2491655.0,5.844996
2499693.0,5.838091
2507730.0,5.831235
2507732.0,5.831231
2515422.0,5.823365
2523114.0,5.815548
2530806.0,5.807782
2538497.0,5.800069
2546189.0,5.792404
2553881.0,5.78479
2561573.0,5.777226
2569264.0,5.769711
2576956.0,5.762245
2584648.0,5.754827
2592340.0,5.747456
2600031.0,5.740134
2607723.0,5.732857
2615415.0,5.725628
2623107.0,5.718444
2630798.0,5.711308
2638490.0,5.704215
2646182.0,5.697168
2653874.0,5.690166
2661565.0,5.683209
2669257.0,5.676293
2676949.0,5.669422
2684641.0,5.662594
2692332.0,5.655809
2700024.0,5.649066
2707716.0,5.642364
2715408.0,5.635704
2723099.0,5.629087
2730791.0,5.62251
2738482.0,5.615973
2746174.0,5.609477
2753865.0,5.603021
2761557.0,5.596603
2769249.0,5.590225
2776941.0,5.583886
2784632.0,5.577587
2792324.0,5.571324
2800016.0,5.565099
2807708.0,5.558913
2815399.0,5.552763
2823091.0,5.546652
2830783.0,5.540575
2838475.0,5.534536
2846166.0,5.528533
2853858.0,5.522566
2861550.0,5.516633
2869242.0,5.510736
2876933.0,5.504875
2884625.0,5.499049
2892317.0,5.493256
2900009.0,5.487497
2907700.0,5.481773
2915392.0,5.476082
2923084.0,5.470424
2930776.0,5.464799
2938467.0,5.459207
2946159.0,5.453648
2953851.0,5.448121
2961543.0,5.442625
2969234.0,5.437163
2976926.0,5.431731
2984617.0,5.426331
2992309.0,5.420961
3000000.0,5.415623
3007813.0,5.407521
3015625.0,5.399467
3023438.0,5.391456
3031250.0,5.383494
3039063.0,5.375576
3046875.0,5.367705
3054688.0,5.359877
3062500.0,5.352094
3070313.0,5.344354
3078125.0,5.33666
3085938.0,5.329008
3093750.0,5.3214
3101563.0,5.313833
3109375.0,5.30631
3117188.0,5.298827
3125000.0,5.291388
3132813.0,5.28399
3140625.0,5.276632
3148438.0,5.269315
3156250.0,5.26204
3164063.0,5.254804
3171875.0,5.247609
3179688.0,5.240451
3187500.0,5.233335
3195313.0,5.226255
3203125.0,5.219216
3210938.0,5.212215
3218750.0,5.205252
3226563.0,5.198327
3234375.0,5.19144
3242188.0,5.184588
3250000.0,5.177775
3257813.0,5.170998
3265625.0,5.164258
3273438.0,5.157552
3281250.0,5.150885
3289063.0,5.144251
3296875.0,5.137653
3304688.0,5.131091
3312500.0,5.124563
3320313.0,5.11807
3328125.0,5.111612
3335938.0,5.105187
3343750.0,5.098796
3351563.0,5.092438
3359375.0,5.086115
3367188.0,5.079823
3375000.0,5.073565
3382813.0,5.067339
3390625.0,5.061147
3398438.0,5.054986
3406250.0,5.048857
3414063.0,5.042759
3421875.0,5.036694
3429688.0,5.030659
3437500.0,5.024656
3445313.0,5.018683
3453125.0,5.012742
3460938.0,5.006829
3468750.0,5.000948
3476563.0,4.995096
3484375.0,4.989275
3492188.0,4.983482
3500000.0,4.97772
3507813.0,4.971985
3515625.0,4.966281
3523438.0,4.960605
3531250.0,4.954957
3539063.0,4.949337
3546875.0,4.943747
3554688.0,4.938183
3562500.0,4.932648
3570313.0,4.92714
3578125.0,4.92166
3585938.0,4.916206
3593750.0,4.91078
3601563.0,4.90538
3609375.0,4.900008
3617188.0,4.894661
3625000.0,4.889342
3632813.0,4.884047
3640625.0,4.87878
3648438.0,4.873537
3656250.0,4.868321
3664063.0,4.86313
3671875.0,4.857965
3679688.0,4.852823
3687500.0,4.847708
3695313.0,4.842616
3703125.0,4.83755
3710938.0,4.832508
3718750.0,4.827491
3726563.0,4.822497
3734375.0,4.817528
3742188.0,4.812581
3750000.0,4.807659
3757813.0,4.80276
3765625.0,4.797885
3773438.0,4.793032
3781250.0,4.788203
3789063.0,4.783398
3796875.0,4.778614
3804688.0,4.773853
3812500.0,4.769115
3820313.0,4.764398
3828125.0,4.759705
3835938.0,4.755034
3843750.0,4.750384
3851563.0,4.745755
3859375.0,4.741148
3867188.0,4.736563
3875000.0,4.731999
3882813.0,4.727457
3890625.0,4.722936
3898438.0,4.718435
3906250.0,4.713956
3914063.0,4.709497
3921875.0,4.705058
3929688.0,4.70064
3937500.0,4.696243
3945313.0,4.691865
3953125.0,4.687508
3960938.0,4.68317
3968750.0,4.678853
3976563.0,4.674554
3984375.0,4.670276
3992188.0,4.666017
4000000.0,4.661778
4007813.0,4.657061
4015625.0,4.652364
4023438.0,4.647685
4031250.0,4.643025
4039063.0,4.638382
4046875.0,4.63376
4054688.0,4.629154
4062500.0,4.624567
4070313.0,4.619999
4078125.0,4.615448
4085938.0,4.610914
4093750.0,4.606399
4101563.0,4.601902
4109375.0,4.597422
4117188.0,4.59296
4125000.0,4.588515
4132813.0,4.584085
4140625.0,4.579675
4148438.0,4.575281
4156250.0,4.570905
4164063.0,4.566544
4171875.0,4.562201
4179688.0,4.557874
4187500.0,4.553563
4195313.0,4.549271
4203125.0,4.544993
4210938.0,4.540731
4218750.0,4.536487
4226563.0,4.532257
4234375.0,4.528044
4242188.0,4.523848
4250000.0,4.519667
4257813.0,4.5155
4265625.0,4.51135
4273438.0,4.507215
4281250.0,4.503096
4289063.0,4.498992
4296875.0,4.494903
4304688.0,4.490829
4312500.0,4.486771
4320313.0,4.482727
4328125.0,4.478699
4335938.0,4.474685
4343750.0,4.470687
4351563.0,4.466703
4359375.0,4.462733
4367188.0,4.458777
4375000.0,4.454836
4382813.0,4.450909
4390625.0,4.446997
4398438.0,4.443098
4406250.0,4.439215
4414063.0,4.435345
4421875.0,4.431489
4429688.0,4.427647
4437500.0,4.423818
4445313.0,4.420003
4453125.0,4.416203
4460938.0,4.412414
4468750.0,4.40864
4476563.0,4.404879
4484375.0,4.401132
4492188.0,4.397398
4500000.0,4.393677
4507813.0,4.389968
4515625.0,4.386274
4523438.0,4.382592
4531250.0,4.378924
4539063.0,4.375267
4546875.0,4.371624
4554688.0,4.367993
4562500.0,4.364376
4570313.0,4.36077
4578125.0,4.357178
4585938.0,4.353597
4593750.0,4.350029
4601563.0,4.346473
4609375.0,4.342929
4617188.0,4.339398
4625000.0,4.335879
4632813.0,4.332372
4640625.0,4.328877
4648438.0,4.325393
4656250.0,4.321922
4664063.0,4.318462
4671875.0,4.315015
4679688.0,4.311578
4687500.0,4.308154
4695313.0,4.30474
4703125.0,4.301339
4710938.0,4.297948
4718750.0,4.29457
4726563.0,4.291202
4734375.0,4.287847
4742188.0,4.284501
4750000.0,4.281167
4757813.0,4.277845
4765625.0,4.274533
4773438.0,4.271232
4781250.0,4.267943
4789063.0,4.264664
4796875.0,4.261395
4804688.0,4.258138
4812500.0,4.254892
4820313.0,4.251654
4828125.0,4.24843
4835938.0,4.245214
4843750.0,4.242011
4851563.0,4.238818
4859375.0,4.235633
4867188.0,4.232461
4875000.0,4.229298
4882813.0,4.226144
4890625.0,4.223001
4898438.0,4.21987
4906250.0,4.216747
4914063.0,4.213635
4921875.0,4.210533
4929688.0,4.20744
4937500.0,4.204358
4945313.0,4.201285
4953125.0,4.198223
4960938.0,4.19517
4968750.0,4.192127
4976563.0,4.189092
4984375.0,4.186069
4992188.0,4.183054
5000000.0,4.180049
5010845.0,4.177818
5021690.0,4.175595
5032535.0,4.173383
5043379.0,4.171179
5054224.0,4.168985
5065069.0,4.166799
5075914.0,4.164623
5086758.0,4.162456
5097603.0,4.160297
5108448.0,4.158148
5119293.0,4.156006
5130137.0,4.153875
5140982.0,4.151751
5151826.0,4.149637
5162671.0,4.147532
5173515.0,4.145434
5184360.0,4.143344
5195205.0,4.141264
5206050.0,4.139191
5216894.0,4.137127
5227739.0,4.135072
5238584.0,4.133024
5249429.0,4.130985
5260273.0,4.128954
5271118.0,4.126929
5281963.0,4.124915
5292808.0,4.122907
5303652.0,4.120909
5314497.0,4.118917
5325341.0,4.116933
5336186.0,4.114958
5347030.0,4.112989
5353174.0,4.111837
5359317.0,4.110687
5365460.0,4.10954
5371603.0,4.108395
5377746.0,4.107254
5383889.0,4.106113
5390032.0,4.104977
5396175.0,4.103842
5402319.0,4.10271
5408462.0,4.10158
5414605.0,4.100454
5420748.0,4.099329
5426891.0,4.098207
5433034.0,4.097088
5439177.0,4.095969
5445320.0,4.094856
5451464.0,4.093744
5457607.0,4.092633
5463750.0,4.091526
5469893.0,4.090422
5476036.0,4.08932
5482179.0,4.08822
5488322.0,4.087123
5494465.0,4.086028
5500609.0,4.084936
5506752.0,4.083847
5512895.0,4.08276
5519038.0,4.081674
5525181.0,4.080592
5531324.0,4.079513
5537467.0,4.078436
5543610.0,4.07736
5557873.0,4.074772
5572135.0,4.072198
5586397.0,4.069635
5600659.0,4.067084
5614922.0,4.064546
5629184.0,4.062019
5643446.0,4.059505
5657708.0,4.057002
5671971.0,4.054511
5686233.0,4.052032
5700495.0,4.049565
5714757.0,4.047109
5729019.0,4.044666
5743281.0,4.042233
5757543.0,4.039813
5771805.0,4.037403
5786068.0,4.035004
5800330.0,4.032617
5814592.0,4.030242
5828854.0,4.027876
5843117.0,4.025523
5857379.0,4.02318
5871641.0,4.020849
5885903.0,4.018529
5900166.0,4.016218
5914428.0,4.013919
5928690.0,4.011631
5942952.0,4.009353
5957214.0,4.007086
5971476.0,4.004831
5985738.0,4.002586
6000000.0,4.000351
6022110.0,4.001823
6044219.0,4.003304
6066329.0,4.004791
6088438.0,4.006286
6110548.0,4.007787
6132657.0,4.009295
6154766.0,4.01081
6176875.0,4.012331
6198985.0,4.01386
6221094.0,4.015392
6243204.0,4.016932
6265313.0,4.018479
6287423.0,4.02003
6309532.0,4.021588
6331641.0,4.02315
6353750.0,4.024719
6375860.0,4.026292
6397969.0,4.027871
6420079.0,4.029455
6442188.0,4.031045
6464298.0,4.032638
6486407.0,4.034236
6508516.0,4.035839
6530625.0,4.037447
6552735.0,4.039059
6574844.0,4.040676
6596954.0,4.042296
6619063.0,4.043921
6641173.0,4.04555
6663282.0,4.047184
6685391.0,4.04882
6707500.0,4.050461
6725782.0,4.051654
6744063.0,4.05285
6762344.0,4.054048
6780625.0,4.055248
6798907.0,4.05645
6817188.0,4.057654
6835469.0,4.058861
6853750.0,4.060069
6872032.0,4.06128
6890313.0,4.062493
6908594.0,4.063707
6926875.0,4.064924
6945157.0,4.066141
6963438.0,4.067362
6981719.0,4.068583
7000000.0,4.069807
7021115.0,4.073768
7042229.0,4.077735
7063343.0,4.08171
7084457.0,4.08569
7105571.0,4.089678
7126685.0,4.093673
7147799.0,4.097673
7168913.0,4.10168
7190027.0,4.105693
7211141.0,4.109712
7232255.0,4.113736
7253369.0,4.117765
7274483.0,4.1218
7295597.0,4.125841
7316711.0,4.129886
7337825.0,4.133938
7358940.0,4.137993
7380054.0,4.142054
7401168.0,4.146118
7422282.0,4.150188
7443396.0,4.154262
7464510.0,4.15834
7485624.0,4.162423
7506738.0,4.166509
7527852.0,4.1706
7548966.0,4.174693
7570080.0,4.178791
7591194.0,4.182893
7612308.0,4.186998
7633422.0,4.191107
7654536.0,4.195218
7675650.0,4.199334
7685786.0,4.201186
7695922.0,4.203036
7706058.0,4.204889
7716194.0,4.206742
7726330.0,4.208595
7736466.0,4.21045
7746602.0,4.212305
7756738.0,4.21416
7766874.0,4.216017
7777010.0,4.217873
7787146.0,4.21973
7797282.0,4.221587
7807418.0,4.223446
7817554.0,4.225305
7827690.0,4.227164
7837825.0,4.229024
7847961.0,4.230884
7858097.0,4.232745
7868233.0,4.234606
7878369.0,4.236467
7888505.0,4.23833
7898641.0,4.240193
7908777.0,4.242056
7918913.0,4.24392
7929049.0,4.245783
7939185.0,4.247649
7949321.0,4.249513
7959457.0,4.251378
7969593.0,4.253244
7979729.0,4.25511
7989865.0,4.256976
8000000.0,4.258843
8005821.0,4.259938
8011641.0,4.261034
8017461.0,4.26213
8023281.0,4.263228
8029101.0,4.264326
8034921.0,4.265425
8040741.0,4.266526
8046561.0,4.267626
8052382.0,4.268728
8058202.0,4.26983
8064022.0,4.270934
8069842.0,4.272037
8075662.0,4.273142
8081482.0,4.274247
8087302.0,4.275354
8093122.0,4.276461
8098943.0,4.277569
8104763.0,4.278678
8110583.0,4.279787
8116403.0,4.280897
8122223.0,4.282008
8128043.0,4.283119
8133863.0,4.284232
8139683.0,4.285345
8145503.0,4.286459
8151323.0,4.287573
8157143.0,4.288689
8162963.0,4.289805
8168783.0,4.290923
8174603.0,4.29204
8180423.0,4.293158
8186243.0,4.294277
8192064.0,4.295397
8197884.0,4.296517
8203704.0,4.297639
8209524.0,4.298761
8215344.0,4.299883
8221164.0,4.301006
8226984.0,4.302131
8232804.0,4.303255
8238624.0,4.30438
8244444.0,4.305506
8250264.0,4.306633
8256084.0,4.30776
8261904.0,4.308888
8267724.0,4.310017
8273544.0,4.311146
8279364.0,4.312276
8285185.0,4.313407
8291005.0,4.314539
8296825.0,4.315671
8302645.0,4.316804
8308465.0,4.317937
8314285.0,4.319071
8320105.0,4.320205
8325925.0,4.321341
8331745.0,4.322476
8337565.0,4.323614
8343385.0,4.324751
8349205.0,4.325888
8355025.0,4.327027
8360845.0,4.328166
8366665.0,4.329306
8372485.0,4.330445
8378306.0,4.331587
8384126.0,4.332728
8389946.0,4.33387
8395766.0,4.335013
8401586.0,4.336156
8407406.0,4.3373
8413226.0,4.338445
8419046.0,4.339591
8424867.0,4.340736
8430687.0,4.341883
8436507.0,4.343029
8442327.0,4.344177
8448147.0,4.345325
8453967.0,4.346473
8459787.0,4.347623
8465607.0,4.348772
8471428.0,4.349923
8477248.0,4.351074
8483068.0,4.352225
8488888.0,4.353377
8494708.0,4.35453
8500528.0,4.355683
8506348.0,4.356837
8512168.0,4.357991
8517988.0,4.359146
8523808.0,4.3603
8529628.0,4.361457
8535448.0,4.362614
8541268.0,4.363771
8547088.0,4.364928
8552908.0,4.366086
8558728.0,4.367244
8564549.0,4.368403
8570369.0,4.369563
8576189.0,4.370723
8582009.0,4.371884
8587829.0,4.373046
8593649.0,4.374206
8599469.0,4.375369
8605289.0,4.376532
8611109.0,4.377694
8616929.0,4.378858
8622749.0,4.380023
8628569.0,4.381188
8634389.0,4.382353
8640209.0,4.383518
8646029.0,4.384685
8651849.0,4.385852
8657670.0,4.387019
8663490.0,4.388187
8669310.0,4.389355
8675130.0,4.390523
8680950.0,4.391692
8686770.0,4.392862
8692590.0,4.394032
8698410.0,4.395202
8704230.0,4.396374
8710050.0,4.397545
8715870.0,4.398717
8721690.0,4.39989
8727510.0,4.401062
8733330.0,4.402235
8739150.0,4.403409
8744970.0,4.404584
8752940.0,4.406076
8760910.0,4.407569
8768880.0,4.409063
8776849.0,4.410557
8784819.0,4.412052
8792789.0,4.413549
8800759.0,4.415044
8808728.0,4.416542
8816698.0,4.41804
8824668.0,4.419539
8832638.0,4.421039
8840607.0,4.42254
8848577.0,4.42404
8856546.0,4.425542
8864516.0,4.427045
8872485.0,4.428548
8880455.0,4.430052
8888425.0,4.431556
8896395.0,4.433062
8904364.0,4.434567
8912334.0,4.436075
8920304.0,4.437582
8928274.0,4.43909
8936243.0,4.440599
8944213.0,4.442108
8952183.0,4.443618
8960153.0,4.44513
8968122.0,4.446641
8976092.0,4.448153
8984061.0,4.449665
8992031.0,4.451178
9000000.0,4.452693
9007607.0,4.453884
9015214.0,4.455078
9022821.0,4.456271
9030427.0,4.457465
9038034.0,4.458661
9045641.0,4.459858
9053248.0,4.461056
9060854.0,4.462254
9068461.0,4.463454
9076068.0,4.464656
9083675.0,4.465858
9091281.0,4.467061
9098888.0,4.468264
9106495.0,4.46947
9114102.0,4.470675
9121708.0,4.471883
9129315.0,4.47309
9136922.0,4.474299
9144529.0,4.475509
9152135.0,4.47672
9159742.0,4.477931
9167349.0,4.479144
9174956.0,4.480357
9182562.0,4.481571
9190169.0,4.482787
9197776.0,4.484003
9205383.0,4.485221
9212989.0,4.486439
9220596.0,4.487657
9228202.0,4.488877
9235809.0,4.490099
9243415.0,4.49132
9251022.0,4.492544
9258629.0,4.493767
9266236.0,4.494992
9273842.0,4.496216
9281449.0,4.497444
9289056.0,4.49867
9296663.0,4.499898
9304269.0,4.501128
9311876.0,4.502357
9319483.0,4.503587
9327090.0,4.504819
9334696.0,4.506051
9342303.0,4.507284
9349910.0,4.508519
9357517.0,4.509753
9365123.0,4.510989
9372730.0,4.512225
9380337.0,4.513462
9387944.0,4.514701
9395550.0,4.515941
9403157.0,4.51718
9410764.0,4.51842
9418371.0,4.519661
9425977.0,4.520904
9433584.0,4.522147
9441191.0,4.523391
9448798.0,4.524635
9456404.0,4.525881
9464011.0,4.527128
9471617.0,4.528374
9479224.0,4.529622
9486830.0,4.53087
9494849.0,4.53209
9502867.0,4.533311
9510886.0,4.534533
9518904.0,4.535755
9526923.0,4.536979
9534941.0,4.538203
9542959.0,4.539428
9550977.0,4.540654
9558996.0,4.54188
9567014.0,4.543108
9575032.0,4.544336
9583050.0,4.545564
9591069.0,4.546794
9599087.0,4.548025
9607105.0,4.549255
9615123.0,4.550488
9623142.0,4.551721
9631160.0,4.552954
9639178.0,4.554188
9647196.0,4.555422
9655215.0,4.556659
9663233.0,4.557894
9671251.0,4.55913
9679269.0,4.560369
9687288.0,4.561606
9695306.0,4.562846
9703324.0,4.564086
9711342.0,4.565326
9719361.0,4.566567
9727379.0,4.56781
9735397.0,4.569052
9743415.0,4.570294
9751434.0,4.57154
9759452.0,4.572783
9767471.0,4.57403
9775489.0,4.575274
9783508.0,4.576522
9791526.0,4.57777
9799544.0,4.579017
9807562.0,4.580266
9815581.0,4.581515
9823599.0,4.582765
9831617.0,4.584016
9839635.0,4.585267
9847654.0,4.586519
9855672.0,4.587771
9863690.0,4.589025
9871708.0,4.590278
9879727.0,4.591534
9887745.0,4.592789
9895763.0,4.594045
9903781.0,4.595301
9911800.0,4.596558
9919818.0,4.597816
9927836.0,4.599074
9935854.0,4.600333
9943873.0,4.601593
9951891.0,4.602852
9959909.0,4.604113
9967927.0,4.605374
9975946.0,4.606636
9983964.0,4.607899
9991982.0,4.609162
10000000.0,4.610426
10006540.0,4.611112
10013080.0,4.611803
10019620.0,4.612496
10026150.0,4.613191
10032690.0,4.61389
10039230.0,4.614594
10045770.0,4.6153
10052300.0,4.616008
10058840.0,4.61672
10065380.0,4.617436
10071920.0,4.618155
10078450.0,4.618875
10084990.0,4.619601
10091530.0,4.620329
10098070.0,4.621061
10104600.0,4.621795
10111140.0,4.622532
10117680.0,4.623273
10124220.0,4.624017
10130750.0,4.624764
10137290.0,4.625515
10143830.0,4.626269
10150370.0,4.627025
10156900.0,4.627784
10163440.0,4.628547
10169980.0,4.629313
10176520.0,4.630082
10183050.0,4.630854
10189590.0,4.631629
10196130.0,4.632407
10202670.0,4.633189
10209200.0,4.633974
10209250.0,4.63397
10215320.0,4.63457
10221380.0,4.635172
10227440.0,4.635776
10233500.0,4.63638
10239570.0,4.636988
10245630.0,4.637596
10251690.0,4.638205
10257750.0,4.638817
10263820.0,4.639429
10269880.0,4.640044
10275940.0,4.64066
10282000.0,4.641277
10288060.0,4.641897
10294120.0,4.642517
10300180.0,4.643139
10306240.0,4.643762
10312310.0,4.644389
10318370.0,4.645015
10324430.0,4.645644
10330490.0,4.646273
10336560.0,4.646906
10342620.0,4.647539
10348680.0,4.648174
10354740.0,4.648809
10360810.0,4.649448
10366870.0,4.650087
10372930.0,4.650727
10378990.0,4.65137
10385050.0,4.652014
10391110.0,4.652658
10397170.0,4.653306
10403230.0,4.653953
10409300.0,4.654604
10415360.0,4.655257
10421420.0,4.655908
10427480.0,4.656562
10433550.0,4.657219
10439610.0,4.657877
10445670.0,4.658536
10451730.0,4.659195
10457800.0,4.659858
10463860.0,4.660521
10469920.0,4.661187
10475980.0,4.661852
10482040.0,4.66252
10488100.0,4.663189
10494160.0,4.663859
10500220.0,4.664531
10506290.0,4.665207
10512350.0,4.665882
10518410.0,4.666558
10524470.0,4.667236
10530530.0,4.667915
10536590.0,4.668596
10542650.0,4.669278
10548710.0,4.669961
10554780.0,4.670648
10560840.0,4.671335
10566900.0,4.672023
10572960.0,4.672713
10579020.0,4.673403
10585080.0,4.674096
10591140.0,4.67479
10597200.0,4.675485
10603500.0,4.676132
10609790.0,4.676781
10616090.0,4.677432
10622380.0,4.678082
10628680.0,4.678737
10634970.0,4.679391
10641260.0,4.680046
10647550.0,4.680704
10653850.0,4.681364
10660140.0,4.682024
10666440.0,4.682687
10672730.0,4.683349
10679030.0,4.684015
10685320.0,4.684681
10691610.0,4.685348
10697900.0,4.686017
10704200.0,4.686689
10710490.0,4.687361
10716790.0,4.688035
10723080.0,4.68871
10729380.0,4.689387
10735670.0,4.690064
10741960.0,4.690744
10748250.0,4.691424
10754550.0,4.692107
10760840.0,4.692791
10767140.0,4.693477
10773430.0,4.694163
10779730.0,4.694852
10786020.0,4.695541
10792310.0,4.696231
10798600.0,4.696924
10804900.0,4.697618
10811190.0,4.698312
10817490.0,4.69901
10823780.0,4.699707
10830080.0,4.700408
10836370.0,4.701107
10842660.0,4.70181
10848950.0,4.702514
10855250.0,4.703219
10861540.0,4.703926
10867840.0,4.704633
10874130.0,4.705342
10880430.0,4.706054
10886720.0,4.706766
10893010.0,4.707478
10899300.0,4.708192
10905600.0,4.70891
10911890.0,4.709626
10918190.0,4.710347
10924480.0,4.711066
10930780.0,4.711788
10937070.0,4.712511
10943360.0,4.713235
10949650.0,4.71396
10955950.0,4.714688
10962240.0,4.715416
10968540.0,4.716147
10974830.0,4.716877
10981130.0,4.717611
10987420.0,4.718345
10993710.0,4.71908
11000000.0,4.719816
11007650.0,4.720451
11015290.0,4.721086
11022930.0,4.721726
11030570.0,4.722366
11038220.0,4.72301
11045860.0,4.723657
11053500.0,4.724306
11061140.0,4.724957
11068790.0,4.725613
11076430.0,4.726268
11084070.0,4.726927
11091710.0,4.727588
11099360.0,4.728252
11107000.0,4.728918
11114640.0,4.729588
11122280.0,4.730257
11129930.0,4.730932
11137570.0,4.731608
11145210.0,4.732287
11152850.0,4.732968
11160500.0,4.733652
11168140.0,4.734338
11175780.0,4.735025
11183420.0,4.735716
11191070.0,4.736411
11198710.0,4.737105
11206350.0,4.737804
11213990.0,4.738504
11221630.0,4.739206
11229270.0,4.739912
11236910.0,4.740619
11244550.0,4.741329
11252200.0,4.742042
11259840.0,4.742757
11267480.0,4.743474
11275120.0,4.744194
11282770.0,4.744917
11290410.0,4.74564
11298050.0,4.746368
11305690.0,4.747096
11313340.0,4.747829
11320980.0,4.748562
11328620.0,4.749297
11336260.0,4.750036
11343910.0,4.750778
11351550.0,4.751521
11359190.0,4.752267
11366830.0,4.753014
11374480.0,4.753766
11382120.0,4.754517
11389760.0,4.755272
11397400.0,4.75603
11405050.0,4.75679
11412690.0,4.757552
11420330.0,4.758317
11427970.0,4.759083
11435620.0,4.759852
11443260.0,4.760623
11450900.0,4.761396
11458540.0,4.762173
11466180.0,4.76295
11473820.0,4.763729
11481460.0,4.764513
11489100.0,4.765297
11497090.0,4.766106
11505070.0,4.766918
11513060.0,4.767732
11521040.0,4.768548
11529030.0,4.769368
11537010.0,4.770188
11544990.0,4.771011
11552970.0,4.771838
11560960.0,4.772666
11568940.0,4.773497
11576920.0,4.77433
11584900.0,4.775166
11592890.0,4.776006
11600870.0,4.776846
11608850.0,4.777688
11616830.0,4.778535
11624820.0,4.779384
11632800.0,4.780234
11640780.0,4.781086
11648760.0,4.781941
11656750.0,4.782801
11664730.0,4.78366
11672710.0,4.784522
11680690.0,4.785387
11688680.0,4.786257
11696660.0,4.787126
11704640.0,4.787998
11712620.0,4.788872
11720610.0,4.78975
11728590.0,4.79063
11736570.0,4.791512
11744550.0,4.792396
11752540.0,4.793283
11760520.0,4.794171
11768510.0,4.795064
11776490.0,4.795958
11784480.0,4.796855
11792460.0,4.797754
11800440.0,4.798654
11808420.0,4.799557
11816410.0,4.800464
11824390.0,4.801371
11832370.0,4.802281
11840350.0,4.803194
11848340.0,4.804109
11856320.0,4.805027
11864300.0,4.805947
11872280.0,4.806868
11880270.0,4.807794
11888250.0,4.80872
11896230.0,4.809649
11904210.0,4.81058
11912200.0,4.811514
11920180.0,4.812449
11928160.0,4.813388
11936140.0,4.814329
11944130.0,4.815271
11952110.0,4.816217
11960090.0,4.817164
11968070.0,4.818114
11976060.0,4.819067
11984040.0,4.820021
11992020.0,4.820978
12000000.0,4.821936
12007660.0,4.822423
12015320.0,4.822913
12022980.0,4.823405
12030630.0,4.823898
12038290.0,4.824394
12045940.0,4.824891
12053600.0,4.825391
12061250.0,4.825892
12068910.0,4.826397
12076570.0,4.826902
12084230.0,4.82741
12091880.0,4.82792
12099540.0,4.828432
12107190.0,4.828945
12114850.0,4.829461
12122500.0,4.829978
12130160.0,4.830498
12137820.0,4.83102
12145480.0,4.831545
12153130.0,4.832069
12160790.0,4.832597
12168440.0,4.833127
12176100.0,4.833659
12183750.0,4.834191
12191410.0,4.834728
12199070.0,4.835265
12206730.0,4.835806
12214380.0,4.836346
12222040.0,4.836891
12229690.0,4.837436
12237350.0,4.837983
12245000.0,4.838532
12252660.0,4.839084
12260320.0,4.839637
12267980.0,4.840193
12275630.0,4.840749
12283290.0,4.841309
12290940.0,4.841869
12298600.0,4.842433
12306250.0,4.842997
12313910.0,4.843564
12321570.0,4.844134
12329230.0,4.844704
12336880.0,4.845277
12344540.0,4.845852
12352190.0,4.846428
12359850.0,4.847006
12367500.0,4.847586
12375160.0,4.848168
12382820.0,4.848753
12390480.0,4.849339
12398130.0,4.849927
12405790.0,4.850517
12413440.0,4.851108
12421100.0,4.851703
12428750.0,4.852298
12436410.0,4.852896
12444070.0,4.853495
12451730.0,4.854096
12459380.0,4.854699
12467040.0,4.855305
12474690.0,4.855912
12482350.0,4.85652
12490000.0,4.857131
12497970.0,4.857758
12505940.0,4.858385
12513910.0,4.859017
12521880.0,4.859649
12529850.0,4.860284
12537820.0,4.860921
12545790.0,4.861559
12553750.0,4.862199
12561720.0,4.862841
12569690.0,4.863486
12577660.0,4.864134
12585630.0,4.864782
12593600.0,4.865433
12601570.0,4.866086
12609540.0,4.86674
12617500.0,4.867396
12625470.0,4.868055
12633440.0,4.868716
12641410.0,4.869379
12649380.0,4.870044
12657350.0,4.870711
12665320.0,4.871379
12673290.0,4.87205
12681250.0,4.872722
12689220.0,4.873397
12697190.0,4.874074
12705160.0,4.874752
12713130.0,4.875433
12721100.0,4.876116
12729070.0,4.876801
12737040.0,4.877487
12745000.0,4.878175
12752970.0,4.878866
12760940.0,4.879558
12768910.0,4.880253
12776880.0,4.88095
12784850.0,4.881649
12792820.0,4.882349
12800790.0,4.883052
12808750.0,4.883755
12816720.0,4.884462
12824690.0,4.885171
12832660.0,4.885882
12840630.0,4.886594
12848600.0,4.887309
12856570.0,4.888026
12864540.0,4.888744
12872500.0,4.889464
12880470.0,4.890187
12888440.0,4.890911
12896410.0,4.891639
12904380.0,4.892367
12912350.0,4.893098
12920320.0,4.893832
12928290.0,4.894566
12936250.0,4.895302
12944220.0,4.896041
12952190.0,4.896783
12960160.0,4.897526
12968130.0,4.898271
12976100.0,4.899018
12984070.0,4.899768
12992040.0,4.90052
13000000.0,4.901273
13007670.0,4.901775
13015340.0,4.902279
13023010.0,4.902782
13030670.0,4.903286
13038340.0,4.903794
13046010.0,4.904302
13053680.0,4.904812
13061340.0,4.905321
13069010.0,4.905832
13076680.0,4.906345
13084350.0,4.906858
13092010.0,4.907373
13099680.0,4.90789
13107350.0,4.908407
13115020.0,4.908927
13122680.0,4.909446
13130350.0,4.909967
13138020.0,4.910489
13145690.0,4.911013
13153350.0,4.911537
13161020.0,4.912063
13168690.0,4.91259
13176360.0,4.913119
13184020.0,4.913647
13191690.0,4.914178
13199360.0,4.914711
13207030.0,4.915244
13214690.0,4.915778
13222360.0,4.916313
13230020.0,4.916849
13237690.0,4.917387
13245350.0,4.917926
13253020.0,4.918466
13260690.0,4.919008
13268360.0,4.91955
13276020.0,4.920093
13283690.0,4.920639
13291360.0,4.921185
13299030.0,4.921733
13306690.0,4.922281
13314360.0,4.922831
13322030.0,4.923382
13329700.0,4.923934
13337360.0,4.924487
13345030.0,4.925042
13352700.0,4.925598
13360370.0,4.926155
13368030.0,4.926713
13375700.0,4.927273
13383370.0,4.927833
13391040.0,4.928394
13398700.0,4.928956
13406370.0,4.929522
13414040.0,4.930087
13421710.0,4.930654
13429370.0,4.931221
13437040.0,4.931789
13444710.0,4.932359
13452380.0,4.932932
13460040.0,4.933503
13467710.0,4.934077
13475370.0,4.934651
13483040.0,4.935228
13490700.0,4.935804
13498660.0,4.93639
13506620.0,4.936976
13514580.0,4.937564
13522540.0,4.938153
13530500.0,4.938742
13538460.0,4.939334
13546420.0,4.939927
13554370.0,4.94052
13562330.0,4.941115
13570290.0,4.941713
13578250.0,4.94231
13586200.0,4.942908
13594160.0,4.943509
13602120.0,4.944111
13610080.0,4.944715
13618030.0,4.945318
13625990.0,4.945924
13633950.0,4.946531
13641910.0,4.947139
13649860.0,4.947748
13657820.0,4.948359
13665780.0,4.948971
13673740.0,4.949586
13681690.0,4.9502
13689650.0,4.950816
13697610.0,4.951434
13705570.0,4.952053
13713520.0,4.952672
13721480.0,4.953293
13729440.0,4.953917
13737400.0,4.954541
13745350.0,4.955165
13753310.0,4.955792
13761270.0,4.956421
13769230.0,4.95705
13777190.0,4.957682
13785150.0,4.958312
13793110.0,4.958947
13801070.0,4.959582
13809020.0,4.960216
13816980.0,4.960854
13824940.0,4.961493
13832900.0,4.962134
13840850.0,4.962774
13848810.0,4.963418
13856770.0,4.964063
13864730.0,4.964709
13872680.0,4.965355
13880640.0,4.966003
13888600.0,4.966654
13896560.0,4.967306
13904510.0,4.967956
13912470.0,4.968611
13920430.0,4.969267
13928390.0,4.969924
13936340.0,4.970581
13944300.0,4.971241
13952260.0,4.971903
13960220.0,4.972566
13968170.0,4.973228
13976130.0,4.973894
13984090.0,4.974561
13992050.0,4.97523
14000000.0,4.975899
14015360.0,4.97707
14030720.0,4.978244
14046080.0,4.979422
14061430.0,4.980602
14076790.0,4.981785
14092140.0,4.98297
14107500.0,4.984158
14122850.0,4.985349
14138210.0,4.986545
14153570.0,4.987742
14168930.0,4.988942
14184280.0,4.990146
14199640.0,4.991352
14214990.0,4.992562
14230350.0,4.993774
14245700.0,4.994988
14261060.0,4.996207
14276420.0,4.997428
14291780.0,4.998653
14307130.0,4.99988
14322490.0,5.00111
14337840.0,5.002343
14353200.0,5.003579
14368550.0,5.004818
14383910.0,5.00606
14399270.0,5.007306
14414630.0,5.008554
14429980.0,5.009806
14445340.0,5.01106
14460690.0,5.012317
14476050.0,5.013577
14491400.0,5.01484
14500000.0,5.015555
14529990.0,5.017801
14559970.0,5.020052
14589950.0,5.022315
14619930.0,5.024588
14649910.0,5.026871
14679890.0,5.029162
14709870.0,5.031463
14739850.0,5.033774
14769840.0,5.036096
14799820.0,5.038426
14829800.0,5.040768
14859780.0,5.043118
14889760.0,5.045479
14919740.0,5.047849
14949720.0,5.050229
14979700.0,5.05262
15000000.0,5.054167
15015630.0,5.055036
15031250.0,5.055906
15046880.0,5.05678
15062500.0,5.057654
15078130.0,5.058531
15093750.0,5.059409
15109380.0,5.060291
15125000.0,5.061174
15140630.0,5.06206
15156250.0,5.062946
15171880.0,5.063837
15187500.0,5.064728
15203130.0,5.065622
15218750.0,5.066517
15234380.0,5.067417
15250000.0,5.068317
15265630.0,5.069219
15281250.0,5.070125
15296880.0,5.07103
15312500.0,5.07194
15328130.0,5.07285
15343750.0,5.073763
15359380.0,5.074678
15375000.0,5.075596
15390630.0,5.076516
15406250.0,5.077437
15421880.0,5.078362
15437500.0,5.079288
15453130.0,5.080217
15468750.0,5.081146
15484380.0,5.08208
15500000.0,5.083014
15515630.0,5.083951
15531250.0,5.08489
15546880.0,5.085833
15562500.0,5.086775
15578130.0,5.087722
15593750.0,5.08867
15609380.0,5.089621
15625000.0,5.090573
15640630.0,5.091528
15656250.0,5.092484
15671880.0,5.093445
15687500.0,5.094406
15703130.0,5.09537
15718750.0,5.096336
15734380.0,5.097305
15750000.0,5.098276
15765630.0,5.099249
15781250.0,5.100224
15796880.0,5.101202
15812500.0,5.102182
15828130.0,5.103164
15843750.0,5.104149
15859380.0,5.105136
15875000.0,5.106125
15890630.0,5.107117
15906250.0,5.108111
15921880.0,5.109108
15937500.0,5.110106
15953130.0,5.111108
15968750.0,5.112111
15984380.0,5.113117
16000000.0,5.114125
16017000.0,5.113406
16033990.0,5.112689
16050990.0,5.111976
16067980.0,5.111268
16084980.0,5.110563
16101970.0,5.109862
16118960.0,5.109165
16135950.0,5.108472
16152950.0,5.107783
16169940.0,5.107096
16186940.0,5.106415
16203930.0,5.105737
16220930.0,5.105062
16237920.0,5.104392
16254910.0,5.103725
16271900.0,5.103063
16294660.0,5.102101
16317410.0,5.101143
16340170.0,5.100188
16362920.0,5.09924
16385680.0,5.098294
16408430.0,5.097355
16431180.0,5.096418
16453930.0,5.095486
16476690.0,5.094559
16499440.0,5.093635
16522190.0,5.092716
16544940.0,5.091802
16567700.0,5.090892
16590450.0,5.089987
16613200.0,5.089084
16635950.0,5.088188
16658710.0,5.087296
16681460.0,5.086408
16704220.0,5.085524
16726970.0,5.084645
16749730.0,5.083771
16772480.0,5.082901
16795230.0,5.082034
16817980.0,5.081174
16840740.0,5.080317
16863490.0,5.079464
16886240.0,5.078617
16908990.0,5.077773
16931750.0,5.076934
16954500.0,5.0761
16977250.0,5.07527
17000000.0,5.074446
17031250.0,5.073187
17062500.0,5.071934
17093750.0,5.070687
17125000.0,5.069446
17156250.0,5.068211
17187500.0,5.066983
17218750.0,5.065761
17250000.0,5.064546
17281250.0,5.063336
17312500.0,5.062133
17343750.0,5.060936
17375000.0,5.059746
17406250.0,5.058562
17437500.0,5.057384
17468750.0,5.056213
17500000.0,5.055049
17531250.0,5.05389
17562500.0,5.052739
17593750.0,5.051594
17625000.0,5.050455
17656250.0,5.049323
17687500.0,5.048199
17718750.0,5.047079
17750000.0,5.045968
17781250.0,5.044861
17812500.0,5.043762
17843750.0,5.042671
17875000.0,5.041587
17906250.0,5.040508
17937500.0,5.039436
17968750.0,5.038372
18000000.0,5.037315
18007300.0,5.036117
18007330.0,5.03611
18038360.0,5.031094
18069380.0,5.02609
18100400.0,5.021098
18131420.0,5.016118
18162440.0,5.011147
18193460.0,5.006189
18224480.0,5.001241
18255500.0,4.996304
18286530.0,4.991378
18317550.0,4.986463
18348570.0,4.981559
18379590.0,4.976667
18410610.0,4.971785
18441630.0,4.966917
18472650.0,4.962057
18503670.0,4.957208
18534700.0,4.952369
18565720.0,4.947543
18596740.0,4.942727
18627760.0,4.937923
18658780.0,4.933129
18689800.0,4.928346
18720820.0,4.923575
18751840.0,4.918814
18782860.0,4.914065
18813880.0,4.909325
18844900.0,4.904597
18875920.0,4.89988
18906940.0,4.895174
18937960.0,4.890479
18968980.0,4.885794
19000000.0,4.88112
19062500.0,4.871983
19125000.0,4.862867
19187500.0,4.853772
19250000.0,4.844699
19312500.0,4.835644
19375000.0,4.82661
19437500.0,4.817597
19500000.0,4.808606
19562500.0,4.799635
19625000.0,4.790684
19687500.0,4.781755
19750000.0,4.772845
19812500.0,4.763958
19875000.0,4.755091
19937500.0,4.746246
20000000.0,4.737423
