1e-05,657.4
1.03125e-05,647.4162
1.0625e-05,637.8761
1.09375e-05,628.7479
1.125e-05,620.0027
1.15625e-05,611.6144
1.1875e-05,603.5596
1.21875e-05,595.8165
1.25e-05,588.3656
1.28125e-05,581.1891
1.3125e-05,574.2704
1.34375e-05,567.5944
1.375e-05,561.1474
1.4375e-05,548.8899
1.5e-05,537.4066
1.5625e-05,526.6195
1.625e-05,516.4608
1.6875e-05,506.8719
1.75e-05,497.8013
1.8125e-05,489.2041
1.875e-05,481.0404
1.9375e-05,473.2749
2e-05,465.8764
2.09375e-05,455.4061
2.1875e-05,445.6163
2.28125e-05,436.4364
2.375e-05,427.8055
2.46875e-05,419.6711
2.5625e-05,411.9872
2.65625e-05,404.7138
2.75e-05,397.8156
2.84375e-05,391.2614
2.9375e-05,385.0235
3.03125e-05,379.0773
3.125e-05,373.4007
3.21875e-05,367.974
3.3125e-05,362.7793
3.40625e-05,357.8006
3.5e-05,353.0233
3.59375e-05,348.4341
3.6875e-05,344.0211
3.78125e-05,339.7733
3.875e-05,335.6805
3.96875e-05,331.7337
4.0625e-05,327.9242
4.25e-05,320.687
4.4375e-05,313.9136
4.625e-05,307.5563
4.8125e-05,301.5742
5e-05,295.9319
5.15625e-05,291.467
5.3125e-05,287.2006
5.46875e-05,283.1183
5.625e-05,279.2074
5.78125e-05,275.4561
5.9375e-05,271.8538
6.09375e-05,268.391
6.25e-05,265.0589
6.40625e-05,261.8495
6.5625e-05,258.7553
6.71875e-05,255.7698
6.875e-05,252.8866
7.1875e-05,247.4049
7.5e-05,242.2694
7.8125e-05,237.4453
8.125e-05,232.9022
8.4375e-05,228.6139
8.75e-05,224.5575
9.0625e-05,220.7127
9.375e-05,217.0618
9.6875e-05,213.589
0.0001,210.2803
0.000103125,207.1231
0.00010625,204.1063
0.000109375,201.2197
0.0001125,198.4542
0.000115625,195.8017
0.00011875,193.2545
0.000121875,190.8059
0.000125,188.4498
0.000128125,186.1804
0.00013125,183.9925
0.000134375,181.8814
0.0001375,179.8427
0.00014375,175.9665
0.00015,172.3352
0.00015625,168.924
0.0001625,165.7116
0.00016875,162.6793
0.000175,159.811
0.00018125,157.0923
0.0001875,154.5107
0.00019375,152.0551
0.0002,149.7155
0.000209375,146.4045
0.00021875,143.3087
0.000228125,140.4058
0.0002375,137.6765
0.000246875,135.1042
0.00025625,132.6743
0.000265625,130.3743
0.000275,128.1929
0.000284375,126.1203
0.00029375,124.1477
0.000303125,122.2674
0.0003125,120.4723
0.000321875,118.7562
0.00033125,117.1135
0.000340625,115.5391
0.00035,114.0284
0.000359375,112.5772
0.00036875,111.1817
0.000378125,109.8384
0.0003875,108.5442
0.000396875,107.2961
0.00040625,106.0914
0.000425,103.8028
0.00044375,101.6609
0.0004625,99.65053
0.00048125,97.75885
0.0005,95.9746
0.000515625,94.56269
0.00053125,93.21353
0.000546875,91.92262
0.0005625,90.68587
0.000578125,89.49961
0.00059375,88.36048
0.000609375,87.26546
0.000625,86.21176
0.000640625,85.19685
0.00065625,84.2184
0.000671875,83.27429
0.0006875,82.36255
0.00071875,80.62909
0.00075,79.00513
0.00078125,77.47961
0.0008125,76.04297
0.00084375,74.6869
0.000875,73.40414
0.00090625,72.18832
0.0009375,71.03381
0.00096875,69.93562
0.001,68.88932
0.00103125,67.89094
0.0010625,66.93695
0.00109375,66.02413
0.001125,65.14962
0.00115625,64.31081
0.0011875,63.50533
0.00121875,62.73103
0.00125,61.98595
0.00128125,61.2683
0.0013125,60.57644
0.00134375,59.90885
0.001375,59.26416
0.0014375,58.03842
0.0015,56.8901
0.0015625,55.8114
0.001625,54.79554
0.0016875,53.83666
0.00175,52.92961
0.0018125,52.0699
0.001875,51.25354
0.0019375,50.477
0.002,49.73716
0.00209375,48.69014
0.0021875,47.71117
0.00228125,46.79319
0.002375,45.93011
0.00246875,45.11667
0.0025625,44.34829
0.00265625,43.62096
0.00275,42.93115
0.00284375,42.27574
0.0029375,41.65196
0.00303125,41.05734
0.003125,40.48969
0.00321875,39.94702
0.0033125,39.42756
0.00340625,38.92969
0.0035,38.45196
0.00359375,37.99305
0.0036875,37.55175
0.00378125,37.12697
0.003875,36.7177
0.00396875,36.32302
0.0040625,35.94208
0.00425,35.21837
0.0044375,34.54103
0.004625,33.90531
0.0048125,33.30711
0.005,32.74288
0.00515625,32.2964
0.0053125,31.86976
0.00546875,31.46154
0.005625,31.07045
0.00578125,30.69532
0.0059375,30.3351
0.00609375,29.98883
0.00625,29.65562
0.00640625,29.33468
0.0065625,29.02527
0.00671875,28.72671
0.006875,28.4384
0.0071875,27.89023
0.0075,27.37669
0.0078125,26.89428
0.008125,26.43998
0.0084375,26.01116
0.00875,25.60551
0.0090625,25.22104
0.009375,24.85595
0.0096875,24.50868
0.01,24.17781
0.0103125,23.8621
0.010625,23.56042
0.0109375,23.27176
0.01125,22.99522
0.0115625,22.72997
0.011875,22.47525
0.0121875,22.2304
0.0125,21.99479
0.0128125,21.76785
0.013125,21.54906
0.0134375,21.33795
0.01375,21.13408
0.014375,20.74647
0.015,20.38335
0.015625,20.04223
0.01625,19.72099
0.016875,19.41777
0.0175,19.13093
0.018125,18.85907
0.01875,18.60092
0.019375,18.35535
0.02,18.1214
0.0206625,17.88508
0.021325,17.65987
0.0219875,17.44491
0.02265,17.23946
0.0233125,17.04283
0.023975,16.8544
0.0246375,16.67363
0.0253,16.5
0.02607188,16.30612
0.02684375,16.12067
0.02761563,15.94304
0.0283875,15.77271
0.02915938,15.60919
0.02993125,15.45203
0.03070313,15.30084
0.031475,15.15525
0.03224688,15.01491
0.03301875,14.87953
0.0345625,14.62249
0.03610625,14.38213
0.03765,14.1567
0.03919375,13.94472
0.0407375,13.74491
0.04228125,13.55615
0.043825,13.37745
0.04536875,13.20795
0.0469125,13.04688
0.04845625,12.89358
0.05,12.74743
0.0515625,12.60625
0.053125,12.47133
0.0546875,12.34224
0.05625,12.21857
0.0578125,12.09995
0.059375,11.98604
0.0609375,11.87654
0.0625,11.77117
0.0640625,11.66968
0.065625,11.57184
0.0671875,11.47743
0.06875,11.38626
0.071875,11.21292
0.075,11.05052
0.078125,10.89798
0.08125,10.75431
0.084375,10.61871
0.0875,10.49044
0.090625,10.36886
0.09375,10.25341
0.096875,10.14359
0.1,10.03896
0.103125,9.939126
0.10625,9.843728
0.109375,9.752448
0.1125,9.664999
0.115625,9.581119
0.11875,9.500572
0.121875,9.423143
0.125,9.348637
0.128125,9.276873
0.13125,9.207687
0.134375,9.14093
0.1375,9.076461
0.14375,8.953888
0.15,8.839059
0.15625,8.73119
0.1625,8.629605
0.16875,8.533718
0.175,8.443015
0.18125,8.357044
0.1875,8.275409
0.19375,8.197756
0.2,8.123772
0.209375,8.019071
0.21875,7.921175
0.228125,7.829378
0.2375,7.743071
0.246875,7.661728
0.25625,7.584891
0.265625,7.512158
0.275,7.443177
0.284375,7.377636
0.29375,7.315258
0.303125,7.255797
0.3125,7.199032
0.321875,7.144766
0.33125,7.092819
0.340625,7.043033
0.35,6.99526
0.359375,6.949369
0.36875,6.90524
0.378125,6.862762
0.3875,6.821835
0.396875,6.782367
0.40625,6.744273
0.425,6.671902
0.44375,6.604168
0.4625,6.540596
0.48125,6.480776
0.5,6.424354
0.53125,6.337041
0.5625,6.25711
0.59375,6.183575
0.625,6.115626
0.65625,6.052591
0.6875,5.993904
0.71875,5.939087
0.75,5.887733
0.78125,5.839492
0.8125,5.794061
0.84375,5.751179
0.875,5.710614
0.9375,5.635658
1.0,5.567843
1.0625,5.506103
1.125,5.449583
1.1875,5.397585
1.25,5.349538
1.3125,5.304965
1.375,5.263467
1.4375,5.224705
1.5,5.188392
1.5625,5.154281
1.625,5.122156
1.6875,5.091833
1.75,5.06315
1.875,5.010147
2.0,4.962194
2.09375,4.929084
2.1875,4.898126
2.28125,4.869097
2.375,4.841804
2.46875,4.81608
2.5625,4.791782
2.65625,4.768781
2.75,4.746967
2.9375,4.706515
3.125,4.66976
3.3125,4.636172
3.5,4.60532
3.6875,4.576853
3.875,4.550478
4.0625,4.52595
4.25,4.503064
4.4375,4.481644
4.625,4.46154
4.8125,4.442623
5.0,4.42478
5.3125,4.397169
5.625,4.371892
5.9375,4.348638
6.25,4.32715
6.5625,4.307216
6.875,4.288658
7.1875,4.271323
7.5,4.255083
7.8125,4.239827
8.125,4.22546
8.4375,4.2119
8.75,4.199072
9.375,4.175368
10.0,4.153922
10.625,4.134398
11.25,4.116525
11.875,4.100081
12.5,4.084887
13.125,4.070792
13.75,4.057668
14.375,4.045411
15.0,4.033927
15.625,4.02314
16.25,4.012981
16.875,4.003392
17.5,3.994321
18.75,3.97756
20.0,3.962396
21.125,3.949915
22.25,3.938394
23.375,3.927714
24.5,3.917779
25.625,3.908505
26.75,3.899823
27.875,3.891672
28.99999,3.884
29.00001,126.7463
30.0,124.6735
31.25,122.2157
32.5,119.9066
35.0,115.679
37.5,111.866
40.0,108.4289
42.5,105.2808
45.0,102.4079
47.5,99.77239
50.0,97.34332
52.5,95.073
55.0,92.96412
57.5,90.99846
60.0,89.16052
63.0,87.08869
66.0,85.16377
69.0,83.3692
72.0,81.6909
75.25,79.97843
78.5,78.37612
81.75,76.87264
85.0,75.45824
88.75,73.91722
92.5,72.47297
96.25,71.11576
100.0,69.83716
106.25,67.84902
112.5,66.03315
118.75,64.36601
125.0,62.82831
131.25,61.39432
137.5,60.06139
143.75,58.81818
150.0,57.65501
160.0,55.93257
170.0,54.36719
177.5,53.27853
185.0,52.25787
192.5,51.29841
200.0,50.39422
212.5,48.99054
225.0,47.707
237.5,46.52729
250.0,45.43806
262.5,44.42547
275.0,43.4833
287.5,42.60371
300.0,41.78001
312.5,41.00561
325.0,40.27651
337.5,39.58844
350.0,38.93763
375.0,37.73489
400.0,36.64675
425.0,35.6571
450.0,34.75082
475.0,33.91674
500.0,33.14565
525.0,32.43177
550.0,31.76669
575.0,31.14505
600.0,30.56225
630.0,29.91078
660.0,29.30362
690.0,28.73591
720.0,28.20352
760.0,27.54504
800.0,26.93566
850.0,26.23854
900.0,25.59901
950.0,25.00946
1000.0,24.46358
1062.5,23.84054
1125.0,23.2686
1187.5,22.74103
1250.0,22.25229
1312.5,21.80276
1375.0,21.38312
1437.5,20.99011
1500.0,20.62098
1600.0,20.07992
1700.0,19.58528
1775.0,19.24451
1850.0,18.92368
1925.0,18.62088
2000.0,18.33444
2125.0,17.8965
2250.0,17.49357
2375.0,17.12115
2500.0,16.77546
2625.0,16.45953
2750.0,16.16405
2875.0,15.88684
3000.0,15.62605
3250.0,15.15613
3500.0,14.73407
3750.0,14.3584
4000.0,14.01591
4250.0,13.70871
4500.0,13.42542
4750.0,13.163
5000.0,12.91891
5250.0,12.69753
5500.0,12.49007
6000.0,12.11134
6500.0,11.78172
7000.0,11.48477
7500.0,11.22166
8000.0,10.98115
8500.0,10.76666
9000.0,10.56839
9500.0,10.38429
10000.0,10.21269
10625.0,10.02182
11250.0,9.845251
11875.0,9.681205
12500.0,9.528197
13125.0,9.390718
13750.0,9.261568
14375.0,9.139894
15000.0,9.024963
16000.0,8.859063
17000.0,8.706131
18500.0,8.504025
20000.0,8.322058
21250.0,8.189518
22500.0,8.066606
23750.0,7.952139
25000.0,7.845135
26250.0,7.749661
27500.0,7.659783
28750.0,7.574938
30000.0,7.494641
32500.0,7.352283
35000.0,7.223055
37500.0,7.109278
40000.0,7.00458
42500.0,6.912224
45000.0,6.82634
47500.0,6.74615
50000.0,6.671002
50371.0,6.660805
50521.46,6.656765
50671.91,6.652741
50972.82,6.644737
51574.63,6.628903
52176.44,6.613294
52778.25,6.597905
53380.07,6.582729
53981.88,6.567762
55185.5,6.538434
56389.13,6.509881
57592.75,6.482067
58796.38,6.454957
60000.0,6.42852
61250.0,6.402905
62500.0,6.377917
65000.0,6.329713
67500.0,6.283708
70000.0,6.239727
72500.0,6.199147
75000.0,6.160223
77500.0,6.122837
80000.0,6.08688
82499.99,6.05406
84999.98,6.022415
87499.97,5.99187
89999.95,5.962356
94999.93,5.906181
99999.9,5.85345
100000.1,5.814499
103125.1,5.794768
106250.1,5.775706
109375.1,5.757272
112500.1,5.739428
118750.1,5.705374
125000.1,5.673302
131250.1,5.643006
137500.1,5.614309
143750.1,5.587061
150000.0,5.56113
156250.0,5.547233
162500.0,5.533983
168750.0,5.521325
175000.0,5.50921
181250.0,5.4976
187500.0,5.486455
200000.0,5.465427
212500.0,5.462978
225000.0,5.460785
237500.0,5.458811
250000.0,5.457026
262500.0,5.46795
275000.0,5.478413
287500.0,5.488456
300000.0,5.498111
312500.0,5.526391
325000.0,5.553625
337500.0,5.57989
350000.0,5.60525
362500.0,5.62977
375000.0,5.653503
400000.0,5.6988
425000.0,5.741488
450000.0,5.781855
475000.0,5.820144
500000.0,5.85656
506250.0,5.871332
512500.0,5.88593
518750.0,5.900359
525000.0,5.914623
531250.0,5.928725
537500.0,5.94267
543750.0,5.956459
550000.0,5.970099
556250.0,5.98359
562500.0,5.996938
568750.0,6.010144
575000.0,6.023211
581250.0,6.036144
587500.0,6.048944
593750.0,6.061614
600000.0,6.074157
606250.0,6.086576
612500.0,6.098872
618750.0,6.111048
625000.0,6.123107
631250.0,6.135051
637500.0,6.146882
643750.0,6.158603
650000.0,6.170215
656250.0,6.18172
662500.0,6.19312
668750.0,6.204419
675000.0,6.215615
681250.0,6.226714
687500.0,6.237714
693750.0,6.248619
700000.0,6.259431
706250.0,6.270934
712500.0,6.282339
718750.0,6.293647
725000.0,6.304859
731250.0,6.315977
737500.0,6.327003
743750.0,6.337938
750000.0,6.348783
756250.0,6.359542
762500.0,6.370214
768750.0,6.3808
775000.0,6.391302
781250.0,6.401723
787500.0,6.412062
793750.0,6.422321
800000.0,6.432501
806250.0,6.442074
812500.0,6.451575
818750.0,6.461003
825000.0,6.470363
831250.0,6.479653
837500.0,6.488874
843750.0,6.498028
850000.0,6.507117
856250.0,6.516139
862500.0,6.525098
868750.0,6.533993
875000.0,6.542825
881250.0,6.551596
887500.0,6.560306
893750.0,6.568956
900000.0,6.577547
906250.0,6.585068
912500.0,6.592539
918750.0,6.599961
925000.0,6.607334
931250.0,6.614659
937500.0,6.621937
943750.0,6.629168
950000.0,6.636352
956250.0,6.643492
962500.0,6.650585
968750.0,6.657635
975000.0,6.66464
981250.0,6.671604
987500.0,6.678522
993750.0,6.685399
1000000.0,6.692234
1007813.0,6.697626
1015625.0,6.702981
1023438.0,6.708304
1031250.0,6.713592
1039063.0,6.718847
1046875.0,6.724068
1054688.0,6.729258
1062500.0,6.734415
1070313.0,6.739542
1078125.0,6.744636
1085938.0,6.749701
1093750.0,6.754732
1101563.0,6.759735
1109375.0,6.764709
1117188.0,6.769653
1125000.0,6.774567
1132813.0,6.779454
1140625.0,6.784312
1148438.0,6.789142
1156250.0,6.793944
1164063.0,6.798718
1171875.0,6.803466
1179688.0,6.808187
1187500.0,6.812882
1195313.0,6.81755
1203125.0,6.822193
1210938.0,6.826811
1218750.0,6.831402
1226563.0,6.83597
1234375.0,6.840513
1242188.0,6.845032
1250000.0,6.849525
1257813.0,6.849372
1265625.0,6.849235
1273438.0,6.849115
1281250.0,6.849012
1289063.0,6.848925
1296875.0,6.848852
1304688.0,6.848796
1312500.0,6.848755
1320313.0,6.848729
1328125.0,6.848717
1335938.0,6.84872
1343750.0,6.848735
1351563.0,6.848765
1359375.0,6.848808
1367188.0,6.848864
1375000.0,6.848933
1382813.0,6.849015
1390625.0,6.849109
1398438.0,6.849216
1406250.0,6.849335
1414063.0,6.849465
1421875.0,6.849606
1429688.0,6.849759
1437500.0,6.849922
1445313.0,6.850096
1453125.0,6.850281
1460938.0,6.850478
1468750.0,6.850682
1476563.0,6.850899
1484375.0,6.851124
1492188.0,6.851359
1500000.0,6.851605
1507813.0,6.847784
1515625.0,6.844004
1523438.0,6.840262
1531250.0,6.836562
1539063.0,6.832901
1546875.0,6.829277
1554688.0,6.825692
1562500.0,6.822144
1570313.0,6.818632
1578125.0,6.815158
1585938.0,6.811718
1593750.0,6.808315
1601563.0,6.804945
1609375.0,6.801611
1617188.0,6.798311
1625000.0,6.795044
1632813.0,6.79181
1640625.0,6.788608
1648438.0,6.785439
1656250.0,6.782301
1664063.0,6.779195
1671875.0,6.77612
1679688.0,6.773077
1687500.0,6.770061
1695313.0,6.767077
1703125.0,6.764122
1710938.0,6.761196
1718750.0,6.758298
1726563.0,6.755428
1734375.0,6.752588
1742188.0,6.749774
1750000.0,6.746988
1757813.0,6.741052
1765625.0,6.735166
1773438.0,6.729328
1781250.0,6.723536
1789063.0,6.71779
1796875.0,6.712092
1804688.0,6.706439
1812500.0,6.700831
1820313.0,6.695266
1828125.0,6.689747
1835938.0,6.68427
1843750.0,6.678836
1851563.0,6.673445
1859375.0,6.668096
1867188.0,6.662787
1875000.0,6.657522
1882813.0,6.652296
1890625.0,6.64711
1898438.0,6.641964
1906250.0,6.636858
1914063.0,6.631789
1921875.0,6.626759
1929688.0,6.621767
1937500.0,6.616813
1945313.0,6.611896
1953125.0,6.607016
1960938.0,6.602172
1968750.0,6.597365
1976563.0,6.592592
1984375.0,6.587854
1992188.0,6.583153
2000000.0,6.578485
2007813.0,6.568642
2015625.0,6.558871
2023438.0,6.549166
2031250.0,6.539532
2039063.0,6.529962
2046875.0,6.52046
2054688.0,6.511022
2062500.0,6.501651
2070313.0,6.492343
2078125.0,6.4831
2085938.0,6.473918
2093750.0,6.464798
2101563.0,6.455741
2109375.0,6.446745
2117188.0,6.437809
2125000.0,6.428933
2132813.0,6.420116
2140625.0,6.411359
2148438.0,6.402657
2156250.0,6.394015
2164063.0,6.385428
2171875.0,6.376899
2179688.0,6.368425
2187500.0,6.360005
2195313.0,6.35164
2203125.0,6.34333
2210938.0,6.335073
2218750.0,6.32687
2226563.0,6.318718
2234375.0,6.310619
2242188.0,6.302572
2250000.0,6.294575
2257813.0,6.286628
2265625.0,6.278733
2273438.0,6.270887
2281250.0,6.26309
2289063.0,6.255341
2296875.0,6.247641
2304688.0,6.239987
2312500.0,6.232382
2320313.0,6.224823
2328125.0,6.217311
2335938.0,6.209845
2343750.0,6.202423
2351563.0,6.195048
2359375.0,6.187718
2367188.0,6.180431
2375000.0,6.173189
2382813.0,6.165988
2390625.0,6.158832
2398438.0,6.151719
2406250.0,6.144649
2414063.0,6.13762
2421875.0,6.130633
2429688.0,6.123687
2437500.0,6.116782
2445313.0,6.109916
2453125.0,6.103093
2460938.0,6.096307
2468750.0,6.089562
2476563.0,6.082855
2484375.0,6.076189
2492188.0,6.069558
2500000.0,6.062968
2507813.0,6.056414
2515625.0,6.0499
2523438.0,6.043419
2531250.0,6.036978
2539063.0,6.030573
2546875.0,6.024204
2554688.0,6.017871
2562500.0,6.011573
2570313.0,6.005309
2578125.0,5.999082
2585938.0,5.992888
2593750.0,5.986731
2601563.0,5.980606
2609375.0,5.974516
2617188.0,5.968458
2625000.0,5.962435
2632813.0,5.956443
2640625.0,5.950486
2648438.0,5.944559
2656250.0,5.938667
2664063.0,5.932805
2671875.0,5.926975
2679688.0,5.921176
2687500.0,5.91541
2695313.0,5.909673
2703125.0,5.903967
2710938.0,5.898292
2718750.0,5.892646
2726563.0,5.887031
2734375.0,5.881445
2742188.0,5.875889
2750000.0,5.870362
2757813.0,5.864865
2765625.0,5.859396
2773438.0,5.853955
2781250.0,5.848543
2789063.0,5.843158
2796875.0,5.837802
2804688.0,5.832474
2812500.0,5.827173
2820313.0,5.821898
2828125.0,5.816652
2835938.0,5.811432
2843750.0,5.806238
2851563.0,5.801071
2859375.0,5.795931
2867188.0,5.790816
2875000.0,5.785727
2882813.0,5.780663
2890625.0,5.775626
2898438.0,5.770613
2906250.0,5.765625
2914063.0,5.760662
2921875.0,5.755725
2929688.0,5.750811
2937500.0,5.745922
2945313.0,5.741057
2953125.0,5.736217
2960938.0,5.731399
2968750.0,5.726606
2976563.0,5.721835
2984375.0,5.717089
2992188.0,5.712365
3000000.0,5.707664
3006045.0,5.701865
3012089.0,5.696088
3018134.0,5.690332
3024178.0,5.684599
3030223.0,5.678884
3036267.0,5.673193
3042311.0,5.667522
3048355.0,5.661871
3054400.0,5.65624
3060444.0,5.650631
3066489.0,5.645042
3072533.0,5.639473
3078578.0,5.633925
3084622.0,5.628396
3090666.0,5.622888
3096710.0,5.6174
3103767.0,5.610665
3110824.0,5.603959
3117881.0,5.597282
3124938.0,5.590633
3131995.0,5.584013
3139052.0,5.57742
3146109.0,5.570855
3153166.0,5.564319
3160223.0,5.55781
3167280.0,5.551328
3174337.0,5.544873
3181394.0,5.538447
3188451.0,5.532046
3195508.0,5.525673
3202565.0,5.519326
3209622.0,5.513006
3216679.0,5.506711
3223736.0,5.500442
3230793.0,5.4942
3237850.0,5.487983
3244907.0,5.481792
3251964.0,5.475626
3259021.0,5.469485
3266078.0,5.463371
3273135.0,5.45728
3280192.0,5.451216
3287249.0,5.445174
3294306.0,5.439158
3301363.0,5.433165
3308420.0,5.427197
3315477.0,5.421252
3322533.0,5.415334
3329590.0,5.409438
3336647.0,5.403564
3343704.0,5.397716
3350761.0,5.39189
3357818.0,5.386086
3364875.0,5.380306
3371932.0,5.37455
3378989.0,5.368816
3386046.0,5.363103
3393103.0,5.357415
3400160.0,5.351748
3407217.0,5.346104
3414274.0,5.34048
3421331.0,5.33488
3428388.0,5.329302
3435444.0,5.323745
3442501.0,5.318209
3449558.0,5.312695
3456615.0,5.307202
3463672.0,5.301731
3470729.0,5.29628
3477786.0,5.290851
3484843.0,5.285442
3491900.0,5.280054
3498957.0,5.274686
3506014.0,5.269339
3513071.0,5.264012
3520128.0,5.258705
3527185.0,5.253418
3534242.0,5.248151
3541299.0,5.242905
3548355.0,5.237677
3555412.0,5.232471
3562469.0,5.227283
3569526.0,5.222114
3576583.0,5.216965
3583640.0,5.211835
3590697.0,5.206723
3597754.0,5.201632
3604811.0,5.196558
3611868.0,5.191505
3618925.0,5.186469
3625982.0,5.181451
3633039.0,5.176453
3640096.0,5.171472
3647153.0,5.16651
3654210.0,5.161565
3661267.0,5.156639
3668324.0,5.151731
3675381.0,5.146841
3682438.0,5.141969
3689495.0,5.137114
3696552.0,5.132276
3703609.0,5.127456
3710666.0,5.122653
3717723.0,5.117867
3724780.0,5.1131
3731837.0,5.108348
3738894.0,5.103614
3745951.0,5.098897
3753008.0,5.094196
3760065.0,5.089512
3767122.0,5.084845
3774178.0,5.080195
3781235.0,5.07556
3788292.0,5.070942
3795349.0,5.06634
3802406.0,5.061755
3809463.0,5.057185
3816520.0,5.052631
3823577.0,5.048093
3830634.0,5.043571
3837691.0,5.039066
3844748.0,5.034575
3851805.0,5.030099
3858862.0,5.025641
3865919.0,5.021196
3872976.0,5.016768
3880033.0,5.012354
3887089.0,5.007956
3894146.0,5.003573
3901203.0,4.999204
3908260.0,4.994851
3915317.0,4.990513
3922374.0,4.986189
3929431.0,4.981881
3936488.0,4.977586
3943545.0,4.973306
3950602.0,4.969041
3957659.0,4.964789
3964716.0,4.960552
3971773.0,4.95633
3978830.0,4.952122
3985887.0,4.947928
3992944.0,4.943747
4000000.0,4.939582
4014755.0,4.931124
4029509.0,4.922719
4044264.0,4.914365
4059018.0,4.906063
4073773.0,4.89781
4088527.0,4.889607
4103281.0,4.881453
4118035.0,4.873349
4132790.0,4.865292
4147544.0,4.857284
4162299.0,4.849322
4177053.0,4.841409
4191808.0,4.833541
4206562.0,4.82572
4221316.0,4.817944
4236070.0,4.810214
4250825.0,4.802528
4265579.0,4.794887
4280334.0,4.787289
4295088.0,4.779735
4309843.0,4.772225
4324597.0,4.764757
4339351.0,4.757332
4354105.0,4.749949
4368860.0,4.742607
4383614.0,4.735306
4398369.0,4.728046
4413123.0,4.720826
4427878.0,4.713647
4442632.0,4.706508
4457386.0,4.699408
4472140.0,4.692347
4484618.0,4.686279
4497095.0,4.68024
4509572.0,4.67423
4522049.0,4.668247
4534527.0,4.662291
4547004.0,4.656363
4559481.0,4.650462
4571958.0,4.644589
4584436.0,4.638743
4596913.0,4.632923
4609390.0,4.62713
4621867.0,4.621364
4634344.0,4.615622
4646821.0,4.609907
4659298.0,4.604218
4671775.0,4.598554
4684253.0,4.592916
4696730.0,4.587303
4709207.0,4.581714
4721684.0,4.57615
4734162.0,4.570611
4746639.0,4.565096
4759116.0,4.559607
4771593.0,4.55414
4784071.0,4.548697
4796548.0,4.54328
4809025.0,4.537886
4821502.0,4.532514
4833979.0,4.527166
4846456.0,4.521842
4858933.0,4.516539
4871410.0,4.51126
4887484.0,4.504408
4903558.0,4.497594
4919632.0,4.490817
4935705.0,4.484077
4951779.0,4.477375
4967853.0,4.470709
4983927.0,4.46408
5000000.0,4.457485
5018173.0,4.453535
5036345.0,4.449603
5054518.0,4.445691
5072690.0,4.441798
5090863.0,4.437922
5109035.0,4.434066
5127208.0,4.430228
5145380.0,4.426407
5167330.0,4.421805
5189280.0,4.417231
5211230.0,4.412682
5233180.0,4.408158
5248434.0,4.40502
5263687.0,4.401896
5278940.0,4.398784
5294193.0,4.395682
5309446.0,4.392594
5324699.0,4.389517
5339952.0,4.386451
5355205.0,4.383398
5370459.0,4.380355
5385712.0,4.377325
5400965.0,4.374305
5416218.0,4.371298
5431471.0,4.368301
5446724.0,4.365317
5461977.0,4.362343
5477230.0,4.35938
5493195.0,4.356277
5509159.0,4.353186
5525124.0,4.350108
5541088.0,4.34704
5557053.0,4.343985
5573017.0,4.340942
5588981.0,4.337911
5604945.0,4.33489
5620910.0,4.331882
5636874.0,4.328885
5652839.0,4.325899
5668803.0,4.322924
5684768.0,4.319961
5700732.0,4.317008
5716696.0,4.314067
5732660.0,4.311137
5749369.0,4.308068
5766078.0,4.305013
5782787.0,4.301967
5799495.0,4.298935
5816204.0,4.295914
5832913.0,4.292904
5849622.0,4.289906
5866330.0,4.286919
5883039.0,4.283943
5899748.0,4.28098
5916457.0,4.278027
5933165.0,4.275085
5949874.0,4.272155
5966583.0,4.269235
5983292.0,4.266327
6000000.0,4.263428
6015024.0,4.263778
6030047.0,4.264126
6045070.0,4.264475
6060093.0,4.264822
6075116.0,4.265168
6090139.0,4.265516
6105162.0,4.26586
6120185.0,4.266205
6135209.0,4.26655
6150232.0,4.266894
6165255.0,4.267237
6180278.0,4.267579
6195301.0,4.267921
6210324.0,4.268262
6225347.0,4.268602
6240370.0,4.268942
6255394.0,4.26928
6270417.0,4.26962
6285440.0,4.269958
6300463.0,4.270295
6315486.0,4.270632
6330509.0,4.270969
6345532.0,4.271304
6360555.0,4.271638
6375579.0,4.271972
6390602.0,4.272306
6405625.0,4.27264
6420648.0,4.272972
6435671.0,4.273304
6450694.0,4.273635
6465717.0,4.273967
6480740.0,4.274296
6501904.0,4.274755
6523067.0,4.275211
6544230.0,4.275668
6565393.0,4.276122
6586556.0,4.276576
6607719.0,4.277029
6628882.0,4.27748
6650045.0,4.27793
6671209.0,4.27838
6692372.0,4.278828
6713535.0,4.279275
6734698.0,4.279721
6755861.0,4.280166
6777024.0,4.28061
6798187.0,4.281053
6819350.0,4.281495
6841932.0,4.281931
6864513.0,4.282376
6887094.0,4.282827
6909675.0,4.283286
6932257.0,4.283752
6954838.0,4.284225
6977419.0,4.284704
7000000.0,4.285191
7006209.0,4.285901
7012417.0,4.286615
7018626.0,4.287336
7024834.0,4.288063
7031043.0,4.288792
7037251.0,4.289528
7043460.0,4.290269
7049668.0,4.291015
7055877.0,4.291766
7062085.0,4.292521
7068294.0,4.293283
7074502.0,4.294048
7080711.0,4.29482
7086919.0,4.295597
7093127.0,4.296377
7099335.0,4.297163
7105544.0,4.297955
7111752.0,4.298753
7117961.0,4.299553
7124169.0,4.300361
7130378.0,4.301172
7136586.0,4.301988
7142795.0,4.30281
7149003.0,4.303636
7155212.0,4.304467
7161420.0,4.305304
7167629.0,4.306145
7173837.0,4.306993
7180046.0,4.307844
7186254.0,4.3087
7192462.0,4.309562
7198670.0,4.310427
7204931.0,4.31097
7211191.0,4.311519
7217452.0,4.31207
7223712.0,4.312624
7229973.0,4.313183
7236233.0,4.313743
7242494.0,4.314309
7248754.0,4.314878
7255015.0,4.31545
7261275.0,4.316026
7267536.0,4.316604
7273796.0,4.317188
7280057.0,4.317774
7286317.0,4.318364
7292577.0,4.318957
7298837.0,4.319553
7305098.0,4.320153
7311358.0,4.320756
7317619.0,4.321364
7323879.0,4.321973
7330140.0,4.322588
7336400.0,4.323205
7342660.0,4.323826
7348920.0,4.324449
7355181.0,4.325077
7361441.0,4.325708
7367702.0,4.326342
7373962.0,4.32698
7380223.0,4.327621
7386483.0,4.328266
7392743.0,4.328915
7399003.0,4.329565
7405264.0,4.330219
7411524.0,4.330877
7417785.0,4.331539
7424045.0,4.332203
7430306.0,4.332872
7436566.0,4.333543
7442826.0,4.334217
7449086.0,4.334895
7455347.0,4.335577
7461607.0,4.336262
7467868.0,4.336949
7474128.0,4.337641
7480389.0,4.338335
7486649.0,4.339034
7492909.0,4.339734
7499169.0,4.340439
7505430.0,4.341146
7511690.0,4.341857
7517951.0,4.342571
7524211.0,4.343289
7530472.0,4.34401
7536732.0,4.344734
7542992.0,4.345461
7549252.0,4.346191
7555513.0,4.346926
7561773.0,4.347662
7568034.0,4.348403
7574294.0,4.349146
7580555.0,4.349893
7586815.0,4.350642
7593075.0,4.351396
7599335.0,4.352152
7605596.0,4.352912
7611856.0,4.353674
7618117.0,4.35444
7624377.0,4.355209
7630638.0,4.355981
7636898.0,4.356756
7643159.0,4.357534
7649419.0,4.358316
7655680.0,4.359101
7661940.0,4.359889
7668201.0,4.360679
7674461.0,4.361474
7680722.0,4.362271
7686982.0,4.363072
7693242.0,4.363875
7699502.0,4.364682
7705763.0,4.365492
7712023.0,4.366305
7718284.0,4.367121
7724544.0,4.36794
7730805.0,4.368762
7737065.0,4.369587
7743325.0,4.370416
7749585.0,4.371246
7755846.0,4.372082
7762106.0,4.372919
7768367.0,4.37376
7774627.0,4.374604
7780888.0,4.37545
7787148.0,4.376299
7793408.0,4.377153
7799668.0,4.378007
7805929.0,4.378867
7812189.0,4.379729
7818450.0,4.380594
7824710.0,4.381462
7830971.0,4.382332
7837231.0,4.383207
7843491.0,4.384083
7849751.0,4.384964
7856012.0,4.385846
7862272.0,4.386732
7868533.0,4.387621
7874793.0,4.388513
7881054.0,4.389408
7887314.0,4.390305
7893574.0,4.391206
7899834.0,4.392109
7906095.0,4.393017
7912355.0,4.393925
7918616.0,4.394838
7924876.0,4.395754
7931137.0,4.396672
7937397.0,4.397594
7943657.0,4.398518
7949917.0,4.399445
7956178.0,4.400375
7962438.0,4.401308
7968699.0,4.402245
7974959.0,4.403183
7981220.0,4.404126
7987480.0,4.40507
7993740.0,4.406017
8000000.0,4.406967
8007813.0,4.407775
8015625.0,4.408589
8023438.0,4.409406
8031250.0,4.410227
8039063.0,4.411053
8046875.0,4.411883
8054688.0,4.412717
8062500.0,4.413558
8070313.0,4.414402
8078125.0,4.415249
8085938.0,4.416101
8093750.0,4.416957
8101563.0,4.417818
8109375.0,4.418685
8117188.0,4.419554
8125000.0,4.420428
8132813.0,4.421307
8140625.0,4.422189
8148438.0,4.423077
8156250.0,4.423968
8164063.0,4.424864
8171875.0,4.425763
8179688.0,4.426667
8187500.0,4.427576
8195313.0,4.428489
8203125.0,4.429405
8210938.0,4.430326
8218750.0,4.431253
8226563.0,4.432183
8234375.0,4.433116
8242188.0,4.434054
8250000.0,4.434997
8257813.0,4.435943
8265625.0,4.436893
8273438.0,4.437848
8281250.0,4.438807
8289063.0,4.439771
8296875.0,4.440738
8304688.0,4.441709
8312500.0,4.442685
8320313.0,4.443665
8328125.0,4.444648
8335938.0,4.445636
8343750.0,4.446628
8351563.0,4.447624
8359375.0,4.448624
8367188.0,4.44963
8375000.0,4.450637
8382813.0,4.451649
8390625.0,4.452667
8398438.0,4.453687
8406250.0,4.454711
8414063.0,4.45574
8421875.0,4.456773
8429688.0,4.457809
8437500.0,4.45885
8445313.0,4.459895
8453125.0,4.460942
8460938.0,4.461996
8468750.0,4.463052
8476563.0,4.464113
8484375.0,4.465177
8492188.0,4.466246
8500000.0,4.467318
8507813.0,4.468395
8515625.0,4.469475
8523438.0,4.47056
8531250.0,4.471647
8539063.0,4.472739
8546875.0,4.473835
8554688.0,4.474936
8562500.0,4.47604
8570313.0,4.477147
8578125.0,4.478258
8585938.0,4.479374
8593750.0,4.480493
8601563.0,4.481617
8609375.0,4.482743
8617188.0,4.483874
8625000.0,4.485009
8632813.0,4.486146
8640625.0,4.48729
8648438.0,4.488436
8656250.0,4.489584
8664063.0,4.490739
8671875.0,4.491896
8679688.0,4.493057
8687500.0,4.494223
8695313.0,4.495391
8703125.0,4.496563
8710938.0,4.49774
8718750.0,4.49892
8726563.0,4.500103
8734375.0,4.501292
8742188.0,4.502483
8750000.0,4.503677
8757813.0,4.504877
8765625.0,4.506078
8773438.0,4.507284
8781250.0,4.508495
8789063.0,4.509708
8796875.0,4.510925
8804688.0,4.512145
8812500.0,4.51337
8820313.0,4.514597
8828125.0,4.515831
8835938.0,4.517066
8843750.0,4.518304
8851563.0,4.519547
8859375.0,4.520794
8867188.0,4.522043
8875000.0,4.523297
8882813.0,4.524554
8890625.0,4.525815
8898438.0,4.52708
8906250.0,4.528346
8914063.0,4.529619
8921875.0,4.530893
8929688.0,4.532171
8937500.0,4.533454
8945313.0,4.53474
8953125.0,4.536029
8960938.0,4.537322
8968750.0,4.538618
8976563.0,4.539918
8984375.0,4.541222
8992188.0,4.54253
9000000.0,4.543839
9008782.0,4.544904
9017564.0,4.545971
9026346.0,4.54704
9035128.0,4.548112
9043910.0,4.549186
9052692.0,4.550263
9061474.0,4.551342
9070255.0,4.552423
9079037.0,4.553507
9087819.0,4.554593
9096601.0,4.555681
9105383.0,4.556772
9114165.0,4.557865
9122947.0,4.558961
9131729.0,4.560059
9140510.0,4.561159
9145883.0,4.561801
9151256.0,4.562443
9156629.0,4.563086
9162002.0,4.56373
9167375.0,4.564377
9172748.0,4.565022
9178121.0,4.565669
9183493.0,4.566316
9188866.0,4.566964
9194239.0,4.567613
9199612.0,4.568263
9204984.0,4.568914
9210357.0,4.569565
9215730.0,4.570217
9221103.0,4.570869
9226475.0,4.571524
9231848.0,4.572178
9237221.0,4.572833
9242594.0,4.573489
9247967.0,4.574146
9253340.0,4.574805
9258713.0,4.575464
9264086.0,4.576123
9269458.0,4.576782
9274831.0,4.577444
9280204.0,4.578106
9285577.0,4.578768
9290949.0,4.579431
9296322.0,4.580095
9301695.0,4.580759
9307068.0,4.581425
9312440.0,4.582092
9317812.0,4.582674
9323184.0,4.583256
9328556.0,4.58384
9333927.0,4.584424
9339299.0,4.585009
9344670.0,4.585596
9350042.0,4.586183
9355413.0,4.586771
9360785.0,4.587359
9366156.0,4.587947
9371528.0,4.588538
9376899.0,4.58913
9382271.0,4.589722
9387642.0,4.590313
9393014.0,4.590907
9398385.0,4.591501
9403757.0,4.592097
9409129.0,4.592692
9414501.0,4.593289
9419872.0,4.593886
9425244.0,4.594485
9430615.0,4.595083
9435987.0,4.595684
9441358.0,4.596285
9446730.0,4.596886
9452101.0,4.597488
9457473.0,4.598091
9462844.0,4.598695
9468216.0,4.5993
9473587.0,4.599904
9478959.0,4.60051
9484330.0,4.601118
9489702.0,4.601726
9495074.0,4.602335
9500446.0,4.602944
9505817.0,4.603554
9511189.0,4.604165
9516560.0,4.604777
9521932.0,4.60539
9527303.0,4.606004
9532675.0,4.606618
9538046.0,4.607232
9543418.0,4.607848
9548789.0,4.608465
9554161.0,4.609082
9559532.0,4.6097
9564904.0,4.610319
9570275.0,4.610939
9575647.0,4.61156
9581019.0,4.612181
9586391.0,4.612803
9591762.0,4.613426
9597134.0,4.614049
9602505.0,4.614673
9607877.0,4.615299
9613248.0,4.615926
9618620.0,4.616552
9623991.0,4.617178
9629363.0,4.617808
9634734.0,4.618437
9640106.0,4.619066
9645477.0,4.619696
9650849.0,4.620328
9656220.0,4.62096
9661592.0,4.621593
9666964.0,4.622227
9672336.0,4.622862
9677707.0,4.623495
9683079.0,4.624132
9688450.0,4.624769
9693822.0,4.625406
9699193.0,4.626044
9704565.0,4.626684
9709936.0,4.627322
9715308.0,4.627963
9720679.0,4.628605
9726051.0,4.629248
9731422.0,4.629889
9736794.0,4.630533
9742165.0,4.631177
9747537.0,4.631822
9752909.0,4.632468
9758281.0,4.633115
9763652.0,4.633762
9769024.0,4.63441
9774395.0,4.635059
9779767.0,4.635708
9785138.0,4.636359
9790510.0,4.63701
9795881.0,4.637661
9801253.0,4.638314
9806624.0,4.638967
9811996.0,4.639621
9817367.0,4.640275
9822739.0,4.640931
9828110.0,4.641587
9833482.0,4.642245
9838854.0,4.642903
9844226.0,4.643561
9849597.0,4.644219
9854969.0,4.64488
9860340.0,4.645541
9865712.0,4.646202
9871083.0,4.646864
9876455.0,4.647527
9881826.0,4.64819
9887198.0,4.648855
9892569.0,4.64952
9897941.0,4.650186
9903312.0,4.650852
9908684.0,4.651519
9914055.0,4.652187
9919427.0,4.652855
9924799.0,4.653526
9930171.0,4.654196
9935542.0,4.654866
9940914.0,4.655537
9946285.0,4.65621
9951657.0,4.656884
9957028.0,4.657557
9962400.0,4.658231
9967771.0,4.658907
9973143.0,4.659583
9978514.0,4.66026
9983886.0,4.660937
9989257.0,4.661614
9994629.0,4.662293
10000000.0,4.662973
10007630.0,4.663668
10015260.0,4.664364
10022890.0,4.66506
10030510.0,4.665755
10038140.0,4.666453
10045770.0,4.667149
10053400.0,4.667847
10061020.0,4.668544
10068650.0,4.669242
10076280.0,4.66994
10083910.0,4.670638
10091530.0,4.671338
10099160.0,4.672036
10106780.0,4.672734
10114410.0,4.673434
10122030.0,4.674134
10129660.0,4.674835
10137290.0,4.675535
10144920.0,4.676237
10152540.0,4.676938
10160170.0,4.677639
10167790.0,4.67834
10175420.0,4.679043
10183040.0,4.679746
10190670.0,4.680449
10198300.0,4.681152
10205930.0,4.681856
10213550.0,4.682559
10221180.0,4.683263
10228800.0,4.683968
10236430.0,4.684672
10244050.0,4.685376
10251680.0,4.686083
10259310.0,4.686789
10266940.0,4.687494
10274560.0,4.6882
10282190.0,4.688908
10289820.0,4.689614
10297450.0,4.690321
10305070.0,4.691029
10312700.0,4.691737
10320330.0,4.692445
10327960.0,4.693154
10335580.0,4.693862
10343210.0,4.694571
10350830.0,4.69528
10358460.0,4.695991
10366080.0,4.696699
10373710.0,4.69741
10381340.0,4.698121
10388970.0,4.698832
10396590.0,4.699542
10404220.0,4.700255
10411840.0,4.700966
10419470.0,4.701678
10427090.0,4.70239
10434720.0,4.703103
10442350.0,4.703816
10449980.0,4.70453
10457600.0,4.705243
10465230.0,4.705958
10472850.0,4.70667
10480480.0,4.707385
10488100.0,4.7081
10496100.0,4.708844
10504100.0,4.709589
10512100.0,4.710334
10520100.0,4.71108
10528100.0,4.711825
10536100.0,4.712572
10544100.0,4.713318
10552090.0,4.714065
10560090.0,4.714811
10568090.0,4.715559
10576090.0,4.716307
10584090.0,4.717055
10592090.0,4.717803
10600090.0,4.718552
10608090.0,4.719301
10616080.0,4.720049
10624080.0,4.720799
10632080.0,4.721549
10640080.0,4.7223
10648080.0,4.72305
10656080.0,4.723801
10664080.0,4.724553
10672080.0,4.725305
10680070.0,4.726055
10688070.0,4.726807
10696070.0,4.72756
10704070.0,4.728314
10712060.0,4.729065
10720060.0,4.729818
10728060.0,4.730573
10736060.0,4.731328
10744050.0,4.732081
10752050.0,4.732835
10760050.0,4.733591
10768050.0,4.734347
10776050.0,4.735101
10784050.0,4.735858
10792050.0,4.736615
10800050.0,4.737371
10808040.0,4.738127
10816040.0,4.738885
10824040.0,4.739642
10832040.0,4.740401
10840040.0,4.741158
10848040.0,4.741916
10856040.0,4.742675
10864040.0,4.743435
10872030.0,4.744193
10880030.0,4.744953
10888030.0,4.745713
10896030.0,4.746473
10904030.0,4.747234
10912030.0,4.747995
10920030.0,4.748757
10928030.0,4.749519
10936020.0,4.750279
10944020.0,4.751042
10952020.0,4.751804
10960020.0,4.752566
10968010.0,4.753329
10976010.0,4.754093
10984010.0,4.754857
10992010.0,4.75562
11000000.0,4.756384
11005890.0,4.756901
11011770.0,4.757419
11017650.0,4.757938
11023530.0,4.758456
11029410.0,4.758973
11035290.0,4.759491
11041170.0,4.76001
11047050.0,4.760529
11052940.0,4.761047
11058820.0,4.761567
11064700.0,4.762085
11070580.0,4.762604
11076460.0,4.763124
11082340.0,4.763644
11088220.0,4.764162
11094100.0,4.764682
11099990.0,4.765202
11105870.0,4.765723
11111750.0,4.766242
11117630.0,4.766763
11123510.0,4.767283
11129390.0,4.767804
11135270.0,4.768324
11141150.0,4.768845
11147040.0,4.769367
11152920.0,4.769888
11158800.0,4.770409
11164680.0,4.77093
11170560.0,4.771451
11176440.0,4.771974
11182320.0,4.772495
11188200.0,4.773017
11194090.0,4.773539
11199970.0,4.774062
11205850.0,4.774584
11211730.0,4.775107
11217610.0,4.775629
11223490.0,4.776152
11229370.0,4.776676
11235250.0,4.777198
11241140.0,4.777723
11247020.0,4.778246
11252900.0,4.778769
11258780.0,4.779293
11264660.0,4.779816
11270540.0,4.780341
11276420.0,4.780864
11282300.0,4.781388
11288190.0,4.781913
11294070.0,4.782438
11299950.0,4.782963
11305830.0,4.783488
11311710.0,4.784012
11317590.0,4.784537
11323470.0,4.785063
11329350.0,4.785589
11335240.0,4.786114
11341120.0,4.78664
11347000.0,4.787166
11352880.0,4.787691
11358760.0,4.788218
11364640.0,4.788745
11370520.0,4.78927
11376400.0,4.789797
11386150.0,4.790621
11395890.0,4.791444
11405640.0,4.792269
11415380.0,4.793094
11425130.0,4.793919
11434870.0,4.794744
11444610.0,4.79557
11454350.0,4.796395
11464100.0,4.797222
11473840.0,4.798049
11483590.0,4.798877
11493330.0,4.799705
11503080.0,4.800533
11512820.0,4.801362
11522560.0,4.80219
11532300.0,4.80302
11542050.0,4.803849
11551790.0,4.80468
11561540.0,4.80551
11571280.0,4.806341
11581030.0,4.807174
11590770.0,4.808004
11600510.0,4.808836
11610250.0,4.809668
11620000.0,4.810501
11629740.0,4.811335
11639490.0,4.812169
11649230.0,4.813003
11658980.0,4.813838
11668720.0,4.814672
11678460.0,4.815507
11688200.0,4.816342
11697950.0,4.81718
11707690.0,4.818015
11717440.0,4.818853
11727180.0,4.819689
11736930.0,4.820527
11746670.0,4.821365
11756410.0,4.822204
11766150.0,4.823041
11775900.0,4.823881
11785640.0,4.82472
11795390.0,4.825561
11805130.0,4.826401
11814880.0,4.827242
11824620.0,4.828083
11834360.0,4.828925
11844100.0,4.829766
11853850.0,4.830608
11863590.0,4.831451
11873340.0,4.832294
11883080.0,4.833138
11892830.0,4.833983
11902570.0,4.834826
11912310.0,4.835671
11922050.0,4.836516
11931800.0,4.837361
11941540.0,4.838208
11951290.0,4.839055
11961030.0,4.839901
11970780.0,4.840749
11980520.0,4.841595
11990260.0,4.842444
12000000.0,4.843292
12015320.0,4.844295
12030630.0,4.845298
12045940.0,4.846302
12061250.0,4.847304
12076570.0,4.848307
12091880.0,4.849311
12107190.0,4.850314
12122500.0,4.851316
12137820.0,4.852321
12153130.0,4.853323
12168440.0,4.854327
12183750.0,4.855331
12199070.0,4.856335
12214380.0,4.857337
12229690.0,4.858341
12245000.0,4.859344
12260320.0,4.860348
12275630.0,4.861353
12290940.0,4.862356
12306250.0,4.863361
12321570.0,4.864364
12336880.0,4.865369
12352190.0,4.866372
12367500.0,4.867377
12382820.0,4.868382
12398130.0,4.869387
12413440.0,4.870392
12428750.0,4.871396
12444070.0,4.872401
12459380.0,4.873407
12474690.0,4.874412
12490000.0,4.875417
12505940.0,4.876459
12521880.0,4.8775
12537820.0,4.878543
12553750.0,4.879584
12569690.0,4.880626
12585630.0,4.881668
12601570.0,4.882712
12617500.0,4.883753
12633440.0,4.884798
12649380.0,4.88584
12665320.0,4.886885
12681250.0,4.887929
12697190.0,4.888973
12713130.0,4.890019
12729070.0,4.891065
12745000.0,4.89211
12760940.0,4.893157
12776880.0,4.894204
12792820.0,4.895252
12808750.0,4.896299
12824690.0,4.897349
12840630.0,4.898399
12856570.0,4.899449
12872500.0,4.9005
12888440.0,4.901552
12904380.0,4.902605
12920320.0,4.903658
12936250.0,4.904713
12952190.0,4.905768
12968130.0,4.906826
12984070.0,4.907884
13000000.0,4.908943
13011530.0,4.909656
13023050.0,4.910368
13034570.0,4.91108
13046090.0,4.911793
13057620.0,4.912506
13069140.0,4.913218
13080660.0,4.91393
13092180.0,4.914644
13103710.0,4.915359
13115230.0,4.916071
13126750.0,4.916784
13138270.0,4.917499
13149790.0,4.918213
13161310.0,4.918926
13172830.0,4.91964
13184350.0,4.920354
13195880.0,4.92107
13207400.0,4.921784
13218920.0,4.922498
13230440.0,4.923214
13241970.0,4.923929
13253490.0,4.924645
13265010.0,4.925361
13276530.0,4.926076
13288060.0,4.926793
13299580.0,4.927509
13311100.0,4.928226
13322620.0,4.928942
13334140.0,4.929658
13345660.0,4.930376
13357180.0,4.931092
13368700.0,4.93181
13380550.0,4.932541
13392400.0,4.933272
13404250.0,4.934004
13416100.0,4.934736
13427950.0,4.935467
13439800.0,4.9362
13451650.0,4.936932
13463500.0,4.937665
13475350.0,4.938399
13487200.0,4.939132
13499050.0,4.939866
13510900.0,4.9406
13522750.0,4.941334
13534600.0,4.94207
13546450.0,4.942805
13558300.0,4.943541
13570150.0,4.944276
13582000.0,4.945012
13593850.0,4.945749
13605700.0,4.946486
13617550.0,4.947223
13629400.0,4.947962
13641250.0,4.948699
13653100.0,4.949438
13664950.0,4.950177
13676800.0,4.950917
13688650.0,4.951656
13700500.0,4.952397
13712350.0,4.953137
13724200.0,4.953879
13736050.0,4.95462
13747900.0,4.955363
13755780.0,4.955834
13763660.0,4.956307
13771540.0,4.956779
13779420.0,4.957251
13787300.0,4.957722
13795180.0,4.958195
13803060.0,4.958668
13810930.0,4.959141
13818810.0,4.959613
13826690.0,4.960086
13834570.0,4.960559
13842440.0,4.961032
13850320.0,4.961506
13858200.0,4.96198
13866080.0,4.962454
13873950.0,4.962926
13881830.0,4.963401
13889710.0,4.963876
13897590.0,4.96435
13905470.0,4.964825
13913350.0,4.965299
13921230.0,4.965774
13929110.0,4.966249
13936980.0,4.966724
13944860.0,4.967199
13952740.0,4.967674
13960620.0,4.96815
13968490.0,4.968626
13976370.0,4.969103
13984250.0,4.969579
13992130.0,4.970056
14000000.0,4.970531
14007820.0,4.970787
14015630.0,4.971045
14023440.0,4.9713
14031250.0,4.971557
14039070.0,4.971815
14046880.0,4.972072
14054690.0,4.972331
14062500.0,4.972587
14070320.0,4.972845
14078130.0,4.973105
14085940.0,4.973363
14093750.0,4.973622
14101570.0,4.973881
14109380.0,4.974141
14117190.0,4.9744
14125000.0,4.97466
14132820.0,4.974921
14140630.0,4.97518
14148440.0,4.975441
14156250.0,4.975702
14164070.0,4.975964
14171880.0,4.976224
14179690.0,4.976487
14187500.0,4.976748
14195320.0,4.97701
14203130.0,4.977274
14210940.0,4.977535
14218750.0,4.977799
14226570.0,4.978062
14234380.0,4.978326
14242190.0,4.978589
14250000.0,4.978854
14257820.0,4.979118
14265630.0,4.979383
14273440.0,4.979647
14281250.0,4.979913
14289070.0,4.980178
14296880.0,4.980445
14304690.0,4.98071
14312500.0,4.980976
14320320.0,4.981244
14328130.0,4.981511
14335940.0,4.981779
14343750.0,4.982045
14351570.0,4.982313
14359380.0,4.982581
14367190.0,4.98285
14375000.0,4.983119
14382820.0,4.983389
14390630.0,4.983658
14398440.0,4.983927
14406250.0,4.984198
14414070.0,4.984468
14421880.0,4.984738
14429690.0,4.985009
14437500.0,4.985281
14445320.0,4.985553
14453130.0,4.985825
14460940.0,4.986097
14468750.0,4.98637
14476570.0,4.986643
14484380.0,4.986917
14492190.0,4.987189
14500000.0,4.987464
14507820.0,4.987711
14515630.0,4.987959
14523440.0,4.988207
14531250.0,4.988455
14539070.0,4.988704
14546880.0,4.988951
14554690.0,4.9892
14562500.0,4.989449
14570320.0,4.989699
14578130.0,4.989949
14585940.0,4.990198
14593750.0,4.990449
14601570.0,4.9907
14609380.0,4.99095
14617190.0,4.9912
14625000.0,4.991453
14632820.0,4.991704
14640630.0,4.991956
14648440.0,4.992208
14656250.0,4.99246
14664070.0,4.992714
14671880.0,4.992966
14679690.0,4.993219
14687500.0,4.993473
14695320.0,4.993727
14703130.0,4.993982
14710940.0,4.994236
14718750.0,4.994491
14726570.0,4.994746
14734380.0,4.995
14742190.0,4.995257
14750000.0,4.995513
14757820.0,4.995769
14765630.0,4.996026
14773440.0,4.996282
14781250.0,4.99654
14789070.0,4.996797
14796880.0,4.997055
14804690.0,4.997313
14812500.0,4.997572
14820320.0,4.99783
14828130.0,4.99809
14835940.0,4.998349
14843750.0,4.998609
14851570.0,4.998869
14859380.0,4.999129
14867190.0,4.99939
14875000.0,4.999652
14882820.0,4.999913
14890630.0,5.000175
14898440.0,5.000437
14906250.0,5.0007
14914070.0,5.000963
14921880.0,5.001225
14929690.0,5.001489
14937500.0,5.001753
14945320.0,5.002017
14953130.0,5.002282
14960940.0,5.002547
14968750.0,5.002812
14976570.0,5.003078
14984380.0,5.003343
14992190.0,5.00361
15000000.0,5.003877
15011210.0,5.003769
15022410.0,5.003662
15033620.0,5.003557
15044820.0,5.003452
15056030.0,5.003348
15067230.0,5.003245
15078430.0,5.003143
15089630.0,5.003042
15100840.0,5.002943
15112040.0,5.002844
15123240.0,5.002746
15134440.0,5.002649
15145650.0,5.002552
15156850.0,5.002458
15168050.0,5.002363
15179250.0,5.00227
15190460.0,5.002177
15201660.0,5.002086
15212870.0,5.001996
15224070.0,5.001907
15235280.0,5.001819
15246480.0,5.001732
15257680.0,5.001646
15268880.0,5.001561
15280090.0,5.001477
15291290.0,5.001395
15302490.0,5.001312
15313690.0,5.001231
15324900.0,5.001151
15336100.0,5.001072
15347300.0,5.000995
15358500.0,5.000918
15369710.0,5.000842
15380910.0,5.000767
15392120.0,5.000694
15403320.0,5.000622
15414530.0,5.00055
15425730.0,5.00048
15436930.0,5.000411
15448130.0,5.000344
15459340.0,5.000277
15470540.0,5.000212
15481740.0,5.000146
15492940.0,5.000083
15504150.0,5.000021
15515350.0,4.999959
15526550.0,4.999899
15537750.0,4.99984
15548960.0,4.999782
15560160.0,4.999726
15571370.0,4.999671
15582570.0,4.999616
15593780.0,4.999563
15604980.0,4.999511
15616180.0,4.99946
15627380.0,4.999411
15638590.0,4.999363
15649790.0,4.999315
15660990.0,4.99927
15672190.0,4.999225
15683400.0,4.999182
15694600.0,4.999139
15705800.0,4.999099
15717000.0,4.999059
15725850.0,4.998991
15734690.0,4.998923
15743540.0,4.998857
15752380.0,4.998791
15761230.0,4.998726
15770070.0,4.998661
15778910.0,4.998597
15787750.0,4.998534
15796600.0,4.99847
15805440.0,4.998409
15814290.0,4.998348
15823130.0,4.998286
15831980.0,4.998227
15840820.0,4.998168
15849660.0,4.998109
15858500.0,4.998052
15867350.0,4.997994
15876190.0,4.997937
15885040.0,4.997881
15893880.0,4.997827
15902730.0,4.997773
15911570.0,4.997718
15920410.0,4.997666
15929250.0,4.997614
15938100.0,4.997562
15946940.0,4.997511
15955790.0,4.997461
15964630.0,4.997411
15973480.0,4.997363
15982320.0,4.997314
15991160.0,4.997267
16000000.0,4.997221
16015630.0,4.995946
16031250.0,4.994676
16046880.0,4.993406
16062500.0,4.992141
16078130.0,4.990877
16093750.0,4.989618
16109380.0,4.98836
16125000.0,4.987106
16140630.0,4.985854
16156250.0,4.984605
16171880.0,4.983359
16187500.0,4.982117
16203130.0,4.980876
16218750.0,4.979639
16234380.0,4.978404
16250000.0,4.977173
16265630.0,4.975944
16281250.0,4.974718
16296880.0,4.973495
16312500.0,4.972275
16328130.0,4.971058
16343750.0,4.969844
16359380.0,4.968632
16375000.0,4.967425
16390630.0,4.966219
16406250.0,4.965017
16421880.0,4.963818
16437500.0,4.962622
16453130.0,4.961428
16468750.0,4.960239
16484380.0,4.959051
16500000.0,4.957868
16515630.0,4.956687
16531250.0,4.955509
16546880.0,4.954334
16562500.0,4.953162
16578130.0,4.951994
16593750.0,4.95083
16609380.0,4.949667
16625000.0,4.948508
16640630.0,4.947352
16656250.0,4.9462
16671880.0,4.945051
16687500.0,4.943905
16703130.0,4.942763
16718750.0,4.941624
16734380.0,4.940488
16750000.0,4.939356
16765630.0,4.938226
16781250.0,4.937101
16796880.0,4.93598
16812500.0,4.934861
16828130.0,4.933746
16843750.0,4.932636
16859380.0,4.931529
16875000.0,4.930427
16890630.0,4.929327
16906250.0,4.928233
16921880.0,4.927143
16937500.0,4.926056
16953130.0,4.924974
16968750.0,4.923897
16984380.0,4.922824
17000000.0,4.921757
17015630.0,4.92057
17031250.0,4.919385
17046880.0,4.918203
17062500.0,4.917025
17078130.0,4.915846
17093750.0,4.914673
17109380.0,4.913502
17125000.0,4.912333
17140630.0,4.911167
17156250.0,4.910003
17171880.0,4.908843
17187500.0,4.907685
17203130.0,4.906529
17218750.0,4.905377
17234380.0,4.904228
17250000.0,4.903081
17265630.0,4.901936
17281250.0,4.900796
17296880.0,4.899657
17312500.0,4.89852
17328130.0,4.897387
17343750.0,4.896258
17359380.0,4.89513
17375000.0,4.894007
17390630.0,4.892884
17406250.0,4.891767
17421880.0,4.890651
17437500.0,4.889539
17453130.0,4.888429
17468750.0,4.887323
17484380.0,4.886218
17500000.0,4.885118
17515630.0,4.884022
17531250.0,4.882927
17546880.0,4.881835
17562500.0,4.880747
17578130.0,4.879661
17593750.0,4.87858
17609380.0,4.877501
17625000.0,4.876426
17640630.0,4.875353
17656250.0,4.874284
17671880.0,4.873219
17687500.0,4.872157
17703130.0,4.871097
17718750.0,4.870042
17734380.0,4.86899
17750000.0,4.867941
17765630.0,4.866895
17781250.0,4.865853
17796880.0,4.864815
17812500.0,4.863779
17828130.0,4.862749
17843750.0,4.861721
17859380.0,4.860696
17875000.0,4.859676
17890630.0,4.858659
17906250.0,4.857646
17921880.0,4.856637
17937500.0,4.855632
17953130.0,4.85463
17968750.0,4.853633
17984380.0,4.852639
18000000.0,4.85165
18015630.0,4.84968
18031250.0,4.847715
18046880.0,4.845753
18062500.0,4.843796
18078130.0,4.841843
18093750.0,4.839895
18109380.0,4.837949
18125000.0,4.836008
18140630.0,4.834069
18156250.0,4.832138
18171880.0,4.830207
18187500.0,4.828283
18203130.0,4.826361
18218750.0,4.824445
18234380.0,4.822532
18250000.0,4.820624
18265630.0,4.818718
18281250.0,4.816818
18296880.0,4.814921
18312500.0,4.813029
18328130.0,4.81114
18343750.0,4.809257
18359380.0,4.807376
18375000.0,4.805502
18390630.0,4.803629
18406250.0,4.801763
18421880.0,4.7999
18437500.0,4.798042
18453130.0,4.796187
18468750.0,4.794338
18484380.0,4.792491
18500000.0,4.79065
18515630.0,4.788812
18531250.0,4.78698
18546880.0,4.785151
18562500.0,4.783328
18578130.0,4.781508
18593750.0,4.779693
18609380.0,4.777882
18625000.0,4.776075
18640630.0,4.774273
18656250.0,4.772476
18671880.0,4.770683
18687500.0,4.768895
18703130.0,4.767111
18718750.0,4.765332
18734380.0,4.763558
18750000.0,4.761789
18765630.0,4.760022
18781250.0,4.758263
18796880.0,4.756506
18812500.0,4.754755
18828130.0,4.753009
18843750.0,4.751268
18859380.0,4.749531
18875000.0,4.747799
18890630.0,4.746072
18906250.0,4.744351
18921880.0,4.742634
18937500.0,4.740922
18953130.0,4.739215
18968750.0,4.737513
18984380.0,4.735815
19000000.0,4.734125
19015630.0,4.732299
19031250.0,4.730478
19046880.0,4.72866
19062500.0,4.726847
19078130.0,4.725035
19093750.0,4.723229
19109380.0,4.721426
19125000.0,4.719628
19140630.0,4.717831
19156250.0,4.71604
19171880.0,4.714252
19187500.0,4.712469
19203130.0,4.710688
19218750.0,4.708912
19234380.0,4.707138
19250000.0,4.70537
19265630.0,4.703604
19281250.0,4.701844
19296880.0,4.700086
19312500.0,4.698334
19328130.0,4.696583
19343750.0,4.694839
19359380.0,4.693095
19375000.0,4.691358
19390630.0,4.689623
19406250.0,4.687895
19421880.0,4.686169
19437500.0,4.684448
19453130.0,4.682729
19468750.0,4.681015
19484380.0,4.679304
19500000.0,4.6776
19515630.0,4.675896
19531250.0,4.6742
19546880.0,4.672506
19562500.0,4.670817
19578130.0,4.669131
19593750.0,4.66745
19609380.0,4.665772
19625000.0,4.664101
19640630.0,4.66243
19656250.0,4.660767
19671880.0,4.659107
19687500.0,4.657452
19703130.0,4.655799
19718750.0,4.654152
19734380.0,4.652509
19750000.0,4.65087
19765630.0,4.649236
19781250.0,4.647606
19796880.0,4.645981
19812500.0,4.644361
19828130.0,4.642743
19843750.0,4.641132
19859380.0,4.639523
19875000.0,4.637921
19890630.0,4.636322
19906250.0,4.634729
19921880.0,4.63314
19937500.0,4.631556
19953130.0,4.629976
19968750.0,4.628402
19984380.0,4.626831
20000000.0,4.625266
