1e-05,54.8894
1.03125e-05,54.09083
1.0625e-05,53.32776
1.09375e-05,52.59764
1.125e-05,51.89814
1.15625e-05,51.22721
1.1875e-05,50.58293
1.21875e-05,49.96359
1.25e-05,49.36763
1.28125e-05,48.79361
1.3125e-05,48.24021
1.34375e-05,47.70623
1.375e-05,47.19055
1.4375e-05,46.21012
1.5e-05,45.29163
1.5625e-05,44.42881
1.625e-05,43.61626
1.6875e-05,42.84928
1.75e-05,42.12376
1.8125e-05,41.4361
1.875e-05,40.78312
1.9375e-05,40.16199
2e-05,39.57021
2.09375e-05,38.73274
2.1875e-05,37.94969
2.28125e-05,37.21542
2.375e-05,36.52507
2.46875e-05,35.87443
2.5625e-05,35.25983
2.65625e-05,34.67806
2.75e-05,34.1263
2.84375e-05,33.60205
2.9375e-05,33.10311
3.03125e-05,32.62749
3.125e-05,32.17345
3.21875e-05,31.73938
3.3125e-05,31.32388
3.40625e-05,30.92565
3.5e-05,30.54353
3.59375e-05,30.17646
3.6875e-05,29.82348
3.78125e-05,29.48371
3.875e-05,29.15635
3.96875e-05,28.84065
4.0625e-05,28.53595
4.25e-05,27.95707
4.4375e-05,27.41529
4.625e-05,26.90679
4.8125e-05,26.42831
5e-05,25.977
5.15625e-05,25.61987
5.3125e-05,25.27861
5.46875e-05,24.95209
5.625e-05,24.63926
5.78125e-05,24.33921
5.9375e-05,24.05108
6.09375e-05,23.7741
6.25e-05,23.50758
6.40625e-05,23.25086
6.5625e-05,23.00337
6.71875e-05,22.76457
6.875e-05,22.53395
7.1875e-05,22.09549
7.5e-05,21.68472
7.8125e-05,21.29885
8.125e-05,20.93547
8.4375e-05,20.59246
8.75e-05,20.268
9.0625e-05,19.96046
9.375e-05,19.66844
9.6875e-05,19.39066
0.0001,19.12601
0.000103125,18.87348
0.00010625,18.63217
0.000109375,18.40128
0.0001125,18.18008
0.000115625,17.96791
0.00011875,17.76417
0.000121875,17.56831
0.000125,17.37985
0.000128125,17.19832
0.00013125,17.02332
0.000134375,16.85446
0.0001375,16.69139
0.00014375,16.38134
0.00015,16.09089
0.00015625,15.81803
0.0001625,15.56108
0.00016875,15.31853
0.000175,15.0891
0.00018125,14.87164
0.0001875,14.66515
0.00019375,14.46872
0.0002,14.28158
0.000209375,14.01674
0.00021875,13.76912
0.000228125,13.53692
0.0002375,13.3186
0.000246875,13.11285
0.00025625,12.91849
0.000265625,12.73451
0.000275,12.56003
0.000284375,12.39424
0.00029375,12.23646
0.000303125,12.08605
0.0003125,11.94246
0.000321875,11.80519
0.00033125,11.6738
0.000340625,11.54786
0.00035,11.42702
0.000359375,11.31094
0.00036875,11.19931
0.000378125,11.09186
0.0003875,10.98834
0.000396875,10.8885
0.00040625,10.79214
0.000425,10.60908
0.00044375,10.43774
0.0004625,10.27693
0.00048125,10.12562
0.0005,9.982892
0.000515625,9.869951
0.00053125,9.76203
0.000546875,9.658768
0.0005625,9.559839
0.000578125,9.464948
0.00059375,9.373827
0.000609375,9.286234
0.000625,9.201947
0.000640625,9.120761
0.00065625,9.042492
0.000671875,8.96697
0.0006875,8.894038
0.00071875,8.755373
0.00075,8.625467
0.00078125,8.503436
0.0008125,8.388512
0.00084375,8.280035
0.000875,8.177422
0.00090625,8.080162
0.0009375,7.987807
0.00096875,7.899957
0.001,7.816257
0.00103125,7.736391
0.0010625,7.660075
0.00109375,7.587053
0.001125,7.517095
0.00115625,7.449992
0.0011875,7.385555
0.00121875,7.323613
0.00125,7.264009
0.00128125,7.206598
0.0013125,7.15125
0.00134375,7.097843
0.001375,7.046268
0.0014375,6.948209
0.0015,6.856343
0.0015625,6.770046
0.001625,6.688776
0.0016875,6.612063
0.00175,6.539497
0.0018125,6.470717
0.001875,6.405404
0.0019375,6.343278
0.002,6.284087
0.00209375,6.200319
0.0021875,6.121995
0.00228125,6.048549
0.002375,5.979495
0.00246875,5.914413
0.0025625,5.852934
0.00265625,5.79474
0.00275,5.739546
0.00284375,5.687105
0.0029375,5.637193
0.00303125,5.589616
0.003125,5.544194
0.00321875,5.500772
0.0033125,5.459205
0.00340625,5.419366
0.0035,5.381139
0.00359375,5.344417
0.0036875,5.309104
0.00378125,5.275112
0.003875,5.242361
0.00396875,5.210777
0.0040625,5.180292
0.00425,5.122377
0.0044375,5.068169
0.004625,5.017293
0.0048125,4.969418
0.005,4.924261
0.00515625,4.888526
0.0053125,4.854379
0.00546875,4.821706
0.005625,4.790404
0.00578125,4.760378
0.0059375,4.731545
0.00609375,4.703827
0.00625,4.677155
0.00640625,4.651464
0.0065625,4.626696
0.00671875,4.602797
0.006875,4.579716
0.0071875,4.535834
0.0075,4.494721
0.0078125,4.456099
0.008125,4.419726
0.0084375,4.385391
0.00875,4.352911
0.0090625,4.322126
0.009375,4.292891
0.0096875,4.265081
0.01,4.238584
0.0103125,4.2133
0.010625,4.18914
0.0109375,4.166021
0.01125,4.143871
0.0115625,4.122624
0.011875,4.102221
0.0121875,4.082608
0.0125,4.063734
0.0128125,4.045553
0.013125,4.028025
0.0134375,4.011112
0.01375,3.994779
0.014375,3.963721
0.015,3.934623
0.015625,3.907288
0.01625,3.881542
0.016875,3.857238
0.0175,3.834247
0.018125,3.812454
0.01875,3.791758
0.019375,3.77207
0.02,3.75331
0.0206625,3.734361
0.021325,3.7163
0.0219875,3.69906
0.02265,3.682581
0.0233125,3.666807
0.023975,3.651691
0.0246375,3.637189
0.0253,3.623257
0.02607188,3.607699
0.02684375,3.592816
0.02761563,3.578559
0.0283875,3.564887
0.02915938,3.551759
0.02993125,3.539143
0.03070313,3.527003
0.031475,3.515311
0.03224688,3.504042
0.03301875,3.493167
0.0345625,3.47252
0.03610625,3.453207
0.03765,3.435091
0.03919375,3.418053
0.0407375,3.40199
0.04228125,3.386811
0.043825,3.372438
0.04536875,3.358803
0.0469125,3.345843
0.04845625,3.333506
0.05,3.321742
0.0515625,3.310375
0.053125,3.29951
0.0546875,3.289113
0.05625,3.27915
0.0578125,3.269592
0.059375,3.260411
0.0609375,3.251584
0.0625,3.243088
0.0640625,3.234904
0.065625,3.227011
0.0671875,3.219394
0.06875,3.212037
0.071875,3.198044
0.075,3.18493
0.078125,3.172605
0.08125,3.160995
0.084375,3.15003
0.0875,3.139653
0.090625,3.129813
0.09375,3.120466
0.096875,3.111571
0.1,3.103092
0.103125,3.094998
0.10625,3.087261
0.109375,3.079854
0.1125,3.072755
0.115625,3.065944
0.11875,3.0594
0.121875,3.053106
0.125,3.047048
0.128125,3.041209
0.13125,3.035578
0.134375,3.030143
0.1375,3.024892
0.14375,3.0149
0.15,3.005531
0.15625,2.996723
0.1625,2.98842
0.16875,2.980577
0.175,2.97315
0.18125,2.966106
0.1875,2.95941
0.19375,2.953035
0.2,2.946957
0.2046875,2.942578
0.209375,2.938343
0.21875,2.93028
0.228125,2.92271
0.2375,2.915581
0.246875,2.908854
0.25625,2.902491
0.265625,2.89646
0.275,2.890733
0.284375,2.885283
0.29375,2.880089
0.303125,2.875132
0.3125,2.870394
0.321875,2.865857
0.33125,2.861509
0.340625,2.857336
0.35,2.853326
0.359375,2.849469
0.36875,2.845755
0.378125,2.842176
0.3875,2.838722
0.396875,2.835387
0.40625,2.832164
0.415625,2.829047
0.425,2.826029
0.44375,2.820271
0.4625,2.814853
0.48125,2.809741
0.5,2.804906
0.53125,2.797399
0.5625,2.790496
0.59375,2.784118
0.625,2.778199
0.65625,2.772683
0.6875,2.767526
0.71875,2.762689
0.75,2.758138
0.78125,2.753845
0.8125,2.749784
0.84375,2.745936
0.875,2.742281
0.9375,2.735485
1.0,2.729287
1.0625,2.7236
1.125,2.718352
1.1875,2.713486
1.25,2.708957
1.3125,2.704722
1.375,2.700751
1.4375,2.697015
1.5,2.693489
1.5625,2.690154
1.625,2.686993
1.6875,2.683987
1.75,2.681125
1.875,2.675784
2.0,2.67089
2.09375,2.667474
2.1875,2.664251
2.28125,2.661202
2.375,2.658311
2.46875,2.655562
2.5625,2.652944
2.65625,2.650446
2.75,2.648058
2.9375,2.64358
3.125,2.639449
3.3125,2.635621
3.5,2.632057
3.6875,2.628724
3.875,2.625597
4.0625,2.622655
4.25,2.619876
4.4375,2.617247
4.625,2.614752
4.8125,2.612379
5.0,2.610119
5.3125,2.606576
5.625,2.603281
5.9375,2.600204
6.25,2.59732
6.5625,2.594608
6.875,2.592051
7.1875,2.589631
7.5,2.587337
7.8125,2.585156
8.125,2.583079
8.4375,2.581095
8.75,2.5792
9.0625,2.577384
9.375,2.575641
10.0,2.572356
10.625,2.569305
11.25,2.566459
11.875,2.563792
12.5,2.561283
13.125,2.558913
13.75,2.556668
14.375,2.554534
15.0,2.5525
15.625,2.550555
16.25,2.548693
16.875,2.546906
17.5,2.545185
18.125,2.543526
18.75,2.541925
19.375,2.540376
20.0,2.538874
20.9375,2.536702
21.875,2.534619
22.8125,2.532615
23.75,2.530682
24.6875,2.528811
25.625,2.526998
26.5625,2.525235
27.5,2.52352
28.4375,2.521846
29.375,2.520211
30.3125,2.51861
31.25,2.517041
33.125,2.513985
35.0,2.511025
36.875,2.508142
38.75,2.505324
40.625,2.502559
42.5,2.499836
44.375,2.497145
46.25,2.49448
48.125,2.491833
50.0,2.489198
53.125,2.484815
56.25,2.480424
59.375,2.475999
62.5,2.471518
65.625,2.466959
68.75,2.462298
71.875,2.457512
75.0,2.452574
78.125,2.447455
81.25,2.442118
82.8125,2.439357
84.375,2.436526
85.9375,2.433619
87.5,2.43063
89.0625,2.42755
90.625,2.424372
92.1875,2.421087
93.75,2.417682
95.3125,2.414149
96.875,2.410473
98.4375,2.406639
100.0,2.40263
101.248,2.39929
102.496,2.395815
103.744,2.392193
104.992,2.388409
106.24,2.384448
107.488,2.380292
108.736,2.375919
109.984,2.371308
110.608,2.368905
111.232,2.366432
111.856,2.363884
112.48,2.361259
113.104,2.35855
113.728,2.355753
114.352,2.352863
114.976,2.349875
115.6,2.346781
116.224,2.343574
116.848,2.340249
117.472,2.336797
118.096,2.333209
118.72,2.329475
119.344,2.325586
119.968,2.321531
120.592,2.317298
121.216,2.312873
121.84,2.308242
122.464,2.303391
123.088,2.298302
123.712,2.292957
124.024,2.290184
124.336,2.287338
124.648,2.284419
124.96,2.281424
125.272,2.278348
125.584,2.275191
125.896,2.27195
126.208,2.26862
126.52,2.2652
126.832,2.261686
127.144,2.258076
127.456,2.254368
127.768,2.250559
128.08,2.246646
128.392,2.242629
128.704,2.238506
129.016,2.234278
129.328,2.229945
129.64,2.225508
129.952,2.220973
130.264,2.216345
130.576,2.211633
130.888,2.20685
131.2,2.202015
131.512,2.197152
131.668,2.194719
131.824,2.192294
131.98,2.189879
132.136,2.187484
132.292,2.185116
132.448,2.182784
132.604,2.180498
132.76,2.17827
132.916,2.176115
133.072,2.174049
133.228,2.172091
133.384,2.170262
133.54,2.168588
133.696,2.167098
133.852,2.165826
134.008,2.164813
134.164,2.164105
134.32,2.163758
134.476,2.163835
134.632,2.164413
134.788,2.165581
134.944,2.167448
135.1,2.170139
135.256,2.173809
135.412,2.178638
135.568,2.18485
135.724,2.19271
135.802,2.197358
135.88,2.202547
135.958,2.208328
136.036,2.214762
136.114,2.221911
136.192,2.229851
136.27,2.23866
136.348,2.24843
136.426,2.259263
136.504,2.271273
136.582,2.284587
136.66,2.299355
136.738,2.315738
136.816,2.333924
136.894,2.354127
136.972,2.376588
137.05,2.401584
137.128,2.429437
137.206,2.460513
137.284,2.495236
137.362,2.534101
137.44,2.577681
137.518,2.626647
137.596,2.681791
137.674,2.744043
137.752,2.81451
137.83,2.89451
137.908,2.985626
137.947,3.035935
137.986,3.089769
138.025,3.147432
138.064,3.20926
138.103,3.275625
138.142,3.346941
138.181,3.423668
138.22,3.506318
138.259,3.595464
138.298,3.69175
138.337,3.795895
138.376,3.90871
138.415,4.031113
138.454,4.164139
138.493,4.308967
138.532,4.466934
138.571,4.639573
138.61,4.828637
138.649,5.036145
138.688,5.264427
138.727,5.516183
138.766,5.794562
138.805,6.103237
138.844,6.446534
138.883,6.829556
138.922,7.258364
138.9415,7.492148
138.961,7.740199
138.9805,8.003654
139.0,8.283761
139.0195,8.581896
139.039,8.899576
139.0585,9.238483
139.078,9.600474
139.0975,9.987616
139.117,10.4022
139.1365,10.84681
139.156,11.32429
139.1755,11.83785
139.1853,12.11069
139.195,12.3911
139.2048,12.68538
139.2145,12.98809
139.2243,13.30606
139.234,13.63342
139.2438,13.9776
139.2487,14.15497
139.2535,14.33227
139.2584,14.51697
139.2633,14.70552
139.2682,14.89803
139.273,15.09054
139.2779,15.2912
139.2828,15.49613
139.2877,15.70549
139.2925,15.91495
139.2974,16.13339
139.3023,16.35662
139.3072,16.58478
139.312,16.81319
139.3169,17.05152
139.3218,17.29522
139.3267,17.54443
139.3315,17.79407
139.3364,18.05472
139.3413,18.32138
139.3462,18.59425
139.351,18.86776
139.3559,19.1535
139.3608,19.44604
139.3657,19.74558
139.3705,20.04601
139.3754,20.36008
139.3803,20.68183
139.3852,21.01154
139.39,21.34245
139.3949,21.68862
139.3998,22.04352
139.4047,22.40745
139.4095,22.77299
139.4144,23.15567
139.4193,23.54831
139.4242,23.95124
139.429,24.35627
139.4339,24.78064
139.4388,25.21641
139.4437,25.66397
139.4485,26.11425
139.4534,26.58642
139.4583,27.07171
139.4632,27.57058
139.468,28.07291
139.4729,28.60016
139.4778,29.14255
139.4827,29.70065
139.4875,30.26318
139.4924,30.85418
139.4973,31.46277
139.5022,32.08963
139.507,32.7221
139.5119,33.3873
139.5168,34.07303
139.5217,34.78011
139.5265,35.49434
139.5314,36.24634
139.5363,37.02247
139.5412,37.82374
139.546,38.63404
139.5509,39.48827
139.5558,40.371
139.5607,41.28349
139.5655,42.20747
139.5704,43.18283
139.5753,44.19209
139.5802,45.23684
139.585,46.29623
139.5899,47.41613
139.5948,48.57668
139.5997,49.77985
139.6045,51.00176
139.6094,52.29547
139.6143,53.63831
139.6192,55.03274
139.624,56.45127
139.6289,57.95571
139.6338,59.52005
139.6387,61.14743
139.6435,62.80595
139.6484,64.56823
139.6533,66.4042
139.6582,68.31795
139.663,70.27224
139.6679,72.35306
139.6728,74.52554
139.6777,76.79499
139.6825,79.11765
139.6874,81.59631
139.6923,84.19026
139.6972,86.90654
139.702,89.69334
139.7069,92.67482
139.7118,95.80309
139.7167,99.08771
139.7215,102.4668
139.7264,106.092
139.7313,109.9069
139.7362,113.9243
139.741,118.0699
139.7459,122.5314
139.7508,127.2415
139.7557,132.2183
139.7605,137.3712
139.7654,142.9364
139.7703,148.8329
139.7752,155.0866
139.78,161.5864
139.7849,168.6335
139.7898,176.1308
139.7947,184.1156
139.7995,192.4499
139.8044,201.5259
139.8093,211.2255
139.8142,221.6042
139.819,232.4888
139.8239,244.3998
139.8288,257.1937
139.8337,270.9544
139.8385,285.4614
139.8434,301.4214
139.8483,318.6588
139.8532,337.3027
139.858,357.068
139.8629,378.936
139.8678,402.6899
139.8727,428.5288
139.8775,456.0755
139.8824,486.7199
139.8849,503.4232
139.8873,520.1849
139.8898,538.4413
139.8922,556.7713
139.8946,575.9288
139.897,595.9554
139.8995,617.7867
139.9019,639.7227
139.9044,663.6417
139.9068,687.6794
139.9093,713.8925
139.9117,740.2355
139.9141,767.7837
139.9165,796.5878
139.919,827.9818
139.9214,859.505
139.9239,893.8363
139.9263,928.2756
139.9288,965.7376
139.9312,1003.262
139.9336,1042.345
139.936,1083.007
139.94,1154.304
139.944,1229.971
139.948,1309.83
139.952,1393.533
139.956,1480.514
139.96,1569.941
139.968,1751.262
139.972,1839.879
139.976,1924.408
139.98,2002.477
139.984,2071.579
139.988,2129.236
139.992,2173.195
139.996,2201.628
140.0,2213.325
140.004,2207.815
140.008,2185.427
140.012,2147.239
140.016,2094.965
140.02,2030.776
140.024,1957.091
140.028,1876.386
140.032,1791.032
140.04,1614.636
140.048,1441.277
140.052,1358.514
140.056,1279.272
140.06,1203.947
140.064,1132.755
140.0677,1070.654
140.0714,1012.139
140.0751,957.1357
140.0787,906.8797
140.0824,858.4389
140.086,814.281
140.0897,771.7864
140.0933,733.0884
140.097,695.8681
140.1007,661.0676
140.1044,628.523
140.108,598.8751
140.1117,570.3322
140.1153,544.3057
140.119,519.222
140.1226,496.3223
140.1263,474.2232
140.13,453.4764
140.1337,433.9843
140.1373,416.1373
140.141,398.8629
140.1446,383.0218
140.1483,367.6645
140.1519,353.5595
140.1556,339.8637
140.1592,327.2649
140.1629,315.0124
140.1665,303.7238
140.1702,292.7287
140.1738,282.5831
140.1811,263.5413
140.1885,246.116
140.1958,230.5544
140.2031,216.4187
140.2104,203.5448
140.2178,191.6369
140.2251,180.8923
140.2324,171.0358
140.2397,161.9741
140.2471,153.5156
140.2544,145.8166
140.2617,138.6949
140.269,132.0951
140.2763,125.968
140.2836,120.27
140.2909,114.9622
140.2982,110.0102
140.3056,105.3219
140.3129,100.996
140.3202,96.94226
140.3275,93.13844
140.3349,89.51707
140.3422,86.1577
140.3495,82.99354
140.3568,80.00979
140.3642,77.15553
140.3715,74.49554
140.3788,71.97903
140.3861,69.59586
140.4007,65.19325
140.4153,61.2226
140.43,57.60564
140.4446,54.34491
140.4592,51.37509
140.4738,48.66242
140.4885,46.16158
140.5031,43.88146
140.5177,41.7826
140.5323,39.84614
140.547,38.04384
140.5616,36.38569
140.5763,34.83613
140.5909,33.40499
140.6056,32.06263
140.6202,30.81851
140.6348,29.65536
140.6494,28.56622
140.6641,27.5381
140.6787,26.57937
140.6933,25.6778
140.7079,24.82887
140.7226,24.02317
140.7372,23.26798
140.7518,22.5543
140.7664,21.87908
140.7811,21.23533
140.7957,20.62926
140.825,19.50403
140.8543,18.48712
140.8835,17.56782
140.9128,16.72828
140.942,15.96445
140.9713,15.26269
141.0005,14.62059
141.0298,14.02753
141.0591,13.48036
141.0884,12.97438
141.1176,12.507
141.1469,12.07141
141.1762,11.6661
141.2055,11.28824
141.2347,10.93653
141.264,10.60635
141.2933,10.29697
141.3226,10.00664
141.3518,9.734678
141.3811,9.477821
141.4103,9.236558
141.4396,9.008092
141.4688,8.792952
141.4981,8.588729
141.5274,8.395326
141.5567,8.211968
141.5859,8.038531
141.6444,7.716463
141.7029,7.42462
141.7615,7.15878
141.82,6.916645
141.8785,6.695012
141.937,6.49155
141.9956,6.303947
142.0541,6.13111
142.1127,5.970938
142.1712,5.822671
142.2298,5.684652
142.2883,5.556347
142.3468,5.436625
142.4053,5.324707
142.4639,5.219726
142.5224,5.121422
142.5809,5.029062
142.6394,4.942151
142.698,4.860115
142.7565,4.782836
142.815,4.709813
142.8735,4.640724
142.9321,4.575169
142.9906,4.513105
143.0492,4.454079
143.1077,4.398073
143.1663,4.344696
143.2248,4.293947
143.3418,4.199396
143.4589,4.113081
143.5759,4.03415
143.693,3.961619
143.81,3.894885
143.9271,3.83321
144.0442,3.776111
144.1613,3.723119
144.2783,3.673867
144.3954,3.627912
144.5124,3.585017
144.6295,3.544835
144.7465,3.507186
144.8636,3.47179
144.9807,3.438486
145.0978,3.407099
145.2148,3.3775
145.3319,3.3495
145.4489,3.32302
145.566,3.297903
145.683,3.274088
145.8001,3.251444
145.9172,3.229906
146.0343,3.209397
146.1513,3.189864
146.2684,3.17121
146.3854,3.153409
146.6195,3.120091
146.8537,3.08952
147.0878,3.0614
147.3219,3.035443
147.556,3.011414
147.7902,2.989101
148.0243,2.968346
148.2584,2.948987
148.4925,2.930889
148.7267,2.913928
148.9608,2.898014
149.1949,2.883048
149.429,2.868947
149.6632,2.855636
149.8973,2.843059
150.1314,2.831153
150.3655,2.819865
150.5997,2.809145
150.8338,2.798959
151.0679,2.789264
151.302,2.780025
151.5362,2.771207
151.7703,2.762788
152.0044,2.754739
152.2385,2.747035
152.4727,2.739651
152.7068,2.732573
153.175,2.719253
153.6433,2.706938
154.1115,2.695519
154.5798,2.684898
155.048,2.674992
155.5163,2.665727
155.9845,2.657044
156.4528,2.648882
156.921,2.641199
157.3893,2.633946
157.8575,2.627092
158.3258,2.620598
158.794,2.614436
159.2623,2.60858
159.7305,2.603006
160.1988,2.59769
160.667,2.592616
161.1353,2.587763
161.6035,2.583118
162.0718,2.578665
162.54,2.574392
163.0083,2.570286
163.4765,2.566337
163.9448,2.562532
164.413,2.558866
165.3495,2.551911
166.286,2.54541
167.2225,2.539314
168.159,2.533578
169.0955,2.528163
170.032,2.523038
170.9685,2.518174
171.905,2.513544
172.8415,2.509128
173.778,2.504906
174.7145,2.50086
175.651,2.496977
176.5875,2.49324
177.524,2.489638
178.4605,2.486161
179.397,2.482799
180.3335,2.479541
181.27,2.47638
183.143,2.470323
185.016,2.464573
186.889,2.459087
188.762,2.453829
190.635,2.448767
192.508,2.443873
194.381,2.439124
196.254,2.434499
198.127,2.429977
200.0,2.425544
201.5607,2.421904
203.1214,2.418306
204.6821,2.414739
206.2427,2.411199
209.3641,2.404156
210.9248,2.400641
212.4854,2.397116
214.0461,2.393574
215.6068,2.390004
217.1675,2.386398
218.7281,2.382742
220.2888,2.379023
221.8494,2.375226
223.4101,2.371332
224.1904,2.369342
224.9707,2.367319
225.7511,2.365261
226.5314,2.363163
227.3118,2.36102
228.0921,2.35883
228.8725,2.356586
229.6528,2.354283
230.4331,2.351912
231.2134,2.349469
231.9938,2.346942
232.7741,2.344323
233.5545,2.341601
234.3348,2.338763
235.1152,2.335794
235.5054,2.334254
235.8955,2.332676
236.2857,2.331055
236.6758,2.32939
237.066,2.327676
237.4561,2.325912
237.8463,2.324093
238.2365,2.322215
238.6267,2.320276
239.0168,2.318269
239.407,2.316192
239.7972,2.314038
240.1874,2.311803
240.5775,2.309483
240.9677,2.307072
241.3579,2.304565
241.7481,2.301957
242.1382,2.299249
242.5284,2.296436
242.7235,2.294991
242.9185,2.293522
243.1136,2.292029
243.3087,2.290513
243.5038,2.288978
243.6988,2.287428
243.8939,2.285865
244.089,2.284294
244.2841,2.282726
244.4792,2.281167
244.6743,2.279631
244.8694,2.278133
245.0645,2.276695
245.2595,2.275344
245.4546,2.274113
245.6497,2.27305
245.8448,2.272213
245.9423,2.271904
246.0398,2.271684
246.1374,2.271566
246.2349,2.271567
246.3325,2.271707
246.43,2.272006
246.5276,2.272493
246.6251,2.273196
246.7226,2.274151
246.8201,2.275401
246.9177,2.276997
247.0152,2.278997
247.1128,2.281476
247.2103,2.284513
247.3079,2.28822
247.4054,2.292714
247.503,2.298159
247.5518,2.301294
247.6005,2.304732
247.6493,2.308518
247.6981,2.31268
247.7469,2.317257
247.7956,2.32228
247.8444,2.327818
247.8932,2.333918
247.942,2.34064
247.9907,2.348037
248.0395,2.35622
248.0883,2.365265
248.1371,2.375273
248.1858,2.386341
248.2346,2.398647
248.2833,2.412298
248.3321,2.427529
248.3808,2.444489
248.4296,2.46349
248.4784,2.484788
248.5272,2.508719
248.5759,2.535626
248.6247,2.566091
248.6735,2.600632
248.6979,2.619639
248.7223,2.639931
248.7467,2.661616
248.771,2.684716
248.7954,2.709552
248.8198,2.736177
248.8442,2.764756
248.8686,2.795467
248.893,2.828511
248.9174,2.864115
248.9418,2.902528
248.9661,2.943858
248.9905,2.988762
249.0149,3.037435
249.0393,3.090282
249.0636,3.14752
249.088,3.210141
249.1124,3.278521
249.1368,3.353344
249.1611,3.43505
249.1855,3.525219
249.2099,3.624587
249.2343,3.734384
249.2587,3.856047
249.2831,3.991269
249.3075,4.142043
249.3319,4.310739
249.3441,4.402671
249.3562,4.499364
249.3684,4.602856
249.3806,4.712859
249.3928,4.829909
249.405,4.9546
249.4172,5.087587
249.4294,5.229595
249.4416,5.38143
249.4538,5.54399
249.466,5.718271
249.4782,5.905392
249.4904,6.106602
249.5026,6.323306
249.5148,6.557083
249.527,6.809719
249.5392,7.083231
249.5513,7.377379
249.5635,7.699618
249.5757,8.050593
249.5879,8.433722
249.6001,8.852935
249.6123,9.312771
249.6245,9.818496
249.6367,10.37624
249.6489,10.99317
249.6611,11.67771
249.6733,12.43982
249.6794,12.85356
249.6855,13.29129
249.6916,13.75485
249.6977,14.24624
249.7038,14.76768
249.7099,15.32159
249.716,15.91066
249.7221,16.5378
249.7282,17.2063
249.7343,17.91976
249.7404,18.68215
249.7464,19.48409
249.7525,20.35718
249.7586,21.294
249.7647,22.30068
249.7708,23.38409
249.7769,24.55195
249.783,25.81293
249.7891,27.17681
249.7952,28.65463
249.8013,30.25889
249.8074,32.00381
249.8135,33.90552
249.8166,34.93787
249.8196,35.98248
249.8227,37.11177
249.8257,38.25574
249.8288,39.49386
249.8318,40.7495
249.8349,42.11004
249.8379,43.49149
249.8409,44.94064
249.8439,46.46172
249.847,48.11389
249.85,49.79557
249.8531,51.6245
249.8561,53.48851
249.8577,54.52259
249.8592,55.51839
249.8607,56.54053
249.8622,57.58989
249.8638,58.74024
249.8653,59.84873
249.8668,60.98731
249.8683,62.15698
249.8699,63.44006
249.8714,64.67731
249.8729,65.94898
249.8744,67.25622
249.876,68.69117
249.8775,70.07582
249.879,71.4999
249.8805,72.96477
249.8821,74.57382
249.8836,76.12748
249.8851,77.72639
249.8866,79.37212
249.8882,81.18099
249.8897,82.92868
249.8912,84.72833
249.8927,86.58177
249.8943,88.62014
249.8958,90.59069
249.8973,92.62094
249.8988,94.71293
249.9004,97.01483
249.9019,99.24125
249.9034,101.5361
249.9049,103.9018
249.9065,106.5059
249.908,109.0255
249.9095,111.6235
249.911,114.3023
249.9126,117.2518
249.9141,120.1063
249.9156,123.0497
249.9171,126.085
249.9187,129.4273
249.9202,132.6614
249.9217,135.996
249.9232,139.434
249.9248,143.2184
249.9263,146.8789
249.9278,150.6514
249.9293,154.5385
249.9309,158.8139
249.9324,162.9458
249.9339,167.1998
249.9354,171.5779
249.9369,176.082
249.9384,180.7138
249.9399,185.4746
249.9414,190.3652
249.9433,196.7472
249.9451,202.9861
249.947,209.7736
249.9488,216.3925
249.9507,223.5732
249.9525,230.5534
249.9543,237.698
249.9561,244.9965
249.958,252.853
249.9598,260.4241
249.9616,268.1009
249.9634,275.8615
249.9671,291.9661
249.9707,307.6186
249.9744,323.37
249.9781,338.4014
249.9818,352.2849
249.9854,364.261
249.9891,374.5575
249.9927,382.234
249.9964,387.394
250.0,389.5505
250.0037,388.7382
250.0074,384.9113
250.0111,378.2622
250.0147,369.3762
250.0184,358.1401
250.0221,345.2032
250.0258,331.0102
250.0294,316.4006
250.0331,300.9382
250.0368,285.3506
250.0441,255.2266
250.0478,240.6424
250.0514,227.0493
250.0551,213.762
250.0587,201.5359
250.0623,190.0163
250.0658,179.4907
250.0693,169.6148
250.0728,160.3665
250.0763,151.7178
250.0798,143.638
250.0833,136.0945
250.0868,129.0539
250.0903,122.4835
250.0938,116.3515
250.0973,110.6268
250.1008,105.2805
250.1043,100.285
250.1078,95.61451
250.1113,91.245
250.1148,87.15414
250.1184,83.2153
250.1219,79.62774
250.1254,76.26086
250.1289,73.09841
250.1324,70.12547
250.1359,67.32826
250.1394,64.69413
250.1429,62.21143
250.1464,59.86947
250.1499,57.65837
250.1534,55.56908
250.1569,53.59324
250.1604,51.72315
250.1639,49.95173
250.1709,46.67921
250.178,43.68918
250.185,41.02568
250.192,38.61047
250.199,36.41436
250.206,34.41222
250.213,32.58231
250.22,30.90577
250.227,29.3662
250.2341,27.92987
250.2411,26.62455
250.2481,25.41823
250.2551,24.30121
250.2621,23.26498
250.2691,22.30198
250.2761,21.40551
250.2831,20.56961
250.2902,19.77819
250.2972,19.04875
250.3042,18.3655
250.3112,17.72463
250.3182,17.12271
250.3252,16.55664
250.3322,16.02363
250.3392,15.52115
250.3463,15.04033
250.3533,14.5926
250.3603,14.1691
250.3673,13.76811
250.3813,13.0275
250.3953,12.3597
250.4094,11.7513
250.4234,11.20304
250.4374,10.7037
250.4514,10.24758
250.4655,9.826933
250.4795,9.44348
250.4935,9.090453
250.5075,8.764682
250.5216,8.461325
250.5356,8.182247
250.5496,7.923082
250.5636,7.681953
250.5777,7.455649
250.5917,7.245899
250.6057,7.049732
250.6197,6.86598
250.6338,6.692407
250.6478,6.530533
250.6618,6.378248
250.6758,6.234794
250.6899,6.098549
250.7039,5.970824
250.7179,5.850066
250.7319,5.735765
250.746,5.626708
250.76,5.524016
250.788,5.33384
250.8161,5.161159
250.8441,5.004922
250.8722,4.862077
250.9002,4.731999
250.9283,4.612349
250.9563,4.502775
250.9844,4.401447
251.0124,4.308182
251.0405,4.221525
251.0685,4.141406
251.0966,4.066646
251.1246,3.997247
251.1527,3.932243
251.1807,3.871679
251.2088,3.814754
251.2368,3.761543
251.2649,3.711371
251.2929,3.664331
251.321,3.619848
251.349,3.578029
251.3771,3.53838
251.4051,3.50101
251.4332,3.465493
251.4612,3.431939
251.4893,3.399978
251.5173,3.36972
251.5734,3.313439
251.6295,3.262334
251.6856,3.215763
251.7417,3.173183
251.7978,3.134129
251.8538,3.098265
251.9099,3.065125
251.966,3.034477
252.0221,3.006067
252.0782,2.97967
252.1343,2.95509
252.1904,2.932156
252.2465,2.910717
252.3026,2.890636
252.3587,2.871796
252.4148,2.85409
252.4709,2.837424
252.527,2.821712
252.5831,2.806879
252.6392,2.792856
252.6953,2.779581
252.7513,2.767021
252.8635,2.743734
252.9757,2.722668
253.0879,2.703531
253.2001,2.686077
253.3123,2.670101
253.4245,2.65543
253.5367,2.641913
253.6488,2.629433
253.761,2.61786
253.8732,2.607108
253.9854,2.597097
254.0976,2.587752
254.2098,2.579012
254.322,2.570818
254.4342,2.563125
254.5464,2.555886
254.7708,2.542622
254.9952,2.530764
255.2196,2.5201
255.4439,2.510462
255.6683,2.5017
255.8927,2.493701
256.1171,2.48637
256.3414,2.479627
256.5658,2.473396
256.7902,2.467622
257.0146,2.462254
257.2389,2.457253
257.4633,2.452575
257.6877,2.44819
257.9121,2.44407
258.1365,2.44019
258.3609,2.436528
258.5853,2.433064
259.034,2.426668
259.4828,2.420881
259.9315,2.415614
260.3803,2.41079
260.829,2.406348
261.2778,2.402237
261.7266,2.398414
262.1754,2.394845
262.6241,2.391501
263.0729,2.388354
263.5216,2.385384
263.9704,2.38257
264.4191,2.379899
264.8679,2.377354
265.3167,2.374925
265.7655,2.3726
266.2142,2.37037
267.1117,2.366162
268.0092,2.362243
268.9068,2.358569
269.8043,2.355104
270.7018,2.351819
271.5993,2.348688
272.4969,2.34569
273.3944,2.34281
274.2919,2.340033
275.1894,2.337347
276.0869,2.33474
276.9844,2.332206
277.8819,2.329734
278.7794,2.327319
280.5745,2.322635
282.3695,2.318116
284.1646,2.313729
285.9596,2.30945
287.7547,2.305259
289.5497,2.301139
291.3448,2.297078
293.1398,2.293062
296.7299,2.285131
300.32,2.277281
303.9101,2.269461
307.5001,2.26163
311.0902,2.253749
314.6803,2.245783
318.2704,2.237698
321.8605,2.229457
325.4506,2.221014
327.2457,2.2167
329.0407,2.212315
330.8358,2.207849
332.6308,2.203291
334.4258,2.198628
336.2208,2.193845
338.0159,2.188921
339.8109,2.183835
340.7085,2.18122
341.606,2.178553
342.5035,2.175829
343.401,2.173039
344.2986,2.17018
345.1961,2.167241
346.0936,2.164215
346.9911,2.161092
347.8886,2.157857
348.7861,2.154497
349.6836,2.150994
350.5811,2.147328
351.0299,2.145425
351.4787,2.143471
351.9275,2.141463
352.3762,2.139396
352.825,2.137264
353.2737,2.135063
353.7225,2.132786
354.1712,2.130427
354.62,2.127978
355.0688,2.125432
355.5176,2.122779
355.9663,2.120013
356.4151,2.117119
356.8638,2.114091
357.3126,2.110914
357.7613,2.107582
358.2101,2.104085
358.4345,2.102274
358.6589,2.100421
358.8833,2.098529
359.1077,2.096598
359.3321,2.094634
359.5564,2.092642
359.7808,2.090631
360.0052,2.088611
360.2296,2.086603
360.4539,2.084631
360.6783,2.082729
360.9027,2.08095
361.1271,2.079362
361.2393,2.078671
361.3514,2.078069
361.4636,2.077577
361.5758,2.077218
361.688,2.077021
361.8002,2.077022
361.9124,2.077263
362.0246,2.0778
362.1368,2.078697
362.2489,2.080035
362.3611,2.081919
362.4733,2.084477
362.5855,2.087873
362.6977,2.09232
362.8099,2.098088
362.866,2.101576
362.9221,2.105536
362.9782,2.110033
363.0343,2.115139
363.0904,2.120937
363.1464,2.127516
363.2025,2.135013
363.2586,2.143555
363.3147,2.153303
363.3708,2.164448
363.4269,2.177219
363.483,2.191891
363.5391,2.208793
363.5952,2.228331
363.6513,2.250996
363.6794,2.263711
363.7074,2.277398
363.7355,2.292258
363.7635,2.308295
363.7916,2.325748
363.8196,2.344635
363.8477,2.365248
363.8757,2.387622
363.9038,2.412119
363.9318,2.438798
363.9599,2.468113
363.9879,2.500159
364.0159,2.535382
364.0439,2.574182
364.072,2.617183
364.1,2.664616
364.1281,2.717456
364.1561,2.776064
364.1842,2.841734
364.2122,2.915031
364.2403,2.997714
364.2543,3.042769
364.2683,3.090667
364.2824,3.142015
364.2964,3.196342
364.3104,3.254282
364.3244,3.316146
364.3385,3.382769
364.3525,3.453591
364.3665,3.529494
364.3805,3.610956
364.3946,3.699155
364.4086,3.793439
364.4226,3.895081
364.4366,4.004833
364.4507,4.124428
364.4647,4.253138
364.4787,4.392873
364.4927,4.544876
364.5068,4.711809
364.5208,4.892946
364.5348,5.0913
364.5488,5.309044
364.5629,5.550493
364.5769,5.815177
364.5909,6.108163
364.6049,6.433493
364.619,6.798674
364.633,7.204239
364.64,7.425153
364.647,7.659419
364.654,7.908103
364.661,8.172372
364.6681,8.457663
364.6751,8.757379
364.6821,9.076988
364.6891,9.418236
364.6961,9.783058
364.7031,10.1736
364.7101,10.59228
364.7171,11.04174
364.7242,11.53219
364.7312,12.05317
364.7382,12.61514
364.7452,13.22238
364.7522,13.87968
364.7592,14.59253
364.7662,15.36711
364.7732,16.21049
364.7803,17.14448
364.7873,18.15215
364.7943,19.25671
364.8013,20.47043
364.8083,21.80752
364.8153,23.28445
364.8223,24.92036
364.8293,26.73763
364.8329,27.75125
364.8364,28.79309
364.8399,29.89456
364.8434,31.06003
364.8469,32.29422
364.8504,33.60228
364.8539,34.98979
364.8574,36.46285
364.8609,38.0281
364.8644,39.69273
364.8662,40.59008
364.8679,41.46464
364.8697,42.42044
364.8714,43.35239
364.8732,44.37137
364.8749,45.36534
364.8767,46.45261
364.8784,47.51366
364.8802,48.67481
364.8819,49.80845
364.8837,51.04955
364.8854,52.26177
364.8872,53.58946
364.8889,54.88676
364.8907,56.30819
364.8924,57.69764
364.8942,59.22062
364.8959,60.70988
364.8977,62.34281
364.8994,63.94013
364.9012,65.69211
364.9029,67.40638
364.9047,69.28717
364.9064,71.12793
364.9082,73.14793
364.9099,75.12532
364.9117,77.2956
364.9134,79.42036
364.9152,81.75256
364.9169,84.03592
364.9187,86.54217
364.9204,88.99574
364.9222,91.68846
364.9239,94.32406
364.9257,97.21575
364.9274,100.0451
364.9292,103.1479
364.9309,106.1823
364.9327,109.5078
364.9344,112.7574
364.9362,116.3157
364.9379,119.7891
364.9397,123.5879
364.9414,127.2912
364.9433,131.5636
364.9451,135.7411
364.947,140.287
364.9488,144.7208
364.9507,149.5322
364.9525,154.2102
364.9543,158.9996
364.9561,163.8934
364.958,169.1628
364.9598,174.2421
364.9616,179.3939
364.9634,184.6032
364.9671,195.4192
364.9707,205.939
364.9744,216.5339
364.9781,226.6548
364.9818,236.0142
364.9854,244.1008
364.9891,251.0695
364.9927,256.2847
364.9964,259.818
365.0,261.3373
365.0037,260.8678
365.0074,258.3751
365.0111,253.987
365.0147,248.0929
365.0184,240.6201
365.022,232.2468
365.0257,222.7997
365.0293,213.0588
365.033,202.7364
365.0367,192.3197
365.0404,181.992
365.044,172.1657
365.0477,162.3998
365.0513,153.2932
365.055,144.3881
365.0586,136.1914
365.062,128.8829
365.0654,121.9936
365.0688,115.5152
365.0721,109.6082
365.0755,103.8982
365.0788,98.70396
365.0822,93.69131
365.0855,89.13618
365.0889,84.74277
365.0922,80.75095
365.0956,76.90009
365.0989,73.39956
365.1023,70.02022
365.1056,66.94549
365.109,63.97404
365.1123,61.26721
365.1157,58.64789
365.1191,56.18836
365.1225,53.8771
365.1258,51.76557
365.1292,49.71615
365.1325,47.84091
365.1359,46.018
365.1392,44.34737
365.1426,42.72079
365.1459,41.22776
365.1493,39.77181
365.1526,38.43333
365.156,37.12609
365.1593,35.92248
365.166,33.65968
365.1728,31.58547
365.1795,29.73443
365.1862,28.05207
365.1929,26.51903
365.1996,25.11857
365.2063,23.83614
365.213,22.65909
365.2197,21.57637
365.2264,20.57832
365.2331,19.65644
365.2398,18.80327
365.2465,18.01222
365.2532,17.27743
365.2599,16.59375
365.2666,15.95657
365.2733,15.36179
365.2801,14.79771
365.2868,14.27761
365.2935,13.78999
365.3002,13.33219
365.3069,12.90182
365.3136,12.49674
365.3203,12.11501
365.327,11.75485
365.3337,11.41468
365.3404,11.09302
365.3471,10.78856
365.3538,10.50009
365.3672,9.966773
365.3806,9.485292
365.3941,9.045997
365.4075,8.649816
365.4209,8.288609
365.4343,7.958342
365.4477,7.65554
365.4611,7.377205
365.4745,7.12074
365.4879,6.883883
365.5014,6.663082
365.5148,6.459865
365.5282,6.271012
365.5416,6.095179
365.555,5.931176
365.5684,5.777945
365.5818,5.634549
365.5952,5.500146
365.6087,5.373075
365.6221,5.254539
365.6355,5.142962
365.6489,5.037799
365.6623,4.938555
365.6757,4.844786
365.6891,4.756087
365.7025,4.67209
365.716,4.591883
365.7294,4.516346
365.7562,4.376363
365.783,4.249575
365.8098,4.134334
365.8367,4.028867
365.8635,3.932767
365.8903,3.844605
365.9171,3.763504
365.944,3.68844
365.9708,3.619314
365.9976,3.555259
366.0244,3.495778
366.0513,3.44023
366.0781,3.388641
366.1049,3.340454
366.1317,3.295365
366.1586,3.252953
366.1854,3.213291
366.2122,3.176
366.239,3.140888
366.2659,3.107662
366.2927,3.076413
366.3463,3.018909
366.4,2.967183
366.4536,2.920621
366.5073,2.878377
366.5609,2.840048
366.6146,2.805016
366.6682,2.773013
366.7219,2.743573
366.7755,2.716517
366.8292,2.691488
366.8829,2.66832
366.9366,2.646825
366.9902,2.62687
367.0439,2.608237
367.0975,2.590866
367.1512,2.574582
367.2048,2.559343
367.3121,2.531545
367.4194,2.506871
367.5267,2.48484
367.634,2.465062
367.7413,2.447221
367.8486,2.431051
367.9559,2.416335
368.0632,2.402889
368.1705,2.390559
368.2778,2.379216
368.3851,2.368745
368.4924,2.359052
368.5998,2.350046
368.7071,2.341673
368.9217,2.326556
369.1363,2.313279
369.3509,2.301526
369.5655,2.291044
369.7801,2.281635
369.9947,2.273138
370.2093,2.265424
370.424,2.258379
370.6386,2.251925
370.8532,2.245981
371.0678,2.240486
371.2824,2.235389
371.497,2.230642
371.9262,2.222054
372.3555,2.214472
372.7847,2.207711
373.2139,2.201627
373.6431,2.196103
374.0724,2.191051
374.5016,2.186402
374.9308,2.182096
375.36,2.178084
375.7893,2.174328
376.2185,2.170796
376.6477,2.16746
377.0769,2.164297
377.5062,2.161285
377.9354,2.158411
378.7938,2.153012
379.6523,2.148004
380.5107,2.143317
381.3692,2.138893
382.2276,2.134687
383.0861,2.130665
383.9445,2.126799
384.803,2.123063
385.6614,2.119441
386.5199,2.115915
387.3783,2.112471
388.2368,2.109098
389.0952,2.105788
390.8121,2.09932
392.5289,2.093012
394.2458,2.086823
395.9627,2.080721
397.6796,2.074681
399.3965,2.06868
402.8303,2.056736
406.264,2.044783
409.6978,2.03274
413.1316,2.020543
416.5654,2.008139
419.9991,1.995478
423.4329,1.982511
426.8667,1.969189
430.3005,1.955455
433.7342,1.941252
437.168,1.926504
438.8849,1.918896
440.6018,1.911117
442.3187,1.903148
444.0356,1.894972
445.7525,1.886565
447.4693,1.877903
449.1862,1.868952
450.9031,1.859672
451.7616,1.854893
452.62,1.850014
453.4785,1.845023
454.3369,1.839912
455.1954,1.834671
456.0538,1.829287
456.9123,1.823744
457.7707,1.818028
458.6292,1.812115
459.4876,1.805985
460.346,1.799609
460.7752,1.796319
461.2044,1.792955
461.6337,1.789509
462.0629,1.78598
462.4921,1.78236
462.9213,1.778641
463.3506,1.774816
463.7798,1.770877
464.209,1.766816
464.6382,1.762621
465.0675,1.758281
465.4967,1.753788
465.9259,1.749125
466.3551,1.74428
466.7844,1.739236
467.2136,1.733983
467.6428,1.728504
468.072,1.72279
468.2867,1.71984
468.5013,1.716832
468.7159,1.713763
468.9305,1.710636
469.1451,1.707453
469.3597,1.704221
469.5743,1.700949
469.7889,1.697646
470.0036,1.694329
470.2182,1.691026
470.4328,1.687766
470.6474,1.684597
470.862,1.681581
471.0766,1.678808
471.2912,1.676406
471.3985,1.675396
471.5058,1.674551
471.6132,1.673904
471.7205,1.673499
471.8278,1.673385
471.9351,1.673625
472.0424,1.67429
472.1497,1.675474
472.257,1.677288
472.3643,1.679875
472.4716,1.683406
472.5789,1.688104
472.6862,1.694246
472.7935,1.70219
472.8472,1.706981
472.9008,1.712396
472.9545,1.718536
473.0081,1.725468
473.0618,1.733325
473.1154,1.742201
473.1691,1.752271
473.2227,1.763662
473.2764,1.776613
473.33,1.791303
473.3837,1.808056
473.4373,1.827129
473.491,1.848976
473.5446,1.873972
473.5983,1.902761
473.6519,1.935907
473.6788,1.954452
473.7056,1.974354
473.7324,1.995809
473.7592,2.018965
473.7861,2.044085
473.8129,2.071164
473.8397,2.100499
473.8665,2.132323
473.8934,2.167031
473.9202,2.204662
473.947,2.245673
473.9738,2.290447
474.0007,2.339609
474.0275,2.393291
474.0543,2.452239
474.0811,2.517109
474.108,2.588944
474.1348,2.668093
474.1616,2.755842
474.1884,2.853396
474.2153,2.962605
474.2421,3.084343
474.2689,3.220992
474.2823,3.295639
474.2957,3.374946
474.3092,3.45994
474.3226,3.549778
474.336,3.645527
474.3494,3.747693
474.3628,3.856833
474.3762,3.973568
474.3896,4.098586
474.403,4.232654
474.4165,4.377742
474.4299,4.532667
474.4433,4.699538
474.4567,4.879567
474.4701,5.074115
474.4835,5.284723
474.4969,5.513139
474.5103,5.761349
474.5238,6.033727
474.5372,6.328849
474.5506,6.651631
474.564,7.005511
474.5774,7.394473
474.5908,7.823141
474.6042,8.296917
474.6176,8.822133
474.6311,9.410853
474.6445,10.06325
474.6512,10.4181
474.6579,10.79399
474.6646,11.1926
474.6713,11.6157
474.678,12.06531
474.6847,12.54359
474.6914,13.05297
474.6981,13.5961
474.7048,14.17594
474.7115,14.79577
474.7182,15.4592
474.7249,16.17031
474.7317,16.94541
474.7351,17.35474
474.7384,17.76683
474.7418,18.20737
474.7451,18.65123
474.7485,19.12613
474.7518,19.60499
474.7552,20.11778
474.7585,20.63528
474.7619,21.18993
474.7652,21.75017
474.7686,22.35119
474.7719,22.95885
474.7753,23.61133
474.7786,24.27166
474.782,24.98142
474.7853,25.70043
474.7887,26.47406
474.792,27.25861
474.7954,28.10366
474.7987,28.96158
474.8021,29.88669
474.8054,30.82697
474.8088,31.84209
474.8121,32.87508
474.8155,33.99163
474.8188,35.12926
474.8222,36.36046
474.8255,37.61652
474.8289,38.9777
474.8322,40.3682
474.8356,41.87711
474.839,43.46872
474.8424,45.14877
474.8457,46.86987
474.8491,48.74293
474.8524,50.66455
474.8541,51.69671
474.8558,52.75893
474.8591,54.91085
474.8608,56.06798
474.8625,57.25973
474.8642,58.48738
474.8658,59.67679
474.8675,60.97796
474.8692,62.31909
474.8709,63.70168
474.8725,65.0422
474.8742,66.50975
474.8759,68.02352
474.8776,69.58527
474.8792,71.10059
474.8809,72.76072
474.8826,74.47438
474.8843,76.24364
474.8859,77.96148
474.8876,79.84477
474.8893,81.79013
474.891,83.79992
474.8926,85.75257
474.8943,87.89455
474.896,90.10849
474.8977,92.39708
474.8993,94.62178
474.901,97.06345
474.9027,99.58833
474.9044,102.1995
474.906,104.7388
474.9077,107.5266
474.9094,110.4104
474.9111,113.3934
474.9127,116.2948
474.9144,119.4805
474.9161,122.7759
474.9178,126.1845
474.9194,129.4994
474.9211,133.1384
474.9228,136.9013
474.9245,140.7917
474.9261,144.5728
474.9278,148.7205
474.9295,153.0057
474.9312,157.4315
474.9328,161.7278
474.9345,166.4341
474.9362,171.2882
474.9395,181.1396
474.9414,187.0704
474.9433,193.1907
474.9452,199.4993
474.9471,205.9933
474.949,212.6687
474.9509,219.5194
474.9528,226.5369
474.9547,233.711
474.9585,248.4731
474.9623,263.665
474.9661,279.0941
474.9698,294.1073
474.9736,309.2148
474.9774,323.6482
474.9812,337.0025
474.9849,348.5605
474.9887,358.5323
474.9925,366.1965
474.9963,371.238
475.0,373.4258
475.0038,372.7946
475.0076,369.2958
475.0114,363.1076
475.0152,354.517
475.019,343.8897
475.0228,331.6353
475.0266,318.1739
475.0303,304.2901
475.0341,289.59
475.0379,274.7542
475.0455,245.6532
475.0493,231.7423
475.0531,218.4147
475.0569,205.7389
475.0606,194.0595
475.0637,184.7883
475.0667,176.262
475.0698,167.9053
475.0728,160.2467
475.0759,152.761
475.0789,145.9152
475.082,139.2346
475.085,133.132
475.0881,127.1811
475.0911,121.7474
475.0942,116.4497
475.0972,111.6118
475.1003,106.8934
475.1033,102.5826
475.1064,98.37567
475.1094,94.52922
475.1125,90.77224
475.1155,87.33399
475.1186,83.97233
475.1216,80.89258
475.1247,77.87809
475.1277,75.11323
475.1308,72.40378
475.1338,69.91572
475.1399,65.23018
475.146,60.99582
475.1521,57.15984
475.1581,53.73084
475.1642,50.55509
475.1703,47.6577
475.1764,45.00824
475.1825,42.58021
475.1886,40.35031
475.1947,38.2982
475.2008,36.40591
475.2068,34.68522
475.2129,33.06502
475.219,31.56272
475.2251,30.16737
475.2312,28.86918
475.2373,27.65947
475.2434,26.53048
475.2495,25.47524
475.2555,24.50322
475.2616,23.5765
475.2677,22.70675
475.2738,21.88944
475.2799,21.12044
475.286,20.39605
475.2921,19.71289
475.2982,19.06789
475.3042,18.46799
475.3103,17.89069
475.3164,17.34394
475.3286,16.33382
475.3408,15.42271
475.3529,14.60447
475.3651,13.855
475.3773,13.17234
475.3895,12.54873
475.4016,11.98198
475.4138,11.457
475.426,10.9737
475.4382,10.52774
475.4503,10.11858
475.4625,9.736162
475.4747,9.381069
475.4869,9.050728
475.4991,8.742861
475.5113,8.455443
475.5235,8.186677
475.5357,7.934957
475.5478,7.700724
475.56,7.478827
475.5722,7.270107
475.5844,7.073524
475.5965,6.889611
475.6087,6.714485
475.6209,6.548938
475.6331,6.39227
475.6452,6.245028
475.6574,6.104203
475.6696,5.970512
475.6939,5.723605
475.7183,5.49887
475.7426,5.295294
475.767,5.108764
475.7913,4.938739
475.8157,4.782038
475.84,4.638417
475.8644,4.505363
475.8888,4.382332
475.9132,4.268313
475.9375,4.162838
475.9619,4.064264
475.9862,3.972718
476.0106,3.886842
476.0349,3.806803
476.0593,3.731467
476.0836,3.661027
476.108,3.59452
476.1323,3.532152
476.1567,3.473101
476.181,3.417573
476.2054,3.364864
476.2297,3.315178
476.2785,3.223052
476.3272,3.140143
476.3759,3.065061
476.4246,2.996809
476.4733,2.934547
476.522,2.877561
476.5707,2.825244
476.6194,2.777075
476.6682,2.732517
476.7169,2.691363
476.7656,2.653179
476.8143,2.617671
476.863,2.58458
476.9117,2.553679
476.9604,2.524768
477.0091,2.497668
477.0579,2.472172
477.1066,2.448241
477.204,2.40443
477.3014,2.365323
477.3988,2.330227
477.4963,2.298541
477.5937,2.269863
477.6911,2.243767
477.7885,2.21993
477.8859,2.198075
477.9833,2.177968
478.0807,2.159413
478.1781,2.142238
478.2756,2.126279
478.373,2.111443
478.4704,2.097601
478.5678,2.084657
478.7627,2.061119
478.9575,2.040287
479.1524,2.021694
479.3472,2.005005
479.542,1.989925
479.7368,1.976223
479.9317,1.963701
480.1265,1.952217
480.3214,1.941625
480.5162,1.931828
480.7111,1.922723
480.9059,1.914237
481.1007,1.906299
481.2955,1.898851
481.6852,1.885223
482.0749,1.873026
482.4646,1.862004
482.8542,1.85196
483.2439,1.842733
483.6336,1.8342
484.0233,1.826256
484.4129,1.818822
484.8026,1.811825
485.1923,1.80521
485.582,1.798927
485.9716,1.792938
486.3613,1.787205
486.751,1.7817
487.1407,1.776397
487.5303,1.771275
488.3097,1.761496
489.0891,1.752237
489.8685,1.743397
490.6478,1.734902
491.4272,1.726686
492.2065,1.7187
492.9859,1.710902
493.7652,1.703258
494.5446,1.695738
495.3239,1.68832
496.8826,1.673702
498.4413,1.65927
500.0,1.644919
501.1686,1.634162
502.3371,1.623377
504.6742,1.601611
507.0113,1.579448
509.3483,1.556739
511.6854,1.533345
514.0224,1.509141
516.3595,1.483994
518.6965,1.457773
521.0336,1.430334
522.2022,1.416108
523.3707,1.40152
524.5393,1.386544
525.7078,1.37116
526.8763,1.355341
528.0448,1.339061
529.2134,1.322289
530.3819,1.304999
531.5504,1.287155
532.7189,1.268723
533.8875,1.249663
535.056,1.22994
536.2245,1.209505
537.393,1.188312
538.5616,1.166308
539.7301,1.143444
540.8987,1.119656
542.0672,1.094884
543.2358,1.069057
544.4043,1.042108
545.5728,1.013959
546.1571,0.9994097
546.7413,0.984533
547.3256,0.9693143
547.9099,0.9537459
548.4942,0.9378182
549.0784,0.9215243
549.6627,0.9048497
550.2469,0.8877912
550.8312,0.8703357
551.4154,0.8524828
551.9997,0.8342217
552.584,0.8155529
553.1683,0.7964769
553.7525,0.777001
554.3368,0.7571274
554.921,0.7368777
555.5053,0.7162674
556.0895,0.695336
556.6738,0.6741213
557.2581,0.6526878
557.8424,0.6311173
558.4266,0.6095214
559.0109,0.5880351
559.5952,0.5668485
559.8874,0.5564394
560.1795,0.5462057
560.4716,0.5361861
560.7637,0.5264292
561.0559,0.5169874
561.348,0.5079311
561.6402,0.4993271
561.9323,0.4912657
562.2245,0.4838379
562.5166,0.4771604
562.8087,0.4713595
563.1008,0.4665838
563.393,0.463005
563.6851,0.460826
563.9772,0.4602785
564.2693,0.4616348
564.4154,0.4631252
564.5615,0.4652155
564.7076,0.4679545
564.8536,0.4713922
564.9997,0.4755908
565.1457,0.4806066
565.2918,0.4865143
565.4378,0.4933794
565.5839,0.5012918
565.73,0.5103352
565.8761,0.5206053
566.0221,0.5321988
566.1682,0.5452463
566.2413,0.5523564
566.3143,0.5598665
566.3874,0.5678145
566.4604,0.5761973
566.4969,0.5805619
566.5334,0.5850451
566.5699,0.5896496
566.6064,0.594378
566.6247,0.5967962
566.643,0.5992465
566.6613,0.6017294
566.6795,0.6042313
566.6978,0.6067801
566.7069,0.60806
566.716,0.6093482
566.7252,0.6106592
566.7343,0.6119644
566.7434,0.6132781
566.7525,0.6146003
566.7617,0.6159459
566.7708,0.6172854
566.78,0.6186485
566.7891,0.6200055
566.7983,0.6213864
566.8074,0.6227611
566.8165,0.6241448
566.8256,0.6255373
566.8439,0.6283649
566.8621,0.6312134
566.8804,0.6341145
566.8986,0.6370369
566.9169,0.6400133
566.9352,0.6430279
566.9717,0.6491569
567.0082,0.6554434
567.0447,0.6618911
567.0812,0.6685036
567.1177,0.6752848
567.1542,0.6822382
567.1907,0.6893679
567.2638,0.7041932
567.3368,0.7197536
567.4098,0.7361041
567.4828,0.753282
567.5559,0.7713517
567.6289,0.7903053
567.7749,0.831113
567.921,0.8761409
568.0671,0.9257864
568.2132,0.9805243
568.2862,1.009946
568.3592,1.040843
568.4323,1.073338
568.5053,1.107424
568.5783,1.14323
568.6513,1.180847
568.7244,1.220431
568.7974,1.261975
568.8704,1.305644
568.9434,1.351554
569.0165,1.3999
569.0895,1.450685
569.1626,1.504188
569.2356,1.560418
569.3087,1.619692
569.3817,1.682023
569.4547,1.747677
569.5277,1.816855
569.6008,1.889873
569.6738,1.966763
569.7468,2.047871
569.8198,2.13346
569.8929,2.223949
569.9659,2.319396
570.0389,2.420255
570.1119,2.526888
570.185,2.63984
570.258,2.759223
570.3311,2.885822
570.4041,3.019783
570.4772,3.162011
570.5502,3.3127
570.6232,3.472673
570.6962,3.642618
570.7693,3.823543
570.8423,4.01578
570.9154,4.220755
570.9884,4.438895
571.0615,4.671883
571.1345,4.920273
571.2075,5.185682
571.2805,5.469553
571.3536,5.773914
571.4266,6.099698
571.4997,6.449762
571.5727,6.825326
571.6458,7.229848
571.7188,7.664928
571.7918,8.134122
571.8648,8.640818
571.9379,9.189606
572.0109,9.78328
572.0839,10.42741
572.1569,11.12748
572.23,11.89083
572.303,12.72249
572.376,13.63158
572.449,14.62745
572.4856,15.16272
572.5221,15.72241
572.5586,16.30956
572.5951,16.9259
572.6317,17.57511
572.6682,18.25568
572.7047,18.97151
572.7412,19.72496
572.7778,20.52082
572.8143,21.35751
572.8508,22.24016
572.8873,23.17205
572.9238,24.15674
572.9603,25.19813
572.9968,26.30043
573.0333,27.46831
573.0699,28.71034
573.1064,30.02531
573.1429,31.42266
573.1794,32.90912
573.2159,34.49213
573.2524,36.17989
573.2889,37.9815
573.3254,39.90703
573.362,41.9735
573.3985,44.18213
573.435,46.55228
573.4715,49.0995
573.508,51.84124
573.5445,54.79708
573.581,57.98912
573.6175,61.44231
573.6541,65.19557
573.6906,69.26062
573.7271,73.68391
573.7636,78.50732
573.8002,83.79402
573.8367,89.57058
573.8732,95.91479
573.9097,102.9009
573.9463,110.6375
573.9646,114.8116
573.9828,119.1838
574.0011,123.8175
574.0193,128.6789
574.0376,133.8396
574.0558,139.2632
574.0741,145.0309
574.0923,151.1034
574.1106,157.5734
574.1288,164.3984
574.1471,171.6847
574.1653,179.3866
574.1836,187.6267
574.2018,196.3559
574.2201,205.7161
574.2384,215.7117
574.2567,226.399
574.2749,237.7759
574.2932,250.0361
574.3114,263.122
574.3297,277.2627
574.3479,292.3986
574.3662,308.8023
574.3844,326.4132
574.4027,345.5584
574.4209,366.178
574.4392,388.6674
574.4574,412.9698
574.4757,439.5669
574.4939,468.4084
574.5122,500.0852
574.5305,534.7565
574.5488,572.7739
574.567,614.2961
574.5853,660.2264
574.6035,710.5632
574.6218,766.426
574.64,827.8329
574.6492,861.3122
574.6583,896.1629
574.6674,932.8375
574.6765,971.4383
574.6857,1012.529
574.6948,1055.327
574.7039,1100.38
574.713,1147.801
574.7222,1198.269
574.7313,1250.801
574.7404,1306.045
574.7495,1364.108
574.7587,1425.775
574.7678,1489.797
574.7769,1556.903
574.786,1627.144
574.7994,1736.341
574.8128,1852.355
574.8262,1974.937
574.8395,2102.595
574.8663,2374.178
574.893,2653.171
574.9064,2790.461
574.9198,2921.757
574.9332,3043.412
574.9465,3150.815
574.9599,3241.766
574.9733,3311.898
574.9867,3358.352
575.0,3379.146
575.0134,3373.811
575.0268,3342.523
575.0402,3286.879
575.0535,3210.112
575.0669,3114.336
575.0803,3003.74
575.0937,2882.117
575.107,2754.081
575.1338,2486.607
575.1605,2223.83
575.1739,2097.648
575.1873,1976.704
575.2007,1861.627
575.214,1753.56
575.2286,1642.142
575.2432,1538.236
575.2578,1441.641
575.2723,1352.639
575.2869,1269.632
575.3015,1192.844
575.3161,1121.85
575.3306,1056.657
575.3452,995.9539
575.3598,939.8153
575.3744,887.8687
575.3889,840.0845
575.4035,795.484
575.418,754.3864
575.4326,715.9545
575.4471,680.4697
575.4617,647.2171
575.4763,616.2432
575.4909,587.3598
575.5054,560.5741
575.52,535.3618
575.5346,511.7721
575.5492,489.6762
575.5637,469.0943
575.5783,449.6363
575.5929,431.3514
575.6075,414.151
575.622,398.0618
575.6366,382.7885
575.6511,368.4736
575.6657,354.8584
575.6802,342.0735
575.6948,329.8909
575.7094,318.3537
575.7385,297.1133
575.7677,277.8972
575.7968,260.5765
575.826,244.8086
575.8551,230.5112
575.8842,217.4647
575.9133,205.5287
575.9425,194.5454
575.9716,184.4841
576.0007,175.2136
576.0298,166.6532
576.059,158.7064
576.0881,151.3651
576.1172,144.5463
576.1463,138.2015
576.1755,132.2681
576.2046,126.7481
576.2338,121.5695
576.2629,116.737
576.2921,112.1899
576.3212,107.9347
576.3503,103.9331
576.3794,100.1654
576.4086,96.60156
576.4377,93.24969
576.4668,90.0824
576.4959,87.08626
576.5251,84.23954
576.5542,81.55052
576.6124,76.57562
576.6707,72.07247
576.729,67.98938
576.7873,64.27496
576.8455,60.89103
576.9038,57.78859
576.962,54.94624
577.0203,52.32647
577.0785,49.91427
577.1368,47.68043
577.1951,45.61092
577.2534,43.68969
577.3116,41.90556
577.3699,40.23993
577.4282,38.68492
577.4865,37.23073
577.5447,35.87086
577.603,34.59287
577.6613,33.39216
577.7196,32.26247
577.7778,31.19991
577.8361,30.19578
577.8943,29.24892
577.9526,28.35192
578.0108,27.5041
578.0691,26.69912
578.1274,25.93534
578.2439,24.52138
578.3604,23.24083
578.4769,22.0769
578.5935,21.01452
578.71,20.04344
578.8265,19.15238
578.943,18.33246
579.0596,17.57543
579.1761,16.87592
579.2927,16.22693
579.4092,15.62456
579.5258,15.06329
579.6423,14.54021
579.7588,14.05136
579.8753,13.59369
579.9919,13.16413
580.1084,12.761
580.2249,12.38173
580.3414,12.0244
580.458,11.68699
580.5745,11.36849
580.691,11.06721
580.8075,10.78185
580.9241,10.51103
581.0406,10.25415
581.1571,10.01001
581.2736,9.777751
581.5067,9.345518
581.7397,8.952189
581.9728,8.592676
582.2058,8.263261
582.4389,7.960229
582.6719,7.680895
582.905,7.422482
583.1381,7.182918
583.3712,6.96029
583.6042,6.753017
583.8373,6.559458
584.0703,6.378493
584.3034,6.208831
584.5364,6.049611
584.7695,5.899803
585.0025,5.758738
585.2356,5.625581
585.4686,5.49981
585.7017,5.38074
585.9347,5.267957
586.1678,5.160898
586.4008,5.059231
586.6339,4.962485
586.867,4.870356
587.1001,4.782525
587.3331,4.698739
587.7992,4.542114
588.2653,4.398614
588.7314,4.266663
589.1975,4.144923
589.6636,4.032249
590.1297,3.927658
590.5959,3.83028
591.062,3.739421
591.5281,3.654416
591.9942,3.574703
592.4603,3.499789
592.9264,3.429237
593.3925,3.362661
593.8586,3.29972
594.3248,3.240095
594.7909,3.183539
595.257,3.129792
595.7231,3.078638
596.1892,3.029876
596.6553,2.983328
597.1214,2.938833
597.5875,2.896242
598.0537,2.855414
598.5198,2.816244
599.452,2.742415
600.3842,2.673964
601.3164,2.610229
602.2487,2.550645
603.1809,2.494744
604.1131,2.44211
605.0453,2.392385
605.9776,2.345257
606.9098,2.300465
607.842,2.257768
608.7742,2.216957
609.7065,2.177845
610.6387,2.140275
611.5709,2.104098
612.5031,2.069182
613.4354,2.035408
614.3676,2.002676
615.2998,1.970888
616.232,1.939957
618.0965,1.880351
619.9609,1.823312
621.8254,1.768368
623.6898,1.715124
625.5543,1.66323
627.4187,1.612387
629.2832,1.562325
631.1476,1.512806
633.0121,1.463609
634.8765,1.414537
636.741,1.365399
638.6055,1.316026
640.47,1.266253
642.3344,1.215926
644.1989,1.16489
646.0633,1.113012
647.9278,1.060153
649.7922,1.006199
650.7245,0.9787724
651.6567,0.9510358
652.5889,0.9229759
653.5211,0.894585
654.4534,0.8658538
655.3856,0.8367859
656.3178,0.8073785
657.25,0.7776365
658.1823,0.7475664
659.1145,0.7171911
660.0467,0.6865313
660.9789,0.6556208
661.9112,0.6245017
662.8434,0.593241
663.7756,0.5619137
664.7078,0.5306209
665.6401,0.4994883
666.5723,0.4686874
667.5045,0.4384238
668.4367,0.4089624
669.369,0.3806365
670.3012,0.3538796
670.7673,0.3412528
671.2334,0.3292322
671.6995,0.3179097
672.1656,0.3073893
672.6318,0.297787
673.0979,0.289241
673.564,0.2819013
674.0301,0.2759415
674.4962,0.2715596
674.7293,0.2700296
674.9623,0.2689819
675.1954,0.2684491
675.4284,0.2684676
675.6615,0.2690759
675.8945,0.2703145
676.1276,0.272229
676.3607,0.2748663
676.5938,0.2782776
676.7103,0.2802897
676.8268,0.282516
676.9434,0.2849662
677.0017,0.2862771
677.0599,0.2876441
677.1182,0.2890728
677.1764,0.2905595
677.2347,0.2921103
677.2929,0.293721
677.3221,0.2945531
677.3512,0.2953983
677.3804,0.2962627
677.4095,0.2971405
677.4387,0.2980378
677.4533,0.2984927
677.4678,0.2989487
677.4824,0.2994119
677.4969,0.2998763
677.5115,0.3003481
677.526,0.3008208
677.5406,0.3013012
677.5552,0.3017858
677.5698,0.3022748
677.5843,0.3027646
677.5989,0.3032622
677.6134,0.3037608
677.628,0.3042673
677.6425,0.3047746
677.6717,0.3058094
677.7008,0.3068587
677.7299,0.3079259
677.759,0.3090113
677.7882,0.3101187
677.8173,0.3112408
677.8756,0.3135452
677.9339,0.3159256
677.9921,0.3183791
678.0504,0.3209157
678.1086,0.3235278
678.2251,0.3290027
678.3417,0.3348207
678.4582,0.3409842
678.5747,0.347511
678.6912,0.3544142
678.8078,0.3617144
678.9243,0.3694136
679.1573,0.3860876
679.3904,0.4045793
679.6234,0.4250118
679.8565,0.4475547
680.0896,0.4723646
680.3227,0.4996215
680.5557,0.5295079
680.7888,0.5622637
680.9053,0.5797777
681.0218,0.5980947
681.1384,0.6172643
681.2549,0.637288
681.3714,0.6582174
681.4879,0.6800904
681.6045,0.7029662
681.721,0.7268471
681.8375,0.7517952
681.954,0.7778562
682.0706,0.8051015
682.1871,0.8335344
682.3036,0.8632304
682.4201,0.8942445
682.5367,0.9266633
682.6532,0.9604922
682.7697,0.9958225
682.8862,1.032722
683.0028,1.071295
683.1193,1.111551
683.2358,1.1536
683.3523,1.197527
683.4689,1.243458
683.5854,1.291409
683.702,1.341559
683.8185,1.393925
683.9351,1.448707
684.0516,1.505926
684.1681,1.565751
684.2846,1.62831
684.4012,1.693797
684.5177,1.762246
684.6342,1.833865
684.7507,1.908818
684.8673,1.987345
684.9838,2.069498
685.1003,2.155536
685.2168,2.245669
685.3334,2.340199
685.4499,2.439202
685.5664,2.543006
685.6829,2.65188
685.7995,2.766212
685.916,2.886108
686.0325,3.011993
686.149,3.144216
686.2656,3.283272
686.3821,3.429323
686.4986,3.582915
686.6151,3.74451
686.7317,3.914753
686.8482,4.093886
686.9647,4.282622
687.0812,4.481581
687.1978,4.691614
687.3143,4.913079
687.4309,5.147137
687.5474,5.394227
687.664,5.655686
687.7805,5.932054
687.897,6.224623
688.0135,6.534558
688.1301,6.863418
688.2466,7.212027
688.3631,7.582164
688.4796,7.975484
688.5962,8.39416
688.7127,8.839457
688.8292,9.313899
688.9457,9.819876
689.0623,10.3605
689.1788,10.93776
689.2953,11.5553
689.4118,12.2167
689.5284,12.92654
689.6449,13.68799
689.7614,14.50653
689.8779,15.38764
689.9945,16.33828
690.111,17.3637
690.2275,18.47242
690.344,19.67315
690.4606,20.97693
690.5771,22.39269
690.6936,23.93427
690.8101,25.61617
690.9267,27.45671
691.0432,29.47184
691.1598,31.68715
691.2763,34.12439
691.3346,35.43718
691.3929,36.81753
691.4512,38.26997
691.5094,39.79667
691.5677,41.40819
691.6259,43.10472
691.6842,44.89834
691.7424,46.78968
691.8007,48.79264
691.859,50.91217
691.9173,53.15713
691.9755,55.53301
692.0338,58.05856
692.092,60.73677
692.1503,63.58966
692.2085,66.62152
692.2668,69.85837
692.3251,73.31242
692.3834,77.00279
692.4416,80.94369
692.4999,85.17225
692.5581,89.70017
692.6164,94.57235
692.6746,99.80484
692.7329,105.4525
692.7912,111.5481
692.8495,118.1385
692.9077,125.2638
692.966,133.0084
693.0242,141.4137
693.0825,150.586
693.1407,160.5823
693.199,171.5387
693.2573,183.5559
693.3156,196.7691
693.3738,211.3086
693.4321,227.4062
693.4612,236.08
693.4903,245.2179
693.5195,254.8861
693.5486,265.0531
693.5777,275.789
693.6068,287.1344
693.636,299.1766
693.6651,311.8812
693.6943,325.3889
693.7234,339.6645
693.7526,354.8695
693.7817,370.9679
693.8108,388.0851
693.8399,406.3025
693.8691,425.7783
693.8982,446.4769
693.9273,468.5699
693.9564,492.1743
693.9856,517.508
694.0147,544.5385
694.0438,573.5036
694.0729,604.5718
694.1021,638.0462
694.1312,673.8996
694.1604,712.5997
694.1895,754.1216
694.2187,799.0123
694.2478,847.2458
694.2769,899.2723
694.306,955.4145
694.3352,1016.231
694.3643,1081.663
694.3934,1152.28
694.4225,1228.455
694.4517,1310.846
694.4808,1399.231
694.5099,1494.178
694.539,1595.913
694.5679,1703.781
694.5967,1818.015
694.6255,1938.742
694.6543,2065.465
694.7119,2333.216
694.7695,2609.587
694.7984,2745.694
694.8272,2875.541
694.856,2996.039
694.8848,3103.406
694.9136,3193.888
694.9424,3264.044
694.9712,3311.059
695.0,3333.027
695.0289,3329.089
695.0578,3299.521
695.0867,3245.869
695.1155,3170.953
695.1444,3077.47
695.1733,2969.274
695.2022,2850.1
695.231,2723.976
695.2888,2461.214
695.3465,2202.248
695.3754,2078.067
695.4043,1958.992
695.4332,1845.648
695.462,1738.755
695.4923,1632.973
695.5225,1534.331
695.5527,1442.306
695.5829,1356.644
695.6132,1276.773
695.6434,1202.873
695.6736,1134.3
695.7038,1070.688
695.7341,1011.489
695.7643,956.7454
695.7945,905.925
695.8247,858.719
695.8549,814.8394
695.8851,774.0189
695.9153,736.0114
695.9455,700.5901
695.9758,667.4414
696.006,636.5934
696.0362,607.7588
696.0664,580.7784
696.0966,555.507
696.1268,531.8121
696.157,509.5726
696.1872,488.6778
696.2175,468.9635
696.2477,450.4674
696.2779,433.038
696.3081,416.5979
696.3383,401.0764
696.3685,386.4085
696.3987,372.5349
696.4289,359.4009
696.4592,346.916
696.4894,335.1165
696.5498,313.2798
696.6102,293.5469
696.6706,275.6603
696.7311,259.3744
696.7915,244.554
696.8519,231.008
696.9123,218.5955
696.9728,207.1763
697.0332,196.6818
697.0936,186.9991
697.154,178.0469
697.2145,169.7404
697.2749,162.0439
697.3353,154.8872
697.3957,148.221
697.4562,141.9913
697.5166,136.1796
697.577,130.7401
697.6374,125.6416
697.6979,120.8482
697.7583,116.3506
697.8187,112.1177
697.8791,108.129
697.9396,104.3598
698.0,100.8056
698.0604,97.44482
698.1208,94.26341
698.1813,91.24383
698.2417,88.38444
698.3625,83.08934
698.4834,78.29456
698.6042,73.94504
698.7251,69.98008
698.8459,66.36067
698.9668,63.04178
699.0876,59.9953
699.2085,57.1871
699.3293,54.59663
699.4502,52.1976
699.571,49.97475
699.6919,47.90753
699.8127,45.98447
699.9336,44.18925
700.0544,42.5132
700.1753,40.94319
700.2961,39.47258
700.417,38.09069
700.5378,36.79242
700.6587,35.56897
700.7795,34.41639
700.9004,33.32739
701.0212,32.29889
701.1421,31.32475
701.2629,30.40258
701.3838,29.52722
701.5046,28.69677
701.7463,27.15592
701.988,25.75872
702.2297,24.48721
702.4714,23.3262
702.7131,22.26277
702.9548,21.28584
703.1965,20.38591
703.4383,19.5544
703.68,18.78489
703.9217,18.07078
704.1634,17.40663
704.4051,16.78767
704.6468,16.2097
704.8885,15.66898
705.1302,15.16222
705.3719,14.68649
705.6136,14.23915
705.8553,13.81789
706.097,13.42058
706.3387,13.04534
706.5804,12.69047
706.8221,12.35443
707.0638,12.03582
707.3055,11.73339
707.5472,11.44599
707.7889,11.17256
708.0306,10.91217
708.514,10.42705
708.9974,9.984471
709.4808,9.579272
709.9642,9.207047
710.4476,8.864048
710.931,8.547051
711.4145,8.253219
711.8979,7.980266
712.3813,7.726034
712.8647,7.488691
713.3481,7.266629
713.8315,7.058435
714.3149,6.862855
714.7983,6.678783
715.2817,6.505231
715.7651,6.34132
716.2485,6.186261
716.7319,6.039348
717.2153,5.899947
717.6987,5.767482
718.1821,5.641439
718.6655,5.521346
719.149,5.406755
719.6324,5.297324
720.5992,5.092495
721.566,4.904354
722.5328,4.730822
723.4996,4.570138
724.4664,4.420803
725.4332,4.281538
726.4,4.151237
727.3669,4.028932
728.3337,3.913818
729.3005,3.805159
730.2673,3.702316
731.2341,3.60473
732.2009,3.511905
733.1677,3.423402
734.1345,3.338827
735.1014,3.257825
736.0682,3.180095
737.035,3.10535
738.0018,3.033331
738.9686,2.963812
739.9354,2.896579
741.869,2.768235
743.8027,2.646958
745.7363,2.53164
747.6699,2.42132
749.6035,2.315184
751.5372,2.212515
753.4708,2.112713
755.4044,2.015227
757.338,1.919579
759.2717,1.825337
761.2053,1.732131
763.1389,1.639617
765.0725,1.547495
767.0062,1.455501
768.9398,1.363422
770.8734,1.27108
772.807,1.178353
773.7739,1.131822
774.7407,1.085187
775.7075,1.03845
776.6743,0.9916278
777.6411,0.9447441
778.6079,0.897833
779.5747,0.8509409
780.5415,0.8041288
781.5084,0.7574698
782.4752,0.7110722
783.442,0.6650544
784.4088,0.619569
785.3756,0.5748045
786.3424,0.5309928
787.3092,0.4884183
788.276,0.4474301
789.2429,0.4084523
789.7263,0.3898807
790.2097,0.3720185
790.6931,0.3549505
791.1765,0.3387708
791.6599,0.3235839
792.1433,0.3095061
792.6267,0.2966665
793.1101,0.2852095
793.5935,0.2752954
793.8352,0.2709722
794.0769,0.2671037
794.3186,0.2637154
794.5603,0.2608347
794.802,0.2584903
795.0437,0.2567128
795.2854,0.2555343
795.5271,0.2549892
795.7688,0.2551136
796.0105,0.2559461
796.1314,0.2566407
796.2523,0.257528
796.3732,0.2586134
796.494,0.2599014
796.6149,0.2614
796.6753,0.2622291
796.7357,0.2631128
796.7962,0.2640533
796.8566,0.2650486
796.917,0.2661007
796.9472,0.2666485
796.9774,0.2672107
797.0077,0.2677895
797.0379,0.2683812
797.0681,0.2689877
797.0983,0.2696092
797.1285,0.2702459
797.1436,0.2705698
797.1587,0.2708976
797.1738,0.2712292
797.1889,0.2715646
797.204,0.271904
797.2191,0.2722471
797.2343,0.2725963
797.2494,0.2729473
797.2796,0.273661
797.3098,0.2743902
797.34,0.2751354
797.3702,0.2758966
797.4004,0.2766738
797.4306,0.2774671
797.4608,0.2782769
797.5213,0.2799484
797.5817,0.2816839
797.6421,0.283487
797.7025,0.2853585
797.763,0.287303
797.8234,0.2893149
797.9442,0.2935546
798.0651,0.2980928
798.1859,0.302931
798.3068,0.308086
798.4276,0.3135586
798.6693,0.3255124
798.911,0.3388727
799.1527,0.3537251
799.3944,0.3701608
799.6361,0.3882773
799.8778,0.408179
800.1195,0.429977
800.3612,0.4537909
800.6029,0.4797481
800.8446,0.5079856
801.0863,0.5386498
801.328,0.5718983
801.5697,0.6078999
801.8114,0.6468364
801.9323,0.6674744
802.0531,0.6889029
802.174,0.7111844
802.2948,0.7343097
802.4157,0.7583458
802.5365,0.783283
802.6574,0.8091936
802.7782,0.8360671
802.8991,0.8639815
803.0199,0.8929253
803.1408,0.9229829
803.2616,0.9541422
803.3825,0.9864937
803.5033,1.020025
803.6242,1.054834
803.745,1.090907
803.8659,1.12835
803.9868,1.167181
804.2285,1.249175
804.4702,1.337344
804.7119,1.432149
804.9536,1.534091
805.1953,1.643717
805.437,1.761623
805.6787,1.888459
805.9204,2.024935
806.1621,2.171831
806.4038,2.33
806.6455,2.500379
806.8872,2.683998
807.1289,2.88199
807.3706,3.095607
807.6123,3.32623
807.854,3.575388
808.0957,3.844778
808.3374,4.136281
808.5791,4.451994
808.8208,4.79425
809.0625,5.165663
809.3042,5.569155
809.5459,6.008009
809.7876,6.485917
810.0293,7.007043
810.271,7.576098
810.5127,8.198423
810.6336,8.531569
810.7544,8.880094
810.8753,9.245466
810.9961,9.628038
811.117,10.02947
811.2378,10.45019
811.3587,10.89207
811.4795,11.35565
811.6004,11.84305
811.7213,12.35535
811.8422,12.89413
811.963,13.4606
812.0839,14.05752
812.2047,14.68588
812.3256,15.34884
812.4464,16.04762
812.5673,16.78586
812.6881,17.56506
812.809,18.38943
812.9298,19.26082
813.0507,20.18415
813.1715,21.16167
813.2924,22.19916
813.4132,23.29942
813.5341,24.46923
813.6549,25.71208
813.7758,27.036
813.8966,28.44536
814.0175,29.94972
814.1383,31.55458
814.2592,33.27141
814.38,35.10714
814.5009,37.07569
814.6217,39.18582
814.7426,41.45452
814.8634,43.893
814.9843,46.52216
815.1051,49.3565
815.226,52.42191
815.3468,55.73726
815.4677,59.33511
815.5885,63.24016
815.7094,67.49378
815.8302,72.1287
815.9511,77.19815
816.0719,82.74595
816.1928,88.84153
816.3136,95.54435
816.4345,102.9463
816.4949,106.9329
816.5553,111.1291
816.6158,115.5567
816.6762,120.2165
816.7366,125.1323
816.797,130.3225
816.8575,135.8162
816.9179,141.6166
816.9783,147.7563
817.0387,154.2607
817.0992,161.1698
817.1596,168.4915
817.22,176.2702
817.2804,184.543
817.3409,193.3653
817.4013,202.7526
817.4617,212.7678
817.5221,223.4652
817.5826,234.9241
817.643,247.1727
817.7034,260.3024
817.7638,274.3944
817.8243,289.5645
817.8847,305.8629
817.9451,323.4252
818.0055,342.3755
818.066,362.8875
818.1264,385.0482
818.1868,409.063
818.2472,435.1251
818.3077,463.4995
818.3681,494.3342
818.4285,527.9443
818.4889,564.6315
818.5494,604.8014
818.6098,648.6956
818.6702,696.7919
818.7306,749.5469
818.7911,807.5605
818.8515,871.1829
818.9119,941.0836
818.9723,1017.868
819.0328,1102.299
819.0932,1194.699
819.1536,1295.745
819.214,1405.87
819.2632,1502.46
819.3123,1605.011
819.3614,1713.527
819.4105,1827.586
819.5088,2069.391
819.607,2319.651
819.6562,2443.158
819.7053,2561.514
819.7544,2671.774
819.8035,2770.532
819.8527,2854.539
819.9018,2920.322
819.9509,2965.485
820.0,2988.252
820.0492,2987.815
820.0984,2964.384
820.1476,2919.277
820.1968,2854.691
820.246,2773.467
820.2952,2678.82
820.3444,2574.069
820.3935,2462.647
820.4919,2229.899
820.5903,1999.181
820.6395,1888.47
820.6887,1782.16
820.7379,1680.836
820.787,1585.026
820.8221,1519.874
820.8571,1457.691
820.8921,1398.265
820.9271,1341.547
820.9622,1287.321
820.9972,1235.82
821.0322,1186.793
821.0672,1140.148
821.1023,1095.661
821.1373,1053.483
821.1723,1013.384
821.2073,975.2616
821.2424,938.9169
821.2774,904.4602
821.3124,871.6921
821.3474,840.5227
821.4175,782.562
821.4875,730.1017
821.5576,682.4119
821.6276,639.1104
821.6977,599.6106
821.7677,563.6154
821.8378,530.6581
821.9078,500.5113
821.9779,472.8044
822.0479,447.3649
822.118,423.8973
822.188,402.2714
822.2581,382.2502
822.3281,363.7359
822.3982,346.5371
822.4682,330.5799
822.5383,315.7088
822.6083,301.8682
822.6784,288.9307
822.7484,276.8543
822.8185,265.5339
822.8885,254.938
822.9586,244.9789
823.0286,235.6332
823.0987,226.8272
823.1687,218.5439
823.2388,210.7208
823.3088,203.3452
823.3789,196.3644
823.4489,189.769
823.519,183.5136
823.589,177.5921
823.7291,166.6283
823.8692,156.7211
824.0093,147.7383
824.1494,139.5675
824.2895,132.1129
824.4296,125.2924
824.5697,119.0353
824.7098,113.2804
824.8499,107.9746
824.99,103.0717
825.1301,98.53132
825.2702,94.3179
825.4103,90.40025
825.5504,86.75079
825.6905,83.34512
825.8306,80.16153
825.9707,77.1807
826.1108,74.38538
826.2509,71.76013
826.391,69.2911
826.5311,66.9658
826.6712,64.77302
826.8113,62.7026
826.9514,60.74535
827.0915,58.89292
827.2316,57.13775
827.3717,55.47295
827.5118,53.89223
827.792,50.96051
828.0722,48.30218
828.3524,45.88323
828.6326,43.67481
828.9128,41.65235
829.193,39.7948
829.4732,38.08406
829.7534,36.50446
830.0336,35.04241
830.3138,33.68607
830.594,32.42504
830.8742,31.25024
831.1544,30.15361
831.4346,29.12807
831.7148,28.16732
831.995,27.26574
832.2752,26.41835
832.5554,25.62066
832.8356,24.86868
833.1158,24.15877
833.396,23.48772
833.6762,22.85256
833.9564,22.25063
834.2366,21.67955
834.5168,21.1371
834.797,20.62129
835.0772,20.1303
835.3574,19.66247
835.9178,18.7903
836.4782,17.99402
837.0386,17.26454
837.599,16.59411
838.1594,15.9761
838.7198,15.40481
839.2802,14.87532
839.8406,14.38333
840.401,13.92514
840.9614,13.49745
841.5218,13.09742
842.0822,12.7225
842.6426,12.37045
843.203,12.03928
843.7634,11.72724
844.3238,11.43272
844.8842,11.15431
845.4446,10.89075
846.005,10.64086
846.5654,10.40366
847.1258,10.17817
847.6862,9.963558
848.2466,9.759053
848.807,9.563953
849.3674,9.377617
849.9278,9.199461
851.0486,8.865592
852.1694,8.558568
853.2902,8.27519
854.411,8.012736
855.5318,7.768873
856.6525,7.541609
857.7733,7.329166
858.8941,7.130048
860.0149,6.942936
861.1357,6.766667
862.2565,6.600221
863.3773,6.442691
864.4981,6.293277
865.6189,6.151263
866.7397,6.01601
867.8605,5.886944
868.9813,5.763551
870.1021,5.645365
871.2229,5.531966
872.3437,5.422972
873.4645,5.318035
874.5853,5.21684
876.8269,5.024534
879.0685,4.844008
881.3101,4.673521
883.5517,4.511576
885.7933,4.356876
888.0349,4.208279
890.2765,4.064776
892.518,3.92546
894.7596,3.789492
897.0012,3.656115
899.2428,3.524617
901.4844,3.394325
903.726,3.264591
905.9676,3.134786
908.2092,3.004294
910.4508,2.872499
911.5716,2.805921
912.6924,2.738783
913.8132,2.671011
914.934,2.602525
916.0548,2.533244
917.1756,2.463091
918.2964,2.391985
919.4172,2.319848
920.538,2.246598
921.6588,2.172159
922.7796,2.096456
923.9004,2.019415
925.0212,1.940968
926.142,1.861054
927.2628,1.779621
928.3835,1.696637
929.5043,1.612065
930.6251,1.525916
931.7459,1.438222
932.8667,1.349059
933.9875,1.258558
935.1083,1.166926
935.6687,1.120779
936.2291,1.074473
936.7895,1.02807
937.3499,0.981639
937.9103,0.9352652
938.4707,0.8890472
939.0311,0.8431016
939.5915,0.7975654
940.1519,0.7526
940.7123,0.7083944
941.2727,0.665171
941.8331,0.6231913
942.3935,0.5827622
942.9539,0.5442453
943.5143,0.5080665
943.7945,0.4910076
944.0747,0.4747286
944.3549,0.4593066
944.6351,0.4448259
944.9153,0.4313779
945.1955,0.4190626
945.4757,0.4079887
945.7559,0.3982751
946.0361,0.3900515
946.3163,0.3834596
946.5965,0.3786545
946.8767,0.3758059
947.1569,0.3750999
947.297,0.3756132
947.4371,0.3767403
947.5772,0.3785095
947.7173,0.3809509
947.8574,0.3840961
947.9275,0.3859441
947.9975,0.3879778
948.0676,0.3902074
948.1376,0.3926311
948.2077,0.3952601
948.2777,0.3980918
948.3128,0.3995909
948.3478,0.4011391
948.3828,0.4027414
948.4178,0.4043983
948.4529,0.4061155
948.4879,0.4078837
948.5229,0.4097086
948.5579,0.4115907
948.628,0.415535
948.698,0.4197108
948.7681,0.4241359
948.8381,0.4288031
948.9082,0.4337317
948.9782,0.4389138
949.0483,0.4443702
949.1183,0.4500918
949.2584,0.4623884
949.3985,0.4758577
949.5386,0.4905564
949.6787,0.5065444
949.8188,0.5238847
949.9589,0.5426438
950.099,0.5628916
950.2391,0.5847017
950.3792,0.6081522
950.5193,0.6333248
950.6594,0.6603065
950.7995,0.6891886
950.9396,0.7200679
951.0797,0.7530465
951.2198,0.7882324
951.3599,0.8257399
951.5,0.8656899
951.6401,0.9082106
951.7802,0.9534376
951.9203,1.001515
952.0604,1.052594
952.2005,1.106838
952.3406,1.164419
952.4807,1.225517
952.6208,1.290329
952.7609,1.359059
952.901,1.431927
953.0411,1.509166
953.1812,1.591026
953.3213,1.677771
953.4614,1.769684
953.6015,1.867068
953.7416,1.970245
953.8817,2.079559
954.0218,2.195378
954.1619,2.318099
954.302,2.448143
954.4421,2.585963
954.5822,2.732045
954.7223,2.886914
954.8624,3.051126
955.0025,3.225288
955.1426,3.410049
955.2827,3.606108
955.4228,3.81422
955.5629,4.035199
955.703,4.269928
955.8431,4.519359
955.9832,4.784522
956.1233,5.066537
956.2634,5.366617
956.4035,5.686081
956.5436,6.026363
956.6837,6.389026
956.8238,6.775774
956.9639,7.188468
957.104,7.629141
957.2441,8.100023
957.3842,8.603556
957.5243,9.142425
957.6644,9.719578
957.8045,10.33827
957.9446,11.00209
958.0847,11.71499
958.2248,12.48139
958.3649,13.30614
958.505,14.19466
958.6451,15.15301
958.7852,16.18789
958.9253,17.30686
959.0654,18.51837
959.2055,19.83191
959.3456,21.25817
959.4857,22.80926
959.6258,24.49885
959.7659,26.34249
959.906,28.35788
960.0461,30.56529
960.1862,32.9879
960.3263,35.65238
960.3964,37.08584
960.4664,38.58957
960.5365,40.17252
960.6065,41.83515
960.6766,43.58759
960.7466,45.43065
960.8167,47.3759
960.8867,49.42458
960.9568,51.58996
961.0268,53.87386
961.0969,56.29153
961.1669,58.84556
961.237,61.55358
961.307,64.41913
961.3771,67.46273
961.4471,70.68916
961.5172,74.12241
961.5872,77.76886
961.6573,81.65673
961.7273,85.79449
961.7974,90.21556
961.8674,94.93112
961.9375,99.98098
962.0075,105.3799
962.0776,111.1756
962.1476,117.3875
962.2177,124.0735
962.2877,131.259
962.3578,139.0146
962.4278,147.3739
962.4979,156.4236
962.5679,166.2083
962.638,176.8354
962.708,188.364
962.7781,200.9287
962.8481,214.6082
962.9182,229.5722
962.9882,245.9264
963.0583,263.8867
963.1283,283.5947
963.1984,305.3279
963.2684,329.2771
963.3035,342.2203
963.3385,355.8006
963.3735,370.0968
963.4085,385.1547
963.4436,401.0703
963.4786,417.8052
963.5136,435.46
963.5486,454.0949
963.5837,473.832
963.6187,494.6277
963.6537,516.6099
963.6887,539.8566
963.7238,564.5231
963.7588,590.5572
963.7938,618.1202
963.8288,647.3103
963.8639,678.3219
963.8989,711.0864
963.9339,745.8021
963.9689,782.5849
964.004,821.6678
964.039,862.9489
964.074,906.6559
964.109,952.9062
964.144,1001.812
964.179,1053.475
964.214,1107.987
964.249,1165.416
964.296,1247.2
964.3429,1334.144
964.3899,1426.482
964.4368,1523.49
964.4838,1625.005
964.5307,1729.717
964.6245,1944.087
964.6715,2050.345
964.7184,2152.535
964.7654,2248.374
964.8123,2334.553
964.8593,2408.521
964.9062,2467.266
964.9531,2508.718
965.0,2531.304
965.047,2534.269
965.094,2517.702
965.141,2482.648
965.188,2430.903
965.235,2364.824
965.282,2287.099
965.329,2200.52
965.376,2107.791
965.47,1913.466
965.564,1719.848
965.611,1626.656
965.658,1537.014
965.705,1451.441
965.752,1370.25
965.817,1265.43
965.8495,1216.277
965.8819,1169.401
965.9144,1124.471
965.9469,1081.575
965.9794,1040.652
966.0118,1001.748
966.0443,964.5498
966.0768,929.1042
966.1093,895.3343
966.1417,863.2603
966.2066,803.4941
966.2715,749.2239
966.3365,699.8328
966.4014,654.9706
966.4664,614.0414
966.5313,576.7593
966.5963,542.6394
966.6612,511.4569
966.7261,482.8632
966.791,456.5974
966.856,432.3917
966.9209,410.1141
966.9859,389.512
967.0508,370.4855
967.1158,352.8306
967.1807,336.4719
967.2456,321.2656
967.3105,307.1089
967.3755,293.8895
967.4404,281.5654
967.5054,270.024
967.5703,259.2339
967.6353,249.1017
967.7002,239.604
967.7651,230.6757
967.83,222.2726
967.895,214.3426
967.9599,206.8735
968.0249,199.809
968.0898,193.1406
968.1548,186.82
968.2197,180.8418
968.2846,175.1725
968.3495,169.7914
968.4794,159.8104
968.6093,150.7711
968.7392,142.5573
968.869,135.0761
968.9989,128.2314
969.1288,121.9569
969.2587,116.1897
969.3885,110.8798
969.5184,105.9718
969.6483,101.4289
969.7782,97.21473
969.908,93.30072
970.0379,89.65282
970.1678,86.24947
970.2977,83.0687
970.4275,80.09322
970.5574,77.30107
970.6873,74.67903
970.8172,72.21315
970.947,69.89265
971.0769,67.70263
971.2068,65.63476
971.3367,63.67982
971.4665,61.83083
971.5964,60.07736
971.7263,58.41398
971.8562,56.83438
971.986,55.33395
972.2458,52.54428
972.5055,50.01014
972.7653,47.69835
973.025,45.58419
973.2848,43.6434
973.5445,41.85805
973.8043,40.21003
974.064,38.68612
974.3238,37.27252
974.5835,35.95933
974.8433,34.73586
975.103,33.59459
975.3628,32.52713
975.6225,31.52767
975.8823,30.58954
976.142,29.70822
976.4018,28.87833
976.6615,28.09631
976.9213,27.35777
977.181,26.65988
977.4408,25.99905
977.7005,25.37301
977.9603,24.77875
978.22,24.21446
978.4798,23.67762
978.7395,23.16674
978.9993,22.6797
979.259,22.21529
979.7785,21.34796
980.298,20.55446
980.8175,19.82611
981.337,19.15548
981.8565,18.53621
982.376,17.96283
982.8955,17.43055
983.415,16.93528
983.9345,16.47337
984.454,16.0417
984.9735,15.63744
985.493,15.25816
986.0125,14.90165
986.532,14.566
987.0515,14.24945
987.571,13.95046
988.0905,13.66765
988.61,13.39975
989.1295,13.14566
989.649,12.90434
990.1685,12.67488
990.688,12.45644
991.2075,12.24825
991.727,12.04963
992.2465,11.85992
992.766,11.67858
993.805,11.33883
994.844,11.02664
995.883,10.73879
996.922,10.47259
997.961,10.22568
998.9999,9.996074
999.0001,19.6259
1000.0,19.61806
1250.0,17.9631
1500.0,16.74268
1700.0,15.96769
2000.0,15.03202
2500.0,13.86686
3000.0,13.00839
3500.0,12.34243
4000.0,11.80657
5000.0,10.98931
6000.0,10.38808
7000.0,9.922332
8000.0,9.548083
9000.0,9.239025
10000.0,8.978331
11000.0,8.754677
12000.0,8.560124
13000.0,8.388921
14000.0,8.236788
15000.0,8.100464
16000.0,7.977413
17000.0,7.865634
18000.0,7.763523
19000.0,7.669776
20000.0,7.583323
21000.0,7.503269
22000.0,7.428871
23000.0,7.359502
24000.0,7.294619
25000.0,7.233765
26000.0,7.176542
27000.0,7.122604
28000.0,7.071651
29000.0,7.023419
30000.0,6.977674
37000.0,6.712318
44000.0,6.514126
50000.0,6.380857
51000.0,6.358645
58000.0,6.232234
65000.0,6.126621
70000.0,6.062227
72000.0,6.03647
79000.0,5.958175
86000.0,5.889201
93000.0,5.82771
100000.0,5.772334
125000.0,5.610823
150000.0,5.487128
170000.0,5.405756
200000.0,5.303768
250000.0,5.169631
260000.0,5.148628
264924.0,5.138286
300000.0,5.064615
338024.0,4.999406
350000.0,4.978867
381943.0,4.932779
400000.0,4.906725
427283.0,4.874872
458519.0,4.838405
497019.0,4.793457
500000.0,4.789977
560047.0,4.734009
600000.0,4.696769
681257.0,4.632537
700000.0,4.61772
719445.9,4.603486
719446.1,4.495038
747770.0,4.689179
772200.0,4.856631
772200.1,4.856632
779107.0,4.903974
780000.0,4.910095
787397.0,4.94232
794509.0,4.973304
794509.1,4.973304
1000000.0,5.868538
1051636.0,6.059465
1200000.0,6.608049
1487730.0,6.817241
1487734.0,6.817239
1500000.0,6.826162
1521630.0,6.827542
1700000.0,6.838923
1839840.0,6.787893
2000000.0,6.729446
2144740.0,6.636627
2144744.0,6.636624
2152450.0,6.631683
2193180.0,6.605563
2193186.0,6.605553
2200000.0,6.601189
2233549.0,6.576858
2233550.0,6.576857
2252899.0,6.562823
2252900.0,6.562823
2310478.0,6.521062
2310480.0,6.521061
2356960.0,6.487349
2356965.0,6.487345
2411340.0,6.447907
2413606.0,6.446266
2413610.0,6.446262
2461550.0,6.411491
2461554.0,6.411486
2500000.0,6.383605
2600000.0,6.311077
2700000.0,6.233404
2800000.0,6.156259
2900000.0,6.085074
3000000.0,6.008806
3500000.0,5.62746
4000000.0,5.266823
5000000.0,4.652526
6000000.0,4.282149
7000000.0,4.171359
7792580.0,4.216191
8000000.0,4.227924
9000000.0,4.351843
9811240.0,4.45166
9811241.0,4.45166
10000000.0,4.474885
10588890.0,4.541501
11000000.0,4.588006
12000000.0,4.683496
13000000.0,4.759006
14000000.0,4.812677
15000000.0,4.841233
16000000.0,4.841358
17000000.0,4.814473
17035700.0,4.812728
17035710.0,4.812727
17346960.0,4.79751
17346970.0,4.79751
17700000.0,4.780251
19000000.0,4.68545
20000000.0,4.589854
