1e-05,25494.87
1.03125e-05,25106.06
1.0625e-05,24734.53
1.09375e-05,24379.04
1.125e-05,24038.47
1.15625e-05,23711.8
1.1875e-05,23398.11
1.21875e-05,23096.57
1.25e-05,22806.4
1.28125e-05,22526.92
1.3125e-05,22257.48
1.34375e-05,21997.49
1.375e-05,21746.42
1.4375e-05,21269.06
1.5e-05,20821.86
1.5625e-05,20401.76
1.625e-05,20006.14
1.6875e-05,19632.71
1.75e-05,19279.46
1.8125e-05,18944.65
1.875e-05,18626.72
1.9375e-05,18324.31
2e-05,18036.18
2.09375e-05,17628.42
2.1875e-05,17247.17
2.28125e-05,16889.66
2.375e-05,16553.54
2.46875e-05,16236.75
2.5625e-05,15937.51
2.65625e-05,15654.25
2.75e-05,15385.6
2.84375e-05,15130.36
2.9375e-05,14887.43
3.03125e-05,14655.85
3.125e-05,14434.78
3.21875e-05,14223.44
3.3125e-05,14021.14
3.40625e-05,13827.24
3.5e-05,13641.19
3.59375e-05,13462.47
3.6875e-05,13290.61
3.78125e-05,13125.18
3.875e-05,12965.79
3.96875e-05,12812.08
4.0625e-05,12663.72
4.25e-05,12381.87
4.4375e-05,12118.08
4.625e-05,11870.5
4.8125e-05,11637.53
5e-05,11417.79
5.15625e-05,11243.91
5.3125e-05,11077.75
5.46875e-05,10918.77
5.625e-05,10766.46
5.78125e-05,10620.36
5.9375e-05,10480.07
6.09375e-05,10345.22
6.25e-05,10215.45
6.40625e-05,10090.45
6.5625e-05,9969.951
6.71875e-05,9853.678
6.875e-05,9741.392
7.1875e-05,9527.904
7.5e-05,9327.903
7.8125e-05,9140.025
8.125e-05,8963.093
8.4375e-05,8796.084
8.75e-05,8638.103
9.0625e-05,8488.365
9.375e-05,8346.178
9.6875e-05,8210.928
0.0001,8082.067
0.000103125,7959.11
0.00010625,7841.617
0.000109375,7729.196
0.0001125,7621.492
0.000115625,7518.185
0.00011875,7418.983
0.000121875,7323.621
0.000125,7231.857
0.000128125,7143.472
0.00013125,7058.262
0.000134375,6976.042
0.0001375,6896.64
0.00014375,6745.677
0.00015,6604.25
0.00015625,6471.395
0.0001625,6346.28
0.00016875,6228.181
0.000175,6116.467
0.00018125,6010.582
0.0001875,5910.036
0.00019375,5814.395
0.0002,5723.273
0.000209375,5594.317
0.00021875,5473.742
0.000228125,5360.678
0.0002375,5254.376
0.000246875,5154.188
0.00025625,5059.547
0.000265625,4969.963
0.000275,4885.0
0.000284375,4804.273
0.00029375,4727.442
0.000303125,4654.203
0.0003125,4584.285
0.000321875,4517.444
0.00033125,4453.46
0.000340625,4392.136
0.00035,4333.292
0.000359375,4276.766
0.00036875,4222.41
0.000378125,4170.088
0.0003875,4119.675
0.000396875,4071.06
0.00040625,4024.137
0.000425,3934.992
0.00044375,3851.557
0.0004625,3773.249
0.00048125,3699.562
0.0005,3630.06
0.000515625,3575.06
0.00053125,3522.505
0.000546875,3472.217
0.0005625,3424.04
0.000578125,3377.829
0.00059375,3333.455
0.000609375,3290.797
0.000625,3249.749
0.000640625,3210.211
0.00065625,3172.095
0.000671875,3135.315
0.0006875,3099.796
0.00071875,3032.265
0.00075,2968.998
0.00078125,2909.565
0.0008125,2853.595
0.00084375,2800.761
0.000875,2750.784
0.00090625,2703.415
0.0009375,2658.432
0.00096875,2615.644
0.001,2574.877
0.00103125,2535.976
0.0010625,2498.804
0.00109375,2463.236
0.001125,2429.16
0.00115625,2396.475
0.0011875,2365.088
0.00121875,2334.915
0.00125,2305.881
0.00128125,2277.915
0.0013125,2250.953
0.00134375,2224.937
0.001375,2199.813
0.0014375,2152.044
0.0015,2107.291
0.0015625,2065.25
0.001625,2025.656
0.0016875,1988.282
0.00175,1952.928
0.0018125,1919.417
0.001875,1887.595
0.0019375,1857.325
0.002,1828.483
0.00209375,1787.666
0.0021875,1749.5
0.00228125,1713.71
0.002375,1680.058
0.00246875,1648.341
0.0025625,1618.379
0.00265625,1590.017
0.00275,1563.116
0.00284375,1537.555
0.0029375,1513.227
0.00303125,1490.036
0.003125,1467.895
0.00321875,1446.727
0.0033125,1426.463
0.00340625,1407.041
0.0035,1388.404
0.00359375,1370.5
0.0036875,1353.283
0.00378125,1336.709
0.003875,1320.739
0.00396875,1305.338
0.0040625,1290.472
0.00425,1262.229
0.0044375,1235.792
0.004625,1210.977
0.0048125,1187.625
0.005,1165.597
0.00515625,1148.164
0.0053125,1131.505
0.00546875,1115.563
0.005625,1100.289
0.00578125,1085.639
0.0059375,1071.568
0.00609375,1058.041
0.00625,1045.024
0.00640625,1032.485
0.0065625,1020.395
0.00671875,1008.729
0.006875,997.4617
0.0071875,976.0371
0.0075,955.9628
0.0078125,937.1022
0.008125,919.3377
0.0084375,902.5667
0.00875,886.6998
0.0090625,871.6584
0.009375,857.3732
0.0096875,843.7828
0.01,830.8323
0.0103125,818.4731
0.010625,806.6613
0.0109375,795.3576
0.01125,784.5264
0.0115625,774.1357
0.011875,764.1563
0.0121875,754.5617
0.0125,745.3276
0.0128125,736.432
0.013125,727.8547
0.0134375,719.5769
0.01375,711.5818
0.014375,696.3772
0.015,682.1283
0.015625,668.7389
0.01625,656.1254
0.016875,644.2154
0.0175,632.9458
0.018125,622.2606
0.01875,612.111
0.019375,602.4534
0.02,593.2491
0.0206625,583.9492
0.021325,575.0829
0.0219875,566.6175
0.02265,558.5236
0.0233125,550.7744
0.023975,543.3462
0.0246375,536.2172
0.0253,529.3677
0.02607188,521.7162
0.02684375,514.3942
0.02761563,507.3786
0.0283875,500.6484
0.02915938,494.1847
0.02993125,487.9701
0.03070313,481.989
0.031475,476.2269
0.03224688,470.6708
0.03301875,465.3086
0.03379063,460.1291
0.0345625,455.122
0.03610625,445.5883
0.03765,436.64
0.03919375,428.2191
0.0407375,420.2751
0.04228125,412.7644
0.043825,405.6483
0.04536875,398.8934
0.0469125,392.4696
0.04845625,386.3504
0.05,380.5123
0.0515625,374.8678
0.053125,369.4699
0.0546875,364.301
0.05625,359.345
0.0578125,354.5875
0.059375,350.0154
0.0609375,345.617
0.0625,341.3811
0.0640625,337.298
0.065625,333.3585
0.0671875,329.5542
0.06875,325.8776
0.071875,318.8791
0.075,312.3125
0.078125,306.1343
0.08125,300.3073
0.084375,294.7984
0.0875,289.5795
0.090625,284.6253
0.09375,279.9139
0.096875,275.4254
0.1,271.1427
0.103125,267.05
0.10625,263.1335
0.109375,259.3804
0.1125,255.7794
0.115625,252.3204
0.11875,248.994
0.121875,245.7918
0.125,242.7059
0.128125,239.7293
0.13125,236.8555
0.134375,234.0787
0.1375,231.3932
0.140625,228.7941
0.14375,226.2767
0.15,221.47
0.15625,216.9421
0.1625,212.6663
0.16875,208.6194
0.175,204.7809
0.18125,201.1331
0.1875,197.6601
0.19375,194.3479
0.2,191.1841
0.2046875,188.9019
0.209375,186.6926
0.2140625,184.5522
0.21875,182.4771
0.228125,178.5096
0.2375,174.7659
0.246875,171.2247
0.25625,167.868
0.265625,164.6796
0.275,161.6453
0.284375,158.7528
0.29375,155.9906
0.303125,153.3493
0.3125,150.8195
0.321875,148.3936
0.33125,146.0642
0.340625,143.8249
0.35,141.6699
0.359375,139.5937
0.36875,137.5914
0.378125,135.6587
0.3875,133.7914
0.396875,131.9857
0.40625,130.2383
0.415625,128.5459
0.425,126.9055
0.434375,125.3146
0.44375,123.7705
0.453125,122.2709
0.4625,120.8136
0.471875,119.3967
0.48125,118.0182
0.5,115.3696
0.53125,111.2472
0.5625,107.4474
0.59375,103.9291
0.625,100.6584
0.65625,97.607
0.6875,94.75104
0.71875,92.0702
0.75,89.54712
0.78125,87.16677
0.8125,84.91614
0.84375,82.78385
0.875,80.75991
0.9375,77.0028
1.0,73.58541
1.0625,70.46027
1.125,67.58894
1.1875,64.93981
1.25,62.48661
1.3125,60.20733
1.375,58.0833
1.4375,56.09857
1.5,54.23943
1.5625,52.49401
1.625,50.85194
1.6875,49.30413
1.75,47.84262
1.8125,46.46029
1.875,45.15086
1.9375,43.90872
2.0,42.72879
2.09375,41.06583
2.1875,39.5193
2.28125,38.07757
2.375,36.73056
2.46875,35.46942
2.5625,34.28642
2.65625,33.17472
2.75,32.12828
2.84375,31.14171
2.9375,30.21023
3.03125,29.32953
3.125,28.49573
3.21875,27.70535
3.3125,26.95527
3.40625,26.24261
3.5,25.56478
3.59375,24.91942
3.6875,24.30439
3.875,23.15755
4.0625,22.11036
4.25,21.15108
4.4375,20.2697
4.625,19.45763
4.8125,18.70749
5.0,18.01287
5.15625,17.47239
5.3125,16.96374
5.46875,16.48436
5.625,16.03196
5.78125,15.60448
5.9375,15.20003
6.09375,14.81692
6.25,14.45363
6.40625,14.10874
6.5625,13.78099
6.71875,13.46922
6.875,13.17236
7.03125,12.88943
7.1875,12.61953
7.34375,12.36186
7.5,12.11565
7.8125,11.65486
8.125,11.23219
8.4375,10.84338
8.75,10.48475
9.0625,10.15312
9.375,9.845739
9.6875,9.560182
10.0,9.294337
10.3125,9.046343
10.625,8.814561
10.9375,8.597536
11.25,8.393976
11.5625,8.202731
11.875,8.022774
12.1875,7.853182
12.5,7.69313
12.8125,7.541874
13.125,7.39874
13.4375,7.263122
13.75,7.13447
14.0625,7.012281
14.375,6.896103
14.6875,6.785519
15.0,6.680151
15.3125,6.579653
15.625,6.483704
15.9375,6.392016
16.25,6.304318
16.5625,6.220364
16.875,6.139927
17.1875,6.062796
17.5,5.988775
18.125,5.849361
18.75,5.720392
19.375,5.600755
20.0,5.489482
20.68546,5.376063
21.37091,5.270726
22.05637,5.172627
22.74182,5.081036
23.42728,4.995309
24.11273,4.914887
24.79818,4.83927
25.48363,4.76802
26.16909,4.700748
26.85454,4.637111
27.53999,4.576805
28.22544,4.519559
28.9109,4.465138
29.59635,4.413342
30.2818,4.364004
30.96725,4.316993
31.65271,4.272227
31.99544,4.250675
32.33816,4.229683
32.68089,4.20926
33.02362,4.189425
33.36635,4.170206
33.70907,4.151643
34.0518,4.133794
34.39453,4.116732
34.73726,4.100563
35.07998,4.085428
35.42271,4.071511
35.59407,4.065085
35.76543,4.059066
35.9368,4.0535
36.10816,4.048441
36.27952,4.043953
36.45088,4.040109
36.62225,4.037001
36.79361,4.034734
36.96498,4.033434
37.13634,4.033252
37.30771,4.034371
37.47907,4.037013
37.65043,4.041447
37.82179,4.048004
37.99316,4.057096
38.07884,4.062746
38.16452,4.069232
38.2502,4.076636
38.33588,4.085054
38.42156,4.094594
38.50724,4.105377
38.59293,4.117543
38.67861,4.131245
38.76429,4.146666
38.84997,4.164011
38.93565,4.183514
39.02133,4.205451
39.10701,4.230133
39.19269,4.25793
39.27838,4.28927
39.36406,4.32465
39.44974,4.364663
39.53542,4.410007
39.62111,4.461522
39.70679,4.520192
39.79247,4.587221
39.83531,4.624315
39.87815,4.66407
39.921,4.706726
39.96384,4.752524
40.00668,4.80176
40.04952,4.854756
40.09236,4.911867
40.1352,4.973495
40.17804,5.040087
40.22088,5.112149
40.26372,5.19025
40.30656,5.275035
40.3494,5.367234
40.39224,5.467677
40.43508,5.577316
40.47792,5.697236
40.52076,5.828687
40.5636,5.97311
40.60645,6.132219
40.64929,6.307881
40.69213,6.502409
40.73497,6.71847
40.77781,6.959219
40.82065,7.2284
40.86349,7.530482
40.88491,7.695499
40.90633,7.870839
40.92775,8.057349
40.94917,8.255968
40.97059,8.467732
40.99201,8.693791
41.01343,8.935418
41.03485,9.194036
41.05627,9.471224
41.07769,9.768754
41.09911,10.08861
41.12053,10.43302
41.14195,10.80448
41.16337,11.20585
41.18479,11.64033
41.20621,12.11157
41.22763,12.62373
41.24905,13.18158
41.27048,13.79089
41.2919,14.45739
41.31332,15.18865
41.33474,15.99317
41.35616,16.88081
41.37758,17.86321
41.399,18.95406
41.42042,20.16958
41.43113,20.83
41.44184,21.52911
41.45255,22.26996
41.46326,23.05587
41.47397,23.8905
41.48468,24.77787
41.49539,25.72245
41.5061,26.72917
41.51681,27.8035
41.52752,28.95152
41.53823,30.17999
41.54894,31.49648
41.55965,32.90943
41.57036,34.42831
41.58107,36.06378
41.59178,37.82787
41.60249,39.73413
41.6132,41.79797
41.62391,44.03688
41.63462,46.4708
41.64533,49.1226
41.65604,52.0185
41.66675,55.1887
41.67746,58.66817
41.68817,62.49751
41.69888,66.72404
41.70959,71.40323
41.71495,73.93493
41.7203,76.60028
41.72566,79.41926
41.73101,82.39228
41.73637,85.54239
41.74172,88.87083
41.74708,92.40432
41.75243,96.14528
41.75779,100.1248
41.76314,104.3469
41.7685,108.8481
41.77385,113.6343
41.77921,118.7486
41.78456,124.1998
41.78992,130.039
41.79527,136.2787
41.80063,142.9798
41.80598,150.1597
41.81134,157.8921
41.81669,166.2002
41.81937,170.6018
41.82205,175.1738
41.82473,179.9247
41.8274,184.8445
41.83008,189.9795
41.83276,195.3217
41.83544,200.8814
41.83811,206.6481
41.84079,212.6764
41.84347,218.958
41.84615,225.5061
41.84882,232.3087
41.8515,239.4319
41.85418,246.8664
41.85686,254.629
41.85953,262.7068
41.86221,271.1788
41.86489,280.0357
41.86757,289.2986
41.87024,298.9529
41.87292,309.0946
41.8756,319.7135
41.87828,330.8362
41.88095,342.446
41.88363,354.6597
41.88631,367.4657
41.88899,380.8968
41.89166,394.9335
41.89434,409.7168
41.89702,425.2328
41.8997,441.5208
41.90237,458.5558
41.90505,476.507
41.90773,495.355
41.91041,515.1435
41.91308,535.8372
41.91576,557.6351
41.91844,580.505
41.92112,604.4891
41.92379,629.5314
41.92647,655.856
41.92915,683.4036
41.93183,712.1999
41.9345,742.1486
41.9386,790.5999
41.94269,841.8719
41.94679,896.0923
41.95088,952.7555
41.95498,1011.747
41.95907,1072.211
41.96316,1133.514
41.96725,1194.661
41.97135,1254.564
41.97544,1311.493
41.97954,1364.11
41.98363,1410.462
41.98773,1449.097
41.99182,1478.305
41.99591,1496.968
42.0,1504.277
42.0041,1499.908
42.00819,1484.115
42.01229,1457.572
42.01638,1421.581
42.02048,1377.45
42.02457,1327.042
42.02866,1271.939
42.03275,1213.743
42.03685,1153.754
42.04094,1093.509
42.04913,975.5268
42.05323,919.1868
42.05732,865.405
42.06141,814.3042
42.0655,766.0269
42.06938,722.8836
42.07325,682.4106
42.07713,644.34
42.081,608.7808
42.08488,575.4414
42.08875,544.3747
42.09263,515.2941
42.0965,488.2224
42.10038,462.8929
42.10425,439.3137
42.10813,417.2444
42.112,396.687
42.11588,377.4294
42.11975,359.4718
42.12362,342.6708
42.12749,326.9407
42.13137,312.1657
42.13524,298.348
42.13912,285.3484
42.14299,273.1713
42.14687,261.696
42.15074,250.9284
42.15462,240.7643
42.15849,231.2108
42.16237,222.1773
42.16624,213.6722
42.17012,205.6165
42.17399,198.0195
42.17787,190.8122
42.18174,184.0042
42.18948,171.4303
42.19723,160.0857
42.20498,149.8337
42.21273,140.5428
42.22048,132.0997
42.22823,124.407
42.23598,117.3803
42.24373,110.9466
42.25147,105.0495
42.25922,99.61841
42.26697,94.61269
42.27472,89.98972
42.28247,85.71194
42.29022,81.74628
42.29797,78.06345
42.30572,74.63742
42.31346,71.44909
42.32121,68.46964
42.32896,65.68492
42.33671,63.07842
42.34446,60.63536
42.35221,58.34244
42.35996,56.18765
42.36771,54.16017
42.37545,52.25258
42.3832,50.45109
42.39095,48.75019
42.3987,47.14252
42.40645,45.6214
42.42195,42.815
42.43744,40.2897
42.45294,38.00633
42.46844,35.93622
42.48394,34.05357
42.49943,32.33741
42.51493,30.76664
42.53042,29.32704
42.54592,28.00268
42.56141,26.78305
42.57691,25.65591
42.59241,24.61277
42.60791,23.64541
42.6234,22.74718
42.6389,21.91053
42.6544,21.13044
42.6699,20.40186
42.68539,19.72074
42.70089,19.08222
42.71639,18.48315
42.73189,17.92031
42.74738,17.39116
42.76288,16.89238
42.77838,16.42197
42.79388,15.97781
42.80937,15.5582
42.82487,15.16085
42.84037,14.78443
42.87136,14.08887
42.90236,13.46079
42.93335,12.89197
42.96435,12.37477
42.99534,11.90332
43.02633,11.47215
43.05732,11.07674
43.08832,10.71305
43.11931,10.37792
43.15031,10.0682
43.1813,9.781509
43.2123,9.515402
43.24329,9.268073
43.27429,9.03761
43.30528,8.822616
43.33628,8.621579
43.36727,8.433403
43.39827,8.256878
43.42926,8.09114
43.46026,7.935207
43.49125,7.788392
43.52224,7.649933
43.55323,7.51919
43.58423,7.395544
43.61522,7.27855
43.64622,7.167651
43.67721,7.062487
43.7392,6.867665
43.80118,6.691328
43.86317,6.531079
43.92516,6.384974
43.98715,6.251335
44.04913,6.128745
44.11112,6.015935
44.17311,5.911861
44.2351,5.815605
44.29709,5.726365
44.35908,5.643444
44.42107,5.566225
44.48306,5.494171
44.54504,5.426815
44.60703,5.363715
44.66902,5.304507
44.73101,5.248856
44.79299,5.196473
44.85498,5.147075
44.91697,5.100429
44.97896,5.056319
45.04094,5.014558
45.10293,4.974957
45.16492,4.937362
45.2889,4.867627
45.41288,4.804343
45.53685,4.746672
45.66083,4.6939
45.7848,4.64544
45.90878,4.600777
46.03275,4.559486
46.15673,4.521188
46.28071,4.485569
46.40469,4.452351
46.52866,4.421292
46.65264,4.39218
46.77662,4.364829
46.9006,4.339078
47.02457,4.314785
47.14855,4.291816
47.27253,4.270063
47.39651,4.249422
47.52048,4.229805
47.64446,4.211129
47.76843,4.193321
48.01638,4.160053
48.26434,4.129546
48.51229,4.10143
48.76024,4.075392
49.00819,4.051174
49.25615,4.028557
49.5041,4.007358
49.75205,3.987419
50.0,3.968605
50.29586,3.947465
50.59172,3.927593
50.88758,3.908845
51.18344,3.891099
51.4793,3.87425
51.77516,3.858207
52.07102,3.842893
52.36688,3.828237
52.66274,3.814182
52.9586,3.800674
53.55032,3.77512
54.14204,3.751264
54.73375,3.728859
55.32547,3.707705
55.91719,3.687642
56.50891,3.66854
57.10063,3.650292
57.69235,3.632811
58.28407,3.61603
58.87579,3.599898
59.4675,3.584381
60.05922,3.569468
60.35508,3.56224
60.65094,3.555171
60.9468,3.548268
61.24266,3.541541
61.53852,3.535003
61.83438,3.528677
62.13024,3.522586
62.4261,3.516765
62.72196,3.511261
63.01782,3.50613
63.31368,3.501455
63.46161,3.499319
63.60954,3.49734
63.75747,3.495536
63.9054,3.493928
64.05333,3.492543
64.20125,3.491413
64.34918,3.490572
64.49711,3.490064
64.64504,3.489939
64.79297,3.490259
64.9409,3.491096
65.08883,3.49254
65.23676,3.494698
65.38469,3.497701
65.53262,3.501712
65.60659,3.504157
65.68055,3.506934
65.75452,3.510076
65.82848,3.51362
65.90245,3.517609
65.97641,3.52209
66.05038,3.527119
66.12434,3.532755
66.19831,3.539071
66.27227,3.546146
66.34624,3.554073
66.4202,3.562958
66.49417,3.572924
66.56813,3.584114
66.6421,3.596694
66.71606,3.610858
66.79003,3.626838
66.86399,3.644902
66.93796,3.665375
67.01192,3.688638
67.08589,3.715161
67.12287,3.729812
67.15985,3.745497
67.19684,3.76231
67.23382,3.78034
67.2708,3.799703
67.30778,3.820521
67.34477,3.842937
67.38175,3.867094
67.41873,3.893168
67.45571,3.921353
67.4927,3.951874
67.52968,3.98496
67.56666,4.020898
67.60364,4.060004
67.64063,4.102653
67.67761,4.149231
67.71459,4.200225
67.75157,4.256182
67.78856,4.317749
67.82554,4.385631
67.86252,4.460697
67.8995,4.543955
67.93649,4.636615
67.97347,4.740032
68.01045,4.855902
68.02894,4.91912
68.04743,4.986233
68.06593,5.057599
68.08442,5.133488
68.10291,5.214325
68.1214,5.300535
68.13989,5.392591
68.15838,5.491018
68.17687,5.596401
68.19536,5.709393
68.21386,5.830794
68.23235,5.96129
68.25084,6.101868
68.26933,6.253566
68.28782,6.417559
68.30631,6.595181
68.3248,6.787948
68.34329,6.997592
68.36179,7.226222
68.38028,7.475876
68.39877,7.7493
68.41726,8.049546
68.43575,8.380162
68.45424,8.745298
68.47273,9.149828
68.49122,9.599507
68.50972,10.10146
68.51897,10.37444
68.52821,10.6633
68.53746,10.96994
68.5467,11.29511
68.55595,11.64105
68.56519,12.00874
68.57444,12.40085
68.58368,12.81864
68.59293,13.26534
68.60217,13.74257
68.61142,14.25425
68.62066,14.80249
68.62991,15.39209
68.63915,16.02583
68.6484,16.70963
68.65765,17.44799
68.6669,18.24674
68.67614,19.11153
68.68539,20.05174
68.69463,21.07392
68.70388,22.19011
68.71312,23.40918
68.72237,24.74679
68.73161,26.21511
68.74086,27.83482
68.7501,29.62283
68.75935,31.60687
68.76859,33.81075
68.77322,35.00868
68.77784,36.27242
68.78246,37.60964
68.78708,39.02588
68.79171,40.53058
68.79633,42.12395
68.80095,43.81642
68.80557,45.616
68.8102,47.53578
68.81482,49.5771
68.81944,51.75462
68.82406,54.08004
68.82869,56.57182
68.83331,59.23345
68.83793,62.08585
68.84255,65.14639
68.84718,68.44165
68.8518,71.97869
68.85642,75.78791
68.86104,79.89533
68.86567,84.33976
68.87029,89.13392
68.87491,94.32224
68.87953,99.94358
68.88416,106.0544
68.88878,112.6751
68.8934,119.8697
68.89802,127.6935
68.90265,136.2254
68.90727,145.4919
68.91189,155.5772
68.91651,166.5491
68.92114,178.5018
68.92345,184.8438
68.92576,191.4477
68.92807,198.32
68.93038,205.4665
68.93269,212.8918
68.935,220.5991
68.93907,234.8679
68.94313,249.9681
68.94719,265.8978
68.95125,282.5863
68.95532,299.9623
68.95938,317.7734
68.96344,335.8335
68.9675,353.849
68.97157,371.501
68.97563,388.2778
68.97969,403.7503
68.98375,417.4197
68.98782,428.8181
68.99188,437.4411
68.99594,442.9587
69.0,445.1328
69.00407,443.8664
69.00813,439.2345
69.01219,431.4574
69.01625,420.88
69.02032,407.9025
69.02438,393.0739
69.02844,376.8599
69.0325,359.7327
69.03657,342.0753
69.04063,324.3411
69.04875,289.6483
69.05282,273.0587
69.05688,257.2219
69.06094,242.1738
69.065,227.9567
69.06828,217.0885
69.07156,206.7702
69.07484,196.9925
69.07812,187.7411
69.0814,178.998
69.08468,170.7429
69.08796,162.9534
69.09124,155.6068
69.09452,148.6795
69.0978,142.1486
69.10108,135.9913
69.10436,130.1854
69.10764,124.7098
69.11092,119.5442
69.1142,114.6692
69.11748,110.0667
69.12076,105.7192
69.12404,101.6108
69.12732,97.72616
69.1306,94.0511
69.13388,90.57229
69.13716,87.27732
69.14044,84.1546
69.14372,81.19331
69.15028,75.71544
69.15684,70.7711
69.1634,66.2973
69.16996,62.23936
69.17652,58.5498
69.18308,55.18728
69.18964,52.11584
69.1962,49.30406
69.20276,46.72445
69.20932,44.35293
69.21588,42.16837
69.22244,40.15211
69.229,38.28773
69.23556,36.56069
69.24212,34.95812
69.24868,33.46856
69.25524,32.08182
69.2618,30.78879
69.26836,29.58138
69.27491,28.45394
69.28147,27.3965
69.28803,26.40497
69.29459,25.47402
69.30115,24.59889
69.30771,23.77523
69.31427,22.99912
69.32083,22.26701
69.32739,21.57565
69.33395,20.92208
69.34051,20.30365
69.35363,19.16246
69.36675,18.13484
69.37987,17.20624
69.39299,16.36437
69.40611,15.59877
69.41923,14.90049
69.43235,14.26188
69.44547,13.67632
69.45859,13.13808
69.47171,12.64218
69.48482,12.18463
69.49794,11.76092
69.51106,11.36808
69.52418,11.00317
69.5373,10.6636
69.55042,10.34704
69.56354,10.05147
69.57666,9.775049
69.58978,9.51615
69.6029,9.273311
69.61602,9.04522
69.62914,8.830698
69.64226,8.628679
69.65538,8.438202
69.6685,8.258395
69.68162,8.088469
69.69473,7.927822
69.70785,7.775559
69.72097,7.631207
69.74721,7.364103
69.77345,7.122678
69.79968,6.903783
69.82592,6.704516
69.85216,6.522637
69.8784,6.356149
69.90463,6.203395
69.93087,6.062776
69.95711,5.933067
69.98335,5.81315
70.00959,5.702045
70.03583,5.598893
70.06207,5.502937
70.08831,5.413511
70.11454,5.330053
70.14078,5.251973
70.16702,5.178838
70.19326,5.110227
70.21949,5.045789
70.24573,4.98514
70.27197,4.928002
70.29821,4.874102
70.32444,4.823212
70.35068,4.775068
70.37692,4.72949
70.4294,4.645303
70.48188,4.569364
70.53435,4.500608
70.58683,4.438104
70.6393,4.381111
70.69178,4.328957
70.74425,4.281105
70.79673,4.23706
70.84921,4.196418
70.90169,4.15882
70.95416,4.123963
71.00664,4.091561
71.05912,4.061382
71.1116,4.033216
71.16407,4.006883
71.21655,3.982207
71.26903,3.959049
71.32151,3.937278
71.37398,3.916781
71.42646,3.897447
71.47893,3.879189
71.53141,3.861916
71.58388,3.84556
71.63636,3.830044
71.68884,3.81531
71.79379,3.78797
71.89874,3.763141
72.00369,3.740496
72.10865,3.719757
72.2136,3.700695
72.31855,3.683111
72.4235,3.666837
72.52846,3.651724
72.63341,3.637652
72.73837,3.624509
72.84332,3.612205
72.94828,3.600653
73.05323,3.589785
73.15818,3.579536
73.26313,3.569848
73.36809,3.560671
73.47304,3.551964
73.57799,3.543686
73.68294,3.535801
73.89285,3.521089
74.10275,3.507612
74.31266,3.495191
74.52257,3.483682
74.73248,3.472966
74.94238,3.462942
75.15229,3.453524
75.36219,3.444641
75.5721,3.436232
75.782,3.428245
75.99191,3.420635
76.20182,3.413362
76.41173,3.406393
76.62163,3.3997
77.04144,3.387033
77.46125,3.37519
77.88107,3.364035
78.30088,3.353459
78.72069,3.343375
79.1405,3.333711
79.56032,3.324408
79.98013,3.315418
80.39994,3.306699
80.81975,3.298217
81.23957,3.289941
81.65938,3.281846
82.07919,3.273911
82.499,3.266116
82.91882,3.258444
83.33863,3.250882
83.75844,3.243418
84.17825,3.236041
84.59807,3.228745
85.01788,3.221522
85.43769,3.21437
85.8575,3.207287
86.27732,3.200276
86.69713,3.193346
87.11694,3.186506
87.53675,3.179779
87.74666,3.176466
87.95657,3.173194
88.16648,3.169968
88.37638,3.166796
88.58629,3.163687
88.79619,3.160651
89.0061,3.157701
89.216,3.154852
89.42591,3.152124
89.63582,3.149537
89.84573,3.147122
90.05563,3.14491
90.26554,3.142941
90.47544,3.141268
90.68535,3.139952
90.89525,3.139071
91.10516,3.138722
91.21012,3.138784
91.31507,3.139029
91.42003,3.139474
91.52498,3.140145
91.62993,3.141069
91.73488,3.142275
91.83984,3.143797
91.94479,3.145675
92.04974,3.147955
92.15469,3.150687
92.25965,3.153935
92.3646,3.157765
92.46955,3.16226
92.5745,3.167515
92.67946,3.173642
92.78441,3.18077
92.88937,3.189057
92.99432,3.198686
93.09928,3.209879
93.20423,3.222902
93.30918,3.238075
93.36166,3.246589
93.41413,3.255794
93.46661,3.265755
93.51909,3.276542
93.57157,3.288232
93.62404,3.300911
93.67652,3.314682
93.72899,3.329649
93.78147,3.345941
93.83394,3.363693
93.88642,3.383069
93.9389,3.404244
93.99138,3.427421
94.04385,3.452828
94.09633,3.48074
94.1488,3.511452
94.20128,3.545328
94.25375,3.582762
94.30623,3.624241
94.35871,3.670312
94.41119,3.721623
94.46366,3.778926
94.51614,3.843146
94.56862,3.915352
94.59486,3.954845
94.6211,3.996837
94.64734,4.041532
94.67357,4.089137
94.69981,4.139934
94.72605,4.19418
94.75229,4.252179
94.77853,4.314265
94.80477,4.380815
94.83101,4.452246
94.85725,4.529026
94.88348,4.611645
94.90972,4.700752
94.93596,4.796981
94.9622,4.901081
94.98843,5.013851
95.01467,5.136341
95.04091,5.269607
95.06715,5.414904
95.09338,5.573609
95.11962,5.7475
95.14586,5.938438
95.1721,6.148655
95.19834,6.380748
95.22458,6.637766
95.25082,6.923299
95.27706,7.2416
95.30329,7.597587
95.31641,7.791682
95.32953,7.997602
95.34265,8.216301
95.35577,8.448833
95.36889,8.696361
95.38201,8.960171
95.39513,9.241689
95.40824,9.54226
95.42136,9.864104
95.43448,10.20896
95.4476,10.57903
95.46072,10.97678
95.47384,11.40496
95.48696,11.8667
95.50008,12.36551
95.51319,12.90496
95.52631,13.49039
95.53943,14.12659
95.55255,14.81943
95.56567,15.57573
95.57879,16.40327
95.59191,17.31109
95.60503,18.30967
95.61815,19.41126
95.63127,20.63014
95.64439,21.9832
95.65751,23.49034
95.66407,24.30894
95.67063,25.17527
95.67719,26.09307
95.68375,27.06634
95.69031,28.09956
95.69687,29.19762
95.70343,30.36589
95.70999,31.61035
95.71655,32.93756
95.7231,34.35258
95.72966,35.86779
95.73622,37.4901
95.74278,39.22949
95.74934,41.09715
95.7559,43.10554
95.76246,45.26866
95.76902,47.6022
95.77558,50.12381
95.78214,52.85343
95.7887,55.81353
95.79526,59.02962
95.80182,62.53059
95.80838,66.34933
95.81494,70.52334
95.8215,75.09537
95.82805,80.10641
95.83461,85.62779
95.84117,91.71662
95.84445,94.99655
95.84773,98.44693
95.85101,102.0788
95.85429,105.9039
95.85757,109.9349
95.86085,114.1853
95.86413,118.6697
95.86741,123.4039
95.87069,128.4041
95.87397,133.6886
95.87725,139.2762
95.88053,145.1873
95.88381,151.4435
95.88709,158.0679
95.89037,165.0849
95.89365,172.5201
95.89693,180.4005
95.90021,188.7546
95.90349,197.6119
95.90677,207.0024
95.91005,216.9574
95.91333,227.5079
95.91661,238.6851
95.91989,250.5186
95.92317,263.0369
95.92645,276.2649
95.92973,290.2235
95.933,304.8817
95.93719,324.7565
95.94138,345.8462
95.94557,368.1017
95.94975,391.368
95.95394,415.5976
95.95813,440.5035
95.96232,465.7682
95.9665,490.9215
95.97069,515.5797
95.97488,539.0893
95.97907,560.7882
95.98325,579.9351
95.98744,595.9324
95.99163,608.1025
95.99582,615.9379
96.0,619.1004
96.00419,617.4769
96.00838,611.1473
96.01257,600.4148
96.01675,585.799
96.02094,567.8354
96.02513,547.2307
96.02932,524.6768
96.0335,500.8929
96.04188,451.6496
96.05025,403.3373
96.05444,380.2523
96.05863,358.1541
96.06282,337.1523
96.067,317.3531
96.07085,300.1538
96.07469,283.9847
96.07853,268.7791
96.08237,254.5054
96.08621,241.1248
96.09005,228.5936
96.09389,216.8653
96.09773,205.8927
96.10158,195.603
96.10542,186.0034
96.10926,177.0217
96.1131,168.6154
96.11694,160.7445
96.12078,153.371
96.12462,146.4596
96.12846,139.9769
96.13231,133.8771
96.13615,128.1631
96.13999,122.792
96.14383,117.7396
96.14767,112.9831
96.15151,108.5017
96.15535,104.276
96.15919,100.2884
96.16303,96.52241
96.16687,92.96288
96.17071,89.59586
96.17455,86.40844
96.17839,83.38874
96.18223,80.52573
96.18991,75.22992
96.1976,70.44256
96.20528,66.11382
96.21296,62.1837
96.22064,58.60611
96.22832,55.34122
96.236,52.35448
96.24368,49.61585
96.25136,47.09913
96.25905,44.7785
96.26673,42.63989
96.27441,40.66248
96.28209,38.83069
96.28977,37.13074
96.29745,35.55041
96.30513,34.07886
96.31281,32.7064
96.3205,31.4228
96.32818,30.22368
96.33586,29.10036
96.34354,28.04664
96.35123,27.05565
96.35891,26.12491
96.36659,25.24853
96.37427,24.42237
96.38196,23.64167
96.38964,22.90506
96.39732,22.20838
96.405,21.54881
96.42036,20.33081
96.43572,19.23289
96.45109,18.23913
96.46645,17.33787
96.48181,16.51739
96.49717,15.7683
96.51254,15.08209
96.5279,14.45266
96.54326,13.87352
96.55862,13.3394
96.57399,12.84543
96.58935,12.38822
96.60472,11.96364
96.62008,11.56914
96.63545,11.20145
96.65081,10.8586
96.66617,10.53818
96.68153,10.23825
96.6969,9.956903
96.71226,9.692955
96.72762,9.444823
96.74298,9.211251
96.75835,8.990967
96.77371,8.783236
96.78907,8.586978
96.80443,8.401354
96.8198,8.225487
96.83516,8.058906
96.86588,7.750755
96.89661,7.472227
96.92733,7.21974
96.95806,6.989948
96.98878,6.780294
97.01951,6.588327
97.05023,6.412186
97.08096,6.250038
97.11169,6.100459
97.14242,5.962152
97.17314,5.834028
97.20387,5.715012
97.23459,5.60431
97.26532,5.501082
97.29604,5.404712
97.32677,5.314531
97.35749,5.230063
97.38822,5.150769
97.41894,5.076271
97.44967,5.006132
97.48039,4.940051
97.51112,4.877671
97.54184,4.81875
97.57257,4.762992
97.6033,4.710184
97.63403,4.660114
97.66475,4.612605
97.7262,4.524514
97.78765,4.444676
97.8491,4.372056
97.91055,4.305772
97.972,4.245078
98.03345,4.189338
98.09491,4.137992
98.15636,4.090586
98.21781,4.046698
98.27926,4.005971
98.34072,3.968087
98.40217,3.932784
98.46362,3.899812
98.52507,3.86896
98.58653,3.840034
98.64798,3.812873
98.70943,3.787324
98.77088,3.763253
98.83233,3.740539
98.89378,3.719076
98.95523,3.698764
99.01668,3.679518
99.07814,3.661252
99.13959,3.643904
99.26249,3.611691
99.38539,3.582418
99.50829,3.555704
99.6312,3.531228
99.7541,3.508723
99.877,3.487958
99.9999,3.468734
100.0,3.468709
100.0001,3.468694
100.0005,3.468634
100.0008,3.468589
100.0015,3.468484
100.0029,3.468273
100.0057,3.467853
100.0113,3.467013
100.0225,3.465344
100.0449,3.462038
100.0897,3.455556
100.1793,3.443088
100.2689,3.431242
100.3585,3.419967
100.5377,3.398973
100.7169,3.37981
100.8961,3.362235
101.0753,3.346044
101.2545,3.331067
101.4336,3.317164
101.6128,3.304198
101.792,3.29207
101.9712,3.280689
102.1504,3.269977
102.3296,3.259865
102.5088,3.250294
102.688,3.241213
102.8671,3.232577
103.0463,3.22434
103.2255,3.216466
103.4047,3.208928
103.5839,3.201696
103.9423,3.188047
104.3006,3.17535
104.659,3.163455
105.0174,3.152252
105.3758,3.141642
105.7341,3.131549
106.0925,3.121899
106.4509,3.112639
106.8093,3.103718
107.1676,3.095098
107.526,3.086736
107.8844,3.078604
108.2428,3.070674
108.6011,3.062924
109.3179,3.047868
110.0346,3.033295
110.7514,3.019084
111.4681,3.005145
112.1849,2.991399
112.5433,2.984578
112.9016,2.977787
113.26,2.971016
113.6184,2.964263
113.9768,2.957526
114.3351,2.950806
114.6935,2.944103
115.0519,2.937419
115.4103,2.930765
115.7686,2.924155
116.127,2.917605
116.4854,2.911146
116.8438,2.904821
117.023,2.901726
117.2021,2.898692
117.3813,2.895726
117.5605,2.892846
117.7397,2.89007
117.9189,2.887418
118.0981,2.884919
118.2773,2.882605
118.4565,2.880517
118.6356,2.878706
118.8148,2.877232
118.994,2.876179
119.1732,2.875647
119.2628,2.875615
119.3524,2.875766
119.442,2.87612
119.5316,2.876704
119.6212,2.877546
119.7108,2.878682
119.8004,2.880149
119.89,2.881992
119.9796,2.884265
120.0691,2.887025
120.1587,2.890349
120.2483,2.89432
120.3379,2.899036
120.4275,2.904618
120.5171,2.911207
120.6067,2.918973
120.6963,2.928124
120.7859,2.93891
120.8307,2.94501
120.8755,2.951641
120.9203,2.95885
120.9651,2.966696
121.0099,2.97524
121.0547,2.984552
121.0995,2.994711
121.1443,3.005806
121.1891,3.017938
121.2339,3.03122
121.2787,3.045781
121.3235,3.06177
121.3683,3.079354
121.4131,3.098727
121.4579,3.120112
121.5026,3.143711
121.5474,3.16993
121.5922,3.199067
121.637,3.23153
121.6818,3.267801
121.7266,3.30845
121.7714,3.354155
121.8162,3.405726
121.8386,3.434009
121.861,3.46414
121.8834,3.496274
121.9058,3.530583
121.9282,3.567255
121.9506,3.606502
121.973,3.648556
121.9954,3.693679
122.0178,3.74216
122.0402,3.794327
122.0626,3.850544
122.085,3.911221
122.1074,3.976824
122.1298,4.047878
122.1522,4.124976
122.1746,4.208798
122.197,4.300118
122.2193,4.399356
122.2417,4.50842
122.2641,4.628061
122.2865,4.759647
122.3089,4.904764
122.3313,5.065274
122.3537,5.243361
122.3761,5.441609
122.3985,5.663084
122.4097,5.783651
122.4209,5.911454
122.4321,6.047069
122.4433,6.191127
122.4545,6.344328
122.4657,6.507442
122.4769,6.68132
122.4881,6.866906
122.4993,7.065251
122.5105,7.277522
122.5217,7.505022
122.5329,7.749205
122.5441,8.011707
122.5553,8.294357
122.5665,8.599227
122.5777,8.928648
122.5889,9.285264
122.6001,9.67208
122.6113,10.09252
122.6225,10.5505
122.6337,11.05052
122.6449,11.59774
122.6561,12.19816
122.6673,12.8587
122.6785,13.58747
122.6897,14.39392
122.7009,15.28919
122.7121,16.28643
122.7177,16.82805
122.7233,17.40124
122.7289,18.00842
122.7345,18.65227
122.7401,19.33569
122.7457,20.06189
122.7513,20.83441
122.7569,21.65713
122.7625,22.53432
122.7681,23.47076
122.7737,24.4717
122.7793,25.54293
122.7849,26.69097
122.7905,27.923
122.7961,29.24706
122.8017,30.6721
122.8073,32.20818
122.8129,33.86653
122.8185,35.65975
122.8241,37.60204
122.8297,39.70936
122.8353,41.99973
122.8409,44.49346
122.8465,47.21355
122.8521,50.18599
122.8577,53.44021
122.8633,57.00953
122.8689,60.93169
122.8745,65.24936
122.8801,70.01067
122.8857,75.2698
122.8885,78.10474
122.8913,81.08742
122.8941,84.22648
122.8969,87.53098
122.8997,91.01043
122.9025,94.67473
122.9053,98.53413
122.9081,102.5992
122.9109,106.8809
122.9137,111.3901
122.9165,116.1378
122.9193,121.1352
122.9221,126.3927
122.9249,131.9208
122.9277,137.7285
122.9305,143.8239
122.9333,150.2138
122.936,156.6584
122.938,161.6123
122.94,166.719
122.942,171.9774
122.944,177.3846
122.946,182.9369
122.948,188.6287
122.95,194.4529
122.952,200.4003
122.954,206.4597
122.956,212.6178
122.96,225.163
122.964,237.8759
122.968,250.5505
122.972,262.9342
122.976,274.732
122.98,285.6152
122.984,295.2381
122.988,303.2594
122.992,309.3693
122.996,313.3179
123.0,314.939
123.0021,314.8324
123.0041,314.1188
123.0082,310.8362
123.0123,305.2541
123.0163,297.8387
123.0204,288.5369
123.0244,278.1447
123.0285,266.5024
123.0325,254.51
123.0366,241.8766
123.0407,229.1652
123.0448,216.5957
123.0488,204.6331
123.0529,192.8028
123.0569,181.7648
123.061,171.0212
123.065,161.1242
123.0683,153.4002
123.0716,146.073
123.0749,139.1352
123.0782,132.5761
123.0815,126.3822
123.0848,120.5382
123.0881,115.0278
123.0913,109.9872
123.0946,105.0845
123.0979,100.4653
123.1012,96.11289
123.1044,92.13205
123.1077,88.25897
123.111,84.60706
123.1143,81.16241
123.1175,78.00758
123.1208,74.93328
123.1241,72.0293
123.1274,69.28471
123.1306,66.7658
123.1339,64.30582
123.1372,61.97675
123.1405,59.77027
123.1437,57.74037
123.1503,53.86694
123.1568,50.42341
123.1634,47.25916
123.1699,44.43212
123.1765,41.82167
123.183,39.47825
123.1896,37.3043
123.1961,35.34389
123.2027,33.51725
123.2092,31.86307
123.2158,30.31545
123.2223,28.9084
123.2289,27.58698
123.2354,26.38116
123.242,25.24474
123.2485,24.2042
123.2551,23.22032
123.2616,22.31661
123.2682,21.45952
123.2747,20.66996
123.2813,19.91901
123.2878,19.22535
123.2944,18.56387
123.3009,17.95132
123.3075,17.36576
123.314,16.82223
123.3206,16.30146
123.3271,15.81702
123.3337,15.35189
123.3402,14.91829
123.3533,14.11158
123.3664,13.38475
123.3795,12.7276
123.3926,12.13152
123.4057,11.58914
123.4188,11.0942
123.4319,10.64131
123.445,10.22582
123.4581,9.843697
123.4712,9.491454
123.4843,9.166036
123.4974,8.864768
123.5105,8.585303
123.5236,8.325568
123.5367,8.083737
123.5498,7.858185
123.5629,7.64747
123.576,7.450305
123.5891,7.265541
123.6022,7.092148
123.6153,6.9292
123.6284,6.775866
123.6415,6.631394
123.6546,6.495103
123.6677,6.366381
123.6808,6.244669
123.6939,6.129459
123.7201,5.916738
123.7463,5.724983
123.7725,5.551481
123.7987,5.393951
123.8249,5.250454
123.8511,5.119342
123.8773,4.9992
123.9035,4.888813
123.9298,4.786757
123.956,4.692893
123.9822,4.606023
124.0084,4.52545
124.0346,4.450567
124.0608,4.380833
124.087,4.315774
124.1132,4.25497
124.1394,4.198047
124.1656,4.14467
124.1918,4.094541
124.218,4.047392
124.2442,4.002984
124.2704,3.961102
124.2966,3.921548
124.3228,3.884148
124.349,3.848742
124.3752,3.815184
124.4276,3.753096
124.48,3.696963
124.5324,3.646013
124.5848,3.599596
124.6372,3.557164
124.6896,3.518248
124.742,3.482449
124.7945,3.449362
124.8469,3.418815
124.8993,3.390483
124.9517,3.364144
125.0041,3.339598
125.0565,3.316677
125.1089,3.295225
125.1613,3.27511
125.2137,3.256211
125.2661,3.238424
125.3185,3.221653
125.3709,3.205814
125.4233,3.190831
125.4757,3.176636
125.5805,3.150371
125.6854,3.126575
125.7902,3.104943
125.895,3.085164
125.9998,3.066996
126.1046,3.050238
126.2094,3.034717
126.3142,3.02029
126.419,3.006831
126.5239,2.994222
126.6287,2.982393
126.7335,2.971253
126.8383,2.960732
126.9431,2.950767
127.0479,2.941306
127.2575,2.923709
127.4672,2.907617
127.6768,2.892792
127.8864,2.879024
128.096,2.866152
128.3057,2.854032
128.5153,2.842569
128.7249,2.831663
128.9345,2.821238
129.1442,2.811225
129.3538,2.801577
129.773,2.783179
130.1923,2.76573
130.6115,2.749006
131.0308,2.732823
131.45,2.717046
131.8693,2.701558
132.2885,2.686273
132.7078,2.671113
133.127,2.656023
133.5463,2.640945
133.9655,2.625844
134.3848,2.610679
134.804,2.595429
135.2233,2.580066
135.6425,2.564581
136.0618,2.548958
136.481,2.533203
136.9003,2.517316
137.3195,2.501323
137.7388,2.485243
138.158,2.46913
138.5773,2.453041
138.9965,2.437073
139.2062,2.429165
139.4158,2.421339
139.6254,2.413613
139.835,2.406012
140.0447,2.398562
140.2543,2.391303
140.4639,2.384274
140.6735,2.377517
140.8832,2.371082
141.0928,2.365039
141.3024,2.359452
141.512,2.354406
141.7217,2.349994
141.9313,2.346331
142.1409,2.343547
142.3505,2.341794
142.5602,2.341251
142.7698,2.342133
142.9794,2.344687
143.189,2.349212
143.3987,2.356065
143.6083,2.365661
143.8179,2.378511
144.0275,2.395225
144.2372,2.416555
144.4468,2.443383
144.5516,2.459199
144.6564,2.476825
144.7612,2.496441
144.866,2.518247
144.9709,2.542489
145.0757,2.56937
145.1805,2.599193
145.2853,2.63227
145.3901,2.668956
145.4949,2.709648
145.5997,2.754799
145.7045,2.804918
145.8094,2.860646
145.9142,2.922537
146.019,2.991402
146.1238,3.06811
146.2286,3.153664
146.3334,3.24922
146.4382,3.35612
146.543,3.475924
146.6479,3.610592
146.7527,3.762012
146.8575,3.932829
146.9623,4.126035
147.0671,4.345197
147.1719,4.594585
147.2243,4.732185
147.2767,4.879353
147.3291,5.036907
147.3815,5.205749
147.434,5.387238
147.4864,5.581795
147.5388,5.790986
147.5912,6.016186
147.6436,6.258931
147.696,6.520937
147.7484,6.80413
147.8008,7.110679
147.8532,7.443023
147.9056,7.803925
147.958,8.196514
148.0104,8.624351
148.0628,9.091496
148.1152,9.602598
148.1676,10.16299
148.1938,10.46356
148.22,10.77884
148.2463,11.11103
148.2725,11.45861
148.2987,11.82389
148.3249,12.20802
148.3511,12.61226
148.3773,13.03795
148.4035,13.4866
148.4297,13.95976
148.4559,14.45919
148.4821,14.98678
148.5083,15.54458
148.5345,16.13484
148.5607,16.76003
148.5869,17.42281
148.6131,18.12614
148.6393,18.87327
148.6655,19.66774
148.6917,20.51348
148.7179,21.41483
148.7441,22.37657
148.7703,23.40402
148.7965,24.50306
148.8227,25.68027
148.8489,26.94296
148.8751,28.29934
148.9013,29.75854
148.9275,31.33089
148.9537,33.028
148.9799,34.86297
149.0061,36.85068
149.0323,39.008
149.0585,41.35417
149.0848,43.9214
149.111,46.71553
149.1372,49.77505
149.1503,51.41464
149.1634,53.13361
149.1765,54.93703
149.1896,56.83038
149.2027,58.81955
149.2158,60.91097
149.2289,63.11157
149.242,65.42889
149.2551,67.8711
149.2682,70.44711
149.2813,73.16663
149.2944,76.04023
149.3075,79.07948
149.3206,82.297
149.3337,85.70668
149.3468,89.32371
149.3599,93.16481
149.373,97.24841
149.3861,101.5948
149.3992,106.2264
149.4123,111.1682
149.4254,116.4476
149.4385,122.0953
149.4516,128.1455
149.4647,134.6363
149.4778,141.6103
149.4909,149.1154
149.504,157.2053
149.5171,165.9405
149.5302,175.3894
149.5433,185.6299
149.5564,196.7498
149.5695,208.8496
149.5826,222.044
149.5957,236.4643
149.6088,252.262
149.6219,269.6114
149.635,288.7144
149.6481,309.8059
149.6547,321.27
149.6612,333.1591
149.6678,345.8809
149.6743,359.0944
149.6809,373.2555
149.6874,387.9876
149.694,403.8022
149.7005,420.2819
149.7071,438.0028
149.7136,456.5015
149.7202,476.4288
149.7267,497.2687
149.7333,519.7597
149.7398,543.3249
149.7464,568.806
149.7529,595.5557
149.7595,624.5371
149.766,655.0217
149.7726,688.1154
149.7791,722.995
149.7857,760.9351
149.7922,801.0017
149.7988,844.6687
149.8053,890.8707
149.8119,941.3163
149.8184,994.7835
149.825,1053.256
149.8315,1115.322
149.8381,1183.285
149.8446,1255.497
149.8512,1334.626
149.8577,1418.731
149.8643,1510.878
149.8708,1608.748
149.8774,1715.823
149.8839,1829.289
149.8905,1953.013
149.897,2083.519
149.9035,2222.743
149.9099,2368.272
149.9164,2524.316
149.9228,2685.405
149.9293,2855.464
149.9357,3027.661
149.9485,3376.919
149.955,3550.381
149.9614,3713.369
149.9679,3866.315
149.9743,3999.682
149.9808,4112.766
149.9872,4197.743
149.9936,4253.065
150.0,4276.423
150.0065,4266.499
150.0129,4224.216
150.0194,4150.359
150.0258,4050.495
150.0323,3925.753
150.0387,3784.627
150.0451,3630.062
150.0515,3466.553
150.0644,3125.757
150.0773,2790.592
150.0838,2629.316
150.0902,2477.261
150.0966,2332.651
150.103,2195.902
150.1103,2049.708
150.1176,1913.855
150.1249,1788.033
150.1322,1671.775
150.1395,1564.528
150.1468,1465.691
150.1541,1374.648
150.1613,1291.895
150.1686,1214.555
150.1759,1143.272
150.1832,1077.526
150.1904,1017.636
150.1977,961.5024
150.205,909.5843
150.2123,861.5124
150.2195,817.5386
150.2268,776.1395
150.2341,737.672
150.2414,701.8852
150.2487,668.5518
150.256,637.4657
150.2633,608.4408
150.2706,581.3079
150.2778,556.2508
150.2851,532.4361
150.2924,510.0971
150.2997,489.1191
150.3069,469.6599
150.3142,451.085
150.3215,433.5863
150.3288,417.0847
150.336,401.7155
150.3433,386.9864
150.3506,373.0566
150.3579,359.8706
150.3652,347.3774
150.3798,324.2868
150.3943,303.5899
150.4089,284.7218
150.4234,267.7053
150.438,252.1015
150.4525,237.9507
150.4671,224.9062
150.4816,213.017
150.4962,202.0049
150.5107,191.9224
150.5253,182.5433
150.5398,173.9205
150.5544,165.8678
150.5689,158.4366
150.5835,151.4717
150.5981,144.9794
150.6127,138.9177
150.6272,133.2868
150.6418,127.9761
150.6563,123.0285
150.6709,118.3492
150.6854,113.9783
150.7,109.8338
150.7145,105.9529
150.7291,102.2643
150.7436,98.80245
150.7582,95.50487
150.7727,92.40344
150.8018,86.65342
150.831,81.44986
150.8601,76.75631
150.8892,72.49325
150.9183,68.60908
150.9474,65.05967
150.9765,61.8072
151.0056,58.81902
151.0347,56.06687
151.0639,53.51779
151.093,51.16776
151.1221,48.98893
151.1512,46.9648
151.1804,45.07457
151.2095,43.31829
151.2386,41.67784
151.2677,40.14308
151.2969,38.70015
151.326,37.35083
151.3551,36.08274
151.3842,34.88936
151.4133,33.76481
151.4424,32.7038
151.4715,31.7015
151.5006,30.75357
151.5298,29.85307
151.5589,29.00254
151.6171,27.42907
151.6753,26.00702
151.7335,24.71712
151.7918,23.54113
151.85,22.46928
151.9082,21.48762
151.9664,20.58606
152.0247,19.75447
152.0829,18.98816
152.1412,18.27789
152.1994,17.62036
152.2577,17.00827
152.3159,16.43928
152.3741,15.90842
152.4323,15.41224
152.4906,14.9469
152.5488,14.51126
152.607,14.10208
152.6652,13.71716
152.7235,13.35394
152.7817,13.01192
152.8399,12.68886
152.8981,12.38332
152.9564,12.09353
153.0146,11.8193
153.0729,11.55861
153.1311,11.31137
153.2476,10.85204
153.364,10.43536
153.4805,10.05536
153.5969,9.708235
153.7134,9.389584
153.8298,9.096711
153.9463,8.826317
154.0628,8.576252
154.1793,8.344414
154.2957,8.129155
154.4122,7.928506
154.5286,7.741407
154.6451,7.566301
154.7615,7.402394
154.878,7.248432
154.9945,7.103696
155.111,6.967412
155.2274,6.838998
155.3439,6.717612
155.4603,6.602905
155.5768,6.494178
155.6932,6.391163
155.8097,6.293271
155.9262,6.20022
156.0427,6.111669
156.1591,6.027378
156.2756,5.946921
156.392,5.870175
156.6249,5.726621
156.8578,5.595044
157.0907,5.474025
157.3236,5.362354
157.5565,5.258995
157.7895,5.163014
158.0224,5.073719
158.2553,4.990395
158.4882,4.912454
158.7212,4.839349
158.9541,4.77069
159.187,4.706042
159.4199,4.645048
159.6529,4.587371
159.8858,4.532775
160.1187,4.480981
160.3516,4.431764
160.5846,4.384899
160.8175,4.340241
161.0504,4.297604
161.2833,4.256836
161.5163,4.217781
161.7492,4.18035
161.9821,4.144409
162.215,4.109854
162.6809,4.044512
163.1467,3.983669
163.6126,3.92672
164.0784,3.873193
164.5442,3.822643
165.01,3.774699
165.4759,3.729022
165.9417,3.685344
166.4076,3.643386
166.8734,3.602938
167.3393,3.563777
167.8051,3.525733
168.271,3.488621
168.7368,3.452307
169.2027,3.416638
169.6685,3.381511
169.9015,3.364109
170.1344,3.34681
170.3673,3.329602
170.6002,3.312475
170.8332,3.295416
171.0661,3.278438
171.299,3.261536
171.5319,3.24471
171.7648,3.22797
171.9977,3.21133
172.2306,3.19481
172.4635,3.178435
172.6965,3.162238
172.9294,3.146283
173.1623,3.130628
173.3952,3.115357
173.6282,3.100574
173.8611,3.086433
174.094,3.073109
174.2105,3.066821
174.3269,3.060837
174.4434,3.055184
174.5599,3.049915
174.6764,3.045083
174.7928,3.040749
174.9093,3.036975
175.0257,3.033846
175.1422,3.031448
175.2586,3.029885
175.3751,3.029275
175.4916,3.02976
175.6081,3.031497
175.7245,3.034671
175.841,3.039504
175.9574,3.046238
176.0739,3.055185
176.1903,3.066676
176.3068,3.081147
176.4233,3.099081
176.5398,3.121062
176.6562,3.147769
176.7727,3.18009
176.8891,3.218994
176.9474,3.241342
177.0056,3.265794
177.0638,3.292584
177.122,3.321936
177.1803,3.354154
177.2385,3.389405
177.2968,3.428119
177.355,3.470507
177.4133,3.517107
177.4715,3.568193
177.5297,3.624334
177.5879,3.686087
177.6462,3.754202
177.7044,3.829164
177.7626,3.911899
177.8208,4.003343
177.8791,4.104747
177.9373,4.216998
177.9955,4.341685
178.0537,4.48046
178.112,4.635526
178.1702,4.808601
178.2285,5.002931
178.2867,5.220971
178.345,5.467181
178.4032,5.745133
178.4323,5.897777
178.4614,6.060522
178.4905,6.234202
178.5196,6.419738
178.5488,6.618852
178.5779,6.831309
178.607,7.059014
178.6361,7.303354
178.6652,7.56587
178.6943,7.848285
178.7234,8.152519
178.7525,8.480729
178.7817,8.836606
178.8108,9.220447
178.8399,9.636507
178.869,10.08828
178.8981,10.57973
178.9272,11.11537
178.9563,11.70038
178.9854,12.3407
179.0146,13.04566
179.0292,13.42404
179.0437,13.81837
179.0583,14.23527
179.0728,14.67031
179.0874,15.13086
179.1019,15.61214
179.1165,16.1224
179.131,16.65639
179.1456,17.22343
179.1601,17.8178
179.1747,18.44999
179.1892,19.11377
179.2038,19.82105
179.2183,20.56504
179.2329,21.35927
179.2475,22.20233
179.2621,23.09817
179.2766,24.04438
179.2912,25.05878
179.3057,26.13268
179.3203,27.28669
179.3348,28.5114
179.3494,29.83088
179.3639,31.23496
179.3785,32.75192
179.393,34.37085
179.4076,36.12525
179.4221,38.00356
179.4367,40.04586
179.4512,42.24003
179.4658,44.6345
179.4804,47.23549
179.4877,48.62072
179.495,50.0667
179.5023,51.57696
179.5095,53.13316
179.5168,54.78247
179.5241,56.5081
179.5314,58.31469
179.5386,60.18069
179.5459,62.16326
179.5532,64.24285
179.5605,66.42572
179.5677,68.68644
179.575,71.09501
179.5823,73.62868
179.5896,76.296
179.5968,79.06674
179.6041,82.02783
179.6114,85.15272
179.6187,88.45333
179.6259,91.89353
179.6332,95.58289
179.6405,99.49046
179.6478,103.6332
179.655,107.9677
179.6623,112.6345
179.6696,117.5976
179.6769,122.8817
179.6841,128.4345
179.6914,134.4399
179.6987,140.8565
179.706,147.7211
179.7133,155.0748
179.7206,162.9631
179.7279,171.4364
179.7352,180.5517
179.7424,190.2325
179.7497,200.8179
179.757,212.2576
179.7643,224.641
179.7715,237.877
179.7788,252.4452
179.7861,268.297
179.7934,285.5766
179.8006,304.1778
179.8079,324.8004
179.8152,347.4073
179.8189,359.6982
179.8225,372.2367
179.8261,385.3812
179.8297,399.1669
179.8334,414.0436
179.837,429.2484
179.8407,445.6716
179.8443,462.4716
179.848,480.6334
179.8516,499.2273
179.8552,518.7864
179.8588,539.368
179.8625,561.6501
179.8661,584.4933
179.8698,609.2372
179.8734,634.6155
179.8771,662.1149
179.8807,690.3256
179.8843,720.0486
179.8879,751.3621
179.8916,785.2865
179.8952,820.0686
179.8989,857.7232
179.9025,896.2907
179.9062,937.9875
179.9098,980.6226
179.9134,1025.346
179.917,1072.195
179.9222,1143.652
179.9274,1219.547
179.9326,1299.714
179.9378,1383.812
179.943,1471.278
179.9482,1561.284
179.9585,1742.291
179.9637,1831.8
179.9689,1917.325
179.9741,1996.475
179.9793,2066.723
179.9845,2125.562
179.9897,2170.705
179.9949,2200.297
180.0,2213.015
180.0052,2208.87
180.0104,2187.744
180.0156,2150.697
180.0208,2099.434
180.026,2036.12
180.0312,1963.181
180.0364,1883.104
180.0415,1799.931
180.0519,1624.332
180.0623,1451.381
180.0675,1368.718
180.0727,1289.524
180.0779,1214.205
180.083,1144.318
180.0879,1080.963
180.0928,1021.313
180.0977,965.29
180.1025,913.8131
180.1074,864.5899
180.1123,818.5597
180.1172,775.5444
180.122,736.1543
180.1269,698.57
180.1318,663.4632
180.1367,630.6631
180.1415,600.6126
180.1464,571.9082
180.1512,545.5836
180.1561,520.4089
180.1609,497.2915
180.1658,475.1531
180.1707,454.383
180.1756,434.8808
180.1804,416.9174
180.1853,399.6602
180.1901,383.7385
180.195,368.4176
180.1998,354.2591
180.2047,340.6124
180.2096,327.7244
180.2145,315.543
180.2193,304.2489
180.2242,293.3278
180.229,283.1862
180.2387,264.2296
180.2485,246.9497
180.2582,231.473
180.2679,217.422
180.2776,204.6313
180.2874,192.8428
180.2971,182.1724
180.3068,172.3867
180.3165,163.3922
180.3263,155.025
180.336,147.3836
180.3457,140.3161
180.3554,133.767
180.3652,127.6268
180.3749,121.977
180.3846,116.714
180.3943,111.8035
180.4041,107.1691
180.4138,102.8776
180.4235,98.85569
180.4332,95.0812
180.443,91.49881
180.4527,88.16356
180.4624,85.02152
180.4721,82.05804
180.4819,79.23176
180.4916,76.58817
180.5013,74.08659
180.511,71.71697
180.5305,67.3163
180.5499,63.36661
180.5694,59.77236
180.5888,56.52431
180.6083,53.54958
180.6277,50.84515
180.6472,48.35418
180.6666,46.07742
180.6861,43.96975
180.7055,42.03409
180.725,40.23406
180.7444,38.57382
180.7639,37.02361
180.7833,35.58824
180.8028,34.24304
180.8222,32.9931
180.8417,31.81775
180.8611,30.72213
180.8806,29.68873
180.9,28.72259
180.9195,27.80878
180.9389,26.95215
180.9584,26.13981
180.9778,25.37642
180.9973,24.65076
181.0167,23.96727
181.0362,23.31615
181.0556,22.70156
181.0945,21.56001
181.1334,20.52651
181.1723,19.58753
181.2112,18.73157
181.2501,17.94889
181.289,17.23111
181.3279,16.57107
181.3668,15.96252
181.4057,15.4001
181.4446,14.87912
181.4835,14.39547
181.5224,13.94555
181.5613,13.52619
181.6002,13.13458
181.6391,12.76824
181.678,12.42496
181.7169,12.10278
181.7558,11.79993
181.7947,11.51484
181.8336,11.24608
181.8725,10.99239
181.9114,10.75261
181.9503,10.5257
181.9892,10.31071
182.0281,10.10678
182.067,9.913142
182.1059,9.729071
182.1837,9.387101
182.2615,9.076299
182.3393,8.792815
182.4171,8.533387
182.4949,8.295233
182.5727,8.075969
182.6505,7.873543
182.7283,7.686183
182.8061,7.512345
182.8839,7.350682
182.9617,7.200018
183.0395,7.059315
183.1173,6.927659
183.1951,6.804242
183.2729,6.688345
183.3507,6.579327
183.4285,6.476619
183.5063,6.379707
183.5841,6.288132
183.6619,6.20148
183.7397,6.119377
183.8175,6.041488
183.8953,5.967504
183.9731,5.897149
184.0509,5.83017
184.1287,5.766335
184.2843,5.647277
184.4399,5.538491
184.5955,5.43873
184.7511,5.346936
184.9067,5.262204
185.0623,5.183761
185.2179,5.110938
185.3735,5.043154
185.5291,4.979909
185.6847,4.920761
185.8403,4.865324
185.9959,4.813257
186.1515,4.764261
186.3071,4.718068
186.4627,4.674441
186.6183,4.633169
186.7739,4.594062
186.9295,4.55695
187.0851,4.52168
187.2407,4.488115
187.3963,4.456129
187.5519,4.425609
187.7075,4.396451
187.8631,4.368564
188.1743,4.316265
188.4855,4.268113
188.7967,4.223603
189.1079,4.182309
189.4191,4.143869
189.7303,4.107969
190.0415,4.074342
190.3528,4.042746
190.664,4.012998
190.9752,3.984908
191.2864,3.958323
191.5976,3.933106
191.9088,3.909133
192.22,3.886298
192.5312,3.864503
192.8424,3.843663
193.1536,3.8237
193.4648,3.804544
193.776,3.786131
194.0872,3.768405
194.3984,3.751313
194.7096,3.734808
195.0208,3.718847
195.6432,3.688399
196.2656,3.659688
196.888,3.632475
197.5104,3.606552
198.1328,3.581741
198.444,3.569703
198.7552,3.557888
199.0664,3.546277
199.3776,3.534856
199.6888,3.523612
200.0,3.512531
200.3103,3.501636
200.6205,3.490886
200.9307,3.48027
201.2409,3.469784
201.5512,3.45942
201.8614,3.449186
202.1716,3.439082
202.4818,3.429118
202.7921,3.419305
203.1023,3.409679
203.2574,3.404944
203.4125,3.40027
203.5676,3.395665
203.7227,3.391136
203.8778,3.386694
204.0329,3.382354
204.188,3.378127
204.3431,3.374033
204.4982,3.370094
204.6533,3.366333
204.8084,3.362782
204.9635,3.359476
205.1187,3.356457
205.2738,3.353782
205.4289,3.351511
205.584,3.349724
205.7391,3.34851
205.8942,3.347989
206.0493,3.3483
206.1269,3.348823
206.2044,3.349621
206.282,3.350727
206.3596,3.352173
206.4372,3.353994
206.5147,3.35623
206.5923,3.358932
206.6698,3.362145
206.7474,3.365936
206.8249,3.370366
206.9025,3.37552
206.98,3.381474
207.0576,3.388343
207.1351,3.396228
207.2127,3.405279
207.2902,3.415629
207.3678,3.427485
207.4453,3.441025
207.5229,3.456528
207.6005,3.474267
207.6781,3.494583
207.7556,3.517849
207.8332,3.544607
207.9107,3.575366
207.9495,3.592494
207.9883,3.610906
208.0271,3.630714
208.0658,3.651984
208.1046,3.674962
208.1434,3.699746
208.1822,3.726506
208.2209,3.755352
208.2597,3.786644
208.2985,3.820542
208.3373,3.857314
208.376,3.89715
208.4148,3.940588
208.4536,3.987912
208.4924,4.039551
208.5311,4.095845
208.5699,4.157643
208.6087,4.225448
208.6475,4.299997
208.6862,4.381921
208.725,4.472627
208.7638,4.57306
208.8026,4.684562
208.8413,4.808371
208.8801,4.946976
208.9189,5.10228
208.9577,5.27691
208.9771,5.372434
208.9964,5.47348
209.0158,5.581591
209.0352,5.696807
209.0546,5.819735
209.074,5.951046
209.0934,6.091484
209.1128,6.241877
209.1322,6.403146
209.1515,6.575394
209.1709,6.761553
209.1903,6.962051
209.2097,7.178341
209.2291,7.412059
209.2485,7.665055
209.2679,7.939428
209.2873,8.237565
209.3066,8.560445
209.326,8.914521
209.3454,9.301772
209.3648,9.726334
209.3842,10.19299
209.4036,10.70732
209.423,11.27583
209.4424,11.90614
209.4617,12.60345
209.4811,13.38564
209.4908,13.81116
209.5005,14.262
209.5102,14.74015
209.5199,15.2478
209.5296,15.78737
209.5393,16.3615
209.549,16.97314
209.5587,17.62552
209.5684,18.32225
209.5781,19.06732
209.5878,19.86519
209.5975,20.72083
209.6072,21.63978
209.6168,22.6177
209.6265,23.68189
209.6362,24.8304
209.6459,26.07211
209.6556,27.41706
209.6653,28.87667
209.675,30.46393
209.6847,32.19369
209.6944,34.08294
209.7041,36.15123
209.7138,38.4211
209.7235,40.91862
209.7332,43.67408
209.7429,46.72282
209.7526,50.10614
209.7575,51.95753
209.7623,53.8726
209.7671,55.89536
209.7719,58.03364
209.7768,60.34451
209.7816,62.74312
209.7865,65.34003
209.7913,68.04056
209.7962,70.96991
209.801,74.02204
209.8059,77.33934
209.8107,80.80266
209.8156,84.57463
209.8204,88.52087
209.8253,92.82788
209.8301,97.34355
209.835,102.2827
209.8398,107.4724
209.8447,113.1612
209.8495,119.1516
209.8544,125.7321
209.8592,132.6761
209.8641,140.3199
209.8689,148.4017
209.8738,157.3143
209.8786,166.7537
209.8835,177.1792
209.8883,188.2342
209.8932,200.4553
209.898,213.4211
209.9029,227.7547
209.9077,242.9522
209.9126,259.7295
209.9174,277.4767
209.9222,296.5872
209.927,317.1084
209.9316,338.1197
209.9362,360.4374
209.9408,384.0103
209.9453,408.1861
209.9499,433.8732
209.9544,459.7183
209.9635,512.7451
209.9681,538.9762
209.9727,564.0106
209.9773,587.137
209.9818,607.1921
209.9864,624.3373
209.9909,637.181
209.9955,645.7548
210.0,649.3363
210.0046,647.9429
210.0092,641.5327
210.0138,630.4263
210.0183,615.5081
210.0229,596.7512
210.0274,575.6606
210.032,552.0264
210.0365,527.5517
210.0457,475.7891
210.0548,425.4147
210.0594,401.0877
210.0639,378.2905
210.0685,356.1273
210.073,335.6249
210.0779,314.6531
210.0828,295.0826
210.0877,276.8756
210.0925,260.3073
210.0974,244.6193
210.1022,230.3795
210.1071,216.9172
210.1119,204.707
210.1168,193.165
210.1217,182.4825
210.1266,172.5904
210.1314,163.6044
210.1363,155.0913
210.1411,147.3453
210.146,139.9939
210.1508,133.2923
210.1557,126.9194
210.1606,120.9807
210.1655,115.4408
210.1703,110.3694
210.1752,105.5261
210.18,101.0829
210.1849,96.83054
210.1897,92.92123
210.1946,89.17203
210.1995,85.64842
210.2044,82.33344
210.2092,79.27345
210.2141,76.32705
210.2189,73.6021
210.2238,70.97338
210.2286,68.53775
210.2335,66.18392
210.2384,63.95487
210.2481,59.87791
210.2578,56.19954
210.2675,52.87046
210.2773,49.81886
210.287,47.07065
210.2967,44.56219
210.3064,42.26668
210.3162,40.14015
210.3259,38.20564
210.3356,36.42297
210.3453,34.77673
210.355,33.25342
210.3647,31.84114
210.3744,30.52941
210.3841,29.30889
210.3939,28.16004
210.4036,27.09887
210.4133,26.1067
210.423,25.17766
210.4328,24.29781
210.4425,23.48034
210.4522,22.71173
210.4619,21.98814
210.4717,21.29929
210.4814,20.65606
210.4911,20.04839
210.5008,19.47366
210.5105,18.92954
210.5202,18.41387
210.5396,17.46018
210.5591,16.59454
210.5785,15.81415
210.598,15.10102
210.6174,14.45402
210.6369,13.85924
210.6563,13.31659
210.6757,12.81754
210.6951,12.3575
210.7146,11.93033
210.734,11.53689
210.7535,11.17001
210.7729,10.83072
210.7924,10.51313
210.8118,10.21835
210.8313,9.941457
210.8507,9.683601
210.8702,9.440616
210.8896,9.213653
210.9091,8.999159
210.9285,8.79825
210.948,8.607872
210.9674,8.429095
210.9868,8.260121
211.0062,8.100227
211.0257,7.947999
211.0451,7.804398
211.084,7.53789
211.1229,7.296859
211.1617,7.078608
211.2006,6.879288
211.2395,6.697168
211.2784,6.530267
211.3172,6.37726
211.3561,6.235894
211.395,6.105309
211.4339,5.984397
211.4728,5.872193
211.5117,5.767848
211.5506,5.670618
211.5895,5.579846
211.6283,5.495159
211.6672,5.415605
211.7061,5.340949
211.745,5.270779
211.7838,5.20489
211.8227,5.142614
211.8616,5.083828
211.9005,5.028262
211.9393,4.975804
211.9782,4.925966
212.0171,4.878687
212.056,4.833784
212.0949,4.791093
212.1727,4.71175
212.2504,4.639688
212.3282,4.573827
212.4059,4.513583
212.4837,4.458157
212.5614,4.407142
212.6392,4.359932
212.717,4.316186
212.7948,4.275548
212.8725,4.237753
212.9503,4.202433
213.028,4.16944
213.1058,4.13848
213.1835,4.109446
213.2613,4.082098
213.3391,4.056326
213.4169,4.032
213.4946,4.009031
213.5724,3.987254
213.6501,3.966631
213.7279,3.947021
213.8056,3.9284
213.8834,3.910647
213.9612,3.893725
214.1167,3.862164
214.2722,3.833287
214.4277,3.806757
214.5833,3.782272
214.7388,3.75962
214.8943,3.738581
215.0498,3.718975
215.2054,3.700639
215.3609,3.683466
215.5164,3.667327
215.6719,3.65212
215.8275,3.637751
215.983,3.624159
216.1385,3.611266
216.294,3.599012
216.4496,3.587335
216.6051,3.576201
216.7606,3.56556
216.9161,3.555373
217.2272,3.536217
217.5382,3.518505
217.8493,3.502028
218.1603,3.486632
218.4714,3.472169
218.7824,3.458534
219.0935,3.44562
219.4045,3.433351
219.7155,3.421652
220.0265,3.41046
220.3376,3.399718
220.6486,3.389386
220.9597,3.379416
221.2707,3.369779
221.5818,3.360434
221.8928,3.351361
222.5149,3.333914
223.137,3.317263
223.7591,3.301264
224.3812,3.285797
225.0033,3.27076
225.6254,3.25607
226.2475,3.241648
226.8696,3.227431
227.4917,3.213356
228.1138,3.199373
228.7359,3.185429
229.358,3.171478
229.98,3.157479
230.6021,3.143384
231.2242,3.129153
231.8463,3.114748
232.4684,3.100127
233.0905,3.085251
233.7126,3.070083
234.3347,3.054582
234.9568,3.038714
235.2679,3.030629
235.5789,3.022444
235.89,3.014146
236.201,3.00574
236.5121,2.997217
236.8231,2.988581
237.1342,2.979823
237.4452,2.970951
237.7563,2.961957
238.0673,2.952853
238.3784,2.943635
238.6894,2.934317
239.0005,2.924902
239.3115,2.91541
239.6225,2.905857
239.9335,2.896268
240.2446,2.886671
240.5556,2.877113
240.8667,2.867642
241.1777,2.858334
241.4888,2.84927
241.7998,2.840569
241.9554,2.836395
242.1109,2.832372
242.2664,2.828522
242.4219,2.824871
242.5775,2.821452
242.733,2.818305
242.8885,2.815469
243.044,2.812992
243.1996,2.810927
243.3551,2.809342
243.5106,2.808304
243.6661,2.807898
243.8217,2.80822
243.9772,2.80938
244.1327,2.811507
244.2882,2.814751
244.4438,2.819288
244.5993,2.825317
244.7548,2.83308
244.9103,2.84286
245.0659,2.854998
245.2214,2.869877
245.3769,2.887977
245.5324,2.909863
245.688,2.93624
245.8435,2.967902
245.9213,2.98604
245.999,3.005874
246.0768,3.027618
246.1545,3.051397
246.2323,3.077472
246.3101,3.106039
246.3879,3.13735
246.4656,3.171638
246.5434,3.20931
246.6211,3.250622
246.6989,3.29608
246.7766,3.346019
246.8544,3.401083
246.9322,3.461794
247.01,3.528817
247.0877,3.602816
247.1655,3.684853
247.2432,3.775721
247.321,3.876817
247.3987,3.989226
247.4765,4.114805
247.5543,4.255255
247.6321,4.412734
247.7098,4.589547
247.7876,4.789169
247.8653,5.014684
247.9042,5.138721
247.9431,5.270994
247.982,5.412187
248.0208,5.562651
248.0597,5.72399
248.0986,5.896751
248.1375,6.081951
248.1764,6.280722
248.2153,6.494327
248.2542,6.724172
248.2931,6.971827
248.3319,7.238343
248.3708,7.52707
248.4097,7.839574
248.4486,8.178377
248.4874,8.545345
248.5263,8.945603
248.5652,9.381937
248.6041,9.858569
248.6429,10.37894
248.6818,10.9513
248.7207,11.58081
248.7596,12.27495
248.7985,13.04244
248.8374,13.89351
248.8763,14.84015
248.8958,15.35502
248.9152,15.89659
248.9346,16.46962
248.954,17.0765
248.9735,17.72325
248.9929,18.40612
249.0124,19.13535
249.0318,19.90694
249.0513,20.7327
249.0707,21.6084
249.0901,22.54283
249.1095,23.54116
249.129,24.61486
249.1484,25.75934
249.1679,26.99364
249.1873,28.31314
249.2068,29.74051
249.2262,31.27123
249.2456,32.92372
249.265,34.71083
249.2845,36.65749
249.3039,38.76033
249.3234,41.06009
249.3428,43.55483
249.3623,46.29528
249.3817,49.28194
249.4011,52.56121
249.4205,56.1713
249.44,60.17834
249.4497,62.32888
249.4594,64.59356
249.4692,67.00557
249.4789,69.52444
249.4886,72.18353
249.4983,74.99311
249.5081,77.99588
249.5178,81.14287
249.5275,84.47726
249.5372,88.01368
249.5469,91.76819
249.5566,95.75845
249.5663,100.0038
249.576,104.5257
249.5858,109.3991
249.5955,114.5507
249.6052,120.0577
249.6149,125.952
249.6247,132.3365
249.6344,139.121
249.6441,146.4124
249.6538,154.2599
249.6636,162.8092
249.6733,171.9478
249.683,181.8291
249.6927,192.5306
249.7024,204.1399
249.7121,216.7556
249.7218,230.4886
249.7315,245.4646
249.7413,262.0021
249.751,279.9255
249.7607,299.5782
249.7704,321.1659
249.7802,345.1784
249.7899,371.3902
249.7948,385.6486
249.7996,400.3304
249.8045,416.0905
249.8093,432.3297
249.8142,449.7725
249.8191,468.1404
249.824,487.4867
249.8288,507.4407
249.8337,528.8906
249.8385,551.0182
249.8434,574.806
249.8482,599.3427
249.8531,625.7124
249.8579,652.8989
249.8628,682.0952
249.8676,712.166
249.8725,744.4179
249.8773,777.5809
249.8822,813.0765
249.887,849.4842
249.8941,906.3333
249.9012,966.7296
249.9083,1030.541
249.9153,1096.531
249.9224,1166.141
249.9294,1236.769
249.9435,1381.26
249.9506,1452.548
249.9577,1520.668
249.9648,1583.706
249.9718,1638.91
249.9789,1685.873
249.9859,1721.496
249.993,1745.325
250.0,1755.717
250.0071,1752.572
250.0142,1735.879
250.0213,1706.485
250.0283,1666.398
250.0354,1616.184
250.0424,1559.138
250.0495,1495.597
250.0565,1429.196
250.0707,1289.662
250.0848,1153.155
250.0919,1087.429
250.0989,1025.327
250.106,965.3989
250.113,909.509
250.1191,863.4468
250.1252,819.8403
250.1313,778.6481
250.1374,739.8027
250.1435,703.218
250.1496,668.7959
250.1557,636.4305
250.1617,606.4959
250.1678,577.8854
250.1739,551.0042
250.18,525.7457
250.186,502.3848
250.1921,480.0457
250.1982,459.0366
250.2043,439.2691
250.2103,420.9566
250.2164,403.4118
250.2225,386.8765
250.2286,371.2827
250.2347,356.567
250.2408,342.6709
250.2469,329.5395
250.253,317.1223
250.259,305.5596
250.2651,294.4228
250.2712,283.8696
250.2833,264.5179
250.2955,246.917
250.3076,231.1274
250.3198,216.6893
250.332,203.5666
250.3442,191.6096
250.3563,180.7739
250.3685,170.768
250.3806,161.6591
250.3928,153.2108
250.4049,145.4874
250.4171,138.295
250.4293,131.6416
250.4415,125.4753
250.4536,119.7955
250.4658,114.4681
250.4779,109.5446
250.4901,104.9118
250.5022,100.6171
250.5144,96.56398
250.5266,92.76585
250.5388,89.20186
250.5509,85.87984
250.5631,82.72801
250.5752,79.78297
250.5874,76.9822
250.5995,74.35921
250.6117,71.85923
250.6239,69.49409
250.6361,67.25424
250.6482,65.14791
250.6725,61.23343
250.6968,57.69507
250.7212,54.47331
250.7455,51.55458
250.7698,48.89101
250.7941,46.45348
250.8185,44.20804
250.8428,42.15135
250.8671,40.25494
250.8914,38.50239
250.9158,36.8729
250.9401,35.36718
250.9644,33.96717
250.9887,32.66307
251.0131,31.44135
251.0374,30.30425
251.0617,29.23972
251.086,28.2416
251.1104,27.30066
251.1347,26.41962
251.159,25.59007
251.1833,24.80801
251.2077,24.06683
251.232,23.36933
251.2563,22.7094
251.2806,22.08434
251.305,21.48928
251.3293,20.92688
251.3779,19.8844
251.4266,18.93807
251.4752,18.07957
251.5239,17.295
251.5725,16.57873
251.6212,15.92024
251.6698,15.31573
251.7185,14.75707
251.7671,14.24166
251.8158,13.76312
251.8644,13.31967
251.9131,12.90621
251.9617,12.52156
252.0104,12.16156
252.059,11.82544
252.1077,11.50979
252.1563,11.21412
252.205,10.93559
252.2536,10.67391
252.3023,10.42671
252.3509,10.19383
252.3996,9.973266
252.4482,9.76496
252.4969,9.567192
252.5455,9.379989
252.5942,9.201865
252.6428,9.032897
252.7401,8.718673
252.8374,8.433122
252.9347,8.172707
253.032,7.934433
253.1293,7.715742
253.2266,7.514445
253.3239,7.328656
253.4212,7.15674
253.5185,6.99728
253.6158,6.849037
253.7131,6.710927
253.8104,6.581994
253.9077,6.461398
254.005,6.348393
254.1023,6.242317
254.1996,6.14258
254.2969,6.048657
254.3942,5.960074
254.4915,5.87641
254.5888,5.797282
254.6861,5.722345
254.7834,5.65129
254.8807,5.583834
254.978,5.51972
255.0753,5.458716
255.1726,5.400607
255.2699,5.345202
255.3672,5.292322
255.5618,5.193496
255.7564,5.102979
255.951,5.019795
256.1456,4.943109
256.3401,4.872244
256.5347,4.80651
256.7293,4.745411
256.9239,4.688483
257.1185,4.635319
257.3131,4.585565
257.5077,4.538905
257.7023,4.495064
257.8969,4.453795
258.0915,4.41488
258.2861,4.378125
258.4807,4.343353
258.6753,4.31041
258.8699,4.279153
259.0645,4.249456
259.2591,4.221204
259.4537,4.194293
259.6483,4.168628
259.8429,4.144124
260.0375,4.120701
260.2321,4.098289
260.6213,4.056238
261.0105,4.017508
261.3997,3.981708
261.7889,3.948504
262.1781,3.917611
262.5672,3.88879
262.9564,3.861815
263.3456,3.836506
263.7348,3.812702
264.124,3.790262
264.5132,3.76906
264.9024,3.748985
265.2916,3.729941
265.6808,3.711838
266.07,3.6946
266.4592,3.678158
266.8484,3.662446
267.2376,3.647409
267.6268,3.632996
268.016,3.619161
268.4052,3.605861
268.7943,3.59306
269.5727,3.568808
270.3511,3.54616
271.1295,3.52491
271.9078,3.504882
272.6862,3.485921
273.4646,3.467897
274.243,3.450697
275.0213,3.43422
275.7997,3.418372
276.5781,3.403079
277.3565,3.388265
278.1349,3.373865
278.9133,3.359816
279.6917,3.346062
280.4701,3.332549
281.2484,3.319224
282.0268,3.306032
282.8052,3.292925
283.5836,3.279851
284.3619,3.266755
285.1403,3.25358
285.5295,3.246944
285.9187,3.240266
286.3079,3.233536
286.6971,3.226748
287.0863,3.21989
287.4754,3.212955
287.8646,3.20593
288.2538,3.198805
288.643,3.19157
289.0322,3.184212
289.4214,3.176718
289.8106,3.169076
290.1998,3.16127
290.589,3.153288
290.9782,3.145114
291.3674,3.136735
291.562,3.132465
291.7566,3.128138
291.9512,3.123753
292.1458,3.119311
292.3404,3.114808
292.535,3.110247
292.7296,3.105625
292.9242,3.100944
293.1188,3.096206
293.3134,3.091413
293.508,3.086569
293.7025,3.081683
293.8971,3.076756
294.0917,3.071803
294.2863,3.066838
294.4809,3.061877
294.6755,3.056948
294.8701,3.052082
295.0647,3.047319
295.2593,3.042717
295.3566,3.040497
295.4539,3.038346
295.5512,3.036275
295.6485,3.034301
295.7458,3.032437
295.8431,3.030706
295.9404,3.029127
296.0377,3.027727
296.135,3.026535
296.2323,3.025586
296.3296,3.024919
296.4269,3.024581
296.5242,3.024626
296.6215,3.025119
296.7188,3.026135
296.816,3.02776
296.9133,3.030104
297.0106,3.033289
297.1079,3.037469
297.2052,3.042822
297.3025,3.049566
297.3998,3.057968
297.4485,3.062893
297.4971,3.068349
297.5458,3.07441
297.5944,3.08111
297.6431,3.088539
297.6917,3.096741
297.7404,3.105829
297.789,3.115856
297.8377,3.126968
297.8863,3.139231
297.935,3.152827
297.9836,3.167845
298.0323,3.184515
298.0809,3.202955
298.1296,3.223459
298.1782,3.246188
298.2269,3.271522
298.2755,3.299682
298.3242,3.331163
298.3728,3.366272
298.4215,3.405668
298.4701,3.449785
298.5188,3.499511
298.5674,3.55547
298.6161,3.618881
298.6647,3.690661
298.6891,3.730331
298.7134,3.77252
298.7377,3.817604
298.762,3.865831
298.7864,3.91769
298.8107,3.973059
298.835,4.032476
298.8593,4.096311
298.8837,4.165269
298.908,4.239246
298.9323,4.31903
298.9566,4.405196
298.981,4.498793
299.0053,4.599784
299.0296,4.709365
299.0539,4.828468
299.0783,4.958715
299.1026,5.100253
299.1269,5.254976
299.1512,5.424476
299.1756,5.611385
299.1999,5.816296
299.2242,6.042396
299.2485,6.292552
299.2729,6.571321
299.2972,6.880384
299.3215,7.225496
299.3458,7.612219
299.358,7.824106
299.3702,8.0491
299.3824,8.288258
299.3945,8.540595
299.4067,8.811557
299.4188,9.098098
299.431,9.406514
299.4431,9.733461
299.4553,10.08626
299.4675,10.46447
299.4797,10.87049
299.4918,11.30329
299.504,11.77304
299.5161,12.27538
299.5283,12.82239
299.5404,13.40938
299.5526,14.05089
299.5648,14.74785
299.577,15.5066
299.5891,16.32733
299.6013,17.2319
299.6134,18.21492
299.6256,19.30367
299.6377,20.49298
299.6499,21.81746
299.6621,23.28532
299.6743,24.9173
299.6804,25.80231
299.6864,26.72211
299.6925,27.71108
299.6986,28.75846
299.7047,29.86876
299.7107,31.02706
299.7168,32.27733
299.7229,33.6068
299.729,35.02204
299.735,36.50479
299.7411,38.11233
299.7472,39.82961
299.7533,41.66636
299.7594,43.63346
299.7655,45.74296
299.7716,48.00829
299.7777,50.44442
299.7837,53.02346
299.7898,55.84982
299.7959,58.90303
299.802,62.20658
299.808,65.72585
299.8141,69.60745
299.8172,71.70792
299.8202,73.82859
299.8233,76.11582
299.8263,78.42711
299.8293,80.83994
299.8323,83.35989
299.8354,86.08267
299.8384,88.83908
299.8415,91.82011
299.8445,94.84076
299.8476,98.11058
299.8506,101.4269
299.8536,104.9015
299.8566,108.5434
299.8597,112.4929
299.8627,116.5057
299.8658,120.8612
299.8688,125.2903
299.8719,130.1016
299.8749,134.998
299.8779,140.1449
299.8809,145.5567
299.884,151.4437
299.887,157.4425
299.8901,163.9712
299.8931,170.6267
299.8962,177.8724
299.8992,185.2602
299.9022,193.0374
299.9052,201.2236
299.9083,210.1337
299.9113,219.2132
299.9144,229.0883
299.9174,239.141
299.9205,250.0602
299.9235,261.1575
299.9265,272.7891
299.9295,284.9646
299.934,304.2569
299.9384,324.3057
299.9428,345.4832
299.9472,367.7003
299.9516,390.8107
299.956,414.5982
299.9604,438.7667
299.9648,462.9318
299.9692,486.6186
299.9736,509.268
299.978,530.2541
299.9824,548.9141
299.9868,564.59
299.9912,576.6811
299.9956,584.6969
300.0,588.3075
300.0023,588.3879
300.0045,587.3036
300.0089,581.8076
300.0133,572.1261
300.0177,558.7041
300.0221,542.1077
300.0265,522.9707
300.0309,501.9434
300.0353,479.6492
300.0397,456.6527
300.0441,433.4408
300.0529,387.8879
300.0573,366.0981
300.0617,345.2109
300.0661,325.3344
300.0705,306.5293
300.0742,291.5635
300.0778,277.7447
300.0815,264.2936
300.0851,251.9185
300.0888,239.9071
300.0924,228.8809
300.096,218.4764
300.0996,208.6631
300.1033,199.1606
300.1069,190.4507
300.1105,182.2387
300.1141,174.4952
300.1178,166.9947
300.1214,160.1151
300.125,153.6219
300.1286,147.4909
300.1323,141.5428
300.1359,136.0771
300.1396,130.7686
300.1432,125.8851
300.1469,121.1364
300.1505,116.7625
300.1541,112.6162
300.1577,108.6832
300.1614,104.8492
300.165,101.3088
300.1722,94.74435
300.1795,88.72212
300.1867,83.33426
300.194,78.36683
300.2013,73.8418
300.2086,69.71003
300.2158,65.97828
300.2231,62.50594
300.2303,59.35626
300.2376,56.41334
300.2448,53.73321
300.2521,51.21934
300.2594,48.89071
300.2667,46.72984
300.2739,44.74776
300.2812,42.87577
300.2884,41.15318
300.2957,39.52127
300.3029,38.01517
300.3102,36.58428
300.3175,35.24226
300.3248,33.98193
300.332,32.81258
300.3393,31.69593
300.3465,30.65743
300.3538,29.66346
300.361,28.73699
300.3683,27.84837
300.3756,27.00718
300.3901,25.46416
300.4046,24.07255
300.4191,22.81311
300.4337,21.66199
300.4482,20.62103
300.4627,19.67009
300.4772,18.79902
300.4917,17.99903
300.5062,17.26251
300.5207,16.58285
300.5352,15.95428
300.5498,15.36786
300.5643,14.82716
300.5788,14.3241
300.5933,13.8552
300.6079,13.41448
300.6224,13.00523
300.6369,12.62188
300.6514,12.26226
300.666,11.92215
300.6805,11.60445
300.695,11.30517
300.7095,11.02289
300.7241,10.75454
300.7386,10.5026
300.7531,10.26414
300.7676,10.03818
300.7822,9.822404
300.7967,9.618964
300.8257,9.241666
300.8548,8.898474
300.8838,8.587377
300.9129,8.302504
300.9419,8.04265
300.9709,7.804088
300.9999,7.584486
301.0001,31.76329
350.0,29.68174
400.0,27.9658
500.0,25.34298
600.0,23.40785
700.0,21.93653
720.0,21.64227
850.0,20.16991
1000.0,18.84286
1250.0,17.18941
1500.0,15.97034
1700.0,15.19634
2000.0,14.26206
2500.0,13.09902
3000.0,12.24246
3500.0,11.57825
4000.0,11.04405
5000.0,10.22985
6000.0,9.631425
7000.0,9.168293
8000.0,8.796509
9000.0,8.489793
10000.0,8.231339
12500.0,7.730151
15000.0,7.363557
17000.0,7.132375
20000.0,6.855237
25000.0,6.513672
30000.0,6.264965
35000.0,6.073979
40000.0,5.921635
50000.0,5.691606
60000.0,5.524031
70000.0,5.394925
80000.0,5.291372
90000.0,5.205752
100000.0,5.133262
125000.0,4.990879
150000.0,4.884058
150082.0,4.883774
160114.0,4.849064
170000.0,4.814858
198259.0,4.734268
200000.0,4.729303
250000.0,4.618645
256929.9,4.605573
256930.1,4.464009
256952.0,4.463995
256952.5,4.463993
300000.0,4.438238
323633.0,4.457092
362614.0,4.488189
363158.0,4.488623
400000.0,4.518014
419323.0,4.576106
481169.0,4.762038
481340.0,4.762552
502009.0,4.82469
520251.0,4.879533
521802.0,4.884196
627927.0,5.203247
660884.0,5.302328
700000.0,5.419925
706292.0,5.436963
711378.0,5.450735
725228.0,5.488239
759717.0,5.581629
990000.0,6.2052
990000.1,6.2052
1000000.0,6.232279
1010000.0,6.259158
1020000.0,6.278399
1030000.0,6.297504
1040000.0,6.316608
1050000.0,6.335713
1060000.0,6.354817
1070000.0,6.37392
1080000.0,6.393025
1090000.0,6.412129
1100000.0,6.431233
1110000.0,6.450337
1130000.0,6.480518
1140000.0,6.495512
1150000.0,6.510505
1160000.0,6.525499
1170000.0,6.540493
1200000.0,6.585473
1329838.0,6.693795
1329840.0,6.6938
1357120.0,6.716559
1357125.0,6.716558
1500000.0,6.835761
1538088.0,6.840129
1550000.0,6.841494
1589710.0,6.846442
1589711.0,6.846442
1600000.0,6.847725
1608180.0,6.849348
1608185.0,6.849344
1630000.0,6.853679
1642520.0,6.856166
1642522.0,6.856165
1650000.0,6.85765
1690000.0,6.852497
1700000.0,6.850935
1750000.0,6.842272
1800000.0,6.833099
1802999.0,6.831765
1803000.0,6.831765
1831696.0,6.819012
1831700.0,6.819013
1850000.0,6.810879
1856280.0,6.808342
1856283.0,6.80834
1900000.0,6.790687
1902718.0,6.789542
1902720.0,6.789543
1950000.0,6.769633
2000000.0,6.750191
2010000.0,6.745701
2020000.0,6.741211
2040000.0,6.729312
2060000.0,6.717411
2080000.0,6.711736
2100000.0,6.699831
2500000.0,6.433531
2600000.0,6.367202
2700000.0,6.292138
2800000.0,6.217075
2900000.0,6.141619
3000000.0,6.065645
3500000.0,5.679355
4000000.0,5.31174
5000000.0,4.676363
6000000.0,4.294878
7000000.0,4.183047
7509130.0,4.211992
7509135.0,4.211992
7774040.0,4.227052
8000000.0,4.239898
8560715.0,4.309262
9000000.0,4.363603
10000000.0,4.486657
11000000.0,4.60118
12000000.0,4.699392
13000000.0,4.779204
14000000.0,4.836838
15000000.0,4.868843
15301300.0,4.86992
15301320.0,4.86992
16000000.0,4.872417
17000000.0,4.848702
17319860.0,4.832117
17319870.0,4.832117
18000000.0,4.79685
19000000.0,4.719964
20000000.0,4.624155
