1e-05,4557.096
1.03125e-05,4488.007
1.0625e-05,4421.988
1.09375e-05,4358.82
1.125e-05,4298.302
1.15625e-05,4240.255
1.1875e-05,4184.514
1.21875e-05,4130.931
1.25e-05,4079.37
1.28125e-05,4029.707
1.3125e-05,3981.829
1.34375e-05,3935.63
1.375e-05,3891.016
1.4375e-05,3806.192
1.5e-05,3726.727
1.5625e-05,3652.078
1.625e-05,3581.779
1.6875e-05,3515.422
1.75e-05,3452.653
1.8125e-05,3393.159
1.875e-05,3336.665
1.9375e-05,3282.927
2e-05,3231.728
2.09375e-05,3159.272
2.1875e-05,3091.525
2.28125e-05,3027.999
2.375e-05,2968.272
2.46875e-05,2911.981
2.5625e-05,2858.807
2.65625e-05,2808.475
2.75e-05,2760.738
2.84375e-05,2715.382
2.9375e-05,2672.215
3.03125e-05,2631.066
3.125e-05,2591.783
3.21875e-05,2554.23
3.3125e-05,2518.281
3.40625e-05,2483.828
3.5e-05,2450.768
3.59375e-05,2419.011
3.6875e-05,2388.472
3.78125e-05,2359.076
3.875e-05,2330.754
3.96875e-05,2303.441
4.0625e-05,2277.079
4.25e-05,2226.997
4.4375e-05,2180.123
4.625e-05,2136.13
4.8125e-05,2094.733
5e-05,2055.687
5.15625e-05,2024.789
5.3125e-05,1995.265
5.46875e-05,1967.015
5.625e-05,1939.951
5.78125e-05,1913.991
5.9375e-05,1889.063
6.09375e-05,1865.1
6.25e-05,1842.041
6.40625e-05,1819.831
6.5625e-05,1798.419
6.71875e-05,1777.758
6.875e-05,1757.806
7.1875e-05,1719.872
7.5e-05,1684.333
7.8125e-05,1650.949
8.125e-05,1619.51
8.4375e-05,1589.834
8.75e-05,1561.763
9.0625e-05,1535.156
9.375e-05,1509.891
9.6875e-05,1485.859
0.0001,1462.962
0.000103125,1441.114
0.00010625,1420.237
0.000109375,1400.261
0.0001125,1381.124
0.000115625,1362.767
0.00011875,1345.14
0.000121875,1328.196
0.000125,1311.891
0.000128125,1296.186
0.00013125,1281.045
0.000134375,1266.436
0.0001375,1252.328
0.00014375,1225.504
0.00015,1200.375
0.00015625,1176.769
0.0001625,1154.538
0.00016875,1133.554
0.000175,1113.704
0.00018125,1094.891
0.0001875,1077.025
0.00019375,1060.032
0.0002,1043.841
0.000209375,1020.929
0.00021875,999.5051
0.000228125,979.4161
0.0002375,960.5285
0.000246875,942.7274
0.00025625,925.9124
0.000265625,909.9955
0.000275,894.8997
0.000284375,880.5566
0.00029375,866.9059
0.000303125,853.8933
0.0003125,841.4708
0.000321875,829.5951
0.00033125,818.2272
0.000340625,807.3318
0.00035,796.8772
0.000359375,786.8344
0.00036875,777.1771
0.000378125,767.8811
0.0003875,758.9246
0.000396875,750.2874
0.00040625,741.9509
0.000425,726.1131
0.00044375,711.2901
0.0004625,697.3778
0.00048125,684.2867
0.0005,671.9391
0.000515625,662.1681
0.00053125,652.8315
0.000546875,643.8978
0.0005625,635.3391
0.000578125,627.1297
0.00059375,619.2465
0.000609375,611.6685
0.000625,604.3764
0.000640625,597.3528
0.00065625,590.5815
0.000671875,584.0479
0.0006875,577.7382
0.00071875,565.7419
0.00075,554.5034
0.00078125,543.946
0.0008125,534.0038
0.00084375,524.6191
0.000875,515.7417
0.00090625,507.3275
0.0009375,499.3377
0.00096875,491.7376
0.001,484.4967
0.00103125,477.5873
0.0010625,470.9851
0.00109375,464.6678
0.001125,458.6157
0.00115625,452.8105
0.0011875,447.2361
0.00121875,441.8774
0.00125,436.7209
0.00128125,431.7543
0.0013125,426.9662
0.00134375,422.346
0.001375,417.8842
0.0014375,409.4011
0.0015,401.4538
0.0015625,393.9883
0.001625,386.9578
0.0016875,380.3214
0.00175,374.0438
0.0018125,368.0937
0.001875,362.4437
0.0019375,357.0694
0.002,351.9488
0.00209375,344.7023
0.0021875,337.9267
0.00228125,331.5733
0.002375,325.5997
0.00246875,319.9696
0.0025625,314.6515
0.00265625,309.6174
0.00275,304.8429
0.00284375,300.3065
0.0029375,295.9889
0.00303125,291.8733
0.003125,287.9442
0.00321875,284.1881
0.0033125,280.5924
0.00340625,277.1464
0.0035,273.8396
0.00359375,270.6631
0.0036875,267.6085
0.00378125,264.6682
0.003875,261.8352
0.00396875,259.1031
0.0040625,256.4663
0.00425,251.4565
0.0044375,246.7678
0.004625,242.3671
0.0048125,238.226
0.005,234.3201
0.00515625,231.2291
0.0053125,228.2756
0.00546875,225.4495
0.005625,222.742
0.00578125,220.1449
0.0059375,217.651
0.00609375,215.2537
0.00625,212.9467
0.00640625,210.7247
0.0065625,208.5824
0.00671875,206.5153
0.006875,204.519
0.0071875,200.7235
0.0075,197.1677
0.0078125,193.8273
0.008125,190.6815
0.0084375,187.712
0.00875,184.9029
0.0090625,182.2403
0.009375,179.7119
0.0096875,177.3068
0.01,175.0152
0.0103125,172.8286
0.010625,170.739
0.0109375,168.7396
0.01125,166.8241
0.0115625,164.9866
0.011875,163.2221
0.0121875,161.5259
0.0125,159.8936
0.0128125,158.3214
0.013125,156.8056
0.0134375,155.3429
0.01375,153.9305
0.014375,151.2447
0.015,148.7283
0.015625,146.3644
0.01625,144.138
0.016875,142.0363
0.0175,140.048
0.018125,138.1634
0.01875,136.3738
0.019375,134.6712
0.02,133.049
0.0206625,131.4103
0.021325,129.8484
0.0219875,128.3576
0.02265,126.9325
0.0233125,125.5685
0.023975,124.2613
0.0246375,123.0071
0.0253,121.8024
0.02607188,120.4569
0.02684375,119.1698
0.02761563,117.9369
0.0283875,116.7545
0.02915938,115.6193
0.02993125,114.5281
0.03070313,113.4782
0.031475,112.4671
0.03224688,111.4924
0.03301875,110.5519
0.0345625,108.7661
0.03610625,107.0957
0.03765,105.5288
0.03919375,104.055
0.0407375,102.6654
0.04228125,101.3523
0.043825,100.1089
0.04536875,98.92924
0.0469125,97.80799
0.04845625,96.74047
0.05,95.72251
0.0515625,94.73884
0.053125,93.79862
0.0546875,92.89874
0.05625,92.03638
0.0578125,91.20898
0.059375,90.41424
0.0609375,89.65003
0.0625,88.91445
0.0640625,88.20574
0.065625,87.52229
0.0671875,86.86261
0.06875,86.22537
0.071875,85.01324
0.075,83.87697
0.078125,82.8089
0.08125,81.8024
0.084375,80.85174
0.0875,79.95187
0.090625,79.09839
0.09375,78.28739
0.096875,77.51543
0.1,76.77943
0.103125,76.07664
0.10625,75.40462
0.109375,74.76114
0.1125,74.14421
0.115625,73.55204
0.11875,72.98296
0.121875,72.43551
0.125,71.90832
0.128125,71.40014
0.13125,70.90985
0.134375,70.4364
0.1375,69.97882
0.14375,69.1078
0.15,68.29049
0.15625,67.52147
0.1625,66.79606
0.16875,66.11016
0.175,65.46025
0.18125,64.84318
0.1875,64.25621
0.19375,63.69689
0.2,63.16304
0.209375,62.40584
0.21875,61.69591
0.228125,61.02834
0.2375,60.39891
0.246875,59.80398
0.25625,59.24039
0.265625,58.70532
0.275,58.19635
0.284375,57.7113
0.29375,57.24826
0.303125,56.80552
0.3125,56.38153
0.321875,55.97495
0.33125,55.58454
0.340625,55.20915
0.35,54.84781
0.359375,54.49958
0.36875,54.16363
0.378125,53.83919
0.3875,53.52557
0.396875,53.22214
0.40625,52.92829
0.425,52.36724
0.44375,51.83858
0.4625,51.33901
0.48125,50.86569
0.5,50.41615
0.53125,49.714
0.5625,49.06361
0.59375,48.45813
0.625,47.89191
0.65625,47.36028
0.6875,46.8593
0.71875,46.38565
0.75,45.93647
0.78125,45.50934
0.8125,45.10215
0.84375,44.71307
0.875,44.34049
0.9375,43.63937
1.0,42.98941
1.0625,42.38312
1.125,41.81454
1.1875,41.27879
1.25,40.77184
1.3125,40.29038
1.375,39.83159
1.4375,39.3931
1.5,38.97288
1.5625,38.56919
1.625,38.18053
1.6875,37.80558
1.75,37.4432
1.875,36.75221
2.0,36.10081
2.09375,35.63498
2.1875,35.1865
2.28125,34.7538
2.375,34.33549
2.46875,33.93037
2.5625,33.53741
2.65625,33.15567
2.75,32.78436
2.9375,32.07018
3.125,31.39005
3.3125,30.74
3.5,30.11683
3.6875,29.51791
3.875,28.941
4.0625,28.38423
4.25,27.84599
4.4375,27.32489
4.625,26.81973
4.8125,26.32947
5.0,25.85317
5.3125,25.08818
5.625,24.35647
5.9375,23.65528
6.25,22.9823
6.5625,22.33551
6.875,21.71319
7.1875,21.11381
7.5,20.53603
7.8125,19.97865
8.125,19.44061
8.4375,18.92095
8.75,18.41876
9.375,17.46376
10.0,16.56996
10.625,15.7326
11.25,14.94753
11.875,14.21116
12.5,13.52033
13.125,12.87227
13.75,12.26449
14.375,11.69478
15.0,11.16118
15.625,10.66193
16.25,10.19547
16.875,9.76039
17.5,9.355478
18.125,8.97965
18.75,8.631976
19.375,8.31167
20.0,8.018084
20.65591,7.738169
21.31181,7.486733
21.96772,7.263555
22.62362,7.068636
23.27953,6.902189
23.93543,6.764697
24.59133,6.656932
25.24723,6.580014
25.90314,6.535481
26.55904,6.525381
27.21494,6.55239
27.87084,6.619978
28.52675,6.732638
28.8547,6.807624
29.18265,6.896186
29.5106,6.999327
29.83855,7.118204
30.1665,7.25414
30.49445,7.408665
30.82241,7.583549
31.15036,7.780836
31.47831,8.002923
31.80626,8.252614
32.13422,8.533218
32.46217,8.848628
32.79012,9.203507
33.11807,9.60344
33.44603,10.05518
33.77398,10.56692
34.10193,11.14873
34.26591,11.46973
34.42988,11.81312
34.59386,12.18103
34.75783,12.57573
34.92181,12.99986
35.08578,13.45635
35.24976,13.94861
35.41373,14.48042
35.57771,15.05622
35.74168,15.68098
35.90566,16.3606
36.06964,17.10179
36.23362,17.91239
36.39759,18.80153
36.56157,19.78015
36.72554,20.86092
36.88952,22.05926
37.05349,23.3933
37.13548,24.11802
37.21747,24.88533
37.29946,25.69876
37.38144,26.56211
37.46343,27.47991
37.54542,28.4569
37.62741,29.49847
37.70939,30.6105
37.79138,31.80002
37.87337,33.07452
37.95536,34.44258
38.03734,35.91373
38.11933,37.49936
38.20132,39.21188
38.28331,41.06565
38.36529,43.07697
38.44728,45.26532
38.52927,47.65254
38.61126,50.26426
38.69325,53.13044
38.77524,56.28633
38.85723,59.77352
38.93922,63.64147
38.98021,65.73601
39.0212,67.94879
39.0622,70.28968
39.10319,72.76778
39.14419,75.39563
39.18518,78.18443
39.22618,81.1494
39.26717,84.30447
39.30816,87.66748
39.34915,91.25752
39.39015,95.09691
39.43114,99.20774
39.47214,103.619
39.51313,108.3589
39.55413,113.4641
39.59512,118.9713
39.63611,124.9259
39.6771,131.3787
39.7181,138.3897
39.75909,146.0224
39.80009,154.3581
39.84108,163.4826
39.88208,173.5053
39.92307,184.5442
39.96406,196.7467
40.00505,210.2841
40.02555,217.6178
40.04605,225.3653
40.06655,233.5585
40.08704,242.2282
40.10754,251.4218
40.12804,261.1779
40.14854,271.5437
40.16903,282.5659
40.18953,294.3134
40.21003,306.8456
40.23053,320.2343
40.25102,334.5528
40.27152,349.905
40.29201,366.3769
40.31251,384.0983
40.333,403.1804
40.3535,423.7871
40.374,446.0748
40.3945,470.2318
40.41499,496.4598
40.43549,525.0313
40.45599,556.2187
40.47649,590.3504
40.49698,627.7891
40.51748,669.0161
40.53798,714.5348
40.55848,764.9582
40.56873,792.2308
40.57897,820.9827
40.58922,851.3821
40.59947,883.5243
40.60972,917.5438
40.61996,953.5514
40.63021,991.7793
40.64046,1032.371
40.65071,1075.522
40.66095,1121.404
40.6712,1170.343
40.68145,1222.562
40.6917,1278.353
40.70195,1338.042
40.7122,1401.993
40.72245,1470.61
40.7327,1544.346
40.74294,1623.625
40.75319,1709.169
40.76344,1801.542
40.77369,1901.461
40.78394,2009.735
40.79419,2127.279
40.80444,2255.128
40.81469,2394.455
40.82493,2546.436
40.83518,2712.881
40.84543,2895.369
40.85568,3095.861
40.86593,3316.59
40.87618,3560.093
40.88643,3829.256
40.89668,4127.348
40.9018,4288.215
40.90692,4457.714
40.91205,4636.73
40.91717,4825.126
40.9223,5024.223
40.92742,5233.861
40.93255,5455.498
40.93767,5688.932
40.94279,5935.261
40.94791,6195.178
40.95304,6469.93
40.95816,6759.138
40.96329,7064.611
40.96841,7385.798
40.97354,7724.542
40.97866,8080.03
40.98378,8453.301
40.9889,8844.603
40.99585,9404.682
41.00279,9996.588
41.00974,10620.34
41.01668,11271.05
41.03057,12635.62
41.04445,14023.99
41.0514,14697.15
41.05834,15333.04
41.06529,15914.82
41.07223,16421.34
41.07918,16834.97
41.08612,17137.47
41.09306,17316.01
41.1,17362.13
41.10695,17273.01
41.11389,17052.55
41.12084,16709.65
41.12778,16259.6
41.13473,15718.84
41.14167,15108.35
41.14861,14447.05
41.15555,13753.52
41.16944,12332.84
41.18333,10950.01
41.19028,10293.21
41.19722,9667.371
41.20416,9074.264
41.2111,8515.268
41.21969,7871.023
41.22827,7279.155
41.23686,6736.084
41.24544,6240.159
41.25403,5786.916
41.26261,5373.979
41.27119,4997.392
41.27977,4653.885
41.28836,4340.031
41.29694,4053.704
41.30552,3791.907
41.3141,3552.259
41.32269,3332.36
41.33127,3130.78
41.33985,2945.507
41.34843,2774.974
41.35702,2617.603
41.3656,2472.505
41.37419,2338.213
41.38277,2214.03
41.39136,2098.764
41.39994,1991.871
41.40852,1892.486
41.4171,1799.957
41.42569,1713.599
41.43427,1633.084
41.44285,1557.831
41.45143,1487.41
41.46002,1421.356
41.4686,1359.473
41.47718,1301.359
41.48576,1246.726
41.49435,1195.253
41.50293,1146.818
41.51152,1101.09
41.5201,1057.976
41.52869,1017.193
41.53727,978.6683
41.54585,942.2009
41.55443,907.6505
41.5716,843.7617
41.58876,786.1655
41.60593,734.021
41.62309,686.7289
41.64026,643.669
41.65742,604.4053
41.67459,568.4721
41.69175,535.5474
41.70892,505.2764
41.72608,477.4182
41.74325,451.6981
41.76041,427.9338
41.77758,405.91
41.79475,385.4757
41.81192,366.4841
41.82908,348.8148
41.84625,332.3308
41.86341,316.948
41.88058,302.5555
41.89774,289.087
41.91491,276.4518
41.93208,264.5907
41.94925,253.4427
41.96641,242.9587
41.98358,233.0764
42.00074,223.7623
42.01791,214.9642
42.03507,206.6549
42.05224,198.7904
42.06941,191.3445
42.08658,184.2884
42.10374,177.5997
42.12091,171.2465
42.13807,165.214
42.1724,154.0169
42.20673,143.8636
42.24106,134.6306
42.27539,126.2119
42.30972,118.5162
42.34406,111.4626
42.37839,104.9867
42.41272,99.02655
42.44705,93.52998
42.48139,88.44968
42.51572,83.74822
42.55005,79.38843
42.58438,75.33872
42.61872,71.57
42.65305,68.05947
42.68738,64.78373
42.72171,61.72279
42.75604,58.85879
42.79037,56.1756
42.8247,53.65876
42.85903,51.29517
42.89337,49.07236
42.9277,46.98089
42.96203,45.01038
42.99636,43.15193
43.03069,41.39749
43.06502,39.7397
43.09935,38.17182
43.13368,36.68769
43.16802,35.28124
43.20235,33.94814
43.23668,32.68316
43.27101,31.48194
43.30534,30.34042
43.33967,29.25487
43.374,28.22183
43.40833,27.23811
43.44267,26.30051
43.477,25.4068
43.51133,24.55418
43.54566,23.74028
43.58,22.96268
43.61433,22.21978
43.64866,21.50945
43.68299,20.82989
43.71733,20.17929
43.75166,19.55644
43.82032,18.38775
43.88898,17.31309
43.95764,16.32319
44.02631,15.40977
44.09497,14.56586
44.16363,13.78493
44.23229,13.06127
44.30096,12.38973
44.36962,11.76596
44.43828,11.18581
44.50694,10.64562
44.57561,10.14206
44.64427,9.672314
44.71294,9.233576
44.7816,8.82356
44.85027,8.439961
44.91893,8.080901
44.98759,7.744518
45.05625,7.429163
45.12492,7.133295
45.19358,6.855625
45.26224,6.594854
45.3309,6.349829
45.39957,6.119462
45.4339,6.009498
45.46823,5.902849
45.50256,5.799406
45.53689,5.699062
45.57122,5.601719
45.60555,5.507277
45.63989,5.41562
45.67422,5.32671
45.70855,5.240436
45.74288,5.156713
45.77722,5.075441
45.81155,4.996588
45.84588,4.920058
45.88021,4.845781
45.91455,4.773667
45.94888,4.703692
45.98321,4.635773
46.01754,4.569849
46.05187,4.50586
46.0862,4.443751
46.12053,4.383465
46.15486,4.324952
46.1892,4.268144
46.22353,4.213026
46.25786,4.159532
46.29219,4.107618
46.32653,4.057226
46.36086,4.008341
46.39519,3.960907
46.42952,3.914886
46.46386,3.870228
46.49819,3.826918
46.53252,3.784909
46.56685,3.744167
46.60118,3.704658
46.63551,3.66635
46.66984,3.629211
46.70417,3.593211
46.73851,3.558311
46.77284,3.524502
46.80717,3.491746
46.8415,3.460018
46.87584,3.429282
46.91017,3.399532
46.9445,3.370734
46.97883,3.342864
47.01317,3.315893
47.0475,3.289814
47.08183,3.264597
47.11616,3.240223
47.15049,3.216669
47.18482,3.193918
47.21915,3.171951
47.25348,3.15075
47.28782,3.130289
47.32215,3.110565
47.35648,3.091554
47.39081,3.07324
47.42514,3.055607
47.45947,3.038642
47.4938,3.022326
47.52813,3.006647
47.56247,2.991588
47.5968,2.977141
47.66546,2.950023
47.73412,2.925185
47.80278,2.902535
47.87145,2.881976
47.94011,2.86343
48.00878,2.846811
48.07744,2.832045
48.14611,2.819055
48.21477,2.807779
48.28343,2.798147
48.35209,2.790097
48.42076,2.78357
48.48942,2.778512
48.62674,2.772592
48.76407,2.771946
48.90139,2.776217
49.03872,2.78509
49.17605,2.798272
49.31338,2.815504
49.4507,2.836545
49.58803,2.861185
49.72535,2.889225
50.0,2.954817
50.26106,3.028008
50.52211,3.110869
50.78317,3.202676
51.04422,3.302814
51.30528,3.410786
51.56633,3.526165
51.82739,3.648623
52.08844,3.777872
52.61055,4.055933
53.13266,4.359145
53.65477,4.686917
54.17688,5.039157
54.69899,5.416172
55.2211,5.818629
55.74321,6.247498
56.26532,6.704045
56.78743,7.189815
57.30954,7.706626
57.83165,8.256585
58.35375,8.842083
58.87586,9.465861
59.39797,10.13098
59.92008,10.84089
60.44219,11.59945
60.9643,12.41102
61.48641,13.28046
62.00852,14.21327
62.53063,15.21562
63.05274,16.29445
63.57485,17.45766
64.09696,18.71413
64.61907,20.074
65.14118,21.5488
65.66329,23.15172
66.1854,24.89789
66.7075,26.80464
67.22961,28.89217
67.75172,31.18375
68.27383,33.70655
68.53489,35.06441
68.79594,36.49237
69.057,37.99537
69.31805,39.57859
69.57911,41.24789
69.84016,43.00942
70.10122,44.87015
70.36227,46.83743
70.62333,48.91961
70.88438,51.12552
71.14544,53.46521
71.40649,55.9494
71.66755,58.59025
71.9286,61.40086
72.18966,64.3961
72.45071,67.59207
72.71177,71.00711
72.97282,74.66118
73.23388,78.57712
73.49493,82.77991
73.75599,87.29824
74.01704,92.16373
74.2781,97.41283
74.53915,103.086
74.8002,109.2299
75.06125,115.8973
75.32231,123.1491
75.58336,131.0543
75.84442,139.6935
76.10547,149.1586
76.36653,159.5582
76.62758,171.0172
76.88864,183.6841
77.14969,197.7319
77.28022,205.3373
77.41075,213.3684
77.54128,221.8573
77.6718,230.8385
77.80233,240.3522
77.93286,250.44
78.06339,261.1486
78.19391,272.5289
78.32444,284.6396
78.45497,297.5431
78.5855,311.3097
78.71602,326.0163
78.84655,341.7524
78.97708,358.6142
79.10761,376.711
79.23813,396.1639
79.36866,417.114
79.49919,439.7163
79.62972,464.1476
79.76024,490.6071
79.89077,519.3281
80.0213,550.5714
80.15183,584.6382
80.28235,621.873
80.41288,662.6836
80.54341,707.5339
80.67394,756.9692
80.80446,811.623
80.93499,872.2557
81.00026,905.087
81.06552,939.7525
81.13079,976.4008
81.19605,1015.171
81.26131,1056.234
81.32657,1099.768
81.39184,1145.983
81.4571,1195.078
81.52237,1247.311
81.58763,1302.931
81.6529,1362.245
81.71816,1425.561
81.78342,1493.242
81.84868,1565.688
81.91395,1643.351
81.97921,1726.696
82.04448,1816.297
82.10974,1912.733
82.17501,2016.715
82.24027,2128.969
82.30553,2250.359
82.37079,2381.837
82.43606,2524.488
82.50132,2679.459
82.56659,2848.129
82.63185,3031.934
82.69712,3232.59
82.76238,3451.879
82.82764,3691.87
82.8929,3954.805
82.95817,4243.169
83.02343,4559.498
83.08869,4906.595
83.15395,5287.297
83.21922,5704.452
83.28448,6160.476
83.34974,6657.45
83.415,7196.476
83.46407,7629.32
83.51313,8084.736
83.56219,8560.963
83.61125,9055.01
83.70938,10077.48
83.8075,11096.11
83.85657,11578.43
83.90563,12025.36
83.95469,12422.5
84.00375,12755.04
84.05282,13008.95
84.10188,13171.96
84.15094,13235.09
84.17547,13227.49
84.2,13193.46
84.24907,13046.89
84.29813,12800.13
84.34719,12462.23
84.39625,12045.73
84.44532,11565.31
84.49438,11036.91
84.54344,10476.01
84.5925,9897.013
84.69063,8733.067
84.73969,8167.138
84.78875,7620.928
84.83782,7098.754
84.88688,6603.669
84.93594,6137.119
84.985,5699.655
85.02432,5369.916
85.06363,5058.442
85.10294,4764.61
85.14225,4487.764
85.18157,4227.102
85.22088,3981.973
85.26019,3751.499
85.2995,3534.866
85.33882,3331.217
85.37813,3139.872
85.41744,2960.02
85.45675,2790.936
85.49607,2631.893
85.53538,2482.319
85.57469,2341.562
85.614,2209.049
85.65332,2084.212
85.69263,1966.618
85.73194,1855.772
85.77125,1751.245
85.81057,1652.617
85.84988,1559.576
85.88919,1471.762
85.9285,1388.869
85.96782,1310.6
86.00713,1236.743
86.04644,1167.048
86.08575,1101.315
86.12507,1039.349
86.16438,981.0255
86.20369,926.1961
86.243,874.7518
86.28232,826.5963
86.32163,781.6939
86.36094,739.9985
86.40025,701.5044
86.43957,666.2281
86.47888,634.246
86.51819,605.6448
86.5575,580.5634
86.59682,559.1841
86.61648,549.9593
86.63613,541.7622
86.65579,534.6255
86.67544,528.6023
86.6951,523.7377
86.71475,520.0936
86.73441,517.7297
86.75407,516.7186
86.77373,517.1386
86.79338,519.0747
86.81304,522.6249
86.83269,527.8918
86.85235,534.9984
86.872,544.0677
86.89166,555.2532
86.91132,568.7109
86.93098,584.618
86.95063,603.1613
86.97029,624.5776
86.98994,649.0872
87.0096,676.984
87.02925,708.5385
87.04891,744.1155
87.06857,784.0702
87.0784,805.8165
87.08823,828.8155
87.09806,853.1262
87.10788,878.7841
87.11771,905.9072
87.12754,934.5397
87.13737,964.7548
87.14719,996.597
87.15702,1030.213
87.16685,1065.658
87.17668,1103.023
87.1865,1142.364
87.19633,1183.863
87.20616,1227.588
87.21599,1273.655
87.22582,1322.183
87.23565,1373.3
87.24548,1427.139
87.25531,1483.843
87.26513,1543.498
87.27496,1606.384
87.28479,1672.607
87.29462,1742.342
87.30444,1815.698
87.31427,1893.017
87.3241,1974.43
87.33393,2060.15
87.34375,2150.307
87.35358,2245.319
87.36341,2345.341
87.37324,2450.629
87.38307,2561.448
87.3929,2678.073
87.40273,2800.791
87.41256,2929.893
87.42238,3065.542
87.43221,3208.32
87.44204,3358.408
87.45187,3516.12
87.46169,3681.601
87.47152,3855.504
87.48135,4037.97
87.49118,4229.297
87.501,4429.56
87.51035,4628.956
87.51969,4836.834
87.53838,5279.551
87.55707,5758.599
87.57575,6273.739
87.59444,6824.424
87.61313,7407.803
87.63182,8019.451
87.6505,8652.435
87.66919,9298.44
87.68788,9945.639
87.70657,10580.21
87.72525,11186.14
87.74394,11747.31
87.76263,12246.64
87.78132,12668.73
87.8,13000.73
87.81869,13234.09
87.83738,13364.3
87.85607,13391.89
87.87475,13321.9
87.89344,13163.05
87.91213,12926.78
87.93082,12626.09
87.9495,12274.64
87.96819,11885.08
87.98688,11469.55
88.02425,10601.15
88.04294,10164.11
88.06163,9733.321
88.08032,9313.066
88.099,8906.653
88.12225,8422.946
88.14549,7966.145
88.16874,7536.854
88.19198,7135.442
88.21523,6760.879
88.23847,6412.357
88.26172,6088.183
88.28496,5787.107
88.30821,5507.289
88.33145,5247.402
88.3547,5005.703
88.37794,4780.959
88.40119,4571.623
88.42443,4376.616
88.44767,4194.68
88.47091,4024.749
88.49416,3865.775
88.5174,3717.001
88.54065,3577.481
88.56389,3446.593
88.58714,3323.544
88.61038,3207.824
88.63363,3098.773
88.65687,2995.971
88.68012,2898.865
88.70336,2807.113
88.72661,2720.247
88.74985,2637.99
88.7731,2559.947
88.79634,2485.889
88.81958,2415.509
88.84282,2348.561
88.86607,2284.787
88.88931,2224.035
88.9358,2110.731
88.98229,2007.278
89.02878,1912.511
89.07527,1825.433
89.12176,1745.188
89.16825,1671.037
89.21473,1602.351
89.26122,1538.547
89.30771,1479.154
89.3542,1423.744
89.40068,1371.955
89.44717,1323.435
89.49366,1277.903
89.54015,1235.098
89.58663,1194.799
89.63312,1156.783
89.67961,1120.874
89.7261,1086.906
89.77259,1054.729
89.81908,1024.211
89.86557,995.228
89.91206,967.671
89.95854,941.4453
90.05152,892.6037
90.14449,848.0767
90.23747,807.3216
90.33044,769.8974
90.42342,735.4145
90.5164,703.5509
90.60938,674.0266
90.70235,646.6026
90.79533,621.0633
90.8883,597.2311
90.98128,574.9408
91.07425,554.0564
91.16723,534.4488
91.26021,516.0102
91.35319,498.6427
91.44616,482.2604
91.53914,466.7816
91.63212,452.138
91.7251,438.2665
91.81807,425.1111
91.91105,412.6176
92.00403,400.7406
92.18998,378.6708
92.37593,358.603
92.56188,340.2886
92.74784,323.517
92.93379,308.1121
93.11974,293.921
93.30569,280.8132
93.49165,268.6752
93.6776,257.4105
93.86355,246.933
94.0495,237.1677
94.23546,228.0485
94.42141,219.5182
94.60737,211.5243
94.79332,204.0219
94.97928,196.9692
95.16523,190.3306
95.35118,184.0728
95.53713,178.1661
95.72309,172.5838
95.90904,167.3023
96.09499,162.2995
96.28094,157.5556
96.65285,148.7736
97.02475,140.8306
97.39666,133.6201
97.76857,127.0532
98.14048,121.0542
98.51238,115.5585
98.88429,110.5102
99.25619,105.8617
99.6281,101.5713
100.0,97.60294
100.3907,93.7462
100.7813,90.17872
101.1719,86.87141
101.5625,83.79963
101.9532,80.94089
102.3438,78.27743
102.7344,75.7914
103.125,73.46758
103.5157,71.29187
103.9063,69.25319
104.2969,67.34009
104.6875,65.54273
105.0782,63.85183
105.4688,62.26025
106.25,59.34536
107.0313,56.74687
107.8125,54.42357
108.5938,52.33984
109.375,50.46675
110.1563,48.77888
110.9375,47.25538
111.7188,45.87769
112.5,44.63049
113.2813,43.49992
114.0625,42.47455
114.8438,41.54385
115.625,40.6991
116.4063,39.93221
117.1875,39.23644
117.9688,38.6055
118.75,38.03408
119.5313,37.51722
120.3125,37.05072
121.0938,36.63064
121.875,36.25359
123.4375,35.61634
125.0,35.11765
126.5625,34.74009
128.125,34.46931
129.6875,34.29348
131.25,34.20271
132.8125,34.18873
134.375,34.24459
135.9375,34.36445
137.5,34.54336
139.0625,34.77712
140.625,35.06218
142.1875,35.39555
143.75,35.77467
146.875,36.66191
150.0,37.71061
153.125,38.91169
156.25,40.25939
159.375,41.75065
162.5,43.38458
165.625,45.16223
168.75,47.08625
171.875,49.16089
175.0,51.39176
178.125,53.7859
181.25,56.35173
184.375,59.0991
187.5,62.03929
190.625,65.18521
193.75,68.55142
196.875,72.15434
200.0,76.01241
203.7522,81.01127
207.5044,86.44866
211.2566,92.3713
215.0088,98.83302
218.761,105.8958
222.5132,113.6315
226.2654,122.1233
230.0175,131.4682
233.7697,141.7803
237.5219,153.1934
239.398,159.3612
241.2741,165.8661
243.1502,172.7325
245.0263,179.9874
246.9024,187.6605
248.7785,195.7843
250.6546,204.3945
252.5307,213.531
254.4068,223.2375
256.2829,233.5627
258.159,244.5607
260.035,256.2913
261.9111,268.8235
263.7872,282.2326
265.6633,296.604
267.5394,312.0344
269.4155,328.6339
271.2916,346.5274
273.1677,365.8582
275.0438,386.7913
276.9199,409.517
278.796,434.2572
280.6721,461.2712
282.5482,490.8644
284.4243,523.3994
286.3004,559.3095
287.2385,578.6906
288.1765,599.1176
289.1145,620.676
290.0525,643.4579
290.9906,667.5688
291.9286,693.1183
292.8667,720.2399
293.8047,749.0718
294.7428,779.7821
295.6808,812.5474
296.6189,847.5826
297.5569,885.1168
298.495,925.4285
299.433,968.8202
300.3711,1015.66
301.3091,1066.353
302.2472,1121.396
303.1852,1181.346
304.1233,1246.883
305.0613,1318.789
305.5304,1357.428
305.9994,1398.023
306.4684,1440.728
306.9374,1485.705
307.4065,1533.145
307.8755,1583.225
308.3445,1636.172
308.8135,1692.227
309.2826,1751.671
309.7516,1814.776
310.2206,1881.88
310.6896,1953.354
311.1587,2029.618
311.6277,2111.098
312.0967,2198.316
312.5657,2291.84
313.0348,2392.324
313.5038,2500.434
313.9728,2616.976
314.4418,2742.828
314.9109,2878.993
315.3799,3026.482
315.8489,3186.498
316.3179,3360.31
316.787,3549.31
317.0215,3649.908
317.256,3754.819
317.4905,3864.22
317.725,3978.278
317.9595,4097.155
318.194,4220.996
318.4285,4349.929
318.663,4484.053
318.8975,4623.433
319.132,4768.086
319.3665,4917.978
319.601,5072.992
319.8355,5232.93
320.07,5397.483
320.3782,5620.015
320.6863,5848.259
320.9944,6080.32
321.3025,6313.571
321.9188,6769.339
322.2269,6982.487
322.535,7178.245
322.8432,7350.077
323.1513,7490.85
323.4594,7593.558
323.7675,7651.607
324.0757,7659.452
324.3838,7613.222
324.6919,7511.243
325.0,7354.364
325.3082,7145.943
325.6163,6891.923
325.9244,6599.925
326.2325,6278.831
326.5407,5937.872
326.8488,5586.385
327.1569,5232.58
327.465,4883.609
327.7732,4545.154
328.0813,4221.826
328.3894,3916.596
328.6975,3631.397
329.0057,3367.125
329.3138,3124.176
329.6219,2902.118
329.93,2700.206
330.13,2579.449
330.33,2466.439
330.53,2360.841
330.73,2262.308
330.93,2170.491
331.13,2085.041
331.33,2005.614
331.53,1931.875
331.73,1863.501
331.93,1800.178
332.13,1741.613
332.33,1687.518
332.53,1637.626
332.73,1591.682
332.93,1549.447
333.13,1510.695
333.33,1475.215
333.53,1442.807
333.93,1386.478
334.33,1340.363
334.73,1303.285
335.13,1274.225
335.53,1252.296
335.93,1236.727
336.33,1226.85
336.73,1222.086
337.13,1221.933
337.53,1225.95
337.93,1233.762
338.33,1245.035
338.73,1259.483
339.13,1276.853
339.53,1296.927
340.33,1344.446
341.13,1400.773
341.93,1464.934
342.73,1536.164
343.426,1603.414
344.1219,1675.219
344.8179,1751.325
345.5138,1831.465
346.2098,1915.438
346.9057,2003.007
348.2975,2188.11
349.6894,2384.973
351.0813,2591.415
353.865,3021.633
356.6488,3449.226
358.0407,3649.854
359.4325,3834.254
360.8244,3996.793
362.2163,4132.227
363.6082,4236.199
364.3041,4275.364
365.0,4305.628
366.25,4337.266
367.5,4339.858
368.75,4314.515
370.0,4263.269
371.25,4188.882
372.5,4094.602
373.75,3983.928
374.9999,3860.404
375.0001,51.81984
400.0,50.25585
425.0,48.83374
450.0,47.53118
475.0,46.3322
500.0,45.22369
525.0,44.19729
550.0,43.24106
575.0,42.3473
600.0,41.50946
630.0,40.57292
660.0,39.70021
690.0,38.88435
720.0,38.11939
760.0,37.17276
800.0,36.29699
850.0,35.29346
900.0,34.37334
950.0,33.52559
1000.0,32.74111
1062.5,31.8442
1125.0,31.02153
1187.5,30.26331
1250.0,29.56145
1312.5,28.91413
1375.0,28.31034
1437.5,27.74539
1500.0,27.21521
1600.0,26.43597
1700.0,25.7246
1775.0,25.23328
1850.0,24.77122
2000.0,23.92391
2125.0,23.29189
2250.0,22.71145
2375.0,22.17587
2500.0,21.67956
2625.0,21.22347
2750.0,20.79762
2875.0,20.39875
3000.0,20.02409
3250.0,19.3457
3500.0,18.73827
3750.0,18.19572
4000.0,17.70254
4250.0,17.2578
4500.0,16.8488
4750.0,16.4709
5000.0,16.12027
5250.0,15.79948
5500.0,15.4996
5750.0,15.21842
6000.0,14.95401
6500.0,14.47695
7000.0,14.04892
7500.0,13.66735
8000.0,13.31989
8500.0,13.00787
9000.0,12.72044
9500.0,12.45444
10000.0,12.20729
10625.0,11.92919
11250.0,11.67285
11875.0,11.4355
12500.0,11.21482
13125.0,11.01437
13750.0,10.82662
14375.0,10.65024
15000.0,10.48409
16000.0,10.24247
17000.0,10.02064
17750.0,9.868988
18500.0,9.725797
20000.0,9.46175
21250.0,9.267586
22500.0,9.088227
23750.0,8.921809
25000.0,8.766787
26250.0,8.62686
27500.0,8.495553
28750.0,8.371976
30000.0,8.255368
32500.0,8.04705
35000.0,7.858929
37500.0,7.69245
40000.0,7.539954
42500.0,7.404355
45000.0,7.278769
47500.0,7.16196
50000.0,7.052898
51951.28,6.941346
53902.55,6.835601
55853.83,6.735167
57805.1,6.639603
57942.29,6.635241
58079.47,6.630897
58353.83,6.622256
58902.55,6.605175
59451.28,6.588352
60000.0,6.571782
60625.0,6.553501
61250.0,6.535526
62500.0,6.500463
63750.0,6.46653
65000.0,6.433673
66250.0,6.401838
67500.0,6.370979
70000.0,6.312005
72500.0,6.271632
75000.0,6.233459
77500.0,6.197305
80000.0,6.163009
84999.98,6.062632
89999.95,5.969903
94999.93,5.883862
99999.9,5.803712
100000.1,5.836225
106250.1,5.767957
112500.1,5.704511
118750.1,5.645307
125000.1,5.589858
131250.1,5.537757
137500.1,5.488655
143750.1,5.442254
150000.0,5.398299
162500.0,5.345714
175000.0,5.297663
187500.0,5.25347
200000.0,5.212596
212500.0,5.195874
225000.0,5.180214
237500.0,5.165496
250000.0,5.151617
275000.0,5.157703
300000.0,5.163294
326537.5,5.195957
353075.0,5.226168
354174.9,5.228944
355274.8,5.231711
357474.6,5.237223
359674.4,5.242705
361874.2,5.248155
366273.8,5.258964
370673.3,5.269655
375072.9,5.28023
379472.4,5.290691
388271.5,5.311282
397070.7,5.331449
405869.8,5.35121
414668.9,5.37058
423468.0,5.389575
432267.2,5.408212
441066.3,5.426503
458664.5,5.462099
476262.8,5.496462
493861.0,5.529677
495395.8,5.533621
496930.5,5.537578
500000.0,5.545537
511080.0,5.580766
522160.0,5.615293
533240.0,5.64915
544320.0,5.682362
566480.0,5.746951
588640.0,5.809245
610800.0,5.869407
632960.0,5.927583
655120.0,5.983908
677280.0,6.038498
700000.0,6.094668
726995.0,6.16777
729286.2,6.17394
731577.3,6.180091
736159.5,6.192338
740741.8,6.204511
745324.0,6.216612
747032.7,6.221151
748741.3,6.225682
752158.5,6.234715
758993.0,6.252672
765827.5,6.270487
772662.0,6.288161
786331.0,6.323096
800000.0,6.357495
812500.0,6.3881
825000.0,6.418295
850000.0,6.477502
875000.0,6.535205
900000.0,6.591483
922209.5,6.638196
944419.0,6.683927
947892.9,6.69064
951366.7,6.69733
958314.3,6.710644
965261.9,6.72387
972209.5,6.737009
986104.8,6.763032
1000000.0,6.788721
1033890.0,6.845042
1067780.0,6.899699
1067785.0,6.899703
1070935.0,6.903992
1074085.0,6.908268
1080385.0,6.916784
1092985.0,6.933674
1105585.0,6.950377
1118185.0,6.966896
1130787.0,6.983241
1143388.0,6.999408
1168590.0,7.031233
1168591.0,7.031234
1171135.0,7.033751
1173679.0,7.036263
1178767.0,7.04127
1188943.0,7.051221
1199119.0,7.06109
1209295.0,7.070876
1229648.0,7.09021
1250000.0,7.109232
1285438.0,7.130838
1320875.0,7.151859
1356313.0,7.172327
1391750.0,7.192269
1391755.0,7.192269
1395707.0,7.193662
1399658.0,7.195049
1407560.0,7.197814
1407566.0,7.197816
1410454.0,7.198437
1413342.0,7.199058
1419118.0,7.200295
1430670.0,7.202756
1442225.0,7.205198
1453780.0,7.207621
1476890.0,7.212412
1500000.0,7.217131
1536770.0,7.219123
1536772.0,7.21912
1540104.0,7.21837
1543435.0,7.217625
1550098.0,7.216148
1563424.0,7.213243
1576751.0,7.210402
1590078.0,7.207624
1616732.0,7.20225
1643385.0,7.197112
1670039.0,7.192197
1696693.0,7.187496
1723347.0,7.182998
1750000.0,7.178696
1781250.0,7.160074
1812500.0,7.14223
1843750.0,7.125123
1875000.0,7.108716
1906250.0,7.092973
1937500.0,7.077861
1968750.0,7.063349
2000000.0,7.049409
2007813.0,7.039753
2015625.0,7.030167
2023438.0,7.020649
2031250.0,7.011199
2039063.0,7.001815
2046875.0,6.992498
2054688.0,6.983245
2062500.0,6.974058
2070313.0,6.964934
2078125.0,6.955873
2085938.0,6.946874
2093750.0,6.937939
2101563.0,6.929064
2109375.0,6.920251
2117188.0,6.911496
2125000.0,6.902801
2132813.0,6.894165
2140625.0,6.885589
2148438.0,6.877068
2156250.0,6.868606
2164063.0,6.860199
2171875.0,6.851849
2179688.0,6.843554
2187500.0,6.835313
2195313.0,6.827127
2203125.0,6.818996
2210938.0,6.810916
2218750.0,6.802891
2226563.0,6.794915
2234375.0,6.786994
2242188.0,6.779122
2250000.0,6.771302
2257813.0,6.763531
2265625.0,6.755811
2273438.0,6.74814
2281250.0,6.740518
2289063.0,6.732942
2296875.0,6.725416
2304688.0,6.717936
2312500.0,6.710505
2320313.0,6.703118
2328125.0,6.695779
2335938.0,6.688485
2343750.0,6.681236
2351563.0,6.674032
2359375.0,6.666874
2367188.0,6.659757
2375000.0,6.652685
2382813.0,6.645656
2390625.0,6.63867
2398438.0,6.631726
2406250.0,6.624825
2414063.0,6.617964
2421875.0,6.611146
2429688.0,6.604367
2437500.0,6.597631
2445313.0,6.590933
2453125.0,6.584277
2460938.0,6.577658
2468750.0,6.571079
2476563.0,6.564539
2484375.0,6.558038
2492188.0,6.551573
2500000.0,6.545149
2507813.0,6.538759
2515625.0,6.53241
2523438.0,6.526094
2531250.0,6.519817
2539063.0,6.513575
2546875.0,6.507369
2554688.0,6.501199
2562500.0,6.495064
2570313.0,6.488963
2578125.0,6.482899
2585938.0,6.476866
2593750.0,6.47087
2601563.0,6.464905
2609375.0,6.458977
2617188.0,6.45308
2625000.0,6.447217
2632813.0,6.441386
2640625.0,6.435587
2648438.0,6.429821
2656250.0,6.424086
2664063.0,6.418383
2671875.0,6.412712
2679688.0,6.407072
2687500.0,6.401463
2695313.0,6.395883
2703125.0,6.390335
2710938.0,6.384816
2718750.0,6.379328
2726563.0,6.373869
2734375.0,6.368439
2742188.0,6.363039
2750000.0,6.357668
2757813.0,6.352325
2765625.0,6.347011
2773438.0,6.341725
2781250.0,6.336468
2789063.0,6.331237
2796875.0,6.326035
2804688.0,6.320859
2812500.0,6.315711
2820313.0,6.310591
2828125.0,6.305497
2835938.0,6.300429
2843750.0,6.295387
2851563.0,6.290372
2859375.0,6.285384
2867188.0,6.280421
2875000.0,6.275483
2882813.0,6.27057
2890625.0,6.265684
2898438.0,6.260821
2906250.0,6.255983
2914063.0,6.25117
2921875.0,6.246382
2929688.0,6.241618
2937500.0,6.236878
2945313.0,6.232161
2953125.0,6.227469
2960938.0,6.2228
2968750.0,6.218155
2976563.0,6.213531
2984375.0,6.208933
2992188.0,6.204356
3000000.0,6.199802
3008412.0,6.190727
3016823.0,6.181698
3025234.0,6.172713
3033645.0,6.163771
3042057.0,6.154871
3050468.0,6.146015
3058879.0,6.137204
3067290.0,6.128432
3075702.0,6.119703
3084113.0,6.111018
3092524.0,6.102372
3100935.0,6.093768
3109347.0,6.085204
3117758.0,6.076682
3126169.0,6.068199
3134580.0,6.059756
3142992.0,6.051352
3151403.0,6.042989
3159814.0,6.034665
3168225.0,6.026379
3176637.0,6.01813
3185048.0,6.00992
3193459.0,6.001749
3201870.0,5.993616
3210282.0,5.985519
3218693.0,5.977459
3227104.0,5.969437
3235515.0,5.96145
3243927.0,5.953499
3252338.0,5.945586
3260749.0,5.937708
3269160.0,5.929865
3277572.0,5.922057
3285983.0,5.914285
3294394.0,5.906547
3302805.0,5.898844
3311217.0,5.891174
3319628.0,5.883541
3328039.0,5.875939
3336450.0,5.868373
3344862.0,5.860836
3353273.0,5.853336
3361684.0,5.845867
3370095.0,5.838432
3378507.0,5.831029
3386918.0,5.823657
3395329.0,5.816319
3403740.0,5.809011
3412152.0,5.801735
3420563.0,5.794491
3428974.0,5.787277
3437385.0,5.780095
3445797.0,5.772942
3454208.0,5.76582
3462619.0,5.75873
3471030.0,5.751668
3479442.0,5.744636
3487853.0,5.737635
3496264.0,5.730663
3504675.0,5.723721
3513087.0,5.716805
3521498.0,5.709921
3529909.0,5.703064
3538320.0,5.696237
3545534.0,5.690192
3552748.0,5.684168
3559962.0,5.678166
3567175.0,5.672187
3574389.0,5.666228
3581603.0,5.66029
3588817.0,5.654374
3596030.0,5.648479
3603244.0,5.642605
3610458.0,5.636751
3617672.0,5.630919
3624885.0,5.625107
3632099.0,5.619316
3639313.0,5.613546
3646527.0,5.607795
3653740.0,5.602063
3660954.0,5.596354
3668168.0,5.590662
3675382.0,5.584992
3682595.0,5.579342
3689809.0,5.57371
3697023.0,5.568098
3704237.0,5.562507
3711450.0,5.556934
3718664.0,5.551379
3725878.0,5.545844
3733092.0,5.540328
3740305.0,5.534832
3747519.0,5.529354
3754733.0,5.523894
3761947.0,5.518453
3769160.0,5.513032
3776374.0,5.507627
3783588.0,5.502241
3790802.0,5.496874
3798015.0,5.491525
3805229.0,5.486194
3812443.0,5.48088
3819657.0,5.475585
3826870.0,5.470308
3834084.0,5.465047
3841298.0,5.459804
3848512.0,5.454578
3855725.0,5.449371
3862939.0,5.44418
3870153.0,5.439007
3877367.0,5.43385
3884580.0,5.428711
3891794.0,5.423588
3899008.0,5.418483
3906222.0,5.413393
3913435.0,5.408321
3920649.0,5.403266
3927863.0,5.398226
3935077.0,5.393202
3942290.0,5.388197
3949504.0,5.383206
3956718.0,5.378231
3963932.0,5.373273
3971145.0,5.368332
3978359.0,5.363405
3985573.0,5.358494
3992787.0,5.353599
4000000.0,5.348721
4008333.0,5.34186
4016665.0,5.335027
4024997.0,5.328218
4033329.0,5.321434
4041661.0,5.314674
4049993.0,5.307939
4058325.0,5.301229
4066657.0,5.294542
4074989.0,5.28788
4083321.0,5.281242
4091653.0,5.274628
4099985.0,5.268036
4108317.0,5.261469
4116649.0,5.254925
4124981.0,5.248404
4133313.0,5.241907
4141645.0,5.235432
4149977.0,5.22898
4158309.0,5.222552
4166641.0,5.216145
4174973.0,5.209762
4183305.0,5.203401
4191637.0,5.197061
4199969.0,5.190744
4208301.0,5.184449
4216633.0,5.178177
4224965.0,5.171924
4233297.0,5.165694
4241629.0,5.159486
4249961.0,5.153299
4258293.0,5.147134
4266625.0,5.14099
4274958.0,5.134866
4283290.0,5.128763
4291622.0,5.122681
4299954.0,5.11662
4308286.0,5.110581
4316618.0,5.104561
4324950.0,5.09856
4333282.0,5.092581
4341614.0,5.086622
4349946.0,5.080683
4358278.0,5.074763
4366610.0,5.068864
4374942.0,5.062985
4383274.0,5.057124
4391606.0,5.051284
4399938.0,5.045462
4408270.0,5.03966
4416602.0,5.033878
4424934.0,5.028115
4433266.0,5.02237
4441598.0,5.016643
4449930.0,5.010936
4458262.0,5.005248
4466594.0,4.999579
4474926.0,4.993928
4483258.0,4.988295
4491590.0,4.982679
4499922.0,4.977083
4508254.0,4.971506
4516586.0,4.965946
4524918.0,4.960403
4533250.0,4.954879
4540543.0,4.949978
4547836.0,4.945091
4555129.0,4.940218
4562422.0,4.935357
4569715.0,4.930513
4577008.0,4.925681
4584301.0,4.920862
4591594.0,4.916057
4598887.0,4.911265
4606180.0,4.906487
4613473.0,4.901723
4620766.0,4.896972
4628059.0,4.892232
4635352.0,4.887508
4642645.0,4.882795
4649938.0,4.878097
4657231.0,4.87341
4664524.0,4.868737
4671817.0,4.864077
4679110.0,4.85943
4686403.0,4.854795
4693696.0,4.850173
4700989.0,4.845563
4708282.0,4.840967
4715575.0,4.836383
4722868.0,4.831811
4730161.0,4.827252
4737454.0,4.822704
4744747.0,4.81817
4752040.0,4.813647
4759333.0,4.809137
4766625.0,4.80464
4773918.0,4.800153
4781211.0,4.79568
4788504.0,4.791218
4795797.0,4.786769
4803090.0,4.78233
4810383.0,4.777904
4817676.0,4.77349
4824969.0,4.769086
4832262.0,4.764696
4839555.0,4.760316
4846848.0,4.755949
4854141.0,4.751592
4861434.0,4.747248
4868727.0,4.742915
4876020.0,4.738593
4883313.0,4.734282
4890606.0,4.729984
4897899.0,4.725694
4905192.0,4.721418
4912485.0,4.717153
4919778.0,4.712898
4927071.0,4.708655
4934364.0,4.704422
4941657.0,4.7002
4948950.0,4.69599
4956243.0,4.69179
4963536.0,4.687601
4970829.0,4.683423
4978122.0,4.679257
4985415.0,4.6751
4992708.0,4.670955
5000000.0,4.666819
5007457.0,4.663615
5014914.0,4.660417
5022371.0,4.657227
5029827.0,4.654047
5037284.0,4.650873
5044741.0,4.647707
5052198.0,4.644549
5059654.0,4.6414
5067111.0,4.638258
5074568.0,4.635124
5082025.0,4.631998
5089481.0,4.628879
5096938.0,4.625768
5104395.0,4.622665
5111852.0,4.619568
5119308.0,4.61648
5126765.0,4.6134
5134222.0,4.610326
5141679.0,4.60726
5149135.0,4.604203
5156592.0,4.601151
5164049.0,4.598108
5171506.0,4.595072
5178962.0,4.592043
5186419.0,4.589022
5193876.0,4.586008
5201333.0,4.583001
5208789.0,4.580002
5216246.0,4.577009
5223702.0,4.574024
5231159.0,4.571047
5238615.0,4.568077
5246072.0,4.565112
5253529.0,4.562155
5260986.0,4.559205
5268442.0,4.556263
5275899.0,4.553328
5283356.0,4.550398
5290813.0,4.547477
5298269.0,4.544561
5305726.0,4.541653
5313183.0,4.538753
5320640.0,4.535858
5328096.0,4.532971
5335553.0,4.530089
5343010.0,4.527215
5350467.0,4.524349
5357923.0,4.521489
5365380.0,4.518634
5372837.0,4.515788
5380294.0,4.512947
5387750.0,4.510113
5395207.0,4.507285
5402664.0,4.504464
5410121.0,4.501649
5417577.0,4.498841
5425034.0,4.496041
5432491.0,4.493245
5439948.0,4.490456
5447404.0,4.487675
5454861.0,4.484899
5462317.0,4.48213
5469774.0,4.479367
5477230.0,4.476611
5483285.0,4.474335
5489340.0,4.472065
5495395.0,4.469798
5501450.0,4.467536
5507505.0,4.465278
5513560.0,4.463025
5519615.0,4.460775
5525670.0,4.458529
5531725.0,4.456289
5537780.0,4.454051
5543835.0,4.451818
5549890.0,4.449588
5555945.0,4.447364
5562000.0,4.445144
5568055.0,4.442927
5574110.0,4.440714
5580165.0,4.438506
5586220.0,4.436302
5592275.0,4.434101
5598330.0,4.431905
5604385.0,4.429712
5610440.0,4.427524
5616495.0,4.425339
5622550.0,4.423159
5628605.0,4.420983
5634660.0,4.41881
5640715.0,4.416641
5646770.0,4.414477
5652825.0,4.412317
5658880.0,4.410159
5664935.0,4.408007
5670990.0,4.405857
5677045.0,4.403712
5683100.0,4.401571
5689155.0,4.399434
5695210.0,4.3973
5701265.0,4.395171
5707320.0,4.393045
5713375.0,4.390924
5719430.0,4.388806
5725485.0,4.38669
5731540.0,4.384579
5737595.0,4.382472
5743650.0,4.38037
5749705.0,4.37827
5755760.0,4.376174
5761815.0,4.374083
5767870.0,4.371995
5773925.0,4.369909
5779980.0,4.367828
5786035.0,4.365751
5792090.0,4.363679
5798145.0,4.361608
5804200.0,4.359542
5810255.0,4.35748
5816310.0,4.35542
5822365.0,4.353365
5828420.0,4.351313
5834475.0,4.349265
5840530.0,4.347221
5846585.0,4.34518
5852640.0,4.343143
5858695.0,4.341108
5864750.0,4.339078
5873204.0,4.33622
5881657.0,4.333368
5890110.0,4.330523
5898563.0,4.327685
5907016.0,4.324854
5915469.0,4.32203
5923922.0,4.319213
5932375.0,4.316403
5940829.0,4.313598
5949282.0,4.310801
5957735.0,4.308011
5966188.0,4.305227
5974641.0,4.302451
5983094.0,4.29968
5991547.0,4.296917
6000000.0,4.294161
6007512.0,4.293348
6015024.0,4.292536
6022536.0,4.291726
6030047.0,4.290919
6037559.0,4.290112
6045070.0,4.289306
6052582.0,4.288501
6060093.0,4.287699
6067605.0,4.286898
6075116.0,4.286096
6082628.0,4.285298
6090139.0,4.284499
6097651.0,4.283703
6105162.0,4.282909
6112674.0,4.282115
6120185.0,4.281322
6127697.0,4.280531
6135209.0,4.279742
6142721.0,4.278953
6150232.0,4.278166
6157744.0,4.277379
6165255.0,4.276595
6172767.0,4.275811
6180278.0,4.275029
6187790.0,4.274248
6195301.0,4.273469
6202813.0,4.272691
6210324.0,4.271914
6217836.0,4.271138
6225347.0,4.270363
6232859.0,4.269591
6240370.0,4.268818
6247882.0,4.268047
6255394.0,4.267277
6262906.0,4.266509
6270417.0,4.265742
6277929.0,4.264977
6285440.0,4.264212
6292952.0,4.263449
6300463.0,4.262686
6307975.0,4.261926
6315486.0,4.261167
6322998.0,4.260407
6330509.0,4.259651
6338021.0,4.258895
6345532.0,4.25814
6353044.0,4.257387
6360555.0,4.256634
6368067.0,4.255882
6375579.0,4.255133
6383091.0,4.254384
6390602.0,4.253637
6398114.0,4.25289
6405625.0,4.252145
6413137.0,4.251401
6420648.0,4.250658
6428160.0,4.249916
6435671.0,4.249176
6443183.0,4.248437
6450694.0,4.247698
6458206.0,4.246962
6465717.0,4.246225
6473229.0,4.245491
6480740.0,4.244758
6488698.0,4.243974
6496655.0,4.243191
6504612.0,4.242408
6512569.0,4.241629
6520527.0,4.24085
6528484.0,4.240073
6536441.0,4.239296
6544398.0,4.238522
6552356.0,4.237747
6560313.0,4.236975
6568270.0,4.236204
6576227.0,4.235434
6584184.0,4.234665
6592141.0,4.233898
6600098.0,4.233133
6608055.0,4.232368
6616013.0,4.231604
6623970.0,4.230842
6631927.0,4.230081
6639884.0,4.229321
6647842.0,4.228562
6655799.0,4.227805
6663756.0,4.22705
6671713.0,4.226295
6679671.0,4.225542
6687628.0,4.224789
6695585.0,4.224039
6703542.0,4.223289
6711499.0,4.22254
6719456.0,4.221794
6727413.0,4.221047
6735370.0,4.220303
6742441.0,4.219637
6749512.0,4.218973
6756583.0,4.218309
6763653.0,4.217647
6770724.0,4.216985
6777794.0,4.216324
6784865.0,4.215665
6791935.0,4.215006
6799006.0,4.214349
6806077.0,4.213692
6813148.0,4.213036
6820218.0,4.212382
6827289.0,4.211728
6834359.0,4.211075
6841430.0,4.210423
6848500.0,4.209772
6855571.0,4.209123
6862642.0,4.208473
6869713.0,4.207826
6876783.0,4.207179
6883854.0,4.206533
6890924.0,4.205887
6897995.0,4.205243
6905065.0,4.2046
6912136.0,4.203958
6919207.0,4.203316
6926278.0,4.202676
6933348.0,4.202037
6940419.0,4.201398
6947489.0,4.200761
6954560.0,4.200124
6961630.0,4.199489
6971223.0,4.198622
6980815.0,4.197758
6990408.0,4.196894
7000000.0,4.196033
7007426.0,4.195788
7014852.0,4.195547
7022278.0,4.195308
7029703.0,4.195072
7037129.0,4.194841
7044554.0,4.194611
7051980.0,4.194386
7059405.0,4.194163
7066831.0,4.193944
7074257.0,4.193728
7081683.0,4.193515
7089108.0,4.193305
7096534.0,4.193098
7103959.0,4.192894
7111385.0,4.192694
7118810.0,4.192496
7126236.0,4.192302
7133662.0,4.192111
7141088.0,4.191923
7148513.0,4.191737
7155939.0,4.191556
7163364.0,4.191377
7170790.0,4.191201
7178215.0,4.191029
7185641.0,4.19086
7193067.0,4.190692
7200493.0,4.19053
7207918.0,4.19037
7215344.0,4.190213
7222769.0,4.190059
7230195.0,4.189907
7237620.0,4.189759
7242788.0,4.189608
7247956.0,4.189456
7253124.0,4.189307
7258292.0,4.189159
7263460.0,4.189012
7268628.0,4.188867
7273796.0,4.188723
7278963.0,4.188581
7284131.0,4.188439
7289299.0,4.188301
7294467.0,4.188162
7299634.0,4.188026
7304802.0,4.187891
7309970.0,4.187757
7315138.0,4.187625
7320305.0,4.187494
7325473.0,4.187364
7330641.0,4.187236
7335809.0,4.187109
7340977.0,4.186985
7346145.0,4.186861
7351313.0,4.186738
7356481.0,4.186617
7361648.0,4.186498
7366816.0,4.186381
7371984.0,4.186263
7377152.0,4.186147
7382319.0,4.186034
7387487.0,4.185922
7392655.0,4.185811
7397823.0,4.185701
7402990.0,4.185593
7413030.0,4.185142
7423070.0,4.1847
7433110.0,4.184267
7443150.0,4.183843
7453190.0,4.183426
7463230.0,4.183019
7473270.0,4.182621
7483310.0,4.182232
7491384.0,4.181889
7499457.0,4.181551
7507531.0,4.181219
7515604.0,4.180893
7523678.0,4.180571
7531751.0,4.180258
7539824.0,4.179947
7547897.0,4.179644
7555971.0,4.179346
7564044.0,4.179053
7572117.0,4.178767
7580190.0,4.178484
7588264.0,4.178209
7596337.0,4.177939
7604410.0,4.177672
7612483.0,4.177413
7620557.0,4.17716
7628630.0,4.176911
7636703.0,4.176667
7644776.0,4.17643
7652850.0,4.176197
7660923.0,4.17597
7668996.0,4.175749
7677069.0,4.175533
7685143.0,4.175323
7693216.0,4.175117
7701289.0,4.174918
7709362.0,4.174722
7717436.0,4.174533
7725509.0,4.174349
7733582.0,4.174171
7741655.0,4.173998
7749729.0,4.173829
7757802.0,4.173667
7765876.0,4.173509
7773949.0,4.173356
7782023.0,4.173209
7790096.0,4.173067
7798169.0,4.17293
7806242.0,4.172798
7814316.0,4.172672
7822389.0,4.172551
7830462.0,4.172435
7838535.0,4.172324
7846609.0,4.172217
7854682.0,4.172118
7862755.0,4.172021
7870828.0,4.171932
7878902.0,4.171846
7886975.0,4.171765
7895048.0,4.17169
7903121.0,4.171621
7911195.0,4.171555
7919268.0,4.171495
7927341.0,4.171439
7935414.0,4.171389
7943488.0,4.171344
7951561.0,4.171304
7959634.0,4.171269
7967707.0,4.171239
7975781.0,4.171214
7983854.0,4.171193
7991927.0,4.171178
8000000.0,4.171167
8007583.0,4.170746
8015165.0,4.170331
8022748.0,4.169921
8030330.0,4.169516
8037913.0,4.169119
8045495.0,4.168729
8053078.0,4.168343
8060660.0,4.167963
8068243.0,4.16759
8075825.0,4.167222
8083408.0,4.16686
8090990.0,4.166505
8098573.0,4.166154
8106155.0,4.165811
8113738.0,4.165474
8121320.0,4.165142
8128903.0,4.164815
8136485.0,4.164495
8144068.0,4.164181
8151650.0,4.163872
8159233.0,4.163569
8166815.0,4.163272
8174398.0,4.162981
8181980.0,4.162696
8189563.0,4.162417
8197145.0,4.162142
8204728.0,4.161875
8212310.0,4.161613
8219893.0,4.161356
8227475.0,4.161106
8235058.0,4.16086
8242640.0,4.160621
8250223.0,4.160388
8257805.0,4.16016
8265388.0,4.159937
8272970.0,4.159721
8280553.0,4.15951
8288135.0,4.159306
8295718.0,4.159105
8303300.0,4.158912
8310883.0,4.158724
8318465.0,4.158541
8326048.0,4.158364
8333630.0,4.158193
8341213.0,4.158026
8348795.0,4.157867
8356378.0,4.157712
8363960.0,4.157563
8371543.0,4.157419
8379125.0,4.157281
8386708.0,4.157149
8394290.0,4.157021
8401873.0,4.1569
8409455.0,4.156784
8417038.0,4.156673
8424620.0,4.156568
8432203.0,4.156469
8439785.0,4.156375
8447368.0,4.156286
8454950.0,4.156204
8462533.0,4.156126
8470115.0,4.156053
8477698.0,4.155986
8485280.0,4.155924
8493323.0,4.155852
8501365.0,4.155787
8509408.0,4.155727
8517450.0,4.155673
8525493.0,4.155625
8533535.0,4.155584
8541578.0,4.155549
8549620.0,4.155519
8557663.0,4.155495
8565705.0,4.155478
8573748.0,4.155466
8581790.0,4.15546
8589833.0,4.15546
8597875.0,4.155466
8605918.0,4.155478
8613960.0,4.155496
8622003.0,4.155519
8630045.0,4.155548
8638088.0,4.155584
8646130.0,4.155626
8654173.0,4.155673
8662215.0,4.155726
8670258.0,4.155784
8678300.0,4.155849
8686343.0,4.15592
8694385.0,4.155995
8702428.0,4.156078
8710470.0,4.156165
8718513.0,4.156259
8726555.0,4.156358
8734598.0,4.156463
8742640.0,4.156573
8750683.0,4.15669
8758725.0,4.156812
8766768.0,4.156939
8774810.0,4.157073
8782853.0,4.157212
8790895.0,4.157358
8798938.0,4.157508
8806980.0,4.157664
8815023.0,4.157825
8823065.0,4.157993
8831108.0,4.158165
8839150.0,4.158344
8847193.0,4.158528
8855235.0,4.158719
8863278.0,4.158914
8871320.0,4.159114
8879363.0,4.159321
8887405.0,4.159532
8895448.0,4.15975
8903490.0,4.159973
8911533.0,4.160202
8919575.0,4.160436
8927618.0,4.160675
8935660.0,4.160921
8943703.0,4.161171
8951745.0,4.161427
8959788.0,4.161688
8967830.0,4.161955
8975873.0,4.162227
8983915.0,4.162504
8991958.0,4.162788
9000000.0,4.163077
9007607.0,4.163312
9015214.0,4.163547
9022821.0,4.163787
9030427.0,4.164028
9038034.0,4.164273
9045641.0,4.164521
9053248.0,4.164769
9060854.0,4.165021
9068461.0,4.165276
9076068.0,4.165533
9083675.0,4.165793
9091281.0,4.166055
9098888.0,4.16632
9106495.0,4.166586
9114102.0,4.166857
9121708.0,4.167129
9129315.0,4.167404
9136922.0,4.167681
9144529.0,4.167961
9152135.0,4.168244
9159742.0,4.168528
9167349.0,4.168815
9174956.0,4.169106
9182562.0,4.169398
9190169.0,4.169693
9197776.0,4.16999
9205383.0,4.17029
9212989.0,4.170591
9220596.0,4.170897
9228202.0,4.171204
9235809.0,4.171514
9243415.0,4.171825
9251022.0,4.17214
9258629.0,4.172457
9266236.0,4.172776
9273842.0,4.173099
9281449.0,4.173423
9289056.0,4.17375
9296663.0,4.174079
9304269.0,4.17441
9311876.0,4.174744
9319483.0,4.17508
9327090.0,4.175419
9334696.0,4.175761
9342303.0,4.176105
9349910.0,4.176451
9357517.0,4.1768
9365123.0,4.17715
9372730.0,4.177503
9380337.0,4.177859
9387944.0,4.178217
9395550.0,4.178578
9403157.0,4.17894
9410764.0,4.179306
9418371.0,4.179673
9425977.0,4.180043
9433584.0,4.180415
9441191.0,4.18079
9448798.0,4.181168
9456404.0,4.181546
9464011.0,4.181929
9471617.0,4.182312
9479224.0,4.182697
9486830.0,4.183087
9495506.0,4.18353
9504182.0,4.183976
9512858.0,4.184424
9521533.0,4.184875
9530209.0,4.18533
9538884.0,4.185788
9547560.0,4.186249
9556235.0,4.186712
9564911.0,4.187178
9573587.0,4.187649
9582263.0,4.188121
9590938.0,4.188597
9599614.0,4.189076
9608289.0,4.189557
9616965.0,4.190042
9625640.0,4.19053
9631490.0,4.190732
9637339.0,4.190935
9643189.0,4.191139
9649038.0,4.191346
9654888.0,4.191554
9660737.0,4.191763
9666586.0,4.191973
9672435.0,4.192185
9678285.0,4.192399
9684134.0,4.192613
9689984.0,4.192828
9695833.0,4.193046
9701683.0,4.193265
9707532.0,4.193486
9713381.0,4.193706
9719230.0,4.193929
9725080.0,4.194153
9730929.0,4.194379
9736779.0,4.194605
9742628.0,4.194833
9748478.0,4.195064
9754327.0,4.195294
9760176.0,4.195526
9766025.0,4.19576
9771875.0,4.195996
9777724.0,4.196232
9783574.0,4.196469
9789423.0,4.196708
9795273.0,4.196949
9801122.0,4.197191
9806971.0,4.197433
9812820.0,4.197678
9818670.0,4.197923
9824519.0,4.198171
9830369.0,4.198419
9836218.0,4.198669
9842068.0,4.198919
9847917.0,4.199173
9853766.0,4.199425
9859615.0,4.199681
9865465.0,4.199937
9871314.0,4.200195
9877164.0,4.200454
9883013.0,4.200715
9888863.0,4.200976
9894712.0,4.20124
9900561.0,4.201503
9906410.0,4.201769
9912260.0,4.202036
9918109.0,4.202304
9923959.0,4.202573
9929808.0,4.202844
9935658.0,4.203117
9941507.0,4.203391
9947356.0,4.203665
9953205.0,4.203941
9959055.0,4.204219
9964904.0,4.204498
9970754.0,4.204777
9976603.0,4.205059
9982453.0,4.205342
9988302.0,4.205626
9994151.0,4.205911
10000000.0,4.206197
10004700.0,4.206866
10010510.0,4.20766
10016320.0,4.208454
10022130.0,4.209248
10027940.0,4.210043
10033750.0,4.210838
10039560.0,4.211633
10045370.0,4.212428
10051180.0,4.213225
10056990.0,4.214021
10062800.0,4.214816
10068610.0,4.215613
10074420.0,4.21641
10080230.0,4.217206
10086040.0,4.218003
10091850.0,4.2188
10097650.0,4.219597
10103460.0,4.220395
10109270.0,4.221193
10115080.0,4.221991
10120890.0,4.22279
10126700.0,4.223588
10132510.0,4.224388
10138320.0,4.225187
10144130.0,4.225986
10149940.0,4.226785
10155750.0,4.227586
10161560.0,4.228386
10167370.0,4.229186
10173180.0,4.229987
10178990.0,4.230788
10184800.0,4.23159
10190600.0,4.232389
10196410.0,4.233191
10202220.0,4.233992
10208030.0,4.234794
10213840.0,4.235597
10219650.0,4.236399
10225460.0,4.237202
10231270.0,4.238006
10237080.0,4.238809
10242890.0,4.239613
10248700.0,4.240417
10254510.0,4.24122
10260320.0,4.242024
10266130.0,4.242829
10271940.0,4.243634
10277750.0,4.244438
10283550.0,4.245243
10289360.0,4.246049
10295170.0,4.246854
10300980.0,4.247659
10306790.0,4.248466
10312600.0,4.249272
10318410.0,4.250079
10324220.0,4.250886
10330030.0,4.251692
10335840.0,4.2525
10341650.0,4.253307
10347460.0,4.254115
10353270.0,4.254923
10359080.0,4.255732
10364890.0,4.25654
10370700.0,4.25735
10376500.0,4.258156
10382530.0,4.258995
10388550.0,4.259833
10394580.0,4.260673
10400600.0,4.261511
10406630.0,4.262351
10412650.0,4.26319
10418680.0,4.26403
10424700.0,4.264869
10430730.0,4.265711
10436750.0,4.26655
10442780.0,4.267392
10448800.0,4.268232
10454830.0,4.269073
10460850.0,4.269915
10466880.0,4.270757
10472900.0,4.271598
10478930.0,4.27244
10484950.0,4.273282
10490980.0,4.274126
10497000.0,4.274968
10503030.0,4.275812
10509050.0,4.276655
10515080.0,4.277499
10521100.0,4.278343
10527130.0,4.279187
10533150.0,4.280031
10539180.0,4.280876
10545200.0,4.28172
10551230.0,4.282566
10557250.0,4.283411
10563280.0,4.284258
10569300.0,4.285103
10575330.0,4.28595
10581350.0,4.286795
10587380.0,4.287643
10593400.0,4.288489
10599430.0,4.289337
10605450.0,4.290184
10611480.0,4.291032
10617500.0,4.291879
10623530.0,4.292728
10629550.0,4.293576
10635580.0,4.294424
10641600.0,4.295273
10647630.0,4.296122
10653650.0,4.296972
10659680.0,4.297821
10665700.0,4.298671
10671730.0,4.299521
10677750.0,4.30037
10683780.0,4.301222
10689800.0,4.302072
10695830.0,4.302924
10701850.0,4.303774
10707880.0,4.304627
10713900.0,4.305478
10719930.0,4.30633
10725950.0,4.307182
10731980.0,4.308036
10738000.0,4.308888
10744030.0,4.309742
10750050.0,4.310593
10756080.0,4.311448
10762100.0,4.312301
10769540.0,4.313299
10776970.0,4.314295
10784410.0,4.315294
10791840.0,4.316291
10799280.0,4.317291
10806710.0,4.318288
10814150.0,4.319289
10821580.0,4.320287
10829020.0,4.321288
10836450.0,4.322288
10843890.0,4.32329
10851320.0,4.32429
10858760.0,4.325293
10866190.0,4.326294
10873620.0,4.327296
10881050.0,4.328297
10888490.0,4.329302
10895920.0,4.330304
10903360.0,4.331309
10910790.0,4.332313
10918230.0,4.333319
10925660.0,4.334323
10933100.0,4.33533
10940530.0,4.336334
10947970.0,4.337342
10955400.0,4.338348
10962840.0,4.339356
10970270.0,4.340362
10977710.0,4.341372
10985140.0,4.34238
10992570.0,4.343389
11000000.0,4.344397
11015290.0,4.346363
11030570.0,4.34833
11045860.0,4.3503
11061140.0,4.352271
11076430.0,4.354244
11091710.0,4.356219
11107000.0,4.358197
11122280.0,4.360176
11137570.0,4.362158
11152850.0,4.364139
11168140.0,4.366125
11183420.0,4.368111
11198710.0,4.3701
11213990.0,4.372091
11229270.0,4.374082
11244550.0,4.376076
11259840.0,4.378074
11275120.0,4.38007
11290410.0,4.382072
11305690.0,4.384072
11320980.0,4.386077
11336260.0,4.388083
11351550.0,4.390091
11366830.0,4.392101
11382120.0,4.394113
11397400.0,4.396126
11412690.0,4.398142
11427970.0,4.400159
11443260.0,4.402179
11458540.0,4.4042
11473820.0,4.406221
11489100.0,4.408246
11505070.0,4.410285
11521040.0,4.412326
11537010.0,4.414368
11552970.0,4.416411
11568940.0,4.418459
11584900.0,4.420507
11600870.0,4.422558
11616830.0,4.424609
11632800.0,4.426664
11648760.0,4.42872
11664730.0,4.430779
11680690.0,4.43284
11696660.0,4.434904
11712620.0,4.436968
11728590.0,4.439036
11744550.0,4.441104
11760520.0,4.443176
11776490.0,4.445251
11792460.0,4.447327
11808420.0,4.449405
11824390.0,4.451487
11840350.0,4.453568
11856320.0,4.455654
11872280.0,4.45774
11888250.0,4.45983
11904210.0,4.461921
11920180.0,4.464016
11936140.0,4.466111
11952110.0,4.468211
11968070.0,4.470312
11984040.0,4.472416
12000000.0,4.474521
12007660.0,4.475749
12015320.0,4.476976
12022980.0,4.478205
12030630.0,4.479431
12038290.0,4.480659
12045940.0,4.481886
12053600.0,4.483113
12061250.0,4.48434
12068910.0,4.485568
12076570.0,4.486796
12084230.0,4.488025
12091880.0,4.489251
12099540.0,4.49048
12107190.0,4.491705
12114850.0,4.492934
12122500.0,4.494161
12130160.0,4.495389
12137820.0,4.496618
12145480.0,4.497846
12153130.0,4.499073
12160790.0,4.5003
12168440.0,4.501528
12176100.0,4.502755
12183750.0,4.503983
12191410.0,4.505211
12199070.0,4.50644
12206730.0,4.507669
12214380.0,4.508895
12222040.0,4.510124
12229690.0,4.511351
12237350.0,4.51258
12245000.0,4.513807
12252660.0,4.515036
12260320.0,4.516265
12267980.0,4.517493
12275630.0,4.518721
12283290.0,4.519949
12290940.0,4.521177
12298600.0,4.522406
12306250.0,4.523634
12313910.0,4.524863
12321570.0,4.526092
12329230.0,4.527321
12336880.0,4.528548
12344540.0,4.529779
12352190.0,4.531006
12359850.0,4.532236
12367500.0,4.533463
12375160.0,4.534693
12382820.0,4.535923
12390480.0,4.537152
12398130.0,4.538381
12405790.0,4.53961
12413440.0,4.540838
12421100.0,4.542069
12428750.0,4.543296
12436410.0,4.544527
12444070.0,4.545757
12451730.0,4.546987
12459380.0,4.548215
12467040.0,4.549446
12474690.0,4.550675
12482350.0,4.551905
12490000.0,4.553135
12497970.0,4.554396
12505940.0,4.555658
12513910.0,4.55692
12521880.0,4.558181
12529850.0,4.559443
12537820.0,4.560705
12545790.0,4.561967
12553750.0,4.563228
12561720.0,4.564489
12569690.0,4.565752
12577660.0,4.567014
12585630.0,4.568276
12593600.0,4.56954
12601570.0,4.570802
12609540.0,4.572065
12617500.0,4.573326
12625470.0,4.574589
12633440.0,4.575852
12641410.0,4.577115
12649380.0,4.578379
12657350.0,4.579642
12665320.0,4.580906
12673290.0,4.58217
12681250.0,4.583432
12689220.0,4.584695
12697190.0,4.58596
12705160.0,4.587224
12713130.0,4.588489
12721100.0,4.589753
12729070.0,4.591017
12737040.0,4.592282
12745000.0,4.593544
12752970.0,4.59481
12760940.0,4.596075
12768910.0,4.59734
12776880.0,4.598606
12784850.0,4.599871
12792820.0,4.601137
12800790.0,4.602402
12808750.0,4.603667
12816720.0,4.604933
12824690.0,4.606199
12832660.0,4.607466
12840630.0,4.608732
12848600.0,4.609998
12856570.0,4.611266
12864540.0,4.612533
12872500.0,4.613798
12880470.0,4.615066
12888440.0,4.616333
12896410.0,4.617602
12904380.0,4.61887
12912350.0,4.620137
12920320.0,4.621406
12928290.0,4.622675
12936250.0,4.623942
12944220.0,4.625211
12952190.0,4.626479
12960160.0,4.627749
12968130.0,4.629018
12976100.0,4.630288
12984070.0,4.631558
12992040.0,4.632829
13000000.0,4.634097
13009140.0,4.635511
13018280.0,4.636926
13027420.0,4.638341
13036550.0,4.639754
13045690.0,4.641169
13054830.0,4.642585
13063970.0,4.644001
13073100.0,4.645414
13082240.0,4.64683
13091380.0,4.648247
13100520.0,4.649663
13109650.0,4.651078
13118790.0,4.652494
13127930.0,4.653912
13137070.0,4.655328
13146200.0,4.656745
13155340.0,4.658162
13164480.0,4.65958
13173620.0,4.660998
13182750.0,4.662414
13191890.0,4.663832
13201030.0,4.665252
13210170.0,4.666671
13219300.0,4.668088
13228440.0,4.669507
13237580.0,4.670928
13246720.0,4.672347
13255850.0,4.673765
13264990.0,4.675185
13274130.0,4.676606
13283270.0,4.678028
13292400.0,4.679447
13303460.0,4.681117
13314520.0,4.682785
13325580.0,4.684454
13336630.0,4.686123
13347690.0,4.687793
13358740.0,4.689461
13369800.0,4.691133
13380850.0,4.692802
13391910.0,4.694473
13402970.0,4.696144
13414030.0,4.697816
13425080.0,4.699487
13436140.0,4.701159
13447190.0,4.702829
13458250.0,4.704503
13469300.0,4.706175
13480360.0,4.707849
13491420.0,4.709522
13502480.0,4.711196
13513530.0,4.712869
13524590.0,4.714545
13535640.0,4.716218
13546700.0,4.717894
13557750.0,4.719568
13568810.0,4.721244
13579870.0,4.72292
13590930.0,4.724597
13601980.0,4.726273
13613040.0,4.727951
13624090.0,4.729626
13635150.0,4.731305
13646200.0,4.732983
13657260.0,4.734662
13668320.0,4.736341
13679380.0,4.738021
13690430.0,4.7397
13701490.0,4.741382
13712540.0,4.74306
13723600.0,4.744742
13734650.0,4.746422
13745710.0,4.748105
13756770.0,4.749788
13767830.0,4.751471
13778880.0,4.753154
13789940.0,4.754838
13800990.0,4.756521
13812050.0,4.758206
13823100.0,4.759891
13834160.0,4.761577
13845220.0,4.763263
13856280.0,4.76495
13867330.0,4.766637
13878390.0,4.768325
13889440.0,4.770011
13900500.0,4.771701
13911550.0,4.77339
13922610.0,4.77508
13933670.0,4.77677
13944730.0,4.778462
13955780.0,4.780153
13966840.0,4.781845
13977890.0,4.783536
13988950.0,4.78523
14000000.0,4.786923
14007820.0,4.787585
14015630.0,4.788248
14023440.0,4.78891
14031250.0,4.789573
14039070.0,4.790236
14046880.0,4.790899
14054690.0,4.791562
14062500.0,4.792225
14070320.0,4.79289
14078130.0,4.793553
14085940.0,4.794216
14093750.0,4.794879
14101570.0,4.795543
14109380.0,4.796207
14117190.0,4.796872
14125000.0,4.797535
14132820.0,4.7982
14140630.0,4.798865
14148440.0,4.799529
14156250.0,4.800194
14164070.0,4.800859
14171880.0,4.801523
14179690.0,4.802189
14187500.0,4.802854
14195320.0,4.80352
14203130.0,4.804185
14210940.0,4.804851
14218750.0,4.805516
14226570.0,4.806183
14234380.0,4.806849
14242190.0,4.807515
14250000.0,4.808182
14257820.0,4.808849
14265630.0,4.809515
14273440.0,4.810183
14281250.0,4.810849
14289070.0,4.811517
14296880.0,4.812184
14304690.0,4.812852
14312500.0,4.81352
14320320.0,4.814188
14328130.0,4.814856
14335940.0,4.815524
14343750.0,4.816193
14351570.0,4.816862
14359380.0,4.817531
14367190.0,4.8182
14375000.0,4.818869
14382820.0,4.819539
14390630.0,4.820208
14398440.0,4.820878
14406250.0,4.821548
14414070.0,4.822219
14421880.0,4.822889
14429690.0,4.82356
14437500.0,4.824231
14445320.0,4.824902
14453130.0,4.825573
14460940.0,4.826245
14468750.0,4.826916
14476570.0,4.827588
14484380.0,4.828261
14492190.0,4.828933
14500000.0,4.829606
14507820.0,4.830251
14515630.0,4.830895
14523440.0,4.83154
14531250.0,4.832185
14539070.0,4.83283
14546880.0,4.833475
14554690.0,4.834121
14562500.0,4.834767
14570320.0,4.835413
14578130.0,4.836057
14585940.0,4.836704
14593750.0,4.83735
14601570.0,4.837998
14609380.0,4.838643
14617190.0,4.839289
14625000.0,4.839936
14632820.0,4.840584
14640630.0,4.841231
14648440.0,4.841878
14656250.0,4.842526
14664070.0,4.843174
14671880.0,4.843821
14679690.0,4.844469
14687500.0,4.845118
14695320.0,4.845767
14703130.0,4.846415
14710940.0,4.847063
14718750.0,4.847712
14726570.0,4.848362
14734380.0,4.84901
14742190.0,4.84966
14750000.0,4.85031
14757820.0,4.850961
14765630.0,4.85161
14773440.0,4.85226
14781250.0,4.852911
14789070.0,4.853562
14796880.0,4.854212
14804690.0,4.854863
14812500.0,4.855514
14820320.0,4.856166
14828130.0,4.856817
14835940.0,4.857469
14843750.0,4.858122
14851570.0,4.858775
14859380.0,4.859426
14867190.0,4.860078
14875000.0,4.860732
14882820.0,4.861386
14890630.0,4.862038
14898440.0,4.862692
14906250.0,4.863346
14914070.0,4.864
14921880.0,4.864653
14929690.0,4.865308
14937500.0,4.865963
14945320.0,4.866619
14953130.0,4.867273
14960940.0,4.867929
14968750.0,4.868585
14976570.0,4.869242
14984380.0,4.869897
14992190.0,4.870554
15000000.0,4.87121
15007820.0,4.871531
15015630.0,4.871852
15023440.0,4.872173
15031250.0,4.872495
15039070.0,4.872817
15046880.0,4.873138
15054690.0,4.873459
15062500.0,4.873781
15070320.0,4.874103
15078130.0,4.874426
15085940.0,4.874747
15093750.0,4.87507
15101570.0,4.875393
15109380.0,4.875717
15117190.0,4.876039
15125000.0,4.876362
15132820.0,4.876686
15140630.0,4.877009
15148440.0,4.877333
15156250.0,4.877655
15164070.0,4.87798
15171880.0,4.878304
15179690.0,4.878629
15187500.0,4.878952
15195320.0,4.879277
15203130.0,4.879603
15210940.0,4.879926
15218750.0,4.880252
15226570.0,4.880578
15234380.0,4.880902
15242190.0,4.881228
15250000.0,4.881554
15257820.0,4.88188
15265630.0,4.882206
15273440.0,4.882533
15281250.0,4.882859
15289070.0,4.883185
15296880.0,4.883513
15304690.0,4.883839
15312500.0,4.884167
15320320.0,4.884495
15328130.0,4.884822
15335940.0,4.88515
15343750.0,4.885478
15351570.0,4.885806
15359380.0,4.886135
15367190.0,4.886463
15375000.0,4.886792
15382820.0,4.887122
15390630.0,4.887451
15398440.0,4.887779
15406250.0,4.888109
15414070.0,4.888439
15421880.0,4.88877
15429690.0,4.8891
15437500.0,4.88943
15445320.0,4.889761
15453130.0,4.890092
15460940.0,4.890424
15468750.0,4.890755
15476570.0,4.891086
15484380.0,4.891418
15492190.0,4.891749
15500000.0,4.892083
15507820.0,4.892415
15515630.0,4.892747
15523440.0,4.893081
15531250.0,4.893414
15539070.0,4.893747
15546880.0,4.894081
15554690.0,4.894415
15562500.0,4.894749
15570320.0,4.895083
15578130.0,4.895419
15585940.0,4.895753
15593750.0,4.896089
15601570.0,4.896424
15609380.0,4.89676
15617190.0,4.897095
15625000.0,4.897432
15632820.0,4.897769
15640630.0,4.898104
15656250.0,4.898778
15671880.0,4.899454
15687500.0,4.90013
15703130.0,4.900809
15718750.0,4.901487
15734380.0,4.902167
15750000.0,4.902848
15765630.0,4.903531
15781250.0,4.904213
15796880.0,4.904899
15812500.0,4.905585
15828130.0,4.906272
15843750.0,4.906961
15859380.0,4.907651
15875000.0,4.908342
15890630.0,4.909036
15906250.0,4.909729
15921880.0,4.910425
15937500.0,4.911123
15953130.0,4.911822
15968750.0,4.912522
15984380.0,4.913226
16000000.0,4.91393
16015630.0,4.914255
16031250.0,4.914581
16046880.0,4.914908
16062500.0,4.915235
16078130.0,4.915564
16093750.0,4.915894
16109380.0,4.916224
16125000.0,4.916554
16140630.0,4.916887
16156250.0,4.917219
16171880.0,4.917552
16187500.0,4.917886
16203130.0,4.918221
16218750.0,4.918557
16234380.0,4.918895
16250000.0,4.919233
16265630.0,4.919572
16281250.0,4.919911
16296880.0,4.920253
16312500.0,4.920594
16328130.0,4.920937
16343750.0,4.921281
16359380.0,4.921626
16375000.0,4.921971
16390630.0,4.922319
16406250.0,4.922666
16421880.0,4.923016
16437500.0,4.923366
16453130.0,4.923718
16468750.0,4.924071
16484380.0,4.924424
16500000.0,4.924779
16515630.0,4.925135
16531250.0,4.925492
16546880.0,4.925851
16562500.0,4.926211
16578130.0,4.926572
16593750.0,4.926934
16609380.0,4.927298
16625000.0,4.927663
16640630.0,4.928029
16656250.0,4.928397
16671880.0,4.928767
16687500.0,4.929137
16703130.0,4.929509
16718750.0,4.929882
16734380.0,4.930258
16750000.0,4.930634
16765630.0,4.931013
16781250.0,4.931393
16796880.0,4.931774
16812500.0,4.932157
16828130.0,4.932543
16843750.0,4.932929
16859380.0,4.933317
16875000.0,4.933708
16890630.0,4.9341
16906250.0,4.934493
16921880.0,4.934889
16937500.0,4.935286
16953130.0,4.935686
16968750.0,4.936088
16984380.0,4.936491
17000000.0,4.936898
17031250.0,4.9375
17062500.0,4.938106
17093750.0,4.938716
17125000.0,4.93933
17156250.0,4.939949
17187500.0,4.94057
17218750.0,4.941197
17250000.0,4.941828
17281250.0,4.942463
17312500.0,4.943102
17343750.0,4.943747
17375000.0,4.944396
17406250.0,4.94505
17437500.0,4.945709
17468750.0,4.946374
17500000.0,4.947044
17531250.0,4.94772
17562500.0,4.948401
17593750.0,4.949088
17625000.0,4.949783
17656250.0,4.950483
17687500.0,4.951189
17718750.0,4.951902
17750000.0,4.952623
17781250.0,4.95335
17812500.0,4.954085
17843750.0,4.954826
17875000.0,4.955576
17906250.0,4.956335
17937500.0,4.957102
17968750.0,4.957877
18000000.0,4.958661
18031250.0,4.959499
18062500.0,4.960343
18093750.0,4.961192
18125000.0,4.962046
18156250.0,4.962907
18187500.0,4.963774
18218750.0,4.964646
18250000.0,4.965525
18281250.0,4.966411
18312500.0,4.967302
18343750.0,4.968201
18375000.0,4.969106
18406250.0,4.970018
18437500.0,4.970938
18468750.0,4.971864
18500000.0,4.972798
18531250.0,4.97374
18562500.0,4.97469
18593750.0,4.975647
18625000.0,4.976613
18656250.0,4.977587
18687500.0,4.978569
18718750.0,4.979559
18750000.0,4.98056
18781250.0,4.981569
18812500.0,4.982588
18843750.0,4.983615
18875000.0,4.984654
18906250.0,4.985702
18937500.0,4.98676
18968750.0,4.987828
19000000.0,4.988908
19062500.0,4.990485
19125000.0,4.992087
19187500.0,4.993717
19250000.0,4.995375
19312500.0,4.997059
19375000.0,4.998774
19437500.0,5.000518
19500000.0,5.002295
19562500.0,5.004105
19625000.0,5.005947
19687500.0,5.007825
19750000.0,5.00974
19812500.0,5.01169
19875000.0,5.013681
19937500.0,5.01571
20000000.0,5.017782
