1e-05,100603.1
1.03125e-05,99067.13
1.0625e-05,97599.42
1.09375e-05,96195.08
1.125e-05,94849.66
1.15625e-05,93559.17
1.1875e-05,92319.96
1.21875e-05,91128.71
1.25e-05,89982.43
1.28125e-05,88878.34
1.3125e-05,87813.92
1.34375e-05,86786.86
1.375e-05,85795.01
1.4375e-05,83909.23
1.5e-05,82142.58
1.5625e-05,80483.02
1.625e-05,78920.15
1.6875e-05,77444.92
1.75e-05,76049.46
1.8125e-05,74726.8
1.875e-05,73470.85
1.9375e-05,72276.17
2e-05,71137.93
2.09375e-05,69527.11
2.1875e-05,68020.99
2.28125e-05,66608.7
2.375e-05,65280.87
2.46875e-05,64029.42
2.5625e-05,62847.29
2.65625e-05,61728.31
2.75e-05,60667.04
2.84375e-05,59658.7
2.9375e-05,58699.03
3.03125e-05,57784.23
3.125e-05,56910.91
3.21875e-05,56076.02
3.3125e-05,55276.84
3.40625e-05,54510.88
3.5e-05,53775.91
3.59375e-05,53069.89
3.6875e-05,52390.96
3.78125e-05,51737.45
3.875e-05,51107.79
3.96875e-05,50500.59
4.0625e-05,49914.52
4.25e-05,48801.11
4.4375e-05,47759.03
4.625e-05,46780.99
4.8125e-05,45860.67
5e-05,44992.62
5.15625e-05,44305.72
5.3125e-05,43649.34
5.46875e-05,43021.3
5.625e-05,42419.62
5.78125e-05,41842.49
5.9375e-05,41288.3
6.09375e-05,40755.56
6.25e-05,40242.93
6.40625e-05,39749.17
6.5625e-05,39273.15
6.71875e-05,38813.83
6.875e-05,38370.27
7.1875e-05,37526.93
7.5e-05,36736.86
7.8125e-05,35994.68
8.125e-05,35295.75
8.4375e-05,34636.01
8.75e-05,34011.94
9.0625e-05,33420.43
9.375e-05,32858.76
9.6875e-05,32324.48
0.0001,31815.45
0.000103125,31329.73
0.00010625,30865.61
0.000109375,30421.52
0.0001125,29996.06
0.000115625,29587.97
0.00011875,29196.1
0.000121875,28819.4
0.000125,28456.91
0.000128125,28107.77
0.00013125,27771.18
0.000134375,27446.39
0.0001375,27132.74
0.00014375,26536.41
0.00015,25977.75
0.00015625,25452.95
0.0001625,24958.73
0.00016875,24492.23
0.000175,24050.94
0.00018125,23632.69
0.0001875,23235.52
0.00019375,22857.73
0.0002,22497.79
0.000209375,21988.41
0.00021875,21512.13
0.000228125,21065.53
0.0002375,20645.64
0.000246875,20249.89
0.00025625,19876.07
0.000265625,19522.22
0.000275,19186.62
0.000284375,18867.76
0.00029375,18564.29
0.000303125,18275.0
0.0003125,17998.83
0.000321875,17734.82
0.00033125,17482.1
0.000340625,17239.88
0.00035,17007.47
0.000359375,16784.2
0.00036875,16569.51
0.000378125,16362.85
0.0003875,16163.74
0.000396875,15971.72
0.00040625,15786.39
0.000425,15434.3
0.00044375,15104.77
0.0004625,14795.49
0.00048125,14504.46
0.0005,14229.96
0.000515625,14012.74
0.00053125,13805.18
0.000546875,13606.58
0.0005625,13416.31
0.000578125,13233.81
0.00059375,13058.56
0.000609375,12890.09
0.000625,12727.99
0.000640625,12571.85
0.00065625,12421.32
0.000671875,12276.07
0.0006875,12135.8
0.00071875,11869.11
0.00075,11619.27
0.00078125,11384.58
0.0008125,11163.56
0.00084375,10954.93
0.000875,10757.58
0.00090625,10570.53
0.0009375,10392.92
0.00096875,10223.96
0.001,10062.99
0.00103125,9909.399
0.0010625,9762.63
0.00109375,9622.197
0.001125,9487.657
0.00115625,9358.609
0.0011875,9234.689
0.00121875,9115.566
0.00125,9000.939
0.00128125,8890.531
0.0013125,8784.091
0.00134375,8681.385
0.001375,8582.201
0.0014375,8393.625
0.0015,8216.962
0.0015625,8051.008
0.001625,7894.722
0.0016875,7747.201
0.00175,7607.656
0.0018125,7475.392
0.001875,7349.798
0.0019375,7230.331
0.002,7116.509
0.00209375,6955.429
0.0021875,6804.818
0.00228125,6663.59
0.002375,6530.809
0.00246875,6405.665
0.0025625,6287.453
0.00265625,6175.556
0.00275,6069.431
0.00284375,5968.598
0.0029375,5872.632
0.00303125,5781.152
0.003125,5693.821
0.00321875,5610.334
0.0033125,5530.416
0.00340625,5453.821
0.0035,5380.325
0.00359375,5309.723
0.0036875,5241.832
0.00378125,5176.481
0.003875,5113.516
0.00396875,5052.796
0.0040625,4994.19
0.00425,4882.85
0.0044375,4778.643
0.004625,4680.84
0.0048125,4588.809
0.005,4502.005
0.00515625,4433.315
0.0053125,4367.679
0.00546875,4304.875
0.005625,4244.707
0.00578125,4186.996
0.0059375,4131.577
0.00609375,4078.304
0.00625,4027.041
0.00640625,3977.666
0.0065625,3930.064
0.00671875,3884.133
0.006875,3839.777
0.0071875,3755.443
0.0075,3676.437
0.0078125,3602.221
0.008125,3532.328
0.0084375,3466.355
0.00875,3403.948
0.0090625,3344.798
0.009375,3288.631
0.0096875,3235.204
0.01,3184.301
0.0103125,3135.73
0.010625,3089.318
0.0109375,3044.91
0.01125,3002.365
0.0115625,2961.556
0.011875,2922.37
0.0121875,2884.7
0.0125,2848.452
0.0128125,2813.538
0.013125,2779.879
0.0134375,2747.4
0.01375,2716.036
0.014375,2656.403
0.015,2600.538
0.015625,2548.059
0.01625,2498.637
0.016875,2451.987
0.0175,2407.859
0.018125,2366.034
0.01875,2326.318
0.019375,2288.539
0.02,2252.546
0.0206625,2216.19
0.021325,2181.542
0.0219875,2148.471
0.02265,2116.863
0.0233125,2086.612
0.023975,2057.623
0.0246375,2029.812
0.0253,2003.1
0.02607188,1973.271
0.02684375,1944.738
0.02761563,1917.41
0.0283875,1891.204
0.02915938,1866.046
0.02993125,1841.868
0.03070313,1818.607
0.031475,1796.207
0.03224688,1774.616
0.03301875,1753.787
0.0345625,1714.241
0.03610625,1677.26
0.03765,1642.578
0.03919375,1609.965
0.0407375,1579.224
0.04228125,1550.182
0.043825,1522.689
0.04536875,1496.611
0.0469125,1471.832
0.04845625,1448.246
0.05,1425.761
0.0515625,1404.039
0.053125,1383.283
0.0546875,1363.422
0.05625,1344.395
0.0578125,1326.145
0.059375,1308.62
0.0609375,1291.774
0.0625,1275.563
0.0640625,1259.949
0.065625,1244.896
0.0671875,1230.371
0.06875,1216.344
0.071875,1189.675
0.075,1164.692
0.078125,1141.222
0.08125,1119.12
0.084375,1098.257
0.0875,1078.523
0.090625,1059.818
0.09375,1042.056
0.096875,1025.161
0.1,1009.064
0.103125,993.7044
0.10625,979.0276
0.109375,964.9844
0.1125,951.5305
0.115625,938.6257
0.11875,926.2338
0.121875,914.3215
0.125,902.8589
0.128125,891.8182
0.13125,881.1742
0.134375,870.9037
0.1375,860.9854
0.14375,842.1279
0.15,824.4618
0.15625,807.8665
0.1625,792.238
0.16875,777.4861
0.175,763.5317
0.18125,750.3054
0.1875,737.7461
0.19375,725.7996
0.2,714.4175
0.209375,698.3097
0.21875,683.2488
0.228125,669.1261
0.2375,655.8482
0.246875,643.334
0.25625,631.5129
0.265625,620.3234
0.275,609.711
0.284375,599.6279
0.29375,590.0314
0.303125,580.8836
0.3125,572.1506
0.321875,563.802
0.33125,555.8104
0.340625,548.151
0.35,540.8015
0.359375,533.7415
0.36875,526.9524
0.378125,520.4175
0.3875,514.1211
0.396875,508.0492
0.40625,502.1887
0.425,491.0549
0.44375,480.6345
0.4625,470.8543
0.48125,461.6515
0.5,452.9713
0.53125,439.5389
0.5625,427.242
0.59375,415.9292
0.625,405.4759
0.65625,395.7784
0.6875,386.7499
0.71875,378.3168
0.75,370.4164
0.78125,362.9949
0.8125,356.0058
0.84375,349.4087
0.875,343.1682
0.9375,331.6368
1.0,321.2041
1.05,313.5376
1.099999,306.4001
1.100001,1267.06
1.169533,1228.044
1.239064,1192.414
1.308595,1159.711
1.378126,1129.555
1.517189,1075.686
1.656251,1028.863
1.795314,987.6791
1.934376,951.0916
2.073439,918.3086
2.212501,888.7171
2.351564,861.833
2.490626,837.2695
2.629689,814.7124
2.768751,793.9042
3.046876,756.714
3.325001,724.3666
3.603126,695.8995
3.881251,670.5977
4.159376,647.9177
4.437501,627.4382
4.715626,608.8265
4.993751,591.8163
5.271876,576.1916
5.550001,561.7748
6.106251,535.9998
6.662501,513.5728
7.218751,493.8296
7.775001,476.2768
8.331251,460.5388
8.887501,446.3246
9.443751,433.4041
10.0,421.5933
10.625,409.0183
11.25,397.539
11.875,387.0066
12.5,377.299
13.75,359.7945
15.0,344.6023
16.0,333.7048
17.0,323.8209
18.5,310.4659
20.0,298.7068
21.25,289.7953
22.5,281.6736
23.75,274.2335
25.0,267.3863
26.25,260.9542
27.5,254.9911
30.0,244.2665
32.5,234.7289
35.0,226.298
37.5,218.6666
40.0,211.814
42.5,205.4859
45.0,199.7369
47.5,194.486
50.0,189.6674
52.5,185.1001
55.0,180.8788
60.0,173.3195
63.0,169.1435
66.0,165.2883
69.0,161.7165
72.0,158.3962
75.25,154.9406
78.5,151.7302
85.0,145.9438
88.75,142.8287
92.5,139.9336
100.0,134.7131
106.25,130.7189
112.5,127.085
118.75,123.7613
125.0,120.7069
131.25,117.8258
137.5,115.1581
143.75,112.6791
150.0,110.3681
160.0,106.916
170.0,103.797
177.5,101.6077
185.0,99.56415
200.0,95.85601
212.5,93.03122
225.0,90.46189
237.5,88.11233
250.0,85.95339
262.5,83.91629
275.0,82.0302
287.5,80.27766
300.0,78.64388
325.0,75.62784
350.0,72.96285
375.0,70.55039
400.0,68.38367
425.0,66.38767
450.0,64.5717
475.0,62.91061
500.0,61.38384
525.0,59.94489
550.0,58.61171
575.0,57.37213
600.0,56.21581
630.0,54.90205
660.0,53.68508
690.0,52.55371
720.0,51.4985
760.0,50.17685
800.0,48.9624
850.0,47.55277
900.0,46.26917
950.0,45.09403
1000.0,44.01304
1062.5,42.75318
1125.0,41.60552
1187.5,40.55447
1250.0,39.58727
1312.5,38.67901
1375.0,37.83671
1437.5,37.05279
1500.0,36.32087
1600.0,35.23216
1700.0,34.24546
1775.0,33.55647
1850.0,32.91178
1925.0,32.30687
2000.0,31.73782
2125.0,30.84894
2250.0,30.03826
2375.0,29.29496
2500.0,28.61024
2625.0,27.96949
2750.0,27.37458
2875.0,26.82032
3000.0,26.30229
3125.0,25.81262
3250.0,25.35238
3500.0,24.5092
3750.0,23.7496
4000.0,23.06429
4250.0,22.43813
4500.0,21.86606
4750.0,21.34072
5000.0,20.85603
5250.0,20.4047
5500.0,19.98497
5750.0,19.5933
6000.0,19.22669
6250.0,18.88199
6500.0,18.55753
7000.0,17.96188
7500.0,17.42663
8000.0,16.94245
8500.0,16.5022
9000.0,16.09898
9500.0,15.72782
10000.0,15.38466
10625.0,14.99189
11250.0,14.6318
11875.0,14.30005
12500.0,13.99305
13125.0,13.70997
13750.0,13.44592
14375.0,13.19884
15000.0,12.96695
16000.0,12.62642
17000.0,12.31537
18500.0,11.89909
20000.0,11.52867
21250.0,11.25322
22500.0,10.99992
23750.0,10.76588
25000.0,10.54873
26250.0,10.35001
27500.0,10.16418
30000.0,9.825936
32500.0,9.530467
35000.0,9.265122
37500.0,9.028813
40000.0,8.813382
42500.0,8.620036
45000.0,8.441717
47500.0,8.276513
50000.0,8.122838
55000.0,7.852077
60000.0,7.612892
65000.0,7.404465
70000.0,7.216627
73108.1,7.019935
76216.2,6.836653
76452.69,6.839945
76689.18,6.843253
77162.15,6.849921
77635.13,6.856654
78108.1,6.863451
79054.05,6.877228
80000.0,6.89124
82499.99,6.810741
84999.98,6.734109
89999.95,6.591328
94999.93,6.460923
99999.9,6.34128
100000.1,6.405467
109483.6,6.23747
118967.1,6.088366
128450.6,5.95477
137934.0,5.834099
137934.3,5.834095
138311.4,5.830112
138688.5,5.826143
139442.6,5.818248
140950.8,5.802625
142459.0,5.787219
143967.2,5.772026
145475.4,5.757039
146983.6,5.742256
150000.0,5.713275
150781.3,5.707325
151562.5,5.701416
153125.0,5.689709
154687.5,5.678153
156250.0,5.666741
159375.0,5.644342
162500.0,5.622489
165625.0,5.601158
168750.0,5.580327
171875.0,5.559976
175000.0,5.540085
181250.0,5.50161
187500.0,5.464768
193750.0,5.429439
200000.0,5.395516
201364.0,5.389921
202124.0,5.387581
202883.9,5.385253
204403.8,5.380638
205923.7,5.376075
207443.5,5.371562
210483.3,5.362686
213523.0,5.354003
216562.8,5.345507
219602.5,5.337191
225682.0,5.321076
231761.5,5.305613
237841.0,5.29076
243920.5,5.27648
250000.0,5.262739
256250.0,5.258789
262500.0,5.255133
268750.0,5.251751
275000.0,5.248626
281250.0,5.245739
287500.0,5.243075
300000.0,5.238361
306250.0,5.253177
312500.0,5.267828
325000.0,5.29664
337500.0,5.324815
350000.0,5.352373
362500.0,5.37933
375000.0,5.405711
387500.0,5.431531
400000.0,5.456812
425000.0,5.505828
450000.0,5.552902
475000.0,5.598168
500000.0,5.641749
512500.0,5.68725
525000.0,5.73187
537500.0,5.77564
550000.0,5.818592
562500.0,5.860755
575000.0,5.902156
587500.0,5.942822
600000.0,5.982778
612500.0,6.022049
625000.0,6.060655
637500.0,6.09862
650000.0,6.135964
662500.0,6.172708
675000.0,6.208867
687500.0,6.244464
700000.0,6.279513
712500.0,6.317982
725000.0,6.355906
737500.0,6.393301
750000.0,6.430183
762500.0,6.466564
775000.0,6.502458
787500.0,6.537881
800000.0,6.572841
812500.0,6.605413
825000.0,6.637595
837500.0,6.669393
850000.0,6.700819
862500.0,6.73188
875000.0,6.762587
887500.0,6.792945
900000.0,6.822964
912500.0,6.848971
925000.0,6.874713
937500.0,6.900193
950000.0,6.925418
962500.0,6.950394
975000.0,6.975123
987500.0,6.999613
1000000.0,7.023867
1007813.0,7.034019
1015625.0,7.044119
1023438.0,7.054172
1031250.0,7.064174
1039063.0,7.074129
1046875.0,7.084032
1054688.0,7.093891
1062500.0,7.1037
1070313.0,7.113462
1078125.0,7.123178
1085938.0,7.132848
1093750.0,7.142471
1101563.0,7.152049
1109375.0,7.161581
1117188.0,7.17107
1125000.0,7.180513
1132813.0,7.189912
1140625.0,7.199268
1148438.0,7.208582
1156250.0,7.217851
1164063.0,7.227078
1171875.0,7.236263
1179688.0,7.245407
1187500.0,7.254509
1195313.0,7.26357
1203125.0,7.27259
1210938.0,7.281572
1218750.0,7.29051
1226563.0,7.299411
1234375.0,7.308271
1242188.0,7.317095
1250000.0,7.325877
1257813.0,7.328563
1265625.0,7.331245
1273438.0,7.333925
1281250.0,7.336604
1289063.0,7.339279
1296875.0,7.341951
1304688.0,7.34462
1312500.0,7.347286
1320313.0,7.34995
1328125.0,7.35261
1335938.0,7.355266
1343750.0,7.357919
1351563.0,7.360571
1359375.0,7.363217
1367188.0,7.365859
1375000.0,7.368498
1382813.0,7.371133
1390625.0,7.373764
1398438.0,7.376391
1406250.0,7.379014
1414063.0,7.381634
1421875.0,7.384249
1429688.0,7.386859
1437500.0,7.389465
1445313.0,7.392069
1453125.0,7.394667
1460938.0,7.397259
1468750.0,7.39985
1476563.0,7.402434
1484375.0,7.405014
1492188.0,7.40759
1500000.0,7.41016
1507813.0,7.408319
1515625.0,7.406494
1523438.0,7.404687
1531250.0,7.402897
1539063.0,7.401121
1546875.0,7.399363
1554688.0,7.39762
1562500.0,7.395893
1570313.0,7.394181
1578125.0,7.392485
1585938.0,7.390802
1593750.0,7.389135
1601563.0,7.387482
1609375.0,7.385843
1617188.0,7.38422
1625000.0,7.382609
1632813.0,7.381011
1640625.0,7.379427
1648438.0,7.377857
1656250.0,7.376299
1664063.0,7.374754
1671875.0,7.373222
1679688.0,7.371702
1687500.0,7.370195
1695313.0,7.3687
1703125.0,7.367217
1710938.0,7.365744
1718750.0,7.364285
1726563.0,7.362837
1734375.0,7.3614
1742188.0,7.359974
1750000.0,7.358559
1757813.0,7.354078
1765625.0,7.349623
1773438.0,7.345191
1781250.0,7.340785
1789063.0,7.336403
1796875.0,7.332045
1804688.0,7.327709
1812500.0,7.323399
1820313.0,7.31911
1828125.0,7.314846
1835938.0,7.310603
1843750.0,7.306384
1851563.0,7.302185
1859375.0,7.298009
1867188.0,7.293854
1875000.0,7.289723
1882813.0,7.285611
1890625.0,7.28152
1898438.0,7.277451
1906250.0,7.273402
1914063.0,7.269373
1921875.0,7.265364
1929688.0,7.261376
1937500.0,7.257407
1945313.0,7.253457
1953125.0,7.249528
1960938.0,7.245618
1968750.0,7.241726
1976563.0,7.237853
1984375.0,7.233998
1992188.0,7.230164
2000000.0,7.226346
2006569.0,7.219274
2013137.0,7.212234
2019705.0,7.205226
2026273.0,7.19825
2032841.0,7.191304
2039409.0,7.184387
2045977.0,7.177502
2052545.0,7.170648
2059114.0,7.163822
2065682.0,7.157025
2072250.0,7.150258
2078818.0,7.143519
2085386.0,7.136811
2091954.0,7.130131
2098522.0,7.123479
2105090.0,7.116855
2111659.0,7.110257
2118227.0,7.10369
2124795.0,7.097148
2131363.0,7.090635
2137931.0,7.084148
2144499.0,7.077689
2151067.0,7.071255
2157635.0,7.064848
2164204.0,7.058466
2170772.0,7.052112
2177340.0,7.045784
2183908.0,7.03948
2190476.0,7.033202
2197044.0,7.02695
2203612.0,7.020721
2210180.0,7.014519
2216749.0,7.00834
2223317.0,7.002186
2229885.0,6.996057
2236453.0,6.989951
2243021.0,6.983869
2249589.0,6.977811
2256157.0,6.971778
2262725.0,6.965767
2269294.0,6.959778
2275862.0,6.953814
2282430.0,6.947873
2288998.0,6.941952
2295566.0,6.936056
2302134.0,6.930183
2308702.0,6.924331
2315270.0,6.918501
2321839.0,6.912693
2328407.0,6.906907
2334975.0,6.901142
2341543.0,6.895399
2348111.0,6.889678
2354679.0,6.883977
2361247.0,6.878297
2367815.0,6.872639
2374384.0,6.867
2380952.0,6.861382
2387520.0,6.855785
2394088.0,6.850209
2400656.0,6.844653
2407224.0,6.839116
2413792.0,6.833599
2420360.0,6.828103
2426929.0,6.822625
2433497.0,6.817166
2440065.0,6.811728
2446633.0,6.806309
2453201.0,6.80091
2459769.0,6.795529
2466337.0,6.790166
2472905.0,6.784823
2479474.0,6.779497
2486042.0,6.77419
2492610.0,6.768902
2499178.0,6.763632
2505746.0,6.758381
2512314.0,6.753147
2518882.0,6.747932
2525450.0,6.742732
2532019.0,6.737551
2538587.0,6.73239
2545155.0,6.727244
2551723.0,6.722116
2558291.0,6.717004
2564859.0,6.711911
2571427.0,6.706834
2577995.0,6.701774
2584564.0,6.69673
2591132.0,6.691704
2597700.0,6.686694
2604268.0,6.6817
2610836.0,6.676724
2617404.0,6.671763
2623972.0,6.666818
2630540.0,6.66189
2637109.0,6.656977
2643677.0,6.65208
2650245.0,6.647199
2656813.0,6.642333
2663381.0,6.637484
2669949.0,6.63265
2676517.0,6.627831
2683085.0,6.623028
2689654.0,6.61824
2696222.0,6.613466
2702790.0,6.608707
2709358.0,6.603964
2715926.0,6.599237
2722494.0,6.594523
2729062.0,6.589824
2735630.0,6.58514
2742199.0,6.580469
2748767.0,6.575814
2755335.0,6.571173
2761903.0,6.566547
2768471.0,6.561934
2775039.0,6.557336
2781607.0,6.552753
2788175.0,6.548182
2794744.0,6.543624
2801312.0,6.539083
2807880.0,6.534553
2814448.0,6.530038
2821016.0,6.525535
2827584.0,6.521047
2834152.0,6.516573
2840720.0,6.512111
2850675.0,6.50536
2860630.0,6.498641
2870585.0,6.491949
2880540.0,6.48529
2890495.0,6.478659
2900450.0,6.472056
2910405.0,6.465484
2920360.0,6.45894
2930315.0,6.452424
2940270.0,6.445938
2950225.0,6.439478
2960180.0,6.433048
2970135.0,6.426643
2980090.0,6.420267
2990045.0,6.413918
3000000.0,6.407596
3011482.0,6.395092
3022963.0,6.382669
3034444.0,6.370323
3045925.0,6.358056
3057407.0,6.345863
3068888.0,6.33375
3080369.0,6.32171
3091850.0,6.309746
3103332.0,6.297854
3114813.0,6.286037
3126294.0,6.27429
3137775.0,6.262616
3149257.0,6.251011
3160738.0,6.239478
3172219.0,6.228013
3183700.0,6.216617
3195182.0,6.20519
3206664.0,6.19383
3218146.0,6.182537
3229628.0,6.171312
3241110.0,6.160152
3252592.0,6.149056
3264074.0,6.138027
3275555.0,6.127061
3287037.0,6.116159
3298519.0,6.105319
3310001.0,6.094542
3321483.0,6.083824
3332965.0,6.073168
3344447.0,6.062573
3355929.0,6.052037
3367410.0,6.041562
3378892.0,6.031066
3390374.0,6.020629
3401856.0,6.010249
3413338.0,5.999927
3424820.0,5.989663
3436302.0,5.979453
3447784.0,5.969302
3459265.0,5.959205
3470747.0,5.949163
3482229.0,5.939176
3493711.0,5.929242
3505193.0,5.919361
3516675.0,5.909534
3528157.0,5.899759
3539639.0,5.890036
3551120.0,5.880366
3562602.0,5.870679
3574084.0,5.861044
3585566.0,5.851459
3597048.0,5.841924
3608530.0,5.832441
3620012.0,5.823005
3631494.0,5.813619
3642975.0,5.804282
3654457.0,5.794991
3665939.0,5.785749
3677421.0,5.776554
3688903.0,5.767405
3700385.0,5.758302
3711867.0,5.749247
3723349.0,5.740237
3734830.0,5.731272
3751403.0,5.718344
3767975.0,5.70551
3784548.0,5.692766
3801120.0,5.680114
3817693.0,5.667552
3834265.0,5.655078
3850838.0,5.642692
3867410.0,5.630392
3883984.0,5.618125
3900558.0,5.605942
3917132.0,5.593845
3933705.0,5.581831
3950279.0,5.569898
3966853.0,5.558047
3983427.0,5.546274
4000000.0,5.534583
4031250.0,5.508151
4062500.0,5.482088
4093750.0,5.456311
4125000.0,5.430886
4156250.0,5.405732
4187500.0,5.380917
4218750.0,5.356368
4250000.0,5.332145
4281250.0,5.308172
4312500.0,5.28451
4343750.0,5.261094
4375000.0,5.237977
4406250.0,5.2151
4437500.0,5.192511
4468750.0,5.170148
4500000.0,5.148064
4531250.0,5.126198
4562500.0,5.104602
4593750.0,5.08322
4625000.0,5.062098
4656250.0,5.041175
4687500.0,5.020501
4718750.0,5.000026
4750000.0,4.979794
4781250.0,4.959752
4812500.0,4.939944
4843750.0,4.920323
4875000.0,4.900928
4906250.0,4.881705
4937500.0,4.862701
4968750.0,4.843871
5000000.0,4.825251
5007393.0,4.822184
5014785.0,4.819125
5022178.0,4.816073
5029570.0,4.813032
5036963.0,4.809997
5044355.0,4.80697
5051748.0,4.803951
5059140.0,4.800941
5066534.0,4.797923
5073928.0,4.794914
5081322.0,4.791913
5088715.0,4.78892
5096109.0,4.785933
5103503.0,4.782957
5110897.0,4.779986
5118290.0,4.777025
5125684.0,4.774058
5133078.0,4.771097
5140472.0,4.768145
5147865.0,4.765202
5155259.0,4.762265
5162653.0,4.759336
5170047.0,4.756415
5177440.0,4.753502
5184834.0,4.750584
5192228.0,4.747674
5199622.0,4.744771
5207015.0,4.741877
5214409.0,4.73899
5221803.0,4.736109
5229197.0,4.733236
5236590.0,4.730372
5243984.0,4.7275
5251378.0,4.724635
5258772.0,4.721779
5266165.0,4.718929
5273559.0,4.716087
5280953.0,4.713252
5288347.0,4.710423
5295740.0,4.707603
5303134.0,4.704776
5310528.0,4.701957
5317922.0,4.699143
5325315.0,4.696338
5332709.0,4.69354
5340103.0,4.690748
5347497.0,4.687964
5354890.0,4.685187
5362284.0,4.682406
5369678.0,4.679632
5377072.0,4.676864
5384465.0,4.674104
5391859.0,4.67135
5399253.0,4.668604
5406647.0,4.665863
5414040.0,4.663132
5421434.0,4.660393
5428828.0,4.657662
5436222.0,4.654937
5443615.0,4.65222
5451009.0,4.649508
5458403.0,4.646805
5465797.0,4.644107
5473190.0,4.641417
5477230.0,4.639948
5484118.0,4.637439
5491005.0,4.634937
5497893.0,4.63244
5504780.0,4.629948
5511668.0,4.627462
5518555.0,4.624983
5525443.0,4.622508
5532330.0,4.62004
5539724.0,4.617385
5547118.0,4.614738
5554512.0,4.612095
5561905.0,4.60946
5569299.0,4.606832
5576693.0,4.604209
5584087.0,4.601593
5591480.0,4.598984
5598874.0,4.59637
5606268.0,4.593762
5613662.0,4.591159
5621055.0,4.588565
5628449.0,4.585976
5635843.0,4.583393
5643237.0,4.580817
5650630.0,4.578246
5658024.0,4.57567
5665418.0,4.573099
5672812.0,4.570535
5680205.0,4.567978
5687599.0,4.565425
5694993.0,4.56288
5702387.0,4.56034
5709780.0,4.557807
5717174.0,4.55527
5724568.0,4.552738
5731962.0,4.550212
5739355.0,4.547694
5746749.0,4.545181
5754143.0,4.542673
5761537.0,4.540172
5768930.0,4.537677
5776324.0,4.535175
5783718.0,4.53268
5791112.0,4.530191
5798505.0,4.527708
5805899.0,4.525231
5813293.0,4.52276
5820687.0,4.520294
5828080.0,4.517834
5835474.0,4.515369
5842868.0,4.512911
5850262.0,4.510458
5857655.0,4.508011
5865049.0,4.50557
5872443.0,4.503135
5879837.0,4.500704
5887230.0,4.49828
5894624.0,4.49585
5902018.0,4.493428
5909412.0,4.491009
5916805.0,4.488597
5924199.0,4.486191
5931593.0,4.48379
5938987.0,4.481394
5946380.0,4.479004
5946390.0,4.479004
5953092.0,4.476835
5959793.0,4.474669
5966494.0,4.472509
5973195.0,4.470353
5979897.0,4.468202
5986598.0,4.466054
5993299.0,4.463912
6000000.0,4.461774
6007588.0,4.460542
6015175.0,4.459318
6022763.0,4.458101
6030350.0,4.456892
6037938.0,4.455691
6045525.0,4.454497
6053113.0,4.45331
6060700.0,4.45213
6071640.0,4.449899
6082580.0,4.447688
6093520.0,4.445495
6104460.0,4.443321
6115400.0,4.441166
6126340.0,4.43903
6137280.0,4.436912
6148220.0,4.434812
6159160.0,4.432732
6170100.0,4.430669
6181040.0,4.428625
6191980.0,4.4266
6202920.0,4.424593
6213860.0,4.422605
6224800.0,4.420633
6235740.0,4.41868
6243397.0,4.417305
6251053.0,4.415939
6258709.0,4.414582
6266365.0,4.413233
6274022.0,4.411894
6281678.0,4.410562
6289334.0,4.409239
6296990.0,4.407926
6304647.0,4.406621
6312303.0,4.405325
6319959.0,4.404036
6327615.0,4.402757
6335272.0,4.401486
6342928.0,4.400224
6350584.0,4.39897
6358240.0,4.397724
6365897.0,4.396488
6373553.0,4.395259
6381209.0,4.39404
6388865.0,4.392828
6396522.0,4.391625
6404178.0,4.390429
6411834.0,4.389243
6419490.0,4.388064
6427147.0,4.386895
6434803.0,4.385732
6442459.0,4.38458
6450115.0,4.383434
6457772.0,4.382297
6465428.0,4.381169
6473084.0,4.380048
6480740.0,4.378935
6488698.0,4.377766
6496655.0,4.376604
6504612.0,4.375452
6512569.0,4.374309
6520527.0,4.373174
6528484.0,4.372048
6536441.0,4.370931
6544398.0,4.369822
6552356.0,4.368722
6560313.0,4.367632
6568270.0,4.366548
6576227.0,4.365473
6584184.0,4.364408
6592141.0,4.363351
6600098.0,4.362303
6608055.0,4.361262
6616013.0,4.360231
6623970.0,4.359207
6631927.0,4.358192
6639884.0,4.357185
6647842.0,4.356187
6655799.0,4.355197
6663756.0,4.354216
6671713.0,4.353243
6679671.0,4.352277
6687628.0,4.351321
6695585.0,4.350372
6703542.0,4.349431
6711499.0,4.3485
6719456.0,4.347576
6727413.0,4.34666
6735370.0,4.345752
6741540.0,4.345041
6747710.0,4.344333
6753880.0,4.34363
6760049.0,4.342932
6766219.0,4.342239
6772389.0,4.341551
6778559.0,4.340868
6784728.0,4.34019
6790898.0,4.339516
6797068.0,4.338848
6803238.0,4.338184
6809407.0,4.337524
6815577.0,4.33687
6821746.0,4.336221
6827916.0,4.335575
6834085.0,4.334935
6840255.0,4.3343
6846425.0,4.333669
6852595.0,4.333044
6858764.0,4.332423
6864934.0,4.331806
6871104.0,4.331194
6877274.0,4.330587
6883443.0,4.329985
6889613.0,4.329387
6895783.0,4.328794
6901953.0,4.328206
6908122.0,4.327622
6914292.0,4.327043
6920461.0,4.326469
6926631.0,4.325899
6932800.0,4.325333
6941200.0,4.324183
6949600.0,4.323041
6958000.0,4.321908
6966400.0,4.320784
6974800.0,4.31967
6983200.0,4.318564
6991600.0,4.317467
7000000.0,4.316379
7007426.0,4.315145
7014852.0,4.313918
7022278.0,4.312698
7029703.0,4.311484
7037129.0,4.310278
7044554.0,4.309078
7051980.0,4.307886
7059405.0,4.306699
7066831.0,4.305521
7074257.0,4.304348
7081683.0,4.303183
7089108.0,4.302024
7096534.0,4.300872
7103959.0,4.299727
7111385.0,4.298588
7118810.0,4.297456
7126236.0,4.296331
7133662.0,4.295213
7141088.0,4.294101
7148513.0,4.292996
7155939.0,4.291898
7163364.0,4.290806
7170790.0,4.289721
7178215.0,4.288644
7185641.0,4.28757
7193067.0,4.286505
7200493.0,4.285447
7207918.0,4.284395
7215344.0,4.28335
7222769.0,4.282309
7230195.0,4.281277
7237620.0,4.280251
7245298.0,4.279201
7252976.0,4.278158
7260654.0,4.277122
7268332.0,4.276093
7276010.0,4.27507
7283688.0,4.274054
7291366.0,4.273046
7299043.0,4.272043
7306721.0,4.271049
7314399.0,4.27006
7322077.0,4.269079
7329754.0,4.268105
7337432.0,4.267136
7345110.0,4.266175
7352788.0,4.26522
7360465.0,4.264273
7368143.0,4.263332
7375821.0,4.262397
7383499.0,4.26147
7391177.0,4.260548
7398855.0,4.259634
7406533.0,4.258725
7414211.0,4.257825
7421888.0,4.256931
7429566.0,4.256043
7437244.0,4.255161
7444922.0,4.254286
7452599.0,4.253418
7460277.0,4.252556
7467955.0,4.251701
7475633.0,4.250852
7483310.0,4.25001
7491311.0,4.249146
7499311.0,4.248288
7507312.0,4.247439
7515312.0,4.246596
7523313.0,4.245759
7531313.0,4.24493
7539314.0,4.244108
7547314.0,4.243292
7555315.0,4.242484
7563315.0,4.241682
7571316.0,4.240888
7579316.0,4.240099
7587317.0,4.239319
7595317.0,4.238544
7603318.0,4.237777
7611318.0,4.237017
7619319.0,4.236263
7627319.0,4.235515
7635320.0,4.234776
7643320.0,4.234043
7651321.0,4.233317
7659321.0,4.232596
7667322.0,4.231883
7675322.0,4.231176
7683323.0,4.230477
7691323.0,4.229784
7699324.0,4.229098
7707324.0,4.228418
7715325.0,4.227745
7723325.0,4.227077
7731325.0,4.226418
7739325.0,4.225765
7747326.0,4.225118
7755326.0,4.224479
7763327.0,4.223845
7771327.0,4.223218
7779328.0,4.222596
7787328.0,4.221983
7795329.0,4.221375
7803329.0,4.220775
7811330.0,4.22018
7819330.0,4.219593
7827331.0,4.21901
7835331.0,4.218435
7843332.0,4.217866
7851332.0,4.217304
7859333.0,4.216747
7867333.0,4.216198
7875334.0,4.215655
7883334.0,4.215118
7891335.0,4.214588
7899335.0,4.214063
7907336.0,4.213545
7915336.0,4.213035
7923337.0,4.212528
7931337.0,4.21203
7939338.0,4.211537
7947338.0,4.21105
7955339.0,4.21057
7963339.0,4.210097
7971340.0,4.209628
7979340.0,4.209167
7987340.0,4.208711
7995340.0,4.208262
8000000.0,4.207787
8007583.0,4.207257
8015165.0,4.206729
8022748.0,4.206204
8030330.0,4.205682
8037913.0,4.205162
8045495.0,4.204643
8053078.0,4.204128
8060660.0,4.203615
8068243.0,4.203102
8075825.0,4.202594
8083408.0,4.202088
8090990.0,4.201584
8098573.0,4.201082
8106155.0,4.200583
8113738.0,4.200086
8121320.0,4.19959
8128903.0,4.199098
8136485.0,4.198608
8144068.0,4.19812
8151650.0,4.197634
8159233.0,4.197151
8166815.0,4.19667
8174398.0,4.196191
8181980.0,4.195715
8189563.0,4.19524
8197145.0,4.194768
8204728.0,4.194298
8212310.0,4.193831
8219893.0,4.193366
8227475.0,4.192902
8235058.0,4.192441
8242640.0,4.191984
8250223.0,4.191526
8257805.0,4.191073
8265388.0,4.190622
8272970.0,4.190171
8280553.0,4.189724
8288135.0,4.189279
8295718.0,4.188836
8303300.0,4.188395
8310883.0,4.187956
8318465.0,4.187521
8326048.0,4.187085
8333630.0,4.186654
8341213.0,4.186224
8348795.0,4.185795
8356378.0,4.18537
8363960.0,4.184948
8371543.0,4.184526
8379125.0,4.184107
8386708.0,4.183691
8394290.0,4.183276
8401873.0,4.182863
8409455.0,4.182452
8417038.0,4.182045
8424620.0,4.181639
8432203.0,4.181234
8439785.0,4.180833
8447368.0,4.180433
8454950.0,4.180035
8462533.0,4.17964
8470115.0,4.179247
8477698.0,4.178857
8485280.0,4.178467
8493323.0,4.178055
8501365.0,4.177646
8509408.0,4.17724
8517450.0,4.176835
8525493.0,4.176434
8533535.0,4.176034
8541578.0,4.175636
8549620.0,4.175242
8557663.0,4.174848
8565705.0,4.174458
8573748.0,4.17407
8581790.0,4.173685
8589833.0,4.173301
8597875.0,4.172921
8605918.0,4.172543
8613960.0,4.172166
8622003.0,4.171792
8630045.0,4.17142
8638088.0,4.17105
8646130.0,4.170684
8654173.0,4.170319
8662215.0,4.169956
8670258.0,4.169595
8678300.0,4.169238
8686343.0,4.168882
8694385.0,4.168529
8702428.0,4.168178
8710470.0,4.167829
8718513.0,4.167482
8726555.0,4.167137
8734598.0,4.166795
8742640.0,4.166456
8750683.0,4.166118
8758725.0,4.165783
8766768.0,4.165449
8774810.0,4.165118
8782853.0,4.16479
8790895.0,4.164462
8798938.0,4.164138
8806980.0,4.163816
8815023.0,4.163497
8823065.0,4.163178
8831108.0,4.162863
8839150.0,4.16255
8847193.0,4.162238
8855235.0,4.161929
8863278.0,4.161623
8871320.0,4.161319
8879363.0,4.161016
8887405.0,4.160716
8895448.0,4.160418
8903490.0,4.160123
8911533.0,4.159828
8919575.0,4.159537
8927618.0,4.159248
8935660.0,4.15896
8943703.0,4.158675
8951745.0,4.158393
8959788.0,4.158112
8967830.0,4.157833
8975873.0,4.157557
8983915.0,4.157283
8991958.0,4.157011
9000000.0,4.156741
9008507.0,4.157087
9017013.0,4.157433
9025519.0,4.157781
9034025.0,4.158129
9042532.0,4.15848
9051038.0,4.15883
9059544.0,4.159182
9068050.0,4.159534
9075153.0,4.159798
9082256.0,4.16006
9089359.0,4.160324
9096462.0,4.160589
9103565.0,4.160853
9110668.0,4.161119
9117771.0,4.161383
9124873.0,4.161649
9131976.0,4.161915
9139079.0,4.162182
9146182.0,4.162448
9153284.0,4.162715
9160387.0,4.162982
9167490.0,4.163251
9174593.0,4.163519
9181695.0,4.163787
9188798.0,4.164056
9195901.0,4.164325
9203004.0,4.164594
9210107.0,4.164865
9217210.0,4.165135
9224313.0,4.165405
9231416.0,4.165676
9238518.0,4.165948
9245621.0,4.166219
9252724.0,4.166491
9259827.0,4.166764
9266929.0,4.167035
9274032.0,4.167309
9281135.0,4.167582
9288238.0,4.167856
9295340.0,4.16813
9302443.0,4.168404
9309546.0,4.168679
9316649.0,4.168954
9323752.0,4.16923
9330855.0,4.169506
9337958.0,4.169783
9345061.0,4.170058
9352163.0,4.170335
9359266.0,4.170613
9366369.0,4.17089
9373472.0,4.171168
9380574.0,4.171447
9387677.0,4.171724
9394780.0,4.172003
9401883.0,4.172282
9408985.0,4.172562
9416088.0,4.172842
9423191.0,4.173122
9430294.0,4.173402
9437397.0,4.173684
9444500.0,4.173965
9451603.0,4.174246
9458706.0,4.174528
9465808.0,4.17481
9472911.0,4.175093
9480014.0,4.175376
9487117.0,4.175659
9494219.0,4.175942
9501322.0,4.176226
9508425.0,4.17651
9515528.0,4.176795
9522630.0,4.17708
9530089.0,4.177363
9537548.0,4.177649
9545007.0,4.177934
9552466.0,4.17822
9559925.0,4.178506
9567384.0,4.178791
9574843.0,4.179078
9582302.0,4.179364
9589761.0,4.179652
9597220.0,4.179939
9604679.0,4.180227
9612138.0,4.180515
9619597.0,4.180805
9627056.0,4.181094
9634515.0,4.181383
9641973.0,4.181672
9649432.0,4.181962
9656891.0,4.182253
9664350.0,4.182544
9671809.0,4.182834
9679268.0,4.183126
9686727.0,4.183419
9694186.0,4.183711
9701644.0,4.184004
9709103.0,4.184296
9716562.0,4.184589
9724021.0,4.184883
9731480.0,4.185178
9738939.0,4.185471
9746398.0,4.185766
9753857.0,4.186061
9761315.0,4.186357
9768774.0,4.186653
9776233.0,4.186948
9783692.0,4.187245
9791151.0,4.187542
9798610.0,4.18784
9806069.0,4.188137
9813528.0,4.188435
9820987.0,4.188733
9828446.0,4.189032
9835905.0,4.189331
9843364.0,4.189631
9850823.0,4.189929
9858282.0,4.190229
9865741.0,4.19053
9873200.0,4.190831
9880658.0,4.191131
9888117.0,4.191433
9895576.0,4.191735
9903035.0,4.192037
9910494.0,4.19234
9917953.0,4.192642
9925412.0,4.192945
9932871.0,4.193248
9940329.0,4.193553
9947788.0,4.193857
9955247.0,4.194161
9962706.0,4.194466
9970165.0,4.194771
9977624.0,4.195077
9985083.0,4.195382
9992542.0,4.195688
10000000.0,4.195995
10007210.0,4.197112
10014420.0,4.198231
10021630.0,4.199347
10028840.0,4.200465
10036050.0,4.201582
10043260.0,4.2027
10050470.0,4.203818
10057680.0,4.204935
10064890.0,4.206053
10072100.0,4.20717
10079310.0,4.208288
10086520.0,4.209405
10093730.0,4.210522
10100940.0,4.21164
10108150.0,4.212758
10115350.0,4.213873
10122560.0,4.214991
10129770.0,4.216108
10136980.0,4.217226
10144190.0,4.218343
10151400.0,4.219461
10158610.0,4.220579
10165820.0,4.221696
10173030.0,4.222814
10180240.0,4.223931
10187450.0,4.225049
10194660.0,4.226166
10201870.0,4.227284
10209080.0,4.228401
10216290.0,4.229519
10223500.0,4.230636
10230700.0,4.231752
10237910.0,4.23287
10245120.0,4.233987
10252330.0,4.235105
10259540.0,4.236221
10266750.0,4.23734
10273960.0,4.238457
10281170.0,4.239575
10288380.0,4.240692
10295590.0,4.241809
10302800.0,4.242927
10310010.0,4.244045
10317220.0,4.245163
10324430.0,4.24628
10331640.0,4.247398
10338850.0,4.248515
10346050.0,4.24963
10353260.0,4.250748
10360470.0,4.251866
10367680.0,4.252984
10374890.0,4.254101
10382100.0,4.255219
10389310.0,4.256337
10396520.0,4.257454
10403730.0,4.258571
10410940.0,4.259689
10418150.0,4.260807
10425360.0,4.261924
10432570.0,4.263043
10439780.0,4.26416
10446990.0,4.265278
10454200.0,4.266395
10461400.0,4.267511
10469820.0,4.268777
10478240.0,4.270043
10486660.0,4.271309
10495070.0,4.272573
10503490.0,4.27384
10511900.0,4.275102
10520320.0,4.27637
10528730.0,4.277633
10537150.0,4.2789
10545560.0,4.280164
10553980.0,4.28143
10562390.0,4.282694
10570810.0,4.283961
10579220.0,4.285224
10587640.0,4.286492
10596050.0,4.287756
10604470.0,4.289022
10612890.0,4.290288
10621310.0,4.291554
10629720.0,4.292819
10638140.0,4.294084
10646550.0,4.29535
10654970.0,4.296615
10663380.0,4.29788
10671800.0,4.299146
10680210.0,4.300411
10688630.0,4.301678
10697040.0,4.302943
10705460.0,4.304209
10713870.0,4.305474
10722290.0,4.30674
10730700.0,4.308005
10739120.0,4.309272
10747540.0,4.310538
10755960.0,4.311805
10764370.0,4.31307
10772790.0,4.314337
10781200.0,4.315601
10789620.0,4.316869
10798030.0,4.318133
10806450.0,4.3194
10814860.0,4.320665
10823280.0,4.321933
10831690.0,4.323197
10840110.0,4.324465
10848520.0,4.325729
10856940.0,4.326997
10865350.0,4.328263
10873770.0,4.32953
10882190.0,4.330796
10890610.0,4.332064
10899020.0,4.333329
10907440.0,4.334596
10915850.0,4.335862
10924270.0,4.337129
10932680.0,4.338395
10941100.0,4.339661
10949510.0,4.340928
10957930.0,4.342195
10966340.0,4.343461
10974760.0,4.344729
10983170.0,4.345994
10991590.0,4.347261
11000000.0,4.348528
11007650.0,4.349639
11015290.0,4.350748
11022930.0,4.351858
11030570.0,4.352967
11038220.0,4.354077
11045860.0,4.355187
11053500.0,4.356296
11061140.0,4.357406
11068790.0,4.358517
11076430.0,4.359626
11084070.0,4.360736
11091710.0,4.361846
11099360.0,4.362956
11107000.0,4.364066
11114640.0,4.365176
11122280.0,4.366286
11129930.0,4.367396
11137570.0,4.368506
11145210.0,4.369616
11152850.0,4.370727
11160500.0,4.371837
11168140.0,4.372948
11175780.0,4.374058
11183420.0,4.375167
11191070.0,4.376279
11198710.0,4.377389
11206350.0,4.378499
11213990.0,4.37961
11221630.0,4.380719
11229270.0,4.38183
11236910.0,4.382939
11244550.0,4.38405
11252200.0,4.385162
11259840.0,4.386272
11267480.0,4.387383
11275120.0,4.388493
11282770.0,4.389605
11290410.0,4.390716
11298050.0,4.391826
11305690.0,4.392936
11313340.0,4.394048
11320980.0,4.395159
11328620.0,4.39627
11336260.0,4.39738
11343910.0,4.398493
11351550.0,4.399604
11359190.0,4.400714
11366830.0,4.401826
11374480.0,4.402938
11382120.0,4.404048
11389760.0,4.405159
11397400.0,4.40627
11405050.0,4.407382
11412690.0,4.408495
11420330.0,4.409605
11427970.0,4.410717
11435620.0,4.411829
11443260.0,4.41294
11450900.0,4.414052
11458540.0,4.415163
11466180.0,4.416274
11473820.0,4.417387
11481460.0,4.418498
11489100.0,4.41961
11497090.0,4.420748
11505070.0,4.421887
11513060.0,4.423027
11521040.0,4.424165
11529030.0,4.425305
11537010.0,4.426444
11544990.0,4.427583
11552970.0,4.42872
11560960.0,4.42986
11568940.0,4.430999
11576920.0,4.432138
11584900.0,4.433277
11592890.0,4.434417
11600870.0,4.435556
11608850.0,4.436695
11616830.0,4.437834
11624820.0,4.438975
11632800.0,4.440113
11640780.0,4.441253
11648760.0,4.442392
11656750.0,4.443532
11664730.0,4.444671
11672710.0,4.445811
11680690.0,4.446951
11688680.0,4.448091
11696660.0,4.449231
11704640.0,4.450371
11712620.0,4.451511
11720610.0,4.452651
11728590.0,4.453791
11736570.0,4.454931
11744550.0,4.456072
11752540.0,4.457213
11760520.0,4.458353
11768510.0,4.459495
11776490.0,4.460634
11784480.0,4.461777
11792460.0,4.462918
11800440.0,4.464057
11808420.0,4.465199
11816410.0,4.46634
11824390.0,4.46748
11832370.0,4.468621
11840350.0,4.469763
11848340.0,4.470905
11856320.0,4.472045
11864300.0,4.473187
11872280.0,4.474328
11880270.0,4.475471
11888250.0,4.476612
11896230.0,4.477754
11904210.0,4.478895
11912200.0,4.480039
11920180.0,4.481181
11928160.0,4.482322
11936140.0,4.483465
11944130.0,4.484607
11952110.0,4.48575
11960090.0,4.486892
11968070.0,4.488034
11976060.0,4.489179
11984040.0,4.490321
11992020.0,4.491464
12000000.0,4.492606
12007820.0,4.493743
12015630.0,4.494878
12023440.0,4.496013
12031250.0,4.497148
12039070.0,4.498284
12046880.0,4.499419
12054690.0,4.500554
12062500.0,4.501689
12070320.0,4.502825
12078130.0,4.503961
12085940.0,4.505094
12093750.0,4.50623
12101570.0,4.507366
12109380.0,4.5085
12117190.0,4.509635
12125000.0,4.51077
12132820.0,4.511906
12140630.0,4.51304
12148440.0,4.514175
12156250.0,4.51531
12164070.0,4.516446
12171880.0,4.51758
12179690.0,4.518714
12187500.0,4.519848
12195320.0,4.520984
12203130.0,4.522119
12210940.0,4.523253
12218750.0,4.524388
12226570.0,4.525523
12234380.0,4.526657
12242190.0,4.527792
12250000.0,4.528926
12257820.0,4.530061
12265630.0,4.531197
12273440.0,4.53233
12281250.0,4.533465
12289070.0,4.534599
12296880.0,4.535735
12304690.0,4.536869
12312500.0,4.538003
12320320.0,4.539138
12328130.0,4.540272
12335940.0,4.541407
12343750.0,4.54254
12351570.0,4.543676
12359380.0,4.54481
12367190.0,4.545944
12375000.0,4.547078
12382820.0,4.548213
12390630.0,4.549348
12398440.0,4.550482
12406250.0,4.551616
12414070.0,4.552751
12421880.0,4.553885
12429690.0,4.555019
12437500.0,4.556153
12445320.0,4.557289
12453130.0,4.558424
12460940.0,4.559557
12468750.0,4.560691
12476570.0,4.561826
12484380.0,4.562961
12492190.0,4.564094
12500000.0,4.565229
12507820.0,4.566364
12515630.0,4.567498
12523440.0,4.568633
12531250.0,4.569766
12539070.0,4.570902
12546880.0,4.572035
12554690.0,4.57317
12562500.0,4.574305
12570320.0,4.57544
12578130.0,4.576574
12585940.0,4.577707
12593750.0,4.578842
12601570.0,4.579978
12609380.0,4.581112
12617190.0,4.582246
12625000.0,4.58338
12632820.0,4.584516
12640630.0,4.585649
12648440.0,4.586785
12656250.0,4.587919
12664070.0,4.589054
12671880.0,4.590189
12679690.0,4.591323
12687500.0,4.592457
12695320.0,4.593593
12703130.0,4.594728
12710940.0,4.595863
12718750.0,4.596997
12726570.0,4.598134
12734380.0,4.599267
12742190.0,4.600402
12750000.0,4.601538
12757820.0,4.602673
12765630.0,4.603808
12773440.0,4.604942
12781250.0,4.606077
12789070.0,4.607213
12796880.0,4.608348
12804690.0,4.609484
12812500.0,4.610618
12820320.0,4.611755
12828130.0,4.61289
12835940.0,4.614026
12843750.0,4.615159
12851570.0,4.616297
12859380.0,4.617432
12867190.0,4.618567
12875000.0,4.619703
12882820.0,4.620839
12890630.0,4.621975
12898440.0,4.62311
12906250.0,4.624246
12914070.0,4.625384
12921880.0,4.626519
12929690.0,4.627655
12937500.0,4.62879
12945320.0,4.629928
12953130.0,4.631064
12960940.0,4.6322
12968750.0,4.633336
12976570.0,4.634473
12984380.0,4.63561
12992190.0,4.636746
13000000.0,4.637883
13010520.0,4.63935
13021030.0,4.640816
13031540.0,4.642282
13042050.0,4.643748
13052570.0,4.645216
13063080.0,4.646681
13073590.0,4.648149
13084100.0,4.649614
13094620.0,4.651082
13105130.0,4.652549
13115640.0,4.654014
13126150.0,4.655481
13136670.0,4.656949
13147180.0,4.658415
13157690.0,4.659882
13168200.0,4.661349
13178720.0,4.662817
13189230.0,4.664283
13199740.0,4.66575
13210250.0,4.667217
13220770.0,4.668685
13231280.0,4.670152
13241790.0,4.671619
13252300.0,4.673086
13262820.0,4.674555
13273330.0,4.676023
13283840.0,4.677489
13294350.0,4.678957
13304870.0,4.680426
13315380.0,4.681893
13325890.0,4.683361
13336400.0,4.684829
13346920.0,4.686298
13357430.0,4.687767
13367940.0,4.689234
13378450.0,4.690703
13388970.0,4.692172
13399480.0,4.69364
13409990.0,4.695109
13420500.0,4.696577
13431020.0,4.698048
13441530.0,4.699516
13452040.0,4.700985
13462550.0,4.702454
13473070.0,4.703925
13483580.0,4.705394
13494090.0,4.706863
13504600.0,4.708334
13515120.0,4.709804
13525630.0,4.711273
13536140.0,4.712744
13546650.0,4.714213
13557170.0,4.715685
13567680.0,4.717156
13578190.0,4.718626
13588700.0,4.720097
13599220.0,4.721568
13609730.0,4.723041
13620240.0,4.724511
13630750.0,4.725982
13641270.0,4.727456
13651780.0,4.728927
13662290.0,4.730399
13672800.0,4.731871
13672810.0,4.731873
13683040.0,4.733269
13693260.0,4.734663
13703490.0,4.736059
13713710.0,4.737454
13723940.0,4.73885
13734160.0,4.740245
13744390.0,4.741642
13754610.0,4.743037
13764840.0,4.744433
13775060.0,4.745828
13785290.0,4.747226
13795510.0,4.748622
13805740.0,4.750019
13815960.0,4.751415
13826190.0,4.752812
13836410.0,4.754209
13846640.0,4.755606
13856860.0,4.757002
13867090.0,4.7584
13877310.0,4.759797
13887540.0,4.761195
13897760.0,4.762591
13907990.0,4.76399
13918210.0,4.765387
13928440.0,4.766786
13938660.0,4.768183
13948890.0,4.769582
13959110.0,4.77098
13969340.0,4.772379
13979560.0,4.773777
13989780.0,4.775175
14000000.0,4.776573
14007820.0,4.777174
14015630.0,4.777774
14023440.0,4.778374
14031250.0,4.778974
14039070.0,4.779575
14046880.0,4.780175
14054690.0,4.780775
14062500.0,4.781375
14070320.0,4.781976
14078130.0,4.782576
14085940.0,4.783176
14093750.0,4.783776
14101570.0,4.784377
14109380.0,4.784977
14117190.0,4.785577
14125000.0,4.786178
14132820.0,4.786779
14140630.0,4.787379
14148440.0,4.787979
14156250.0,4.78858
14164070.0,4.789181
14171880.0,4.789781
14179690.0,4.790382
14187500.0,4.790982
14195320.0,4.791583
14203130.0,4.792184
14210940.0,4.792784
14218750.0,4.793385
14226570.0,4.793987
14234380.0,4.794587
14242190.0,4.795188
14250000.0,4.795788
14257820.0,4.79639
14265630.0,4.796991
14273440.0,4.797592
14281250.0,4.798192
14289070.0,4.798795
14296880.0,4.799396
14304690.0,4.799996
14312500.0,4.800597
14320320.0,4.8012
14328130.0,4.801801
14335940.0,4.802402
14343750.0,4.803002
14351570.0,4.803605
14359380.0,4.804206
14367190.0,4.804807
14375000.0,4.80541
14382820.0,4.806011
14390630.0,4.806614
14398440.0,4.807215
14406250.0,4.807818
14414070.0,4.80842
14421880.0,4.809022
14429690.0,4.809624
14437500.0,4.810226
14445320.0,4.810829
14453130.0,4.811431
14460940.0,4.812034
14468750.0,4.812636
14476570.0,4.81324
14484380.0,4.813843
14492190.0,4.814445
14500000.0,4.815048
14507820.0,4.815632
14515630.0,4.816216
14523440.0,4.8168
14531250.0,4.817383
14539070.0,4.817969
14546880.0,4.818552
14554690.0,4.819135
14562500.0,4.819719
14570320.0,4.820305
14578130.0,4.820888
14585940.0,4.821472
14593750.0,4.822056
14601570.0,4.822642
14609380.0,4.823225
14617190.0,4.823809
14625000.0,4.824394
14632820.0,4.824978
14640630.0,4.825563
14648440.0,4.826147
14656250.0,4.826733
14664070.0,4.827317
14671880.0,4.827902
14679690.0,4.828487
14687500.0,4.829072
14695320.0,4.829656
14703130.0,4.830242
14710940.0,4.830826
14718750.0,4.831412
14726570.0,4.831996
14734380.0,4.832582
14742190.0,4.833166
14750000.0,4.833752
14757820.0,4.834338
14765630.0,4.834924
14773440.0,4.835508
14781250.0,4.836094
14789070.0,4.83668
14796880.0,4.837266
14804690.0,4.837851
14812500.0,4.838436
14820320.0,4.839024
14828130.0,4.839609
14835940.0,4.840195
14843750.0,4.840781
14851570.0,4.841368
14859380.0,4.841954
14867190.0,4.84254
14875000.0,4.843127
14882820.0,4.843713
14890630.0,4.8443
14898440.0,4.844886
14906250.0,4.845474
14914070.0,4.846061
14921880.0,4.846647
14929690.0,4.847235
14937500.0,4.847822
14945320.0,4.84841
14953130.0,4.848997
14960940.0,4.849585
14968750.0,4.850172
14976570.0,4.85076
14984380.0,4.851348
14992190.0,4.851935
15000000.0,4.852524
15007820.0,4.85293
15015630.0,4.853337
15023440.0,4.853742
15031250.0,4.854149
15039070.0,4.854555
15046880.0,4.854962
15054690.0,4.855367
15062500.0,4.855774
15070320.0,4.85618
15078130.0,4.856585
15085940.0,4.856992
15093750.0,4.857397
15101570.0,4.857804
15109380.0,4.85821
15117190.0,4.858616
15125000.0,4.859022
15132820.0,4.859429
15140630.0,4.859834
15148440.0,4.86024
15156250.0,4.860646
15164070.0,4.861052
15171880.0,4.861458
15179690.0,4.861864
15187500.0,4.86227
15195320.0,4.862676
15203130.0,4.863081
15210940.0,4.863488
15218750.0,4.863893
15226570.0,4.864299
15234380.0,4.864705
15242190.0,4.865111
15250000.0,4.865516
15257820.0,4.865923
15265630.0,4.866329
15273440.0,4.866734
15281250.0,4.867141
15289070.0,4.867547
15296880.0,4.867953
15304690.0,4.868358
15312500.0,4.868765
15320320.0,4.86917
15328130.0,4.869576
15335940.0,4.869982
15343750.0,4.870388
15351570.0,4.870794
15359380.0,4.8712
15367190.0,4.871607
15375000.0,4.872013
15382820.0,4.872419
15390630.0,4.872825
15398440.0,4.87323
15406250.0,4.873637
15414070.0,4.874043
15421880.0,4.87445
15429690.0,4.874855
15437500.0,4.875263
15445320.0,4.875669
15453130.0,4.876074
15460940.0,4.876481
15468750.0,4.876887
15476570.0,4.877294
15484380.0,4.8777
15492190.0,4.878107
15500000.0,4.878513
15507820.0,4.878921
15515630.0,4.879327
15523440.0,4.879733
15531250.0,4.88014
15539070.0,4.880547
15546880.0,4.880954
15554690.0,4.88136
15562500.0,4.881768
15570320.0,4.882175
15578130.0,4.882581
15585940.0,4.882989
15593750.0,4.883395
15601570.0,4.883803
15609380.0,4.884209
15617190.0,4.884618
15625000.0,4.885025
15632820.0,4.885433
15640630.0,4.885839
15656250.0,4.886655
15671880.0,4.887471
15687500.0,4.888286
15703130.0,4.889102
15718750.0,4.889918
15734380.0,4.890735
15750000.0,4.891552
15765630.0,4.89237
15781250.0,4.893187
15796880.0,4.894006
15812500.0,4.894824
15828130.0,4.895642
15843750.0,4.896462
15859380.0,4.897283
15875000.0,4.898103
15890630.0,4.898924
15906250.0,4.899745
15921880.0,4.900567
15937500.0,4.90139
15953130.0,4.902212
15968750.0,4.903035
15984380.0,4.90386
16000000.0,4.904685
16031250.0,4.906262
16062500.0,4.907841
16093750.0,4.90942
16125000.0,4.910999
16156250.0,4.91258
16187500.0,4.914161
16218750.0,4.915743
16250000.0,4.917326
16281250.0,4.91891
16312500.0,4.920495
16343750.0,4.922081
16375000.0,4.923668
16406250.0,4.925257
16437500.0,4.926847
16468750.0,4.928438
16500000.0,4.93003
16531250.0,4.931625
16562500.0,4.933222
16593750.0,4.93482
16625000.0,4.93642
16656250.0,4.938022
16687500.0,4.939627
16718750.0,4.941234
16750000.0,4.942843
16781250.0,4.944454
16812500.0,4.946068
16843750.0,4.947685
16875000.0,4.949305
16906250.0,4.950928
16937500.0,4.952555
16968750.0,4.954184
17000000.0,4.955817
17031250.0,4.957309
17062500.0,4.958804
17093750.0,4.960298
17125000.0,4.961795
17156250.0,4.963291
17187500.0,4.964791
17218750.0,4.96629
17250000.0,4.967793
17281250.0,4.969296
17312500.0,4.970801
17343750.0,4.972308
17375000.0,4.973816
17406250.0,4.975327
17437500.0,4.976838
17468750.0,4.978354
17500000.0,4.979869
17531250.0,4.981388
17562500.0,4.98291
17593750.0,4.984433
17625000.0,4.98596
17656250.0,4.987488
17687500.0,4.989021
17718750.0,4.990555
17750000.0,4.992092
17781250.0,4.993632
17812500.0,4.995176
17843750.0,4.996723
17875000.0,4.998274
17906250.0,4.999828
17937500.0,5.001386
17968750.0,5.002948
18000000.0,5.004514
18031250.0,5.006178
18062500.0,5.007846
18093750.0,5.009514
18125000.0,5.011185
18156250.0,5.012858
18187500.0,5.014533
18218750.0,5.016212
18250000.0,5.017892
18281250.0,5.019573
18312500.0,5.021258
18343750.0,5.022946
18375000.0,5.024635
18406250.0,5.026328
18437500.0,5.028024
18468750.0,5.029723
18500000.0,5.031425
18531250.0,5.033129
18562500.0,5.034837
18593750.0,5.036548
18625000.0,5.038262
18656250.0,5.03998
18687500.0,5.0417
18718750.0,5.043426
18750000.0,5.045155
18781250.0,5.046885
18812500.0,5.048623
18843750.0,5.050362
18875000.0,5.052107
18906250.0,5.053855
18937500.0,5.055609
18968750.0,5.057366
19000000.0,5.059128
19062500.0,5.06231
19125000.0,5.065501
19187500.0,5.068704
19250000.0,5.071918
19312500.0,5.07514
19375000.0,5.078376
19437500.0,5.081623
19500000.0,5.084884
19562500.0,5.088157
19625000.0,5.091444
19687500.0,5.094746
19750000.0,5.098063
19812500.0,5.101395
19875000.0,5.104743
19937500.0,5.108109
20000000.0,5.111491
