1e-05,125.419
1.03125e-05,123.5722
1.0625e-05,121.8074
1.09375e-05,120.1189
1.125e-05,118.5011
1.15625e-05,116.9495
1.1875e-05,115.4595
1.21875e-05,114.0271
1.25e-05,112.6488
1.28125e-05,111.3213
1.3125e-05,110.0415
1.34375e-05,108.8065
1.375e-05,107.6139
1.4375e-05,105.3465
1.5e-05,103.2223
1.5625e-05,101.2269
1.625e-05,99.3477
1.6875e-05,97.57391
1.75e-05,95.89601
1.8125e-05,94.30567
1.875e-05,92.79552
1.9375e-05,91.35905
2e-05,89.99045
2.09375e-05,88.05362
2.1875e-05,86.24268
2.28125e-05,84.54455
2.375e-05,82.94799
2.46875e-05,81.44325
2.5625e-05,80.02187
2.65625e-05,78.67642
2.75e-05,77.40037
2.84375e-05,76.18795
2.9375e-05,75.03404
3.03125e-05,73.93409
3.125e-05,72.88402
3.21875e-05,71.88017
3.3125e-05,70.91923
3.40625e-05,69.99825
3.5e-05,69.11453
3.59375e-05,68.26561
3.6875e-05,67.44928
3.78125e-05,66.6635
3.875e-05,65.90641
3.96875e-05,65.1763
4.0625e-05,64.47162
4.25e-05,63.13286
4.4375e-05,61.87988
4.625e-05,60.70388
4.8125e-05,59.5973
5e-05,58.55357
5.15625e-05,57.72763
5.3125e-05,56.93841
5.46875e-05,56.18326
5.625e-05,55.4598
5.78125e-05,54.76587
5.9375e-05,54.09951
6.09375e-05,53.45895
6.25e-05,52.84256
6.40625e-05,52.24887
6.5625e-05,51.6765
6.71875e-05,51.12422
6.875e-05,50.59088
7.1875e-05,49.57685
7.5e-05,48.62687
7.8125e-05,47.73448
8.125e-05,46.89408
8.4375e-05,46.10081
8.75e-05,45.35043
9.0625e-05,44.63921
9.375e-05,43.96384
9.6875e-05,43.32143
0.0001,42.70937
0.000103125,42.12535
0.00010625,41.56728
0.000109375,41.03331
0.0001125,40.52174
0.000115625,40.03105
0.00011875,39.55986
0.000121875,39.10692
0.000125,38.67106
0.000128125,38.25125
0.00013125,37.84653
0.000134375,37.45601
0.0001375,37.07887
0.00014375,36.36184
0.00015,35.6901
0.00015625,35.05907
0.0001625,34.46482
0.00016875,33.90389
0.000175,33.37329
0.00018125,32.87037
0.0001875,32.39281
0.00019375,31.93856
0.0002,31.50576
0.000209375,30.89327
0.00021875,30.32059
0.000228125,29.78359
0.0002375,29.2787
0.000246875,28.80286
0.00025625,28.35337
0.000265625,27.92789
0.000275,27.52436
0.000284375,27.14095
0.00029375,26.77605
0.000303125,26.42821
0.0003125,26.09614
0.000321875,25.77868
0.00033125,25.4748
0.000340625,25.18356
0.00035,24.90409
0.000359375,24.63564
0.00036875,24.37748
0.000378125,24.12898
0.0003875,23.88956
0.000396875,23.65867
0.00040625,23.43583
0.000425,23.01246
0.00044375,22.61622
0.0004625,22.24433
0.00048125,21.89439
0.0005,21.56432
0.000515625,21.30312
0.00053125,21.05354
0.000546875,20.81473
0.0005625,20.58595
0.000578125,20.3665
0.00059375,20.15577
0.000609375,19.95319
0.000625,19.75826
0.000640625,19.57051
0.00065625,19.3895
0.000671875,19.21485
0.0006875,19.04618
0.00071875,18.7255
0.00075,18.42508
0.00078125,18.14286
0.0008125,17.87709
0.00084375,17.62621
0.000875,17.38891
0.00090625,17.16398
0.0009375,16.9504
0.00096875,16.74724
0.001,16.55368
0.00103125,16.36898
0.0010625,16.19248
0.00109375,16.02361
0.001125,15.86182
0.00115625,15.70664
0.0011875,15.55763
0.00121875,15.41438
0.00125,15.27654
0.00128125,15.14377
0.0013125,15.01577
0.00134375,14.89226
0.001375,14.77299
0.0014375,14.54622
0.0015,14.33377
0.0015625,14.1342
0.001625,13.94626
0.0016875,13.76886
0.00175,13.60104
0.0018125,13.44198
0.001875,13.29095
0.0019375,13.14727
0.002,13.01039
0.00209375,12.81667
0.0021875,12.63555
0.00228125,12.4657
0.002375,12.30601
0.00246875,12.1555
0.0025625,12.01334
0.00265625,11.87876
0.00275,11.75112
0.00284375,11.62985
0.0029375,11.51443
0.00303125,11.40441
0.003125,11.29937
0.00321875,11.19896
0.0033125,11.10284
0.00340625,11.01071
0.0035,10.92231
0.00359375,10.83739
0.0036875,10.75573
0.00378125,10.67713
0.003875,10.60139
0.00396875,10.52835
0.0040625,10.45786
0.00425,10.32393
0.0044375,10.19858
0.004625,10.08094
0.0048125,9.97023
0.005,9.865809
0.00515625,9.783177
0.0053125,9.704216
0.00546875,9.628663
0.005625,9.556279
0.00578125,9.486849
0.0059375,9.420176
0.00609375,9.356084
0.00625,9.294409
0.00640625,9.235004
0.0065625,9.177732
0.00671875,9.122469
0.006875,9.0691
0.0071875,8.967628
0.0075,8.872563
0.0078125,8.783258
0.008125,8.699153
0.0084375,8.619763
0.00875,8.544662
0.0090625,8.473477
0.009375,8.405879
0.0096875,8.341577
0.01,8.280312
0.0103125,8.22185
0.010625,8.165985
0.0109375,8.112529
0.01125,8.061315
0.0115625,8.01219
0.011875,7.965015
0.0121875,7.919665
0.0125,7.876025
0.0128125,7.83399
0.013125,7.793463
0.0134375,7.754358
0.01375,7.716591
0.014375,7.644784
0.015,7.577507
0.015625,7.514303
0.01625,7.454778
0.016875,7.398586
0.0175,7.345429
0.018125,7.295042
0.01875,7.247191
0.019375,7.201672
0.02,7.158299
0.0206625,7.114487
0.021325,7.072729
0.0219875,7.03287
0.02265,6.994769
0.0233125,6.958301
0.023975,6.923353
0.0246375,6.88982
0.0253,6.857611
0.02607188,6.82164
0.02684375,6.78723
0.02761563,6.754267
0.0283875,6.722656
0.02915938,6.692305
0.02993125,6.663134
0.03070313,6.635066
0.031475,6.608034
0.03224688,6.581976
0.03301875,6.556835
0.0345625,6.509095
0.03610625,6.46444
0.03765,6.422553
0.03919375,6.383155
0.0407375,6.346012
0.04228125,6.310914
0.043825,6.277679
0.04536875,6.246149
0.0469125,6.216181
0.04845625,6.187649
0.05,6.160444
0.0515625,6.134156
0.053125,6.109031
0.0546875,6.084984
0.05625,6.061941
0.0578125,6.039833
0.059375,6.018597
0.0609375,5.99818
0.0625,5.978528
0.0640625,5.959594
0.065625,5.941337
0.0671875,5.923716
0.06875,5.906694
0.071875,5.874319
0.075,5.843974
0.078125,5.815454
0.08125,5.788581
0.084375,5.763202
0.0875,5.739181
0.090625,5.716402
0.09375,5.694761
0.096875,5.674163
0.1,5.654528
0.103125,5.635783
0.10625,5.61786
0.109375,5.6007
0.1125,5.584253
0.115625,5.568467
0.11875,5.5533
0.121875,5.538711
0.125,5.524665
0.128125,5.511128
0.13125,5.49807
0.134375,5.485462
0.1375,5.473279
0.14375,5.450096
0.15,5.428351
0.15625,5.407899
0.1625,5.388615
0.16875,5.370389
0.175,5.353126
0.18125,5.336745
0.1875,5.321168
0.19375,5.306333
0.2,5.29218
0.2046875,5.281982
0.209375,5.272118
0.21875,5.253322
0.228125,5.235662
0.2375,5.219025
0.246875,5.203312
0.25625,5.188439
0.265625,5.17433
0.275,5.160922
0.284375,5.148156
0.29375,5.135979
0.303125,5.124346
0.3125,5.113217
0.321875,5.102555
0.33125,5.092326
0.340625,5.082501
0.35,5.073052
0.359375,5.063955
0.36875,5.055188
0.378125,5.04673
0.3875,5.038562
0.396875,5.030667
0.40625,5.02303
0.425,5.008471
0.44375,4.994783
0.4625,4.981875
0.48125,4.969672
0.5,4.958107
0.53125,4.940099
0.5625,4.92348
0.59375,4.90807
0.625,4.893713
0.65625,4.880286
0.6875,4.867682
0.71875,4.855813
0.75,4.844602
0.78125,4.833983
0.8125,4.823899
0.84375,4.814302
0.875,4.805148
0.9375,4.788021
1.0,4.772267
1.0625,4.757682
1.125,4.744107
1.1875,4.73141
1.25,4.719481
1.3125,4.708231
1.375,4.697584
1.4375,4.687475
1.5,4.67785
1.5625,4.668662
1.625,4.659868
1.6875,4.651435
1.75,4.64333
1.875,4.628
2.0,4.613694
2.09375,4.603546
2.1875,4.593841
2.28125,4.584535
2.375,4.575589
2.46875,4.566973
2.5625,4.558654
2.65625,4.550611
2.75,4.54282
2.9375,4.527918
3.125,4.513815
3.3125,4.500402
3.5,4.487594
3.6875,4.475315
3.875,4.463508
4.0625,4.45212
4.25,4.441107
4.4375,4.430432
4.625,4.420064
4.8125,4.409972
5.0,4.400135
5.3125,4.384244
5.625,4.368911
5.9375,4.354066
6.25,4.339649
6.5625,4.325611
6.875,4.31191
7.1875,4.298509
7.5,4.285376
7.8125,4.272483
8.125,4.259807
8.4375,4.247327
8.75,4.235022
9.375,4.210878
10.0,4.18726
10.625,4.164074
11.25,4.141244
11.875,4.118706
12.5,4.096404
13.125,4.074292
13.75,4.052331
14.375,4.030486
15.0,4.008724
15.625,3.987021
16.25,3.965349
16.875,3.943689
17.5,3.922022
18.75,3.87859
20.0,3.834927
20.9375,3.801962
21.875,3.768766
22.8125,3.735299
23.75,3.701528
24.6875,3.667419
25.625,3.632942
26.5625,3.598067
27.5,3.562766
29.375,3.490774
31.25,3.416748
33.125,3.340476
35.0,3.261742
36.875,3.18033
38.75,3.096013
40.625,3.008558
42.5,2.91772
44.375,2.823239
46.25,2.724844
48.125,2.62225
50.0,2.515164
51.39643,2.432307
52.79285,2.346664
54.18927,2.258106
55.58569,2.166513
56.98212,2.071771
58.37854,1.973788
59.77496,1.872492
61.17138,1.767854
61.8696,1.714287
62.56781,1.6599
63.26602,1.604712
63.96423,1.548746
64.66244,1.492038
65.36065,1.434633
66.05886,1.37659
66.75707,1.317984
67.45528,1.258912
68.15349,1.199493
68.8517,1.139877
69.54991,1.080248
70.24812,1.020834
70.94633,0.9619167
71.64454,0.9038425
72.34275,0.8470381
73.04097,0.7920284
73.73918,0.7394638
74.43739,0.6901456
74.7865,0.6670055
75.1356,0.6450681
75.48471,0.6244948
75.83381,0.6054681
76.18292,0.5881902
76.53202,0.5728897
76.70658,0.5660588
76.88113,0.5598204
77.05568,0.554211
77.23023,0.5492696
77.40479,0.5450373
77.57934,0.5415584
77.75389,0.5388794
77.84117,0.537855
77.92844,0.5370496
78.01572,0.5364695
78.103,0.5361217
78.19028,0.5360132
78.27755,0.5361516
78.36483,0.5365442
78.45211,0.5371988
78.53939,0.5381234
78.62666,0.5393263
78.71394,0.5408161
78.80122,0.5426016
78.8885,0.544692
78.97577,0.5470961
79.06305,0.5498244
79.15032,0.5528862
79.2376,0.5562925
79.32487,0.5600531
79.41215,0.5641801
79.45579,0.5663842
79.49943,0.5686842
79.54307,0.5710814
79.58671,0.5735773
79.63035,0.5761736
79.67398,0.578871
79.6958,0.5802588
79.71762,0.5816725
79.73944,0.5831125
79.76126,0.5845789
79.78308,0.5860721
79.8049,0.5875921
79.82672,0.5891392
79.84853,0.5907128
79.87035,0.5923146
79.89217,0.5939443
79.91399,0.5956018
79.93581,0.5972874
79.95763,0.5990014
79.97945,0.600744
80.00127,0.6025155
80.02308,0.6043151
80.06672,0.608004
80.11036,0.6118118
80.154,0.6157404
80.19764,0.6197916
80.24128,0.6239674
80.28492,0.6282698
80.37219,0.6372612
80.45947,0.6467843
80.54674,0.656854
80.63402,0.6674899
80.72129,0.6787079
80.80857,0.6905295
80.89585,0.7029728
80.98313,0.7160581
81.0704,0.7298047
81.15768,0.7442374
81.24495,0.7593753
81.33223,0.7752453
81.4195,0.7918677
81.50678,0.8092715
81.59406,0.8274807
81.68134,0.8465221
81.76861,0.8664216
81.85589,0.8872125
81.94316,0.9089202
82.03044,0.9315808
82.11771,0.9552216
82.20499,0.9798816
82.29227,1.005593
82.37955,1.032392
82.46682,1.060314
82.5541,1.089404
82.64137,1.119696
82.72865,1.151239
82.81592,1.18407
82.9032,1.218243
82.99048,1.253802
83.07776,1.290797
83.16503,1.329274
83.25231,1.369297
83.33958,1.410912
83.42686,1.454188
83.51413,1.499175
83.60141,1.545948
83.68869,1.594567
83.77597,1.645103
83.86324,1.69762
83.95052,1.752207
84.0378,1.808935
84.12508,1.867887
84.21235,1.929143
84.29963,1.992805
84.38691,2.05896
84.47419,2.127706
84.56146,2.199138
84.64874,2.273379
84.73601,2.350524
84.82329,2.43071
84.91056,2.514039
84.99784,2.600661
85.08512,2.690701
85.1724,2.7843
85.25967,2.881598
85.34695,2.982772
85.43422,3.087962
85.5215,3.197365
85.60877,3.311138
85.69605,3.429494
85.78333,3.552623
85.87061,3.680734
85.95788,3.814032
86.04516,3.952783
86.13243,4.097199
86.21971,4.247572
86.30698,4.40414
86.39426,4.567227
86.48154,4.73712
86.56882,4.914138
86.65609,5.0986
86.74337,5.290907
86.83064,5.491392
86.91792,5.700503
87.00519,5.918617
87.09247,6.146233
87.17975,6.383804
87.26703,6.631837
87.3543,6.890836
87.44158,7.161434
87.52885,7.444173
87.61613,7.739763
87.7034,8.048823
87.79068,8.372153
87.87796,8.710497
87.96524,9.064687
88.05251,9.435567
88.13979,9.824164
88.22706,10.23141
88.31434,10.65847
88.40161,11.1064
88.48889,11.57657
88.57617,12.07024
88.66345,12.58885
88.75072,13.13387
88.838,13.70707
88.92527,14.31012
89.01255,14.94505
89.09982,15.6138
89.1871,16.31875
89.27438,17.06225
89.36166,17.84692
89.44893,18.67547
89.53621,19.55119
89.62348,20.4772
89.71076,21.45736
89.79803,22.49539
89.88531,23.59584
89.97259,24.76332
90.05987,26.00299
90.14714,27.32031
90.23442,28.7218
90.32169,30.21394
90.40897,31.80458
90.49624,33.50159
90.58352,35.31451
90.6708,37.25326
90.75808,39.32903
90.84535,41.55402
90.93263,43.94262
91.0199,46.50975
91.10718,49.27334
91.19445,52.25217
91.28173,55.46877
91.36901,58.94742
91.45629,62.71598
91.54356,66.80553
91.63084,71.25289
91.71811,76.098
91.80539,81.38887
91.89266,87.17814
91.97994,93.52927
92.06722,100.5136
92.1545,108.2147
92.19814,112.364
92.24177,116.7293
92.28541,121.3275
92.32905,126.174
92.37269,131.2862
92.41632,136.6819
92.45996,142.3845
92.5036,148.4156
92.54724,154.8002
92.59087,161.5639
92.63451,168.7396
92.67815,176.359
92.72179,184.4581
92.76543,193.0769
92.80907,202.2594
92.85271,212.0547
92.89635,222.5168
92.93998,233.7033
92.98362,245.6864
93.02726,258.5384
93.0709,272.3433
93.11453,287.1915
93.15817,303.1955
93.20181,320.4713
93.24545,339.1536
93.28908,359.3908
93.33272,381.3659
93.37636,405.2733
93.42,431.3403
93.46364,459.8284
93.50728,491.0391
93.55092,525.322
93.59456,563.083
93.63819,604.7868
93.68183,651.0093
93.70365,676.0122
93.72547,702.3978
93.74729,730.2672
93.76911,759.7308
93.79093,790.9097
93.81274,823.9202
93.83456,858.9379
93.85638,896.1071
93.8782,935.603
93.90002,977.6184
93.92184,1022.366
93.94366,1070.082
93.96548,1121.025
93.98729,1175.46
94.00911,1233.758
94.03093,1296.251
94.05275,1363.34
94.07457,1435.469
94.09639,1513.141
94.11821,1596.916
94.14003,1687.426
94.16185,1785.385
94.18367,1891.598
94.20549,2006.978
94.22731,2132.563
94.24913,2269.533
94.27095,2419.237
94.29277,2583.214
94.31459,2763.231
94.3364,2961.224
94.35822,3179.711
94.38004,3421.297
94.40186,3689.095
94.41277,3833.928
94.42368,3986.704
94.43459,4147.964
94.4455,4318.286
94.45641,4498.294
94.46732,4688.655
94.47823,4890.091
94.48914,5103.371
94.50005,5329.325
94.51095,5568.612
94.52186,5822.618
94.53277,6092.14
94.54368,6378.255
94.55459,6682.101
94.5655,7004.885
94.57641,7347.871
94.58732,7712.382
94.59823,8099.788
94.60914,8511.494
94.62005,8948.925
94.63096,9413.5
94.64187,9906.602
94.65278,10429.54
94.66369,10983.47
94.6746,11569.4
94.6855,12187.42
94.69891,12992.96
94.71232,13847.9
94.72573,14750.23
94.73913,15695.3
94.76594,17687.73
94.79275,19735.43
94.80616,20736.43
94.81957,21691.11
94.83298,22572.63
94.84638,23352.14
94.85979,24002.83
94.87319,24498.32
94.8866,24818.82
94.9,24950.23
94.91341,24887.56
94.92682,24634.4
94.94023,24203.02
94.95363,23613.33
94.96704,22888.94
94.98044,22058.23
94.99385,21147.92
95.00725,20186.03
95.03407,18196.95
95.06088,16243.08
95.07429,15309.96
95.08769,14417.22
95.1011,13567.94
95.1145,12765.85
95.12405,12223.14
95.13359,11705.0
95.14313,11210.55
95.15267,10739.31
95.16222,10290.18
95.17176,9863.374
95.1813,9457.607
95.19084,9072.02
95.20039,8705.359
95.20993,8357.5
95.21947,8027.158
95.22901,7713.459
95.23856,7415.24
95.2481,7132.293
95.25764,6863.497
95.26718,6608.083
95.28627,6134.258
95.30535,5705.85
95.32444,5317.491
95.34352,4965.206
95.36261,4644.727
95.38169,4352.941
95.40077,4086.627
95.41985,3843.093
95.43894,3619.855
95.45802,3415.047
95.47711,3226.601
95.49619,3053.074
95.51528,2892.832
95.53436,2744.756
95.55344,2607.616
95.57252,2480.395
95.59161,2362.126
95.61069,2252.128
95.62978,2149.558
95.64886,2053.878
95.66795,1964.406
95.68703,1880.711
95.70611,1802.277
95.72519,1728.678
95.74428,1659.498
95.76336,1594.459
95.78245,1533.182
95.80153,1475.443
95.82062,1420.922
95.8397,1369.441
95.85879,1320.73
95.87787,1274.641
95.91604,1189.531
95.95421,1112.842
95.99238,1043.504
96.03054,980.6256
96.06871,923.4023
96.10688,871.19
96.14505,823.4209
96.18321,779.6156
96.22138,739.3265
96.25955,702.1959
96.29772,667.9013
96.33588,636.168
96.37405,606.7313
96.41222,579.3808
96.45039,553.9228
96.48856,530.1858
96.52673,508.0169
96.5649,487.2802
96.60307,467.8537
96.64123,449.6335
96.6794,432.5117
96.71757,416.4052
96.75574,401.2347
96.7939,386.9318
96.83207,373.4241
96.87024,360.6563
96.90841,348.5746
96.94657,337.1333
97.02291,315.9818
97.09924,296.8944
97.17558,279.6036
97.25191,263.8914
97.32825,249.5652
97.40458,236.4674
97.48092,224.4564
97.55725,213.416
97.63359,203.2399
97.70993,193.84
97.78627,185.1378
97.8626,177.0656
97.93894,169.5609
98.01527,162.5726
98.09161,156.0516
98.16794,149.9578
98.24428,144.2524
98.32062,138.9031
98.39696,133.8801
98.47329,129.1574
98.54963,124.7099
98.62596,120.517
98.7023,116.5582
98.77863,112.8169
98.85497,109.2761
98.93131,105.9218
99.00765,102.7407
99.08398,99.72112
99.23665,94.12195
99.38932,89.04677
99.54199,84.43031
99.69466,80.21725
99.84733,76.3605
100.0,72.81971
100.1569,69.47352
100.3138,66.39185
100.4707,63.54656
100.6276,60.9132
100.7845,58.47045
100.9414,56.19965
101.0983,54.0844
101.2551,52.11143
101.412,50.26547
101.5689,48.53643
101.7258,46.91423
101.8826,45.39079
102.0395,43.95609
102.1964,42.6039
102.3533,41.3277
102.5101,40.12238
102.667,38.98107
102.8239,37.89979
102.9808,36.87417
103.1377,35.90023
103.2946,34.97439
103.4515,34.09334
103.7652,32.45433
104.079,30.96097
104.3927,29.59636
104.7065,28.34444
105.0202,27.19309
105.334,26.13045
105.6478,25.14731
105.9616,24.23539
106.2753,23.38772
106.5891,22.59744
106.9028,21.85953
107.2166,21.16866
107.5303,20.52096
107.8441,19.91219
108.1579,19.33921
108.4717,18.79896
108.7854,18.2889
109.0992,17.8063
109.4129,17.34929
109.7267,16.91559
110.0404,16.50372
110.3542,16.11181
110.668,15.73853
110.9818,15.38258
111.2955,15.04282
111.6093,14.71797
111.923,14.4072
112.5505,13.82392
113.1781,13.28637
113.8056,12.78919
114.4331,12.3276
115.0606,11.89752
115.6882,11.49542
116.3157,11.11838
116.9432,10.76369
117.5707,10.42904
118.1983,10.11232
118.8258,9.811838
119.4533,9.525922
120.0808,9.253132
120.7084,8.99213
121.3359,8.741825
121.9634,8.501107
122.5909,8.268993
123.2185,8.044547
123.846,7.826994
124.4735,7.615507
125.101,7.40933
125.7286,7.207708
126.3561,7.009996
126.9836,6.815461
127.6111,6.623396
128.2387,6.433048
128.8662,6.24372
129.4937,6.05457
129.8075,5.959775
130.1212,5.864719
130.435,5.769214
130.7488,5.673159
131.0626,5.576408
131.3763,5.478843
131.6901,5.380233
132.0038,5.280467
132.3176,5.179287
132.6313,5.076548
132.9451,4.971961
133.2589,4.865312
133.5727,4.756338
133.7296,4.700891
133.8864,4.644792
134.0433,4.587931
134.2002,4.530305
134.3571,4.471877
134.5139,4.412644
134.6708,4.352495
134.8277,4.291431
134.9846,4.229417
135.1414,4.166465
135.2983,4.102472
135.4552,4.037462
135.6121,3.971434
135.769,3.904403
135.9259,3.836406
136.0828,3.767513
136.2397,3.697837
136.3965,3.627597
136.475,3.592277
136.5534,3.556955
136.6319,3.521586
136.7103,3.48632
136.7888,3.451137
136.8672,3.41621
136.9456,3.381592
137.024,3.347399
137.1025,3.313727
137.1809,3.280826
137.2594,3.248808
137.3378,3.217985
137.4163,3.188558
137.4947,3.160932
137.5731,3.135463
137.6515,3.112625
137.73,3.092968
137.8084,3.077229
137.8869,3.066207
137.9653,3.060948
138.0438,3.062685
138.1222,3.072945
138.1614,3.081844
138.2006,3.093614
138.2398,3.108564
138.279,3.127039
138.3183,3.149488
138.3575,3.176232
138.3967,3.207811
138.4359,3.244776
138.4752,3.287866
138.5144,3.337568
138.5536,3.39478
138.5928,3.460413
138.6321,3.535706
138.6713,3.621464
138.7105,3.719225
138.7497,3.830552
138.7889,3.957251
138.8281,4.10141
138.8477,4.180782
138.8673,4.26546
138.8869,4.355812
138.9065,4.452236
138.9262,4.555703
138.9458,4.665636
138.9556,4.723373
138.9654,4.783047
138.9752,4.844729
138.985,4.90849
138.9948,4.974409
139.0046,5.042566
139.0144,5.113043
139.0242,5.185929
139.034,5.261314
139.0438,5.339294
139.0536,5.419967
139.0634,5.50344
139.0733,5.590717
139.0831,5.680151
139.0929,5.772727
139.1027,5.868572
139.1125,5.967816
139.1174,6.018756
139.1223,6.070598
139.1272,6.12336
139.1321,6.17706
139.137,6.231719
139.1419,6.287356
139.1444,6.316126
139.1468,6.343992
139.1493,6.373278
139.1517,6.401644
139.1542,6.431459
139.1566,6.460337
139.1591,6.49069
139.1615,6.520092
139.164,6.550995
139.1664,6.58093
139.1689,6.612394
139.1713,6.642874
139.1738,6.674912
139.1762,6.705947
139.1787,6.73857
139.1811,6.770174
139.186,6.83558
139.1909,6.902188
139.1958,6.970025
139.2007,7.039117
139.2056,7.109492
139.2105,7.181178
139.2203,7.328595
139.2302,7.483198
139.24,7.642118
139.2498,7.807149
139.2596,7.978571
139.2694,8.15668
139.2792,8.341786
139.289,8.534217
139.2988,8.734321
139.3086,8.942465
139.3184,9.159038
139.3282,9.384452
139.338,9.619143
139.3478,9.863573
139.3576,10.11823
139.3674,10.38365
139.3772,10.66036
139.387,10.94897
139.3968,11.2501
139.4066,11.56441
139.4164,11.89261
139.4262,12.23547
139.436,12.59379
139.4458,12.96842
139.4556,13.36029
139.4654,13.77039
139.4752,14.19976
139.485,14.64955
139.4948,15.12094
139.5046,15.61526
139.5144,16.13388
139.5242,16.67831
139.534,17.25017
139.5439,17.85747
139.5537,18.48985
139.5635,19.15531
139.5733,19.85605
139.5831,20.59443
139.5929,21.37302
139.6027,22.1946
139.6125,23.0622
139.6223,23.9791
139.6321,24.94888
139.6419,25.97543
139.6517,27.06304
139.6615,28.21635
139.6713,29.44046
139.6811,30.74098
139.6909,32.12403
139.7008,33.61193
139.7106,35.18211
139.7204,36.8574
139.7302,38.64691
139.74,40.56078
139.7498,42.61023
139.7596,44.8078
139.7694,47.16744
139.7792,49.70478
139.789,52.43734
139.7988,55.38481
139.8086,58.56938
139.8184,62.01611
139.8282,65.75345
139.838,69.8137
139.8478,74.23369
139.8528,76.64075
139.8577,79.10706
139.8626,81.68596
139.8675,84.38419
139.8724,87.20898
139.8773,90.16809
139.8822,93.2699
139.8871,96.52343
139.892,99.93842
139.8969,103.5254
139.9018,107.2956
139.9067,111.2616
139.9116,115.4365
139.9165,119.8349
139.9214,124.4725
139.9263,129.3664
139.9312,134.5354
139.9361,139.9997
139.941,145.7816
139.9459,151.9055
139.9508,158.398
139.9557,165.2885
139.9606,172.6092
139.9655,180.3955
139.9704,188.6866
139.9753,197.5258
139.9802,206.961
139.9851,217.0455
139.99,227.8383
139.9949,239.4053
139.9998,251.8201
140.0047,265.1652
140.0096,279.5327
140.0145,295.0265
140.0194,311.7637
140.0243,329.8768
140.0292,349.5155
140.0341,370.8502
140.039,394.0752
140.0439,419.4123
140.0488,447.1161
140.0537,477.4793
140.0586,510.8398
140.0635,547.5889
140.066,567.7876
140.0684,588.1812
140.0709,610.5398
140.0733,633.147
140.0758,657.9698
140.0782,683.1072
140.0807,710.7512
140.0831,738.7907
140.0856,769.677
140.088,801.0576
140.0905,835.6838
140.0929,870.9256
140.0954,909.882
140.0978,949.6035
140.1003,993.593
140.1027,1038.531
140.1052,1088.394
140.1076,1139.431
140.1101,1196.172
140.1125,1254.364
140.115,1319.189
140.1174,1385.806
140.1199,1460.165
140.1223,1536.729
140.1248,1622.358
140.1272,1710.695
140.1297,1809.673
140.1321,1911.96
140.1346,2026.752
140.137,2145.559
140.1395,2279.061
140.1419,2417.373
140.1444,2572.908
140.1468,2734.099
140.1493,2915.338
140.1517,3103.036
140.1542,3313.779
140.1566,3531.537
140.1591,3775.22
140.1615,4025.864
140.164,4304.632
140.1664,4589.091
140.1688,4889.407
140.1712,5204.291
140.1736,5531.635
140.176,5868.349
140.1808,6551.738
140.1832,6886.196
140.1856,7205.656
140.188,7501.257
140.1904,7763.63
140.1928,7983.497
140.1952,8152.394
140.1976,8263.44
140.2,8312.025
140.2013,8311.487
140.2025,8294.25
140.2049,8212.74
140.2073,8072.151
140.2097,7878.86
140.2121,7640.927
140.2145,7367.353
140.2169,7067.349
140.2193,6749.723
140.2241,6092.392
140.2289,5445.274
140.2313,5135.955
140.2337,4839.561
140.2361,4557.598
140.2385,4290.906
140.2412,4009.516
140.2439,3747.725
140.2466,3504.968
140.2492,3288.399
140.2519,3080.364
140.2546,2888.407
140.2573,2711.382
140.2599,2553.959
140.2626,2402.962
140.2653,2263.645
140.268,2135.026
140.2706,2020.426
140.2733,1910.211
140.276,1808.189
140.2787,1713.652
140.2813,1629.084
140.284,1547.411
140.2867,1471.472
140.2894,1400.781
140.292,1337.255
140.2947,1275.622
140.2974,1218.045
140.3001,1164.196
140.3027,1115.585
140.3054,1068.208
140.3081,1023.75
140.3108,981.9833
140.3134,944.117
140.3161,907.0567
140.3187,873.3895
140.3214,840.3742
140.324,810.3245
140.3267,780.8015
140.3294,752.8742
140.3347,702.2786
140.3401,655.8607
140.3454,614.7055
140.3508,576.7069
140.3561,542.8113
140.3614,511.892
140.3667,483.6134
140.3721,457.2174
140.3774,433.4259
140.3828,411.1134
140.3881,390.912
140.3935,371.8852
140.3988,354.5883
140.4041,338.5256
140.4094,323.5822
140.4148,309.403
140.4201,296.4212
140.4255,284.0631
140.4308,272.7132
140.4362,261.8761
140.4415,251.8947
140.4469,242.3379
140.4522,233.5123
140.4576,225.0408
140.4629,217.1982
140.4683,209.6525
140.4736,202.6511
140.479,195.8999
140.4843,189.6226
140.4949,178.0107
140.5056,167.4249
140.5163,157.8357
140.527,149.1202
140.5376,141.2452
140.5483,133.9733
140.559,127.3057
140.5697,121.1762
140.5803,115.5782
140.591,110.3566
140.6017,105.5228
140.6124,101.0387
140.6231,96.87069
140.6338,92.98913
140.6445,89.36785
140.6552,85.9836
140.6658,82.84435
140.6765,79.87253
140.6872,77.08222
140.6979,74.45856
140.7085,72.01065
140.7192,69.68038
140.7299,67.48066
140.7406,65.40167
140.7512,63.45239
140.7619,61.58801
140.7726,59.82005
140.794,56.54706
140.8154,53.58626
140.8367,50.91004
140.8581,48.45995
140.8794,46.23073
140.9008,44.17727
140.9221,42.29809
140.9435,40.55764
140.9649,38.94952
140.9863,37.46016
141.0076,36.08394
141.029,34.79759
141.0503,33.60411
141.0717,32.48422
141.093,31.44133
141.1144,30.45932
141.1358,29.53758
141.1572,28.67108
141.1785,27.85898
141.1999,27.0896
141.2212,26.36651
141.2426,25.67965
141.2639,25.03247
141.2853,24.41619
141.3067,23.83149
141.3281,23.27613
141.3494,22.75047
141.3921,21.77094
141.4348,20.87993
141.4776,20.06467
141.5203,19.31972
141.563,18.63517
141.6057,18.0043
141.6485,17.41994
141.6912,16.87981
141.7339,16.3781
141.7766,15.91101
141.8194,15.4742
141.8621,15.06679
141.9048,14.68511
141.9475,14.32687
141.9903,13.98929
142.033,13.6721
142.0757,13.37288
142.1184,13.09017
142.1612,12.82207
142.2039,12.56866
142.2466,12.32821
142.2893,12.09979
142.3321,11.88201
142.3748,11.67512
142.4175,11.47787
142.4602,11.2896
142.5457,10.93728
142.6311,10.61477
142.7166,10.31775
142.802,10.0439
142.8875,9.790004
142.9729,9.55444
143.0584,9.334749
143.1438,9.12979
143.2293,8.937645
143.3147,8.757503
143.4002,8.587836
143.4856,8.428069
143.5711,8.276964
143.6565,8.134111
143.742,7.998496
143.8274,7.869826
143.9129,7.747259
143.9983,7.63059
144.0838,7.519107
144.1692,7.412676
144.2547,7.310686
144.3401,7.213051
144.511,7.029223
144.6819,6.859124
144.8528,6.701029
145.0237,6.553485
145.1946,6.41526
145.3655,6.285305
145.5364,6.162721
145.7072,6.046796
145.8781,5.936724
146.049,5.83199
146.2199,5.732079
146.3908,5.636545
146.5617,5.544989
146.7326,5.457061
146.9035,5.372449
147.0744,5.290876
147.4162,5.135882
147.758,4.990381
148.0998,4.852998
148.4416,4.722603
148.7834,4.598262
149.1252,4.479194
149.467,4.36474
149.8088,4.254348
150.1506,4.14754
150.4924,4.043909
150.8342,3.943109
151.1759,3.84486
151.8595,3.654853
152.5431,3.472179
153.2267,3.295497
153.9103,3.123766
154.5939,2.956176
155.2775,2.792101
155.9611,2.631071
156.6446,2.472768
157.3282,2.316921
158.0118,2.163439
158.6954,2.012316
159.379,1.863656
160.0626,1.717681
160.7462,1.574746
161.4298,1.435357
162.1133,1.300212
162.7969,1.170162
163.4805,1.046369
163.8223,0.9872582
164.1641,0.9302844
164.5059,0.8756892
164.8477,0.823744
165.1895,0.7747534
165.5313,0.7290593
165.7022,0.7075667
165.8731,0.6870456
166.044,0.6675517
166.2149,0.6491435
166.3858,0.6318834
166.5567,0.6158376
166.7276,0.601076
166.8131,0.5941959
166.8985,0.5876729
166.984,0.5815019
167.0694,0.5757075
167.1549,0.5702867
167.2403,0.5652634
167.3258,0.5606369
167.4112,0.5564296
167.4966,0.5526481
167.582,0.5493045
167.6675,0.5464085
167.7529,0.5439799
167.8384,0.5420268
167.9238,0.5405674
168.0093,0.5396131
168.0947,0.5391808
168.1802,0.5392848
168.2656,0.5399407
168.3511,0.5411664
168.4365,0.5429758
168.522,0.5453907
168.5647,0.5468283
168.6074,0.5484232
168.6502,0.550182
168.6929,0.552099
168.7143,0.5531214
168.7356,0.5541804
168.757,0.5552862
168.7783,0.5564287
168.7997,0.5576189
168.8104,0.5582301
168.8211,0.5588521
168.8318,0.5594848
168.8425,0.5601284
168.8532,0.5607829
168.8638,0.561442
168.8745,0.5621182
168.8799,0.5624637
168.8852,0.5628055
168.8906,0.5631564
168.8959,0.5635037
168.9012,0.5638537
168.9065,0.5642063
168.9119,0.5645685
168.9172,0.5649267
168.9226,0.5652944
168.9279,0.5656581
168.9386,0.5664008
168.9492,0.5671478
168.9599,0.5679129
168.9706,0.5686893
168.9813,0.5694771
168.992,0.5702763
169.0134,0.5719092
169.0347,0.5735803
169.0561,0.5753055
169.0774,0.5770693
169.0988,0.5788884
169.1201,0.5807462
169.1629,0.5846232
169.2056,0.5886849
169.2483,0.5929432
169.291,0.597401
169.3338,0.6020725
169.3765,0.6069389
169.4619,0.6173009
169.5474,0.6285371
169.6328,0.6406475
169.7183,0.653688
169.8037,0.6676562
169.8892,0.6826142
169.9746,0.6985573
170.0601,0.7155541
170.1455,0.7335971
170.231,0.7527623
170.3164,0.7730393
170.4019,0.7945117
170.4873,0.8171663
170.5728,0.8410946
170.6582,0.8662806
170.7437,0.8928245
170.8291,0.9207069
170.9146,0.9500373
171.0,0.9807932
171.0855,1.013094
171.1709,1.046914
171.2564,1.082382
171.3418,1.11947
171.4273,1.158319
171.5127,1.198894
171.5982,1.241351
171.6836,1.285652
171.7691,1.331963
171.8545,1.380244
171.94,1.430675
172.0254,1.48321
172.1109,1.538046
172.1963,1.595133
172.2818,1.654683
172.3672,1.716642
172.4527,1.78124
172.5381,1.848417
172.6236,1.918423
172.709,1.991193
172.7945,2.066999
172.8799,2.145768
172.9653,2.227699
173.0507,2.312904
173.1362,2.401608
173.2216,2.49373
173.3071,2.589614
173.3925,2.689172
173.478,2.792777
173.5634,2.900335
173.6489,3.012252
173.7343,3.128424
173.8198,3.249293
173.9052,3.374751
173.9907,3.505274
174.0761,3.640747
174.247,3.927978
174.4179,4.238154
174.5888,4.573148
174.7597,4.935017
174.9306,5.32602
175.1015,5.748639
175.2724,6.205611
175.4433,6.699957
175.6142,7.235012
175.7851,7.814474
175.956,8.44244
176.1269,9.123467
176.2978,9.862626
176.4687,10.66557
176.6396,11.53864
176.8105,12.48892
176.9814,13.52435
177.1523,14.65392
177.3232,15.88775
177.4087,16.54766
177.4941,17.23725
177.5796,17.95982
177.665,18.71545
177.7505,19.50781
177.8359,20.3371
177.9214,21.20743
178.0068,22.1191
178.0923,23.07673
178.1777,24.08076
178.2632,25.13641
178.3486,26.24428
178.434,27.4089
178.5194,28.63381
178.6049,29.92438
178.6903,31.28174
178.7758,32.71352
178.8612,34.22119
178.9467,35.81351
179.0321,37.49236
179.1176,39.26782
179.203,41.14234
179.2885,43.12754
179.3739,45.2266
179.4594,47.453
179.5448,49.81083
179.6303,52.3158
179.7157,54.97318
179.8012,57.8014
179.8866,60.8072
179.9721,64.01236
180.0575,67.42556
180.143,71.07265
180.2284,74.96484
180.3139,79.13309
180.3993,83.59184
180.4848,88.37847
180.5702,93.51173
180.6557,99.03711
180.7411,104.9791
180.8266,111.3935
180.912,118.3126
180.9975,125.8055
181.0829,133.9149
181.1683,142.7169
181.2537,152.289
181.3392,162.7316
181.4246,174.1212
181.5101,186.6
181.5955,200.2721
181.681,215.3236
181.7664,231.898
181.8519,250.2426
181.8946,260.1347
181.9373,270.5583
181.9801,281.5769
182.0228,293.1798
182.0655,305.4358
182.1082,318.3931
182.151,332.1371
182.1937,346.6607
182.2364,362.0581
182.2791,378.3978
182.3219,395.7971
182.3646,414.2579
182.4073,433.9109
182.45,454.8567
182.4928,477.2608
182.5355,501.1422
182.5782,526.688
182.6209,554.0502
182.6637,583.4691
182.7064,614.9962
182.7491,648.9088
182.7918,685.4432
182.8346,724.9603
182.8773,767.5746
182.92,813.7113
182.9627,863.7508
183.0055,918.2568
183.0482,977.4648
183.0909,1042.054
183.1336,1112.661
183.1764,1190.202
183.2191,1275.153
183.2618,1368.643
183.3045,1471.781
183.3473,1586.121
183.3687,1647.864
183.39,1712.614
183.4114,1781.201
183.4327,1853.224
183.4541,1929.617
183.4754,2009.942
183.4968,2095.253
183.5182,2185.509
183.5396,2281.061
183.5609,2381.798
183.5823,2489.071
183.6036,2602.31
183.625,2723.048
183.6463,2850.656
183.6677,2986.872
183.6891,3131.693
183.7105,3285.739
183.7318,3448.88
183.7532,3623.342
183.7745,3808.225
183.7959,4006.036
183.8172,4215.724
183.8386,4440.085
183.8599,4677.862
183.8813,4932.134
183.9026,5201.353
183.924,5488.842
183.9453,5792.634
183.9667,6116.202
183.988,6456.986
184.0138,6895.126
184.0395,7359.049
184.0653,7851.429
184.091,8366.463
184.1425,9457.394
184.194,10584.38
184.2198,11138.93
184.2455,11668.06
184.2713,12161.28
184.297,12599.39
184.3228,12970.38
184.3485,13257.36
184.3743,13451.0
184.4,13542.04
184.4258,13527.89
184.4515,13410.24
184.4773,13194.42
184.503,12892.25
184.5288,12514.42
184.5545,12078.46
184.5803,11596.09
184.606,11085.47
184.6575,10022.5
184.709,8972.165
184.7348,8468.125
184.7605,7986.491
184.7863,7526.083
184.812,7091.926
184.8417,6621.363
184.8714,6184.054
184.9011,5779.068
184.9307,5406.151
184.9604,5061.018
184.9901,4743.041
185.0198,4450.23
185.0494,4181.49
185.0791,3933.111
185.1088,3704.244
185.1385,3493.206
185.1681,3299.071
185.1978,3119.1
185.2274,2953.207
185.2571,2799.076
185.2867,2656.673
185.3164,2524.049
185.3461,2400.816
185.3758,2286.163
185.4054,2179.708
185.4351,2080.073
185.4647,1987.335
185.4944,1900.325
185.524,1819.142
185.5537,1742.794
185.5834,1671.16
185.6131,1603.873
185.6427,1540.806
185.6724,1481.229
185.702,1425.271
185.7317,1372.3
185.7613,1322.443
185.791,1275.155
185.8207,1230.417
185.8504,1188.05
185.88,1148.025
185.9393,1073.863
185.9986,1006.885
186.058,946.1018
186.1173,890.9598
186.1766,840.702
186.2359,794.7705
186.2953,752.6159
186.3546,713.9625
186.4139,678.3736
186.4732,645.5333
186.5326,615.1154
186.5919,586.9791
186.6512,560.8571
186.7105,536.5605
186.7699,513.885
186.8292,492.758
186.8886,472.9754
186.9479,454.4853
187.0073,437.1193
187.0666,420.8408
187.1259,405.5341
187.1852,391.1225
187.2446,377.5142
187.3039,364.6923
187.3632,352.5762
187.4225,341.1142
187.4819,330.2414
187.5412,319.9516
187.6598,300.9111
187.7785,283.6854
187.8971,268.072
188.0158,253.8487
188.1344,240.8732
188.2531,228.981
188.3717,218.0698
188.4904,208.0158
188.609,198.7443
188.7277,190.1601
188.8464,182.2017
188.9651,174.808
189.0837,167.9309
189.2024,161.5115
189.321,155.5186
189.4397,149.9048
189.5583,144.6466
189.677,139.7054
189.7956,135.063
189.9143,130.6877
190.0329,126.5655
190.1516,122.6703
190.2702,118.9909
190.3889,115.5056
190.5075,112.2057
190.6262,109.0727
190.7449,106.0975
190.8636,103.2694
190.9822,100.5804
191.2195,95.57554
191.4568,91.01887
191.6941,86.85623
191.9314,83.04154
192.1687,79.53538
192.406,76.30384
192.6434,73.31644
192.8807,70.55025
193.118,67.98184
193.3553,65.59184
193.5926,63.36325
193.8299,61.28107
194.0672,59.33207
194.3045,57.50447
194.5419,55.78715
194.7792,54.1722
195.0165,52.65054
195.2538,51.21468
195.4911,49.8579
195.7284,48.57412
195.9657,47.35786
196.203,46.20415
196.4404,45.10807
196.6777,44.0664
196.915,43.07495
197.1523,42.13033
197.6269,40.36937
198.1015,38.76157
198.5762,37.28813
199.0508,35.93396
199.5254,34.68529
200.0,33.53059
200.3437,32.74735
200.6873,32.00502
201.031,31.30015
201.3746,30.63041
201.7183,29.99294
202.0619,29.38586
202.4055,28.8069
202.7491,28.2542
203.4364,27.22066
204.1237,26.27329
204.811,25.40182
205.4982,24.59763
206.1855,23.85302
206.8728,23.1617
207.5601,22.51809
208.2473,21.91746
208.9346,21.35542
209.6218,20.82844
210.3091,20.33312
210.9963,19.86674
211.6836,19.42661
212.3709,19.01056
213.0582,18.61656
213.7454,18.24286
214.4327,17.88774
215.1199,17.54984
215.8072,17.22776
216.4944,16.9204
217.1817,16.62658
217.869,16.34539
218.5563,16.07592
219.2435,15.8174
219.9308,15.56901
220.618,15.33014
221.9925,14.87838
223.3671,14.45761
224.7416,14.06412
226.1162,13.69459
227.4907,13.34626
228.8653,13.01662
230.2398,12.70355
231.6143,12.40513
232.9888,12.11966
234.3634,11.84561
235.7379,11.58162
237.1124,11.32644
238.4869,11.0789
239.8615,10.83792
241.236,10.60252
242.6105,10.37175
243.985,10.14468
245.3596,9.92042
246.7341,9.698116
248.1087,9.476872
249.4832,9.25584
250.8578,9.034088
252.2323,8.81071
253.6068,8.584705
254.9813,8.355021
256.3559,8.120506
257.0432,8.00106
257.7304,7.879954
258.4177,7.756974
259.1049,7.631975
259.7922,7.50472
260.4794,7.375042
261.1667,7.242679
261.854,7.107415
262.5413,6.968997
263.2285,6.827182
263.9158,6.681637
264.603,6.5321
265.2903,6.378198
265.9775,6.219622
266.6648,6.055951
267.3521,5.886804
268.0394,5.711749
268.7266,5.530355
269.4139,5.342086
270.1012,5.146458
270.7885,4.94294
271.1321,4.838069
271.4757,4.731021
271.8194,4.621698
272.163,4.510098
272.5067,4.396091
272.8503,4.279682
273.194,4.160749
273.5376,4.039311
273.8812,3.915292
274.2248,3.788663
274.5685,3.659375
274.9121,3.527504
275.2557,3.393045
275.5993,3.256057
275.943,3.116601
276.2866,2.974908
276.6302,2.831152
276.9738,2.685626
277.3175,2.538684
277.6611,2.390937
278.0048,2.242988
278.3484,2.095824
278.6921,1.950525
279.0357,1.808694
279.2075,1.739656
279.3793,1.672251
279.5511,1.606817
279.7229,1.54374
279.8948,1.483424
280.0666,1.426443
280.2384,1.373333
280.4102,1.324752
280.582,1.281453
280.6679,1.26205
280.7538,1.244301
280.8397,1.228336
280.9256,1.214292
281.0115,1.202317
281.0974,1.192572
281.1834,1.18522
281.2693,1.180463
281.3552,1.178488
281.4411,1.179511
281.527,1.183761
281.6129,1.191486
281.6559,1.196741
281.6988,1.202955
281.7418,1.210192
281.7847,1.218457
281.8277,1.227828
281.8706,1.238305
281.9136,1.249978
281.9351,1.256268
281.9565,1.262837
281.978,1.269752
281.9995,1.276989
282.021,1.284555
282.0317,1.288445
282.0424,1.292419
282.0532,1.296515
282.0639,1.300658
282.0747,1.304928
282.0854,1.309246
282.0962,1.313694
282.1069,1.318189
282.1176,1.322772
282.1283,1.327447
282.1391,1.332258
282.1498,1.337116
282.1606,1.342114
282.1713,1.347161
282.1821,1.352349
282.1928,1.357586
282.2142,1.368352
282.2357,1.379564
282.2572,1.39118
282.2787,1.403208
282.3001,1.4156
282.3216,1.428476
282.3431,1.44179
282.386,1.469697
282.429,1.49952
282.4719,1.531194
282.5149,1.564942
282.5579,1.600775
282.6009,1.638775
282.6438,1.678932
282.6868,1.721527
282.7297,1.766454
282.7727,1.814022
282.8156,1.864114
282.8586,1.917072
282.9015,1.972762
282.9445,2.031563
282.9874,2.093325
283.0304,2.158466
283.0733,2.22682
283.1163,2.298846
283.1592,2.374358
283.2022,2.453867
283.2452,2.537364
283.2882,2.625023
283.3311,2.716803
283.3741,2.813324
283.417,2.914336
283.46,3.020516
283.5029,3.131591
283.5459,3.24831
283.5888,3.370373
283.6318,3.498603
283.6747,3.632672
283.7177,3.773487
283.7606,3.920692
283.8036,4.075285
283.8465,4.236879
283.8895,4.406576
283.9325,4.584375
283.9755,4.770669
284.0184,4.965403
284.0614,5.169918
284.1043,5.383721
284.1473,5.608293
284.1902,5.843101
284.2332,6.089784
284.2761,6.347768
284.3191,6.618866
284.362,6.902461
284.405,7.200563
284.4479,7.512512
284.4909,7.840535
284.5338,8.183929
284.5768,8.545168
284.6197,8.923503
284.6627,9.321689
284.7056,9.73893
284.7486,10.1783
284.7915,10.63895
284.8345,11.12432
284.8774,11.63352
284.9204,12.1704
284.9633,12.73402
285.0063,13.32871
285.0492,13.95349
285.0922,14.61323
285.1351,15.30693
285.1781,16.04007
285.221,16.81164
285.264,17.62784
285.307,18.48973
285.35,19.40032
285.3929,20.36061
285.4359,21.3786
285.4788,22.45336
285.5218,23.59405
285.5647,24.79986
285.6077,26.08129
285.6506,27.43769
285.6936,28.88119
285.7365,30.41136
285.7795,32.04223
285.8224,33.77374
285.8654,35.62227
285.9083,37.58821
285.9513,39.69073
285.9942,41.93097
286.0372,44.33147
286.0801,46.89436
286.1231,49.64637
286.166,52.59101
286.209,55.76018
286.2519,59.15932
286.2949,62.82679
286.3378,66.77068
286.3808,71.03759
286.4237,75.63925
286.4667,80.6328
286.5096,86.0351
286.5526,91.91689
286.5955,98.30229
286.6385,105.2799
286.6815,112.9026
286.7245,121.2474
286.7674,130.3806
286.8104,140.4467
286.8533,151.5162
286.8748,157.4916
286.8963,163.7778
286.9178,170.3956
286.9392,177.3341
286.9607,184.6825
286.9822,192.4355
287.0037,200.622
287.0251,209.2318
287.0466,218.3794
287.0681,228.0626
287.0896,238.3219
287.111,249.1495
287.1325,260.6951
287.154,272.9625
287.1755,286.0101
287.1969,299.8357
287.2184,314.6386
287.2399,330.4346
287.2614,347.3096
287.2828,365.2724
287.3043,384.5962
287.3258,405.3176
287.3473,427.5671
287.3687,451.3754
287.3902,477.1272
287.4117,504.8976
287.4332,534.8909
287.4546,567.1798
287.4761,602.3236
287.4976,640.469
287.5191,681.9456
287.5405,726.9073
287.562,776.1963
287.5835,830.0932
287.605,889.1463
287.6264,953.6658
287.6479,1024.967
287.6694,1103.58
287.6909,1190.442
287.7016,1237.073
287.7123,1286.157
287.7231,1338.345
287.7338,1392.841
287.7446,1450.847
287.7553,1511.479
287.7661,1576.083
287.7768,1643.678
287.7875,1715.083
287.7982,1790.542
287.809,1871.087
287.8197,1955.505
287.8305,2045.677
287.8412,2140.244
287.852,2241.308
287.8627,2347.337
287.8734,2459.596
287.8841,2578.448
287.8949,2705.474
287.9056,2838.7
287.9164,2980.996
287.9271,3130.091
287.9379,3289.125
287.9486,3455.467
287.9593,3630.818
287.97,3815.385
287.9844,4078.518
287.9988,4358.527
288.0132,4654.904
288.0275,4964.294
288.0419,5289.099
288.0563,5624.302
288.085,6306.16
288.0994,6643.409
288.1138,6967.469
288.1282,7269.598
288.1425,7538.731
288.1569,7769.384
288.1713,7950.983
288.1857,8076.442
288.2,8140.639
288.2145,8142.069
288.2289,8080.759
288.2434,7959.438
288.2578,7785.733
288.2723,7565.031
288.2867,7309.125
288.3011,7025.635
288.3155,6723.234
288.3444,6090.046
288.3733,5461.896
288.3878,5159.344
288.4022,4870.777
288.4166,4595.663
288.431,4334.927
288.4473,4057.636
288.4636,3799.272
288.4799,3559.37
288.4962,3337.162
288.5125,3131.689
288.5288,2941.894
288.5451,2766.679
288.5614,2604.948
288.5777,2455.638
288.594,2317.738
288.6103,2190.295
288.6266,2072.425
288.6429,1963.309
288.6592,1862.197
288.6755,1768.401
288.6917,1681.809
288.708,1600.786
288.7243,1525.366
288.7406,1455.079
288.7569,1389.498
288.7732,1328.234
288.7895,1270.937
288.8058,1217.285
288.822,1167.29
288.8383,1120.071
288.8546,1075.707
288.8709,1033.979
288.8872,994.69
288.9035,957.6579
288.9198,922.7174
288.9361,889.7175
288.9523,858.7062
288.9686,829.1748
288.9849,801.2042
289.0012,774.6877
289.0175,749.5278
289.0501,702.9253
289.0827,660.7593
289.1153,622.4877
289.1479,587.6475
289.1805,555.8411
289.213,526.812
289.2456,500.0865
289.2782,475.501
289.3108,452.8319
289.3433,431.9458
289.3759,412.5434
289.4085,394.5407
289.4411,377.8051
289.4736,362.2652
289.5062,347.7213
289.5388,334.1305
289.5714,321.4098
289.604,309.4857
289.6366,298.2916
289.6692,287.7684
289.7018,277.8624
289.7343,268.5531
289.7669,259.7398
289.7995,251.4126
289.8321,243.5355
289.8646,236.0981
289.8972,229.0253
289.9298,222.3132
289.9949,209.8931
290.0601,198.6259
290.1252,188.3999
290.1904,179.0597
290.2555,170.5285
290.3207,162.6895
290.3858,155.4891
290.451,148.8378
290.5161,142.6977
290.5813,136.9991
290.6465,131.7071
290.7117,126.7826
290.7768,122.1978
290.842,117.9084
290.9071,113.9004
290.9723,110.1377
291.0374,106.6103
291.1026,103.2882
291.1678,100.16
291.233,97.21014
291.2981,94.42891
291.3633,91.7952
291.4284,89.3058
291.4936,86.94277
291.5587,84.70403
291.6239,82.57421
291.6891,80.54907
291.8194,76.78783
291.9497,73.36721
292.08,70.2453
292.2103,67.38655
292.3406,64.7607
292.4709,62.34175
292.6012,60.10736
292.7316,58.03663
292.8619,56.1159
292.9922,54.32886
293.1225,52.66261
293.2529,51.10471
293.3832,49.64754
293.5135,48.28101
293.6438,46.99729
293.7742,45.78847
293.9045,44.65013
294.0348,43.57573
294.1651,42.56022
294.2954,41.59908
294.4257,40.68821
294.556,39.82391
294.6863,39.00282
294.8167,38.2213
294.947,37.47778
295.0773,36.7691
295.2076,36.09295
295.4682,34.82992
295.7288,33.67376
295.9895,32.6114
296.2501,31.63287
296.5107,30.72853
296.7713,29.89044
297.032,29.11143
297.2926,28.38612
297.5533,27.70874
297.8139,27.07524
298.0746,26.48113
298.3352,25.92329
298.5958,25.39835
298.8564,24.90351
299.1171,24.4361
299.3777,23.99426
299.6383,23.57579
299.8989,23.17891
300.1596,22.80185
300.4202,22.44342
300.6808,22.10216
300.9414,21.77686
301.2021,21.46631
301.4627,21.16973
301.7234,20.886
301.984,20.61449
302.5053,20.10472
303.0265,19.63507
303.5478,19.20076
304.069,18.79805
304.5903,18.42338
305.1115,18.07399
305.6328,17.74722
306.1541,17.44094
306.6754,17.15321
307.1966,16.88239
307.7179,16.62687
308.2391,16.38542
308.7604,16.15678
309.2816,15.93998
309.8029,15.73399
310.3242,15.53802
310.8455,15.35131
311.3667,15.17319
311.888,15.00299
312.4092,14.84021
312.9305,14.68429
313.4517,14.53481
313.973,14.39128
314.4943,14.25337
315.0156,14.1207
315.5368,13.99298
316.5793,13.75112
317.6218,13.52566
318.6644,13.31475
319.7069,13.11691
320.7494,12.93075
321.7919,12.75509
322.8345,12.58893
323.877,12.43139
324.9196,12.28166
325.9621,12.13908
327.0047,12.00299
328.0472,11.87289
329.0897,11.74827
330.1322,11.62868
331.1748,11.51372
332.2173,11.40306
333.2598,11.29636
334.3023,11.19332
335.3449,11.09369
336.3874,10.99722
338.4724,10.81288
340.5575,10.63873
342.6425,10.47344
344.7276,10.31585
346.8126,10.16496
348.8977,10.01991
350.9827,9.879907
353.0678,9.744265
355.1528,9.612361
357.2379,9.483608
359.323,9.357473
361.4081,9.233451
363.4931,9.111056
365.5782,8.989805
367.6632,8.869236
369.7483,8.748858
371.8333,8.62819
373.9184,8.5067
376.0034,8.383842
378.0885,8.258994
380.1735,8.131488
382.2586,8.000539
383.3011,7.933505
384.3436,7.865267
385.3862,7.795681
386.4287,7.724611
387.4712,7.651887
388.5137,7.577329
389.5563,7.500728
390.5988,7.421878
391.6413,7.340522
392.6838,7.256382
393.7264,7.169134
394.7689,7.078439
395.8114,6.983882
396.8539,6.884999
397.8965,6.781245
398.4178,6.727354
398.939,6.67202
399.4603,6.615126
399.9815,6.556595
400.5028,6.496293
401.024,6.434125
401.5453,6.369938
402.0666,6.303603
402.5879,6.234966
403.1091,6.163872
403.6304,6.09011
404.1516,6.013507
404.6729,5.93381
405.1941,5.850807
405.7154,5.764193
406.2367,5.673686
406.758,5.578956
407.2792,5.479652
407.8005,5.375327
408.3217,5.265568
408.843,5.149821
409.1036,5.089546
409.3642,5.027563
409.6249,4.963764
409.8855,4.898112
410.1462,4.830465
410.4068,4.760779
410.6675,4.688899
410.9281,4.614772
411.1887,4.538258
411.4493,4.459238
411.71,4.377554
411.9706,4.293135
412.2312,4.205817
412.4918,4.115454
412.7525,4.021862
413.0131,3.92496
413.2737,3.824557
413.5343,3.720498
413.795,3.612584
414.0556,3.500754
414.3163,3.384782
414.5769,3.264641
414.8376,3.140153
415.0982,3.011372
415.2285,2.945358
415.3588,2.878277
415.4891,2.810143
415.6194,2.740985
415.7498,2.670787
415.8801,2.599702
416.0104,2.527739
416.1407,2.454981
416.271,2.381522
416.4013,2.307489
416.5316,2.233033
416.6619,2.158337
416.7923,2.083573
416.9226,2.009131
417.0529,1.935287
417.1832,1.862445
417.3135,1.791097
417.4438,1.721839
417.5741,1.65539
417.7044,1.592627
417.8348,1.534572
417.9651,1.482614
418.0954,1.438293
418.1606,1.419575
418.2257,1.403556
418.2909,1.3905
418.3561,1.380785
418.4213,1.3748
418.4864,1.372978
418.5516,1.375796
418.6167,1.383786
418.6819,1.397576
418.747,1.417799
418.8122,1.445277
418.8448,1.46199
418.8774,1.480838
418.91,1.501947
418.9426,1.525446
418.9589,1.538136
418.9752,1.551476
418.9915,1.565486
419.0077,1.580094
419.0159,1.587753
419.024,1.595498
419.0322,1.603522
419.0403,1.611632
419.0444,1.615806
419.0485,1.62003
419.0526,1.624302
419.0566,1.628516
419.0607,1.632884
419.0628,1.63514
419.0648,1.637301
419.0669,1.639582
419.0689,1.641767
419.0709,1.643965
419.0729,1.646174
419.075,1.648507
419.077,1.65074
419.0791,1.653098
419.0811,1.655356
419.0832,1.657741
419.0852,1.660025
419.0872,1.662319
419.0892,1.664627
419.0933,1.669397
419.0974,1.674219
419.1015,1.679094
419.1055,1.6839
419.1096,1.68888
419.1137,1.693914
419.1218,1.704017
419.1299,1.714334
419.138,1.72487
419.1462,1.735761
419.1543,1.746743
419.1706,1.769538
419.1869,1.79328
419.2032,1.817999
419.2195,1.843724
419.2358,1.870485
419.2521,1.898315
419.2683,1.927063
419.3009,1.988345
419.3335,2.054443
419.3661,2.125661
419.3986,2.202079
419.4312,2.284511
419.4638,2.373101
419.4964,2.46825
419.5289,2.57006
419.5615,2.679614
419.5941,2.797106
419.6267,2.923068
419.6592,3.057644
419.6918,3.202277
419.7244,3.357235
419.757,3.523236
419.7895,3.700497
419.8221,3.890946
419.8547,4.09497
419.871,4.202379
419.8873,4.313557
419.9036,4.428645
419.9199,4.547782
419.9362,4.67112
419.9525,4.798812
419.9688,4.931021
419.9851,5.067917
420.0014,5.209674
420.0177,5.356478
420.034,5.508523
420.0502,5.665025
420.0665,5.828126
420.0828,5.997096
420.0991,6.172166
420.1154,6.353578
420.148,6.736442
420.1805,7.146543
420.2131,7.588774
420.2457,8.064528
420.2783,8.57668
420.3108,9.126646
420.3434,9.721307
420.376,10.36291
420.4086,11.05576
420.4411,11.80225
420.4737,12.61228
420.5063,13.48957
420.5389,14.44076
420.5714,15.46998
420.604,16.59189
420.6203,17.18935
420.6366,17.81283
420.6529,18.4637
420.6692,19.14341
420.6855,19.85349
420.7017,20.59096
420.718,21.36663
420.7343,22.17795
420.7506,23.02689
420.7669,23.9156
420.7832,24.84635
420.7995,25.82157
420.8158,26.84388
420.832,27.90935
420.8483,29.03411
420.8646,30.21494
420.8809,31.45534
420.8972,32.75901
420.9135,34.12995
420.9298,35.57251
420.9461,37.09133
420.9624,38.69146
420.9787,40.37832
420.995,42.15782
421.0113,44.03634
421.0276,46.02081
421.0439,48.11873
421.0602,50.33832
421.0765,52.68846
421.0927,55.16315
421.109,57.8035
421.1253,60.60625
421.1416,63.58409
421.1579,66.75097
421.1742,70.12216
421.1905,73.7145
421.2068,77.5465
421.223,81.61271
421.2393,85.98582
421.2556,90.66662
421.2719,95.68293
421.2882,101.0657
421.3045,106.8493
421.3208,113.0724
421.3371,119.7779
421.3533,126.9682
421.3696,134.7862
421.3859,143.2502
421.4022,152.4295
421.4185,162.4026
421.4348,173.2587
421.4511,185.0992
421.4674,198.0403
421.4836,212.124
421.4999,227.6765
421.5162,244.7912
421.5325,263.6724
421.5407,273.9123
421.5488,284.5577
421.557,295.9076
421.5651,307.7238
421.5733,320.3404
421.5814,333.4949
421.5896,347.562
421.5977,362.2519
421.6058,377.7888
421.6139,394.235
421.6221,411.88
421.6302,430.3682
421.6384,450.239
421.6465,471.0969
421.6547,493.5561
421.6628,517.1752
421.671,542.6563
421.6791,569.5061
421.6873,598.5302
421.6954,629.175
421.7036,662.3695
421.7117,697.4901
421.7199,735.6123
421.728,776.0312
421.7361,819.4409
421.7442,866.1107
421.7524,916.9797
421.7605,971.1352
421.7687,1030.28
421.7768,1093.364
421.785,1162.383
421.7931,1236.118
421.8013,1316.905
421.8094,1403.315
421.8176,1498.073
421.8257,1599.478
421.8339,1710.681
421.842,1829.619
421.8502,1959.882
421.8583,2098.907
421.8664,2248.761
421.8745,2409.871
421.8824,2578.087
421.8902,2754.917
421.8981,2944.591
421.9059,3141.61
421.9138,3349.805
421.9216,3562.094
421.9373,3998.717
421.9452,4215.56
421.953,4421.492
421.9609,4616.169
421.9687,4788.767
421.9766,4937.711
421.9844,5053.785
421.9922,5134.596
422.0,5177.044
422.0079,5179.486
422.0157,5142.268
422.0236,5066.666
422.0314,4958.307
422.0393,4819.327
422.0471,4658.73
422.055,4478.183
422.0628,4287.746
422.0785,3887.26
422.0942,3489.298
422.1021,3296.863
422.1099,3114.27
422.1177,2940.059
422.1255,2774.831
422.1351,2584.189
422.1446,2409.33
422.1541,2247.823
422.1636,2099.051
422.1731,1962.255
422.1826,1836.601
422.1921,1721.236
422.2016,1615.321
422.2111,1518.047
422.2206,1428.656
422.2301,1346.438
422.2396,1270.744
422.2491,1200.978
422.2586,1136.598
422.2681,1077.112
422.2776,1022.076
422.2872,970.5718
422.2967,923.3076
422.3062,879.4003
422.3157,838.556
422.3252,800.5102
422.3347,765.0239
422.3442,731.8815
422.3537,700.8888
422.3632,671.8696
422.3727,644.6649
422.3822,619.1305
422.3917,595.1358
422.4012,572.5621
422.4107,551.3014
422.4202,531.256
422.4297,512.3361
422.4393,494.2774
422.4488,477.3809
422.4583,461.3851
422.4678,446.2277
422.4773,431.8516
422.4868,418.2041
422.5058,392.9066
422.5248,369.9936
422.5438,349.1747
422.5628,330.202
422.5818,312.8626
422.6009,296.8935
422.6199,282.3025
422.6389,268.8654
422.6579,256.4621
422.6769,244.9884
422.6959,234.3523
422.7149,224.4734
422.7339,215.2802
422.753,206.6662
422.772,198.6654
422.791,191.1815
422.81,184.1699
422.829,177.5909
422.848,171.4091
422.867,165.5921
422.886,160.1115
422.9051,154.9146
422.9241,150.0322
422.9431,145.4151
422.9621,141.0437
422.9811,136.9007
423.0001,132.9697
423.0191,129.2363
423.0381,125.6871
423.0762,119.0764
423.1142,113.0855
423.1522,107.6232
423.1902,102.627
423.2283,98.0321
423.2663,93.8168
423.3043,89.92897
423.3423,86.33433
423.3804,82.99461
423.4184,79.90119
423.4564,77.02208
423.4944,74.33715
423.5325,71.82221
423.5705,69.47467
423.6085,67.27369
423.6465,65.20678
423.6846,63.25781
423.7226,61.42698
423.7606,59.70005
423.7986,58.06892
423.8367,56.52233
423.8747,55.06178
423.9127,53.67713
423.9507,52.36291
423.9888,51.111
424.0268,49.92342
424.0648,48.7927
424.1028,47.71506
424.1789,45.70295
424.2549,43.86795
424.331,42.18447
424.407,40.63929
424.4831,39.21318
424.5591,37.89684
424.6352,36.67551
424.7112,35.5426
424.7873,34.48653
424.8633,33.50259
424.9394,32.58156
425.0154,31.72006
425.0915,30.91064
425.1675,30.15083
425.2436,29.43456
425.3196,28.76003
425.3957,28.12221
425.4717,27.51983
425.5478,26.94864
425.6238,26.40776
425.6999,25.89358
425.7759,25.40551
425.852,24.94046
425.928,24.49803
426.0041,24.07558
426.0801,23.67285
426.2322,22.91952
426.3843,22.22929
426.5364,21.5947
426.6885,21.00944
426.8406,20.46807
426.9927,19.96592
427.1448,19.49897
427.2969,19.06367
427.449,18.65696
427.6011,18.27615
427.7532,17.91887
427.9053,17.58301
428.0574,17.26672
428.2095,16.96835
428.3616,16.68642
428.5137,16.41961
428.6658,16.16674
428.8179,15.92675
428.97,15.69865
429.1221,15.4816
429.2742,15.2748
429.4263,15.07755
429.5784,14.88917
429.7305,14.70907
429.8826,14.53673
430.0347,14.37164
430.3389,14.0614
430.6431,13.77514
430.9473,13.51011
431.2515,13.26396
431.5557,13.03467
431.8599,12.82052
432.1641,12.61998
432.4683,12.43172
432.7725,12.2546
433.0767,12.0876
433.3809,11.92981
433.6851,11.78044
433.9893,11.63879
434.2935,11.50421
434.5977,11.37614
434.9019,11.25407
435.2061,11.13755
435.5103,11.02616
435.8145,10.91953
436.1187,10.81733
436.4229,10.71923
436.7271,10.62497
437.0313,10.53427
437.3355,10.44693
437.9439,10.28142
438.5523,10.12691
439.1607,9.98211
439.7691,9.845932
440.3775,9.717426
440.9859,9.595774
441.5942,9.480283
442.2026,9.370295
442.811,9.265286
443.4194,9.164776
444.0278,9.068341
444.6362,8.975605
445.2446,8.88623
445.853,8.799916
446.4614,8.716391
447.0698,8.635414
447.6782,8.556764
448.2866,8.480239
448.895,8.405659
450.1118,8.261684
451.3285,8.123676
452.5453,7.990623
453.7621,7.861687
454.9789,7.736126
456.1957,7.613295
457.4125,7.492615
458.6293,7.373571
459.8461,7.255687
461.0628,7.138542
462.2796,7.021707
463.4964,6.90481
464.7132,6.787479
465.93,6.66936
467.1468,6.5501
468.3636,6.429348
469.5804,6.306753
470.7971,6.181966
472.0139,6.054598
473.2307,5.924276
474.4475,5.7906
475.6643,5.653147
476.8811,5.51147
478.0979,5.365087
479.3147,5.213487
480.5314,5.056127
481.7482,4.892382
482.965,4.721616
483.5734,4.633384
484.1818,4.543128
484.7902,4.450752
485.3986,4.356155
486.007,4.259234
486.6154,4.159878
487.2238,4.057979
487.8322,3.953421
488.4406,3.846085
489.049,3.735854
489.6574,3.622603
490.2657,3.506235
490.8741,3.386588
491.4825,3.263566
492.0909,3.137061
492.6993,3.006971
493.3077,2.873214
493.9161,2.735727
494.5245,2.594478
495.1329,2.449476
495.7413,2.300794
496.3497,2.148573
496.9581,1.993066
497.5665,1.834666
497.8707,1.754554
498.1749,1.673956
498.4791,1.592985
498.7833,1.511776
499.0875,1.43049
499.3917,1.349316
499.6959,1.268478
500.0,1.188267
500.4098,1.081681
500.8195,0.9777061
501.2293,0.8774441
501.639,0.7823844
501.8439,0.7373318
502.0488,0.6942833
502.2537,0.6535371
502.4585,0.615445
502.561,0.5974848
502.6634,0.580345
502.7659,0.5640464
502.8683,0.5486784
502.9708,0.5342718
503.0732,0.5209197
503.1756,0.5086763
503.278,0.4976145
503.3805,0.487803
503.4829,0.4793435
503.5854,0.4723073
503.6878,0.4668015
503.7903,0.4629148
503.8927,0.4607608
503.9951,0.4604473
504.0463,0.4610181
504.0975,0.4620945
504.1488,0.4636966
504.2,0.4658349
504.2256,0.4671115
504.2512,0.4685293
504.2768,0.4700906
504.3024,0.4717978
504.3281,0.4736606
504.3409,0.4746449
504.3537,0.4756669
504.3665,0.4767273
504.3793,0.4778263
504.3921,0.478964
504.3985,0.4795475
504.4049,0.4801409
504.4113,0.4807441
504.4177,0.4813573
504.4241,0.4819803
504.4273,0.4822955
504.4305,0.4826133
504.4337,0.4829336
504.4369,0.4832564
504.4401,0.4835817
504.4433,0.4839095
504.4465,0.4842399
504.4497,0.4845728
504.4529,0.4849082
504.4561,0.4852462
504.4593,0.4855868
504.4625,0.4859298
504.4657,0.4862754
504.4689,0.4866236
504.4721,0.4869744
504.4753,0.4873276
504.4817,0.4880421
504.4881,0.4887667
504.4945,0.4895018
504.5009,0.4902474
504.5073,0.4910034
504.5202,0.4925593
504.533,0.4941456
504.5458,0.4957746
504.5586,0.4974468
504.5714,0.4991624
504.5842,0.5009217
504.6098,0.5045731
504.6354,0.5084039
504.661,0.5124169
504.6866,0.5166151
504.7122,0.5210014
504.7634,0.5303508
504.8146,0.5404899
504.8658,0.5514447
504.917,0.5632418
504.9683,0.5759347
505.0195,0.5895024
505.1219,0.6194533
505.2244,0.6534038
505.3268,0.6915558
505.3781,0.7123499
505.4293,0.7342723
505.4805,0.7574018
505.5317,0.7817792
505.5829,0.8074467
505.6341,0.8344482
505.6853,0.8628292
505.7365,0.8926369
505.7878,0.9239827
505.839,0.9567955
505.8902,0.9911875
505.9414,1.027214
505.9927,1.065006
506.0439,1.104477
506.0951,1.145759
506.1463,1.188917
506.1976,1.234107
506.2488,1.281221
506.3,1.330419
506.3512,1.381773
506.4024,1.435362
506.4536,1.491267
506.5048,1.549571
506.556,1.610363
506.6073,1.67386
506.6585,1.739908
506.7097,1.80873
506.7609,1.880426
506.8122,1.955254
506.8634,2.033035
506.9146,2.114028
506.9658,2.198355
507.0171,2.286318
507.0683,2.377708
507.1195,2.472831
507.1707,2.571831
507.2219,2.674861
507.2731,2.782078
507.3243,2.893649
507.3755,3.009744
507.4268,3.130788
507.478,3.256497
507.5292,3.387299
507.5804,3.523403
507.6317,3.66531
507.6829,3.812692
507.7341,3.966061
507.7853,4.125667
507.8366,4.292101
507.8878,4.464994
507.9902,4.832276
508.0926,5.230324
508.195,5.661892
508.2975,6.130504
508.3999,6.638628
508.5024,7.191015
508.6048,7.790765
508.7073,8.443711
508.8097,9.15378
508.9121,9.9274
508.9633,10.34005
509.0145,10.77109
509.0658,11.22238
509.117,11.69314
509.1682,12.18531
509.2194,12.70001
509.2707,13.23953
509.3219,13.80304
509.3731,14.39293
509.4243,15.01067
509.4756,15.65907
509.5268,16.3373
509.578,17.04833
509.6292,17.79405
509.6804,18.5765
509.7316,19.39782
509.7828,20.26035
509.834,21.16656
509.8853,22.12103
509.9365,23.12292
509.9877,24.1771
510.0389,25.28692
510.0902,26.45828
510.1414,27.69047
510.1926,28.98989
510.2438,30.36104
510.2951,31.81167
510.3463,33.34142
510.3975,34.95876
510.4487,36.66988
510.4999,38.48154
510.5511,40.40107
510.6023,42.43647
510.6535,44.59646
510.7048,46.8952
510.756,49.33418
510.8072,51.92917
510.8584,54.69272
510.9097,57.64457
510.9609,60.78842
511.0121,64.14658
511.0633,67.73758
511.1146,71.58964
511.1658,75.7105
511.217,80.13262
511.2682,84.8841
511.3194,89.99626
511.3706,95.5041
511.4218,101.4468
511.473,107.8685
511.5243,114.8329
511.5755,122.3687
511.6267,130.5524
511.6779,139.4558
511.7292,149.1803
511.7804,159.7814
511.8316,171.3838
511.8828,184.11
511.9341,198.1297
511.9853,213.5512
512.0365,230.5897
512.0621,239.7827
512.0877,249.4651
512.1133,259.6702
512.1389,270.4341
512.1645,281.7959
512.1901,293.798
512.2157,306.4863
512.2413,319.911
512.2669,334.1266
512.2925,349.1925
512.3182,365.2375
512.3438,382.2076
512.3694,400.2409
512.395,419.4214
512.4206,439.8418
512.4462,461.6032
512.4718,484.8168
512.4974,509.6045
512.5231,536.2071
512.5487,564.5657
512.5743,594.9421
512.5999,627.5152
512.6255,662.4811
512.6511,700.0567
512.6767,740.4804
512.7023,784.0151
512.728,831.1406
512.7536,881.8098
512.7792,936.5491
512.8048,995.7426
512.8304,1059.81
512.856,1129.21
512.8816,1204.44
512.9072,1286.036
512.9328,1374.573
512.9584,1470.659
512.984,1574.93
513.0096,1688.037
513.0352,1810.63
513.0608,1943.331
513.0864,2086.699
513.112,2241.182
513.1363,2398.353
513.1605,2565.094
513.1848,2742.52
513.209,2928.534
513.2333,3123.56
513.2575,3324.311
513.306,3736.07
513.3303,3940.095
513.3545,4135.87
513.3788,4319.775
513.403,4484.734
513.4273,4626.494
513.4515,4738.716
513.4758,4818.003
513.5,4860.689
513.5243,4865.704
513.5485,4833.335
513.5728,4765.33
513.597,4665.693
513.6213,4538.141
513.6455,4388.864
513.6698,4221.999
513.694,4044.093
513.7425,3670.654
513.791,3298.689
513.8153,3119.323
513.8395,2947.512
513.8638,2782.835
513.888,2627.242
513.9093,2497.46
513.9305,2374.991
513.9517,2259.131
513.9729,2149.725
513.9942,2046.085
514.0154,1948.932
514.0366,1857.483
514.0578,1771.447
514.0791,1690.155
514.1003,1614.073
514.1215,1542.517
514.1427,1475.203
514.1639,1411.865
514.1851,1352.242
514.2063,1296.092
514.2275,1243.186
514.2488,1193.08
514.27,1146.042
514.2912,1101.642
514.3124,1059.704
514.3336,1020.064
514.3548,982.5716
514.376,947.0855
514.3972,913.4745
514.4185,881.4708
514.4397,851.2616
514.4609,822.588
514.4821,795.3529
514.5245,744.8438
514.5669,699.0878
514.6094,657.4332
514.6518,619.5924
514.6942,585.0446
514.7366,553.4267
514.7791,524.3568
514.8215,497.6953
514.8639,473.1294
514.9063,450.4472
514.9488,429.4148
514.9912,409.9666
515.0336,391.9058
515.076,375.1038
515.1185,359.4106
515.1609,344.7981
515.2033,331.1371
515.2457,318.3465
515.2882,306.3259
515.3306,295.0665
515.3731,284.4558
515.4155,274.4906
515.458,265.0758
515.5004,256.212
515.5428,247.8369
515.5852,239.9149
515.6277,232.3961
515.6701,225.2861
515.7125,218.5397
515.7549,212.1318
515.8398,200.2301
515.9246,189.4483
516.0095,179.6251
516.0943,170.6682
516.1792,162.4575
516.264,154.9275
516.3489,147.9874
516.4337,141.59
516.5186,135.6651
516.6034,130.1785
516.6883,125.0751
516.7732,120.3241
516.8581,115.8931
516.9429,111.7575
517.0278,107.8819
517.1126,104.2525
517.1975,100.8402
517.2823,97.63491
517.3672,94.61249
517.452,91.76535
517.5369,89.07344
517.6217,86.53107
517.7066,84.12135
517.7914,81.84008
517.8763,79.67289
517.9611,77.6167
518.046,75.6592
518.1308,73.79818
518.3005,70.33212
518.4702,67.17447
518.6399,64.28798
518.8096,61.64097
518.9793,59.20633
519.149,56.96075
519.3187,54.88412
519.4885,52.95788
519.6582,51.16908
519.8279,49.50324
519.9976,47.94866
520.1673,46.49506
520.337,45.13332
520.5067,43.85538
520.6764,42.65406
520.8461,41.52293
521.0158,40.45626
521.1855,39.44891
521.3552,38.49624
521.5249,37.59408
521.6946,36.73865
521.8643,35.92655
522.034,35.15467
522.2038,34.41975
522.3735,33.72011
522.5432,33.05295
522.7129,32.41612
523.0523,31.22575
523.3917,30.13513
523.7311,29.13247
524.0705,28.20776
524.4099,27.35237
524.7493,26.55891
525.0888,25.82076
525.4282,25.13274
525.7676,24.48977
526.107,23.88757
526.4464,23.32238
526.7858,22.79085
527.1252,22.29005
527.4646,21.81734
527.8041,21.37024
528.1435,20.94694
528.4829,20.5454
528.8223,20.16393
529.1617,19.801
529.5011,19.45523
529.8405,19.12537
530.1799,18.81027
530.5194,18.50879
530.8588,18.22019
531.1982,17.94349
531.5376,17.67791
532.2164,17.17719
532.8952,16.71288
533.5741,16.28046
534.2529,15.87627
534.9317,15.49695
535.6105,15.13962
536.2894,14.80173
536.9682,14.48109
537.6471,14.17566
538.3259,13.88367
539.0048,13.60341
539.6836,13.33343
540.3624,13.07226
541.0412,12.81853
541.7201,12.57091
542.3989,12.32817
543.0777,12.08898
543.7565,11.85199
544.4354,11.61574
544.7748,11.49746
545.1142,11.37878
545.4536,11.2595
545.793,11.13937
546.1324,11.01816
546.4718,10.89558
546.8113,10.77132
547.1507,10.64511
547.4901,10.51659
547.8295,10.38534
548.1689,10.25095
548.5083,10.11292
548.8477,9.970719
549.1871,9.82372
549.5266,9.671175
549.6963,9.592616
549.866,9.51237
550.0357,9.430317
550.2054,9.346329
550.3751,9.260267
550.5448,9.171979
550.7145,9.081302
550.8842,8.98806
551.0539,8.892064
551.2236,8.793102
551.3933,8.690952
551.563,8.585363
551.7327,8.476069
551.9024,8.362776
552.0722,8.245092
552.2419,8.1228
552.4116,7.995451
552.5813,7.862619
552.751,7.723841
552.9207,7.578607
553.0904,7.426361
553.1753,7.347373
553.2601,7.266494
553.345,7.183448
553.4298,7.098343
553.5147,7.010888
553.5995,6.921192
553.6844,6.828947
553.7692,6.734271
553.8541,6.636837
553.9389,6.536769
554.0238,6.433728
554.1086,6.327849
554.1935,6.218781
554.2783,6.106681
554.3632,5.991192
554.448,5.872506
554.5329,5.750272
554.6177,5.624733
554.7026,5.495576
554.7875,5.362969
554.8724,5.226989
554.9572,5.087949
555.0421,4.945767
555.1269,4.801148
555.1694,4.727852
555.2118,4.654298
555.2542,4.580419
555.2966,4.506339
555.3391,4.432028
555.3815,4.358009
555.4239,4.284308
555.4663,4.211163
555.5088,4.138683
555.5512,4.067535
555.5936,3.997932
555.636,3.930322
555.6785,3.865083
555.7209,3.803144
555.7633,3.745078
555.8057,3.691747
555.8482,3.644064
555.8906,3.603458
555.933,3.571239
555.9754,3.549105
556.0179,3.539078
556.0603,3.543636
556.1027,3.565655
556.1451,3.608653
556.1664,3.639478
556.1876,3.677085
556.2088,3.722283
556.23,3.775821
556.2512,3.838531
556.2724,3.911334
556.2936,3.995253
556.3148,4.091426
556.3361,4.20167
556.3573,4.326372
556.3785,4.467598
556.3891,4.544953
556.3997,4.627119
556.4103,4.714352
556.4156,4.759952
556.4209,4.806923
556.4262,4.855299
556.4315,4.905119
556.4368,4.95642
556.4421,5.009245
556.4474,5.063631
556.4527,5.119624
556.458,5.177265
556.4633,5.236601
556.4686,5.297677
556.4739,5.360541
556.4792,5.425244
556.4845,5.491835
556.4899,5.561679
556.4952,5.632246
556.5058,5.779595
556.5164,5.935627
556.527,6.100844
556.5376,6.275782
556.5482,6.461012
556.5588,6.657146
556.5694,6.864837
556.58,7.084785
556.5906,7.317738
556.6012,7.564499
556.6118,7.82593
556.6224,8.102955
556.633,8.396566
556.6436,8.707832
556.6542,9.037903
556.6649,9.391418
556.6755,9.763116
556.6861,10.15765
556.6967,10.57657
556.7073,11.02156
556.7179,11.49445
556.7285,11.99721
556.7391,12.532
556.7497,13.10112
556.7603,13.70712
556.7709,14.35275
556.7815,15.04103
556.7921,15.77522
556.8027,16.5589
556.8133,17.39602
556.8239,18.29086
556.8346,19.25748
556.8452,20.28305
556.8558,21.38202
556.8664,22.56069
556.877,23.82602
556.8876,25.18573
556.8982,26.64834
556.9088,28.22336
556.9194,29.92134
556.93,31.75407
556.9406,33.73469
556.9512,35.87795
556.9565,37.01567
556.9618,38.2004
556.9671,39.43454
556.9724,40.72065
556.9777,42.0614
556.983,43.45969
556.9883,44.91857
556.9936,46.4413
556.999,48.06201
557.0043,49.72443
557.0096,51.46189
557.0149,53.27861
557.0202,55.1791
557.0255,57.16819
557.0308,59.25103
557.0361,61.43316
557.0414,63.72053
557.0467,66.11947
557.052,68.63685
557.0573,71.28001
557.0626,74.05685
557.0679,76.9759
557.0732,80.04632
557.0785,83.27803
557.0838,86.68172
557.0891,90.26898
557.0944,94.0523
557.0997,98.04526
557.105,102.2626
557.1103,106.7202
557.1156,111.4356
557.1209,116.4275
557.1262,121.7167
557.1315,127.3255
557.1368,133.2786
557.1421,139.6028
557.1474,146.3275
557.1527,153.4849
557.158,161.1105
557.1633,169.2432
557.1687,178.0953
557.174,187.3871
557.1793,197.3295
557.1846,207.9803
557.1899,219.4037
557.1952,231.6707
557.2005,244.8603
557.2058,259.0605
557.2111,274.3689
557.2164,290.8949
557.2217,308.7605
557.227,328.1021
557.2323,349.0725
557.2376,371.8432
557.2429,396.6065
557.2482,423.5784
557.2535,453.0018
557.2588,485.1498
557.2641,520.329
557.2694,558.8844
557.2747,601.2023
557.28,647.716
557.2827,673.1781
557.2853,698.9085
557.288,726.9569
557.2906,755.3163
557.2933,786.2458
557.2959,817.5316
557.2986,851.6654
557.3012,886.2024
557.3039,923.8905
557.3065,962.0275
557.3092,1003.643
557.3118,1045.748
557.3145,1091.681
557.3171,1138.131
557.3198,1188.77
557.3224,1239.935
557.3251,1295.652
557.3277,1351.871
557.3304,1412.986
557.333,1474.525
557.3372,1579.59
557.3414,1691.66
557.3456,1810.583
557.3498,1935.952
557.354,2067.046
557.3582,2202.753
557.3665,2477.9
557.3707,2616.049
557.3749,2749.527
557.3791,2874.815
557.3833,2988.137
557.3875,3085.689
557.3917,3163.936
557.3959,3219.914
557.4,3251.072
557.4042,3257.919
557.4084,3239.538
557.4126,3197.206
557.4168,3133.193
557.421,3050.501
557.4252,2952.577
557.4294,2843.011
557.4335,2728.166
557.4419,2480.769
557.4503,2233.338
557.4545,2114.002
557.4587,1999.086
557.4629,1889.283
557.467,1787.431
557.471,1693.332
557.475,1604.48
557.479,1520.812
557.4829,1444.098
557.4869,1370.219
557.4909,1300.985
557.4949,1236.153
557.4988,1176.94
557.5028,1120.062
557.5068,1066.836
557.5108,1017.02
557.5147,971.5084
557.5187,927.7516
557.5227,886.7455
557.5267,848.2941
557.5306,813.0882
557.5346,779.1555
557.5386,747.2689
557.5426,717.2816
557.5465,689.7427
557.5505,663.1171
557.5545,638.0162
557.5585,614.333
557.5624,592.5125
557.5664,571.3464
557.5704,551.3262
557.5744,532.3744
557.5783,514.8563
557.5823,497.8091
557.5863,481.6328
557.5942,452.0277
557.6022,424.8923
557.6101,400.5687
557.6181,378.1469
557.626,357.9381
557.634,339.2111
557.6419,322.2471
557.6499,306.4512
557.6578,292.076
557.6658,278.6312
557.6737,266.3439
557.6817,254.8052
557.6896,244.2189
557.6976,234.2405
557.7055,225.0532
557.7135,216.3639
557.7214,208.3372
557.7294,200.7218
557.7373,193.6658
557.7453,186.952
557.7532,180.7142
557.7612,174.7629
557.7691,169.2193
557.7771,163.9173
557.785,158.9666
557.793,154.2209
557.8009,149.78
557.8089,145.5137
557.8168,141.5132
557.8327,134.0445
557.8486,127.2718
557.8645,121.1089
557.8804,115.4826
557.8963,110.3304
557.9122,105.599
557.9281,101.2421
557.944,97.21988
557.9599,93.49773
557.9758,90.04539
557.9917,86.83642
558.0076,83.84756
558.0235,81.0583
558.0394,78.45051
558.0553,76.00813
558.0712,73.71682
558.0871,71.56382
558.103,69.5377
558.1189,67.62821
558.1348,65.82614
558.1507,64.12317
558.1666,62.51182
558.1825,60.98529
558.1984,59.53741
558.2143,58.16259
558.2302,56.85572
558.2461,55.61216
558.262,54.42765
558.2938,52.22053
558.3256,50.20693
558.3574,48.36361
558.3892,46.6708
558.421,45.1116
558.4528,43.67146
558.4846,42.33782
558.5164,41.09975
558.5482,39.94776
558.58,38.87352
558.6118,37.8697
558.6436,36.92987
558.6754,36.04831
558.7072,35.21996
558.739,34.44031
558.7708,33.70533
558.8026,33.01141
558.8344,32.35532
558.8662,31.73413
558.898,31.14523
558.9298,30.58623
558.9616,30.05497
558.9934,29.5495
559.0252,29.06802
559.057,28.60892
559.0888,28.17072
559.1206,27.75204
559.1842,26.96839
559.2478,26.24916
559.3114,25.58686
559.375,24.97511
559.4386,24.40842
559.5021,23.88287
559.5657,23.39268
559.6293,22.93515
559.6929,22.50715
559.7565,22.10592
559.8201,21.72906
559.8837,21.37441
559.9473,21.04007
560.0109,20.72434
560.0745,20.42572
560.1381,20.14284
560.2017,19.8745
560.2653,19.61957
560.3289,19.37709
560.3925,19.14615
560.4561,18.92592
560.5197,18.71569
560.5833,18.51478
560.6469,18.32255
560.7105,18.13845
560.7741,17.96198
560.9013,17.63002
561.0285,17.3233
561.1557,17.03898
561.2829,16.77461
561.4101,16.52809
561.5372,16.29777
561.6644,16.08171
561.7916,15.8787
561.9188,15.68756
562.046,15.5072
562.1732,15.33667
562.3004,15.17515
562.4276,15.02187
562.5548,14.87619
562.682,14.7375
562.8092,14.60527
562.9364,14.47902
563.0636,14.3583
563.1908,14.24273
563.318,14.13195
563.4452,14.02562
563.5723,13.92354
563.6995,13.82528
563.8267,13.73066
564.0811,13.55146
564.3355,13.38435
564.5899,13.22795
564.8443,13.0811
565.0987,12.94281
565.3531,12.81219
565.6074,12.68855
565.8618,12.57114
566.1162,12.45941
566.3706,12.35287
566.625,12.25106
566.8794,12.15359
567.1338,12.06009
567.3882,11.97026
567.6425,11.88384
567.8969,11.80052
568.1513,11.72008
568.4057,11.64232
568.6601,11.56707
569.1689,11.42336
569.6776,11.28778
570.1864,11.15927
570.6952,11.03701
571.204,10.92027
571.7127,10.80846
572.2215,10.70101
572.7303,10.59745
573.2391,10.4974
573.7478,10.40052
574.2566,10.30644
574.7654,10.21494
575.2742,10.12573
575.7829,10.03861
576.8005,9.869792
577.818,9.707127
578.8356,9.549408
579.8531,9.395671
580.8707,9.245021
581.8882,9.096728
582.9058,8.950076
583.9233,8.80447
584.9409,8.659295
585.9584,8.514026
586.976,8.368098
587.9935,8.221014
589.011,8.072231
590.0285,7.921218
591.0461,7.767409
592.0636,7.610263
593.0812,7.449144
594.0987,7.283441
595.1163,7.112429
596.1338,6.935387
597.1514,6.751461
598.1689,6.559782
598.6777,6.460708
599.1865,6.359308
599.6953,6.255437
600.204,6.148966
600.7128,6.039694
601.2216,5.927471
601.7304,5.812121
602.2391,5.693478
602.7479,5.571293
603.2567,5.445381
603.7655,5.315517
604.2742,5.181494
604.783,5.043011
605.2918,4.899833
605.8006,4.75169
606.3093,4.598332
606.8181,4.439406
607.3269,4.274647
607.8357,4.103758
608.3444,3.926481
608.8532,3.742472
609.362,3.551516
609.6164,3.453369
609.8708,3.353415
610.1252,3.251642
610.3795,3.148087
610.6339,3.042668
610.8883,2.935444
611.1427,2.82644
611.3971,2.715698
611.6515,2.603281
611.9059,2.489272
612.1603,2.373786
612.4146,2.257014
612.669,2.139053
612.9234,2.020185
613.1778,1.900706
613.4322,1.780986
613.6866,1.661483
613.941,1.542764
614.1954,1.425529
614.4497,1.310684
614.7041,1.1992
614.9585,1.092432
615.2129,0.9920002
615.3401,0.9447678
615.4673,0.8999051
615.5945,0.8577382
615.7217,0.8186313
615.8489,0.7829909
615.9761,0.7512712
616.1033,0.7239807
616.1669,0.7121716
616.2305,0.7016886
616.2941,0.6926138
616.3577,0.6850339
616.4213,0.6790412
616.4848,0.674739
616.5484,0.6722171
616.612,0.6715938
616.6756,0.672986
616.7392,0.6765178
616.771,0.6791268
616.8028,0.6823209
616.8346,0.6861177
616.8664,0.6905355
616.8823,0.6929833
616.8982,0.6955934
616.9141,0.6983684
616.93,0.7013108
616.9459,0.7044231
616.9618,0.7077079
616.9698,0.7094266
616.9777,0.7111677
616.9857,0.7129756
616.9936,0.7148053
617.0016,0.7167036
617.0095,0.7186233
617.0175,0.7206135
617.0254,0.7226246
617.0334,0.724708
617.0413,0.7268118
617.0572,0.7311879
617.0731,0.7357556
617.089,0.7405179
617.1049,0.7454778
617.1208,0.7506382
617.1367,0.7560023
617.1526,0.7615732
617.1844,0.7733479
617.2162,0.7859883
617.248,0.7995211
617.2798,0.8139741
617.3116,0.8293758
617.3434,0.8457555
617.3752,0.8631441
617.4388,0.9010743
617.5024,0.9434315
617.566,0.9904991
617.6296,1.04258
617.6932,1.099999
617.7568,1.163103
617.8204,1.232265
617.884,1.307884
617.9476,1.390388
618.0112,1.480238
618.0748,1.577927
618.1384,1.683987
618.1702,1.740334
618.202,1.798992
618.2338,1.860038
618.2656,1.923556
618.2974,1.989629
618.3292,2.058345
618.361,2.129795
618.3928,2.204076
618.4246,2.281284
618.4564,2.361522
618.4882,2.444899
618.5199,2.531244
618.5517,2.621221
618.5835,2.71468
618.6153,2.811747
618.6471,2.912553
618.6789,3.017231
618.7107,3.125924
618.7425,3.238779
618.7743,3.355948
618.8061,3.477593
618.8379,3.603877
618.8697,3.734978
618.9015,3.871073
618.9651,4.159018
619.0287,4.469327
619.0923,4.803763
619.1559,5.164253
619.2195,5.552902
619.2831,5.972018
619.3467,6.424132
619.4103,6.912025
619.4739,7.438754
619.5375,8.007687
619.6011,8.622541
619.6647,9.287424
619.7283,10.00689
619.7919,10.78597
619.8555,11.63028
619.9191,12.54604
619.9827,13.54023
620.0463,14.62062
620.1099,15.79591
620.1735,17.07588
620.2371,18.47154
620.3007,19.9953
620.3643,21.66119
620.3961,22.55233
620.4279,23.48512
620.4597,24.46191
620.4915,25.48518
620.5233,26.5576
620.555,27.67839
620.5868,28.85766
620.6186,30.09522
620.6504,31.39457
620.6822,32.75946
620.714,34.19392
620.7458,35.70229
620.7776,37.28921
620.8094,38.95972
620.8412,40.71921
620.873,42.57355
620.9048,44.52901
620.9366,46.59243
620.9684,48.77118
621.0002,51.07326
621.032,53.50734
621.0638,56.08286
621.0956,58.81004
621.1274,61.70006
621.1592,64.76507
621.191,68.01834
621.2228,71.47439
621.2546,75.14912
621.2864,79.05991
621.3182,83.2259
621.35,87.6681
621.3818,92.40966
621.4136,97.47608
621.4454,102.8956
621.4772,108.6994
621.509,114.9221
621.5408,121.6021
621.5725,128.7587
621.6043,136.4847
621.6361,144.8115
621.6679,153.7988
621.6997,163.5132
621.7315,174.0301
621.7633,185.434
621.7951,197.8205
621.8269,211.2978
621.8587,225.9887
621.8905,242.0326
621.9223,259.5888
621.9541,278.8391
621.9859,299.9915
622.0177,323.2858
622.0495,348.9969
622.0654,362.8563
622.0813,377.4429
622.0972,392.8041
622.1131,408.9911
622.129,426.0591
622.1449,444.0675
622.1608,463.0803
622.1767,483.1666
622.1926,504.4008
622.2085,526.8633
622.2244,550.6406
622.2403,575.8264
622.2562,602.5214
622.2721,630.8345
622.288,660.8829
622.3039,692.7931
622.3198,726.7012
622.3357,762.7533
622.3516,801.1067
622.3675,841.93
622.3834,885.4032
622.3993,931.7186
622.4152,981.0806
622.4311,1033.705
622.447,1089.821
622.4629,1149.665
622.4788,1213.484
622.4947,1281.531
622.5106,1354.064
622.5265,1431.335
622.5424,1513.593
622.5583,1601.068
622.5742,1693.963
622.59,1791.807
622.6094,1919.641
622.6288,2055.99
622.6482,2200.671
622.6675,2352.392
622.6869,2511.854
622.7063,2676.952
622.745,3014.989
622.7644,3183.163
622.7838,3345.681
622.8032,3498.276
622.8225,3635.703
622.8419,3754.79
622.8613,3850.488
622.8807,3919.193
622.9,3958.221
622.9194,3966.721
622.9388,3944.577
622.9582,3893.336
622.9775,3816.204
622.9969,3716.002
623.0163,3597.232
623.0357,3464.251
623.055,3322.048
623.0938,3021.272
623.1325,2721.141
623.1519,2575.96
623.1713,2436.123
623.1907,2302.477
623.21,2176.175
623.2259,2077.295
623.2417,1983.709
623.2576,1894.199
623.2734,1809.808
623.2893,1729.338
623.3051,1653.649
623.3209,1582.049
623.3367,1514.352
623.3526,1449.976
623.3684,1389.536
623.3842,1332.425
623.4,1278.456
623.4159,1227.133
623.4317,1178.926
623.4475,1133.338
623.4633,1090.208
623.4792,1049.135
623.495,1010.493
623.5109,973.6584
623.5267,938.9675
623.5426,905.862
623.5584,874.6479
623.5742,845.0083
623.59,816.8472
623.6217,764.449
623.6533,717.1326
623.685,674.0291
623.7166,634.9167
623.7483,599.1156
623.78,566.3776
623.8117,536.3726
623.8433,508.8952
623.875,483.519
623.9066,460.1831
623.9383,438.5444
623.9699,418.5677
624.0016,399.9741
624.0332,382.7463
624.0649,366.6553
624.0965,351.6961
624.1282,337.6786
624.1598,324.6063
624.1915,312.3202
624.2231,300.8294
624.2548,289.9994
624.2865,279.8121
624.3182,270.2171
624.3498,261.1965
624.3815,252.6522
624.4131,244.6008
624.4448,236.9572
624.4764,229.7389
624.5081,222.872
624.5397,216.374
624.603,204.3084
624.6663,193.3755
624.7296,183.4349
624.793,174.354
624.8563,166.0592
624.9196,158.4484
624.9829,151.4463
625.0462,144.988
625.1095,139.0168
625.1728,133.4835
625.2361,128.3449
625.2995,123.5557
625.3628,119.0976
625.4261,114.9333
625.4894,111.0367
625.5528,107.3786
625.6161,103.9498
625.6794,100.7259
625.7427,97.6902
625.8061,94.82326
625.8694,92.12064
625.9327,89.5655
625.996,87.14683
626.0593,84.85462
626.1226,82.67979
626.1859,80.61409
626.2492,78.64997
626.3126,76.77768
626.3759,74.99681
626.5025,71.67763
626.6291,68.64865
626.7557,65.8753
626.8824,63.32619
627.009,60.98009
627.1356,58.81316
627.2622,56.80658
627.3889,54.94259
627.5155,53.20986
627.6422,51.59312
627.7688,50.08393
627.8955,48.67019
628.0221,47.34554
628.1487,46.1012
628.2753,44.93038
628.402,43.82614
628.5286,42.78481
628.6552,41.8006
628.7818,40.86909
628.9085,39.98566
629.0351,39.14809
629.1617,38.35241
629.2883,37.59567
629.415,36.87462
629.5416,36.18792
629.6683,35.53226
629.7949,34.9066
630.0482,33.7359
630.3014,32.66288
630.5547,31.67536
630.8079,30.76447
631.0612,29.92119
631.3144,29.13901
631.5677,28.41114
631.821,27.73246
632.0743,27.09825
632.3275,26.50457
632.5808,25.9473
632.834,25.42364
633.0873,24.93031
633.3405,24.46514
633.5938,24.02546
633.8471,23.60942
634.1004,23.21519
634.3536,22.84126
634.6069,22.48581
634.8601,22.1478
635.1134,21.82573
635.3666,21.51872
635.6199,21.22553
635.8732,20.94535
636.1265,20.67734
636.3797,20.42081
636.8862,19.939
637.3927,19.49489
637.8992,19.08418
638.4057,18.70322
638.9122,18.34882
639.4187,18.01829
639.9253,17.70918
640.4318,17.41955
640.9383,17.1475
641.4448,16.89146
641.9514,16.64997
642.4579,16.42187
642.9644,16.20598
643.4709,16.00134
643.9775,15.807
644.484,15.62224
644.9905,15.44632
645.497,15.27857
646.0036,15.11838
646.5101,14.96529
647.0166,14.81877
647.5231,14.67838
648.0297,14.5437
648.5362,14.41441
649.5492,14.1706
650.5623,13.94452
651.5753,13.73419
652.5884,13.53784
653.6014,13.35403
654.6144,13.18145
655.6274,13.01899
656.6405,12.86567
657.6535,12.72066
658.6666,12.58319
659.6796,12.45264
660.6927,12.32836
661.7057,12.20988
662.7188,12.0967
663.7318,11.98843
664.7449,11.88467
665.7579,11.78511
666.771,11.68941
667.784,11.59733
668.7971,11.50859
669.8101,11.42297
671.8361,11.26029
673.8622,11.10781
675.8883,10.96429
677.9144,10.82869
679.9405,10.70012
681.9666,10.57779
683.9927,10.46106
686.0188,10.34932
688.0448,10.24208
690.0709,10.13889
692.097,10.03933
694.1231,9.943089
696.1492,9.849823
698.1753,9.759258
700.2014,9.67114
702.2275,9.58524
704.2535,9.501353
708.3057,9.338857
712.3579,9.182315
716.4101,9.030592
720.4622,8.882708
724.5144,8.737795
728.5666,8.595087
732.6188,8.453889
736.6709,8.313567
740.7231,8.173512
744.7752,8.033164
748.8274,7.891965
752.8795,7.749384
756.9317,7.604874
760.9839,7.457897
765.0361,7.307894
769.0882,7.154293
773.1404,6.996477
777.1926,6.833809
781.2448,6.665597
785.2969,6.491102
789.3491,6.309505
793.4013,6.119919
795.4274,6.021829
797.4535,5.921366
799.4796,5.818391
801.5056,5.712763
803.5317,5.604315
805.5578,5.492889
807.5839,5.378311
809.61,5.260396
811.6361,5.13895
813.6622,5.013767
815.6883,4.884629
817.7143,4.751311
819.7404,4.613557
821.7665,4.471115
823.7926,4.323713
825.8187,4.171069
827.8448,4.012885
829.8709,3.848855
831.897,3.678663
833.923,3.501999
835.9491,3.31853
836.9622,3.224147
837.9752,3.127964
838.9883,3.029925
840.0013,2.930024
841.0144,2.828211
842.0274,2.72449
843.0405,2.618822
844.0535,2.511224
845.0666,2.401679
846.0796,2.290226
847.0927,2.176877
848.1057,2.061708
849.1187,1.944786
850.1317,1.82622
851.1448,1.706147
852.1578,1.584788
853.1709,1.462375
854.1839,1.339263
855.197,1.215858
856.21,1.092729
857.2231,0.9705589
858.2361,0.8502682
859.2492,0.7329882
859.7557,0.6759359
860.2622,0.6202271
860.7688,0.5661053
861.2753,0.513882
861.7818,0.4638769
862.2883,0.4164684
862.5416,0.3938667
862.7949,0.3720818
863.0482,0.3511781
863.3014,0.3312326
863.5547,0.3123034
863.8079,0.294485
864.0612,0.2778492
864.3144,0.2625009
864.5677,0.2485272
864.8209,0.2360458
865.0742,0.225162
865.3274,0.2160086
865.5807,0.2087124
865.8339,0.2034242
865.9606,0.2015791
866.0872,0.2002966
866.2138,0.1995967
866.3404,0.1995019
866.4038,0.1996891
866.4671,0.2000364
866.5304,0.2005468
866.5937,0.2012235
866.6571,0.2020715
866.7204,0.203091
866.7837,0.2042868
866.847,0.2056623
866.9104,0.2072234
866.9737,0.208969
867.037,0.2109051
867.1003,0.2130351
867.1636,0.215363
867.2269,0.2178926
867.2902,0.2206279
867.3535,0.2235731
867.4802,0.2301148
867.6068,0.2375416
867.7334,0.2458939
867.86,0.2552091
867.9867,0.2655348
868.1133,0.2768952
868.2399,0.2893408
868.3665,0.3029162
868.4932,0.3176799
868.6198,0.3336575
868.7465,0.3509254
868.8731,0.36951
868.9998,0.3894964
869.1264,0.4109122
869.253,0.4338339
869.3796,0.4583262
869.5063,0.4844782
869.6329,0.5123198
869.7595,0.5419456
869.8861,0.5734342
870.0128,0.6068952
870.1394,0.6423626
870.266,0.6799534
870.3926,0.7197635
870.5193,0.7619284
870.6459,0.8064879
870.7726,0.853625
870.8992,0.9033839
871.0259,0.9559681
871.1525,1.011427
871.2791,1.069939
871.4057,1.131653
871.5324,1.196775
871.659,1.265369
871.7856,1.337659
871.9122,1.413828
872.0389,1.494137
872.1655,1.578668
872.2921,1.667701
872.4187,1.761469
872.5454,1.860303
872.672,1.964307
872.7986,2.073839
872.9252,2.189198
873.0519,2.310801
873.1785,2.438794
873.3051,2.573634
873.4317,2.715704
873.5584,2.865542
873.685,3.023351
873.8116,3.18972
873.9382,3.365155
874.0649,3.550348
874.1915,3.745591
874.3181,3.951652
874.4447,4.169204
874.5714,4.399158
874.698,4.641933
874.8247,4.898755
874.9513,5.170128
875.078,5.457468
875.2046,5.761384
875.3312,6.083249
875.4578,6.424315
875.5845,6.786234
875.7111,7.169913
875.8377,7.577238
875.9643,8.009967
876.091,8.470389
876.2176,8.959876
876.3442,9.481078
876.4708,10.03652
876.5975,10.62945
876.7241,11.26198
876.8508,11.93849
876.9774,12.66163
877.1041,13.43667
877.2307,14.26694
877.3573,15.15813
877.4839,16.11588
877.6106,17.14736
877.7372,18.258
877.8638,19.45653
877.9904,20.75187
878.1171,22.15522
878.2437,23.67577
878.3703,25.32747
878.4969,27.12502
878.6236,29.0868
878.7502,31.22892
878.8769,33.5769
879.0035,36.1525
879.1302,38.98934
879.2568,42.11731
879.3201,43.80353
879.3834,45.57863
879.4467,47.44869
879.51,49.42037
879.5734,51.50426
879.6367,53.70165
879.7,56.02431
879.7633,58.48159
879.8266,61.08372
879.8899,63.84192
879.9532,66.76846
880.0165,69.87685
880.0799,73.18732
880.1432,76.70581
880.2065,80.45548
880.2698,84.45631
880.3331,88.73046
880.3964,93.30254
880.4597,98.19993
880.523,103.4531
880.5864,109.1055
880.6497,115.1774
880.713,121.7203
880.7763,128.7824
880.8396,136.4181
880.9029,144.6887
880.9662,153.664
881.0295,163.423
881.0929,174.0735
881.1562,185.685
881.2195,198.3916
881.2828,212.3292
881.3461,227.6542
881.4094,244.5474
881.4727,263.2185
881.536,283.9114
881.5677,295.1215
881.5994,306.9492
881.6311,319.4381
881.6627,332.5924
881.6944,346.546
881.726,361.2657
881.7577,376.9046
881.7893,393.4284
881.821,411.0119
881.8526,429.6205
881.8843,449.4546
881.9159,470.479
881.9476,492.9246
881.9792,516.7552
882.0109,542.2371
882.0425,569.3336
882.0742,598.3513
882.1059,629.3536
882.1376,662.4985
882.1692,697.8398
882.2009,735.7829
882.2325,776.2812
882.2642,819.7964
882.2958,866.2691
882.3275,916.2194
882.3591,969.5634
882.3908,1026.875
882.4224,1088.025
882.4541,1153.625
882.4857,1223.467
882.5174,1298.167
882.549,1377.384
882.5835,1469.357
882.6179,1566.72
882.6524,1669.818
882.6868,1777.613
882.7557,2005.284
882.8245,2239.238
882.859,2354.054
882.8934,2463.375
882.9279,2564.781
882.9623,2654.463
882.9968,2729.74
883.0312,2787.27
883.0656,2824.94
883.1,2841.177
883.1345,2835.306
883.169,2807.645
883.2035,2759.562
883.238,2693.252
883.2725,2611.496
883.307,2517.409
883.3415,2414.182
883.376,2304.866
883.445,2078.641
883.514,1856.015
883.5485,1749.649
883.583,1647.764
883.6175,1550.877
883.652,1459.271
883.7003,1340.077
883.7245,1284.295
883.7486,1231.298
883.7728,1180.576
883.7969,1132.474
883.8211,1086.503
883.8452,1042.956
883.8694,1001.373
883.8935,962.003
883.9177,924.4229
883.9418,888.8482
883.966,854.8903
883.9901,822.7394
884.0384,762.9651
884.0867,708.8663
884.135,659.8423
884.1833,615.3511
884.2316,574.9077
884.2799,538.0796
884.3282,504.4833
884.3765,473.7785
884.4247,445.7199
884.473,419.9252
884.5213,396.2195
884.5696,374.3941
884.6179,354.2639
884.6662,335.6651
884.7145,318.4518
884.7628,302.4943
884.8111,287.6772
884.8594,273.8974
884.9077,261.0628
884.956,249.0911
885.0043,237.9081
885.0526,227.4475
885.1009,217.6495
885.1492,208.4602
885.1974,199.8483
885.2457,191.7341
885.294,184.0961
885.3423,176.8984
885.3906,170.1078
885.4389,163.6946
885.4872,157.6315
885.5355,151.8937
885.5838,146.4582
885.6804,136.4134
885.777,127.3503
885.8736,119.1451
885.9701,111.7002
886.0667,104.9105
886.1633,98.70729
886.2599,93.02462
886.3565,87.80538
886.4531,83.0001
886.5497,78.56569
886.6463,74.46453
886.7428,70.6674
886.8394,67.13744
886.936,63.85313
887.0326,60.79183
887.1292,57.93343
887.2258,55.26004
887.3224,52.75569
887.419,50.40614
887.5155,48.20079
887.6121,46.12359
887.7087,44.16653
887.8053,42.3203
887.9019,40.57643
887.9985,38.92725
888.0951,37.36585
888.1917,35.88587
888.2882,34.483
888.4814,31.88078
888.6746,29.52387
888.8678,27.38127
889.0609,25.42777
889.2541,23.63908
889.4472,21.99805
889.6404,20.48669
889.8335,19.09251
890.0267,17.80187
890.2199,16.60498
890.4131,15.49261
890.6062,14.45722
890.7994,13.49066
890.9926,12.58726
891.1858,11.74155
891.3789,10.94907
891.5721,10.20471
891.7653,9.505086
891.9585,8.846812
892.1516,8.227197
892.3448,7.642923
892.538,7.091945
892.7312,6.572145
892.9243,6.081893
893.1175,5.619015
893.3107,5.182299
893.5039,4.770448
893.697,4.382519
893.8902,4.017122
894.0834,3.673611
894.2766,3.351265
894.4697,3.049627
894.5663,2.906282
894.6629,2.767901
894.7595,2.634441
894.8561,2.505865
894.9527,2.382141
895.0493,2.263246
895.1459,2.14916
895.2424,2.039982
895.339,1.935482
895.4356,1.835774
895.5322,1.740864
895.6287,1.650859
895.7253,1.565589
895.8219,1.485176
895.9185,1.409653
896.015,1.339129
896.1116,1.273501
896.2082,1.212898
896.3048,1.157378
896.4014,1.107005
896.498,1.061853
896.5946,1.022001
896.6912,0.9875359
896.7877,0.9585789
896.8843,0.9351722
896.9809,0.9174591
897.0775,0.9055581
897.1741,0.8995963
897.2707,0.8997098
897.3673,0.9060437
897.4639,0.9187528
897.5604,0.9379785
897.657,0.9639352
897.7536,0.9967925
897.8502,1.036747
897.9468,1.084008
898.0434,1.138795
898.0917,1.169084
898.14,1.201344
898.1883,1.235605
898.2366,1.2719
898.2849,1.310261
898.3331,1.350638
898.3814,1.393233
898.4297,1.437999
898.478,1.484974
898.5263,1.534195
898.5746,1.585702
898.6229,1.639535
898.6712,1.695734
898.7195,1.754342
898.7678,1.815403
898.8161,1.87896
898.8644,1.94506
898.9127,2.01375
898.961,2.085078
899.0093,2.159093
899.1058,2.315225
899.2024,2.482893
899.299,2.662389
899.3956,2.854187
899.4922,3.058784
899.5888,3.276708
899.6854,3.508514
899.782,3.754791
899.8785,4.015879
899.9751,4.292973
900.0717,4.586503
900.1683,4.897201
900.2649,5.225838
900.3615,5.573235
900.4581,5.940253
900.5547,6.32781
900.6512,6.736441
900.7478,7.168016
900.8444,7.623212
900.941,8.103183
901.0376,8.609147
901.1342,9.142405
901.2308,9.704333
901.3274,10.29639
901.4239,10.91947
901.5205,11.57652
901.6171,12.26865
901.7137,12.99775
901.8102,13.76498
901.9068,14.57405
902.0034,15.42646
902.1,16.3246
902.1965,17.27005
902.2931,18.26753
902.3897,19.31902
902.4863,20.42764
902.5829,21.59679
902.6795,22.83005
902.7761,24.13132
902.8727,25.5047
902.9692,26.95314
903.0658,28.4844
903.1624,30.10218
903.259,31.812
903.3556,33.61984
903.4522,35.53214
903.5488,37.55582
903.6454,39.69841
903.7419,41.96558
903.8385,44.37083
903.9351,46.92135
904.0317,49.62749
904.1283,52.50043
904.2249,55.55236
904.3215,58.79652
904.4181,62.24736
904.5146,65.91667
904.6112,69.82925
904.7078,74.0002
904.8044,78.45011
904.901,83.2015
904.9976,88.27914
905.0942,93.71022
905.1908,99.52467
905.2873,105.7488
905.3839,112.4319
905.4805,119.6079
905.5771,127.3214
905.6737,135.6216
905.7703,144.5635
905.8669,154.2077
905.9635,164.6223
906.06,175.8706
906.1566,188.0603
906.2532,201.2745
906.3498,215.6189
906.4464,231.2122
906.543,248.1874
906.6396,266.6943
906.7362,286.9012
906.8327,308.974
906.9293,333.1723
907.0259,359.7154
907.1225,388.8753
907.2191,420.9588
907.3157,456.3113
907.364,475.3331
907.4123,495.3213
907.4606,516.3319
907.5089,538.4241
907.5572,561.6601
907.6054,586.054
907.6537,611.7758
907.702,638.849
907.7503,667.3494
907.7986,697.3564
907.8469,728.9525
907.8952,762.2232
907.9435,797.2565
907.9917,834.0641
908.04,872.8903
908.0883,913.753
908.1366,956.744
908.1849,1001.953
908.2332,1049.468
908.2815,1099.37
908.3298,1151.733
908.378,1206.504
908.4544,1298.586
908.5308,1397.202
908.6072,1502.298
908.6835,1613.455
908.7599,1730.43
908.8363,1852.206
908.989,2104.448
909.0654,2231.156
909.1418,2354.8
909.2182,2472.311
909.2945,2580.217
909.3709,2675.394
909.4473,2754.457
909.5237,2814.622
909.6,2853.78
909.6764,2870.881
909.7528,2865.723
909.8292,2839.187
909.9055,2793.113
909.9819,2729.833
910.0583,2652.284
910.1347,2563.542
910.211,2466.764
910.3638,2259.399
910.5165,2048.748
910.5929,1946.106
910.6693,1846.723
910.7457,1751.29
910.822,1660.371
910.9214,1548.9
911.0207,1445.565
911.12,1350.138
911.2193,1262.302
911.3186,1181.632
911.4179,1107.635
911.5172,1039.798
911.6165,977.6095
911.7159,920.5223
911.8152,868.1857
911.9145,820.1082
912.0138,775.893
912.1131,735.1784
912.2124,697.636
912.3117,662.9695
912.411,630.9114
912.5104,601.1926
912.6097,573.6567
912.709,548.0783
912.8083,524.2831
912.9076,502.1144
913.0069,481.4313
913.1062,462.1069
913.2055,444.0271
913.3048,427.0888
913.4041,411.199
913.5034,396.2738
913.6027,382.237
913.702,369.0197
913.8013,356.5595
913.9006,344.7995
913.9999,333.688
914.0001,69.15119
1000.0,66.3731
1250.0,59.99378
1500.0,55.28265
1700.0,52.28708
2000.0,48.66533
2500.0,44.14523
3000.0,40.80545
3500.0,38.20724
4000.0,36.11083
4500.0,34.3726
5000.0,32.90061
5500.0,31.63293
6000.0,30.52607
6500.0,29.54847
7000.0,28.67667
7500.0,27.89273
8000.0,27.18271
8500.0,26.53561
9000.0,25.94256
9500.0,25.39637
10000.0,24.89111
11000.0,23.98448
12000.0,23.19189
13000.0,22.49102
14000.0,21.86519
15000.0,21.30174
16000.0,20.79078
17000.0,20.32448
18000.0,19.89659
19000.0,19.502
20000.0,19.13651
20000.01,19.13651
21000.0,18.79663
22000.0,18.47943
23000.0,18.18241
24000.0,17.9035
25000.0,17.64083
26000.0,17.39288
27000.0,17.15824
30000.0,16.52311
35000.0,15.64365
37000.0,15.34022
40000.0,14.92598
47000.0,14.10903
50000.0,13.83527
57000.0,13.19649
60000.0,12.9817
67000.0,12.48053
70000.0,12.3053
77000.0,11.89644
80000.0,11.74939
87000.0,11.40626
90000.0,11.28021
97000.0,10.98606
100000.0,10.87618
107000.0,10.6198
117000.0,10.29635
127000.0,10.00762
150000.0,9.44514
170000.0,9.042716
177000.0,8.916758
200000.0,8.546846
227000.0,8.182119
277000.0,7.649769
300000.0,7.464805
327000.0,7.247675
377000.0,6.93597
396000.2,6.842537
400000.0,6.822958
426999.9,6.690226
427000.1,6.689074
500000.0,6.76714
554022.0,6.814275
554022.5,6.814269
600000.0,6.85439
700000.0,6.989095
800000.0,7.1238
900000.0,7.22744
1000000.0,7.30415
1100000.0,7.35591
1169460.0,7.374893
1169462.0,7.37489
1188309.0,7.380044
1188310.0,7.380045
1200000.0,7.38324
1300000.0,7.39461
1400000.0,7.38869
1434160.0,7.379005
1434165.0,7.379
1443980.0,7.376219
1443981.0,7.376216
1464037.0,7.370533
1464040.0,7.37054
1475110.0,7.367401
1475112.0,7.367395
1500000.0,7.36034
1600000.0,7.33199
1605160.0,7.329318
1605163.0,7.329316
1659840.0,7.301014
1659843.0,7.301011
1670616.0,7.295433
1670620.0,7.295434
1675590.0,7.292862
1698500.0,7.281002
1700000.0,7.280225
1729716.0,7.264843
1729720.0,7.264842
1745310.0,7.256771
1745312.0,7.25677
1774720.0,7.241546
1800000.0,7.22846
1836640.0,7.203613
1837340.0,7.203138
1900000.0,7.160645
1915370.0,7.150222
1919900.0,7.14715
1992500.0,7.097917
2000000.0,7.09283
2002870.0,7.090503
2005280.0,7.088548
2009510.0,7.085117
2064380.0,7.040616
2080790.0,7.027308
2086630.0,7.022571
2089250.0,7.020446
2110900.0,7.002887
2114920.0,6.999626
2141610.0,6.977981
2153590.0,6.968265
2163650.0,6.960105
2200000.0,6.930625
2228590.0,6.907438
2231620.0,6.90498
2245610.0,6.893634
2247930.0,6.891753
2252560.0,6.887998
2263530.0,6.879101
2266550.0,6.876651
2275510.0,6.869385
2313870.0,6.838273
2325450.0,6.828882
2344780.0,6.813205
2358170.0,6.802345
2363310.0,6.798176
2372570.0,6.790666
2375990.0,6.787893
2400000.0,6.76842
2403280.0,6.765411
2600000.0,6.584953
3000000.0,6.21802
4000000.0,5.3464
5000000.0,4.78334
5870760.0,4.601752
6000000.0,4.5748
7000000.0,4.549
7635720.0,4.564021
8000000.0,4.57263
8197520.0,4.584864
8197523.0,4.584863
9000000.0,4.63457
10000000.0,4.71978
11000000.0,4.82642
12000000.0,4.93306
13000000.0,5.02784
14000000.0,5.09433
14500000.0,5.110485
14581770.0,5.113126
14581800.0,5.113127
15000000.0,5.12664
15346900.0,5.127088
16000000.0,5.12793
17000000.0,5.10701
18000000.0,5.06445
19000000.0,5.02189
20000000.0,4.97933
