1e-05,5036.5
1.03125e-05,4959.703
1.0625e-05,4886.32
1.09375e-05,4816.104
1.125e-05,4748.835
1.15625e-05,4684.312
1.1875e-05,4622.353
1.21875e-05,4562.792
1.25e-05,4505.48
1.28125e-05,4450.277
1.3125e-05,4397.057
1.34375e-05,4345.705
1.375e-05,4296.113
1.4375e-05,4201.827
1.5e-05,4113.497
1.5625e-05,4030.52
1.625e-05,3952.379
1.6875e-05,3878.619
1.75e-05,3808.848
1.8125e-05,3742.717
1.875e-05,3679.92
1.9375e-05,3620.187
2e-05,3563.277
2.09375e-05,3482.738
2.1875e-05,3407.434
2.28125e-05,3336.821
2.375e-05,3270.431
2.46875e-05,3207.86
2.5625e-05,3148.754
2.65625e-05,3092.807
2.75e-05,3039.745
2.84375e-05,2989.329
2.9375e-05,2941.346
3.03125e-05,2895.607
3.125e-05,2851.942
3.21875e-05,2810.199
3.3125e-05,2770.24
3.40625e-05,2731.943
3.5e-05,2695.196
3.59375e-05,2659.895
3.6875e-05,2625.95
3.78125e-05,2593.275
3.875e-05,2561.793
3.96875e-05,2531.433
4.0625e-05,2502.13
4.25e-05,2446.461
4.4375e-05,2394.358
4.625e-05,2345.457
4.8125e-05,2299.442
5e-05,2256.041
5.15625e-05,2221.696
5.3125e-05,2188.878
5.46875e-05,2157.477
5.625e-05,2127.393
5.78125e-05,2098.537
5.9375e-05,2070.828
6.09375e-05,2044.192
6.25e-05,2018.561
6.40625e-05,1993.873
6.5625e-05,1970.073
6.71875e-05,1947.108
6.875e-05,1924.93
7.1875e-05,1882.763
7.5e-05,1843.261
7.8125e-05,1806.153
8.125e-05,1771.207
8.4375e-05,1738.22
8.75e-05,1707.018
9.0625e-05,1677.443
9.375e-05,1649.359
9.6875e-05,1622.646
0.0001,1597.195
0.000103125,1572.91
0.00010625,1549.704
0.000109375,1527.5
0.0001125,1506.227
0.000115625,1485.823
0.00011875,1466.23
0.000121875,1447.395
0.000125,1429.272
0.000128125,1411.815
0.00013125,1394.985
0.000134375,1378.746
0.0001375,1363.064
0.00014375,1333.248
0.00015,1305.316
0.00015625,1279.076
0.0001625,1254.366
0.00016875,1231.041
0.000175,1208.977
0.00018125,1188.065
0.0001875,1168.207
0.00019375,1149.317
0.0002,1131.321
0.000209375,1105.852
0.00021875,1082.039
0.000228125,1059.709
0.0002375,1038.715
0.000246875,1018.928
0.00025625,1000.237
0.000265625,982.5448
0.000275,965.7651
0.000284375,949.8222
0.00029375,934.6488
0.000303125,920.1848
0.0003125,906.3767
0.000321875,893.1763
0.00033125,880.5404
0.000340625,868.4298
0.00035,856.8091
0.000359375,845.6461
0.00036875,834.9116
0.000378125,824.5789
0.0003875,814.6234
0.000396875,805.0228
0.00040625,795.7564
0.000425,778.1522
0.00044375,761.6759
0.0004625,746.212
0.00048125,731.6608
0.0005,717.936
0.000515625,707.0753
0.00053125,696.6973
0.000546875,686.7673
0.0005625,677.2541
0.000578125,668.1291
0.00059375,659.3667
0.000609375,650.9436
0.000625,642.8383
0.000640625,635.0314
0.00065625,627.505
0.000671875,620.2427
0.0006875,613.2295
0.00071875,599.8953
0.00075,587.4035
0.00078125,575.6689
0.0008125,564.618
0.00084375,554.1868
0.000875,544.3196
0.00090625,534.9672
0.0009375,526.0865
0.00096875,517.639
0.001,509.5906
0.00103125,501.9109
0.0010625,494.5726
0.00109375,487.551
0.001125,480.8241
0.00115625,474.3718
0.0011875,468.1759
0.00121875,462.2198
0.00125,456.4885
0.00128125,450.9682
0.0013125,445.6462
0.00134375,440.511
0.001375,435.5519
0.0014375,426.1232
0.0015,417.2902
0.0015625,408.9925
0.001625,401.1784
0.0016875,393.8024
0.00175,386.8252
0.0018125,380.2121
0.001875,373.9325
0.0019375,367.9592
0.002,362.2681
0.00209375,354.2142
0.0021875,346.6838
0.00228125,339.6225
0.002375,332.9835
0.00246875,326.7264
0.0025625,320.8158
0.00265625,315.221
0.00275,309.9148
0.00284375,304.8732
0.0029375,300.075
0.00303125,295.5011
0.003125,291.1345
0.00321875,286.9602
0.0033125,282.9644
0.00340625,279.1347
0.0035,275.4599
0.00359375,271.9298
0.0036875,268.5353
0.00378125,265.2678
0.003875,262.1196
0.00396875,259.0836
0.0040625,256.1533
0.00425,250.5864
0.0044375,245.3761
0.004625,240.486
0.0048125,235.8845
0.005,231.5443
0.00515625,228.1099
0.0053125,224.8281
0.00546875,221.6879
0.005625,218.6796
0.00578125,215.794
0.0059375,213.0231
0.00609375,210.3595
0.00625,207.7963
0.00640625,205.3276
0.0065625,202.9475
0.00671875,200.651
0.006875,198.4332
0.0071875,194.2166
0.0075,190.2663
0.0078125,186.5555
0.008125,183.0609
0.0084375,179.7623
0.00875,176.642
0.0090625,173.6845
0.009375,170.8761
0.0096875,168.2048
0.01,165.6597
0.0103125,163.2312
0.010625,160.9106
0.0109375,158.6902
0.01125,156.5629
0.0115625,154.5225
0.011875,152.5632
0.0121875,150.6797
0.0125,148.8673
0.0128125,147.1217
0.013125,145.4387
0.0134375,143.8148
0.01375,142.2466
0.014375,139.265
0.015,136.4717
0.015625,133.8478
0.01625,131.3767
0.016875,129.0442
0.0175,126.8378
0.018125,124.7466
0.01875,122.7608
0.019375,120.8719
0.02,119.0722
0.0206625,117.2544
0.021325,115.522
0.0219875,113.8685
0.02265,112.2881
0.0233125,110.7756
0.023975,109.3261
0.0246375,107.9356
0.0253,106.6
0.02607188,105.1086
0.02684375,103.682
0.02761563,102.3156
0.0283875,101.0054
0.02915938,99.74749
0.02993125,98.5386
0.03070313,97.37557
0.031475,96.2556
0.03224688,95.17608
0.03301875,94.13465
0.0345625,92.15743
0.03610625,90.30842
0.03765,88.57432
0.03919375,86.94372
0.0407375,85.4067
0.04228125,83.95465
0.043825,82.58002
0.04536875,81.27616
0.0469125,80.0372
0.04845625,78.85793
0.05,77.7337
0.0515625,76.64763
0.053125,75.60983
0.0546875,74.61683
0.05625,73.6655
0.0578125,72.753
0.059375,71.87676
0.0609375,71.03445
0.0625,70.22392
0.0640625,69.44323
0.065625,68.69059
0.0671875,67.96436
0.06875,67.26303
0.071875,65.92962
0.075,64.68043
0.078125,63.50697
0.08125,62.40188
0.084375,61.35876
0.0875,60.37204
0.090625,59.4368
0.09375,58.54872
0.096875,57.70397
0.1,56.89914
0.103125,56.13117
0.10625,55.39733
0.109375,54.69518
0.1125,54.02248
0.115625,53.37725
0.11875,52.75766
0.121875,52.16205
0.125,51.58892
0.128125,51.03689
0.13125,50.50469
0.134375,49.99117
0.1375,49.49525
0.14375,48.55239
0.15,47.66908
0.15625,46.83932
0.1625,46.0579
0.16875,45.3203
0.175,44.62258
0.18125,43.96127
0.1875,43.33331
0.19375,42.73598
0.2,42.16687
0.209375,41.36148
0.21875,40.60844
0.228125,39.9023
0.2375,39.2384
0.246875,38.61269
0.25625,38.02163
0.265625,37.46215
0.275,36.93153
0.284375,36.42737
0.29375,35.94755
0.303125,35.49015
0.3125,35.0535
0.321875,34.63607
0.33125,34.23649
0.340625,33.85351
0.35,33.48603
0.359375,33.13303
0.36875,32.79357
0.378125,32.46682
0.3875,32.152
0.396875,31.8484
0.40625,31.55538
0.425,30.99868
0.44375,30.47765
0.4625,29.98864
0.48125,29.52849
0.5,29.09447
0.53125,28.42285
0.5624999,27.808
0.5937499,27.24235
0.6249998,26.71967
0.6562498,26.23479
0.6874997,25.78336
0.7187496,25.3617
0.7499995,24.96667
0.7812495,24.59559
0.8124994,24.24613
0.8437494,23.91626
0.8749993,23.60424
0.9374992,23.02765
0.999999,22.50601
1.000001,959.2443
1.070314,924.3889
1.140626,893.0192
1.210939,864.6014
1.281251,838.7102
1.351564,814.9994
1.421876,793.1863
1.492189,773.0355
1.562501,754.351
1.703126,720.7428
1.843751,691.3074
1.984376,665.2645
2.125001,642.0218
2.265626,621.1212
2.406251,602.2025
2.546876,584.9774
2.687501,569.2131
2.828126,554.7185
2.968751,541.3357
3.250001,517.3981
3.531251,496.5697
3.812501,478.2443
4.093751,461.9681
4.375001,447.3935
4.656251,434.2496
4.937501,422.3217
5.218751,411.4375
5.500001,401.4565
5.781251,392.2631
6.062501,383.7613
6.625001,368.5227
7.187501,355.2319
7.750001,343.5151
8.312501,333.0909
8.875001,323.7432
9.437501,315.3026
10.0,307.635
10.625,298.5757
11.25,290.3243
11.875,282.7691
12.5,275.8188
13.125,269.2844
13.75,263.2269
15.0,252.3329
16.0,244.4977
17.0,237.4055
18.5,227.8018
20.0,219.3659
21.25,212.9519
22.5,207.1155
23.75,201.776
25.0,196.8677
26.25,192.242
27.5,187.9573
28.75,183.9743
30.0,180.26
32.5,173.4061
35.0,167.3522
37.5,161.8696
40.0,156.9474
42.5,152.4042
45.0,148.2753
47.5,144.5023
50.0,141.0377
52.5,137.7615
55.0,134.7303
57.5,131.9156
60.0,129.2932
63.0,126.3008
66.0,123.5333
69.0,120.9643
72.0,118.5717
75.25,116.0975
78.5,113.7934
81.75,111.6411
85.0,109.625
88.75,107.3969
92.5,105.3196
96.25,103.377
100.0,101.5555
106.25,98.6891
112.5,96.07902
118.75,93.6895
125.0,91.49139
131.25,89.42448
137.5,87.50836
143.75,85.72569
150.0,84.06179
160.0,81.58342
170.0,79.33931
177.5,77.76964
185.0,76.30193
192.5,74.92567
200.0,73.6318
212.5,71.60704
225.0,69.76138
237.5,68.06996
250.0,66.51251
262.5,65.05227
275.0,63.69722
287.5,62.43532
300.0,61.25639
312.5,60.14004
325.0,59.0913
350.0,57.17127
375.0,55.43914
400.0,53.87783
425.0,52.44734
450.0,51.14174
475.0,49.94382
500.0,48.83952
525.0,47.808
550.0,46.8496
575.0,45.95605
600.0,45.12031
630.0,44.17859
660.0,43.3033
690.0,42.48693
720.0,41.72313
760.0,40.77283
800.0,39.89599
850.0,38.88543
900.0,37.96152
950.0,37.11244
1000.0,36.32851
1062.5,35.42484
1125.0,34.59809
1187.5,33.83782
1250.0,33.13546
1312.5,32.48298
1375.0,31.87553
1437.5,31.30808
1500.0,30.77639
1600.0,29.99113
1700.0,29.27572
1775.0,28.77959
1850.0,28.31362
1925.0,27.87481
2000.0,27.46058
2125.0,26.82096
2250.0,26.23442
2375.0,25.69387
2500.0,25.19347
2625.0,24.73103
2750.0,24.29963
2875.0,23.89587
3000.0,23.51687
3125.0,23.1624
3250.0,22.82787
3375.0,22.51142
3500.0,22.21143
3750.0,21.65908
4000.0,21.15717
4250.0,20.70279
4500.0,20.28494
4750.0,19.89884
5000.0,19.54053
5250.0,19.21125
5500.0,18.9033
5750.0,18.6144
6000.0,18.3426
6250.0,18.08946
6500.0,17.85006
7000.0,17.40761
7500.0,17.01215
8000.0,16.6515
8500.0,16.32582
9000.0,16.02534
9500.0,15.74683
10000.0,15.48764
10625.0,15.19422
11250.0,14.92321
11875.0,14.67176
12500.0,14.43754
13125.0,14.22329
13750.0,14.02222
15000.0,13.65437
15500.0,13.44186
16000.0,13.23967
16500.0,13.04698
17000.0,12.86305
17750.0,12.6271
18500.0,12.40534
19250.0,12.19636
20000.0,11.99897
21373.11,11.69354
22746.21,11.41458
22816.65,11.42439
22887.08,11.43418
23027.94,11.45373
23168.8,11.47322
23309.66,11.49266
23591.39,11.53139
23873.11,11.56992
24154.84,11.60824
24436.56,11.64634
25000.0,11.72194
26250.0,11.54083
27500.0,11.37264
28750.0,11.21595
30000.0,11.06952
32500.0,10.80295
35000.0,10.56243
37500.0,10.34925
40000.0,10.1541
42027.3,9.990721
44054.6,9.837724
48109.2,9.558665
48227.38,9.565038
48345.55,9.571403
48581.9,9.584106
49054.6,9.609407
49527.3,9.634568
50000.0,9.65959
52500.0,9.512088
55000.0,9.373999
57500.0,9.244334
60000.0,9.122246
65000.0,8.938566
70000.0,8.772618
75000.0,8.630757
80000.0,8.500689
83882.05,8.364064
87764.1,8.236078
87955.29,8.231915
88146.47,8.227767
88528.84,8.219513
89293.58,8.203175
90058.32,8.187059
90823.05,8.17116
92352.53,8.139989
93882.0,8.10963
95411.48,8.080047
96940.95,8.051209
98470.43,8.023085
99999.9,7.995646
100000.1,8.116352
106527.9,7.996109
113055.6,7.884622
119583.3,7.780795
126111.0,7.683726
126484.3,7.678726
126857.6,7.673745
127604.1,7.663842
129097.2,7.64426
130590.3,7.62497
132083.3,7.605967
133576.4,7.587241
135069.4,7.568786
138055.5,7.532661
141041.7,7.497539
144027.8,7.463374
147013.9,7.430118
150000.0,7.397731
156250.0,7.340142
162500.0,7.285293
168750.0,7.232955
175000.0,7.182927
187500.0,7.089101
200000.0,7.002602
212500.0,6.93929
225000.0,6.880274
237500.0,6.825046
250000.0,6.773184
271491.5,6.711683
292983.0,6.655641
292983.2,6.655638
293860.3,6.65382
294737.4,6.652019
296491.6,6.648465
300000.0,6.641547
308033.8,6.628357
316067.5,6.615617
324101.3,6.603303
332135.0,6.59139
333446.5,6.591017
334757.9,6.590646
337380.8,6.589915
340003.7,6.589194
342626.6,6.588485
347872.4,6.587101
353118.2,6.585758
358364.0,6.584457
363609.8,6.583195
374101.3,6.580784
384592.9,6.578514
395084.4,6.576373
405576.0,6.574355
416067.5,6.572448
426559.1,6.570648
437050.7,6.568946
458033.8,6.565812
479016.9,6.563004
500000.0,6.560482
512500.0,6.571111
525000.0,6.581518
550000.0,6.601701
575000.0,6.621098
600000.0,6.639772
625000.0,6.657772
650000.0,6.675149
675000.0,6.691943
700000.0,6.708195
725000.0,6.729913
750000.0,6.750951
775000.0,6.771352
800000.0,6.79115
850000.0,6.829727
900000.0,6.866243
950000.0,6.898842
1000000.0,6.929883
1055690.0,6.95478
1111380.0,6.978517
1167070.0,7.001198
1222760.0,7.022913
1229570.0,7.0255
1236380.0,7.028075
1243190.0,7.030636
1250000.0,7.033185
1257813.0,7.034166
1265625.0,7.035142
1273438.0,7.036116
1281250.0,7.037087
1289063.0,7.038053
1296875.0,7.039017
1304688.0,7.039977
1312500.0,7.040935
1320313.0,7.04189
1328125.0,7.04284
1335938.0,7.043788
1343750.0,7.044732
1351563.0,7.045673
1359375.0,7.046611
1367188.0,7.047547
1375000.0,7.048478
1382813.0,7.049406
1390625.0,7.050331
1398438.0,7.051254
1406250.0,7.052173
1414063.0,7.053089
1421875.0,7.054002
1429688.0,7.054913
1437500.0,7.055819
1445313.0,7.056723
1453125.0,7.057624
1460938.0,7.058522
1468750.0,7.059418
1476563.0,7.06031
1484375.0,7.061198
1492188.0,7.062084
1500000.0,7.062968
1507813.0,7.06193
1515625.0,7.060899
1523438.0,7.059877
1531250.0,7.058863
1539063.0,7.057858
1546875.0,7.056861
1554688.0,7.055872
1562500.0,7.05489
1570313.0,7.053917
1578125.0,7.052952
1585938.0,7.051994
1593750.0,7.051043
1601563.0,7.050099
1609375.0,7.049163
1617188.0,7.048234
1625000.0,7.047313
1632813.0,7.046398
1640625.0,7.045491
1648438.0,7.04459
1656250.0,7.043695
1664063.0,7.042809
1671875.0,7.041928
1679688.0,7.041054
1687500.0,7.040187
1695313.0,7.039326
1703125.0,7.03847
1710938.0,7.037621
1718750.0,7.03678
1726563.0,7.035942
1734375.0,7.035112
1742188.0,7.034288
1750000.0,7.033469
1757813.0,7.03088
1765625.0,7.028307
1773438.0,7.02575
1781250.0,7.023208
1789063.0,7.02068
1796875.0,7.018167
1804688.0,7.015671
1812500.0,7.013187
1820313.0,7.010719
1828125.0,7.008266
1835938.0,7.005826
1843750.0,7.003401
1851563.0,7.000989
1859375.0,6.998591
1867188.0,6.996206
1875000.0,6.993836
1882813.0,6.991478
1890625.0,6.989134
1898438.0,6.986803
1906250.0,6.984486
1914063.0,6.98218
1921875.0,6.979887
1929688.0,6.977608
1937500.0,6.975341
1945313.0,6.973085
1953125.0,6.970842
1960938.0,6.968611
1968750.0,6.966393
1976563.0,6.964185
1984375.0,6.961991
1992188.0,6.959807
2000000.0,6.957635
2007813.0,6.951867
2015625.0,6.946132
2023438.0,6.94043
2031250.0,6.934761
2039063.0,6.929123
2046875.0,6.923518
2054688.0,6.917942
2062500.0,6.9124
2070313.0,6.906886
2078125.0,6.901405
2085938.0,6.895952
2093750.0,6.89053
2101563.0,6.885137
2109375.0,6.879775
2117188.0,6.874439
2125000.0,6.869133
2132813.0,6.863856
2140625.0,6.858608
2148438.0,6.853386
2156250.0,6.848192
2164063.0,6.843027
2171875.0,6.837888
2179688.0,6.832775
2187500.0,6.827691
2195313.0,6.822631
2203125.0,6.817598
2210938.0,6.812591
2218750.0,6.807611
2226563.0,6.802655
2234375.0,6.797724
2242188.0,6.792818
2250000.0,6.787937
2257813.0,6.783081
2265625.0,6.778249
2273438.0,6.77344
2281250.0,6.768656
2289063.0,6.763896
2296875.0,6.759159
2304688.0,6.754446
2312500.0,6.749755
2320313.0,6.745087
2328125.0,6.740443
2335938.0,6.735819
2343750.0,6.73122
2351563.0,6.726641
2359375.0,6.722085
2367188.0,6.717551
2375000.0,6.713038
2382813.0,6.708546
2390625.0,6.704076
2398438.0,6.699625
2406250.0,6.695198
2414063.0,6.690789
2421875.0,6.686402
2429688.0,6.682035
2437500.0,6.677688
2445313.0,6.673361
2453125.0,6.669054
2460938.0,6.664766
2468750.0,6.660498
2476563.0,6.65625
2484375.0,6.65202
2492188.0,6.647809
2500000.0,6.643619
2507813.0,6.639445
2515625.0,6.635292
2523438.0,6.631155
2531250.0,6.627038
2539063.0,6.622938
2546875.0,6.618857
2554688.0,6.614794
2562500.0,6.610748
2570313.0,6.60672
2578125.0,6.60271
2585938.0,6.598717
2593750.0,6.594741
2601563.0,6.590781
2609375.0,6.58684
2617188.0,6.582914
2625000.0,6.579006
2632813.0,6.575114
2640625.0,6.571239
2648438.0,6.567379
2656250.0,6.563537
2664063.0,6.55971
2671875.0,6.555899
2679688.0,6.552104
2687500.0,6.548324
2695313.0,6.544561
2703125.0,6.540813
2710938.0,6.537079
2718750.0,6.533363
2726563.0,6.52966
2734375.0,6.525973
2742188.0,6.5223
2750000.0,6.518642
2757813.0,6.515001
2765625.0,6.511372
2773438.0,6.507758
2781250.0,6.504159
2789063.0,6.500575
2796875.0,6.497004
2804688.0,6.493447
2812500.0,6.489904
2820313.0,6.486376
2828125.0,6.482862
2835938.0,6.479361
2843750.0,6.475873
2851563.0,6.4724
2859375.0,6.468939
2867188.0,6.465492
2875000.0,6.462059
2882813.0,6.458638
2890625.0,6.455231
2898438.0,6.451836
2906250.0,6.448455
2914063.0,6.445087
2921875.0,6.441731
2929688.0,6.438387
2937500.0,6.435056
2945313.0,6.431738
2953125.0,6.428433
2960938.0,6.42514
2968750.0,6.421858
2976563.0,6.418589
2984375.0,6.415333
2992188.0,6.412088
3000000.0,6.408855
3007813.0,6.402621
3015625.0,6.396412
3023438.0,6.390229
3031250.0,6.384073
3039063.0,6.37794
3046875.0,6.371834
3054688.0,6.365753
3062500.0,6.359697
3070313.0,6.353664
3078125.0,6.347658
3085938.0,6.341674
3093750.0,6.335716
3101563.0,6.329781
3109375.0,6.323871
3117188.0,6.317983
3125000.0,6.31212
3132813.0,6.30628
3140625.0,6.300462
3148438.0,6.294668
3156250.0,6.288898
3164063.0,6.283149
3171875.0,6.277424
3179688.0,6.27172
3187500.0,6.266039
3195313.0,6.26038
3203125.0,6.254743
3210938.0,6.249128
3218750.0,6.243535
3226563.0,6.237963
3234375.0,6.232411
3242188.0,6.226883
3250000.0,6.221375
3257813.0,6.215888
3265625.0,6.210421
3273438.0,6.204975
3281250.0,6.199551
3289063.0,6.194146
3296875.0,6.188762
3304688.0,6.183397
3312500.0,6.178053
3320313.0,6.172729
3328125.0,6.167425
3335938.0,6.16214
3343750.0,6.156875
3351563.0,6.151629
3359375.0,6.146402
3367188.0,6.141195
3375000.0,6.136007
3382813.0,6.130837
3390625.0,6.125687
3398438.0,6.120555
3406250.0,6.115443
3414063.0,6.110346
3421875.0,6.105271
3429688.0,6.100213
3437500.0,6.095172
3445313.0,6.09015
3453125.0,6.085145
3460938.0,6.080159
3468750.0,6.075191
3476563.0,6.070239
3484375.0,6.065306
3492188.0,6.060389
3500000.0,6.05549
3507813.0,6.050609
3515625.0,6.045744
3523438.0,6.040896
3531250.0,6.036065
3539063.0,6.03125
3546875.0,6.026453
3554688.0,6.021671
3562500.0,6.016907
3570313.0,6.012158
3578125.0,6.007427
3585938.0,6.00271
3593750.0,5.99801
3601563.0,5.993327
3609375.0,5.988658
3617188.0,5.984006
3625000.0,5.97937
3632813.0,5.97475
3640625.0,5.970144
3648438.0,5.965554
3656250.0,5.96098
3664063.0,5.956421
3671875.0,5.951876
3679688.0,5.947346
3687500.0,5.942833
3695313.0,5.938333
3703125.0,5.933849
3710938.0,5.929379
3718750.0,5.924926
3726563.0,5.920485
3734375.0,5.916059
3742188.0,5.911647
3750000.0,5.907251
3757813.0,5.902867
3765625.0,5.898499
3773438.0,5.894144
3781250.0,5.889805
3789063.0,5.885478
3796875.0,5.881165
3804688.0,5.876866
3812500.0,5.872581
3820313.0,5.868309
3828125.0,5.864052
3835938.0,5.859808
3843750.0,5.855576
3851563.0,5.851359
3859375.0,5.847155
3867188.0,5.842963
3875000.0,5.838786
3882813.0,5.834621
3890625.0,5.830469
3898438.0,5.82633
3906250.0,5.822204
3914063.0,5.818091
3921875.0,5.81399
3929688.0,5.809902
3937500.0,5.805827
3945313.0,5.801764
3953125.0,5.797714
3960938.0,5.793676
3968750.0,5.789651
3976563.0,5.785638
3984375.0,5.781637
3992188.0,5.777647
4000000.0,5.773671
4008322.0,5.768297
4016644.0,5.762941
4024966.0,5.757603
4033288.0,5.752283
4041610.0,5.74698
4049932.0,5.741694
4058254.0,5.736426
4066575.0,5.731176
4074897.0,5.725941
4083219.0,5.720725
4091541.0,5.715524
4099863.0,5.710341
4108185.0,5.705175
4116507.0,5.700025
4124829.0,5.694892
4133150.0,5.689776
4141472.0,5.684676
4149794.0,5.679592
4158116.0,5.674524
4166438.0,5.669472
4174760.0,5.664437
4183082.0,5.659417
4191404.0,5.654414
4199725.0,5.649426
4208047.0,5.644453
4216369.0,5.639498
4224691.0,5.634556
4233013.0,5.62963
4241335.0,5.62472
4249657.0,5.619825
4257979.0,5.614945
4266300.0,5.610081
4274622.0,5.605231
4282944.0,5.600396
4291266.0,5.595576
4299588.0,5.590772
4307910.0,5.585982
4316232.0,5.581206
4324554.0,5.576444
4332875.0,5.571699
4341197.0,5.566967
4349519.0,5.562248
4357841.0,5.557545
4366163.0,5.552856
4374485.0,5.548181
4382807.0,5.543519
4391129.0,5.538872
4399450.0,5.53424
4407772.0,5.52962
4416094.0,5.525015
4424416.0,5.520423
4432738.0,5.515845
4441060.0,5.51128
4449382.0,5.506729
4457704.0,5.502191
4466025.0,5.497667
4474347.0,5.493156
4482669.0,5.488659
4490991.0,5.484173
4499313.0,5.479702
4507635.0,5.475244
4515957.0,5.470798
4524279.0,5.466365
4532600.0,5.461947
4544145.0,5.455748
4555690.0,5.449574
4567235.0,5.443426
4578779.0,5.437303
4590324.0,5.431203
4601869.0,5.425127
4613414.0,5.419077
4624958.0,5.41305
4636503.0,5.407046
4648048.0,5.401066
4659593.0,5.39511
4671137.0,5.389178
4682682.0,5.383268
4694226.0,5.377383
4705771.0,5.371519
4717315.0,5.365677
4728860.0,5.359859
4740405.0,5.354063
4751950.0,5.348289
4763494.0,5.342537
4775039.0,5.336808
4786584.0,5.331101
4798129.0,5.325414
4809673.0,5.31975
4821218.0,5.314107
4832763.0,5.308485
4844308.0,5.302884
4855852.0,5.297305
4867397.0,5.291746
4878941.0,5.286209
4890486.0,5.280692
4902030.0,5.275195
4914277.0,5.269347
4926523.0,5.263523
4938769.0,5.257721
4951015.0,5.251941
4963262.0,5.246185
4975508.0,5.24045
4987754.0,5.234739
5000000.0,5.229049
5029827.0,5.216665
5059654.0,5.20439
5089481.0,5.192225
5119308.0,5.180168
5149135.0,5.168216
5178962.0,5.156367
5208789.0,5.144621
5238615.0,5.132977
5268442.0,5.12143
5298269.0,5.109983
5328096.0,5.098633
5357923.0,5.087377
5387750.0,5.076215
5417577.0,5.065146
5447404.0,5.054169
5477230.0,5.043281
5509159.0,5.031639
5541088.0,5.020097
5573017.0,5.008656
5604945.0,4.997313
5636874.0,4.986066
5668803.0,4.974914
5700732.0,4.963856
5732660.0,4.952891
5766078.0,4.941458
5799495.0,4.930124
5832913.0,4.918888
5866330.0,4.907748
5899748.0,4.896703
5933165.0,4.885752
5966583.0,4.874893
6000000.0,4.864124
6029468.0,4.858075
6058935.0,4.852057
6088403.0,4.846068
6117870.0,4.840109
6147338.0,4.834179
6176805.0,4.828277
6206273.0,4.822404
6235740.0,4.816559
6270575.0,4.809737
6305410.0,4.802951
6340245.0,4.796205
6375080.0,4.789495
6401495.0,4.78408
6427910.0,4.778735
6454325.0,4.773462
6480740.0,4.76826
6512569.0,4.761979
6544398.0,4.7558
6576227.0,4.749721
6608055.0,4.743742
6639884.0,4.737861
6671713.0,4.732077
6703542.0,4.726388
6735370.0,4.720794
6768449.0,4.714929
6801528.0,4.709168
6834607.0,4.703506
6867685.0,4.697944
6900764.0,4.692479
6933843.0,4.687112
6966922.0,4.681839
7000000.0,4.676663
7007097.0,4.676065
7014194.0,4.675473
7021291.0,4.674884
7028388.0,4.674303
7035485.0,4.673725
7042582.0,4.673154
7049679.0,4.672589
7056775.0,4.672028
7063872.0,4.671471
7070969.0,4.670921
7078066.0,4.670375
7085163.0,4.669836
7092260.0,4.669302
7099357.0,4.668772
7106454.0,4.668248
7113550.0,4.66773
7120647.0,4.667216
7127744.0,4.666707
7134841.0,4.666204
7141938.0,4.665705
7149035.0,4.665212
7156132.0,4.664725
7163229.0,4.664241
7170325.0,4.663764
7177422.0,4.663291
7184519.0,4.662823
7191616.0,4.662361
7198713.0,4.661904
7205810.0,4.661451
7212907.0,4.661005
7220004.0,4.660562
7227100.0,4.660126
7237620.0,4.658973
7245298.0,4.658141
7252976.0,4.657316
7260654.0,4.656498
7268332.0,4.655687
7276010.0,4.654882
7283688.0,4.654084
7291366.0,4.653294
7299043.0,4.65251
7306721.0,4.651732
7314399.0,4.650963
7322077.0,4.650199
7329754.0,4.649442
7337432.0,4.648693
7345110.0,4.64795
7352788.0,4.647213
7360465.0,4.646483
7368143.0,4.64576
7375821.0,4.645042
7383499.0,4.644332
7391177.0,4.64363
7398855.0,4.642933
7406533.0,4.642243
7414211.0,4.64156
7421888.0,4.640883
7429566.0,4.640212
7437244.0,4.639549
7444922.0,4.638893
7452599.0,4.638242
7460277.0,4.637598
7467955.0,4.63696
7475633.0,4.636329
7483310.0,4.635705
7491384.0,4.635055
7499457.0,4.634412
7507531.0,4.633777
7515604.0,4.633147
7523678.0,4.632527
7531751.0,4.631913
7539824.0,4.631305
7547897.0,4.630704
7555971.0,4.630112
7564044.0,4.629526
7572117.0,4.628947
7580190.0,4.628374
7588264.0,4.62781
7596337.0,4.627252
7604410.0,4.626699
7612483.0,4.626155
7620557.0,4.625618
7628630.0,4.625088
7636703.0,4.624564
7644776.0,4.624047
7652850.0,4.623537
7660923.0,4.623034
7668996.0,4.622538
7677069.0,4.622049
7685143.0,4.621566
7693216.0,4.62109
7701289.0,4.620621
7709362.0,4.620159
7717436.0,4.619703
7725509.0,4.619254
7733582.0,4.618812
7741655.0,4.618377
7749729.0,4.617949
7757802.0,4.617525
7765876.0,4.61711
7773949.0,4.616702
7782023.0,4.616298
7790096.0,4.615904
7798169.0,4.615514
7806242.0,4.615132
7814316.0,4.614757
7822389.0,4.614387
7830462.0,4.614025
7838535.0,4.613669
7846609.0,4.613318
7854682.0,4.612976
7862755.0,4.612639
7870828.0,4.612308
7878902.0,4.611985
7886975.0,4.611668
7895048.0,4.611357
7903121.0,4.611052
7911195.0,4.610754
7919268.0,4.610462
7927341.0,4.610178
7935414.0,4.609899
7943488.0,4.609626
7951561.0,4.60936
7959634.0,4.609101
7967707.0,4.608846
7975781.0,4.608599
7983854.0,4.608358
7991927.0,4.608123
8000000.0,4.607895
8008497.0,4.60788
8016993.0,4.60787
8025489.0,4.607863
8033985.0,4.607863
8042481.0,4.607868
8050977.0,4.607876
8059473.0,4.60789
8067969.0,4.607907
8076466.0,4.60793
8084962.0,4.607958
8093458.0,4.60799
8101954.0,4.608028
8110450.0,4.608069
8118946.0,4.608117
8127442.0,4.608168
8135938.0,4.608223
8144435.0,4.608284
8152931.0,4.608349
8161427.0,4.608419
8169923.0,4.608494
8178419.0,4.608572
8186915.0,4.608657
8195411.0,4.608746
8203907.0,4.608838
8212403.0,4.608936
8220899.0,4.609038
8229395.0,4.609145
8237891.0,4.609256
8246387.0,4.609373
8254883.0,4.609492
8263379.0,4.609618
8271875.0,4.609747
8280372.0,4.609882
8288868.0,4.610021
8297364.0,4.610163
8305860.0,4.610311
8314356.0,4.610464
8322852.0,4.610619
8331348.0,4.61078
8339844.0,4.610945
8348341.0,4.611115
8356837.0,4.61129
8365333.0,4.611468
8373829.0,4.611652
8382325.0,4.61184
8390821.0,4.612032
8399317.0,4.612228
8407813.0,4.612429
8416310.0,4.612633
8424806.0,4.612843
8433302.0,4.613056
8441798.0,4.613275
8450294.0,4.613497
8458790.0,4.613724
8467286.0,4.613955
8475782.0,4.614192
8484278.0,4.614431
8492774.0,4.614675
8501270.0,4.614924
8509766.0,4.615177
8518262.0,4.615432
8526758.0,4.615694
8535254.0,4.61596
8543750.0,4.61623
8550879.0,4.616252
8558008.0,4.616277
8565137.0,4.616305
8572266.0,4.616335
8579395.0,4.616367
8586524.0,4.616402
8593653.0,4.616441
8600782.0,4.616482
8607911.0,4.616525
8615040.0,4.616571
8622169.0,4.616621
8629298.0,4.616672
8636427.0,4.616724
8643556.0,4.616781
8650685.0,4.616841
8657813.0,4.616902
8664942.0,4.616967
8672071.0,4.617033
8679200.0,4.617102
8686329.0,4.617175
8693458.0,4.617249
8700587.0,4.617326
8707716.0,4.617407
8714844.0,4.617488
8721973.0,4.617574
8729102.0,4.617661
8736231.0,4.617751
8743360.0,4.617844
8750489.0,4.617939
8757618.0,4.618036
8764747.0,4.618137
8771875.0,4.618239
8779004.0,4.618344
8786133.0,4.618452
8793262.0,4.618562
8800391.0,4.618675
8807520.0,4.618789
8814649.0,4.618907
8821778.0,4.619028
8828907.0,4.61915
8836036.0,4.619275
8843165.0,4.619403
8850294.0,4.619534
8857423.0,4.619667
8864552.0,4.6198
8871681.0,4.619939
8878810.0,4.620079
8885938.0,4.620222
8893067.0,4.620367
8900196.0,4.620514
8907325.0,4.620664
8914454.0,4.620816
8921583.0,4.620971
8928712.0,4.621128
8935841.0,4.621288
8942969.0,4.62145
8950098.0,4.621614
8957227.0,4.621781
8964356.0,4.621951
8971485.0,4.622122
8978614.0,4.622297
8985743.0,4.622473
8992872.0,4.622653
9000000.0,4.622834
9008682.0,4.623704
9017363.0,4.624575
9026044.0,4.625449
9034725.0,4.626323
9043406.0,4.6272
9052087.0,4.628076
9060768.0,4.628956
9069449.0,4.629835
9078131.0,4.630717
9086812.0,4.631601
9095493.0,4.632485
9104174.0,4.633371
9112855.0,4.634259
9121536.0,4.635147
9130217.0,4.636038
9138898.0,4.636928
9147580.0,4.637822
9156261.0,4.638716
9164942.0,4.639612
9173623.0,4.640509
9182304.0,4.641408
9190985.0,4.642308
9199666.0,4.64321
9208347.0,4.644112
9217028.0,4.645017
9225709.0,4.645921
9234390.0,4.646829
9243071.0,4.647736
9251752.0,4.648647
9260433.0,4.649558
9269114.0,4.650471
9277795.0,4.651384
9286477.0,4.652299
9295158.0,4.653216
9303839.0,4.654134
9312520.0,4.655052
9321201.0,4.655973
9329882.0,4.656894
9338563.0,4.657818
9347244.0,4.658743
9355926.0,4.659669
9364607.0,4.660596
9373288.0,4.661525
9381969.0,4.662454
9390650.0,4.663387
9399331.0,4.664318
9408012.0,4.665252
9416693.0,4.666188
9425375.0,4.667124
9434056.0,4.668062
9442737.0,4.669001
9451418.0,4.669942
9460099.0,4.670884
9468780.0,4.671826
9477461.0,4.672772
9486142.0,4.673718
9494823.0,4.674665
9503504.0,4.675613
9512185.0,4.676563
9520866.0,4.677514
9529547.0,4.678466
9538228.0,4.679419
9546909.0,4.680375
9555590.0,4.68133
9562534.0,4.682008
9569478.0,4.682687
9576422.0,4.683365
9583366.0,4.684046
9590310.0,4.684726
9597254.0,4.685408
9604198.0,4.68609
9611142.0,4.686774
9618086.0,4.687457
9625030.0,4.688142
9631974.0,4.688827
9638918.0,4.689513
9645862.0,4.6902
9652806.0,4.690887
9659750.0,4.691576
9666693.0,4.692265
9673637.0,4.692955
9680581.0,4.693645
9687525.0,4.694337
9694469.0,4.695029
9701413.0,4.695722
9708357.0,4.696416
9715301.0,4.69711
9722244.0,4.697806
9729188.0,4.698501
9736132.0,4.699198
9743076.0,4.699896
9750020.0,4.700593
9756964.0,4.701292
9763908.0,4.701992
9770852.0,4.702693
9777795.0,4.703394
9784739.0,4.704095
9791683.0,4.704798
9798627.0,4.705502
9805571.0,4.706206
9812515.0,4.70691
9819459.0,4.707617
9826403.0,4.708322
9833347.0,4.70903
9840291.0,4.709737
9847235.0,4.710446
9854179.0,4.711155
9861123.0,4.711866
9868067.0,4.712575
9875011.0,4.713287
9881955.0,4.713999
9888898.0,4.714712
9895842.0,4.715425
9902786.0,4.71614
9909730.0,4.716856
9916674.0,4.717571
9923618.0,4.718287
9930562.0,4.719004
9937506.0,4.719722
9944449.0,4.720441
9951393.0,4.72116
9958337.0,4.721881
9965281.0,4.722601
9972225.0,4.723323
9979169.0,4.724045
9986113.0,4.724768
9993057.0,4.725491
10000000.0,4.726216
10005820.0,4.72699
10011630.0,4.727764
10017440.0,4.728538
10023250.0,4.729312
10029070.0,4.730087
10034880.0,4.730861
10040690.0,4.731636
10046500.0,4.73241
10052320.0,4.733186
10058130.0,4.73396
10063940.0,4.734735
10069750.0,4.73551
10075570.0,4.736286
10081380.0,4.737061
10087190.0,4.737836
10093000.0,4.73861
10098820.0,4.739387
10104630.0,4.740163
10110440.0,4.740939
10116250.0,4.741714
10122070.0,4.742491
10127880.0,4.743267
10133690.0,4.744043
10139500.0,4.744819
10145320.0,4.745597
10151130.0,4.746374
10156940.0,4.74715
10162750.0,4.747926
10168570.0,4.748705
10174380.0,4.749482
10180190.0,4.750259
10186000.0,4.751036
10191820.0,4.751814
10197630.0,4.752592
10203440.0,4.753369
10209250.0,4.754147
10215070.0,4.754926
10220880.0,4.755703
10226690.0,4.756481
10232500.0,4.75726
10238320.0,4.758037
10244130.0,4.758816
10249940.0,4.759594
10255750.0,4.760373
10261570.0,4.761153
10267380.0,4.761932
10273190.0,4.76271
10279000.0,4.76349
10284820.0,4.764269
10290630.0,4.765049
10296440.0,4.765828
10302250.0,4.766607
10308070.0,4.767388
10313880.0,4.768167
10319690.0,4.768948
10325500.0,4.769727
10331320.0,4.770508
10337130.0,4.771288
10342940.0,4.772068
10348750.0,4.772848
10354570.0,4.77363
10360380.0,4.77441
10366190.0,4.775192
10372000.0,4.775972
10378030.0,4.776774
10384060.0,4.777579
10390090.0,4.778383
10396120.0,4.779186
10402150.0,4.77999
10408180.0,4.780793
10414210.0,4.781599
10420230.0,4.782401
10426260.0,4.783206
10432290.0,4.78401
10438320.0,4.784815
10444340.0,4.785618
10450370.0,4.786423
10456400.0,4.787228
10462430.0,4.788034
10468450.0,4.788837
10474480.0,4.789642
10480510.0,4.790449
10486540.0,4.791253
10492570.0,4.79206
10498600.0,4.792865
10504630.0,4.793671
10510660.0,4.794478
10516680.0,4.795282
10522710.0,4.796089
10528740.0,4.796894
10534770.0,4.797702
10540790.0,4.798506
10546820.0,4.799313
10552850.0,4.80012
10558880.0,4.800927
10564900.0,4.801733
10570930.0,4.80254
10576960.0,4.803347
10582990.0,4.804155
10589020.0,4.804963
10595050.0,4.80577
10601080.0,4.806577
10607110.0,4.807386
10613130.0,4.808192
10619160.0,4.809001
10625190.0,4.809808
10631220.0,4.810617
10637240.0,4.811424
10643270.0,4.812233
10649300.0,4.813041
10655330.0,4.81385
10661350.0,4.814658
10667380.0,4.815466
10673410.0,4.816276
10679440.0,4.817085
10685470.0,4.817894
10691500.0,4.818704
10697530.0,4.819514
10703560.0,4.820323
10709580.0,4.821131
10715610.0,4.821942
10721640.0,4.822751
10727670.0,4.823562
10733690.0,4.82437
10739720.0,4.825181
10745750.0,4.825991
10751780.0,4.826802
10757800.0,4.827611
10765370.0,4.828588
10772940.0,4.829564
10780510.0,4.830541
10788080.0,4.831519
10795650.0,4.832495
10803220.0,4.833473
10810790.0,4.83445
10818350.0,4.835428
10825920.0,4.836405
10833490.0,4.837383
10841060.0,4.838361
10848630.0,4.839341
10856200.0,4.84032
10863770.0,4.841297
10871340.0,4.842277
10878900.0,4.843255
10886470.0,4.844235
10894040.0,4.845214
10901610.0,4.846194
10909180.0,4.847175
10916750.0,4.848155
10924320.0,4.849135
10931890.0,4.850115
10939450.0,4.851096
10947020.0,4.852076
10954590.0,4.853057
10962160.0,4.854038
10969730.0,4.85502
10977300.0,4.856002
10984870.0,4.856984
10992440.0,4.857966
11000000.0,4.858947
11007650.0,4.859901
11015290.0,4.860853
11022930.0,4.861807
11030570.0,4.86276
11038220.0,4.863715
11045860.0,4.864669
11053500.0,4.865622
11061140.0,4.866577
11068790.0,4.867532
11076430.0,4.868487
11084070.0,4.869442
11091710.0,4.870396
11099360.0,4.871353
11107000.0,4.872308
11114640.0,4.873264
11122280.0,4.87422
11129930.0,4.875177
11137570.0,4.876133
11145210.0,4.877089
11152850.0,4.878047
11160500.0,4.879005
11168140.0,4.879962
11175780.0,4.880919
11183420.0,4.881877
11191070.0,4.882835
11198710.0,4.883793
11206350.0,4.884752
11213990.0,4.885709
11221630.0,4.886668
11229270.0,4.887627
11236910.0,4.888586
11244550.0,4.889545
11252200.0,4.890506
11259840.0,4.891465
11267480.0,4.892425
11275120.0,4.893385
11282770.0,4.894347
11290410.0,4.895307
11298050.0,4.896268
11305690.0,4.897228
11313340.0,4.89819
11320980.0,4.899151
11328620.0,4.900113
11336260.0,4.901075
11343910.0,4.902037
11351550.0,4.903
11359190.0,4.903961
11366830.0,4.904925
11374480.0,4.905888
11382120.0,4.906851
11389760.0,4.907814
11397400.0,4.908777
11405050.0,4.909742
11412690.0,4.910706
11420330.0,4.91167
11427970.0,4.912633
11435620.0,4.913599
11443260.0,4.914563
11450900.0,4.915528
11458540.0,4.916492
11466180.0,4.917458
11473820.0,4.918424
11481460.0,4.919388
11489100.0,4.920354
11497090.0,4.921333
11505070.0,4.922311
11513060.0,4.923289
11521040.0,4.924269
11529030.0,4.925248
11537010.0,4.926226
11544990.0,4.927205
11552970.0,4.928184
11560960.0,4.929165
11568940.0,4.930145
11576920.0,4.931125
11584900.0,4.932104
11592890.0,4.933087
11600870.0,4.934066
11608850.0,4.935047
11616830.0,4.936028
11624820.0,4.937009
11632800.0,4.937991
11640780.0,4.938972
11648760.0,4.939954
11656750.0,4.940937
11664730.0,4.941918
11672710.0,4.9429
11680690.0,4.943883
11688680.0,4.944867
11696660.0,4.94585
11704640.0,4.946833
11712620.0,4.947817
11720610.0,4.9488
11728590.0,4.949785
11736570.0,4.950769
11744550.0,4.951752
11752540.0,4.952738
11760520.0,4.953722
11768510.0,4.954709
11776490.0,4.955693
11784480.0,4.95668
11792460.0,4.957664
11800440.0,4.958651
11808420.0,4.959637
11816410.0,4.960624
11824390.0,4.961609
11832370.0,4.962596
11840350.0,4.963582
11848340.0,4.964571
11856320.0,4.965558
11864300.0,4.966545
11872280.0,4.967533
11880270.0,4.968522
11888250.0,4.96951
11896230.0,4.970498
11904210.0,4.971486
11912200.0,4.972475
11920180.0,4.973464
11928160.0,4.974453
11936140.0,4.975443
11944130.0,4.976433
11952110.0,4.977423
11960090.0,4.978412
11968070.0,4.979402
11976060.0,4.980394
11984040.0,4.981385
11992020.0,4.982375
12000000.0,4.983366
12008710.0,4.983479
12017420.0,4.983592
12026130.0,4.983706
12034840.0,4.98382
12043550.0,4.983934
12052260.0,4.984047
12060970.0,4.984161
12069670.0,4.984274
12078380.0,4.984389
12087090.0,4.984502
12095800.0,4.984616
12104500.0,4.984729
12113210.0,4.984843
12121920.0,4.984957
12130630.0,4.985071
12139330.0,4.985186
12148040.0,4.985299
12156750.0,4.985413
12165460.0,4.985528
12174160.0,4.985642
12182870.0,4.985756
12191580.0,4.985869
12200290.0,4.985984
12208990.0,4.986098
12217700.0,4.986212
12226410.0,4.986327
12235120.0,4.986441
12243820.0,4.986556
12252530.0,4.98667
12261240.0,4.986786
12269950.0,4.9869
12278650.0,4.987015
12287360.0,4.98713
12296070.0,4.987244
12304780.0,4.987358
12313490.0,4.987474
12322200.0,4.98759
12330910.0,4.987704
12339620.0,4.987819
12348320.0,4.987934
12357030.0,4.988049
12365740.0,4.988164
12374450.0,4.98828
12383150.0,4.988394
12391860.0,4.98851
12400570.0,4.988626
12409280.0,4.988742
12417980.0,4.988857
12426690.0,4.988972
12435400.0,4.989088
12444110.0,4.989204
12452810.0,4.989319
12461520.0,4.989435
12470230.0,4.98955
12478940.0,4.989667
12487640.0,4.989782
12496350.0,4.989898
12505060.0,4.990015
12513770.0,4.99013
12522470.0,4.990247
12531180.0,4.990363
12539890.0,4.99048
12548600.0,4.990597
12557300.0,4.990713
12564220.0,4.990799
12571140.0,4.990886
12578060.0,4.990973
12584970.0,4.99106
12591890.0,4.991147
12598810.0,4.991233
12605730.0,4.991321
12612640.0,4.991409
12619560.0,4.991495
12626480.0,4.991583
12633400.0,4.99167
12640310.0,4.991756
12647230.0,4.991844
12654150.0,4.99193
12661070.0,4.992018
12667980.0,4.992105
12674900.0,4.992193
12681820.0,4.99228
12688740.0,4.992367
12695650.0,4.992454
12702570.0,4.992542
12709490.0,4.99263
12716410.0,4.992716
12723320.0,4.992805
12730240.0,4.992892
12737160.0,4.992979
12744080.0,4.993067
12750990.0,4.993155
12757910.0,4.993242
12764820.0,4.99333
12771740.0,4.993418
12778650.0,4.993505
12785570.0,4.993592
12792490.0,4.993681
12799410.0,4.993769
12806320.0,4.993856
12813240.0,4.993945
12820160.0,4.994033
12827080.0,4.994121
12833990.0,4.994209
12840910.0,4.994297
12847830.0,4.994385
12854750.0,4.994473
12861660.0,4.994562
12868580.0,4.99465
12875500.0,4.994739
12882420.0,4.994827
12889330.0,4.994915
12896250.0,4.995003
12903170.0,4.995092
12910090.0,4.995181
12917000.0,4.995269
12923920.0,4.995358
12930840.0,4.995447
12937760.0,4.995535
12944670.0,4.995624
12951590.0,4.995713
12958510.0,4.995801
12965430.0,4.995891
12972340.0,4.995979
12979260.0,4.996068
12986170.0,4.996156
12993090.0,4.996246
13000000.0,4.996335
13007670.0,4.996438
13015340.0,4.996539
13023010.0,4.996642
13030670.0,4.996745
13038340.0,4.996848
13046010.0,4.99695
13053680.0,4.997052
13061340.0,4.997156
13069010.0,4.997257
13076680.0,4.997361
13084350.0,4.997464
13092010.0,4.997566
13099680.0,4.99767
13107350.0,4.997772
13115020.0,4.997876
13122680.0,4.997978
13130350.0,4.998082
13138020.0,4.998185
13145690.0,4.998288
13153350.0,4.998391
13161020.0,4.998494
13168690.0,4.998597
13176360.0,4.998701
13184020.0,4.998804
13191690.0,4.998907
13199360.0,4.999011
13207030.0,4.999115
13214690.0,4.999217
13222360.0,4.999322
13230020.0,4.999425
13237690.0,4.999529
13245350.0,4.999632
13253020.0,4.999737
13260690.0,4.999841
13268360.0,4.999944
13276020.0,5.000048
13283690.0,5.000152
13291360.0,5.000256
13299030.0,5.00036
13306690.0,5.000464
13314360.0,5.000569
13322030.0,5.000672
13329700.0,5.000776
13337360.0,5.000881
13345030.0,5.000985
13352700.0,5.001091
13360370.0,5.001194
13368030.0,5.001299
13375700.0,5.001404
13383370.0,5.001508
13391040.0,5.001613
13398700.0,5.001717
13406370.0,5.001823
13414040.0,5.001927
13421710.0,5.002032
13429370.0,5.002138
13437040.0,5.002242
13444710.0,5.002348
13452380.0,5.002453
13460040.0,5.002558
13467710.0,5.002663
13475370.0,5.002768
13483040.0,5.002875
13490700.0,5.002979
13498660.0,5.003061
13506620.0,5.003142
13514580.0,5.003225
13522540.0,5.003306
13530500.0,5.003388
13538460.0,5.00347
13546420.0,5.003552
13554370.0,5.003633
13562330.0,5.003716
13570290.0,5.003799
13578250.0,5.003881
13586200.0,5.003963
13594160.0,5.004045
13602120.0,5.004128
13610080.0,5.00421
13618030.0,5.004292
13625990.0,5.004376
13633950.0,5.004458
13641910.0,5.004541
13649860.0,5.004624
13657820.0,5.004707
13665780.0,5.00479
13673740.0,5.004872
13681690.0,5.004956
13689650.0,5.00504
13697610.0,5.005123
13705570.0,5.005207
13713520.0,5.00529
13721480.0,5.005373
13729440.0,5.005457
13737400.0,5.005541
13745350.0,5.005624
13753310.0,5.005709
13761270.0,5.005793
13769230.0,5.005876
13777190.0,5.005961
13785150.0,5.006045
13793110.0,5.00613
13801070.0,5.006214
13809020.0,5.006298
13816980.0,5.006382
13824940.0,5.006467
13832900.0,5.006552
13840850.0,5.006637
13848810.0,5.006723
13856770.0,5.006807
13864730.0,5.006893
13872680.0,5.006978
13880640.0,5.007063
13888600.0,5.007149
13896560.0,5.007233
13904510.0,5.007319
13912470.0,5.007406
13920430.0,5.007492
13928390.0,5.007577
13936340.0,5.007663
13944300.0,5.00775
13952260.0,5.007836
13960220.0,5.007923
13968170.0,5.008008
13976130.0,5.008096
13984090.0,5.008183
13992050.0,5.008269
14000000.0,5.008356
14007820.0,5.00892
14015630.0,5.009484
14023440.0,5.010047
14031250.0,5.01061
14039070.0,5.011174
14046880.0,5.011738
14054690.0,5.012301
14062500.0,5.012864
14070320.0,5.013428
14078130.0,5.013991
14085940.0,5.014555
14093750.0,5.015118
14101570.0,5.015682
14109380.0,5.016245
14117190.0,5.016809
14125000.0,5.017373
14132820.0,5.017936
14140630.0,5.0185
14148440.0,5.019063
14156250.0,5.019625
14164070.0,5.02019
14171880.0,5.020754
14179690.0,5.021317
14187500.0,5.02188
14195320.0,5.022444
14203130.0,5.023008
14210940.0,5.023572
14218750.0,5.024134
14226570.0,5.024699
14234380.0,5.025263
14242190.0,5.025826
14250000.0,5.02639
14257820.0,5.026952
14265630.0,5.027517
14273440.0,5.028081
14281250.0,5.028644
14289070.0,5.029208
14296880.0,5.029772
14304690.0,5.030336
14312500.0,5.030899
14320320.0,5.031463
14328130.0,5.032027
14335940.0,5.032591
14343750.0,5.033155
14351570.0,5.033719
14359380.0,5.034284
14367190.0,5.034847
14375000.0,5.035412
14382820.0,5.035976
14390630.0,5.03654
14398440.0,5.037103
14406250.0,5.037667
14414070.0,5.038233
14421880.0,5.038796
14429690.0,5.03936
14437500.0,5.039926
14445320.0,5.04049
14453130.0,5.041054
14460940.0,5.041619
14468750.0,5.042183
14476570.0,5.042748
14484380.0,5.043313
14492190.0,5.043877
14500000.0,5.044442
14512890.0,5.045357
14525780.0,5.046271
14538670.0,5.047187
14551550.0,5.048102
14564440.0,5.049018
14577330.0,5.049932
14590220.0,5.050848
14603100.0,5.051763
14615510.0,5.052631
14627910.0,5.053497
14640320.0,5.054365
14652720.0,5.055232
14665130.0,5.0561
14677530.0,5.056966
14689930.0,5.057833
14702330.0,5.0587
14714740.0,5.059568
14727140.0,5.060435
14739540.0,5.061304
14751940.0,5.062172
14764350.0,5.063039
14776750.0,5.063907
14789150.0,5.064775
14801550.0,5.065643
14813960.0,5.066512
14826360.0,5.067379
14838770.0,5.068248
14851170.0,5.069117
14863580.0,5.069986
14875980.0,5.070855
14888380.0,5.071724
14900780.0,5.072592
14913190.0,5.073463
14925590.0,5.074331
14937990.0,5.075201
14950390.0,5.076071
14962800.0,5.076942
14975200.0,5.077812
14987600.0,5.078682
15000000.0,5.079552
15007690.0,5.080218
15015380.0,5.080885
15023070.0,5.08155
15030750.0,5.082217
15038440.0,5.082883
15046120.0,5.083548
15053810.0,5.084214
15061490.0,5.084879
15069180.0,5.085546
15076870.0,5.086213
15084560.0,5.086879
15092240.0,5.087544
15099930.0,5.088209
15107610.0,5.088874
15115300.0,5.08954
15122980.0,5.090205
15130670.0,5.09087
15138360.0,5.091536
15146050.0,5.092202
15153730.0,5.092866
15161420.0,5.093532
15169100.0,5.094196
15176790.0,5.094862
15184470.0,5.095526
15192160.0,5.096191
15199840.0,5.096856
15207530.0,5.097521
15215210.0,5.098186
15222900.0,5.098851
15230580.0,5.099515
15238270.0,5.10018
15245950.0,5.100845
15253640.0,5.101509
15261330.0,5.102174
15269020.0,5.10284
15276700.0,5.103504
15284390.0,5.104169
15292070.0,5.104833
15299760.0,5.105498
15307440.0,5.106161
15315130.0,5.106827
15322820.0,5.107491
15330510.0,5.108156
15338190.0,5.10882
15345880.0,5.109484
15353560.0,5.110148
15361250.0,5.110813
15368930.0,5.111477
15376620.0,5.112142
15384310.0,5.112806
15399680.0,5.114134
15415050.0,5.115463
15430420.0,5.116791
15445790.0,5.118119
15461160.0,5.119447
15476530.0,5.120776
15491900.0,5.122104
15499840.0,5.122771
15507780.0,5.123439
15515720.0,5.124106
15523660.0,5.124773
15531600.0,5.125441
15539540.0,5.126108
15547480.0,5.126775
15555420.0,5.127443
15563360.0,5.12811
15571300.0,5.128777
15579240.0,5.129444
15587180.0,5.130112
15595120.0,5.130779
15603060.0,5.131448
15611000.0,5.132115
15618930.0,5.132782
15626870.0,5.13345
15634810.0,5.134118
15642750.0,5.134785
15650690.0,5.135451
15658630.0,5.136119
15666570.0,5.136787
15674510.0,5.137454
15682440.0,5.138122
15690380.0,5.13879
15698320.0,5.139458
15706260.0,5.140125
15714200.0,5.140794
15722140.0,5.141461
15730080.0,5.142128
15738020.0,5.142796
15745950.0,5.143464
15753890.0,5.144131
15761830.0,5.1448
15769770.0,5.145468
15777710.0,5.146136
15785650.0,5.146805
15793590.0,5.147473
15801530.0,5.148142
15809470.0,5.14881
15817410.0,5.149477
15825350.0,5.150147
15833290.0,5.150815
15841230.0,5.151484
15849170.0,5.152153
15857110.0,5.152821
15865050.0,5.15349
15872980.0,5.154159
15880920.0,5.154828
15888860.0,5.155497
15904740.0,5.156834
15920620.0,5.158173
15936490.0,5.159512
15952370.0,5.160852
15968250.0,5.162192
15984130.0,5.163532
16000000.0,5.164872
16015630.0,5.16664
16031250.0,5.168407
16046880.0,5.170176
16062500.0,5.171943
16078130.0,5.173712
16093750.0,5.175479
16109380.0,5.177248
16125000.0,5.179016
16140630.0,5.180785
16156250.0,5.182553
16171880.0,5.184321
16187500.0,5.18609
16203130.0,5.187859
16218750.0,5.189628
16234380.0,5.191398
16250000.0,5.193167
16265630.0,5.194937
16281250.0,5.196706
16296880.0,5.198476
16312500.0,5.200245
16328130.0,5.202017
16343750.0,5.203787
16359380.0,5.205558
16375000.0,5.207329
16390630.0,5.2091
16406250.0,5.210872
16421880.0,5.212644
16437500.0,5.214416
16453130.0,5.216188
16468750.0,5.217961
16484380.0,5.219734
16500000.0,5.221507
16515630.0,5.223282
16531250.0,5.225055
16546880.0,5.226831
16562500.0,5.228604
16578130.0,5.23038
16593750.0,5.232156
16609380.0,5.233933
16625000.0,5.23571
16640630.0,5.237487
16656250.0,5.239264
16671880.0,5.241042
16687500.0,5.242821
16703130.0,5.244599
16718750.0,5.246379
16734380.0,5.248161
16750000.0,5.24994
16765630.0,5.251723
16781250.0,5.253504
16796880.0,5.255287
16812500.0,5.257069
16828130.0,5.258855
16843750.0,5.260638
16859380.0,5.262424
16875000.0,5.26421
16890630.0,5.265997
16906250.0,5.267785
16921880.0,5.269573
16937500.0,5.271362
16953130.0,5.273151
16968750.0,5.274942
16984380.0,5.276735
17000000.0,5.278527
17015630.0,5.280222
17031250.0,5.281915
17046880.0,5.283611
17062500.0,5.285306
17078130.0,5.287001
17093750.0,5.288697
17109380.0,5.290393
17125000.0,5.29209
17140630.0,5.293786
17156250.0,5.295483
17171880.0,5.297181
17187500.0,5.298878
17203130.0,5.300577
17218750.0,5.302275
17234380.0,5.303974
17250000.0,5.305673
17265630.0,5.307374
17281250.0,5.309073
17296880.0,5.310774
17312500.0,5.312475
17328130.0,5.314176
17343750.0,5.315878
17359380.0,5.317581
17375000.0,5.319283
17390630.0,5.320988
17406250.0,5.322691
17421880.0,5.324396
17437500.0,5.326101
17453130.0,5.327807
17468750.0,5.329512
17484380.0,5.331219
17500000.0,5.332926
17515630.0,5.334635
17531250.0,5.336342
17546880.0,5.338053
17562500.0,5.339761
17578130.0,5.341472
17593750.0,5.343183
17609380.0,5.344895
17625000.0,5.346607
17640630.0,5.348322
17656250.0,5.350035
17671880.0,5.351751
17687500.0,5.353466
17703130.0,5.355182
17718750.0,5.356899
17734380.0,5.358618
17750000.0,5.360336
17765630.0,5.362057
17781250.0,5.363777
17796880.0,5.365499
17812500.0,5.367221
17828130.0,5.368945
17843750.0,5.370669
17859380.0,5.372395
17875000.0,5.374121
17890630.0,5.375849
17906250.0,5.377577
17921880.0,5.379308
17937500.0,5.381038
17953130.0,5.38277
17968750.0,5.384502
17984380.0,5.386237
18000000.0,5.387972
18015630.0,5.389537
18031250.0,5.391102
18046880.0,5.392668
18062500.0,5.394233
18078130.0,5.395799
18093750.0,5.397365
18109380.0,5.398933
18125000.0,5.4005
18140630.0,5.402068
18156250.0,5.403636
18171880.0,5.405204
18187500.0,5.406773
18203130.0,5.408342
18218750.0,5.409911
18234380.0,5.411482
18250000.0,5.413052
18265630.0,5.414623
18281250.0,5.416195
18296880.0,5.417767
18312500.0,5.419339
18328130.0,5.420913
18343750.0,5.422486
18359380.0,5.42406
18375000.0,5.425635
18390630.0,5.427211
18406250.0,5.428786
18421880.0,5.430363
18437500.0,5.43194
18453130.0,5.433518
18468750.0,5.435096
18484380.0,5.436676
18500000.0,5.438255
18515630.0,5.439836
18531250.0,5.441417
18546880.0,5.442999
18562500.0,5.444582
18578130.0,5.446165
18593750.0,5.447749
18609380.0,5.449334
18625000.0,5.45092
18640630.0,5.452507
18656250.0,5.454094
18671880.0,5.455683
18687500.0,5.457272
18703130.0,5.458862
18718750.0,5.460453
18734380.0,5.462046
18750000.0,5.463637
18765630.0,5.465232
18781250.0,5.466826
18796880.0,5.468422
18812500.0,5.470018
18828130.0,5.471617
18843750.0,5.473216
18859380.0,5.474816
18875000.0,5.476417
18890630.0,5.47802
18906250.0,5.479623
18921880.0,5.481228
18937500.0,5.482834
18953130.0,5.484441
18968750.0,5.486049
18984380.0,5.487659
19000000.0,5.48927
19031250.0,5.492282
19062500.0,5.495298
19093750.0,5.498314
19125000.0,5.501334
19156250.0,5.504356
19187500.0,5.507379
19218750.0,5.510405
19250000.0,5.513433
19281250.0,5.516463
19312500.0,5.519497
19343750.0,5.522533
19375000.0,5.525572
19406250.0,5.528614
19437500.0,5.531659
19468750.0,5.534707
19500000.0,5.537758
19531250.0,5.540812
19562500.0,5.543871
19593750.0,5.546932
19625000.0,5.549998
19656250.0,5.553067
19687500.0,5.556141
19718750.0,5.559219
19750000.0,5.5623
19781250.0,5.565387
19812500.0,5.568478
19843750.0,5.571575
19875000.0,5.574676
19906250.0,5.57778
19937500.0,5.580893
19968750.0,5.584008
20000000.0,5.587131
