1e-05,630062.2
1.041479e-05,617395.7
1.082957e-05,605464.6
1.124436e-05,594199.8
1.165914e-05,583542.0
1.214275e-05,571811.9
1.262635e-05,560762.9
1.310996e-05,550330.9
1.359356e-05,540461.0
1.415741e-05,529598.2
1.472125e-05,519366.0
1.528509e-05,509705.5
1.584893e-05,500565.4
1.650633e-05,490505.9
1.716372e-05,481030.3
1.782111e-05,472084.2
1.84785e-05,463620.0
1.923925e-05,454372.0
2e-05,445657.0
2.077218e-05,437305.4
2.154435e-05,429407.3
2.243798e-05,420780.9
2.333161e-05,412655.3
2.422524e-05,404983.7
2.511886e-05,397725.5
2.616076e-05,389737.3
2.720266e-05,382212.8
2.824456e-05,375108.8
2.928645e-05,368387.7
3.050121e-05,360990.7
3.171597e-05,354023.1
3.293073e-05,347444.9
3.414549e-05,341221.2
3.55618e-05,334371.7
3.697811e-05,327919.9
3.839442e-05,321828.7
3.981072e-05,316065.8
4.146202e-05,309723.5
4.311331e-05,303749.4
4.47646e-05,298109.4
4.641589e-05,292773.3
4.820795e-05,287295.7
5e-05,282115.6
5.205848e-05,276499.0
5.411695e-05,271206.4
5.636165e-05,265769.0
5.860634e-05,260647.5
6.085104e-05,255812.3
6.309573e-05,251237.9
6.571286e-05,246203.7
6.832998e-05,241461.9
7.094711e-05,236985.3
7.356423e-05,232750.2
7.661557e-05,228089.4
7.966691e-05,223699.5
8.271825e-05,219555.1
8.576959e-05,215634.3
8.93272e-05,211319.5
9.28848e-05,207255.5
9.64424e-05,203419.0
0.0001,199789.4
0.0001041479,195795.1
0.0001082957,192033.2
0.0001124436,188481.7
0.0001165914,185122.1
0.0001214275,181424.8
0.0001262635,177942.7
0.0001310996,174655.5
0.0001359356,171545.8
0.0001415741,168123.8
0.0001472125,164901.0
0.0001528509,161858.7
0.0001584893,158980.7
0.0001650633,155813.8
0.0001716372,152831.3
0.0001782111,150015.9
0.000184785,147352.7
0.0001923925,144443.4
0.0002,141702.5
0.0002077218,139076.3
0.0002154435,136593.3
0.0002243798,133882.0
0.0002333161,131328.7
0.0002422524,128918.7
0.0002511886,126639.1
0.0002616076,124130.9
0.0002720266,121769.0
0.0002824456,119539.8
0.0002928645,117431.3
0.0003050121,115111.6
0.0003171597,112927.2
0.0003293073,110865.7
0.0003414549,108915.9
0.000355618,106770.9
0.0003697811,104751.2
0.0003839442,102845.2
0.0003981072,101042.7
0.0004146202,99059.77
0.0004311331,97192.9
0.000447646,95431.23
0.0004641589,93765.31
0.0004820795,92056.05
0.0005,90440.46
0.0005205848,88689.72
0.0005411695,87040.94
0.0005636165,85348.15
0.0005860634,83754.74
0.0006085104,82251.4
0.0006309573,80830.08
0.0006571286,79267.0
0.0006832998,77795.88
0.0007094711,76408.11
0.0007356423,75096.2
0.0007661557,73653.69
0.0007966691,72296.23
0.0008271825,71015.89
0.0008576959,69805.72
0.000893272,68475.29
0.000928848,67223.54
0.000964424,66043.13
0.001,64927.62
0.001041479,63701.49
0.001082957,62548.16
0.001124436,61460.76
0.001165914,60433.41
0.001214275,59304.44
0.001262635,58242.78
0.001310996,57242.08
0.001359356,56296.89
0.001415741,55258.52
0.001472125,54282.35
0.001528509,53362.57
0.001584893,52494.07
0.001650633,51540.29
0.001716372,50644.01
0.001782111,49799.81
0.00184785,49003.01
0.001923925,48134.67
0.002,47318.69
0.002077218,46538.97
0.002154435,45803.72
0.002243798,45003.21
0.002333161,44251.73
0.002422524,43544.7
0.002511886,42878.08
0.002616076,42147.2
0.002720266,41461.58
0.002824456,40816.98
0.002928645,40209.69
0.003050121,39544.39
0.003171597,38920.87
0.003293073,38335.17
0.003414549,37783.88
0.00355618,37180.57
0.003697811,36615.76
0.003839442,36085.83
0.003981072,35587.61
0.004146202,35043.08
0.004311331,34534.02
0.00447646,34057.09
0.004641589,33609.36
0.004820795,33153.51
0.005,32726.16
0.005205848,32267.15
0.005411695,31839.03
0.005636165,31403.99
0.005860634,30998.95
0.006085104,30621.04
0.006309573,30267.76
0.006571286,29884.07
0.006832998,29527.86
0.007094711,29196.47
0.007356423,28887.59
0.007661557,28553.21
0.007966691,28243.86
0.008271825,27957.11
0.008576959,27690.79
0.00893272,27403.59
0.00928848,27138.99
0.00964424,26894.7
0.01,26668.71
0.01041479,26426.0
0.01082957,26203.29
0.01124436,25998.45
0.01165914,25809.56
0.01214275,25607.24
0.01262635,25421.95
0.01310996,25251.62
0.01359356,25094.4
0.01415741,24925.47
0.01472125,24769.79
0.01528509,24625.29
0.01584893,24490.13
0.01650633,24342.1
0.01716372,24202.11
0.01782111,24068.01
0.0184785,23937.86
0.01923925,23789.9
0.02,23642.47
0.02077218,23491.1
0.02154435,23335.96
0.02243798,23149.35
0.02333161,22952.79
0.02422524,22744.22
0.02511886,22521.86
0.0253,22474.97
0.02579831,22342.69
0.02629662,22205.42
0.02729323,21915.33
0.02828984,21603.84
0.02928645,21270.57
0.0297,21125.9
0.03081138,20718.82
0.03136707,20505.53
0.03192275,20285.98
0.03247844,20060.35
0.03303412,19828.93
0.03358981,19591.95
0.03414549,19349.74
0.03485365,19033.98
0.0355618,18710.93
0.03626996,18381.36
0.03697811,18046.05
0.03768627,17705.79
0.03839442,17361.43
0.03910257,17013.75
0.03981072,16663.62
0.04063637,16253.32
0.04146202,15841.99
0.04228767,15430.81
0.04311331,15020.94
0.04393896,14613.41
0.0447646,14209.23
0.04559025,13809.3
0.04641589,13414.44
0.04731192,12992.53
0.04820795,12578.3
0.04910398,12172.46
0.05,11775.63
0.05102924,11331.58
0.05205848,10900.67
0.05308772,10483.36
0.05411695,10079.94
0.05512984,9696.671
0.05614272,9327.081
0.0571556,8971.138
0.05816848,8628.725
0.05918136,8299.66
0.06019424,7983.704
0.06070068,7830.555
0.06120712,7680.572
0.06171356,7533.715
0.06222,7389.939
0.06309573,7148.466
0.06375002,6973.836
0.0644043,6804.039
0.06505858,6638.968
0.06571286,6478.513
0.06636714,6322.565
0.06702142,6171.015
0.0676757,6023.754
0.06832998,5880.672
0.06898427,5741.656
0.06963855,5606.604
0.07029283,5475.404
0.07094711,5347.951
0.07160139,5224.14
0.07225567,5103.868
0.07290995,4987.034
0.07356423,4873.537
0.07432707,4745.295
0.0750899,4621.307
0.07585274,4501.425
0.07661557,4385.508
0.07737841,4273.414
0.07814124,4165.011
0.07890408,4060.165
0.07966691,3958.753
0.08042975,3860.649
0.08119258,3765.738
0.08195542,3673.903
0.08271825,3585.035
0.08348109,3499.025
0.08424392,3415.773
0.08500676,3335.178
0.08576959,3257.146
0.086659,3169.278
0.0875484,3084.627
0.0884378,3003.06
0.0893272,2924.448
0.0902166,2848.67
0.091106,2775.605
0.0919954,2705.144
0.0928848,2637.179
0.0937742,2571.608
0.0946636,2508.333
0.095553,2447.261
0.0964424,2388.303
0.0973318,2331.373
0.0982212,2276.39
0.0991106,2223.276
0.1,2171.958
0.101037,2114.295
0.102074,2058.87
0.103111,2005.58
0.1041479,1954.334
0.1051849,1905.03
0.1062218,1857.594
0.1072588,1811.931
0.1082957,1767.974
0.1093327,1725.639
0.1103697,1684.861
0.1114067,1645.574
0.1124436,1607.717
0.1134806,1571.222
0.1145175,1536.04
0.1155545,1502.109
0.1165914,1469.384
0.1178005,1432.677
0.1190095,1397.468
0.1202185,1363.682
0.1214275,1331.256
0.1226365,1300.127
0.1238455,1270.235
0.1250545,1241.526
0.1262635,1213.945
0.1274726,1187.443
0.1286816,1161.977
0.1298906,1137.5
0.1310996,1113.968
0.1323086,1091.344
0.1335176,1069.589
0.1347266,1048.667
0.1359356,1028.546
0.1373453,1006.051
0.1387549,984.5531
0.1401645,964.0053
0.1415741,944.3656
0.1429837,925.5938
0.1443933,907.6523
0.1458029,890.5058
0.1472125,874.1211
0.1486221,858.4667
0.1500317,843.5132
0.1514413,829.2328
0.1528509,815.5993
0.1542605,802.588
0.1556701,790.1757
0.1570797,778.3407
0.1584893,767.0621
0.1601328,754.589
0.1617763,742.8174
0.1634198,731.7204
0.1650633,721.273
0.1667068,711.4519
0.1683503,702.2357
0.1699938,693.6041
0.1716372,685.539
0.1732807,678.0222
0.1749242,671.0381
0.1765677,664.572
0.1782111,658.6106
0.1798546,653.1408
0.1814981,648.1514
0.1831416,643.6318
0.184785,639.5728
0.1866869,635.4386
0.1885888,631.8973
0.1904907,628.9382
0.1923925,626.5525
0.1942944,624.7317
0.1961963,623.4695
0.1980982,622.7601
0.2,622.5991
0.2019305,622.9928
0.2038609,623.9452
0.2057914,625.4545
0.2077218,627.5196
0.2096523,630.1408
0.2115827,633.3178
0.2135131,637.052
0.2154435,641.3448
0.2180106,647.9216
0.2205777,655.4934
0.2231448,664.0647
0.2257118,673.6383
0.2282789,684.2162
0.2308459,695.7963
0.233413,708.3737
0.23598,721.9364
0.2378811,732.606
0.2397822,743.7959
0.2416833,755.4927
0.2435843,767.6785
0.2454854,780.3334
0.2473865,793.4312
0.2492876,806.9405
0.2511886,820.824
0.2537934,840.377
0.2563981,860.4202
0.2590029,880.7977
0.2616076,901.3227
0.2642124,921.7824
0.2668171,941.9318
0.2694219,961.5017
0.2720266,980.1951
0.2746314,997.6978
0.2759338,1005.9
0.2772361,1013.68
0.2785385,1020.998
0.2798409,1027.81
0.2811433,1034.079
0.2824456,1039.762
0.283748,1044.825
0.2850504,1049.229
0.2863528,1052.943
0.2876551,1055.934
0.2889575,1058.175
0.2902598,1059.643
0.2915622,1060.318
0.2928645,1060.183
0.2938984,1059.491
0.2949323,1058.277
0.2959662,1056.539
0.297,1054.276
0.2983893,1050.413
0.2997785,1045.616
0.3011677,1039.9
0.3025569,1033.284
0.3039462,1025.795
0.3053354,1017.464
0.3067246,1008.327
0.3081138,998.4237
0.3095031,987.7968
0.3108923,976.494
0.3122815,964.5632
0.3136707,952.0553
0.3150599,939.022
0.3164491,925.5161
0.3178383,911.5904
0.3192275,897.2973
0.322006,867.8137
0.3247844,837.4647
0.3275628,806.6177
0.3303412,775.604
0.3331197,744.7134
0.3358981,714.1962
0.3386765,684.2571
0.3414549,655.0621
0.3435256,633.8656
0.3455962,613.1971
0.3476669,593.0866
0.3497375,573.5598
0.3518082,554.6315
0.3538788,536.3134
0.3559494,518.6094
0.35802,501.5192
0.3592728,491.4753
0.3605255,481.6539
0.3617782,472.0523
0.3630309,462.6682
0.3642837,453.4981
0.3655364,444.5409
0.3667891,435.7925
0.3680418,427.2498
0.3692946,418.9087
0.3705473,410.7668
0.3718,402.8199
0.3730527,395.0639
0.3743055,387.4947
0.3755582,380.1093
0.3768109,372.9033
0.3780636,365.8726
0.3793164,359.0127
0.3805691,352.3207
0.3818218,345.7922
0.3830745,339.4232
0.3843273,333.2093
0.38558,327.1475
0.3868327,321.2338
0.3880854,315.464
0.3893382,309.8344
0.3905909,304.342
0.3918436,298.9828
0.3930963,293.7535
0.3943491,288.6499
0.3956018,283.6697
0.3968545,278.8092
0.3981072,274.0651
0.4001714,266.4936
0.4022355,259.2163
0.4042996,252.22
0.4063637,245.4921
0.4084279,239.0205
0.410492,232.7941
0.4125561,226.802
0.4146202,221.0333
0.4166844,215.4782
0.4187485,210.1275
0.4208126,204.9719
0.4228767,200.0029
0.4249408,195.2122
0.4270049,190.592
0.429069,186.1348
0.4311331,181.8337
0.4331973,177.6816
0.4352614,173.6724
0.4373255,169.8001
0.4393896,166.0585
0.4414537,162.4424
0.4435178,158.9464
0.4455819,155.5655
0.447646,152.2948
0.4497102,149.1298
0.4517743,146.0664
0.4538384,143.1003
0.4559025,140.2276
0.4579666,137.4445
0.4600307,134.7475
0.4620948,132.1332
0.4641589,129.5983
0.466399,126.9336
0.4686391,124.355
0.4708792,121.859
0.4731192,119.4422
0.4753593,117.1013
0.4775994,114.8332
0.4798395,112.6351
0.4820795,110.5043
0.4843196,108.4377
0.4865597,106.4331
0.4887998,104.4881
0.4910398,102.6004
0.4932799,100.7677
0.4955199,98.98796
0.5,95.57944
0.5051462,91.89659
0.5102924,88.44275
0.5154386,85.19946
0.5205848,82.15009
0.525731,79.27954
0.5308772,76.57418
0.5360234,74.02161
0.5411695,71.61061
0.5467813,69.13073
0.552393,66.79493
0.5580048,64.59219
0.5636165,62.51267
0.5692283,60.54726
0.57484,58.68783
0.5860634,55.25746
0.5972869,52.16898
0.6085104,49.37833
0.6197339,46.8483
0.6309573,44.54736
0.644043,42.11821
0.6571286,39.92786
0.6702142,37.94591
0.6832998,36.14668
0.6963855,34.50831
0.7094711,33.01217
0.7225567,31.64222
0.7356423,30.38466
0.750899,29.04447
0.7661557,27.82449
0.7814124,26.71077
0.7966691,25.69135
0.8119258,24.75585
0.8271825,23.89535
0.8424392,23.10206
0.8576959,22.36917
0.875484,21.58305
0.893272,20.86274
0.91106,20.20114
0.928848,19.59205
0.946636,19.0301
0.964424,18.51057
0.982212,18.02933
1.0,17.58272
1.02074,17.10147
1.041479,16.65848
1.062218,16.24981
1.082957,15.87204
1.103697,15.52214
1.124436,15.1975
1.145175,14.89574
1.165914,14.6148
1.190095,14.31105
1.214275,14.03051
1.238455,13.77088
1.262635,13.53018
1.286816,13.30661
1.310996,13.09863
1.335176,12.90484
1.359356,12.72399
1.387549,12.52801
1.415741,12.34657
1.443933,12.17829
1.472125,12.02195
1.500317,11.87648
1.528509,11.74091
1.556701,11.61439
1.584893,11.49615
1.617763,11.36784
1.650633,11.24889
1.683503,11.13844
1.716372,11.03574
1.749242,10.9401
1.782111,10.85093
1.814981,10.76768
1.84785,10.68987
1.885888,10.60605
1.923925,10.52833
1.961963,10.45619
2.0,10.38914
2.038609,10.32586
2.077218,10.267
2.154435,10.16116
2.199117,10.1064
2.243798,10.05589
2.333161,9.966253
2.422524,9.889912
2.511886,9.825003
2.616076,9.761793
2.720266,9.710267
2.824456,9.669004
2.928645,9.636922
3.050121,9.610046
3.171597,9.593664
3.293073,9.587231
3.414549,9.590512
3.485365,9.596916
3.55618,9.606689
3.626996,9.619918
3.697811,9.636727
3.768627,9.657275
3.839442,9.681763
3.910257,9.710433
3.981072,9.743577
4.063637,9.788338
4.146202,9.840314
4.228767,9.9003
4.311331,9.969247
4.393896,10.04831
4.47646,10.13887
4.559025,10.24261
4.641589,10.36155
4.686391,10.43332
4.731192,10.51076
4.775994,10.59438
4.820795,10.68477
4.865597,10.78258
4.910398,10.88856
4.955199,11.00354
5.0,11.12848
5.051462,11.2857
5.102924,11.45939
5.154386,11.65177
5.205848,11.86546
5.25731,12.10355
5.308772,12.3697
5.360234,12.66833
5.411695,13.00471
5.439754,13.20627
5.467813,13.42215
5.495872,13.65369
5.52393,13.90241
5.551989,14.17003
5.580048,14.45844
5.608107,14.76982
5.636165,15.10661
5.664224,15.47163
5.692283,15.86805
5.720342,16.2995
5.7484,16.77018
5.776459,17.28493
5.804517,17.8493
5.832576,18.46986
5.860634,19.15418
5.888693,19.91123
5.916752,20.75152
5.944811,21.6876
5.972869,22.73439
5.986899,23.30484
6.000928,23.90996
6.014958,24.55267
6.028987,25.23604
6.043017,25.96363
6.057046,26.73921
6.071075,27.56709
6.085104,28.45205
6.099134,29.39949
6.113163,30.41519
6.127193,31.50602
6.141222,32.67931
6.155252,33.9437
6.169281,35.30856
6.18331,36.78485
6.197339,38.3849
6.211369,40.12296
6.225398,42.0149
6.239427,44.07942
6.253456,46.33792
6.267486,48.81542
6.281515,51.54044
6.295544,54.54692
6.309573,57.87451
6.31984,60.53996
6.330106,63.42324
6.340373,66.54904
6.350639,69.94429
6.360906,73.64115
6.371172,77.67506
6.381439,82.08852
6.391705,86.92887
6.401972,92.25308
6.412238,98.12541
6.422505,104.6236
6.432771,111.8363
6.443038,119.8714
6.448171,124.2355
6.453304,128.854
6.458438,133.748
6.463571,138.937
6.468704,144.4456
6.473837,150.2998
6.478971,156.5297
6.484104,163.1643
6.489237,170.2396
6.49437,177.7943
6.499504,185.8726
6.504637,194.5187
6.50977,203.7867
6.514903,213.735
6.520037,224.4311
6.52517,235.9435
6.530303,248.3555
6.535436,261.7578
6.54057,276.2554
6.545703,291.9569
6.550836,308.9933
6.555969,327.509
6.561103,347.6703
6.566236,369.6519
6.571369,393.6629
6.576502,419.9343
6.581636,448.7309
6.586769,480.3318
6.591902,515.0663
6.597035,553.2942
6.602169,595.42
6.604736,618.0759
6.607302,641.8599
6.609869,666.8496
6.612435,693.086
6.615002,720.6513
6.617568,749.5866
6.620135,779.9766
6.622701,811.8592
6.625268,845.3186
6.627834,880.3853
6.630401,917.138
6.632967,955.5929
6.635534,995.8157
6.6381,1037.8
6.641969,1104.476
6.645838,1175.156
6.649707,1249.662
6.653575,1327.629
6.657444,1408.549
6.661313,1491.606
6.665182,1575.72
6.66905,1659.478
6.672919,1741.219
6.676788,1818.925
6.680657,1890.373
6.684525,1953.212
6.688394,2005.173
6.692263,2044.157
6.696132,2068.496
6.7,2077.102
6.703869,2069.595
6.707738,2046.333
6.711607,2008.377
6.715475,1957.391
6.719344,1895.417
6.723213,1824.755
6.727082,1747.739
6.73095,1666.609
6.734819,1583.324
6.738688,1499.614
6.746425,1336.222
6.750294,1258.412
6.754163,1184.026
6.758032,1113.416
6.7619,1046.783
6.766545,972.0721
6.77119,903.0716
6.775835,839.57
6.780479,781.2836
6.785124,727.8456
6.789769,678.907
6.794414,634.1044
6.799058,593.0934
6.803703,555.5208
6.808348,521.0828
6.812993,489.4898
6.817637,460.4824
6.822282,433.8068
6.826927,409.2507
6.831572,386.6163
6.836216,365.7294
6.840861,346.4206
6.845506,328.5501
6.850151,311.988
6.854795,296.6205
6.85944,282.3361
6.864085,269.0436
6.86873,256.6578
6.873374,245.1044
6.878019,234.3091
6.882664,224.212
6.887309,214.7563
6.891953,205.8927
6.896598,197.5712
6.901242,189.753
6.905887,182.3965
6.910531,175.4702
6.915176,168.9392
6.919821,162.7762
6.924466,156.9548
6.92911,151.4519
6.933755,146.2431
6.9384,141.3093
6.947689,132.1946
6.956979,123.9743
6.966268,116.5387
6.975558,109.7911
6.984847,103.6517
6.994137,98.04926
7.003426,92.92485
7.012716,88.2252
7.022005,83.90606
7.031295,79.92697
7.040584,76.25427
7.049873,72.8572
7.059162,69.70904
7.068452,66.78597
7.077741,64.06771
7.087031,61.53518
7.09632,59.17244
7.10561,56.96425
7.114899,54.8979
7.124189,52.96119
7.133478,51.14389
7.142768,49.4361
7.152057,47.82953
7.161347,46.31607
7.170636,44.88896
7.179926,43.54151
7.189215,42.26817
7.198504,41.0635
7.207793,39.92264
7.226372,37.81497
7.244951,35.91421
7.26353,34.19417
7.282108,32.63272
7.300687,31.21082
7.319266,29.91238
7.337845,28.72352
7.356423,27.63227
7.375494,26.60265
7.394565,25.65511
7.413636,24.78113
7.432707,23.97329
7.451778,23.22506
7.470849,22.5307
7.48992,21.88516
7.50899,21.28399
7.528061,20.72314
7.547132,20.19908
7.566203,19.70868
7.585274,19.2491
7.604345,18.81779
7.623416,18.41249
7.642487,18.03113
7.661557,17.67187
7.680628,17.333
7.699699,17.01301
7.71877,16.71052
7.737841,16.42427
7.775983,15.89601
7.814124,15.42019
7.852266,14.99004
7.890408,14.59989
7.92855,14.2449
7.966691,13.92096
8.004833,13.62451
8.042975,13.35254
8.081117,13.1024
8.119258,12.87182
8.1574,12.65878
8.195542,12.46156
8.233684,12.27862
8.271825,12.10862
8.309967,11.95035
8.348109,11.80276
8.386251,11.66492
8.424392,11.53598
8.462534,11.4152
8.500676,11.3019
8.538818,11.19549
8.576959,11.09542
8.62143,10.9861
8.6659,10.88404
8.71037,10.78863
8.75484,10.69931
8.79931,10.61558
8.84378,10.537
8.93272,10.39373
9.02166,10.26675
9.1106,10.1538
9.19954,10.05301
9.28848,9.962865
9.37742,9.882064
9.46636,9.809535
9.5553,9.744375
9.64424,9.685822
9.73318,9.633231
9.82212,9.586059
9.91106,9.543847
10.0,9.50621
10.1037,9.467675
10.2074,9.434503
10.3111,9.406367
10.41479,9.383022
10.51849,9.364284
10.62218,9.350048
10.72588,9.340268
10.82957,9.334969
10.93327,9.334234
11.03697,9.338216
11.14067,9.347145
11.24436,9.361327
11.34806,9.381168
11.45175,9.407169
11.55545,9.439965
11.65914,9.480332
11.7196,9.507736
11.78005,9.538252
11.8405,9.572136
11.90095,9.60967
11.9614,9.651174
12.02185,9.697008
12.0823,9.74758
12.14275,9.803356
12.2032,9.864863
12.26365,9.932701
12.3241,10.00756
12.38455,10.09023
12.445,10.18161
12.50545,10.28275
12.5659,10.39487
12.62635,10.51938
12.68681,10.65794
12.74726,10.81245
12.80771,10.98521
12.86816,11.17893
12.92861,11.39681
12.98906,11.64275
13.01929,11.77768
13.04951,11.92139
13.07974,12.07473
13.10996,12.23842
13.14019,12.41347
13.17041,12.60079
13.20064,12.80162
13.23086,13.01709
13.26109,13.24875
13.29131,13.49803
13.32154,13.76687
13.35176,14.05709
13.38199,14.37116
13.41221,14.71143
13.44244,15.08105
13.47266,15.48313
13.50289,15.92174
13.53311,16.40101
13.56334,16.92631
13.59356,17.50321
13.6218,18.09513
13.65003,18.74447
13.67826,19.45899
13.70649,20.24752
13.73473,21.12072
13.76296,22.09021
13.79119,23.17075
13.81942,24.37965
13.83354,25.0388
13.84766,25.73815
13.86178,26.48102
13.87589,27.27042
13.89001,28.11149
13.90412,29.00746
13.91824,29.9645
13.93235,30.98674
13.94647,32.08172
13.96059,33.25556
13.97471,34.5159
13.98882,35.8703
14.00294,37.33034
14.01705,38.90485
14.03117,40.60837
14.04528,42.45251
14.0594,44.45583
14.07352,46.63536
14.08764,49.01202
14.10175,51.60805
14.11587,54.45498
14.12998,57.58113
14.1441,61.02865
14.15821,64.83681
14.17233,69.06302
14.18645,73.76628
14.19351,76.31918
14.20057,79.01985
14.20763,81.87973
14.21468,84.90691
14.22174,88.12378
14.2288,91.54128
14.23586,95.17615
14.24291,99.04118
14.24997,103.1677
14.25703,107.5732
14.26409,112.2826
14.27114,117.3166
14.2782,122.7207
14.28526,128.5229
14.29232,134.7621
14.29938,141.4825
14.30644,148.7331
14.3135,156.5699
14.32056,165.0558
14.32761,174.2485
14.33467,184.2552
14.34173,195.1559
14.34879,207.0564
14.35584,220.0584
14.3629,234.3379
14.36996,250.0378
14.37702,267.3433
14.38407,286.4408
14.3876,296.7615
14.39113,307.6338
14.39466,319.0956
14.39819,331.1873
14.40172,343.9531
14.40525,357.4405
14.40878,371.7012
14.41231,386.7906
14.41584,402.7692
14.41937,419.7022
14.4229,437.6605
14.42643,456.7205
14.42996,476.965
14.43349,498.4836
14.43702,521.3732
14.44054,545.6671
14.44407,571.6157
14.4476,599.2734
14.45113,628.7704
14.45466,660.2459
14.45819,693.8485
14.46172,729.7358
14.46525,768.0738
14.46877,808.9164
14.4723,852.6753
14.47583,899.4222
14.47936,949.3419
14.48289,1002.616
14.48642,1059.416
14.48995,1119.897
14.49348,1184.186
14.497,1252.172
14.50094,1332.904
14.50488,1418.462
14.50882,1508.628
14.51275,1602.74
14.51669,1700.612
14.52063,1801.05
14.52457,1902.753
14.5285,2003.798
14.53244,2102.657
14.53638,2196.683
14.54032,2283.22
14.54425,2359.299
14.54819,2422.563
14.55213,2470.317
14.55607,2500.56
14.56,2511.978
14.56394,2504.147
14.56788,2477.416
14.57182,2433.02
14.57575,2373.067
14.57969,2299.686
14.58363,2215.722
14.58757,2123.954
14.5915,2027.282
14.59544,1927.606
14.59938,1827.23
14.60725,1631.026
14.61119,1537.261
14.61513,1447.494
14.61907,1362.172
14.623,1281.735
14.62779,1190.121
14.63258,1105.487
14.63737,1027.593
14.64216,956.0845
14.64695,890.5473
14.65174,830.5398
14.65653,775.6163
14.66132,725.3431
14.66611,679.3075
14.6709,637.1238
14.67569,598.4351
14.68048,562.9147
14.68527,530.265
14.69006,500.2165
14.69485,472.5255
14.69963,447.0236
14.70442,423.4068
14.70921,401.553
14.714,381.3024
14.71879,362.5113
14.72358,345.0505
14.72837,328.8041
14.73316,313.6673
14.73794,299.5744
14.74273,286.3815
14.74752,274.0424
14.75231,262.4879
14.7571,251.655
14.76189,241.4868
14.76668,231.9319
14.77147,222.9432
14.77625,214.4953
14.78104,206.5142
14.78583,198.9825
14.79062,191.8678
14.79541,185.1409
14.8002,178.7744
14.80499,172.7437
14.81456,161.6113
14.82414,151.5598
14.83372,142.4652
14.8433,134.2113
14.85287,126.7063
14.86245,119.8495
14.87203,113.5754
14.88161,107.8205
14.89118,102.5348
14.90076,97.659
14.91034,93.15681
14.91992,88.99121
14.92949,85.13351
14.93907,81.54692
14.94865,78.21019
14.95823,75.10071
14.9678,72.20128
14.97738,69.48791
14.98696,66.94769
14.99654,64.56619
15.00611,62.33273
15.01569,60.23104
15.02527,58.25298
15.03485,56.38904
15.04442,54.63239
15.054,52.97154
15.06358,51.40129
15.07316,49.91512
15.08273,48.5086
15.10189,45.90598
15.12104,43.55821
15.1402,41.43083
15.15935,39.49899
15.17851,37.73757
15.19766,36.12868
15.21682,34.65362
15.23597,33.2993
15.25513,32.05155
15.27428,30.9006
15.29344,29.83559
15.31259,28.84911
15.33175,27.93268
15.3509,27.08063
15.37006,26.28627
15.38921,25.54523
15.40837,24.8521
15.42752,24.20351
15.44668,23.59507
15.46583,23.02411
15.48499,22.48706
15.50414,21.9818
15.5233,21.50537
15.54245,21.05607
15.56161,20.63147
15.58076,20.23018
15.61907,19.49025
15.65738,18.82479
15.69569,18.22418
15.734,17.68032
15.77231,17.18634
15.81062,16.73642
15.84893,16.32557
15.89002,15.92345
15.93111,15.55679
15.9722,15.22171
16.01328,14.91491
16.05437,14.63334
16.09546,14.37456
16.13655,14.13637
16.17763,13.9169
16.21872,13.71437
16.25981,13.52735
16.3009,13.35455
16.34198,13.19486
16.38307,13.04718
16.42416,12.91066
16.46525,12.78452
16.50633,12.66808
16.54742,12.56067
16.58851,12.46177
16.67068,12.28768
16.75286,12.14262
16.83503,12.02427
16.91721,11.93095
16.99938,11.86166
17.08155,11.81594
17.16372,11.79392
17.2459,11.79633
17.28699,11.8071
17.32807,11.82456
17.36916,11.84901
17.41025,11.88078
17.45134,11.92029
17.49242,11.968
17.53351,12.0245
17.5746,12.09041
17.61569,12.16647
17.65677,12.25352
17.69786,12.35257
17.73894,12.46472
17.78003,12.59133
17.82111,12.73383
17.8622,12.89407
17.90329,13.07402
17.94438,13.27607
17.98546,13.50292
18.02655,13.75793
18.06764,14.04489
18.10873,14.36832
18.14981,14.73355
18.1909,15.1472
18.21145,15.37459
18.23199,15.617
18.25254,15.8759
18.27308,16.1524
18.29362,16.44813
18.31416,16.76477
18.33471,17.10436
18.35525,17.46864
18.37579,17.86009
18.39633,18.28131
18.41688,18.73543
18.43742,19.22528
18.45796,19.75479
18.4785,20.32814
18.50127,21.02073
18.52404,21.78045
18.54681,22.61588
18.56957,23.53664
18.59234,24.55521
18.6151,25.68446
18.63787,26.94164
18.66063,28.34493
18.67202,29.10929
18.6834,29.91866
18.69478,30.7773
18.70616,31.6892
18.71755,32.65962
18.72893,33.69171
18.74031,34.79167
18.75169,35.96543
18.76308,37.22077
18.77446,38.56282
18.78584,40.00087
18.79722,41.5441
18.80861,43.20432
18.81999,44.99019
18.83137,46.91618
18.84275,48.99703
18.85414,51.25151
18.86552,53.69471
18.87691,56.35262
18.88829,59.24542
18.89968,62.40675
18.91106,65.86395
18.92244,69.65768
18.93382,73.83213
18.94521,78.4431
18.95659,83.54296
18.96797,89.2067
18.97935,95.51856
18.98505,98.95432
18.99074,102.5853
18.99643,106.4329
19.00212,110.5145
19.00781,114.8486
19.0135,119.4561
19.01919,124.3598
19.02488,129.5849
19.03058,135.1694
19.03627,141.1245
19.04196,147.494
19.04765,154.3157
19.05334,161.6323
19.05903,169.4906
19.06472,177.9437
19.07041,187.0503
19.07611,196.8949
19.0818,207.5172
19.08749,219.0176
19.09318,231.4908
19.09887,245.0432
19.10456,259.7958
19.11025,275.8854
19.11594,293.4676
19.12164,312.7542
19.12733,333.8789
19.13018,345.2333
19.13302,357.1028
19.13587,369.6045
19.13871,382.6865
19.14156,396.4792
19.1444,410.9264
19.14725,426.1736
19.15009,442.1597
19.15294,459.0466
19.15578,476.768
19.15863,495.5044
19.16147,515.1828
19.16432,536.0043
19.16717,557.9673
19.17002,581.1412
19.17286,605.5104
19.17571,631.3224
19.17855,658.4741
19.1814,687.2378
19.18424,717.494
19.18709,749.5401
19.18993,783.2346
19.19278,818.8976
19.19562,856.3579
19.19847,895.9539
19.20131,937.4738
19.20416,981.2648
19.207,1027.059
19.20897,1060.101
19.21094,1094.19
19.21291,1129.316
19.21488,1165.466
19.21685,1202.616
19.21882,1240.73
19.22275,1319.449
19.22669,1401.493
19.23063,1485.877
19.23457,1571.521
19.2385,1656.814
19.24244,1740.46
19.24638,1820.208
19.25032,1893.778
19.25425,1958.611
19.25819,2012.656
19.26213,2053.572
19.26607,2079.606
19.27,2089.606
19.27394,2083.194
19.27788,2060.668
19.28182,2023.102
19.28575,1972.325
19.28969,1910.191
19.29363,1839.164
19.29757,1761.634
19.3015,1680.09
19.30544,1596.158
19.30938,1511.789
19.31725,1347.327
19.32119,1268.945
19.32513,1194.035
19.32907,1122.953
19.333,1056.045
19.33822,973.4261
19.34343,897.9486
19.34864,829.1354
19.35385,766.5629
19.35906,709.7531
19.36427,658.212
19.36948,611.4539
19.37469,569.0168
19.37991,530.4002
19.38512,495.3564
19.39033,463.4499
19.39554,434.3577
19.40075,407.7907
19.40596,383.4901
19.41117,361.2258
19.41638,340.7927
19.4216,321.9738
19.42681,304.679
19.43202,288.7265
19.43723,273.9878
19.44244,260.3487
19.44765,247.7072
19.45286,235.9723
19.45807,225.0625
19.46328,214.905
19.46849,205.4344
19.4737,196.5921
19.47891,188.3253
19.48412,180.5864
19.48933,173.3326
19.49454,166.525
19.49975,160.1288
19.50497,154.1008
19.51018,148.4354
19.51539,143.0942
19.5206,138.0535
19.52581,133.2917
19.53102,128.7887
19.53623,124.5263
19.54144,120.4881
19.55187,113.0175
19.56229,106.2834
19.57271,100.1873
19.58313,94.65169
19.59356,89.60579
19.60398,85.00248
19.6144,80.78775
19.62482,76.91923
19.63524,73.36019
19.64566,70.07856
19.65608,67.04629
19.6665,64.23879
19.67693,61.632
19.68735,59.21177
19.69777,56.95857
19.70819,54.85737
19.71862,52.89295
19.72904,51.05713
19.73946,49.33725
19.74988,47.72373
19.76031,46.20653
19.77073,44.7808
19.78115,43.43802
19.79157,42.17185
19.80199,40.97652
19.81241,39.84684
19.82283,38.77804
19.83325,37.76582
19.8541,35.89473
19.87494,34.20763
19.89579,32.67957
19.91663,31.2923
19.93748,30.0277
19.95832,28.87266
19.97916,27.81425
20.0,26.84187
20.02414,25.81102
20.04827,24.87138
20.0724,24.01204
20.09653,23.22396
20.12066,22.49935
20.14479,21.83149
20.16892,21.21449
20.19305,20.64323
20.21718,20.11322
20.24131,19.62052
20.26544,19.16162
20.28957,18.73346
20.3137,18.33328
20.33783,17.95863
20.36196,17.60736
20.38609,17.2775
20.41023,16.96719
20.43436,16.67512
20.45849,16.39972
20.48262,16.13972
20.50675,15.89396
20.53088,15.66139
20.57914,15.23208
20.6274,14.84514
20.67566,14.495
20.72392,14.177
20.77218,13.88718
20.82045,13.62215
20.86871,13.37917
20.91697,13.1557
20.96523,12.94963
21.01349,12.75914
21.06175,12.58261
21.11001,12.41866
21.15827,12.26607
21.20653,12.12377
21.25479,11.99079
21.30305,11.86631
21.35131,11.74958
21.39957,11.63994
21.44783,11.53679
21.49609,11.43959
21.54435,11.34789
21.60021,11.24803
21.65606,11.15437
21.71191,11.06635
21.76776,10.98352
21.82362,10.90543
21.87947,10.83173
21.93532,10.76207
21.99117,10.69613
22.04703,10.63364
22.10288,10.57436
22.21458,10.46453
22.32628,10.36503
22.43798,10.27457
22.54969,10.19203
22.66139,10.1165
22.7731,10.04721
22.8848,9.983495
22.99651,9.924791
23.10821,9.870632
23.21991,9.82061
23.33161,9.774381
23.44332,9.731653
23.55502,9.692188
23.66673,9.655782
23.77843,9.622279
23.89014,9.591549
24.00184,9.563507
24.11354,9.538097
24.22524,9.515298
24.33695,9.495127
24.44865,9.477647
24.56035,9.462958
24.67205,9.451216
24.78376,9.442636
24.89546,9.437511
25.00716,9.436217
25.11886,9.439243
25.19759,9.444307
25.27632,9.452099
25.35505,9.462945
25.43377,9.477235
25.5125,9.495438
25.59122,9.518119
25.66995,9.545968
25.74867,9.579816
25.8274,9.620698
25.86677,9.644163
25.90613,9.669879
25.9455,9.698064
25.98486,9.728937
26.02422,9.762769
26.06358,9.79985
26.10295,9.840526
26.14231,9.88515
26.18167,9.93416
26.22103,9.988042
26.2604,10.04737
26.29976,10.11274
26.33912,10.1849
26.37848,10.26471
26.41785,10.35315
26.45721,10.45133
26.49658,10.56063
26.53594,10.68255
26.57531,10.81901
26.61467,10.97214
26.65403,11.14458
26.67371,11.239
26.69339,11.33948
26.71308,11.44658
26.73276,11.56073
26.75244,11.68259
26.77212,11.81284
26.7918,11.95222
26.81148,12.10157
26.83116,12.26181
26.85084,12.43399
26.87053,12.61935
26.89021,12.81903
26.90989,13.03457
26.92957,13.26764
26.94925,13.52012
26.96893,13.79415
26.98861,14.09217
27.00829,14.41696
27.02798,14.77191
27.04766,15.16035
27.06734,15.58671
27.08702,16.05596
27.10671,16.57415
27.12639,17.14754
27.14607,17.78437
27.16575,18.49412
27.18544,19.28847
27.19528,19.72114
27.20512,20.18014
27.21496,20.66759
27.2248,21.18584
27.23464,21.73749
27.24448,22.32539
27.25432,22.95272
27.26416,23.62303
27.274,24.34023
27.28384,25.10872
27.29368,25.93338
27.30352,26.81971
27.31336,27.77389
27.3232,28.80286
27.33305,29.91565
27.34289,31.11889
27.35273,32.42378
27.36257,33.84183
27.37241,35.3862
27.38225,37.07199
27.39209,38.91656
27.40193,40.94002
27.41177,43.16563
27.42161,45.62052
27.43145,48.33638
27.44129,51.35047
27.45113,54.70674
27.45605,56.5291
27.46097,58.45728
27.46589,60.49936
27.47081,62.66418
27.47573,64.96147
27.48065,67.40184
27.48558,70.00243
27.4905,72.76559
27.49542,75.71062
27.50034,78.85314
27.50526,82.21047
27.51018,85.80173
27.5151,89.64813
27.52002,93.7732
27.52494,98.2031
27.52986,102.9669
27.53478,108.0971
27.5397,113.6298
27.54462,119.6055
27.54954,126.0693
27.55446,133.0718
27.55938,140.6697
27.5643,148.9263
27.56922,157.9128
27.57414,167.7086
27.57906,178.4029
27.58398,190.0951
27.5889,202.8959
27.59382,216.9285
27.59874,232.3284
27.60366,249.2445
27.60858,267.8382
27.6135,288.2813
27.61596,299.2527
27.61842,310.7543
27.62088,322.8091
27.62334,335.4395
27.6258,348.6674
27.62826,362.5133
27.63072,376.996
27.63318,392.1321
27.63564,407.935
27.6381,424.414
27.64004,437.8895
27.64197,451.7151
27.64391,466.0305
27.64584,480.6817
27.64778,495.8103
27.64971,511.2458
27.65165,527.129
27.65358,543.272
27.65552,559.8117
27.65745,576.5412
27.65939,593.5904
27.66132,610.733
27.66519,645.4105
27.66905,679.9204
27.67292,713.7486
27.67679,745.9902
27.68066,775.7355
27.68453,802.0245
27.6884,823.9088
27.69227,840.5267
27.69614,851.1821
27.7,855.4133
27.70387,853.0684
27.70774,844.2585
27.71161,829.4032
27.71548,809.1642
27.71935,784.3771
27.72322,755.973
27.72709,724.9028
27.73095,692.1615
27.73482,658.3976
27.73869,624.3984
27.74256,590.7413
27.74643,557.8776
27.7503,526.1428
27.75417,495.7711
27.75804,466.912
27.7619,439.7151
27.76488,419.8224
27.76786,400.8885
27.77084,382.8991
27.77382,365.831
27.7768,349.6553
27.77978,334.3386
27.78276,319.8449
27.78573,306.1809
27.78871,293.2161
27.79169,280.9591
27.79467,269.3716
27.79764,258.4523
27.80062,248.0916
27.8036,238.2926
27.80658,229.022
27.80955,220.2772
27.81253,211.9693
27.81551,204.1005
27.81849,196.6439
27.82146,189.5979
27.82444,182.8913
27.82742,176.5266
27.83337,164.7601
27.83933,154.109
27.84528,144.4785
27.85124,135.7218
27.85719,127.7684
27.86315,120.5045
27.8691,113.8781
27.87506,107.8
27.88101,102.2321
27.88697,97.10407
27.89292,92.38792
27.89888,88.02771
27.90483,84.00279
27.91079,80.26829
27.91674,76.80901
27.9227,73.5886
27.92865,70.59587
27.93461,67.8011
27.94056,65.19612
27.94652,62.75638
27.95247,60.47594
27.95843,58.3344
27.96439,56.32419
27.97035,54.43492
27.9763,52.66009
27.98226,50.98523
27.98821,49.40824
27.99417,47.9168
28.00012,46.50953
28.00608,45.17588
28.01203,43.915
28.02394,41.58375
28.03585,39.48151
28.04776,37.57932
28.05967,35.85266
28.07158,34.28062
28.08349,32.84526
28.0954,31.53122
28.10731,30.32515
28.11922,29.21555
28.13113,28.19236
28.14304,27.24682
28.15496,26.37052
28.16687,25.55816
28.17878,24.80303
28.19069,24.09984
28.2026,23.44389
28.21451,22.83103
28.22642,22.25754
28.23833,21.72009
28.25024,21.21569
28.26215,20.74167
28.27406,20.29561
28.28597,19.87534
28.29788,19.47888
28.30979,19.10445
28.3217,18.75043
28.33361,18.41535
28.35744,17.79648
28.38126,17.23896
28.40508,16.73463
28.4289,16.27684
28.45272,15.85995
28.47654,15.47916
28.50036,15.13034
28.52418,14.80995
28.54801,14.51481
28.57183,14.24251
28.59565,13.9906
28.61947,13.75705
28.64329,13.54008
28.66711,13.33811
28.69093,13.14977
28.71475,12.97383
28.73858,12.80912
28.7624,12.65481
28.78622,12.50995
28.81004,12.37378
28.83386,12.24559
28.85768,12.12474
28.8815,12.01066
28.90532,11.90286
28.92915,11.8008
28.95297,11.70417
29.00061,11.52552
29.04825,11.36417
29.09589,11.21787
29.14353,11.08474
29.19117,10.96317
29.23881,10.8518
29.28645,10.74947
29.32442,10.67371
29.36238,10.60262
29.40034,10.5358
29.4383,10.47288
29.47626,10.41355
29.51422,10.35753
29.55218,10.30456
29.59014,10.2544
29.62811,10.20683
29.66607,10.16169
29.74199,10.07798
29.81791,10.00204
29.89383,9.932864
29.96976,9.869599
30.04568,9.811544
30.1216,9.758082
30.19752,9.708692
30.27345,9.662921
30.34937,9.620394
30.42529,9.580771
30.50121,9.543761
30.57714,9.509104
30.65306,9.476584
30.72898,9.446
30.8049,9.41718
30.88083,9.389963
30.95675,9.364221
31.03267,9.339826
31.10859,9.31667
31.18452,9.294649
31.26044,9.273685
31.41228,9.234598
31.56413,9.198853
31.71597,9.166001
31.86782,9.135663
32.01966,9.107527
32.17151,9.081325
32.32335,9.056834
32.4752,9.033862
32.62704,9.012246
32.77889,8.991842
32.93073,8.972529
33.08258,8.954199
33.23442,8.936759
33.38627,8.920127
33.53811,8.904231
33.8418,8.874394
34.14549,8.846815
34.32253,8.83164
34.49957,8.817057
34.85365,8.789465
35.20773,8.763695
35.5618,8.73947
35.91588,8.716564
36.26996,8.694799
36.62404,8.674025
36.97811,8.65412
37.33219,8.63499
37.68627,8.616557
38.04035,8.598768
38.39442,8.581591
38.7485,8.565015
38.92554,8.556957
39.10257,8.54906
39.27961,8.541332
39.45665,8.533783
39.63369,8.526429
39.81072,8.519288
39.98966,8.512312
40.16859,8.505611
40.34753,8.499221
40.52646,8.493194
40.7054,8.487589
40.88433,8.482483
41.06326,8.477971
41.24219,8.474174
41.42113,8.471239
41.60006,8.46936
41.68953,8.468892
41.779,8.468783
41.86847,8.469078
41.95793,8.469823
42.0474,8.471072
42.13687,8.47289
42.22634,8.475346
42.3158,8.478523
42.40527,8.482518
42.49473,8.487441
42.5842,8.493422
42.67366,8.500611
42.76313,8.509187
42.8526,8.519358
42.94207,8.531373
43.03153,8.545523
43.121,8.562167
43.21047,8.581726
43.29994,8.604716
43.34467,8.617686
43.3894,8.63176
43.43414,8.647042
43.47887,8.663636
43.52361,8.681676
43.56834,8.701294
43.61308,8.722654
43.65781,8.745924
43.70254,8.771304
43.74727,8.799018
43.79201,8.829324
43.83674,8.862496
43.88147,8.898863
43.9262,8.938796
43.97094,8.98273
44.01567,9.031132
44.0604,9.084572
44.10513,9.143699
44.14987,9.209285
44.1946,9.282177
44.23934,9.363441
44.28407,9.454256
44.32881,9.5561
44.37354,9.670642
44.41827,9.79995
44.44064,9.87091
44.463,9.946495
44.48537,10.02716
44.50774,10.11331
44.53011,10.20543
44.55247,10.304
44.57484,10.40969
44.59721,10.52314
44.61958,10.64508
44.64194,10.77626
44.66431,10.91774
44.68668,11.0705
44.70905,11.23573
44.73141,11.41466
44.75378,11.60897
44.77614,11.82021
44.79851,12.05053
44.82087,12.30197
44.84324,12.57737
44.86561,12.8796
44.88798,13.21215
44.91034,13.57888
44.93271,13.98487
44.95508,14.43552
44.97745,14.93742
44.99981,15.49814
45.011,15.80376
45.02218,16.12752
45.03337,16.47146
45.04455,16.83659
45.05574,17.22533
45.06692,17.63896
45.0781,18.08001
45.08928,18.55086
45.10047,19.05469
45.11165,19.59355
45.12283,20.17122
45.13401,20.79142
45.1452,21.45895
45.15638,22.1773
45.16756,22.95234
45.17874,23.79003
45.18993,24.698
45.20111,25.68232
45.2123,26.75355
45.22348,27.91981
45.23467,29.19474
45.24585,30.58936
45.25703,32.1201
45.26821,33.8048
45.2794,35.666
45.29058,37.72474
45.30176,40.01124
45.31294,42.55937
45.31854,43.9464
45.32413,45.4121
45.32972,46.96515
45.33531,48.61242
45.3409,50.36145
45.34649,52.22054
45.35208,54.19879
45.35767,56.30628
45.36327,58.55826
45.36886,60.959
45.37445,63.52602
45.38004,66.27443
45.38564,69.22648
45.39123,72.3904
45.39682,75.79216
45.40241,79.45509
45.40801,83.41268
45.4136,87.68016
45.41919,92.29727
45.42478,97.30109
45.43037,102.7334
45.43596,108.6414
45.44155,115.0785
45.44714,122.105
45.45274,129.8039
45.45833,138.2253
45.46392,147.4705
45.46951,157.6397
45.4751,168.8458
45.48069,181.2173
45.48628,194.8987
45.49187,210.0529
45.49467,218.2531
45.49747,226.8928
45.50027,235.9975
45.50306,245.5592
45.50586,255.6743
45.50865,266.2995
45.51145,277.5406
45.51424,289.3475
45.51704,301.8356
45.51983,314.9459
45.52263,328.8023
45.52542,343.3342
45.52822,358.6725
45.53101,374.7309
45.53381,391.6442
45.5366,409.305
45.54057,435.8365
45.54453,463.9254
45.54849,493.5719
45.55245,524.6474
45.55642,557.0247
45.56038,590.2324
45.56434,623.9304
45.5683,657.5747
45.57227,690.5769
45.57623,721.982
45.58019,750.995
45.58415,776.6865
45.58812,798.1855
45.59208,814.5454
45.59604,825.1486
45.6,829.5448
45.60397,827.5461
45.60793,819.2825
45.61189,805.1567
45.61585,785.8031
45.61982,761.9601
45.62378,734.6465
45.62774,704.7254
45.6317,673.0748
45.63567,640.4055
45.63963,607.5659
45.64755,543.2501
45.65152,512.4637
45.65548,483.0599
45.65944,455.1065
45.6634,428.6845
45.66634,410.0775
45.66928,392.3292
45.67222,375.4281
45.67516,359.3555
45.6781,344.0873
45.68104,329.5955
45.68398,315.8497
45.68692,302.8177
45.68986,290.4663
45.6928,278.7623
45.69574,267.6725
45.69868,257.1645
45.70162,247.2068
45.70456,237.769
45.7075,228.8217
45.71044,220.3369
45.71338,212.2881
45.71632,204.6501
45.71926,197.3988
45.7222,190.5117
45.72808,177.7466
45.73396,166.1991
45.73984,155.7321
45.74572,146.2251
45.7516,137.5719
45.75747,129.6922
45.76335,122.4776
45.76923,115.8703
45.77511,109.807
45.78099,104.2322
45.78687,99.0966
45.79275,94.357
45.79863,89.97497
45.8045,85.92314
45.81038,82.15752
45.81626,78.65839
45.82214,75.40177
45.82802,72.36623
45.8339,69.5326
45.83978,66.8837
45.84566,64.40408
45.85153,62.08366
45.85741,59.90205
45.86329,57.85198
45.86917,55.92323
45.87505,54.10651
45.88093,52.39341
45.88681,50.77624
45.89269,49.24806
45.89856,47.80488
45.90444,46.436
45.91032,45.13862
45.92208,42.73928
45.93384,40.57254
45.94559,38.61095
45.95735,36.82651
45.96911,35.1999
45.98087,33.71302
45.99262,32.35143
46.00438,31.09933
46.01614,29.94623
46.0279,28.8819
46.03965,27.89827
46.05141,26.98579
46.06317,26.13846
46.07493,25.35018
46.08668,24.61614
46.09844,23.93031
46.1102,23.28908
46.12196,22.68861
46.13371,22.12595
46.14547,21.59709
46.15723,21.09977
46.16899,20.63149
46.18074,20.19039
46.1925,19.77368
46.20426,19.3799
46.21602,19.00738
46.22777,18.65489
46.25129,18.00307
46.2748,17.41527
46.29832,16.88281
46.32183,16.39925
46.34535,15.95835
46.36886,15.55545
46.39238,15.18594
46.41589,14.84646
46.4439,14.47655
46.4719,14.13998
46.4999,13.83267
46.5279,13.55125
46.5559,13.29284
46.5839,13.05492
46.6119,12.83534
46.6399,12.63222
46.66791,12.44383
46.69591,12.26888
46.72391,12.10602
46.75191,11.95413
46.77991,11.81222
46.80791,11.6794
46.83591,11.55489
46.86391,11.43799
46.89192,11.32803
46.91992,11.22453
46.94792,11.12693
46.97592,11.03478
47.00392,10.94766
47.03192,10.86521
47.05992,10.78708
47.08792,10.71295
47.14392,10.57564
47.19992,10.4513
47.25592,10.33827
47.31192,10.23516
47.36793,10.14077
47.42393,10.05412
47.47993,9.974332
47.53593,9.90066
47.59194,9.832442
47.64794,9.769145
47.70394,9.710264
47.75994,9.65537
47.81595,9.604076
47.87195,9.556068
47.92795,9.511041
47.98395,9.468735
48.03995,9.428914
48.09595,9.391371
48.15195,9.35592
48.20795,9.322392
48.26396,9.290634
48.31996,9.260517
48.37596,9.231916
48.43196,9.204718
48.54397,9.154131
48.65597,9.108063
48.76798,9.065917
48.87998,9.027206
48.99198,8.991511
49.10398,8.958479
49.21599,8.927803
49.32799,8.89923
49.43999,8.872533
49.55199,8.847517
49.664,8.82401
49.776,8.80187
49.888,8.780963
50.0,8.761174
50.12866,8.739692
50.25731,8.719419
50.38597,8.700235
50.51462,8.682037
50.64328,8.664731
50.77193,8.648238
50.90059,8.632485
51.02924,8.61741
51.28655,8.589062
51.54386,8.562804
51.80117,8.538317
52.05848,8.515342
52.31579,8.493664
52.5731,8.473102
52.83041,8.453507
53.08772,8.434749
53.34503,8.41672
53.60234,8.399326
53.85965,8.382487
54.11695,8.366132
54.39754,8.348776
54.67813,8.331853
54.95872,8.315299
55.2393,8.299064
55.80048,8.267356
56.36165,8.236403
56.92283,8.205938
57.484,8.17574
58.04517,8.14562
58.60634,8.115412
59.16752,8.084968
59.72869,8.054156
60.28987,8.022857
60.57046,8.006992
60.85104,7.990968
61.13163,7.974773
61.41222,7.958399
61.69281,7.941837
61.97339,7.925084
62.25398,7.908135
62.53456,7.890994
62.81515,7.873663
63.09573,7.856156
63.32509,7.841728
63.55444,7.827212
63.78379,7.812629
64.01314,7.798008
64.2425,7.783389
64.47185,7.768825
64.7012,7.754382
64.93055,7.740152
65.15991,7.726249
65.38926,7.712829
65.50394,7.706361
65.61861,7.700095
65.73329,7.694065
65.84796,7.688315
65.96264,7.68289
66.07732,7.677847
66.192,7.67325
66.30667,7.669177
66.42135,7.665712
66.53602,7.66296
66.6507,7.661042
66.76537,7.660101
66.88005,7.660307
66.99473,7.661863
67.10941,7.665008
67.22408,7.670034
67.33876,7.67729
67.45343,7.6872
67.56811,7.700284
67.68278,7.717177
67.74012,7.727293
67.79746,7.738671
67.8548,7.751442
67.91214,7.765749
67.96948,7.781757
68.02682,7.799648
68.08416,7.819632
68.14149,7.841937
68.19883,7.866838
68.25617,7.894635
68.31351,7.925675
68.37084,7.960346
68.42818,7.999118
68.48552,8.042509
68.54286,8.091126
68.60019,8.145667
68.65753,8.206974
68.71487,8.276002
68.77221,8.353886
68.82955,8.441969
68.88689,8.541849
68.94423,8.655433
69.00157,8.785018
69.03024,8.856658
69.0589,8.933358
69.08757,9.015613
69.11624,9.103892
69.14491,9.198738
69.17358,9.30076
69.20225,9.410635
69.23092,9.529119
69.25959,9.657062
69.28825,9.795363
69.31692,9.945193
69.34559,10.10771
69.37426,10.28429
69.40293,10.47649
69.4316,10.68607
69.46027,10.91507
69.48894,11.16579
69.5176,11.44081
69.54627,11.74341
69.57494,12.07706
69.60361,12.44594
69.63228,12.85492
69.66095,13.30973
69.68962,13.81713
69.71829,14.38518
69.73262,14.69477
69.74695,15.02326
69.76129,15.3724
69.77562,15.74337
69.78996,16.13851
69.80429,16.5593
69.81863,17.00857
69.83296,17.48815
69.8473,18.00148
69.86163,18.5509
69.87597,19.1406
69.8903,19.77357
69.90464,20.45499
69.91897,21.18872
69.93331,21.98121
69.94764,22.83749
69.96197,23.76501
69.9763,24.77167
69.99064,25.86726
70.00497,27.06055
70.01931,28.36501
70.03364,29.79245
70.04798,31.36061
70.06231,33.08561
70.07665,34.99121
70.09098,37.09974
70.10532,39.44363
70.11965,42.05443
70.12682,43.47419
70.13399,44.97733
70.14116,46.57032
70.14832,48.25785
70.15549,50.05245
70.16266,51.96042
70.16983,53.99125
70.17699,56.1523
70.18416,58.4612
70.19132,60.92431
70.19849,63.56278
70.20565,66.3851
70.21282,69.41684
70.21999,72.67402
70.22716,76.17882
70.23432,79.95067
70.24149,84.02812
70.24866,88.43769
70.25583,93.21515
70.26299,98.39345
70.27016,104.0331
70.27733,110.1795
70.2845,116.8928
70.29166,124.2309
70.29883,132.2929
70.30242,136.6259
70.306,141.1602
70.30959,145.9348
70.31317,150.9376
70.31675,156.1974
70.32033,161.731
70.32392,167.5733
70.3275,173.7115
70.33109,180.2012
70.33467,187.0292
70.33826,194.2587
70.34184,201.876
70.34542,209.93
70.349,218.4517
70.35259,227.5012
70.35617,237.0648
70.35976,247.2358
70.36334,258.0006
70.36693,269.4663
70.37051,281.6193
70.37409,294.545
70.37767,308.302
70.38126,322.9958
70.38484,338.6127
70.38843,355.3133
70.39201,373.083
70.3956,392.1049
70.39918,412.3618
70.40276,433.9981
70.40634,457.1118
70.40993,481.8754
70.41351,508.2553
70.41709,536.4229
70.42067,566.4815
70.42426,598.6223
70.42784,632.7564
70.43142,669.0466
70.435,707.5484
70.43907,754.0386
70.44313,803.2722
70.44719,855.2497
70.45125,909.7475
70.45532,966.5426
70.45938,1024.818
70.46344,1083.978
70.4675,1143.071
70.47157,1201.064
70.47563,1256.294
70.47969,1307.36
70.48375,1352.636
70.48782,1390.59
70.49188,1419.562
70.49594,1438.46
70.5,1446.49
70.50407,1443.315
70.50813,1429.154
70.51219,1404.704
70.51625,1371.072
70.52032,1329.551
70.52438,1281.914
70.52844,1229.68
70.5325,1174.383
70.53657,1117.277
70.54063,1059.84
70.54875,947.284
70.55282,893.3826
70.55688,841.8838
70.56094,792.9126
70.565,746.6131
70.56793,714.8926
70.57086,684.5899
70.57379,655.6877
70.57672,628.1571
70.57965,601.9605
70.58258,577.0541
70.58551,553.3897
70.58844,530.9161
70.59137,509.5805
70.5943,489.3298
70.59723,470.1105
70.60016,451.8705
70.60309,434.5586
70.60602,418.1252
70.60895,402.5225
70.61187,387.7541
70.6148,373.6753
70.61773,360.2964
70.62359,335.4825
70.62945,313.0215
70.6353,292.6874
70.64116,274.1812
70.64702,257.3362
70.65288,241.9734
70.65873,227.9575
70.66459,215.1017
70.67045,203.308
70.67631,192.4683
70.68217,182.4866
70.68803,173.2784
70.69389,164.7687
70.69975,156.8909
70.7056,149.5978
70.71146,142.812
70.71732,136.4995
70.72318,130.6182
70.72903,125.1398
70.73489,120.0118
70.74075,115.2137
70.74661,110.7183
70.75246,106.508
70.75832,102.5463
70.76418,98.82064
70.77004,95.31281
70.7759,92.00638
70.78176,88.88636
70.78762,85.93912
70.79348,83.15226
70.79933,80.5188
70.81105,75.64913
70.82276,71.26562
70.83448,67.29932
70.84619,63.70499
70.85791,60.43219
70.86962,57.44862
70.88134,54.71664
70.89305,52.21284
70.90477,49.90862
70.91648,47.78676
70.9282,45.82518
70.93991,44.01107
70.95163,42.32713
70.96335,40.76243
70.97507,39.30589
70.98678,37.94882
70.9985,36.68015
71.01021,35.49429
71.02193,34.38227
71.03364,33.33975
71.04536,32.35936
71.05707,31.43775
71.06879,30.5688
71.0805,29.74989
71.09222,28.97592
71.10393,28.24482
71.11565,27.55229
71.12736,26.89672
71.1508,25.68372
71.17423,24.58898
71.19766,23.59697
71.22109,22.69498
71.24452,21.87228
71.26795,21.11966
71.29138,20.42922
71.31481,19.79415
71.33825,19.20833
71.36168,18.66713
71.38511,18.1658
71.40854,17.70044
71.43198,17.26742
71.45541,16.86406
71.47884,16.48749
71.50227,16.13532
71.52571,15.80528
71.54914,15.49577
71.57257,15.20494
71.596,14.93127
71.61943,14.6734
71.64286,14.43007
71.66629,14.20019
71.68972,13.98275
71.71316,13.77674
71.73659,13.58151
71.78345,13.22016
71.83031,12.89331
71.87717,12.59654
71.92404,12.32604
71.9709,12.07877
72.01776,11.85197
72.06462,11.64333
72.11149,11.45082
72.15835,11.2728
72.20522,11.1077
72.25208,10.95429
72.29895,10.81135
72.34581,10.67794
72.39267,10.55316
72.43953,10.43622
72.4864,10.32639
72.53326,10.22312
72.58012,10.12581
72.62698,10.034
72.67385,9.947196
72.72071,9.865055
72.76757,9.787194
72.81443,9.713292
72.90816,9.576192
73.00188,9.451746
73.09561,9.338232
73.18933,9.23426
73.28306,9.138618
73.37678,9.050318
73.47051,8.968483
73.56423,8.892396
73.65959,8.820217
73.75494,8.752759
73.8503,8.689506
73.94565,8.630042
74.04101,8.573974
74.13636,8.520981
74.23172,8.47076
74.32707,8.423062
74.42243,8.377649
74.51778,8.334327
74.70849,8.253227
74.8992,8.178524
75.0899,8.109222
75.28061,8.044499
75.47132,7.983687
75.66203,7.926234
75.85274,7.871676
76.04345,7.819625
76.23416,7.769759
76.42487,7.721801
76.61557,7.675525
76.80628,7.630733
76.99699,7.587265
77.1877,7.54499
77.37841,7.503802
77.56912,7.463614
77.75983,7.424369
77.95054,7.386027
78.14124,7.348576
78.33195,7.312016
78.52266,7.276385
78.71337,7.241738
78.90408,7.208167
79.09479,7.175792
79.2855,7.144778
79.47621,7.115333
79.66691,7.087723
79.85762,7.062277
80.04833,7.039406
80.23904,7.01962
80.42975,7.003551
80.62046,6.991979
80.81117,6.985871
81.00188,6.98643
81.09723,6.989666
81.19258,6.995161
81.28794,7.003163
81.38329,7.013951
81.47865,7.027839
81.574,7.04518
81.66936,7.066377
81.76471,7.091878
81.86007,7.122198
81.95542,7.157916
82.05078,7.1997
82.14613,7.2483
82.24149,7.304591
82.33684,7.369555
82.4322,7.444352
82.52755,7.530283
82.6229,7.628887
82.71825,7.741944
82.81361,7.87154
82.90896,8.02008
83.00432,8.190451
83.09967,8.385997
83.19503,8.610765
83.29038,8.86949
83.38574,9.167962
83.43342,9.334203
83.48109,9.513039
83.52877,9.705645
83.57645,9.913198
83.62413,10.13704
83.6718,10.37863
83.71948,10.6397
83.76716,10.92207
83.81484,11.22779
83.86251,11.55911
83.91019,11.91874
83.95787,12.30953
84.00555,12.73476
84.05322,13.19802
84.1009,13.70369
84.14857,14.25634
84.19625,14.8616
84.24392,15.52542
84.2916,16.2552
84.33928,17.05897
84.38696,17.9462
84.43463,18.92762
84.48231,20.0164
84.50615,20.60555
84.52999,21.22729
84.55383,21.88388
84.57767,22.57781
84.60151,23.31177
84.62534,24.08836
84.64918,24.91142
84.67302,25.78414
84.69686,26.71034
84.7207,27.69423
84.74454,28.74041
84.76838,29.85392
84.79222,31.04034
84.81605,32.30528
84.83989,33.6566
84.86373,35.10129
84.88757,36.64773
84.91141,38.30518
84.93525,40.08399
84.95909,41.99573
84.98293,44.05333
85.00676,46.27035
85.0306,48.66497
85.05444,51.25471
85.07828,54.06044
85.10212,57.10578
85.12596,60.41765
85.1498,64.02679
85.16172,65.95364
85.17364,67.96839
85.18556,70.07629
85.19747,72.28104
85.20939,74.59239
85.22131,77.01503
85.23323,79.55597
85.24515,82.22276
85.25707,85.02356
85.26899,87.96719
85.28091,91.06318
85.29283,94.32188
85.30475,97.75451
85.31667,101.3732
85.32859,105.1913
85.34051,109.2232
85.35243,113.4846
85.36435,117.9927
85.37627,122.7663
85.38818,127.8216
85.4001,133.1898
85.41202,138.8914
85.42394,144.9538
85.43586,151.4071
85.44778,158.2845
85.4597,165.6229
85.47162,173.4632
85.48354,181.8505
85.49546,190.8356
85.50738,200.4744
85.5193,210.8303
85.53122,221.9735
85.54314,233.9833
85.55506,246.949
85.56698,260.9714
85.57889,276.151
85.59081,292.6429
85.60273,310.5818
85.61465,330.136
85.62657,351.4979
85.63849,374.8885
85.65041,400.5629
85.65637,414.3467
85.66233,428.8154
85.66829,444.0132
85.67424,459.9604
85.6802,476.7622
85.68616,494.448
85.69212,513.0783
85.69808,532.7182
85.70404,553.4388
85.71,575.3166
85.71596,598.4351
85.72192,622.8851
85.72788,648.7649
85.73384,676.1822
85.7398,705.2539
85.74576,736.1076
85.75172,768.8827
85.75768,803.7315
85.76364,840.8204
85.76959,880.263
85.77813,941.4946
85.78667,1008.767
85.79521,1082.827
85.79948,1122.664
85.80375,1164.527
85.80802,1208.54
85.81229,1254.837
85.81656,1303.56
85.82083,1354.862
85.8251,1408.904
85.82937,1465.857
85.83364,1525.904
85.8379,1589.086
85.84217,1655.905
85.84644,1726.432
85.85071,1800.894
85.85498,1879.531
85.85925,1962.59
85.86352,2050.333
85.86779,2143.027
85.87205,2240.71
85.87632,2344.117
85.88059,2453.304
85.88486,2568.547
85.88913,2690.108
85.8934,2818.235
85.89767,2953.151
85.90194,3095.041
85.9062,3243.682
85.91207,3460.204
85.91793,3689.785
85.92379,3932.288
85.92965,4186.693
85.93552,4451.779
85.94138,4724.16
85.9531,5277.523
85.95897,5549.095
85.96483,5808.243
85.97069,6048.247
85.97655,6261.498
85.98242,6440.72
85.98828,6578.405
85.99414,6669.277
86.0,6709.57
86.00587,6697.696
86.01173,6634.577
86.01759,6523.412
86.02345,6369.304
86.02932,6178.4
86.03518,5958.644
86.04104,5717.213
86.0469,5461.272
86.05863,4930.465
86.07035,4407.843
86.07622,4157.511
86.08208,3918.018
86.08794,3690.164
86.0938,3474.639
86.1006,3240.328
86.10739,3023.165
86.11418,2822.282
86.12097,2636.917
86.12776,2466.149
86.13455,2308.987
86.14134,2164.414
86.14813,2031.429
86.15492,1909.07
86.16171,1796.43
86.1685,1692.66
86.17529,1596.976
86.18208,1508.661
86.18887,1427.056
86.19566,1351.565
86.20245,1281.645
86.20924,1216.805
86.21603,1156.599
86.22282,1100.627
86.22961,1048.524
86.2364,999.962
86.24319,954.6441
86.24998,912.3014
86.25677,872.691
86.26356,835.5922
86.27035,800.8052
86.27714,768.1491
86.28393,737.4588
86.29072,708.5846
86.29751,681.3902
86.3043,655.7512
86.31109,631.5542
86.31788,608.6956
86.32467,587.0806
86.33146,566.6225
86.33825,547.2415
86.35183,511.4254
86.36541,479.1161
86.37899,449.8758
86.39257,423.3319
86.40615,399.1655
86.41973,377.1031
86.43331,356.9086
86.44689,338.3779
86.46047,321.3336
86.47405,305.6214
86.48763,291.1058
86.50121,277.6686
86.51479,265.2051
86.52837,253.6236
86.54196,242.8346
86.55554,232.7817
86.56912,223.3923
86.5827,214.6089
86.59628,206.3802
86.60986,198.66
86.62344,191.4072
86.63702,184.5842
86.6506,178.1576
86.66418,172.0969
86.67776,166.3746
86.69134,160.9657
86.70492,155.8474
86.7185,150.999
86.74566,142.0383
86.77282,133.9508
86.79998,126.6253
86.82714,119.9675
86.8543,113.8976
86.88146,108.3472
86.90862,103.2577
86.93578,98.57856
86.96294,94.26602
86.99011,90.28062
87.01727,86.5921
87.04443,83.16983
87.07159,79.98824
87.09875,77.02479
87.12591,74.25953
87.15307,71.67477
87.18023,69.25474
87.20739,66.9854
87.23455,64.85418
87.26171,62.84979
87.28887,60.9621
87.31603,59.18198
87.34319,57.50116
87.37035,55.9122
87.39751,54.40833
87.42468,52.98288
87.45184,51.6313
87.479,50.34796
87.50616,49.12818
87.56048,46.86262
87.6148,44.80457
87.66912,42.92865
87.72344,41.21328
87.77776,39.64002
87.83208,38.19306
87.88641,36.85849
87.94073,35.625
87.99505,34.48201
88.04937,33.42054
88.10369,32.43273
88.15801,31.5116
88.21233,30.65106
88.26665,29.84566
88.32098,29.09046
88.3753,28.38143
88.42962,27.71458
88.48394,27.08649
88.53826,26.49405
88.59258,25.9345
88.6469,25.40531
88.70122,24.90423
88.75555,24.4291
88.80987,23.97823
88.86419,23.54983
88.91851,23.14236
89.02715,22.38463
89.13579,21.6951
89.24443,21.06537
89.35307,20.48835
89.46171,19.95796
89.57035,19.46903
89.679,19.01703
89.78764,18.5982
89.89628,18.20911
90.00492,17.84682
90.11357,17.50874
90.22221,17.19267
90.33085,16.89657
90.43949,16.61867
90.54814,16.35738
90.65678,16.11135
90.76542,15.87929
90.87406,15.66009
90.98271,15.45271
91.09135,15.25629
91.19999,15.06998
91.30863,14.89305
91.41728,14.72481
91.52592,14.56467
91.63456,14.41206
91.7432,14.26647
91.85185,14.12744
91.96049,13.99454
92.17777,13.7456
92.39506,13.51689
92.61234,13.30609
92.82962,13.11114
93.0469,12.93036
93.26419,12.76224
93.48147,12.60551
93.69876,12.45902
93.91604,12.3218
94.13333,12.19299
94.35061,12.07182
94.5679,11.9576
94.78518,11.84976
95.00247,11.74774
95.21975,11.65108
95.43704,11.55934
95.65432,11.47213
95.87161,11.38912
96.08889,11.30998
96.30617,11.23445
96.52345,11.16224
96.74074,11.09314
96.95802,11.02693
97.17531,10.96341
97.39259,10.90241
97.82716,10.7873
98.26173,10.68046
98.6963,10.58088
99.13087,10.48774
99.56544,10.40031
100.0,10.31796
100.5185,10.2256
101.037,10.1389
101.5555,10.05717
102.074,9.979818
102.5925,9.906328
103.111,9.836247
103.6295,9.769177
104.1479,9.704775
104.6664,9.642702
105.1849,9.582688
105.7034,9.524478
106.2218,9.467848
106.7403,9.412568
107.2588,9.358451
107.7773,9.305317
108.2957,9.253009
108.8142,9.201347
109.3327,9.150193
109.8512,9.099408
110.3697,9.048856
110.8882,8.998409
111.4067,8.947944
111.9252,8.897343
112.4436,8.846503
112.9621,8.795297
113.4806,8.743631
113.9991,8.691412
114.5175,8.638566
115.036,8.584999
115.5545,8.530665
116.073,8.475534
116.3322,8.447672
116.5914,8.419615
117.0175,8.373087
117.4436,8.32611
117.8697,8.27878
118.0827,8.255032
118.2957,8.231257
118.5088,8.207474
118.7218,8.18374
118.9349,8.160075
119.1479,8.136552
119.361,8.113209
119.574,8.090138
119.787,8.067411
120.0,8.045125
120.2768,8.017019
120.5535,7.990175
120.8302,7.964962
121.1069,7.941856
121.3837,7.921441
121.6604,7.904473
121.7988,7.897558
121.9371,7.891872
122.0755,7.887563
122.2138,7.88481
122.3522,7.883808
122.4906,7.884778
122.629,7.887973
122.7673,7.893673
122.9057,7.90221
123.044,7.913939
123.1824,7.929296
123.3207,7.948741
123.4591,7.972852
123.5974,8.002224
123.7358,8.037629
123.8741,8.079861
124.0125,8.129952
124.1508,8.188968
124.2892,8.258319
124.4275,8.339457
124.5659,8.434322
124.7043,8.545021
124.8427,8.674114
124.981,8.824534
125.1194,9.000153
125.2577,9.205117
125.3269,9.320358
125.3961,9.44506
125.4653,9.580078
125.5344,9.726136
125.6036,9.884705
125.6728,10.05675
125.742,10.24356
125.8112,10.4466
125.8804,10.66749
125.9496,10.90805
126.0188,11.17032
126.0879,11.45619
126.1571,11.76909
126.2263,12.11157
126.2955,12.48699
126.3646,12.89854
126.4338,13.3518
126.503,13.85119
126.5722,14.40249
126.6413,15.01142
126.7105,15.68747
126.7797,16.43878
126.8489,17.27586
126.9181,18.21105
126.9873,19.25892
127.0565,20.43674
127.1257,21.76514
127.1603,22.49335
127.1948,23.26654
127.2294,24.0931
127.264,24.97514
127.2986,25.91743
127.3332,26.92522
127.3678,28.00434
127.4024,29.16128
127.437,30.40324
127.4715,31.73428
127.5061,33.17109
127.5407,34.72003
127.5753,36.39243
127.6099,38.20108
127.6445,40.1604
127.6791,42.28672
127.7137,44.59862
127.7482,47.10967
127.7828,49.85858
127.8174,52.86615
127.852,56.16437
127.8866,59.7902
127.9212,63.78659
127.9558,68.20355
127.9731,70.58769
127.9904,73.0997
128.0077,75.74855
128.0249,78.52736
128.0422,81.479
128.0595,84.59928
128.0768,87.90085
128.0941,91.39745
128.1114,95.10421
128.1287,99.03766
128.146,103.216
128.1633,107.6592
128.1806,112.3894
128.1979,117.4308
128.2152,122.8104
128.2325,128.5581
128.2498,134.7068
128.2671,141.2934
128.2844,148.359
128.3016,155.904
128.3189,164.0671
128.3362,172.8635
128.3535,182.3581
128.3708,192.6238
128.3881,203.743
128.4054,215.8092
128.4227,228.9288
128.44,243.2227
128.4573,258.8292
128.4746,275.9069
128.4919,294.6381
128.5092,315.2329
128.5265,337.9345
128.5438,363.0253
128.5525,376.6476
128.5611,390.8338
128.5697,405.7856
128.5783,421.5557
128.587,438.4006
128.5956,455.9957
128.6043,474.8196
128.6129,494.5133
128.6216,515.6166
128.6302,537.7316
128.6389,561.4693
128.6475,586.3875
128.6562,613.1801
128.6648,641.3541
128.6735,671.7006
128.6821,703.6679
128.6908,738.161
128.6994,774.5603
128.7081,813.9038
128.7167,855.4928
128.7254,900.5215
128.734,948.1973
128.7427,999.8961
128.7513,1054.714
128.76,1114.237
128.7686,1177.426
128.7773,1246.106
128.7859,1319.072
128.7946,1398.416
128.8032,1482.72
128.8119,1574.367
128.8205,1671.664
128.8292,1777.282
128.8378,1889.169
128.8464,2008.815
128.855,2136.459
128.8641,2280.372
128.8732,2433.332
128.8823,2595.019
128.8913,2762.854
128.9004,2939.46
128.9094,3119.341
128.9275,3487.221
128.9366,3668.718
128.9457,3842.39
128.9548,4003.406
128.9638,4145.186
128.9729,4265.841
128.9819,4358.178
128.991,4420.485
129.0,4448.888
129.0091,4442.962
129.0182,4402.753
129.0273,4330.355
129.0363,4230.425
129.0454,4105.047
129.0544,3961.735
129.0635,3802.269
129.0725,3634.848
129.0907,3283.523
129.1088,2938.691
129.1179,2772.742
129.1269,2615.36
129.136,2463.88
129.145,2322.095
129.1562,2157.067
129.1674,2004.604
129.1786,1864.293
129.1897,1736.608
129.2009,1618.509
129.212,1511.323
129.2232,1412.316
129.2343,1322.483
129.2455,1239.462
129.2566,1164.046
129.2678,1094.235
129.2789,1030.692
129.2901,971.7358
129.3012,917.9389
129.3124,867.8934
129.3235,822.1022
129.3347,779.3845
129.3458,740.1873
129.357,703.517
129.3681,669.7731
129.3793,638.1158
129.3904,608.9041
129.4016,581.4237
129.4127,555.998
129.4239,532.0164
129.435,509.7709
129.4462,488.7361
129.4573,469.1762
129.4685,450.6368
129.4796,433.3571
129.4908,416.942
129.5019,401.6087
129.5131,387.0112
129.5243,373.2277
129.5355,360.1998
129.5466,347.9811
129.5578,336.3028
129.5689,325.3296
129.5912,304.9329
129.6135,286.504
129.6358,269.7991
129.6581,254.6107
129.6804,240.7614
129.7027,228.0982
129.725,216.4896
129.7473,205.8217
129.7696,195.9953
129.7919,186.9236
129.8142,178.5312
129.8365,170.7514
129.8588,163.5258
129.8812,156.7733
129.9035,150.5083
129.9258,144.6588
129.9481,139.1885
129.9704,134.065
129.9927,129.2592
130.015,124.745
130.0373,120.4992
130.0596,116.5004
130.0819,112.7297
130.1042,109.1697
130.1265,105.8049
130.1488,102.6209
130.1711,99.60488
130.1934,96.74496
130.2157,94.03038
130.2603,88.99862
130.3049,84.4401
130.3495,80.2962
130.3941,76.51713
130.4387,73.06041
130.4833,69.8896
130.5279,66.97331
130.5725,64.28436
130.6172,61.79382
130.6618,59.49216
130.7064,57.3556
130.751,55.36827
130.7956,53.51622
130.8402,51.78708
130.8848,50.16992
130.9294,48.65495
130.974,47.23349
131.0186,45.89776
131.0632,44.64077
131.1078,43.45625
131.1524,42.33854
131.197,41.28255
131.2416,40.28364
131.2862,39.33764
131.3309,38.43877
131.3755,37.58758
131.4201,36.77884
131.4647,36.00969
131.5539,34.57973
131.6431,33.2791
131.7323,32.09206
131.8215,31.00522
131.9107,30.00716
131.9999,29.08807
132.0001,88.68774
135.9356,87.56442
150.0,83.55009
158.4893,81.5457
170.0,78.82795
184.785,76.01545
200.0,73.12116
215.4435,70.92279
250.0,66.00372
251.1886,65.87882
292.8645,61.49936
300.0,60.74953
341.4549,57.36365
350.0,56.66573
398.1072,53.4983
400.0,53.37367
464.1589,50.14382
500.0,48.33952
541.1695,46.80945
600.0,44.62299
630.9573,43.72868
700.0,41.73413
720.0,41.22979
735.6423,40.88905
850.0,38.39795
857.6959,38.26689
1000.0,35.8434
1165.914,33.66169
1200.0,33.21347
1250.0,32.65666
1359.356,31.62731
1500.0,30.30345
1584.893,29.66838
1700.0,28.80727
1847.85,27.91583
2000.0,26.99848
2154.435,26.23034
2200.0,26.0037
2511.886,24.76566
2700.0,24.01894
2928.645,23.33281
3200.0,22.51854
3414.549,22.00965
3700.0,21.3326
3981.072,20.78835
4200.0,20.36444
4641.589,19.64907
4700.0,19.55445
5200.0,18.86362
5411.695,18.6258
6200.0,17.74025
6309.573,17.64359
7200.0,16.8581
7356.423,16.74596
8200.0,16.14117
8576.959,15.91578
9200.0,15.54324
10000.0,15.13617
10200.0,15.0344
11200.0,14.5943
11659.14,14.41718
12200.0,14.20855
13200.0,13.86667
13593.56,13.7463
14200.0,13.56081
15200.0,13.28495
15848.93,13.12235
16200.0,13.03439
17200.0,12.8054
18200.0,12.595
18478.5,12.54089
19200.0,12.40072
20200.0,12.22056
21200.0,12.05284
21544.35,11.99888
22200.0,11.89614
23200.0,11.74927
24200.0,11.6112
25118.86,11.49162
25200.0,11.48106
26200.0,11.35809
27200.0,11.24162
28200.0,11.13107
29200.0,11.02594
29286.45,11.01728
30200.0,10.92578
31200.0,10.83019
32200.0,10.7388
33200.0,10.65132
34145.49,10.57202
34200.0,10.56745
35200.0,10.48692
36200.0,10.40953
37200.0,10.33505
38200.0,10.26329
39200.0,10.19408
39810.72,10.15328
40200.0,10.12727
40999.99,10.07544
41000.01,10.0745
41824.07,10.03725
41824.1,10.03725
46415.89,9.841717
50000.0,9.689093
54116.95,9.563198
60000.0,9.383294
63095.73,9.295249
65000.0,9.24109
70000.0,9.11837
73564.23,9.039647
80000.0,8.8975
85769.59,8.781318
90000.0,8.69613
93945.6,8.63102
93945.61,8.63102
95727.29,8.601618
95727.3,8.601618
100000.0,8.53111
110484.0,8.404693
110484.1,8.404692
116591.4,8.33105
120000.0,8.28995
130000.0,8.202529
130002.0,8.202513
135789.9,8.151915
135790.0,8.151914
135935.6,8.150641
150000.0,8.02769
158489.3,7.971224
169510.9,7.897915
169511.0,7.897914
172530.6,7.877829
172531.0,7.877827
184700.0,7.796886
184700.4,7.796882
184785.0,7.796319
200000.0,7.69512
213428.6,7.633232
213429.0,7.633232
215443.5,7.623948
217394.6,7.614956
217395.0,7.614955
220847.0,7.599046
220847.3,7.599044
222759.8,7.59023
222760.0,7.590229
250000.0,7.46469
251188.6,7.46362
251196.0,7.463613
251196.1,7.463613
292225.0,7.426651
292864.5,7.426075
300000.0,7.419646
305572.0,7.414627
305572.4,7.414627
317500.6,7.40388
317501.0,7.403881
318195.0,7.403255
318195.1,7.403255
323117.0,7.398821
323117.4,7.398821
330163.6,7.392473
330164.0,7.392473
335397.9,7.387757
335398.0,7.387757
341454.9,7.382301
363381.0,7.362549
363381.2,7.362549
363743.6,7.362222
363744.0,7.362222
365797.0,7.360373
365797.1,7.360373
371182.0,7.355522
371182.4,7.35552
397907.0,7.331445
397907.5,7.331444
398107.2,7.331264
400000.0,7.32956
415502.8,7.326212
415503.0,7.326212
431829.8,7.322688
431830.0,7.322688
439198.0,7.321097
445096.7,7.319823
445097.0,7.319823
451408.0,7.318462
451408.1,7.318462
464158.9,7.315708
486689.0,7.310844
486689.2,7.310844
493846.0,7.309298
493846.1,7.309299
494999.7,7.309049
495000.0,7.309049
500000.0,7.30797
509337.7,7.307108
509338.0,7.307108
512196.0,7.306844
512196.4,7.306844
517692.0,7.306336
517692.4,7.306336
533898.6,7.304839
533899.0,7.30484
541169.5,7.304169
552289.0,7.303143
552289.1,7.303143
554533.8,7.302936
554534.0,7.302936
600000.0,7.298738
630957.3,7.29588
700000.0,7.289506
735642.3,7.286215
800000.0,7.280274
857695.9,7.274947
900000.0,7.271042
1000000.0,7.26181
1100000.0,7.240245
1200000.0,7.218681
1300000.0,7.155654
1400000.0,7.092628
1500000.0,7.029603
1600000.0,6.966576
1700000.0,6.903551
1800000.0,6.841211
1900000.0,6.77887
2000000.0,6.716529
2500000.0,6.40483
3000000.0,6.11204
3500000.0,5.857346
4000000.0,5.60265
4068660.0,5.560239
4500000.0,5.2938
5000000.0,5.1058
5500000.0,4.995381
6000000.0,4.884959
6288205.0,4.866154
6288206.0,4.866154
6500000.0,4.852336
7000000.0,4.81971
7332045.0,4.816632
7500000.0,4.815075
7800000.0,4.812294
8000000.0,4.81044
8500000.0,4.82654
9000000.0,4.85816
9500000.0,4.88978
10000000.0,4.929734
10490000.0,4.968888
10500000.0,4.969687
11000000.0,5.00964
11500000.0,5.052965
12000000.0,5.09629
13000000.0,5.15231
13679600.0,5.176742
14000000.0,5.18826
14933860.0,5.19519
14933870.0,5.195189
15000000.0,5.19568
16000000.0,5.18613
16500000.0,5.169297
17000000.0,5.152464
17500000.0,5.13563
18000000.0,5.106132
18500000.0,5.076634
19000000.0,5.047436
20000000.0,4.98814
