1e-05,856.2078
1.03125e-05,843.2185
1.0625e-05,830.8066
1.09375e-05,818.9305
1.125e-05,807.5527
1.15625e-05,796.6394
1.1875e-05,786.1598
1.21875e-05,776.0858
1.25e-05,766.392
1.28125e-05,757.0551
1.3125e-05,748.0537
1.34375e-05,739.3681
1.375e-05,730.9803
1.4375e-05,715.0329
1.5e-05,700.0928
1.5625e-05,686.0584
1.625e-05,672.8417
1.6875e-05,660.3662
1.75e-05,648.5652
1.8125e-05,637.3799
1.875e-05,626.7587
1.9375e-05,616.6557
2e-05,607.03
2.09375e-05,593.4078
2.1875e-05,580.671
2.28125e-05,568.7277
2.375e-05,557.4987
2.46875e-05,546.9156
2.5625e-05,536.9187
2.65625e-05,527.4558
2.75e-05,518.4811
2.84375e-05,509.9539
2.9375e-05,501.8382
3.03125e-05,494.102
3.125e-05,486.7167
3.21875e-05,479.6563
3.3125e-05,472.8979
3.40625e-05,466.4205
3.5e-05,460.205
3.59375e-05,454.2345
3.6875e-05,448.493
3.78125e-05,442.9665
3.875e-05,437.6417
3.96875e-05,432.5068
4.0625e-05,427.5506
4.25e-05,418.1349
4.4375e-05,409.3224
4.625e-05,401.0515
4.8125e-05,393.2687
5e-05,385.928
5.15625e-05,380.119
5.3125e-05,374.5683
5.46875e-05,369.2572
5.625e-05,364.169
5.78125e-05,359.2885
5.9375e-05,354.6019
6.09375e-05,350.0968
6.25e-05,345.7617
6.40625e-05,341.5861
6.5625e-05,337.5606
6.71875e-05,333.6764
6.875e-05,329.9253
7.1875e-05,322.7935
7.5e-05,316.1123
7.8125e-05,309.836
8.125e-05,303.9254
8.4375e-05,298.3463
8.75e-05,293.0688
9.0625e-05,288.0667
9.375e-05,283.3169
9.6875e-05,278.7988
0.0001,274.4941
0.000103125,270.3867
0.00010625,266.4618
0.000109375,262.7064
0.0001125,259.1085
0.000115625,255.6575
0.00011875,252.3437
0.000121875,249.1581
0.000125,246.0928
0.000128125,243.1403
0.00013125,240.2938
0.000134375,237.5473
0.0001375,234.895
0.00014375,229.8521
0.00015,225.1279
0.00015625,220.69
0.0001625,216.5107
0.00016875,212.5658
0.000175,208.8341
0.00018125,205.2972
0.0001875,201.9386
0.00019375,198.7439
0.0002,195.7002
0.000209375,191.3927
0.00021875,187.3652
0.000228125,183.5887
0.0002375,180.038
0.000246875,176.6915
0.00025625,173.5304
0.000265625,170.5382
0.000275,167.7003
0.000284375,165.004
0.00029375,162.4378
0.000303125,159.9916
0.0003125,157.6564
0.000321875,155.4239
0.00033125,153.2869
0.000340625,151.2387
0.00035,149.2734
0.000359375,147.3855
0.00036875,145.5701
0.000378125,143.8226
0.0003875,142.139
0.000396875,140.5153
0.00040625,138.9482
0.000425,135.971
0.00044375,133.1845
0.0004625,130.5693
0.00048125,128.1085
0.0005,125.7875
0.000515625,123.9508
0.00053125,122.1958
0.000546875,120.5165
0.0005625,118.9077
0.000578125,117.3646
0.00059375,115.8828
0.000609375,114.4584
0.000625,113.0877
0.000640625,111.7675
0.00065625,110.4948
0.000671875,109.2667
0.0006875,108.0807
0.00071875,105.8259
0.00075,103.7135
0.00078125,101.7292
0.0008125,99.86048
0.00084375,98.09661
0.000875,96.4281
0.00090625,94.84669
0.0009375,93.34503
0.00096875,91.91663
0.001,90.55575
0.00103125,89.25721
0.0010625,88.0164
0.00109375,86.82917
0.001125,85.69177
0.00115625,84.6008
0.0011875,83.5532
0.00121875,82.54616
0.00125,81.57713
0.00128125,80.64379
0.0013125,79.74399
0.00134375,78.87577
0.001375,78.03733
0.0014375,76.44324
0.0015,74.9499
0.0015625,73.54709
0.001625,72.22603
0.0016875,70.9791
0.00175,69.79959
0.0018125,68.68165
0.001875,67.62011
0.0019375,66.61037
0.002,65.64835
0.00209375,64.28696
0.0021875,63.01408
0.00228125,61.82053
0.002375,60.6984
0.00246875,59.64084
0.0025625,58.64189
0.00265625,57.69633
0.00275,56.79957
0.00284375,55.94756
0.0029375,55.13668
0.00303125,54.36374
0.003125,53.62587
0.00321875,52.9205
0.0033125,52.24531
0.00340625,51.5982
0.0035,50.97729
0.00359375,50.38085
0.0036875,49.80733
0.00378125,49.25528
0.003875,48.7234
0.00396875,48.2105
0.0040625,47.71547
0.00425,46.77504
0.0044375,45.89492
0.004625,45.06893
0.0048125,44.29173
0.005,43.55871
0.00515625,42.97868
0.0053125,42.42447
0.00546875,41.8942
0.005625,41.3862
0.00578125,40.89897
0.0059375,40.43112
0.00609375,39.98139
0.00625,39.54867
0.00640625,39.13189
0.0065625,38.7301
0.00671875,38.34244
0.006875,37.96808
0.0071875,37.25637
0.0075,36.58968
0.0078125,35.96346
0.008125,35.37379
0.0084375,34.81723
0.00875,34.29081
0.0090625,33.7919
0.009375,33.3182
0.0096875,32.86766
0.01,32.43843
0.0103125,32.02891
0.010625,31.63763
0.0109375,31.26326
0.01125,30.90465
0.0115625,30.56071
0.011875,30.23045
0.0121875,29.91302
0.0125,29.6076
0.0128125,29.31344
0.013125,29.02989
0.0134375,28.7563
0.01375,28.49212
0.014375,27.98991
0.015,27.51953
0.015625,27.07773
0.01625,26.66174
0.016875,26.26916
0.0175,25.89789
0.018125,25.54604
0.01875,25.212
0.019375,24.89432
0.02,24.5917
0.0206625,24.28609
0.021325,23.9949
0.0219875,23.71702
0.02265,23.45148
0.0233125,23.1974
0.023975,22.95396
0.0246375,22.72047
0.0253,22.49624
0.02607188,22.24591
0.02684375,22.00651
0.02761563,21.77728
0.0283875,21.5575
0.02915938,21.34657
0.02993125,21.1439
0.03070313,20.94895
0.031475,20.76128
0.03224688,20.58043
0.03301875,20.40599
0.0345625,20.07494
0.03610625,19.76549
0.03765,19.47541
0.03919375,19.20279
0.0407375,18.94592
0.04228125,18.70337
0.043825,18.47387
0.04536875,18.25629
0.0469125,18.04963
0.04845625,17.85303
0.05,17.66569
0.0515625,17.4848
0.053125,17.31204
0.0546875,17.14682
0.05625,16.9886
0.0578125,16.83693
0.059375,16.69135
0.0609375,16.55148
0.0625,16.41696
0.0640625,16.28745
0.065625,16.16266
0.06875,15.92615
0.071875,15.70546
0.075,15.49892
0.078125,15.30511
0.08125,15.12277
0.084375,14.95085
0.0875,14.78839
0.090625,14.63457
0.09375,14.48867
0.096875,14.35004
0.1,14.2181
0.103125,14.09234
0.10625,13.9723
0.109375,13.85758
0.1125,13.74779
0.115625,13.6426
0.11875,13.54171
0.121875,13.44484
0.125,13.35172
0.128125,13.26215
0.13125,13.17589
0.1375,13.01257
0.14375,12.86038
0.15,12.71816
0.15625,12.58489
0.1625,12.45971
0.16875,12.34184
0.175,12.23064
0.18125,12.12552
0.1875,12.02597
0.19375,11.93154
0.2,11.84181
0.209375,11.71529
0.21875,11.5975
0.228125,11.48754
0.2375,11.38463
0.246875,11.2881
0.25625,11.19735
0.265625,11.11188
0.275,11.03122
0.284375,10.95499
0.29375,10.88283
0.303125,10.81442
0.3125,10.74948
0.321875,10.68776
0.33125,10.62904
0.340625,10.5731
0.35,10.51977
0.359375,10.46887
0.36875,10.42025
0.378125,10.37378
0.3875,10.32932
0.40625,10.246
0.425,10.16946
0.44375,10.099
0.4625,10.03403
0.48125,9.974047
0.5,9.918597
0.53125,9.835239
0.5625,9.761946
0.59375,9.697518
0.625,9.640985
0.65625,9.591547
0.6875,9.548554
0.71875,9.511465
0.75,9.479833
0.78125,9.45329
0.8125,9.431535
0.84375,9.414321
0.875,9.40145
0.9375,9.38815
1.0,9.390822
1.0625,9.409154
1.125,9.443289
1.1875,9.493795
1.25,9.561677
1.3125,9.648414
1.375,9.756022
1.4375,9.887156
1.5,10.04525
1.5625,10.23474
1.59375,10.34298
1.625,10.46131
1.65625,10.59073
1.6875,10.73234
1.71875,10.88741
1.75,11.05741
1.78125,11.24401
1.8125,11.44917
1.84375,11.67513
1.875,11.9245
1.90625,12.20036
1.9375,12.50629
1.96875,12.84655
2.0,13.22617
2.024213,13.55116
2.048425,13.90664
2.072638,14.29645
2.09685,14.72497
2.121063,15.1974
2.145275,15.71979
2.169488,16.2993
2.1937,16.94439
2.217913,17.66524
2.242125,18.47396
2.254232,18.9158
2.266338,19.38532
2.278444,19.88492
2.29055,20.41719
2.302657,20.98505
2.314763,21.59165
2.326869,22.24059
2.338975,22.9359
2.351082,23.6821
2.363188,24.48413
2.375294,25.34773
2.3874,26.27931
2.399507,27.28622
2.411613,28.37658
2.423719,29.55988
2.435825,30.84691
2.447932,32.25016
2.460038,33.78367
2.472144,35.46405
2.48425,37.31048
2.496357,39.34552
2.508463,41.59502
2.520569,44.09006
2.532675,46.86717
2.538729,48.37503
2.544782,49.97011
2.550835,51.65944
2.556888,53.45044
2.562941,55.35132
2.568994,57.37106
2.575047,59.51959
2.5811,61.80787
2.587154,64.24842
2.593207,66.85385
2.59926,69.63946
2.605313,72.6218
2.611366,75.81932
2.617419,79.25259
2.623472,82.94464
2.629525,86.92122
2.635579,91.21203
2.641632,95.84815
2.647685,100.8669
2.653738,106.3098
2.659791,112.2234
2.665844,118.6609
2.671897,125.6823
2.67795,133.3561
2.684004,141.7615
2.690057,150.9843
2.69611,161.1269
2.702163,172.3044
2.708216,184.6482
2.714269,198.3076
2.720322,213.4521
2.723349,221.6417
2.726375,230.2735
2.729402,239.3808
2.732429,248.9901
2.735456,259.1321
2.738482,269.8354
2.741509,281.1405
2.744535,293.075
2.747562,305.6824
2.750588,318.9911
2.753615,333.0468
2.756641,347.8772
2.759668,363.5282
2.762694,380.0237
2.765721,397.4064
2.768747,415.6926
2.771774,434.9164
2.7748,455.0793
2.778875,483.7324
2.78295,514.0808
2.787025,546.0432
2.7911,579.4666
2.795175,614.1101
2.79925,649.6258
2.803325,685.5444
2.8074,721.264
2.811475,756.0482
2.81555,789.038
2.819625,819.2796
2.8237,845.7718
2.827775,867.5329
2.83185,883.678
2.835925,893.5022
2.84,896.5529
2.844075,892.6799
2.84815,882.0526
2.852225,865.1412
2.8563,842.6656
2.860375,815.522
2.86445,784.6999
2.868525,751.2041
2.8726,715.9887
2.876675,679.9107
2.88075,643.7016
2.8889,573.1426
2.892975,539.5963
2.89705,507.5539
2.901125,477.1618
2.9052,448.4958
2.909292,421.4682
2.913383,396.1881
2.917475,372.5935
2.921566,350.626
2.925658,330.192
2.929749,311.2117
2.933841,293.5829
2.937932,277.2212
2.942024,262.0281
2.946115,247.9238
2.950207,234.8187
2.954298,222.6414
2.95839,211.3136
2.962481,200.7732
2.966572,190.9554
2.970663,181.8027
2.974755,173.2603
2.978846,165.2843
2.982938,157.8263
2.987029,150.8493
2.991121,144.313
2.995212,138.1865
2.999303,132.4372
3.003394,127.0366
3.007486,121.9576
3.011577,117.1787
3.015669,112.6762
3.01976,108.432
3.023852,104.4259
3.027943,100.643
3.032034,97.06683
3.036125,93.68327
3.044308,87.44215
3.052491,81.82811
3.060674,76.76255
3.068857,72.17842
3.07704,68.01827
3.085223,64.23274
3.093406,60.77927
3.101588,57.62138
3.109771,54.72631
3.117954,52.06662
3.126137,49.61796
3.134319,47.35925
3.142502,45.2712
3.150685,43.33758
3.158868,41.54374
3.16705,39.87696
3.175233,38.3253
3.183416,36.87875
3.191599,35.52815
3.199782,34.26531
3.207965,33.08288
3.216148,31.97428
3.224331,30.93355
3.232513,29.95543
3.240696,29.03487
3.248879,28.16757
3.257062,27.34955
3.265244,26.57728
3.28161,25.15661
3.297975,23.88264
3.314341,22.73591
3.330707,21.7002
3.347073,20.76179
3.363438,19.90898
3.379804,19.13167
3.396169,18.42138
3.412535,17.77058
3.4289,17.17294
3.445266,16.62281
3.461632,16.11535
3.477998,15.64629
3.494363,15.21191
3.510729,14.80885
3.527094,14.43424
3.54346,14.08545
3.559825,13.76021
3.576191,13.45643
3.592557,13.17231
3.608923,12.90618
3.625288,12.6566
3.658019,12.20182
3.69075,11.79881
3.723482,11.44008
3.756213,11.11945
3.788944,10.83176
3.821675,10.57271
3.854407,10.33866
3.887138,10.12655
3.919869,9.933772
3.9526,9.758086
3.985332,9.597566
4.018063,9.450565
4.050794,9.315642
4.083525,9.191547
4.116257,9.077187
4.148988,8.971612
4.21445,8.783543
4.279913,8.621721
4.345375,8.481742
4.410838,8.36009
4.4763,8.253956
4.541763,8.161059
4.607225,8.079542
4.672688,8.007876
4.73815,7.944801
4.803613,7.889262
4.869075,7.840381
5.0,7.759756
5.135763,7.696337
5.271525,7.649831
5.407288,7.617593
5.54305,7.59775
5.678813,7.588991
5.814575,7.59045
5.950338,7.601618
6.0861,7.622286
6.221863,7.652528
6.357625,7.692676
6.493388,7.743347
6.62915,7.805455
6.764913,7.880274
6.900675,7.96951
7.036438,8.075425
7.1722,8.201
7.307963,8.350201
7.375844,8.43526
7.443725,8.52836
7.511607,8.630479
7.579488,8.742767
7.647369,8.866595
7.71525,9.003599
7.783132,9.155752
7.851013,9.325441
7.918894,9.515595
7.986775,9.729832
8.054657,9.97267
8.122538,10.2498
8.190419,10.56852
8.22436,10.74632
8.2583,10.93826
8.292241,11.14599
8.326182,11.37144
8.360123,11.61679
8.394063,11.88465
8.428004,12.17804
8.461944,12.50052
8.495885,12.85635
8.529825,13.25057
8.563766,13.68925
8.597707,14.17973
8.631648,14.73095
8.665588,15.35388
8.699529,16.06219
8.716499,16.45351
8.733469,16.87288
8.75044,17.32318
8.76741,17.80757
8.78438,18.32973
8.80135,18.89381
8.818321,19.50459
8.835291,20.16743
8.852262,20.88866
8.869232,21.67542
8.886203,22.53617
8.903173,23.48056
8.920143,24.52002
8.937113,25.66799
8.954084,26.9404
8.971054,28.35593
8.988024,29.93718
9.004994,31.71128
9.01348,32.68076
9.021965,33.71119
9.03045,34.80792
9.038935,35.97676
9.04742,37.22419
9.055905,38.5574
9.06439,39.98442
9.072875,41.51423
9.081361,43.15711
9.089846,44.92395
9.098331,46.82772
9.106816,48.88279
9.115302,51.10574
9.123787,53.51453
9.132272,56.13054
9.140757,58.97783
9.149243,62.0844
9.157728,65.48126
9.166213,69.20538
9.174698,73.29917
9.183183,77.81187
9.191668,82.80091
9.200153,88.33348
9.208638,94.48854
9.212881,97.82837
9.217124,101.36
9.221367,105.0979
9.225609,109.0565
9.229852,113.2549
9.234094,117.7095
9.238337,122.4429
9.242579,127.4751
9.246822,132.8326
9.251064,138.5396
9.255307,144.6279
9.259549,151.1265
9.263792,158.0734
9.268034,165.5038
9.272277,173.4631
9.276519,181.9937
9.280762,191.1497
9.285005,200.9846
9.289248,211.5582
9.29349,222.9334
9.297733,235.1862
9.301975,248.388
9.306218,262.6272
9.31046,277.9851
9.314703,294.5623
9.318945,312.4481
9.323188,331.7509
9.32743,352.5615
9.331673,374.9872
9.335915,399.1067
9.340158,425.0068
9.3444,452.7282
9.3485,481.2768
9.3526,511.5269
9.3567,543.3999
9.3608,576.7466
9.3649,611.3297
9.369,646.8063
9.3772,718.4512
9.3813,753.2929
9.3854,786.3838
9.3895,816.7753
9.3936,843.4701
9.3977,865.4886
9.4018,881.9454
9.4059,892.1327
9.41,895.5919
9.4141,892.1643
9.4182,882.0086
9.4223,865.5835
9.4264,843.5967
9.4305,816.933
9.4346,786.5726
9.4387,753.5124
9.4428,718.701
9.451,647.115
9.4592,577.112
9.4633,543.7925
9.4674,511.9464
9.4715,481.7224
9.4756,453.1996
9.479697,426.4206
9.483794,401.3469
9.487891,377.9322
9.491988,356.1099
9.496085,335.8007
9.500182,316.9179
9.504279,299.3714
9.508375,283.0751
9.512472,267.9324
9.516569,253.8626
9.520666,240.7849
9.524763,228.623
9.52886,217.3058
9.532957,206.7674
9.537054,196.9465
9.54115,187.7886
9.545247,179.2376
9.549344,171.2479
9.553441,163.7759
9.557538,156.7815
9.561635,150.2279
9.565732,144.0815
9.569829,138.3117
9.573925,132.8915
9.578022,127.7926
9.582119,122.9927
9.586216,118.4702
9.590313,114.2052
9.59441,110.1795
9.598507,106.3765
9.6067,99.37889
9.614894,93.10212
9.623088,87.45492
9.631282,82.35882
9.639475,77.7474
9.647669,73.56209
9.655863,69.75413
9.664057,66.28087
9.67225,63.10576
9.680444,60.196
9.688638,57.52402
9.696832,55.0654
9.705025,52.79897
9.713219,50.70533
9.721413,48.76815
9.729607,46.97275
9.7378,45.30627
9.745994,43.75675
9.754188,42.31405
9.762382,40.96896
9.770575,39.71339
9.778769,38.53961
9.786963,37.44112
9.80335,35.44675
9.819738,33.68867
9.836125,32.13313
9.852513,30.75189
9.8689,29.52179
9.885288,28.42312
9.901675,27.43958
9.918063,26.55712
9.93445,25.76401
9.950838,25.05003
9.967225,24.40657
9.983613,23.82608
10.0,23.30212
10.01786,22.78886
10.03571,22.32998
10.05356,21.91973
10.07141,21.55339
10.08927,21.22669
10.10712,20.9364
10.14282,20.45232
10.17853,20.08015
10.21423,19.80401
10.24993,19.61128
10.28563,19.49221
10.32134,19.4392
10.35704,19.44636
10.39274,19.50917
10.42844,19.62424
10.46415,19.78923
10.49985,20.00241
10.53555,20.26295
10.57125,20.57061
10.60696,20.92583
10.64266,21.32932
10.67837,21.78275
10.71407,22.28787
10.74978,22.84753
10.78548,23.46452
10.82118,24.14277
10.85688,24.88668
10.89259,25.70171
10.92829,26.59338
10.96399,27.56887
10.99969,28.63618
11.0354,29.80492
11.0711,31.0851
11.1068,32.48934
11.1425,34.03193
11.17821,35.72992
11.21391,37.60164
11.24962,39.6707
11.28532,41.96239
11.32103,44.50918
11.35673,47.34658
11.39243,50.51924
11.41028,52.24735
11.42813,54.07983
11.44599,56.02609
11.46384,58.09309
11.48169,60.29197
11.49954,62.63388
11.51739,65.1312
11.53524,67.79761
11.55309,70.64841
11.57094,73.70059
11.5888,76.9751
11.60665,80.4896
11.6245,84.2698
11.64235,88.34269
11.6602,92.73875
11.67805,97.49251
11.6959,102.6432
11.71375,108.2356
11.73161,114.3244
11.74946,120.9617
11.76731,128.2185
11.78516,136.173
11.80302,144.9218
11.81195,149.625
11.82087,154.5614
11.8298,159.7581
11.83872,165.2211
11.84765,170.9819
11.85657,177.0484
11.8655,183.4567
11.87443,190.2252
11.88336,197.3809
11.89228,204.9448
11.90121,212.9665
11.91013,221.4637
11.91906,230.4948
11.92798,240.0828
11.93691,250.2973
11.94583,261.1683
11.95476,272.7789
11.96368,285.1685
11.97261,298.4374
11.98153,312.6369
11.99046,327.8897
11.99938,344.2632
12.00831,361.9083
12.01724,380.9364
12.02617,401.4929
12.03509,423.7171
12.04402,447.8458
12.05294,474.0381
12.06187,502.5966
12.07079,533.7364
12.07972,567.8491
12.08864,605.2291
12.09757,646.3906
12.10649,691.741
12.11096,716.2383
12.11542,741.9666
12.11988,769.068
12.12434,797.6389
12.12881,827.8529
12.13327,859.689
12.13773,893.3364
12.14219,928.9299
12.14666,966.7033
12.15112,1006.648
12.15559,1049.12
12.16005,1094.121
12.16452,1142.064
12.16898,1192.965
12.17344,1247.181
12.1779,1304.99
12.18237,1366.84
12.18683,1432.792
12.19129,1503.348
12.19575,1578.917
12.20022,1660.136
12.20468,1747.14
12.20914,1840.649
12.2136,1941.268
12.21807,2049.914
12.22253,2166.834
12.22699,2293.07
12.23145,2429.505
12.23592,2577.454
12.24038,2737.315
12.24484,2910.554
12.2493,3098.411
12.25377,3302.689
12.25823,3523.879
12.26269,3763.875
12.26715,4024.165
12.27162,4306.869
12.27608,4612.099
12.28054,4941.648
12.285,5296.384
12.28907,5642.413
12.29313,6008.589
12.29719,6394.855
12.30125,6799.48
12.30532,7220.716
12.30938,7652.398
12.3175,8526.247
12.32157,8953.402
12.32563,9358.936
12.32969,9732.336
12.33375,10061.39
12.33782,10334.66
12.34188,10539.86
12.34594,10668.98
12.35,10716.28
12.35407,10679.52
12.35813,10560.71
12.36219,10365.41
12.36625,10102.19
12.37032,9780.976
12.37438,9415.315
12.37844,9016.631
12.3825,8596.484
12.39063,7730.819
12.39875,6884.969
12.40282,6481.337
12.40688,6096.496
12.41094,5731.244
12.415,5386.53
12.41986,5001.265
12.42472,4645.402
12.42958,4317.841
12.43444,4017.059
12.4393,3741.295
12.44416,3488.687
12.44902,3257.367
12.45388,3045.522
12.45874,2851.427
12.4636,2673.474
12.46846,2510.175
12.47332,2360.168
12.47818,2222.21
12.48304,2095.176
12.4879,1978.051
12.49275,1870.129
12.49761,1770.142
12.50247,1677.577
12.50733,1591.766
12.51219,1512.107
12.51705,1438.06
12.52191,1369.135
12.52677,1304.896
12.53163,1244.947
12.53649,1188.929
12.54135,1136.521
12.54621,1087.43
12.55107,1041.393
12.55593,998.1702
12.56079,957.5439
12.56565,919.3164
12.5705,883.3801
12.57536,849.4229
12.58022,817.3719
12.58508,787.0906
12.58994,758.4539
12.5948,731.3475
12.59966,705.6668
12.60938,658.2045
12.6191,615.3868
12.62882,576.6363
12.63854,541.4611
12.64825,509.4718
12.65797,480.2411
12.66769,453.4914
12.67741,428.9526
12.68713,406.3899
12.69685,385.5984
12.70657,366.3989
12.71629,348.6342
12.726,332.1819
12.73572,316.886
12.74544,302.6556
12.75516,289.3947
12.76488,277.0173
12.7746,265.447
12.78432,254.6156
12.79404,244.4614
12.80375,234.939
12.81347,225.979
12.82319,217.5467
12.83291,209.6016
12.84263,202.1069
12.85235,195.0292
12.86207,188.3383
12.8815,176.0142
12.90094,164.9286
12.92038,154.9262
12.93982,145.8702
12.95925,137.6489
12.97869,130.1551
12.99813,123.3091
13.01757,117.0381
13.037,111.2823
13.05644,105.9815
13.07588,101.0913
13.09532,96.57036
13.11475,92.38448
13.13419,88.49744
13.15363,84.88327
13.17307,81.51702
13.1925,78.37808
13.21194,75.4435
13.23138,72.69733
13.25082,70.1238
13.27025,67.70999
13.28969,65.44067
13.30913,63.30568
13.32857,61.29466
13.348,59.3992
13.36744,57.60883
13.38688,55.91687
13.42575,52.80143
13.46463,50.00217
13.5035,47.47945
13.54238,45.19742
13.58125,43.12803
13.62013,41.2453
13.659,39.52894
13.69788,37.95978
13.73675,36.52285
13.77563,35.20373
13.8145,33.99123
13.85338,32.87434
13.89225,31.84456
13.93113,30.89336
13.97,30.01421
14.00888,29.20044
14.04775,28.44698
14.08663,27.74853
14.1255,27.10114
14.16438,26.5006
14.20325,25.94376
14.24213,25.42727
14.281,24.94861
14.35875,24.09474
14.4365,23.36539
14.51425,22.74712
14.592,22.22928
14.66975,21.80353
14.7475,21.46346
14.82525,21.20437
14.903,21.02312
14.98075,20.91797
15.0585,20.8886
15.13625,20.93602
15.214,21.0627
15.29175,21.2726
15.3695,21.57145
15.44725,21.96689
15.525,22.46889
15.60275,23.09017
15.64163,23.45048
15.6805,23.84689
15.71938,24.28225
15.75825,24.75939
15.79713,25.28194
15.836,25.85347
15.87488,26.47856
15.91375,27.16179
15.95263,27.90902
15.9915,28.72611
16.03038,29.62063
16.06925,30.60019
16.10813,31.67461
16.147,32.85396
16.18588,34.1511
16.22475,35.57952
16.26363,37.15635
16.3025,38.8999
16.34138,40.8334
16.38025,42.98213
16.41913,45.37821
16.458,48.05725
16.49688,51.06465
16.51632,52.70738
16.53575,54.45175
16.55519,56.30796
16.57463,58.28435
16.59407,60.39116
16.6135,62.6385
16.63294,65.04128
16.65238,67.61236
16.67182,70.36737
16.69125,73.32217
16.71069,76.49937
16.73013,79.91947
16.74957,83.60723
16.769,87.58847
16.78844,91.89897
16.80788,96.57274
16.82732,101.6508
16.84675,107.1772
16.86619,113.2112
16.88563,119.8124
16.90507,127.0522
16.9245,135.0099
16.94394,143.7904
16.96338,153.5032
16.98282,164.2824
17.00225,176.2791
17.01197,182.7967
17.02169,189.6933
17.03141,196.9982
17.04113,204.7434
17.05085,212.964
17.06057,221.6987
17.07029,230.99
17.08,240.8742
17.08972,251.4236
17.09944,262.6855
17.10916,274.7235
17.11888,287.6081
17.1286,301.4176
17.13832,316.2394
17.14804,332.1707
17.15775,349.3023
17.16747,367.7914
17.17719,387.7576
17.18691,409.355
17.19663,432.7564
17.20635,458.1571
17.21607,485.7777
17.22093,500.4972
17.22579,515.8677
17.23065,531.9254
17.2355,548.674
17.24036,566.2235
17.24522,584.5842
17.25008,603.803
17.25494,623.9296
17.2598,645.0173
17.26466,667.1225
17.26952,690.3056
17.27438,714.631
17.27924,740.167
17.2841,766.9863
17.28896,795.1663
17.29382,824.7893
17.29868,855.9426
17.30354,888.7189
17.3084,923.216
17.31325,959.461
17.31811,997.7125
17.32297,1038.012
17.32783,1080.482
17.33269,1125.246
17.33755,1172.435
17.34241,1222.187
17.34727,1274.638
17.35213,1329.932
17.35699,1388.211
17.36185,1449.616
17.36671,1514.286
17.37157,1582.354
17.37643,1653.94
17.38129,1729.154
17.38615,1808.081
17.391,1890.607
17.39782,2013.043
17.40463,2142.66
17.41144,2279.308
17.41825,2422.363
17.42507,2571.046
17.43188,2723.467
17.43869,2877.872
17.4455,3031.724
17.45232,3182.128
17.45913,3324.998
17.46594,3456.504
17.47275,3572.379
17.47957,3668.542
17.48638,3740.901
17.49319,3786.553
17.5,3803.495
17.50682,3790.96
17.51363,3749.617
17.52044,3681.376
17.52725,3589.22
17.53407,3476.718
17.54088,3348.367
17.54769,3208.262
17.5545,3060.452
17.56132,2908.364
17.56813,2755.582
17.58175,2456.963
17.58857,2314.41
17.59538,2178.243
17.60219,2048.904
17.609,1926.749
17.61834,1771.079
17.62301,1698.337
17.62768,1628.91
17.63235,1562.709
17.63702,1499.634
17.64169,1439.575
17.64636,1382.414
17.65103,1328.028
17.6557,1276.295
17.66037,1227.093
17.66504,1180.299
17.67438,1093.462
17.68372,1014.872
17.69306,943.6818
17.7024,879.1195
17.71174,820.486
17.72108,767.1544
17.73042,718.5647
17.73976,674.2189
17.7491,633.675
17.75844,596.5408
17.76778,562.4688
17.77712,531.1509
17.78646,502.3143
17.7958,475.7164
17.80514,451.1421
17.81448,428.3999
17.82382,407.3194
17.83316,387.7483
17.8425,369.5512
17.85184,352.6063
17.86118,336.8049
17.87052,322.0493
17.87986,308.2516
17.8892,295.3328
17.89854,283.2215
17.90788,271.8534
17.91722,261.17
17.92656,251.1187
17.9359,241.6513
17.94524,232.7245
17.95458,224.2984
17.96392,216.3369
17.97326,208.807
17.9826,201.6785
18.00128,188.5175
18.01996,176.6588
18.03864,165.9379
18.05732,156.2152
18.076,147.3715
18.09468,139.3048
18.11336,131.9273
18.13204,125.1631
18.15072,118.9464
18.1694,113.2201
18.18808,107.934
18.20675,103.047
18.22543,98.51522
18.24411,94.30741
18.26279,90.39352
18.28147,86.74689
18.30015,83.3438
18.31883,80.1631
18.33751,77.18587
18.35619,74.39519
18.37487,71.77584
18.39355,69.31411
18.41223,66.99767
18.43091,64.81534
18.44959,62.75702
18.46827,60.81353
18.48695,58.97655
18.50563,57.23848
18.54299,54.03199
18.58035,51.14554
18.61771,48.53838
18.65507,46.17617
18.69243,44.02973
18.72979,42.07419
18.76715,40.28827
18.8045,38.6541
18.84186,37.155
18.87922,35.77776
18.91658,34.51051
18.95394,33.3429
18.9913,32.26593
19.02866,31.27176
19.06602,30.35352
19.10338,29.50524
19.14074,28.72169
19.1781,27.99838
19.21546,27.33144
19.25282,26.71759
19.29018,26.15406
19.32754,25.63864
19.3649,25.16962
19.40225,24.74591
19.43961,24.36664
19.47697,24.03185
19.51433,23.74211
19.55169,23.49874
19.58905,23.30397
19.62641,23.16105
19.66377,23.07463
19.70113,23.05112
19.73849,23.0992
19.77585,23.23072
19.81321,23.46176
19.83189,23.62125
19.85057,23.81456
19.86925,24.04586
19.88793,24.32013
19.90661,24.64332
19.92529,25.02262
19.94397,25.46674
19.96265,25.98634
19.98133,26.5945
20.0,27.3071
20.01999,28.20937
20.02998,28.72368
20.03997,29.28644
20.04996,29.90316
20.05995,30.58018
20.06994,31.32479
20.07993,32.14541
20.08992,33.05184
20.09991,34.05553
20.1099,35.16985
20.11989,36.41058
20.12988,37.79636
20.13987,39.34936
20.14986,41.09607
20.15985,43.06832
20.16985,45.30697
20.17485,46.53978
20.17984,47.85436
20.18484,49.26348
20.18983,50.7698
20.19483,52.38863
20.19982,54.12373
20.20482,55.99354
20.20981,58.00335
20.21481,60.17552
20.2198,62.51733
20.2248,65.05613
20.22979,67.80185
20.23479,70.78815
20.23978,74.02844
20.24478,77.56437
20.24977,81.41392
20.25477,85.62882
20.25976,90.2329
20.26476,95.29042
20.26975,100.8324
20.27475,106.9384
20.27974,113.6476
20.28474,121.0571
20.28973,129.214
20.29473,138.2334
20.29972,148.1663
20.30472,159.1414
20.30971,171.201
20.31471,184.4711
20.3197,198.9569
20.32347,210.7413
20.32724,223.2425
20.33101,236.4306
20.33478,250.2471
20.33855,264.597
20.34232,279.3417
20.34609,294.2926
20.34985,309.1666
20.35362,323.7435
20.35739,337.632
20.36116,350.4396
20.36493,361.7522
20.3687,371.1612
20.37247,378.2956
20.37624,382.8561
20.38,384.6446
20.38377,383.5972
20.38754,379.7633
20.39131,373.325
20.39508,364.5695
20.39885,353.8582
20.40262,341.5935
20.40639,328.1862
20.41015,314.0664
20.41392,299.5119
20.41769,284.8629
20.42146,270.3677
20.42523,256.2205
20.429,242.5655
20.43277,229.5027
20.43654,217.0963
20.4403,205.4107
20.44381,195.1327
20.44731,185.4864
20.45082,176.4032
20.45432,167.9148
20.45783,159.948
20.46133,152.5206
20.46483,145.5804
20.46833,139.0981
20.47184,133.0276
20.47534,127.3753
20.47885,122.081
20.48235,117.1491
20.48586,112.5265
20.48936,108.2164
20.49286,104.1835
20.49636,100.4078
20.49987,96.86081
20.50337,93.54538
20.50688,90.42646
20.51038,87.50706
20.51389,84.75677
20.51739,82.17867
20.52089,79.75312
20.52439,77.46946
20.5314,73.28362
20.53841,69.55831
20.54542,66.23407
20.55242,63.26428
20.55943,60.59729
20.56644,58.20066
20.57345,56.0427
20.58045,54.09881
20.58746,52.33997
20.59447,50.74882
20.60148,49.30771
20.60848,48.00312
20.61549,46.81798
20.6225,45.74259
20.62951,44.76673
20.63651,43.88263
20.64352,43.07986
20.65052,42.3538
20.66453,41.10361
20.67855,40.09034
20.69256,39.2832
20.70658,38.65566
20.72059,38.18864
20.73461,37.86591
20.74862,37.67585
20.76263,37.60905
20.77664,37.65886
20.79066,37.82091
20.80467,38.09229
20.81869,38.4725
20.8327,38.96162
20.84672,39.5626
20.86073,40.27828
20.87474,41.11442
20.88875,42.07794
20.90277,43.17848
20.91678,44.42518
20.9308,45.83276
20.94481,47.41468
20.95883,49.19155
20.97284,51.18261
20.98686,53.41646
21.00087,55.92044
21.01489,58.73439
21.0289,61.89749
21.04292,65.46593
21.04993,67.42028
21.05693,69.49662
21.06394,71.71065
21.07095,74.0703
21.07796,76.58749
21.08496,79.27144
21.09197,82.14439
21.09897,85.21427
21.10598,88.50781
21.11298,92.03563
21.11999,95.83009
21.127,99.91135
21.13401,104.3074
21.14101,109.0427
21.14802,114.1661
21.15503,119.7111
21.16204,125.723
21.16904,132.2431
21.17605,139.3484
21.18306,147.0963
21.19007,155.5629
21.19707,164.8213
21.20408,174.9979
21.21108,186.1786
21.21809,198.5286
21.22509,212.1665
21.2321,227.3107
21.23911,244.152
21.24262,253.2972
21.24612,262.9346
21.24962,273.1263
21.25312,283.9125
21.25663,295.37
21.26013,307.4804
21.26364,320.3641
21.26714,334.0026
21.27065,348.5339
21.27415,363.9395
21.27765,380.3294
21.28115,397.7787
21.28466,416.4233
21.28816,436.2443
21.29167,457.4495
21.29517,480.0188
21.29868,504.189
21.30218,529.9364
21.30568,557.4479
21.30918,586.8495
21.31269,618.3644
21.31619,651.9476
21.31969,687.8205
21.32319,726.1163
21.3267,767.0819
21.3302,810.5992
21.3337,856.8778
21.3372,905.9867
21.34113,964.5373
21.34505,1026.493
21.34898,1092.023
21.3529,1160.5
21.35683,1231.805
21.36075,1304.886
21.36468,1379.176
21.3686,1453.091
21.37253,1525.516
21.37645,1594.338
21.38038,1657.958
21.3843,1713.999
21.38823,1760.715
21.39215,1796.031
21.39608,1818.637
21.4,1827.441
21.40393,1822.12
21.40785,1802.987
21.41178,1770.851
21.4157,1727.295
21.41963,1673.893
21.42355,1612.91
21.42748,1546.076
21.4314,1475.674
21.43533,1403.102
21.43925,1330.236
21.4471,1187.541
21.45103,1119.402
21.45495,1054.366
21.45888,992.4195
21.4628,934.0508
21.46659,880.921
21.47038,831.0166
21.47417,784.261
21.47795,740.6511
21.48174,699.8171
21.48552,661.8209
21.48931,626.2997
21.49309,593.2781
21.49688,562.4199
21.50067,533.6585
21.50446,506.8436
21.50824,481.8964
21.51203,458.5516
21.51581,436.8075
21.5196,416.4333
21.52338,397.4286
21.52717,379.5935
21.53096,362.8878
21.53475,347.2265
21.53853,332.569
21.54232,318.7665
21.5461,305.8257
21.54989,293.6181
21.55367,282.1524
21.55746,271.3171
21.56124,261.1227
21.56503,251.472
21.56881,242.3765
21.5726,233.7515
21.57638,225.6089
21.58395,210.5621
21.59153,196.9994
21.5991,184.7696
21.60667,173.6938
21.61424,163.6351
21.62182,154.4637
21.62939,146.102
21.63696,138.4493
21.64453,131.4289
21.65211,124.9658
21.65968,119.0187
21.66725,113.5275
21.67482,108.4473
21.68239,103.7385
21.68996,99.36591
21.69753,95.29856
21.7051,91.50881
21.71268,87.96756
21.72025,84.66217
21.72782,81.56817
21.73539,78.66791
21.74297,75.94208
21.75054,73.3836
21.75811,70.97587
21.76568,68.70724
21.77326,66.56444
21.78083,64.54354
21.7884,62.6329
21.79597,60.82462
21.81111,57.48685
21.82625,54.47951
21.8414,51.75833
21.85654,49.29093
21.87168,47.0449
21.88682,44.99424
21.90197,43.11543
21.91711,41.39172
21.93225,39.80519
21.94739,38.34142
21.96254,36.98697
21.97768,35.73262
21.99283,34.56703
22.00797,33.48323
22.02312,32.47227
22.03826,31.52883
22.0534,30.64627
22.06854,29.81934
22.08369,29.04283
22.09883,28.31354
22.11398,27.6267
22.12912,26.97982
22.14427,26.36897
22.15941,25.79217
22.18969,24.72965
22.21998,23.77406
22.25027,22.91127
22.28056,22.12918
22.31084,21.41782
22.34113,20.76816
22.37141,20.17329
22.4017,19.62659
22.43198,19.12306
22.46227,18.65774
22.49256,18.22681
22.52285,17.82677
22.55313,17.45472
22.58342,17.10771
22.61371,16.78354
22.644,16.48015
22.67428,16.19578
22.70457,15.92863
22.73486,15.67735
22.79543,15.21741
22.856,14.80709
22.91657,14.43928
22.97715,14.10816
23.03772,13.80909
23.09829,13.53814
23.15886,13.29208
23.21944,13.0682
23.28001,12.86436
23.34058,12.67869
23.40115,12.5097
23.46173,12.35613
23.5223,12.21708
23.58288,12.09176
23.64345,11.97969
23.70403,11.88054
23.7646,11.79425
23.82517,11.72093
23.88574,11.66097
23.94632,11.61501
24.00689,11.58408
24.06747,11.56954
24.12804,11.5733
24.18862,11.59786
24.24919,11.64657
24.27948,11.6813
24.30976,11.72383
24.34005,11.77495
24.37033,11.83553
24.40062,11.90669
24.43091,11.98962
24.4612,12.08578
24.49148,12.1968
24.52177,12.32477
24.55206,12.472
24.58235,12.64131
24.61263,12.83602
24.64292,13.06031
24.67321,13.31907
24.7035,13.61832
24.71864,13.78534
24.73378,13.96539
24.74893,14.15982
24.76407,14.36974
24.77921,14.59679
24.79435,14.84269
24.8095,15.10956
24.82464,15.39925
24.83978,15.71441
24.85492,16.05789
24.87007,16.43317
24.88521,16.84348
24.90036,17.29364
24.9155,17.78801
24.93065,18.33297
24.94579,18.93448
24.96093,19.60071
24.97607,20.34084
24.99122,21.16629
25.00636,22.08893
25.0215,23.12469
25.02907,23.69066
25.03664,24.29215
25.04422,24.93299
25.05179,25.61474
25.05936,26.3418
25.06693,27.11816
25.0745,27.94823
25.08207,28.83694
25.08964,29.78978
25.09721,30.81288
25.10479,31.91461
25.11236,33.0998
25.11993,34.37853
25.1275,35.76061
25.13508,37.25917
25.14265,38.88288
25.15022,40.64795
25.15779,42.57072
25.16537,44.67281
25.17294,46.97016
25.18051,49.4902
25.18808,52.26151
25.19565,55.31727
25.20322,58.69607
25.21079,62.443
25.21836,66.61087
25.22215,68.87473
25.22594,71.2683
25.22973,73.80115
25.23351,76.4764
25.2373,79.31952
25.24108,82.3278
25.24487,85.5306
25.24865,88.92563
25.25244,92.54688
25.25622,96.39269
25.26001,100.5025
25.26379,104.8756
25.26758,109.5578
25.27136,114.5494
25.27515,119.9042
25.27893,125.6236
25.28272,131.7705
25.28651,138.3658
25.2903,145.4483
25.29408,153.0391
25.29787,161.2241
25.30165,170.0084
25.30544,179.4911
25.30922,189.6778
25.31301,200.681
25.31679,212.5038
25.32058,225.2714
25.32436,238.9791
25.32815,253.7602
25.33193,269.5928
25.33572,286.6085
25.3395,304.7517
25.34329,324.1334
25.34707,344.6384
25.35085,366.2672
25.35463,388.9229
25.35841,412.4494
25.36219,436.6194
25.36597,461.123
25.36975,485.5607
25.37354,509.5035
25.37732,532.2477
25.3811,553.2152
25.38488,571.7289
25.38866,587.1205
25.39244,598.7834
25.39622,606.2284
25.4,609.1331
25.40379,607.366
25.40757,601.0312
25.41135,590.4285
25.41513,576.0265
25.41891,558.4159
25.42269,538.2547
25.42647,516.2145
25.43025,492.9367
25.43404,468.9366
25.43782,444.8389
25.4416,420.9883
25.44538,397.7029
25.44916,375.2195
25.45294,353.7031
25.45672,333.259
25.4605,313.9446
25.46536,290.7998
25.47021,269.5708
25.47506,250.1343
25.47991,232.3861
25.48476,216.2061
25.48961,201.4684
25.49446,188.0474
25.49931,175.8223
25.50416,164.6797
25.50901,154.5146
25.51386,145.231
25.51871,136.7415
25.52356,128.9675
25.52841,121.8383
25.53326,115.2905
25.53811,109.2673
25.54297,103.7071
25.54782,98.58735
25.55267,93.85571
25.55752,89.47603
25.56237,85.41597
25.56722,81.64661
25.57207,78.14201
25.57692,74.87893
25.58177,71.83651
25.58662,68.99594
25.59147,66.34034
25.59632,63.85448
25.60117,61.52459
25.60602,59.33822
25.61087,57.28412
25.61572,55.35207
25.62058,53.52914
25.62543,51.8144
25.63028,50.1963
25.63513,48.66784
25.63998,47.22262
25.64483,45.8548
25.65453,43.33038
25.66423,41.05685
25.67393,39.00235
25.68363,37.13987
25.69333,35.44635
25.70303,33.90207
25.71273,32.49006
25.72243,31.19568
25.73213,30.00624
25.74183,28.9107
25.75153,27.89942
25.76123,26.96396
25.77093,26.09692
25.78064,25.29094
25.79034,24.54192
25.80004,23.84386
25.80974,23.19221
25.81944,22.58292
25.82914,22.01236
25.83884,21.47729
25.84854,20.97478
25.85825,20.50176
25.86795,20.05682
25.87765,19.63732
25.88735,19.24135
25.90675,18.5131
25.92615,17.85985
25.94556,17.2712
25.96496,16.73925
25.98436,16.25654
26.00376,15.81705
26.02316,15.41563
26.04256,15.04789
26.06196,14.71004
26.08136,14.39883
26.10077,14.11128
26.12017,13.84524
26.13957,13.59841
26.15897,13.36889
26.17838,13.15493
26.19778,12.95528
26.21718,12.76854
26.23658,12.59356
26.25599,12.42924
26.27539,12.27482
26.29479,12.12941
26.31419,11.99227
26.35299,11.74024
26.39179,11.5142
26.4306,11.31038
26.4694,11.12581
26.50821,10.95786
26.54701,10.80447
26.58582,10.66376
26.62462,10.5343
26.66342,10.41474
26.70222,10.30397
26.74103,10.20101
26.77983,10.10508
26.81864,10.01543
26.85744,9.931459
26.89625,9.852591
26.93505,9.778381
27.01265,9.642225
27.09026,9.520115
27.16787,9.409818
27.24548,9.309535
27.32308,9.217819
27.40069,9.133463
27.4783,9.055496
27.55591,8.983107
27.63351,8.915626
27.71112,8.852462
27.78873,8.793139
27.86634,8.737243
27.94394,8.684424
28.09916,8.586801
28.25437,8.498282
28.40959,8.417321
28.5648,8.342736
28.72002,8.273575
28.87523,8.209092
29.03045,8.148663
29.18566,8.091793
29.34088,8.038057
29.49609,7.98711
29.65131,7.93865
29.80652,7.89243
30.11695,7.805861
30.42738,7.725989
30.73781,7.65173
31.04824,7.582236
31.35867,7.51683
31.6691,7.454965
31.97953,7.396187
32.28996,7.340122
32.60039,7.286455
32.91082,7.234919
33.22125,7.185288
33.53168,7.137368
33.84211,7.090996
34.15254,7.046035
34.46297,7.002366
34.7734,6.959895
35.08383,6.918552
35.39425,6.878281
35.70468,6.839051
36.01511,6.800858
36.32554,6.763718
36.63597,6.727683
36.9464,6.692841
37.25683,6.659325
37.56726,6.627325
37.87769,6.5971
38.18812,6.569004
38.34334,6.555895
38.49855,6.543507
38.65377,6.531923
38.80898,6.521241
38.9642,6.511571
39.11941,6.503044
39.27463,6.49581
39.42984,6.490043
39.58506,6.485948
39.74027,6.483759
39.89549,6.483753
40.0507,6.486255
40.20592,6.491646
40.36113,6.500376
40.51635,6.512977
40.67156,6.530082
40.82678,6.552452
40.98199,6.58099
41.13721,6.616798
41.29242,6.6612
41.44764,6.715826
41.52525,6.747579
41.60285,6.782664
41.68046,6.821416
41.75807,6.864192
41.83568,6.911396
41.91328,6.963477
41.99089,7.020957
42.0685,7.084406
42.14611,7.15447
42.22371,7.231876
42.30132,7.317478
42.37893,7.412214
42.45654,7.517169
42.53414,7.633571
42.61175,7.762875
42.68936,7.906715
42.76697,8.066995
42.84457,8.245906
42.92218,8.446079
42.99979,8.670521
43.0774,8.922802
43.155,9.207106
43.23261,9.528532
43.31022,9.893061
43.34903,10.09372
43.38783,10.30794
43.42663,10.5369
43.46543,10.78188
43.50424,11.04434
43.54304,11.32572
43.58185,11.62788
43.62065,11.9526
43.65946,12.3022
43.69826,12.67889
43.73706,13.08545
43.77586,13.52492
43.81467,14.00086
43.85347,14.51685
43.89228,15.07755
43.93108,15.68765
43.96989,16.35311
44.00869,17.08012
44.04749,17.87627
44.08629,18.75016
44.1251,19.71199
44.1639,20.77283
44.20271,21.9467
44.24151,23.24881
44.28032,24.69851
44.31912,26.3171
44.35792,28.13128
44.37732,29.12134
44.39672,30.1726
44.41613,31.29063
44.43553,32.47976
44.45493,33.7466
44.47433,35.09786
44.49374,36.54171
44.51314,38.08493
44.53254,39.73743
44.55194,41.50943
44.57135,43.41342
44.59075,45.46031
44.61015,47.66546
44.62955,50.04517
44.64895,52.61784
44.66835,55.40431
44.68775,58.42832
44.69745,60.03771
44.70715,61.71692
44.71686,63.4718
44.72656,65.30301
44.73626,67.21694
44.74596,69.21852
44.75566,71.31304
44.76536,73.50622
44.77506,75.80422
44.78476,78.21366
44.79447,80.74436
44.80417,83.39886
44.81387,86.18807
44.82357,89.12104
44.83327,92.20761
44.84297,95.45844
44.85267,98.88515
44.86237,102.5004
44.87208,106.3219
44.88178,110.357
44.89148,114.6259
44.90118,119.1465
44.91088,123.9386
44.92058,129.0241
44.93028,134.4266
44.93998,140.1727
44.94968,146.2912
44.95938,152.8145
44.96908,159.7783
44.97878,167.2221
44.98848,175.1901
44.99818,183.7314
45.00788,192.9013
45.01758,202.7612
45.02729,213.3921
45.03699,224.85
45.04669,237.2337
45.05639,250.643
45.06609,265.1915
45.07579,281.0081
45.08549,298.2405
45.09519,317.0576
45.10004,327.1202
45.10489,337.654
45.10974,348.6883
45.11459,360.254
45.11944,372.3848
45.12429,385.1171
45.12914,398.4898
45.13399,412.5451
45.13884,427.3288
45.14369,442.8902
45.14854,459.2828
45.15339,476.5644
45.15824,494.7983
45.16309,514.0525
45.16794,534.4016
45.17279,555.9265
45.17765,578.7638
45.1825,602.9157
45.18735,628.5332
45.1922,655.7312
45.19705,684.6353
45.2019,715.3832
45.20675,748.1259
45.2116,783.029
45.21645,820.2745
45.2213,860.0621
45.22615,902.6117
45.231,948.1652
45.23585,996.989
45.2407,1049.376
45.24555,1105.65
45.2504,1166.165
45.25525,1231.313
45.2601,1301.525
45.26495,1377.271
45.2698,1459.071
45.27465,1547.489
45.2795,1643.14
45.28435,1746.691
45.2892,1858.861
45.29405,1980.414
45.2989,2112.158
45.30375,2254.931
45.3086,2409.584
45.31345,2576.953
45.3183,2757.823
45.32315,2952.872
45.328,3162.599
45.3325,3370.52
45.337,3591.157
45.3415,3823.995
45.346,4068.013
45.3505,4321.55
45.355,4582.178
45.364,5110.475
45.3685,5368.581
45.373,5614.705
45.3775,5841.927
45.382,6042.942
45.3865,6210.53
45.391,6338.126
45.3955,6420.417
45.4,6453.886
45.4045,6437.182
45.409,6371.273
45.4135,6259.324
45.418,6106.346
45.4225,5918.673
45.427,5703.369
45.4315,5467.661
45.436,5218.454
45.445,4703.626
45.454,4197.849
45.4585,3956.438
45.463,3725.329
45.4675,3505.666
45.472,3298.08
45.47643,3105.739
45.48085,2925.638
45.48527,2757.052
45.48969,2599.555
45.49412,2452.312
45.49854,2315.408
45.50296,2187.901
45.50738,2069.181
45.51181,1958.411
45.51623,1855.505
45.52065,1759.653
45.52507,1670.33
45.52949,1587.043
45.53391,1509.334
45.53833,1436.776
45.54275,1368.975
45.54718,1305.427
45.5516,1246.082
45.55602,1190.485
45.56044,1138.351
45.56487,1089.313
45.56929,1043.353
45.57371,1000.138
45.57813,959.4673
45.58256,921.0718
45.58698,884.9554
45.5914,850.8735
45.59582,818.6834
45.60024,788.254
45.60466,759.4644
45.60908,732.2038
45.6135,706.3698
45.62235,658.5606
45.63119,615.474
45.64004,576.4394
45.64888,541.0545
45.65773,508.8177
45.66657,479.4385
45.67541,452.5649
45.68425,427.9247
45.6931,405.2562
45.70194,384.4035
45.71079,365.1375
45.71963,347.3424
45.72848,330.8371
45.73732,315.535
45.74616,301.3068
45.755,288.0551
45.76385,275.6794
45.77269,264.1304
45.78154,253.3122
45.79038,243.1872
45.79923,233.6764
45.80807,224.7514
45.81691,216.3553
45.82575,208.4474
45.8346,200.9823
45.84344,193.9432
45.85229,187.2836
45.86113,180.9905
45.86998,175.0242
45.87882,169.3751
45.8965,158.9245
45.91419,149.477
45.93188,140.9126
45.94957,133.124
45.96725,126.0235
45.98494,119.5249
46.00263,113.5648
46.02032,108.0848
46.038,103.0372
46.05569,98.37205
46.07338,94.05371
46.09107,90.04832
46.10875,86.32806
46.12644,82.8624
46.14413,79.63016
46.16182,76.61059
46.1795,73.78674
46.19719,71.13892
46.21488,68.65399
46.23257,66.31867
46.25025,64.12222
46.26794,62.05138
46.28563,60.09773
46.30332,58.25241
46.321,56.50842
46.33869,54.8565
46.35638,53.29105
46.39175,50.39673
46.42713,47.78148
46.4625,45.41119
46.49788,43.25446
46.53325,41.28699
46.56863,39.48583
46.604,37.83327
46.63938,36.31221
46.67475,34.90954
46.71013,33.61226
46.7455,32.4105
46.78088,31.29425
46.81625,30.25596
46.85163,29.28781
46.887,28.38395
46.92238,27.53818
46.95775,26.74593
46.99313,26.00224
47.0285,25.30347
47.06388,24.64561
47.09925,24.02576
47.13463,23.44065
47.17,22.88793
47.20538,22.36489
47.24075,21.86965
47.27613,21.39992
47.3115,20.95419
47.38225,20.1277
47.453,19.37861
47.52375,18.69719
47.5945,18.07522
47.66525,17.50569
47.736,16.98263
47.80675,16.5009
47.8775,16.05605
47.94825,15.64425
48.019,15.26213
48.08975,14.90679
48.1605,14.57562
48.23125,14.26638
48.302,13.97706
48.37275,13.7059
48.4435,13.45132
48.51425,13.2119
48.585,12.98639
48.65575,12.77367
48.7265,12.57273
48.79725,12.38265
48.868,12.20261
48.93875,12.03187
49.0095,11.86975
49.151,11.56898
49.2925,11.29602
49.434,11.0473
49.5755,10.81983
49.717,10.61108
49.8585,10.4189
50.0,10.24146
50.11136,10.11114
50.22271,9.988319
50.33406,9.872381
50.44541,9.762798
50.55677,9.659088
50.66812,9.560845
50.77947,9.46768
50.89082,9.379255
51.00218,9.295259
51.11353,9.215435
51.33623,9.067348
51.55893,8.933368
51.78163,8.812254
52.00434,8.703102
52.22704,8.605337
52.33839,8.56063
52.44974,8.518696
52.56109,8.479557
52.67244,8.443261
52.7838,8.409874
52.89515,8.379504
53.0065,8.352281
53.11785,8.328379
53.2292,8.30801
53.34055,8.291436
53.4519,8.27898
53.56325,8.27103
53.67461,8.268055
53.78596,8.270624
53.89731,8.27942
54.00866,8.295267
54.12002,8.319171
54.23137,8.352343
54.34272,8.396268
54.45407,8.452771
54.50975,8.486424
54.56543,8.524107
54.62111,8.566184
54.67678,8.61306
54.73246,8.665212
54.78813,8.723141
54.84381,8.787451
54.89948,8.858779
54.95516,8.937897
55.01083,9.025624
55.06651,9.122959
55.12218,9.230967
55.17786,9.350951
55.23353,9.484321
55.28921,9.6328
55.34488,9.798275
55.40056,9.983063
55.45624,10.18977
55.51192,10.4215
55.56759,10.68184
55.62327,10.9752
55.67894,11.30664
55.73462,11.68244
55.76246,11.88923
55.79029,12.10993
55.81813,12.34587
55.84597,12.59829
55.87381,12.86864
55.90164,13.15843
55.92948,13.46965
55.95732,13.80421
55.98516,14.16434
56.01299,14.5524
56.04083,14.97148
56.06867,15.42463
56.09651,15.91541
56.12434,16.44769
56.15218,17.02645
56.18002,17.65676
56.20786,18.34463
56.23569,19.09666
56.26353,19.92134
56.29137,20.82757
56.31921,21.82602
56.34705,22.92913
56.37489,24.15146
56.40273,25.51016
56.43057,27.02556
56.4584,28.72118
56.47232,29.64594
56.48624,30.62721
56.50016,31.66955
56.51408,32.77797
56.528,33.95803
56.54192,35.21584
56.55584,36.55821
56.56975,37.99161
56.58367,39.52645
56.59759,41.17112
56.61151,42.93603
56.62543,44.83289
56.63935,46.87487
56.65327,49.07671
56.66719,51.45514
56.6811,54.02713
56.69502,56.81784
56.70894,59.84995
56.72286,63.15138
56.73678,66.75419
56.7507,70.69526
56.76462,75.01719
56.77854,79.76935
56.79245,85.00537
56.80637,90.80003
56.82029,97.22883
56.82725,100.7096
56.83421,104.3852
56.84117,108.2701
56.84813,112.38
56.85509,116.7321
56.86205,121.3455
56.86901,126.2408
56.87597,131.4408
56.88293,136.9705
56.88989,142.8575
56.89685,149.1324
56.9038,155.8191
56.91076,162.9739
56.91772,170.6293
56.92468,178.8312
56.93164,187.6311
56.9386,197.0864
56.94556,207.2611
56.95252,218.2274
56.95948,230.0658
56.96644,242.8672
56.9734,256.734
56.98036,271.782
56.98732,288.142
56.99428,305.9625
57.00124,325.4124
57.0082,346.6839
57.01515,369.9611
57.02211,395.5608
57.02907,423.7374
57.03255,438.8926
57.03603,454.8185
57.03951,471.5634
57.04299,489.1792
57.04647,507.7214
57.04995,527.2492
57.05343,547.8261
57.05691,569.5198
57.06039,592.4027
57.06387,616.552
57.06735,642.0498
57.07083,668.9837
57.07431,697.4464
57.07779,727.5362
57.08127,759.3571
57.08475,793.0183
57.08823,828.6342
57.09171,866.3242
57.09519,906.2122
57.09867,948.425
57.10215,993.092
57.10563,1040.343
57.10911,1090.306
57.11259,1143.105
57.11607,1198.856
57.11955,1257.662
57.12303,1319.61
57.1265,1384.567
57.1311,1475.629
57.13569,1572.065
57.14029,1674.073
57.14488,1780.766
57.14948,1891.883
57.15407,2005.883
57.16325,2237.045
57.16785,2350.28
57.17244,2458.066
57.17704,2557.84
57.18163,2645.973
57.18623,2719.681
57.19082,2775.77
57.19541,2812.093
57.2,2827.106
57.2046,2820.176
57.20919,2791.745
57.21379,2743.069
57.21838,2676.544
57.22298,2594.649
57.22757,2500.828
57.23216,2398.067
57.23675,2289.377
57.24594,2064.482
57.25513,1843.427
57.25973,1737.775
57.26432,1636.834
57.26891,1540.874
57.2735,1450.174
57.27883,1351.572
57.28416,1260.128
57.28949,1175.612
57.29481,1097.83
57.30014,1026.09
57.30546,960.2357
57.31079,899.583
57.31611,843.9329
57.32144,792.6656
57.32676,745.5874
57.33209,702.1609
57.33741,662.2169
57.34274,625.3004
57.34806,591.2722
57.35339,559.7511
57.35871,530.6265
57.36404,503.5812
57.36936,478.5292
57.37469,455.2066
57.38001,433.548
57.38534,413.3333
57.39066,394.5136
57.39599,376.9047
57.40131,360.4708
57.40664,345.0572
57.41196,330.6379
57.41729,317.0825
57.42261,304.3728
57.42794,292.3982
57.43326,281.1463
57.43859,270.5227
57.44391,260.5198
57.44924,251.0565
57.45457,242.1123
57.4599,233.6509
57.46522,225.6534
57.47587,210.8688
57.48652,197.5428
57.49717,185.4924
57.50782,174.562
57.51847,164.6186
57.52912,155.548
57.53977,147.2518
57.55042,139.645
57.56107,132.6536
57.57172,126.2135
57.58237,120.2683
57.59302,114.7689
57.60367,109.6717
57.61432,104.9387
57.62498,100.5318
57.63563,96.42944
57.64628,92.60053
57.65693,89.02128
57.66758,85.67039
57.67823,82.5288
57.68888,79.57936
57.69953,76.80664
57.71018,74.19676
57.72083,71.73713
57.73148,69.41637
57.74213,67.22417
57.75278,65.15111
57.76343,63.18868
57.78473,59.56517
57.80603,56.29896
57.82733,53.34419
57.84863,50.66209
57.86993,48.21979
57.89123,45.98921
57.91253,43.94627
57.93383,42.07025
57.95513,40.3432
57.97644,38.74882
57.99774,37.275
58.01904,35.90906
58.04034,34.64056
58.06164,33.46029
58.08294,32.36011
58.10424,31.3328
58.12554,30.37193
58.14684,29.4718
58.16814,28.62728
58.18944,27.83378
58.21074,27.08719
58.23204,26.3838
58.25334,25.72025
58.27464,25.09353
58.29594,24.50089
58.31725,23.93958
58.33855,23.40787
58.38115,22.42436
58.42375,21.53561
58.46635,20.72949
58.50895,19.99581
58.55155,19.32584
58.59415,18.7122
58.63675,18.14854
58.67936,17.62927
58.72196,17.1499
58.76456,16.70618
58.80716,16.29454
58.84977,15.91172
58.89237,15.55516
58.93497,15.22232
58.97757,14.91106
59.02018,14.61937
59.06278,14.34571
59.10538,14.08849
59.14798,13.84633
59.19058,13.61802
59.23318,13.40248
59.27578,13.19869
59.31838,13.00579
59.36099,12.8229
59.40359,12.64938
59.48879,12.32773
59.57399,12.03613
59.65919,11.7707
59.7444,11.52813
59.8296,11.30572
59.9148,11.10108
60.0,10.91221
60.08467,10.73842
60.16934,10.57702
60.25401,10.42673
60.33868,10.28645
60.42335,10.15521
60.50802,10.03215
60.59269,9.916508
60.67735,9.807639
60.76202,9.704924
60.84669,9.607849
60.93136,9.515942
61.01603,9.428783
61.1007,9.345994
61.18537,9.267235
61.3547,9.120612
61.52404,8.986776
61.69338,8.863986
61.86272,8.750787
62.03205,8.645969
62.20139,8.548493
62.37073,8.457497
62.54007,8.372237
62.7094,8.292083
62.87874,8.216476
63.04808,8.144946
63.21742,8.077079
63.38675,8.01252
63.55609,7.950944
63.72543,7.892079
63.89477,7.83568
64.0641,7.781534
64.23344,7.729447
64.40278,7.679254
64.57212,7.630808
64.74145,7.583981
64.91079,7.538657
65.08013,7.494743
65.24947,7.452156
65.4188,7.410831
65.58814,7.370711
65.75748,7.331762
65.92682,7.293962
66.09615,7.257311
66.26549,7.22182
66.43483,7.187532
66.60417,7.154514
66.7735,7.122872
66.94284,7.092744
67.11218,7.064329
67.28152,7.037895
67.45085,7.013796
67.62019,6.992507
67.78953,6.974665
67.8742,6.967294
67.95887,6.961128
68.04354,6.956325
68.1282,6.953066
68.21287,6.951568
68.29754,6.952084
68.38221,6.954919
68.46688,6.960432
68.55155,6.969057
68.63622,6.981312
68.72089,6.99783
68.80555,7.019377
68.89022,7.046904
68.97489,7.081578
69.05956,7.124858
69.1019,7.150287
69.14423,7.178587
69.18657,7.21008
69.2289,7.245103
69.27124,7.284068
69.31357,7.327414
69.35591,7.37568
69.39824,7.42944
69.44057,7.489392
69.4829,7.556333
69.52524,7.631203
69.56757,7.715045
69.60991,7.809162
69.65224,7.914995
69.69458,8.034354
69.73691,8.169273
69.77925,8.322325
69.82158,8.496452
69.84275,8.59257
69.86392,8.695399
69.88509,8.805525
69.90625,8.923539
69.92742,9.050275
69.94859,9.186485
69.96976,9.333067
69.99092,9.490948
70.01209,9.661407
70.03326,9.84564
70.05443,10.04508
70.07559,10.26124
70.09676,10.49616
70.11792,10.75171
70.13909,11.03052
70.16025,11.33506
70.18142,11.66876
70.20259,12.03511
70.22376,12.43832
70.24492,12.88309
70.26609,13.37554
70.28726,13.92221
70.30843,14.53105
70.32959,15.21117
70.35076,15.97447
70.36135,16.39153
70.37193,16.83419
70.38252,17.30544
70.3931,17.80674
70.40368,18.34114
70.41426,18.91153
70.42485,19.52171
70.43543,20.17411
70.44602,20.87396
70.4566,21.62438
70.46719,22.43179
70.47777,23.30028
70.48835,24.23687
70.49893,25.24869
70.50952,26.34488
70.5201,27.53249
70.53069,28.82424
70.54127,30.2296
70.55186,31.76488
70.56244,33.4429
70.57302,35.28317
70.5836,37.30669
70.59419,39.54017
70.60477,42.00795
70.61536,44.74836
70.62594,47.79582
70.63124,49.45317
70.63653,51.20312
70.64182,53.05602
70.64711,55.01982
70.6524,57.10327
70.65769,59.31596
70.66298,61.66841
70.66827,64.17224
70.67357,66.84545
70.67886,69.69209
70.68415,72.73266
70.68944,75.98446
70.69474,79.47351
70.70003,83.20799
70.70532,87.21799
70.71061,91.53001
70.71591,96.18268
70.7212,101.1916
70.72649,106.6022
70.73178,112.4561
70.73707,118.7998
70.74236,125.6861
70.74765,133.174
70.75294,141.3303
70.75824,150.2477
70.76089,155.0127
70.76353,159.978
70.76618,165.1935
70.76882,170.633
70.77147,176.3518
70.77411,182.3214
70.77676,188.6027
70.7794,195.1652
70.78205,202.076
70.78469,209.3018
70.78734,216.9173
70.78998,224.8858
70.79263,233.2897
70.79527,242.089
70.79792,251.3748
70.80057,261.1404
70.80322,271.4127
70.80586,282.1779
70.80851,293.5466
70.81115,305.4627
70.8138,318.0469
70.81644,331.2353
70.81909,345.1589
70.82173,359.7434
70.82438,375.1295
70.82702,391.2299
70.82967,408.1931
70.83231,425.9146
70.83496,444.548
70.8376,463.9666
70.83955,478.8623
70.8415,494.2274
70.84345,510.0583
70.8454,526.3482
70.84735,543.0862
70.8493,560.2565
70.85125,577.8385
70.8532,595.8055
70.8571,632.7553
70.861,670.7546
70.8649,709.3226
70.8688,747.8368
70.8727,785.5297
70.8766,821.4991
70.8805,854.737
70.8844,884.1773
70.8883,908.7654
70.8922,927.5408
70.8961,939.7251
70.9,944.8004
70.9039,942.5648
70.9078,933.1547
70.9117,917.0272
70.9156,894.9095
70.9195,867.7224
70.9234,836.4944
70.9273,802.2782
70.9312,766.0803
70.9351,728.8108
70.939,691.2518
70.9468,617.6949
70.9507,582.5744
70.9546,548.9462
70.9585,516.9785
70.9624,486.764
70.96624,458.7599
70.97008,432.4778
70.97392,407.8771
70.97776,384.8963
70.9816,363.4595
70.98544,343.4832
70.98928,324.8793
70.99311,307.6023
70.99695,291.4747
71.00079,276.4585
71.00463,262.4723
71.00846,249.4724
71.0123,237.3191
71.01614,225.9803
71.01998,215.3936
71.02381,205.5263
71.02765,196.2737
71.03149,187.6133
71.03533,179.5
71.03916,171.9116
71.043,164.7704
71.04684,158.0621
71.05068,151.7545
71.05451,145.8334
71.05835,140.2408
71.06219,134.968
71.06603,129.9923
71.06986,125.3047
71.0737,120.8616
71.07754,116.6579
71.08138,112.6775
71.08521,108.9149
71.09289,101.9404
71.10057,95.64725
71.10825,89.95178
71.11592,84.78888
71.1236,80.08366
71.13127,75.79552
71.13895,71.86749
71.14662,68.2701
71.1543,64.95939
71.16197,61.91379
71.16965,59.09892
71.17732,56.49888
71.185,54.08641
71.19267,51.84972
71.20035,49.76695
71.20802,47.82931
71.2157,46.01909
71.22338,44.32755
71.23106,42.74458
71.23873,41.26297
71.24641,39.87069
71.25408,38.56407
71.26176,37.33306
71.26943,36.1749
71.27711,35.08115
71.28478,34.04975
71.29246,33.07354
71.30013,32.151
71.31548,30.44747
71.33083,28.91316
71.34618,27.52625
71.36153,26.26831
71.37688,25.12372
71.39223,24.07912
71.40758,23.1231
71.42293,22.2458
71.43828,21.43871
71.45363,20.69445
71.46899,20.00615
71.48434,19.36906
71.49969,18.77775
71.51504,18.22789
71.53039,17.71563
71.54574,17.23754
71.56109,16.79061
71.57644,16.37212
71.59179,15.97968
71.60714,15.61111
71.62249,15.26447
71.63784,14.93802
71.65319,14.63018
71.66854,14.33953
71.68389,14.06478
71.69924,13.80476
71.72995,13.32461
71.76065,12.89195
71.79135,12.50041
71.82205,12.1448
71.85275,11.8207
71.88345,11.52437
71.91415,11.25261
71.94485,11.00266
71.97556,10.7721
72.00626,10.55901
72.03696,10.36153
72.06766,10.17809
72.09837,10.00728
72.12907,9.847997
72.15977,9.69913
72.19047,9.559734
72.22118,9.428932
72.25188,9.306067
72.28258,9.19043
72.31328,9.081426
72.37468,8.881236
72.43608,8.701832
72.49749,8.540199
72.55889,8.393927
72.62029,8.26095
72.68169,8.139563
72.7431,8.028317
72.8045,7.926042
72.8659,7.831689
72.9273,7.744381
72.98871,7.663354
73.05011,7.587985
73.11152,7.517689
73.17292,7.452004
73.29573,7.332777
73.41853,7.227532
73.54134,7.134116
73.66414,7.0509
73.78695,6.976606
73.90975,6.910279
74.03256,6.851185
74.15537,6.798803
74.27818,6.752782
74.40098,6.712929
74.52379,6.679181
74.64659,6.651621
74.7694,6.630467
74.8922,6.616082
75.01501,6.608985
75.13782,6.609871
75.26063,6.619636
75.38343,6.639416
75.50624,6.670633
75.62904,6.715052
75.75185,6.774877
75.81325,6.811393
75.87465,6.852834
75.93606,6.899657
75.99746,6.952351
76.05887,7.011496
76.12027,7.077708
76.18168,7.151722
76.24308,7.234318
76.30448,7.326417
76.36588,7.42905
76.42729,7.543404
76.48869,7.670776
76.55009,7.812705
76.61149,7.970931
76.6729,8.147485
76.7343,8.344617
76.7957,8.565021
76.8571,8.811796
76.91851,9.088599
76.97991,9.399568
77.04132,9.74978
77.10272,10.145
77.16413,10.59233
77.22553,11.09998
77.28693,11.67804
77.31763,11.99716
77.34833,12.33862
77.37904,12.70448
77.40974,13.09663
77.44044,13.51756
77.47114,13.96992
77.50184,14.45664
77.53254,14.981
77.56324,15.5467
77.59394,16.15783
77.62465,16.81927
77.65535,17.53583
77.68605,18.31361
77.71675,19.15934
77.74745,20.08064
77.77815,21.08623
77.80885,22.18608
77.8242,22.77488
77.83955,23.39167
77.85491,24.03859
77.87026,24.71664
77.88561,25.42824
77.90096,26.17548
77.91631,26.96072
77.93166,27.78641
77.94701,28.65527
77.96236,29.57022
77.97772,30.53507
77.99307,31.55201
78.00842,32.62539
78.02377,33.7593
78.03912,34.95817
78.05447,36.22685
78.06982,37.57066
78.08517,38.9954
78.10053,40.50847
78.11588,42.11489
78.13123,43.82333
78.14658,45.64232
78.16193,47.58121
78.17728,49.65041
78.19263,51.86146
78.20798,54.22716
78.22333,56.76175
78.23868,59.48118
78.25403,62.40325
78.26938,65.54794
78.27706,67.21177
78.28473,68.9377
78.29241,70.73346
78.30008,72.59785
78.30776,74.5394
78.31543,76.557
78.32311,78.66008
78.33078,80.8476
78.33846,83.13005
78.34614,85.50971
78.35382,87.99202
78.36149,90.57936
78.36917,93.2847
78.37684,96.10764
78.38452,99.0627
78.39219,102.1499
78.39987,105.3854
78.40754,108.7698
78.41522,112.3214
78.42289,116.0413
78.43057,119.9503
78.43824,124.0501
78.44592,128.3645
78.45359,132.8962
78.46127,137.6724
78.46894,142.6971
78.47662,148.0013
78.48429,153.5908
78.49197,159.5013
78.49964,165.7408
78.50732,172.3508
78.51499,179.3419
78.52267,186.7626
78.53034,194.627
78.53802,202.9921
78.54569,211.8764
78.55337,221.3477
78.56104,231.4301
78.56872,242.2043
78.57639,253.7023
78.58407,266.0207
78.59175,279.2196
78.59943,293.3818
78.6071,308.5792
78.61478,324.9548
78.62245,342.5818
78.63013,361.6362
78.6378,382.2149
78.64548,404.5369
78.65315,428.7307
78.66083,455.0714
78.6685,483.7308
78.67618,515.0576
78.68385,549.282
78.69153,586.8508
78.69537,606.9989
78.6992,628.0744
78.70304,650.2474
78.70688,673.5297
78.71072,697.9908
78.71455,723.6369
78.71839,750.6822
78.72223,779.1473
78.72607,809.1249
78.7299,840.6298
78.73374,873.9327
78.73758,909.0678
78.74142,946.1578
78.74525,985.2293
78.74909,1026.627
78.75293,1070.401
78.75677,1116.715
78.7606,1165.608
78.76444,1217.519
78.76828,1272.52
78.77212,1330.816
78.77595,1392.461
78.77979,1458.008
78.78363,1527.541
78.78747,1601.311
78.7913,1679.369
78.79514,1762.388
78.79898,1850.436
78.80282,1943.781
78.80665,2042.418
78.81049,2147.105
78.81433,2257.812
78.81817,2374.725
78.822,2497.646
78.82688,2663.495
78.83175,2839.231
78.83663,3025.186
78.8415,3219.807
78.84638,3422.592
78.85125,3630.8
78.861,4053.927
78.86588,4261.261
78.87075,4458.896
78.87563,4642.124
78.8805,4804.368
78.88538,4940.508
78.89025,5044.724
78.89513,5113.155
78.9,5142.659
78.90488,5132.216
78.90975,5082.572
78.91463,4995.986
78.9195,4876.748
78.92438,4729.379
78.92925,4560.078
78.93413,4373.902
78.939,4177.103
78.94875,3769.285
78.9585,3367.797
78.96338,3175.732
78.96825,2992.107
78.97313,2817.105
78.978,2651.963
78.982,2523.568
78.98599,2401.994
78.98998,2286.808
78.99397,2177.847
78.99797,2074.649
79.00196,1977.487
79.00595,1885.836
79.00994,1799.421
79.01394,1717.768
79.01793,1641.009
79.02192,1568.662
79.02591,1500.467
79.02991,1436.012
79.0339,1375.38
79.03789,1318.174
79.04188,1264.178
79.04588,1213.064
79.04987,1164.894
79.05386,1119.357
79.05785,1076.284
79.06185,1035.419
79.06584,996.819
79.06983,960.2417
79.07382,925.5594
79.08181,861.3367
79.08979,803.4543
79.09777,751.0857
79.10575,703.5875
79.11374,660.35
79.12172,620.9954
79.12971,585.0017
79.13769,552.0904
79.14568,521.856
79.15366,494.0921
79.16165,468.4808
79.16963,444.8681
79.17762,423.0024
79.1856,402.7682
79.19359,383.9641
79.20157,366.5032
79.20956,350.2225
79.21754,335.0568
79.22552,320.8899
79.2335,307.6368
79.24149,295.2065
79.24947,283.5613
79.25746,272.61
79.26544,262.3242
79.27343,252.6277
79.28141,243.4987
79.2894,234.8729
79.29738,226.734
79.30537,219.0272
79.31335,211.7406
79.32932,198.2778
79.34529,186.1439
79.36125,175.1758
79.37722,165.2165
79.39319,156.151
79.40916,147.8749
79.42513,140.2987
79.4411,133.3452
79.45707,126.9475
79.47304,121.0473
79.489,115.5973
79.50497,110.5462
79.52094,105.8585
79.53691,101.4998
79.55288,97.4397
79.56885,93.65114
79.58482,90.11017
79.60079,86.79538
79.61675,83.68955
79.63272,80.77163
79.64869,78.02827
79.66466,75.44558
79.68063,73.01107
79.6966,70.71343
79.71257,68.54242
79.72854,66.48874
79.7445,64.54512
79.77644,60.9519
79.80838,57.71016
79.84032,54.77466
79.87225,52.10812
79.90419,49.67655
79.93613,47.45326
79.96807,45.41465
80.0,43.54096
80.04061,41.36777
80.08122,39.4012
80.12183,37.61532
80.16244,35.98816
80.20305,34.50106
80.24366,33.13805
80.28427,31.88541
80.32488,30.73128
80.36549,29.66539
80.4061,28.6788
80.44671,27.76371
80.48732,26.91323
80.52793,26.12136
80.56854,25.38276
80.60915,24.69271
80.64975,24.04716
80.69036,23.4421
80.73097,22.87432
80.77158,22.34085
80.81219,21.83902
80.8528,21.36643
80.89341,20.92089
80.97463,20.10336
81.05585,19.37288
81.13707,18.71833
81.21829,18.13048
81.2995,17.60175
81.38072,17.12561
81.46194,16.69681
81.54316,16.31089
81.62438,15.96415
81.7056,15.65354
81.78682,15.37654
81.86804,15.13111
81.94925,14.91573
82.03047,14.72914
82.11169,14.57058
82.19291,14.4396
82.27413,14.33615
82.35535,14.26051
82.43657,14.21334
82.51779,14.19574
82.599,14.20922
82.68022,14.25582
82.76144,14.33814
82.84266,14.45945
82.92388,14.6238
83.0051,14.83619
83.08632,15.10273
83.16754,15.43095
83.24875,15.83001
83.28936,16.05961
83.32997,16.3114
83.37058,16.58722
83.41119,16.88915
83.4518,17.2195
83.49241,17.58084
83.53302,17.97607
83.57363,18.40847
83.61424,18.8817
83.65485,19.39992
83.69546,19.96783
83.73607,20.59077
83.77668,21.27484
83.81729,22.02699
83.8579,22.85519
83.8985,23.76836
83.93911,24.77758
83.97972,25.89487
84.02033,27.13454
84.06094,28.51327
84.10155,30.0507
84.14216,31.76996
84.18277,33.69853
84.22338,35.86921
84.24369,37.05765
84.26399,38.32136
84.2843,39.66782
84.3046,41.10256
84.32491,42.63456
84.34521,44.27069
84.36552,46.0219
84.38582,47.89678
84.40613,49.90872
84.42643,52.06861
84.44674,54.39295
84.46704,56.89563
84.48735,59.5973
84.50765,62.51578
84.52795,65.67549
84.54825,69.10273
84.56856,72.82927
84.58886,76.88558
84.60917,81.31473
84.62947,86.15726
84.64978,91.46975
84.67008,97.30694
84.69039,103.7443
84.71069,110.8569
84.72085,114.7007
84.731,118.7473
84.74115,123.0152
84.7513,127.5202
84.76146,132.2846
84.77161,137.3177
84.78176,142.6449
84.79191,148.2889
84.80207,154.2803
84.81222,160.6347
84.82237,167.3877
84.83252,174.5723
84.84268,182.2324
84.85283,190.3933
84.86298,199.1066
84.87313,208.4214
84.88329,218.4027
84.89344,229.0917
84.90359,240.5658
84.91374,252.9006
84.9239,266.1947
84.93405,280.5173
84.9442,295.9879
84.95435,312.727
84.96451,330.8895
84.97466,350.5941
84.98481,372.0324
84.99496,395.4035
85.00512,420.9599
85.01527,448.9104
85.02542,479.5748
85.03557,513.2925
85.04573,550.492
85.05588,591.5491
85.06096,613.7184
85.06603,637.0158
85.07111,661.6105
85.07618,687.4886
85.08126,714.8409
85.08634,743.714
85.09142,774.2104
85.09649,806.3757
85.10157,840.4549
85.10664,876.4403
85.11172,914.6096
85.11679,954.9573
85.12187,997.7973
85.12695,1043.218
85.13203,1091.394
85.1371,1142.407
85.14218,1196.655
85.14725,1254.129
85.15233,1315.269
85.1574,1380.056
85.16248,1448.97
85.16755,1521.971
85.17263,1599.574
85.1777,1681.697
85.18278,1768.872
85.18785,1860.947
85.19293,1958.443
85.198,2061.094
85.20438,2197.938
85.21075,2343.032
85.21713,2496.51
85.2235,2657.244
85.22988,2824.669
85.23625,2996.688
85.249,3346.303
85.25538,3517.646
85.26175,3681.11
85.26813,3832.656
85.2745,3966.994
85.28088,4079.77
85.28725,4166.279
85.29363,4223.246
85.3,4248.121
85.30638,4240.029
85.31275,4199.565
85.31913,4128.625
85.3255,4030.67
85.33188,3909.52
85.33825,3770.168
85.34463,3616.916
85.351,3454.779
85.36375,3118.714
85.3765,2787.718
85.38288,2629.368
85.38925,2477.878
85.39563,2333.55
85.402,2197.269
85.41008,2035.884
85.41815,1887.386
85.42623,1750.948
85.4343,1626.238
85.44238,1512.156
85.45045,1408.15
85.45852,1313.235
85.46659,1226.6
85.47467,1147.386
85.48274,1075.077
85.49081,1008.915
85.49888,948.3067
85.50696,892.6456
85.51503,841.5829
85.5231,794.6098
85.53117,751.3345
85.53925,711.358
85.54732,674.4645
85.5554,640.2802
85.56347,608.6374
85.57155,579.2309
85.57962,551.9309
85.58769,526.5178
85.59576,502.8282
85.60384,480.6887
85.61191,460.0218
85.61998,440.6798
85.62805,422.555
85.63613,405.5296
85.6442,389.5574
85.65227,374.5369
85.66034,360.3953
85.66842,347.0508
85.67649,334.4762
85.68457,322.5855
85.69264,311.3581
85.70072,300.7203
85.70879,290.6567
85.72493,272.0611
85.74108,255.2776
85.75722,240.0983
85.77337,226.3095
85.78951,213.7623
85.80566,202.2987
85.8218,191.8103
85.83795,182.178
85.85409,173.3216
85.87024,165.1502
85.88638,157.6036
85.90253,150.6113
85.91867,144.1277
85.93482,138.0972
85.95097,132.4817
85.96712,127.2437
85.98326,122.3528
85.99941,117.7731
86.01555,113.4838
86.0317,109.4558
86.04784,105.6725
86.06399,102.11
86.08013,98.75543
86.09628,95.58874
86.11242,92.59966
86.12857,89.77152
86.14471,87.09608
86.177,82.15449
86.2093,77.69853
86.24159,73.668
86.27388,70.00847
86.30617,66.67496
86.33846,63.62919
86.37075,60.83833
86.40304,58.27417
86.43533,55.91232
86.46763,53.73093
86.49992,51.7129
86.53221,49.8414
86.5645,48.10227
86.59679,46.48301
86.62908,44.97262
86.66137,43.56133
86.69366,42.24046
86.72596,41.0019
86.75825,39.83951
86.79054,38.7467
86.82283,37.71791
86.85512,36.74814
86.88741,35.8329
86.9197,34.96809
86.95199,34.15003
86.98429,33.37513
87.01658,32.64085
87.08116,31.28256
87.14574,30.05555
87.21032,28.94369
87.27491,27.93327
87.33949,27.01321
87.40407,26.1737
87.46865,25.40662
87.53324,24.70502
87.59782,24.06333
87.66241,23.47655
87.72699,22.94094
87.79158,22.45317
87.85616,22.01097
87.92074,21.61258
87.98532,21.25705
88.04991,20.94418
88.11449,20.67474
88.17907,20.45037
88.24365,20.27394
88.27595,20.20496
88.30824,20.14975
88.34053,20.10912
88.37282,20.08406
88.40511,20.07572
88.4374,20.08546
88.46969,20.1149
88.50198,20.16589
88.53428,20.24067
88.56657,20.34179
88.59886,20.47232
88.63115,20.63588
88.66344,20.83676
88.69573,21.08009
88.72802,21.37199
88.76031,21.71986
88.79261,22.13276
88.8249,22.62136
88.84105,22.89824
88.85719,23.19914
88.87334,23.52662
88.88948,23.88267
88.90563,24.27046
88.92177,24.69257
88.93792,25.15293
88.95406,25.65483
88.97021,26.20327
88.98635,26.80252
89.0025,27.45894
89.01864,28.17812
89.03479,28.96832
89.05094,29.83756
89.06709,30.79555
89.08323,31.85287
89.09938,33.02391
89.11552,34.32245
89.13167,35.768
89.14781,37.37979
89.16396,39.18476
89.1801,41.21034
89.18818,42.31848
89.19625,43.49455
89.20432,44.74547
89.21239,46.07737
89.22047,47.49887
89.22854,49.01394
89.23661,50.63256
89.24468,52.36396
89.25276,54.22073
89.26083,56.20967
89.2689,58.34573
89.27697,60.6431
89.28505,63.1209
89.29312,65.79095
89.3012,68.68007
89.30927,71.80393
89.31735,75.19615
89.32542,78.87767
89.33349,82.88586
89.34156,87.25884
89.34964,92.04646
89.35771,97.28707
89.36578,103.0442
89.37385,109.3846
89.38193,116.3951
89.39,124.1489
89.39807,132.7597
89.40614,142.3516
89.41018,147.5667
89.41422,153.0844
89.41826,158.9272
89.42229,165.1039
89.42633,171.6716
89.43036,178.627
89.4344,186.0358
89.43843,193.8961
89.44247,202.2846
89.44651,211.2237
89.45055,220.7586
89.45458,230.9128
89.45862,241.7905
89.46265,253.3971
89.46669,265.8545
89.47072,279.1715
89.47476,293.4915
89.4788,308.8668
89.48284,325.3894
89.48687,343.1133
89.49091,362.2346
89.49494,382.7745
89.49898,404.9602
89.50301,428.8142
89.50705,454.596
89.51109,482.3958
89.51513,512.365
89.51916,544.573
89.5232,579.3284
89.52723,616.5968
89.53127,656.6832
89.5353,699.4785
89.53935,745.3573
89.54339,793.9722
89.54744,845.4604
89.55148,899.3526
89.55553,955.5597
89.55957,1013.28
89.56361,1071.933
89.56765,1130.584
89.5717,1188.222
89.57574,1243.201
89.57978,1294.146
89.58382,1339.444
89.58787,1377.579
89.59191,1406.901
89.59595,1426.318
89.59999,1435.031
89.60001,143.9003
90.02,143.5923
90.62,143.1524
91.46999,142.5291
92.67999,141.6418
94.41,140.3732
96.85999,138.5766
100.0,136.274
100.35,136.1466
105.31,134.3406
109.0508,132.9785
112.36,131.7736
117.6397,129.8511
122.39,128.1215
134.33,123.7739
136.65,122.9292
148.384,118.6567
156.93,115.5449
159.8814,114.4703
178.8191,107.5748
185.77,105.0439
200.0,99.86251
218.1015,97.52916
226.78,96.41047
235.2794,95.31487
251.4163,93.23477
266.4414,91.29798
280.3232,89.50857
285.1,88.89283
300.0,86.97216
306.3792,86.14986
327.4986,83.42749
344.2882,81.26326
350.0,80.52698
368.03,78.20285
371.1001,77.80711
400.0,74.08181
417.7095,73.06845
453.0554,71.04593
485.96,69.16309
486.4281,69.13631
500.0,68.35971
517.6397,67.35035
546.5884,65.69388
573.2434,64.16865
600.0,62.6376
623.0556,61.84961
653.65,60.80396
663.2352,60.47635
695.0614,59.38859
720.0,58.53624
745.687,57.65831
800.0,55.802
845.897,54.72932
850.0,54.63343
882.0397,53.88461
892.11,53.64926
939.1697,52.5494
1000.0,51.1277
1044.274,50.61146
1087.559,50.10674
1173.613,49.10334
1231.2,48.43187
1250.0,48.21266
1254.478,48.16044
1329.793,47.28225
1399.393,46.4707
1463.275,45.72582
1500.0,45.2976
1582.166,44.33953
1677.631,43.22639
1700.0,42.96556
1713.38,42.80954
1752.992,42.34766
1872.427,40.95503
2000.0,39.4675
2088.548,39.15649
2265.277,38.53576
2399.03,38.06597
2432.14,37.94968
2500.0,37.71134
2588.198,37.40155
2732.942,36.89316
2866.217,36.42506
3000.0,35.95517
3115.278,35.55027
3316.176,34.84465
3374.01,34.64152
3475.307,34.28574
3500.0,34.199
3728.435,33.39666
4000.0,32.44283
4207.958,31.71242
4398.771,31.04222
4753.75,29.79542
4760.42,29.77199
5000.0,28.9305
5038.66,28.87462
5263.494,28.54961
5619.694,28.0347
6000.0,27.48495
6395.615,26.91307
6731.88,26.42698
6763.119,26.38182
7000.0,26.0394
7101.967,25.94947
7200.0,25.863
7412.357,25.67571
7988.537,25.16755
8449.878,24.76065
8500.0,24.71645
8813.285,24.44015
9387.91,23.93334
9535.27,23.80338
10000.0,23.3935
10905.08,23.01192
11763.97,22.64981
12500.0,22.3395
12570.81,22.30964
13322.07,21.99292
13521.65,21.90878
14016.16,21.70029
15000.0,21.28549
15318.96,21.15102
16374.93,20.70583
17000.0,20.4423
17214.41,20.35191
18555.0,19.78671
19190.22,19.51891
20000.0,19.1775
21810.15,18.9125
23527.94,18.66101
25000.0,18.44551
25141.63,18.42477
26644.14,18.2048
27250.85,18.11597
28032.32,18.00157
30000.0,17.71351
30637.92,17.62011
32749.86,17.31092
34428.82,17.06512
35000.0,16.9815
37110.01,16.6726
38712.95,16.43792
38939.77,16.40471
38939.78,16.40471
40000.0,16.2495
43620.31,15.71948
47055.88,15.21652
50000.0,14.7855
50283.26,14.76541
53288.28,14.55234
56064.64,14.35549
61275.84,13.98599
65499.72,13.6865
68857.63,13.44841
70000.0,13.36741
74220.01,13.16713
80000.0,12.8928
84589.7,12.67498
91972.66,12.32458
100000.0,11.9436
105199.0,11.79196
109969.3,11.65282
115220.0,11.49967
118843.8,11.40334
125966.5,11.21399
131587.3,11.06456
140492.4,10.82782
150000.0,10.57507
150608.8,10.55888
161185.5,10.30996
170118.7,10.09972
184277.4,9.766493
184287.5,9.76627
184455.2,9.762997
200000.0,9.459573
205663.6,9.347032
208854.8,9.293046
221014.2,9.087343
226527.7,9.011357
238648.3,8.844312
243214.0,8.798205
248617.1,8.743643
258819.8,8.642099
272156.0,8.50937
273294.2,8.500339
286621.7,8.394586
298815.4,8.297831
300000.0,8.288431
321225.5,8.127427
321415.8,8.12599
329041.6,8.068414
339480.9,7.989925
351805.9,7.897259
357157.5,7.864598
360245.7,7.846069
368500.2,7.801944
383694.1,7.720725
400000.0,7.644576
405120.5,7.613365
411830.1,7.57822
421688.3,7.526668
422948.5,7.521208
429031.6,7.494853
441019.8,7.442924
442410.6,7.4369
449723.7,7.405386
459511.5,7.372134
469584.8,7.338643
470637.1,7.335145
479730.8,7.30514
500000.0,7.266767
522136.9,7.17976
542923.6,7.09806
543779.5,7.094848
547279.3,7.081713
554019.1,7.05764
586806.6,6.941499
593733.4,6.916962
597727.0,6.905594
602354.3,6.895726
607575.1,6.884629
611498.3,6.878581
620260.0,6.866921
627239.1,6.857633
630520.5,6.853267
641696.5,6.84086
647822.6,6.839078
652600.8,6.838749
654230.4,6.839927
664896.4,6.853013
699696.6,6.89571
700000.0,6.896082
731637.6,6.872816
791082.9,6.8291
838815.6,6.793998
850000.0,6.785773
876495.9,6.779516
936213.6,6.765415
1000000.0,6.750352
1051990.0,6.758527
1099693.0,6.766028
1188438.0,6.779981
1259665.0,6.79118
1300000.0,6.797522
1315873.0,6.803089
1404924.0,6.834319
1500000.0,6.867664
1554922.0,6.887914
1604626.0,6.906241
1649418.0,6.922755
1730835.0,6.952774
1794524.0,6.976257
1800000.0,6.978276
1843824.0,6.991248
1920325.0,7.013893
2000000.0,7.037477
2051331.0,7.046476
2100649.0,7.055123
2147962.0,7.063418
2193284.0,7.071364
2250000.0,7.081308
2280858.0,7.081641
2360348.0,7.082498
2432172.0,7.083273
2496808.0,7.083969
2500000.0,7.084003
2554772.0,7.075245
2659466.0,7.058502
2740792.0,7.045497
2750000.0,7.044025
2803415.0,7.027458
2900042.0,6.997487
3000000.0,6.966484
3054428.0,6.943947
3106351.0,6.922447
3155830.0,6.90196
3200000.0,6.88367
3250738.0,6.859461
3336120.0,6.818724
3400000.0,6.788245
3412668.0,6.781709
3481086.0,6.746408
3542076.0,6.714939
3596319.0,6.686951
3600000.0,6.685053
3693249.0,6.634993
3767658.0,6.595048
3800000.0,6.577686
3824447.0,6.564319
3911238.0,6.516864
3961370.0,6.489454
4000000.0,6.468332
4051006.0,6.440248
4101037.0,6.4127
4150095.0,6.385689
4198179.0,6.359213
4200000.0,6.35821
4292933.0,6.307055
4383706.0,6.25709
4400000.0,6.24812
4470548.0,6.209582
4553524.0,6.164255
4600000.0,6.138865
4632713.0,6.121261
4708203.0,6.080635
4780091.0,6.041949
4800000.0,6.031235
4848483.0,6.005708
4913488.0,5.971479
4975223.0,5.938974
5000000.0,5.925927
5033803.0,5.908997
5145506.0,5.85305
5245277.0,5.803078
5334163.0,5.758559
5413173.0,5.718985
5483266.0,5.68388
5500000.0,5.675498
5608120.0,5.625918
5703623.0,5.582124
5776316.0,5.548788
5887096.0,5.497989
6000000.0,5.446215
6108856.0,5.40201
6212702.0,5.359839
6311661.0,5.319652
6405865.0,5.281396
6495458.0,5.245013
6500000.0,5.243169
6618049.0,5.201167
6632536.0,5.196013
6632537.0,5.196012
6666837.0,5.183807
6820498.0,5.129134
6957854.0,5.080262
7000000.0,5.065266
7080308.0,5.04237
7189222.0,5.011317
7383868.0,4.955819
7500000.0,4.922709
7533303.0,4.915888
7647361.0,4.892533
7821693.0,4.856834
8000000.0,4.82032
8458970.0,4.766954
8500000.0,4.762182
8820397.0,4.753333
9000000.0,4.748372
9391697.0,4.762258
9500000.0,4.766097
10000000.0,4.806954
10466350.0,4.862698
11000000.0,4.926486
11206970.0,4.953713
12000000.0,5.058036
12233470.0,5.085576
12653020.0,5.13507
12977100.0,5.173301
13000000.0,5.176001
13478850.0,5.222196
14000000.0,5.27247
14343930.0,5.299224
14651790.0,5.323172
14712800.0,5.327918
14712820.0,5.327919
14926590.0,5.344548
15000000.0,5.350258
15171260.0,5.361168
15388630.0,5.375015
15776560.0,5.399727
16000000.0,5.413961
16073900.0,5.417788
16300590.0,5.429527
16500000.0,5.439852
16646620.0,5.447445
17000000.0,5.465744
17173560.0,5.471172
17337870.0,5.47631
17493350.0,5.481171
17788630.0,5.490405
18000000.0,5.497014
18051090.0,5.497135
18283920.0,5.49769
18490110.0,5.498181
18672430.0,5.498616
18995820.0,5.499387
19000000.0,5.499396
19242040.0,5.491274
19428790.0,5.485007
19712330.0,5.47549
20000000.0,5.465838
20280880.0,5.445873
20547790.0,5.4269
20801210.0,5.408887
21000000.0,5.394757
21041630.0,5.390742
21269540.0,5.368758
21593400.0,5.33752
21593420.0,5.337517
21703550.0,5.326895
22000000.0,5.298301
22090570.0,5.288456
22434870.0,5.251033
22740530.0,5.217811
23000000.0,5.189609
23011400.0,5.188373
23251060.0,5.162402
23676470.0,5.116302
24000000.0,5.081242
24000640.0,5.081175
24495220.0,5.029384
25000000.0,4.976526
25576300.0,4.918939
26000000.0,4.8766
26091440.0,4.867595
26550700.0,4.822366
26959180.0,4.782138
27000000.0,4.778119
27321750.0,4.746222
27968020.0,4.682151
28000000.0,4.67898
28462730.0,4.634068
28839500.0,4.597501
29000000.0,4.581923
29414030.0,4.542162
30000000.0,4.485887
