1e-05,292191.4
1.03125e-05,287731.8
1.0625e-05,283470.4
1.09375e-05,279393.0
1.125e-05,275486.7
1.15625e-05,271739.9
1.1875e-05,268142.0
1.21875e-05,264683.3
1.25e-05,261355.2
1.28125e-05,258149.7
1.3125e-05,255059.3
1.34375e-05,252077.4
1.375e-05,249197.7
1.4375e-05,243722.7
1.5e-05,238593.6
1.5625e-05,233775.5
1.625e-05,229238.1
1.6875e-05,224955.2
1.75e-05,220903.9
1.8125e-05,217064.0
1.875e-05,213417.8
1.9375e-05,209949.5
2e-05,206645.1
2.09375e-05,201968.7
2.1875e-05,197596.4
2.28125e-05,193496.5
2.375e-05,189641.9
2.46875e-05,186009.0
2.5625e-05,182577.4
2.65625e-05,179329.1
2.75e-05,176248.5
2.84375e-05,173321.5
2.9375e-05,170535.8
3.03125e-05,167880.3
3.125e-05,165345.3
3.21875e-05,162922.0
3.3125e-05,160602.2
3.40625e-05,158379.0
3.5e-05,156245.7
3.59375e-05,154196.4
3.6875e-05,152225.9
3.78125e-05,150329.1
3.875e-05,148501.6
3.96875e-05,146739.2
4.0625e-05,145038.2
4.25e-05,141806.8
4.4375e-05,138782.4
4.625e-05,135944.0
4.8125e-05,133273.2
5e-05,130754.1
5.15625e-05,128760.7
5.3125e-05,126856.0
5.46875e-05,125033.5
5.625e-05,123287.6
5.78125e-05,121612.9
5.9375e-05,120004.8
6.09375e-05,118459.0
6.25e-05,116971.6
6.40625e-05,115539.0
6.5625e-05,114157.8
6.71875e-05,112825.2
6.875e-05,111538.2
7.1875e-05,109091.5
7.5e-05,106799.4
7.8125e-05,104646.4
8.125e-05,102618.9
8.4375e-05,100705.1
8.75e-05,98894.87
9.0625e-05,97179.19
9.375e-05,95550.09
9.6875e-05,94000.53
0.0001,92524.24
0.000103125,91115.63
0.00010625,89769.69
0.000109375,88481.9
0.0001125,87248.2
0.000115625,86064.91
0.00011875,84928.68
0.000121875,83836.48
0.000125,82785.55
0.000128125,81773.35
0.00013125,80797.55
0.000134375,79856.02
0.0001375,78946.82
0.00014375,77218.29
0.00015,75599.08
0.00015625,74078.14
0.0001625,72645.93
0.00016875,71294.15
0.000175,70015.55
0.00018125,68803.77
0.0001875,67653.19
0.00019375,66558.83
0.0002,65516.26
0.000209375,64040.98
0.00021875,62661.75
0.000228125,61368.6
0.0002375,60152.94
0.000246875,59007.34
0.00025625,57925.33
0.000265625,56901.25
0.000275,55930.1
0.000284375,55007.5
0.00029375,54129.54
0.000303125,53292.73
0.0003125,52493.97
0.000321875,51730.45
0.00033125,50999.67
0.000340625,50299.35
0.00035,49627.45
0.000359375,48982.09
0.00036875,48361.58
0.000378125,47764.36
0.0003875,47189.02
0.000396875,46634.26
0.00040625,46098.88
0.000425,45081.95
0.00044375,44130.41
0.0004625,43237.56
0.00048125,42397.61
0.0005,41605.58
0.000515625,40978.95
0.00053125,40380.31
0.000546875,39807.62
0.0005625,39259.09
0.000578125,38733.05
0.00059375,38228.02
0.000609375,37742.64
0.000625,37275.67
0.000640625,36825.99
0.00065625,36392.56
0.000671875,35974.43
0.0006875,35570.72
0.00071875,34803.39
0.00075,34084.83
0.00078125,33410.11
0.0008125,32774.97
0.00084375,32175.72
0.000875,31609.09
0.00090625,31072.25
0.0009375,30562.71
0.00096875,30078.22
0.001,29616.83
0.00103125,29176.77
0.0010625,28756.44
0.00109375,28354.43
0.001125,27969.45
0.00115625,27600.35
0.0011875,27246.06
0.00121875,26905.65
0.00125,26578.22
0.00128125,26262.98
0.0013125,25959.2
0.001375,25383.39
0.0014375,24846.02
0.0015,24343.04
0.0015625,23870.98
0.001625,23426.8
0.0016875,23007.92
0.00175,22612.04
0.0018125,22237.14
0.001875,21881.48
0.0019375,21543.48
0.002,21221.74
0.00209375,20766.95
0.0021875,20342.29
0.00228125,19944.65
0.002375,19571.31
0.00246875,19219.95
0.0025625,18888.52
0.00265625,18575.25
0.00275,18278.56
0.00284375,17997.07
0.0029375,17729.57
0.00303125,17474.94
0.003125,17232.23
0.00321875,17000.53
0.0033125,16779.08
0.00340625,16567.17
0.0035,16364.12
0.00359375,16169.38
0.0036875,15982.39
0.00378125,15802.68
0.003875,15629.81
0.0040625,15302.96
0.00425,14998.95
0.0044375,14715.34
0.004625,14450.02
0.0048125,14201.19
0.005,13967.29
0.00515625,13782.77
0.0053125,13606.96
0.00546875,13439.22
0.005625,13279.0
0.00578125,13125.77
0.0059375,12979.07
0.00609375,12838.47
0.00625,12703.6
0.00640625,12574.09
0.0065625,12449.63
0.006875,12214.68
0.0071875,11996.65
0.0075,11793.74
0.0078125,11604.44
0.008125,11427.39
0.0084375,11261.46
0.00875,11105.64
0.0090625,10959.06
0.009375,10820.93
0.0096875,10690.56
0.01,10567.35
0.0103125,10450.73
0.010625,10340.24
0.0109375,10235.43
0.01125,10135.89
0.0115625,10041.29
0.011875,9951.281
0.0121875,9865.578
0.0125,9783.911
0.013125,9631.726
0.01375,9493.0
0.014375,9366.275
0.015,9250.31
0.015625,9144.044
0.01625,9046.56
0.016875,8957.066
0.0175,8874.869
0.018125,8799.364
0.01875,8730.018
0.019375,8666.359
0.02,8607.97
0.0206625,8551.42
0.021325,8499.981
0.0219875,8453.302
0.02265,8411.072
0.0233125,8373.01
0.023975,8338.866
0.0246375,8308.412
0.0253,8281.446
0.02607188,8254.184
0.02684375,8231.145
0.02761563,8212.097
0.0283875,8196.832
0.02915938,8185.161
0.02993125,8176.919
0.031475,8170.132
0.03301875,8175.444
0.0345625,8192.026
0.03610625,8219.211
0.03765,8256.464
0.03919375,8303.364
0.0407375,8359.584
0.04228125,8424.877
0.043825,8499.071
0.04536875,8582.053
0.0469125,8673.766
0.04845625,8774.207
0.05,8883.42
0.0515625,9002.978
0.053125,9131.742
0.0546875,9269.887
0.05625,9417.628
0.0578125,9575.219
0.059375,9742.958
0.0609375,9921.177
0.0625,10110.25
0.0640625,10310.59
0.065625,10522.67
0.0671875,10746.96
0.06875,10984.03
0.0703125,11234.46
0.071875,11498.89
0.0734375,11778.02
0.075,12072.58
0.0765625,12383.38
0.078125,12711.27
0.0796875,13057.16
0.08046875,13237.16
0.08125,13422.03
0.08203125,13611.92
0.0828125,13806.93
0.08359375,14007.24
0.084375,14212.97
0.08515625,14424.27
0.0859375,14641.31
0.08671875,14864.23
0.0875,15093.21
0.08828125,15328.39
0.0890625,15569.97
0.08984375,15818.11
0.090625,16073.0
0.09140625,16334.8
0.0921875,16603.72
0.09296875,16879.95
0.09375,17163.67
0.09453125,17455.09
0.0953125,17754.41
0.09609375,18061.83
0.096875,18377.56
0.09765625,18701.81
0.0984375,19034.79
0.09921875,19376.71
0.1,19727.77
0.1008338,20112.78
0.1016675,20508.65
0.1025013,20915.73
0.103335,21334.16
0.1041688,21764.29
0.1050025,22206.23
0.1058363,22660.32
0.10667,23126.64
0.1075038,23605.49
0.1083375,24096.92
0.1091713,24601.19
0.110005,25118.29
0.1108388,25648.45
0.1116725,26191.57
0.1125063,26747.78
0.11334,27316.91
0.1143919,28053.4
0.1154438,28810.08
0.1164957,29586.46
0.1175475,30381.78
0.1185994,31195.28
0.1196513,32025.7
0.1207032,32871.64
0.121755,33731.26
0.1228069,34602.67
0.1238588,35483.37
0.1249107,36370.56
0.1259625,37260.96
0.1270144,38151.13
0.1280663,39036.96
0.13017,40777.23
0.1312219,41621.59
0.1322738,42441.36
0.1333257,43230.55
0.1343775,43982.9
0.1354294,44692.15
0.1364813,45351.75
0.1375332,45955.25
0.138585,46496.3
0.1396369,46968.97
0.1401629,47177.89
0.1406888,47367.59
0.1412148,47537.55
0.1417407,47687.1
0.1422666,47815.78
0.1427925,47923.11
0.1433185,48008.66
0.1438444,48072.05
0.1443704,48112.99
0.1448963,48131.23
0.1454223,48126.6
0.1459482,48098.98
0.1464741,48048.33
0.147,47974.67
0.147526,47878.05
0.1480519,47758.69
0.1485779,47616.74
0.1491038,47452.57
0.1496298,47266.44
0.1501557,47058.84
0.1506816,46830.21
0.1512075,46581.07
0.1517335,46311.95
0.1522594,46023.57
0.1527854,45716.49
0.1533113,45391.52
0.1543632,44690.76
0.155415,43927.64
0.1564669,43108.7
0.1575188,42240.89
0.1585707,41331.15
0.1596225,40386.51
0.1606744,39413.52
0.1617263,38418.8
0.1627782,37408.49
0.16383,36388.47
0.1648819,35363.89
0.1659338,34339.72
0.1680375,32309.75
0.1690894,31311.18
0.1701413,30327.71
0.1711932,29361.86
0.172245,28415.85
0.1732969,27491.22
0.1743488,26589.48
0.1754007,25711.68
0.1764525,24858.71
0.1775044,24030.95
0.1785563,23228.81
0.1796082,22452.41
0.18066,21701.78
0.1818688,20870.63
0.1824732,20467.56
0.1830775,20072.79
0.1836819,19686.11
0.1842863,19307.5
0.1848907,18936.86
0.185495,18574.13
0.1860994,18219.09
0.1867038,17871.69
0.1873082,17531.79
0.1879125,17199.33
0.1885169,16874.09
0.1891213,16555.97
0.1897257,16244.85
0.19033,15940.66
0.1909344,15643.13
0.1915388,15352.23
0.1921432,15067.78
0.1927475,14789.7
0.1933519,14517.79
0.1939563,14251.95
0.1945607,13992.03
0.195165,13737.97
0.1957694,13489.54
0.1963738,13246.66
0.1969782,13009.21
0.1975825,12777.08
0.1981869,12550.1
0.1987913,12328.16
0.1993957,12111.17
0.2,11899.03
0.2011719,11500.94
0.2023438,11119.74
0.2035157,10754.64
0.2046875,10404.91
0.2058594,10069.79
0.2070313,9748.615
0.2082032,9440.734
0.209375,9145.543
0.2105469,8862.396
0.2117188,8590.749
0.2128907,8330.062
0.2140625,8079.841
0.2152344,7839.553
0.2164063,7608.755
0.2175782,7387.004
0.21875,7173.899
0.2199219,6969.002
0.2210938,6771.956
0.2222657,6582.399
0.2234375,6400.005
0.2246094,6224.419
0.2257813,6055.348
0.2269532,5892.5
0.228125,5735.61
0.2292969,5584.389
0.2304688,5438.598
0.2316407,5298.0
0.2328125,5162.381
0.2339844,5031.501
0.2351563,4905.17
0.2363282,4783.192
0.2375,4665.393
0.2386719,4551.576
0.2398438,4441.586
0.2410157,4335.264
0.2421875,4232.466
0.2433594,4133.031
0.2445313,4036.83
0.2457032,3943.734
0.246875,3853.625
0.2480469,3766.369
0.2492188,3681.861
0.2503907,3599.992
0.2515625,3520.668
0.2527344,3443.774
0.2539063,3369.227
0.2550782,3296.934
0.25625,3226.818
0.2574219,3158.785
0.2585938,3092.761
0.2597657,3028.673
0.2609375,2966.456
0.2621094,2906.029
0.2632813,2847.334
0.2644532,2790.308
0.265625,2734.894
0.2667969,2681.029
0.2679688,2628.661
0.2691407,2577.737
0.2703125,2528.212
0.2714844,2480.029
0.2726563,2433.147
0.2738282,2387.52
0.275,2343.109
0.2761719,2299.867
0.2773438,2257.759
0.2785157,2216.746
0.2796875,2176.797
0.2808594,2137.869
0.2820313,2099.932
0.2832032,2062.955
0.284375,2026.91
0.2855469,1991.761
0.2867188,1957.483
0.2878907,1924.048
0.2890625,1891.434
0.2902344,1859.607
0.2914063,1828.548
0.2925782,1798.234
0.29375,1768.642
0.2960938,1711.532
0.2984375,1657.056
0.3007813,1605.057
0.303125,1555.398
0.3054688,1507.941
0.3078125,1462.565
0.3101563,1419.152
0.3125,1377.597
0.3148438,1337.796
0.3171875,1299.659
0.3195313,1263.094
0.321875,1228.022
0.3242188,1194.363
0.3265625,1162.046
0.3289063,1131.002
0.33125,1101.169
0.3335938,1072.484
0.3359375,1044.895
0.3382813,1018.344
0.340625,992.7852
0.3429688,968.1687
0.3453125,944.4522
0.3476563,921.5921
0.35,899.5507
0.3523438,878.2888
0.3546875,857.7732
0.3570313,837.9686
0.359375,818.8452
0.3617188,800.3717
0.3640625,782.5214
0.3664063,765.2658
0.36875,748.5814
0.3710938,732.4425
0.3734375,716.8275
0.3757813,701.7137
0.378125,687.0816
0.3804688,672.9105
0.3828125,659.1828
0.3851563,645.8799
0.3875,632.9861
0.3898438,620.484
0.3921875,608.3596
0.3945313,596.5974
0.396875,585.1844
0.3992188,574.1064
0.4015625,563.3518
0.4039063,552.9077
0.40625,542.7634
0.4085938,532.9071
0.4109375,523.329
0.4132813,514.0186
0.415625,504.9668
0.4179688,496.1638
0.4203125,487.6015
0.4226563,479.2709
0.425,471.1646
0.4273438,463.2741
0.4296875,455.5929
0.4320313,448.1132
0.434375,440.8287
0.4367188,433.7325
0.4390625,426.8188
0.4414063,420.0811
0.44375,413.5142
0.4460938,407.112
0.4484375,400.8697
0.4507813,394.7818
0.453125,388.844
0.4554688,383.0507
0.4578125,377.3983
0.4625,366.4972
0.4671875,356.1079
0.471875,346.1996
0.4765625,336.7444
0.48125,327.7155
0.4859375,319.0889
0.490625,310.8417
0.5,295.402
0.5078125,283.5203
0.515625,272.4502
0.5234375,262.1217
0.53125,252.4726
0.5390625,243.4465
0.546875,234.9932
0.5546875,227.0668
0.5625,219.6262
0.5703125,212.6343
0.578125,206.0572
0.5859375,199.8641
0.59375,194.0272
0.609375,183.3223
0.625,173.764
0.640625,165.203
0.65625,157.5136
0.671875,150.5893
0.6875,144.3396
0.703125,138.687
0.71875,133.5654
0.734375,128.9177
0.75,124.6946
0.765625,120.8535
0.78125,117.3573
0.796875,114.1738
0.8125,111.2748
0.828125,108.6358
0.84375,106.2353
0.859375,104.0546
0.875,102.0773
0.890625,100.289
0.90625,98.67726
0.921875,97.23127
0.9375,95.94169
0.953125,94.80053
0.96875,93.801
0.984375,92.9375
1.0,92.20545
1.024557,91.31232
1.049113,90.7263
1.073669,90.44389
1.098225,90.46729
1.122782,90.80454
1.147338,91.46988
1.171894,92.4846
1.19645,93.87795
1.221007,95.68878
1.245563,97.96709
1.257841,99.30102
1.270119,100.7772
1.282397,102.4066
1.294675,104.2013
1.306954,106.1754
1.319232,108.3443
1.33151,110.7259
1.343788,113.3403
1.356066,116.2106
1.368344,119.363
1.380622,122.8275
1.3929,126.6385
1.405179,130.8361
1.417457,135.4654
1.429735,140.58
1.442013,146.2415
1.454291,152.5224
1.466569,159.5077
1.478847,167.2979
1.491125,176.0122
1.503404,185.7939
1.515682,196.8124
1.521821,202.849
1.52796,209.2759
1.534099,216.1262
1.540238,223.4365
1.546377,231.2475
1.552516,239.6044
1.558655,248.5576
1.564794,258.1635
1.570933,268.4853
1.577072,279.5941
1.583211,291.5695
1.58935,304.5022
1.59549,318.4966
1.601629,333.6645
1.607768,350.1405
1.613907,368.076
1.620046,387.645
1.626185,409.0475
1.632324,432.5153
1.638463,458.3166
1.644602,486.765
1.650741,518.2271
1.65688,553.1344
1.663019,591.9969
1.666089,613.0999
1.669158,635.4205
1.672228,659.0678
1.675297,684.1298
1.678367,710.7362
1.681436,738.9947
1.684506,769.0613
1.687575,801.0676
1.690645,835.2025
1.693715,871.6408
1.696785,910.5884
1.699854,952.2591
1.702924,996.934
1.705993,1044.866
1.709063,1096.403
1.712132,1151.863
1.715202,1211.677
1.718271,1276.251
1.721341,1346.125
1.72441,1421.815
1.725945,1462.056
1.72748,1504.002
1.729015,1547.745
1.730549,1593.352
1.732084,1640.986
1.733619,1690.731
1.735154,1742.703
1.736688,1796.992
1.738223,1853.806
1.739758,1913.251
1.741293,1975.478
1.742827,2040.61
1.744362,2108.901
1.745897,2180.497
1.747432,2255.593
1.748966,2334.347
1.750501,2417.084
1.752036,2503.993
1.753571,2595.325
1.755105,2691.286
1.75664,2792.285
1.758175,2898.566
1.75971,3010.448
1.761244,3128.194
1.762779,3252.314
1.764314,3383.109
1.765849,3520.976
1.767383,3666.231
1.768918,3819.494
1.770453,3981.116
1.771988,4151.555
1.773522,4331.158
1.775057,4520.628
1.776592,4720.319
1.778127,4930.685
1.779661,5152.019
1.781196,5385.007
1.782731,5629.862
1.784266,5886.87
1.7858,6156.044
1.786869,6350.958
1.787938,6551.882
1.789007,6758.76
1.790075,6971.285
1.791144,7189.697
1.792213,7413.582
1.793282,7642.65
1.79435,7876.319
1.795419,8114.576
1.796488,8356.665
1.798625,8849.444
1.800763,9348.694
1.8029,9845.693
1.805038,10330.77
1.807175,10791.64
1.809313,11215.51
1.81145,11588.13
1.813588,11896.19
1.815725,12127.04
1.817863,12271.02
1.82,12321.54
1.822138,12276.39
1.824275,12137.76
1.826413,11911.86
1.82855,11608.71
1.830688,11240.27
1.832825,10820.54
1.834963,10362.95
1.8371,9881.101
1.839238,9386.415
1.841375,8889.499
1.84565,7919.369
1.847788,7457.387
1.849925,7015.971
1.852063,6596.787
1.8542,6201.325
1.856479,5805.872
1.858757,5437.408
1.861035,5094.942
1.863313,4777.318
1.865591,4483.171
1.867869,4211.025
1.870147,3959.365
1.872425,3726.685
1.874704,3511.441
1.876982,3312.43
1.87926,3128.247
1.881538,2957.671
1.883816,2799.572
1.886094,2652.908
1.888372,2516.724
1.89065,2390.143
1.892929,2272.318
1.895207,2162.623
1.897485,2060.338
1.899763,1964.862
1.902041,1875.643
1.904319,1792.182
1.906597,1714.022
1.908875,1640.75
1.911154,1571.957
1.913432,1507.361
1.91571,1446.616
1.917988,1389.435
1.920266,1335.556
1.922544,1284.741
1.924822,1236.769
1.9271,1191.44
1.929379,1148.552
1.931657,1107.974
1.936213,1033.078
1.940769,965.6355
1.945325,904.7122
1.949882,849.5015
1.954438,799.3468
1.958994,753.6507
1.96355,711.9093
1.968107,673.6781
1.972663,638.5952
1.977219,606.3219
1.981775,576.5696
1.986332,549.0799
1.990888,523.6422
1.995444,500.0543
2.0,478.1427
2.00586,452.1782
2.011719,428.4515
2.017579,406.7065
2.023438,386.7368
2.029298,368.349
2.035157,351.3868
2.041016,335.7043
2.046875,321.1763
2.052735,307.6904
2.058594,295.1536
2.064454,283.4751
2.070313,272.5819
2.076173,262.4019
2.082032,252.8771
2.087891,243.9512
2.09375,235.5747
2.09961,227.7022
2.105469,220.2964
2.111329,213.3186
2.117188,206.7386
2.123048,200.5246
2.128907,194.6517
2.134766,189.0944
2.140625,183.8304
2.152344,174.1013
2.164063,165.3221
2.175782,157.3724
2.1875,150.1504
2.199219,143.5682
2.210938,137.5523
2.222657,132.0386
2.234375,126.9727
2.246094,122.3059
2.257813,117.9972
2.269532,114.0104
2.28125,110.3138
2.292969,106.8791
2.304688,103.6818
2.316407,100.7002
2.328125,97.91516
2.339844,95.30892
2.351563,92.86639
2.363282,90.57381
2.375,88.41904
2.386719,86.39061
2.398438,84.47874
2.410157,82.67441
2.421875,80.9696
2.433594,79.35663
2.445313,77.82892
2.46875,75.00555
2.492188,72.45654
2.515625,70.14637
2.539063,68.04481
2.5625,66.12658
2.585938,64.36989
2.609375,62.75638
2.632813,61.26999
2.65625,59.89711
2.679688,58.62571
2.703125,57.44553
2.726563,56.34741
2.75,55.32347
2.773438,54.36665
2.796875,53.47085
2.820313,52.63052
2.84375,51.84085
2.867188,51.09746
2.890625,50.39653
2.914063,49.73455
2.9375,49.10845
2.984375,47.95287
3.03125,46.91048
3.078125,45.96546
3.125,45.10472
3.171875,44.31736
3.21875,43.59422
3.265625,42.92763
3.3125,42.31103
3.359375,41.73884
3.40625,41.20628
3.453125,40.70923
3.5,40.24413
3.546875,39.80787
3.59375,39.39779
3.640625,39.01151
3.6875,38.64698
3.734375,38.3024
3.78125,37.97615
3.875,37.37326
3.96875,36.82899
4.0625,36.33614
4.15625,35.88926
4.25,35.48436
4.34375,35.11878
4.4375,34.79118
4.53125,34.50161
4.625,34.25173
4.671875,34.14275
4.71875,34.04527
4.765625,33.96024
4.8125,33.88882
4.859375,33.8325
4.90625,33.79314
4.953125,33.77314
5.0,33.77551
5.029572,33.7902
5.059144,33.81649
5.088716,33.85576
5.118288,33.90967
5.14786,33.98013
5.177432,34.06951
5.207004,34.18055
5.236575,34.31662
5.266147,34.48179
5.295719,34.68107
5.325291,34.92058
5.354863,35.20795
5.369649,35.37251
5.384435,35.55281
5.399221,35.75047
5.414007,35.96731
5.428793,36.20539
5.443579,36.46707
5.458365,36.75504
5.47315,37.07239
5.487936,37.42268
5.502722,37.81004
5.517508,38.23926
5.532294,38.71591
5.54708,39.24653
5.561866,39.83886
5.576652,40.50202
5.591438,41.24693
5.606224,42.08665
5.62101,43.03698
5.628403,43.55946
5.635796,44.1171
5.643189,44.71301
5.650582,45.35058
5.657975,46.03365
5.665368,46.76648
5.672761,47.55385
5.680154,48.40112
5.687547,49.31431
5.69494,50.30022
5.702333,51.36656
5.709725,52.52188
5.717118,53.77645
5.724511,55.14147
5.731904,56.62997
5.739297,58.25692
5.74669,60.03964
5.754083,61.99819
5.761476,64.15593
5.768869,66.54022
5.776262,69.18323
5.783655,72.12291
5.791048,75.40444
5.794745,77.1901
5.798441,79.08174
5.802138,81.08886
5.805834,83.21966
5.809531,85.48556
5.813227,87.89667
5.816924,90.46677
5.82062,93.20835
5.824317,96.13827
5.828013,99.27205
5.83171,102.6304
5.835406,106.2329
5.839103,110.1052
5.842799,114.2719
5.846496,118.7653
5.850192,123.6168
5.853889,128.8672
5.857585,134.5569
5.861282,140.738
5.864978,147.4632
5.868675,154.7998
5.872371,162.8166
5.876068,171.6018
5.879764,181.247
5.883461,191.8683
5.887157,203.5883
5.890854,216.5623
5.89455,230.9564
5.896399,238.7533
5.898247,246.9799
5.900095,255.6708
5.901943,264.859
5.903792,274.5855
5.90564,284.8782
5.907488,295.7838
5.909336,307.3473
5.911185,319.6241
5.913033,332.6534
5.914881,346.4983
5.916729,361.2196
5.918578,376.8918
5.920426,393.5685
5.922274,411.3335
5.924122,430.2672
5.925971,450.4672
5.927819,472.0022
5.929667,494.9786
5.931515,519.4962
5.933364,545.673
5.935212,573.5862
5.93706,603.355
5.938908,635.0831
5.940756,668.8685
5.942604,704.7996
5.944452,742.9495
5.9463,783.369
5.948407,832.2462
5.950513,884.0361
5.952619,938.631
5.954725,995.7801
5.956832,1055.11
5.958938,1115.984
5.961044,1177.638
5.96315,1239.055
5.965257,1299.017
5.967363,1356.006
5.969469,1408.427
5.971575,1454.568
5.973682,1492.762
5.975788,1521.45
5.977894,1539.427
5.98,1545.897
5.982107,1540.567
5.984213,1523.705
5.986319,1496.081
5.988425,1458.9
5.990532,1413.643
5.992638,1362.032
5.994744,1305.747
5.99685,1246.415
6.001063,1124.219
6.005275,1004.598
6.007382,947.5905
6.009488,893.1046
6.011594,841.3719
6.0137,792.5308
6.015647,749.989
6.017593,709.9579
6.01954,672.3388
6.021486,637.0863
6.023433,604.0618
6.025379,573.1856
6.027326,544.3064
6.029272,517.3324
6.031219,492.1151
6.033165,468.5631
6.035112,446.5388
6.037058,425.9574
6.039005,406.6959
6.040951,388.6783
6.042897,371.8054
6.044843,355.9937
6.04679,341.1588
6.048736,327.2442
6.050683,314.1694
6.052629,301.8867
6.054576,290.3268
6.056522,279.4498
6.058469,269.1963
6.060415,259.5326
6.062362,250.4082
6.064308,241.7946
6.066255,233.6486
6.068201,225.9464
6.070148,218.6507
6.072094,211.7418
6.075986,198.9743
6.079879,187.4583
6.083772,177.044
6.087665,167.5999
6.091558,159.0128
6.095451,151.1849
6.099344,144.0317
6.103237,137.4794
6.107129,131.4657
6.111022,125.9314
6.114915,120.8292
6.118808,116.1161
6.122701,111.754
6.126594,107.7094
6.130487,103.9527
6.13438,100.4576
6.138272,97.20132
6.142165,94.16136
6.146058,91.31987
6.149951,88.66007
6.153844,86.16694
6.157737,83.82692
6.16163,81.62781
6.165523,79.55859
6.169415,77.60975
6.173308,75.77125
6.177201,74.03538
6.181094,72.39466
6.184987,70.84229
6.192773,67.97822
6.200558,65.3998
6.208344,63.06967
6.21613,60.95717
6.223916,59.03595
6.231701,57.28369
6.239487,55.68067
6.247273,54.21051
6.255059,52.85878
6.262844,51.61316
6.27063,50.46245
6.278416,49.39725
6.286202,48.40921
6.293987,47.49106
6.301773,46.63606
6.309559,45.83856
6.317345,45.09342
6.32513,44.39616
6.332916,43.74252
6.340702,43.12894
6.348488,42.55213
6.356273,42.0092
6.364059,41.49737
6.371845,41.01428
6.387416,40.12591
6.402988,39.32888
6.418559,38.61073
6.434131,37.96095
6.449702,37.37085
6.465274,36.83293
6.480845,36.34099
6.496417,35.88958
6.511988,35.47417
6.52756,35.09075
6.543131,34.73592
6.558703,34.40666
6.574274,34.1004
6.589846,33.81484
6.605417,33.54801
6.620989,33.2981
6.63656,33.06361
6.652132,32.84311
6.667703,32.63539
6.698846,32.25401
6.729989,31.91201
6.761132,31.60338
6.792275,31.3232
6.823418,31.06746
6.854561,30.83284
6.885704,30.61655
6.916847,30.41628
6.94799,30.23006
6.979133,30.05624
7.010275,29.8934
7.041418,29.7403
7.072561,29.59592
7.134847,29.32978
7.197133,29.08902
7.259419,28.86911
7.321705,28.66651
7.383991,28.47843
7.446277,28.30265
7.508563,28.1374
7.570849,27.98122
7.633135,27.83291
7.695421,27.6915
7.757707,27.55617
7.882279,27.30106
8.00685,27.06326
8.131422,26.83957
8.255994,26.62761
8.380566,26.42557
8.505138,26.23204
8.62971,26.04592
8.754282,25.86631
8.878854,25.6925
9.003425,25.52389
9.252569,25.20045
9.501713,24.89299
9.750857,24.59944
10.0,24.31844
10.18102,24.12169
10.36203,23.93108
10.54304,23.74679
10.72405,23.56931
10.81456,23.48341
10.90507,23.39963
10.99558,23.31824
11.08608,23.23957
11.17659,23.16407
11.26709,23.09234
11.3576,23.02515
11.4481,22.96363
11.53861,22.90926
11.58387,22.88539
11.62912,22.86416
11.67438,22.84596
11.71963,22.8313
11.76488,22.82077
11.81013,22.81507
11.85539,22.8151
11.90064,22.82196
11.94589,22.83701
11.99114,22.86199
12.0364,22.89908
12.05903,22.92304
12.08165,22.95112
12.10428,22.98387
12.1269,23.02178
12.14953,23.06557
12.17215,23.11593
12.19478,23.17377
12.21741,23.2401
12.24004,23.31609
12.26266,23.40311
12.28529,23.50288
12.30792,23.61734
12.33055,23.74887
12.35317,23.90021
12.3758,24.07495
12.39843,24.27724
12.40975,24.39034
12.42106,24.51226
12.43237,24.64394
12.44368,24.78632
12.455,24.94061
12.46631,25.10773
12.47762,25.28915
12.48893,25.48641
12.50025,25.70141
12.51156,25.93577
12.52287,26.1919
12.53418,26.47236
12.5455,26.78041
12.55681,27.11891
12.56813,27.49243
12.57944,27.90492
12.59076,28.36248
12.60207,28.87066
12.61338,29.4373
12.62469,30.07125
12.63601,30.78375
12.64167,31.17317
12.64732,31.5863
12.65298,32.02664
12.65863,32.49485
12.66429,32.99503
12.66994,33.52813
12.6756,34.09907
12.68126,34.71026
12.68692,35.36548
12.69257,36.06762
12.69823,36.82384
12.70388,37.63672
12.70954,38.51505
12.71519,39.46238
12.72085,40.48962
12.72651,41.60375
12.73217,42.81453
12.73782,44.1307
12.74348,45.56969
12.74914,47.14398
12.7548,48.87054
12.76045,50.76554
12.76611,52.8585
12.77177,55.17298
12.77743,57.7403
12.78308,60.59213
12.78874,63.78226
12.79157,65.51832
12.79439,67.35134
12.79722,69.30247
12.80005,71.3743
12.80288,73.57662
12.8057,75.91168
12.80853,78.40787
12.81136,81.07029
12.81419,83.9134
12.81702,86.95323
12.81985,90.20756
12.82268,93.6961
12.82551,97.44082
12.82833,101.4514
12.83116,105.7835
12.83399,110.4538
12.83682,115.4964
12.83964,120.9296
12.84247,126.8345
12.8453,133.2408
12.84813,140.2029
12.85095,147.7534
12.85378,156.0149
12.85661,165.039
12.85944,174.9131
12.86227,185.7356
12.8651,197.6172
12.86793,210.6824
12.87076,225.0705
12.87358,240.8775
12.87641,258.3865
12.87924,277.7316
12.88207,299.1158
12.88489,322.665
12.88772,348.7653
12.89055,377.5517
12.89338,409.2177
12.8962,443.7828
12.89832,471.792
12.90043,501.3808
12.90254,532.61
12.90465,565.3437
12.90677,599.5257
12.90888,634.5088
12.91099,670.0099
12.9131,705.4579
12.91522,740.3111
12.91733,773.411
12.91944,804.0012
12.92155,831.1063
12.92367,853.8568
12.92578,871.1562
12.92789,882.411
12.93,887.1472
12.93212,885.1536
12.93423,876.5725
12.93634,861.8271
12.93845,841.5803
12.94057,816.5449
12.94268,787.9002
12.94479,756.5007
12.9469,723.2676
12.94902,688.8712
12.95113,654.3559
12.95324,620.1507
12.95535,586.7181
12.95747,554.2528
12.95958,523.3047
12.96169,493.8735
12.9638,466.0457
12.96552,444.5716
12.96724,424.182
12.96896,404.8599
12.97068,386.578
12.9724,369.3012
12.97412,352.9893
12.97584,337.5988
12.97755,323.1664
12.97927,309.4772
12.98099,296.5725
12.98271,284.4071
12.98442,273.002
12.98614,262.1819
12.98786,251.9753
12.98958,242.3438
12.99129,233.3027
12.99301,224.7121
12.99473,216.5943
12.99645,208.9193
12.99817,201.6587
12.99989,194.7862
13.00161,188.2771
13.00333,182.1086
13.00504,176.2922
13.00848,165.4687
13.01191,155.7265
13.01535,146.8845
13.01878,138.8863
13.02222,131.5916
13.02566,124.943
13.0291,118.8693
13.03253,113.3239
13.03597,108.2203
13.0394,103.5406
13.04284,99.21604
13.04627,95.23506
13.04971,91.54205
13.05314,88.12994
13.05658,84.95341
13.06001,82.00845
13.06345,79.25781
13.06688,76.69959
13.07032,74.30286
13.07375,72.06725
13.07719,69.96682
13.08063,67.99667
13.08407,66.14634
13.0875,64.41127
13.09094,62.77279
13.09437,61.23275
13.09781,59.77511
13.10124,58.402
13.10468,57.0996
13.10811,55.8702
13.11498,53.5967
13.12185,51.54749
13.12872,49.69396
13.1356,48.00954
13.14247,46.4785
13.14934,45.08065
13.15621,43.80089
13.16308,42.62617
13.16995,41.5452
13.17682,40.54816
13.18369,39.62648
13.19057,38.77146
13.19744,37.97901
13.20431,37.242
13.21118,36.55531
13.21805,35.91439
13.22492,35.31518
13.23179,34.75407
13.23866,34.22783
13.24554,33.73289
13.25241,33.26807
13.25928,32.8303
13.26615,32.41746
13.27302,32.02766
13.27989,31.65916
13.29363,30.97993
13.30738,30.36845
13.32112,29.81649
13.33486,29.31597
13.3486,28.86049
13.36235,28.4443
13.37609,28.06335
13.38983,27.71337
13.40357,27.39094
13.41732,27.09288
13.43106,26.81706
13.4448,26.56102
13.45854,26.3228
13.47229,26.10051
13.48603,25.89298
13.49977,25.69869
13.51351,25.51646
13.52726,25.34511
13.541,25.18395
13.55474,25.03199
13.56848,24.88851
13.59597,24.62419
13.62345,24.38651
13.65094,24.17149
13.67842,23.97614
13.70591,23.79771
13.73339,23.63413
13.76088,23.48347
13.78836,23.34426
13.81585,23.21507
13.84333,23.09487
13.87082,22.98259
13.8983,22.87747
13.92579,22.7787
13.95327,22.6857
13.98076,22.59787
14.00824,22.51476
14.06321,22.36091
14.11818,22.22124
14.17315,22.09348
14.22812,21.97578
14.28309,21.86664
14.33806,21.76487
14.39303,21.66944
14.448,21.57955
14.50297,21.49451
14.55794,21.41372
14.61291,21.33669
14.72285,21.19229
14.8328,21.05863
14.94274,20.9337
15.05268,20.81596
15.16262,20.70421
15.27256,20.59755
15.3825,20.4952
15.60238,20.30127
15.82226,20.11882
16.04214,19.94546
16.26202,19.77945
16.4819,19.61957
16.70179,19.4649
16.92167,19.31477
17.14155,19.1687
17.36143,19.02634
17.58131,18.88746
17.80119,18.75197
18.02107,18.61989
18.24095,18.49145
18.46084,18.36704
18.57078,18.30656
18.68072,18.24741
18.79066,18.18973
18.9006,18.13375
19.01054,18.07972
19.12048,18.028
19.23042,17.97903
19.34036,17.93338
19.4503,17.8918
19.56024,17.85528
19.61521,17.83932
19.67018,17.82514
19.72515,17.813
19.78012,17.80318
19.83509,17.796
19.89006,17.79185
19.94503,17.79121
20.0,17.79464
20.04581,17.80107
20.09162,17.81125
20.13743,17.82573
20.18323,17.84514
20.22904,17.87026
20.27484,17.902
20.32065,17.94149
20.36645,17.99005
20.41226,18.04935
20.45807,18.12141
20.48098,18.163
20.50388,18.20875
20.52678,18.25909
20.54968,18.3145
20.57259,18.37552
20.59549,18.44269
20.61839,18.51674
20.64129,18.59842
20.6642,18.68865
20.6871,18.78836
20.71,18.89875
20.7329,19.02117
20.75581,19.15721
20.77871,19.30857
20.80162,19.47749
20.82452,19.6663
20.84743,19.87811
20.87033,20.11619
20.89323,20.3848
20.91613,20.68893
20.92759,20.85631
20.93904,21.03478
20.95049,21.22546
20.96194,21.42942
20.97339,21.64783
20.98484,21.88203
20.99629,22.13349
21.00774,22.40385
21.0192,22.69523
21.03065,23.0092
21.0421,23.34833
21.05355,23.71527
21.065,24.11301
21.07645,24.54498
21.0879,25.01504
21.09935,25.52764
21.11081,26.08841
21.12226,26.70225
21.13371,27.37646
21.14516,28.11895
21.15662,28.93976
21.16807,29.8483
21.17952,30.85811
21.19097,31.98434
21.20243,33.24635
21.20816,33.93456
21.21388,34.66368
21.21961,35.43971
21.22533,36.2637
21.23106,37.14275
21.23678,38.07842
21.24251,39.07913
21.24823,40.14709
21.25396,41.29243
21.25968,42.51826
21.26541,43.83683
21.27113,45.25249
21.27686,46.78023
21.28258,48.42607
21.28831,50.20858
21.29404,52.13961
21.29977,54.23577
21.30549,56.51184
21.31122,58.99748
21.31694,61.70887
21.32267,64.68423
21.32839,67.94638
21.33412,71.54543
21.33984,75.51388
21.34557,79.91859
21.35129,84.80643
21.35416,87.46628
21.35702,90.26841
21.35988,93.23319
21.36274,96.37314
21.36561,99.71387
21.36847,103.2472
21.37133,107.0007
21.37419,110.9926
21.37706,115.2582
21.37992,119.7898
21.38279,124.6434
21.38565,129.8123
21.38852,135.3625
21.39138,141.2887
21.39424,147.6461
21.3971,154.476
21.39997,161.8503
21.40283,169.7689
21.40569,178.3137
21.40855,187.5485
21.41142,197.5813
21.41428,208.4231
21.41714,220.198
21.42,233.008
21.42287,247.0187
21.42573,262.2623
21.42859,278.9315
21.43145,297.1902
21.43432,317.2966
21.43718,339.3183
21.44004,363.5539
21.4429,390.2615
21.44577,419.8341
21.44863,452.3784
21.45149,488.3283
21.45435,528.0385
21.45722,572.0327
21.45865,595.6151
21.46008,620.359
21.46151,646.3027
21.46294,673.4797
21.46437,701.9172
21.4658,731.6341
21.46794,778.5098
21.47008,828.236
21.47222,880.6928
21.47435,935.3832
21.47649,992.4425
21.47863,1051.067
21.48077,1110.503
21.4829,1169.505
21.48504,1227.435
21.48718,1282.615
21.48932,1333.483
21.49145,1378.196
21.49359,1415.556
21.49573,1443.861
21.49787,1461.92
21.5,1468.945
21.50214,1464.708
21.50428,1449.378
21.50642,1423.682
21.50855,1388.941
21.51069,1346.262
21.51283,1297.386
21.51497,1243.947
21.5171,1187.776
21.51924,1129.746
21.52138,1071.324
21.52565,957.312
21.52779,902.8014
21.52993,850.6389
21.53207,801.0803
21.5342,754.4771
21.53669,703.502
21.53918,656.2644
21.54167,612.64
21.54415,572.6043
21.54664,535.6243
21.54912,501.7725
21.55161,470.5472
21.55409,441.9762
21.55658,415.6143
21.55906,391.4723
21.56155,369.1674
21.56403,348.7064
21.56652,329.7653
21.569,312.3525
21.57149,296.196
21.57397,281.3071
21.57646,267.4579
21.57895,254.6131
21.58144,242.6846
21.58392,231.6357
21.58641,221.3056
21.58889,211.7129
21.59138,202.7217
21.59386,194.3518
21.59635,186.4878
21.59883,179.1496
21.60132,172.2389
21.6038,165.7756
21.60629,159.6752
21.60877,153.9573
21.61126,148.5491
21.61374,143.4694
21.61623,138.6551
21.61872,134.1067
21.62121,129.8056
21.62369,125.7503
21.62866,118.2486
21.63363,111.4914
21.6386,105.3847
21.64357,99.8489
21.64854,94.81594
21.65351,90.2274
21.65849,86.02494
21.66346,82.18187
21.66843,78.65169
21.6734,75.40156
21.67837,72.4028
21.68334,69.63028
21.68831,67.0619
21.69328,64.67815
21.69826,62.45751
21.70323,60.39359
21.7082,58.46815
21.71317,56.66912
21.71814,54.98563
21.72311,53.40803
21.72808,51.92757
21.73305,50.53644
21.73803,49.22502
21.743,47.99218
21.74797,46.82943
21.75294,45.73155
21.75791,44.69376
21.76288,43.71174
21.77282,41.89957
21.78277,40.26576
21.79271,38.7904
21.80265,37.45213
21.81259,36.23434
21.82253,35.12285
21.83247,34.10551
21.84241,33.17185
21.85235,32.31284
21.8623,31.51983
21.87224,30.78758
21.88218,30.10927
21.89212,29.47964
21.90207,28.89349
21.91201,28.3479
21.92195,27.83865
21.93189,27.3625
21.94184,26.91617
21.95178,26.49795
21.96172,26.10511
21.97166,25.73558
21.9816,25.38748
21.99154,25.05918
22.00148,24.74912
22.01142,24.45596
22.03131,23.91519
22.05119,23.42874
22.07108,22.98889
22.09096,22.59005
22.11085,22.22671
22.13073,21.89493
22.15061,21.59083
22.17049,21.31126
22.19038,21.05339
22.21026,20.81513
22.23015,20.5942
22.25003,20.38906
22.26992,20.19792
22.2898,20.01964
22.30969,19.85283
22.32957,19.69657
22.34946,19.5498
22.36934,19.4118
22.38923,19.2817
22.40911,19.15896
22.429,19.04286
22.44888,18.93297
22.48864,18.72976
22.52841,18.54592
22.56818,18.37872
22.60795,18.22594
22.64771,18.08568
22.68748,17.9563
22.72725,17.83648
22.76702,17.72512
22.80678,17.62124
22.84655,17.52396
22.88632,17.4326
22.92609,17.34653
22.96586,17.2652
23.00563,17.18815
23.0454,17.11497
23.12493,16.9788
23.20447,16.85422
23.284,16.73937
23.36354,16.6327
23.44307,16.53301
23.52261,16.43932
23.60214,16.35086
23.68168,16.26696
23.76121,16.18712
23.84075,16.11091
23.92028,16.03802
23.99982,15.96818
24.07935,15.90123
24.15889,15.83703
24.23843,15.77553
24.31797,15.71672
24.3975,15.6607
24.47704,15.60762
24.55657,15.55769
24.63611,15.51125
24.71564,15.46877
24.79518,15.43084
24.87472,15.39825
24.95426,15.37207
25.03379,15.35364
25.07356,15.34787
25.11333,15.34477
25.1531,15.34462
25.19286,15.34781
25.23263,15.35474
25.2724,15.36593
25.31217,15.38193
25.35193,15.4034
25.3917,15.43113
25.43147,15.46606
25.47124,15.50926
25.51101,15.56202
25.55078,15.62591
25.59055,15.70279
25.63032,15.79492
25.67008,15.90499
25.70985,16.03645
25.72974,16.11146
25.74962,16.19341
25.76951,16.28305
25.78939,16.38105
25.80927,16.48832
25.82915,16.60581
25.84904,16.73469
25.86892,16.87606
25.88881,17.03146
25.90869,17.20233
25.92858,17.39067
25.94846,17.59838
25.96834,17.82794
25.98822,18.08215
26.00811,18.36435
26.02799,18.67803
26.04788,19.02786
26.06776,19.41867
26.08765,19.85692
26.10753,20.34939
26.12741,20.90491
26.14729,21.53383
26.15724,21.87999
26.16718,22.24905
26.17712,22.64335
26.18706,23.06511
26.19701,23.51723
26.20695,24.00154
26.21689,24.52153
26.22683,25.08059
26.23678,25.68314
26.24672,26.33225
26.25666,27.03332
26.2666,27.79174
26.27654,28.61368
26.28648,29.50609
26.29642,30.47689
26.30636,31.53515
26.31631,32.69246
26.32625,33.95847
26.33619,35.34806
26.34613,36.87725
26.35608,38.56647
26.36602,40.43411
26.37596,42.50741
26.3859,44.81666
26.39585,47.40056
26.40082,48.80638
26.40579,50.29692
26.41076,51.87894
26.41573,53.55985
26.4207,55.34782
26.42567,57.25188
26.43064,59.28197
26.43561,61.44916
26.44058,63.76571
26.44555,66.24527
26.45052,68.90304
26.45549,71.75602
26.46046,74.82323
26.46543,78.12606
26.47041,81.69597
26.47538,85.54581
26.48035,89.71319
26.48532,94.23293
26.49029,99.14466
26.49526,104.4936
26.50023,110.3315
26.5052,116.7181
26.51018,123.7364
26.51515,131.4379
26.52012,139.928
26.52509,149.3143
26.53006,159.7224
26.53503,171.3
26.53752,177.5936
26.54,184.2213
26.54249,191.2635
26.54497,198.6928
26.54746,206.6015
26.54995,214.9954
26.55244,223.9131
26.55492,233.3578
26.55741,243.4517
26.55989,254.1643
26.56238,265.6378
26.56486,277.8411
26.56735,290.9404
26.56983,304.9044
26.57232,319.9283
26.5748,335.9819
26.57729,353.2949
26.57977,371.839
26.58226,391.8864
26.58474,413.4113
26.58723,436.7374
26.58847,449.0452
26.58971,461.8424
26.59096,475.2612
26.5922,489.1117
26.59344,503.5248
26.59468,518.5272
26.59593,534.2756
26.59717,550.5477
26.59841,567.4976
26.59965,585.1575
26.6009,603.7124
26.60214,622.9005
26.60338,642.9034
26.60462,663.7588
26.60587,685.6846
26.60711,708.3702
26.60835,732.0288
26.60959,756.7023
26.61084,782.6457
26.61208,809.4876
26.61332,837.4749
26.61456,866.6514
26.61581,897.3103
26.61705,929.0034
26.61829,962.0111
26.61953,996.3715
26.62078,1032.413
26.62202,1069.589
26.62326,1108.207
26.6245,1148.286
26.62561,1185.408
26.62672,1223.707
26.62783,1263.176
26.62894,1303.797
26.63116,1388.378
26.63338,1477.091
26.6356,1569.342
26.63782,1664.26
26.64004,1760.65
26.64225,1856.527
26.64447,1950.857
26.64669,2040.949
26.64891,2124.285
26.65113,2198.2
26.65335,2260.05
26.65557,2307.426
26.65779,2338.374
26.66,2351.569
26.66222,2346.615
26.66444,2323.738
26.66666,2284.068
26.66888,2229.414
26.6711,2162.068
26.67332,2084.597
26.67554,1999.628
26.67775,1910.087
26.67997,1817.43
26.68219,1724.01
26.68663,1540.954
26.68885,1453.516
26.69107,1369.777
26.69329,1290.158
26.6955,1215.224
26.69811,1132.391
26.70072,1055.641
26.70333,984.7741
26.70594,919.5023
26.70855,859.481
26.71116,804.341
26.71377,753.7067
26.71637,707.3809
26.71898,664.656
26.72159,625.3866
26.7242,589.2646
26.7268,556.1283
26.72941,525.4641
26.73202,497.168
26.73463,471.0253
26.73723,446.9307
26.73984,424.5238
26.74245,403.7421
26.74506,384.4425
26.74766,366.5622
26.75027,349.8474
26.75288,334.2642
26.75549,319.7176
26.75809,306.1719
26.7607,293.4458
26.76331,281.5226
26.76592,270.3386
26.76852,259.8751
26.77113,249.9991
26.77374,240.7042
26.77635,231.9472
26.77895,223.7189
26.78156,215.9201
26.78417,208.5504
26.78678,201.5793
26.78939,194.9793
26.79461,182.7929
26.79982,171.8316
26.80504,161.9019
26.81025,152.9133
26.81547,144.7212
26.82068,137.2626
26.8259,130.4277
26.83111,124.1726
26.83633,118.4124
26.84154,113.1161
26.84676,108.2171
26.85197,103.6936
26.85719,99.49242
26.8624,95.59828
26.86762,91.96834
26.87284,88.58558
26.87806,85.42798
26.88327,82.48136
26.88849,79.71691
26.8937,77.12955
26.89892,74.69525
26.90413,72.41071
26.90935,70.25568
26.91456,68.22813
26.91978,66.31091
26.92499,64.5029
26.93021,62.78945
26.93542,61.17009
26.94585,58.17589
26.95628,55.47543
26.96671,53.03104
26.97714,50.81089
26.98757,48.78799
26.998,46.93929
27.00843,45.24503
27.01886,43.68817
27.02929,42.25397
27.03973,40.92842
27.05016,39.70287
27.06059,38.56625
27.07102,37.50994
27.08145,36.52639
27.09188,35.60892
27.10231,34.75158
27.11274,33.9491
27.12318,33.19606
27.13361,32.48971
27.14404,31.82552
27.15447,31.2001
27.1649,30.61041
27.17533,30.05369
27.18576,29.52744
27.19619,29.02941
27.21706,28.10957
27.23792,27.28072
27.25878,26.5305
27.27964,25.84889
27.3005,25.22748
27.32136,24.65908
27.34222,24.13759
27.36308,23.65776
27.38395,23.21486
27.40481,22.8054
27.42567,22.42577
27.44653,22.073
27.4674,21.74434
27.48826,21.43781
27.50912,21.15124
27.52998,20.88283
27.55085,20.63091
27.57171,20.39429
27.59257,20.17161
27.61343,19.96173
27.63429,19.76366
27.65515,19.57648
27.69687,19.23166
27.7386,18.92161
27.78032,18.64189
27.82204,18.38867
27.86376,18.15884
27.90549,17.9498
27.94721,17.75951
27.98893,17.5862
28.03065,17.42843
28.07238,17.28504
28.1141,17.15521
28.15583,17.03821
28.19755,16.93368
28.23928,16.84132
28.281,16.7612
28.32272,16.69354
28.36444,16.63883
28.40617,16.59787
28.44789,16.57185
28.48962,16.56237
28.53134,16.57158
28.57307,16.60238
28.59393,16.62699
28.61479,16.65851
28.63565,16.69761
28.65651,16.74504
28.67737,16.8017
28.69823,16.86865
28.7191,16.94712
28.73996,17.03845
28.76082,17.14434
28.78168,17.26671
28.80255,17.40797
28.82341,17.57071
28.84427,17.75827
28.86513,17.9746
28.886,18.22458
28.90686,18.51379
28.91729,18.67532
28.92772,18.84948
28.93815,19.03745
28.94858,19.2405
28.95901,19.46011
28.96944,19.69788
28.97987,19.95568
28.9903,20.23557
29.00073,20.5399
29.01116,20.87134
29.02159,21.23294
29.03202,21.62816
29.04246,22.06144
29.05289,22.53653
29.06332,23.05915
29.07375,23.63547
29.08418,24.27266
29.09461,24.97915
29.10504,25.76488
29.11547,26.64153
29.1259,27.62313
29.13633,28.72633
29.14155,29.33029
29.14676,29.97133
29.15198,30.65511
29.15719,31.38254
29.16241,32.16034
29.16762,32.98985
29.17284,33.87909
29.17805,34.83004
29.18327,35.85235
29.18848,36.94883
29.1937,38.13126
29.19891,39.40357
29.20413,40.78026
29.20935,42.26985
29.21457,43.88465
29.21978,45.63522
29.225,47.54427
29.23021,49.62275
29.23543,51.89969
29.24064,54.39057
29.24586,57.13306
29.25107,60.14919
29.25629,63.48863
29.2615,67.18308
29.26672,71.29921
29.27193,75.88316
29.27454,78.38073
29.27715,81.02626
29.27976,83.83127
29.28236,86.79656
29.28497,89.95869
29.28758,93.32175
29.29019,96.90239
29.29279,100.7038
29.2954,104.7755
29.29801,109.1255
29.30062,113.7786
29.30322,118.7421
29.30583,124.0845
29.30844,129.8209
29.31105,135.9886
29.31365,142.6025
29.31626,149.7595
29.31887,157.4865
29.32148,165.8408
29.32408,174.8501
29.32669,184.6547
29.3293,195.3007
29.33191,206.8767
29.33451,219.4306
29.33712,233.1682
29.33973,248.1643
29.34234,264.5528
29.34494,282.4083
29.34755,302.0272
29.35016,323.516
29.35277,347.0565
29.35537,372.7349
29.35798,400.938
29.36059,431.754
29.3619,448.2579
29.3632,465.344
29.3645,483.1494
29.3658,501.6835
29.36794,533.79
29.37008,567.8624
29.37222,603.8214
29.37435,641.3287
29.37649,680.4801
29.37863,720.7269
29.38077,761.5547
29.3829,802.1097
29.38504,841.9571
29.38718,879.9443
29.38932,914.9975
29.39145,945.8498
29.39359,971.6748
29.39573,991.2985
29.39787,1003.898
29.4,1008.924
29.40214,1006.217
29.40428,995.8896
29.40642,978.4354
29.40855,954.7606
29.41069,925.6249
29.41283,892.224
29.41497,855.6804
29.4171,817.2497
29.41924,777.5348
29.42138,737.5432
29.42565,659.4813
29.42779,622.1533
29.42993,586.4308
29.43207,552.49
29.4342,520.5715
29.43591,496.3163
29.43762,473.2765
29.43933,451.4319
29.44103,430.8692
29.44274,411.3075
29.44445,392.8265
29.44616,375.3777
29.44786,359.0048
29.44957,343.4641
29.45128,328.804
29.45299,314.9747
29.45469,302.0017
29.4564,289.6859
29.4581,278.1271
29.45981,267.147
29.46151,256.8343
29.46322,247.0296
29.46493,237.7594
29.46664,228.9903
29.46834,220.7377
29.47005,212.8753
29.47176,205.4252
29.47347,198.3617
29.47517,191.699
29.47859,179.2926
29.482,168.1177
29.48541,157.9965
29.48882,148.8077
29.49224,140.4224
29.49565,132.7974
29.49907,125.8073
29.50248,119.4228
29.5059,113.5447
29.50931,108.1533
29.51272,103.1836
29.51613,98.59374
29.51955,94.33492
29.52296,90.39939
29.52638,86.73494
29.52979,83.33724
29.53321,80.1633
29.53662,77.2112
29.54003,74.45302
29.54344,71.87235
29.54686,69.4476
29.55027,67.17965
29.55369,65.04317
29.5571,63.03982
29.56052,61.14802
29.56393,59.36993
29.56734,57.69182
29.57075,56.10637
29.57417,54.60262
29.57758,53.18327
29.58441,50.55881
29.59124,48.1937
29.59806,46.05783
29.60489,44.11698
29.61172,42.35062
29.61855,40.73836
29.62537,39.26476
29.6322,37.91044
29.63903,36.66458
29.64586,35.51581
29.65268,34.4557
29.65951,33.47248
29.66634,32.56011
29.67317,31.71188
29.67999,30.92294
29.68682,30.18571
29.69365,29.49672
29.70048,28.85176
29.7073,28.24796
29.71413,27.68022
29.72096,27.14641
29.72779,26.64385
29.73461,26.17076
29.74827,25.30093
29.76192,24.52292
29.77558,23.82296
29.78923,23.19155
29.80289,22.61898
29.81654,22.09866
29.8302,21.62353
29.84385,21.18895
29.8575,20.78998
29.87115,20.42264
29.88481,20.08333
29.89846,19.76955
29.91212,19.47828
29.92577,19.20769
29.93943,18.9554
29.95308,18.72004
29.96674,18.49972
29.98039,18.2934
30.0077,17.91741
30.03501,17.58387
30.06232,17.28617
30.08963,17.01899
30.11694,16.77797
30.14425,16.55953
30.17156,16.36068
30.19887,16.17894
30.22618,16.01224
30.25349,15.85881
30.2808,15.71715
30.3081,15.58604
30.33541,15.46429
30.36272,15.35101
30.41734,15.14675
30.47196,14.96794
30.52658,14.81065
30.5812,14.6718
30.63582,14.54912
30.69044,14.44087
30.74505,14.34577
30.79967,14.26286
30.85429,14.19155
30.90891,14.13148
30.96353,14.08254
31.01815,14.04488
31.07277,14.01883
31.12739,14.00496
31.182,14.0041
31.23662,14.01734
31.29124,14.04605
31.34586,14.09196
31.40048,14.15722
31.4551,14.24444
31.50972,14.35683
31.56434,14.49832
31.61895,14.67371
31.67357,14.88901
31.70088,15.01386
31.72819,15.15159
31.7555,15.3034
31.78281,15.47067
31.81012,15.65492
31.83743,15.85788
31.86474,16.0815
31.89205,16.32798
31.91936,16.59985
31.94667,16.89995
31.97398,17.23155
32.00129,17.59842
32.0286,18.00486
32.0559,18.45568
32.08321,18.957
32.11052,19.5154
32.13783,20.13878
32.16514,20.8364
32.19245,21.61921
32.21976,22.50027
32.24707,23.49515
32.27438,24.62259
32.28804,25.24317
32.30169,25.9053
32.31535,26.61358
32.329,27.371
32.34266,28.18312
32.35631,29.05374
32.36997,29.9897
32.38362,30.99583
32.39728,32.08059
32.41093,33.25022
32.42459,34.51526
32.43824,35.88386
32.4519,37.36935
32.46555,38.98245
32.4792,40.73888
32.49285,42.65547
32.50651,44.75318
32.52016,47.05125
32.53382,49.57895
32.54747,52.36267
32.56113,55.4417
32.57478,58.85286
32.58844,62.64993
32.59527,64.71001
32.60209,66.88528
32.60892,69.19109
32.61575,71.63425
32.62258,74.2256
32.6294,76.97294
32.63623,79.89742
32.64306,83.00966
32.64989,86.32568
32.65671,89.85789
32.66354,93.63634
32.67037,97.67794
32.6772,102.0071
32.68402,106.6442
32.69085,111.6333
32.69768,117.0021
32.70451,122.7895
32.71133,129.0294
32.71816,135.7894
32.72499,143.1169
32.73182,151.0758
32.73864,159.7256
32.74547,169.1753
32.7523,179.5087
32.75913,190.837
32.76254,196.9046
32.76595,203.2697
32.76937,209.9719
32.77278,216.9928
32.7762,224.3963
32.77961,232.1637
32.78303,240.3674
32.78644,248.9882
32.78985,258.0807
32.79326,267.6792
32.79668,277.8514
32.80009,288.5786
32.80351,299.9683
32.80692,312.0024
32.81034,324.8054
32.81375,338.3605
32.81716,352.7687
32.82057,368.1003
32.82399,384.4828
32.8274,401.9065
32.83082,420.5692
32.83423,440.4675
32.83765,461.8355
32.84106,484.6784
32.84447,509.2012
32.84788,535.5647
32.8513,564.0353
32.85471,594.6479
32.85813,627.8089
32.86154,663.5778
32.86496,702.45
32.86837,744.5185
32.87178,790.2524
32.87519,840.0573
32.87861,894.5576
32.88202,953.9528
32.88544,1019.179
32.88885,1090.514
32.89056,1128.885
32.89227,1169.125
32.89398,1211.344
32.89568,1255.389
32.89739,1301.902
32.89909,1350.464
32.9008,1401.781
32.9025,1455.394
32.90421,1512.083
32.90592,1571.696
32.90763,1634.399
32.90933,1699.965
32.91104,1769.344
32.91274,1841.902
32.91445,1918.679
32.91615,1998.963
32.91786,2083.889
32.91957,2173.183
32.92128,2267.03
32.92298,2365.014
32.92469,2468.448
32.92639,2576.263
32.9281,2689.842
32.9298,2807.939
32.93232,2992.571
32.93483,3187.717
32.93734,3393.633
32.93985,3609.414
32.94237,3834.498
32.94488,4064.948
32.9499,4532.0
32.95242,4761.049
32.95493,4978.55
32.95744,5179.319
32.95995,5356.908
32.96247,5505.469
32.96498,5618.011
32.96749,5690.506
32.97,5719.856
32.97252,5704.726
32.97503,5646.101
32.97754,5546.813
32.98005,5411.291
32.98257,5244.416
32.98508,5053.771
32.98759,4845.13
32.9901,4624.59
32.99513,4168.155
33.00015,3720.716
33.00267,3506.33
33.00518,3301.93
33.00769,3107.658
33.0102,2924.065
33.01332,2711.015
33.01643,2515.174
33.01954,2335.231
33.02265,2170.322
33.02576,2019.438
33.02887,1881.512
33.03198,1755.47
33.03509,1640.272
33.03821,1534.61
33.04132,1438.242
33.04443,1349.968
33.04754,1269.019
33.05065,1194.691
33.05376,1126.355
33.05687,1063.439
33.05998,1005.431
33.0631,951.7054
33.06621,902.1925
33.06932,856.343
33.07243,813.8247
33.07554,774.3396
33.07865,737.6197
33.08176,703.4247
33.08487,671.5379
33.08798,641.7643
33.09109,613.9281
33.0942,587.8704
33.09731,563.4479
33.10042,540.5307
33.10353,519.001
33.10664,498.752
33.10975,479.6868
33.11287,461.6608
33.11598,444.709
33.11909,428.6984
33.1222,413.562
33.12531,399.2386
33.12842,385.6718
33.13464,360.6069
33.14087,337.9689
33.14709,317.5222
33.15331,298.9665
33.15953,282.0783
33.16576,266.6415
33.17198,252.5401
33.1782,239.605
33.18442,227.7118
33.19064,216.7525
33.19686,206.6322
33.20308,197.268
33.2093,188.5867
33.21553,180.5113
33.22175,173.0105
33.22797,166.0205
33.23419,159.4957
33.24042,153.3869
33.24664,147.6773
33.25286,142.3246
33.25908,137.2998
33.26531,132.5696
33.27153,128.1255
33.27775,123.9384
33.28397,119.989
33.29641,112.7349
33.30885,106.2413
33.3213,100.4022
33.33374,95.14205
33.34619,90.3807
33.35863,86.06515
33.37108,82.13679
33.38352,78.55777
33.39596,75.28686
33.4084,72.29133
33.42085,69.54072
33.43329,67.01478
33.44574,64.68789
33.45818,62.54496
33.47063,60.56598
33.48307,58.73957
33.49551,57.05126
33.50795,55.48969
33.5204,54.04368
33.53284,52.70663
33.54529,51.46845
33.55773,50.32405
33.58262,48.28837
33.6075,46.55774
33.63239,45.09718
33.65728,43.88102
33.68217,42.88881
33.70705,42.10542
33.73194,41.5192
33.75683,41.12335
33.78172,40.91438
33.8066,40.89218
33.83149,41.0601
33.85638,41.42506
33.88127,41.99772
33.90615,42.7925
33.93104,43.82952
33.95593,45.13341
33.98082,46.73556
34.0057,48.67425
34.01815,49.78572
34.03059,50.9997
34.04304,52.3261
34.05548,53.77165
34.06793,55.3486
34.08037,57.06549
34.09281,58.93592
34.10525,60.97379
34.1177,63.19661
34.13014,65.61839
34.14259,68.26295
34.15503,71.14849
34.16126,72.69276
34.16748,74.30518
34.1737,75.99192
34.17992,77.75694
34.18614,79.60453
34.19236,81.53921
34.19858,83.56588
34.2048,85.68977
34.21103,87.92011
34.21725,90.25578
34.22347,92.70673
34.22969,95.27988
34.23592,97.98715
34.24214,100.8279
34.24836,103.815
34.25458,106.9579
34.26081,110.272
34.26703,113.7577
34.27325,117.432
34.27947,121.3077
34.28569,125.3988
34.29191,129.7203
34.29813,134.2888
34.30435,139.1221
34.31058,144.2483
34.3168,149.6722
34.32302,155.4254
34.32924,161.5334
34.33547,168.0353
34.34169,174.9408
34.34791,182.2945
34.35413,190.1337
34.36036,198.5139
34.36658,207.4544
34.3728,217.0189
34.37902,227.2643
34.38524,238.2536
34.39146,250.0574
34.39768,262.7545
34.4039,276.4333
34.41013,291.2176
34.41635,307.1723
34.42257,324.4465
34.42879,343.1834
34.43502,363.58
34.43813,374.4293
34.44124,385.7565
34.44435,397.5888
34.44746,409.9557
34.45057,422.8884
34.45368,436.4206
34.4568,450.6349
34.45991,465.4791
34.46302,481.0394
34.46613,497.3604
34.46924,514.4906
34.47235,532.482
34.47546,551.3907
34.47857,571.2772
34.48168,592.2071
34.48479,614.2511
34.4879,637.4863
34.49101,661.9957
34.49412,687.8695
34.49723,715.2058
34.50034,744.1114
34.50345,774.7021
34.50657,807.2118
34.50968,841.5701
34.51279,878.029
34.5159,916.7529
34.51901,957.9217
34.52212,1001.732
34.52523,1048.401
34.52834,1098.164
34.53146,1151.458
34.53457,1208.227
34.53768,1268.95
34.54079,1333.972
34.5439,1403.675
34.54701,1478.472
34.55012,1558.827
34.55323,1645.244
34.55635,1738.588
34.55946,1838.876
34.56257,1947.064
34.56568,2063.887
34.56879,2190.145
34.5719,2326.714
34.57501,2474.534
34.57812,2634.621
34.58123,2808.061
34.58434,2995.996
34.58745,3199.613
34.59056,3420.122
34.59367,3658.716
34.59678,3916.523
34.59989,4194.532
34.603,4493.501
34.60594,4795.761
34.60888,5117.02
34.61182,5456.623
34.61475,5811.946
34.61769,6183.111
34.62063,6565.508
34.6265,7342.371
34.62944,7724.434
34.63238,8090.298
34.63532,8429.886
34.63825,8731.55
34.64119,8986.748
34.64413,9184.64
34.64707,9317.255
34.65,9379.104
34.65294,9368.344
34.65588,9285.74
34.65882,9135.613
34.66175,8925.822
34.66469,8663.939
34.66763,8360.739
34.67057,8026.67
34.6735,7673.004
34.67938,6935.949
34.68525,6209.184
34.68819,5860.579
34.69113,5526.24
34.69407,5207.94
34.697,4907.68
34.69937,4677.487
34.70174,4458.641
34.70411,4250.989
34.70647,4055.075
34.70884,3868.891
34.71121,3692.889
34.71358,3526.626
34.71594,3370.283
34.71831,3222.063
34.72068,3082.175
34.72305,2950.152
34.72541,2826.05
34.72778,2708.381
34.73015,2597.266
34.73252,2492.302
34.73488,2393.518
34.73725,2299.718
34.73962,2210.994
34.74199,2127.029
34.74435,2047.849
34.74672,1972.507
34.74909,1901.086
34.75146,1833.341
34.75382,1769.308
34.75856,1650.199
34.76329,1542.732
34.76802,1445.319
34.77275,1356.805
34.77749,1276.024
34.78222,1202.442
34.78696,1134.981
34.79169,1073.257
34.79643,1016.422
34.80116,964.2032
34.8059,915.9258
34.81063,871.3957
34.81537,830.0717
34.8201,791.8166
34.82484,756.1914
34.82957,723.1005
34.83431,692.1845
34.83904,663.3777
34.84377,636.438
34.8485,611.2085
34.85324,587.4995
34.85797,565.2843
34.86271,544.3536
34.86744,524.6921
34.87218,506.1226
34.87691,488.6383
34.88165,472.0877
34.88638,456.4702
34.89112,441.6555
34.89585,427.6475
34.90532,401.7203
34.91479,378.3109
34.92425,357.123
34.93372,337.8422
34.94319,320.2625
34.95266,304.1874
34.96212,289.4629
34.97159,275.912
34.98106,263.4247
34.99053,251.8905
34.99999,241.2244
35.00001,133.5072
40.0,125.4184
50.0,113.05
60.0,103.9196
70.0,96.82321
72.0,95.5844
85.0,88.62894
100.0,82.35539
125.0,74.53083
150.0,68.75439
170.0,65.08261
200.0,60.64489
250.0,55.10956
300.0,51.02269
350.0,47.84569
400.0,45.28423
500.0,41.36641
600.0,38.47311
700.0,36.22343
720.0,35.8306
850.0,33.62437
1000.0,31.63324
1250.0,29.14773
1500.0,27.31077
1700.0,26.14192
2000.0,24.7276
2500.0,22.96019
3000.0,21.65206
3500.0,20.63259
4000.0,19.80855
5000.0,18.54326
6000.0,17.60376
7000.0,16.86916
7200.0,16.74044
8500.0,16.01448
9999.99,15.35393
10000.01,15.354
10625.01,15.06782
11250.01,14.80434
11875.01,14.5606
12500.01,14.33415
13125.01,14.12298
13750.01,13.92535
14375.01,13.73984
15000.01,13.56518
15625.01,13.40032
16250.01,13.24434
17500.01,12.95589
18750.01,12.69449
20000.0,12.456
21875.0,12.22025
23750.0,12.00878
25625.0,11.81742
27500.0,11.64297
29375.0,11.48289
31250.0,11.33519
33125.0,11.19823
35000.0,11.07068
36875.0,10.95141
38750.0,10.83953
42500.0,10.63484
46250.0,10.45158
50000.0,10.286
55937.5,10.01996
61875.0,9.786691
67812.5,9.579536
73750.0,9.393643
79687.5,9.225363
85625.0,9.07189
97500.0,8.801
97537.74,8.796638
100000.0,8.79
105000.0,8.694178
114600.0,8.615373
114632.1,8.614779
150000.0,8.151
174000.0,7.885
200000.0,7.583
238300.0,7.23
238313.9,7.229933
271500.0,7.12
293600.0,7.074
293618.8,7.073865
300000.0,7.063
316700.0,7.032
316746.3,7.031869
362000.0,6.939
400000.0,6.874
400005.4,6.873978
500000.0,6.813
600000.0,6.8173
700000.0,6.846
800000.0,6.884
900000.0,6.922
1000000.0,6.955
1200000.0,7.001
1400000.0,7.024
1500000.0,7.027
1750000.0,7.015
2000000.0,6.976
2500000.0,6.822
3000000.0,6.593
4000000.0,6.051
5000000.0,5.583
6000000.0,5.2546
6100000.0,5.2141
6100031.0,5.214084
7040000.0,5.0551
8000000.0,4.9792
9000000.0,4.9834
10000000.0,5.044
11000000.0,5.148182
11100000.0,5.14826
12000000.0,5.2176
13000000.0,5.2968
13500000.0,5.3324
13800000.0,5.3528
13800090.0,5.352773
14000000.0,5.3641
15000000.0,5.404
16000000.0,5.4155
17000000.0,5.414
20000000.0,5.4137
