1e-05,159089.6
1.03125e-05,156662.3
1.0625e-05,154342.8
1.09375e-05,152123.5
1.125e-05,149997.3
1.15625e-05,147957.9
1.1875e-05,145999.5
1.21875e-05,144117.0
1.25e-05,142305.5
1.28125e-05,140560.6
1.3125e-05,138878.5
1.34375e-05,137255.4
1.375e-05,135687.9
1.4375e-05,132707.8
1.5e-05,129915.9
1.5625e-05,127293.2
1.625e-05,124823.4
1.6875e-05,122492.0
1.75e-05,120286.7
1.8125e-05,118196.4
1.875e-05,116211.6
1.9375e-05,114323.6
2e-05,112524.8
2.09375e-05,109979.1
2.1875e-05,107599.0
2.28125e-05,105367.0
2.375e-05,103268.6
2.46875e-05,101290.9
2.5625e-05,99422.68
2.65625e-05,97654.29
2.75e-05,95977.11
2.84375e-05,94383.57
2.9375e-05,92866.94
3.03125e-05,91421.21
3.125e-05,90041.05
3.21875e-05,88721.63
3.3125e-05,87458.62
3.40625e-05,86248.12
3.5e-05,85086.59
3.59375e-05,83970.81
3.6875e-05,82897.86
3.78125e-05,81865.06
3.875e-05,80869.97
3.96875e-05,79910.35
4.0625e-05,78984.14
4.25e-05,77224.52
4.4375e-05,75577.64
4.625e-05,74031.95
4.8125e-05,72577.49
5e-05,71205.63
5.15625e-05,70120.04
5.3125e-05,69082.71
5.46875e-05,68090.15
5.625e-05,67139.24
5.78125e-05,66227.15
5.9375e-05,65351.3
6.09375e-05,64509.35
6.25e-05,63699.18
6.40625e-05,62918.82
6.5625e-05,62166.51
6.71875e-05,61440.59
6.875e-05,60739.57
7.1875e-05,59406.72
7.5e-05,58158.07
7.8125e-05,56985.1
8.125e-05,55880.47
8.4375e-05,54837.79
8.75e-05,53851.47
9.0625e-05,52916.61
9.375e-05,52028.9
9.6875e-05,51184.49
0.0001,50379.97
0.000103125,49612.3
0.00010625,48878.76
0.000109375,48176.87
0.0001125,47504.44
0.000115625,46859.45
0.00011875,46240.1
0.000121875,45644.71
0.000125,45071.8
0.000128125,44519.97
0.00013125,43987.97
0.000134375,43474.63
0.0001375,42978.89
0.00014375,42036.36
0.00015,41153.35
0.00015625,40323.87
0.0001625,39542.71
0.00016875,38805.36
0.000175,38107.86
0.00018125,37446.76
0.0001875,36818.99
0.00019375,36221.84
0.0002,35652.9
0.000209375,34847.74
0.00021875,34094.91
0.000228125,33388.96
0.0002375,32725.24
0.000246875,32099.68
0.00025625,31508.76
0.000265625,30949.41
0.000275,30418.9
0.000284375,29914.84
0.00029375,29435.11
0.000303125,28977.81
0.0003125,28541.23
0.000321875,28123.87
0.00033125,27724.35
0.000340625,27341.44
0.00035,26974.01
0.000359375,26621.05
0.00036875,26281.64
0.000378125,25954.92
0.0003875,25640.13
0.000396875,25336.55
0.00040625,25043.55
0.000425,24486.89
0.00044375,23965.88
0.0004625,23476.88
0.00048125,23016.74
0.0005,22582.72
0.000515625,22239.25
0.00053125,21911.05
0.000546875,21597.02
0.0005625,21296.16
0.000578125,21007.57
0.00059375,20730.45
0.000609375,20464.06
0.000625,20207.71
0.000640625,19960.78
0.00065625,19722.73
0.000671875,19493.03
0.0006875,19271.21
0.00071875,18849.45
0.00075,18454.31
0.00078125,18083.11
0.0008125,17733.53
0.00084375,17403.55
0.000875,17091.39
0.00090625,16795.51
0.0009375,16514.55
0.00096875,16247.28
0.001,15992.62
0.00103125,15749.63
0.0010625,15517.44
0.00109375,15295.26
0.001125,15082.38
0.00115625,14878.2
0.0011875,14682.13
0.00121875,14493.64
0.00125,14312.24
0.00128125,14137.53
0.0013125,13969.09
0.00134375,13806.56
0.001375,13649.58
0.0014375,13351.13
0.0015,13071.51
0.0015625,12808.83
0.001625,12561.42
0.0016875,12327.89
0.00175,12106.95
0.0018125,11897.54
0.001875,11698.67
0.0019375,11509.5
0.002,11329.24
0.00209375,11074.13
0.0021875,10835.58
0.00228125,10611.86
0.002375,10401.51
0.00246875,10203.23
0.0025625,10015.92
0.00265625,9838.596
0.00275,9670.402
0.00284375,9510.58
0.0029375,9358.457
0.00303125,9213.432
0.003125,9074.969
0.00321875,8942.589
0.0033125,8815.855
0.00340625,8694.378
0.0035,8577.804
0.00359375,8465.811
0.0036875,8358.105
0.00378125,8254.42
0.003875,8154.511
0.00396875,8058.154
0.0040625,7965.143
0.00425,7788.413
0.0044375,7622.973
0.004625,7467.669
0.0048125,7321.503
0.005,7183.609
0.00515625,7074.473
0.0053125,6970.169
0.00546875,6870.351
0.005625,6774.707
0.00578125,6682.952
0.0059375,6594.827
0.00609375,6510.101
0.00625,6428.559
0.00640625,6350.006
0.0065625,6274.262
0.00671875,6201.165
0.006875,6130.562
0.0071875,5996.295
0.0075,5870.468
0.0078125,5752.23
0.008125,5640.844
0.0084375,5535.67
0.00875,5436.15
0.0090625,5341.793
0.009375,5252.163
0.0096875,5166.879
0.01,5085.599
0.0103125,5008.016
0.010625,4933.857
0.0109375,4862.878
0.01125,4794.854
0.0115625,4729.587
0.011875,4666.892
0.0121875,4606.606
0.0125,4548.574
0.0128125,4492.662
0.013125,4438.742
0.0134375,4386.697
0.01375,4336.42
0.014375,4240.785
0.015,4151.134
0.015625,4066.863
0.01625,3987.452
0.016875,3912.447
0.0175,3841.452
0.018125,3774.12
0.01875,3710.142
0.019375,3649.247
0.02,3591.193
0.0206625,3532.517
0.021325,3476.561
0.0219875,3423.117
0.02265,3372.002
0.0233125,3323.05
0.023975,3276.111
0.0246375,3231.048
0.0253,3187.739
0.02607188,3139.343
0.02684375,3093.015
0.02761563,3048.61
0.0283875,3005.998
0.02915938,2965.057
0.02993125,2925.682
0.03070313,2887.773
0.031475,2851.24
0.03224688,2816.001
0.03301875,2781.981
0.03379063,2749.108
0.0345625,2717.32
0.03610625,2656.765
0.03765,2599.891
0.03919375,2546.335
0.0407375,2495.781
0.04228125,2447.955
0.043825,2402.615
0.04536875,2359.549
0.0469125,2318.57
0.04845625,2279.512
0.05,2242.227
0.0515625,2206.157
0.053125,2171.645
0.0546875,2138.577
0.05625,2106.855
0.0578125,2076.388
0.059375,2047.092
0.0609375,2018.893
0.0625,1991.723
0.0640625,1965.52
0.065625,1940.226
0.0671875,1915.789
0.06875,1892.16
0.0703125,1869.293
0.071875,1847.149
0.075,1804.878
0.078125,1765.073
0.08125,1727.497
0.084375,1691.944
0.0875,1658.235
0.090625,1626.212
0.09375,1595.735
0.096875,1566.68
0.1,1538.938
0.103125,1512.409
0.10625,1487.005
0.109375,1462.647
0.1125,1439.264
0.115625,1416.788
0.11875,1395.164
0.121875,1374.335
0.125,1354.254
0.128125,1334.875
0.13125,1316.157
0.134375,1298.063
0.1375,1280.558
0.140625,1263.609
0.14375,1247.187
0.146875,1231.264
0.15,1215.816
0.15625,1186.246
0.1625,1158.31
0.16875,1131.857
0.175,1106.758
0.18125,1082.899
0.1875,1060.178
0.19375,1038.507
0.2,1017.805
0.2046875,1002.871
0.209375,988.4138
0.2140625,974.4089
0.21875,960.8327
0.2234375,947.6632
0.228125,934.8802
0.2328125,922.465
0.2375,910.4
0.246875,887.2562
0.25625,865.3304
0.265625,844.5186
0.275,824.7289
0.284375,805.88
0.29375,787.8997
0.303125,770.7232
0.3125,754.2925
0.321875,738.5556
0.33125,723.4652
0.340625,708.9789
0.35,695.0577
0.359375,681.6665
0.36875,668.773
0.378125,656.3478
0.3875,644.3638
0.396875,632.796
0.40625,621.6218
0.415625,610.8199
0.425,600.3706
0.434375,590.2559
0.44375,580.4589
0.453125,570.964
0.4625,561.7567
0.471875,552.8232
0.48125,544.151
0.5,527.5434
0.53125,501.8524
0.5625,478.3582
0.59375,456.7822
0.625,436.893
0.65625,418.4964
0.6875,401.4284
0.71875,385.5489
0.75,370.7378
0.78125,356.8909
0.8125,343.9178
0.84375,331.7393
0.875,320.2856
0.90625,309.4954
0.9375,299.3137
0.96875,289.6921
1.0,280.587
1.03125,271.9593
1.0625,263.7736
1.125,248.6047
1.1875,234.86
1.25,222.3567
1.3125,210.9421
1.375,200.4874
1.4375,190.8831
1.5,182.0357
1.5625,173.8646
1.625,166.3001
1.6875,159.2814
1.75,152.7558
1.8125,146.6766
1.875,141.0029
1.9375,135.6984
2.0,130.7309
2.09375,123.8497
2.1875,117.5786
2.28125,111.8461
2.375,106.5909
2.46875,101.7604
2.5625,97.30928
2.65625,93.19795
2.75,89.39212
2.84375,85.86168
2.9375,82.58022
3.03125,79.52446
3.125,76.6738
3.21875,74.00995
3.3125,71.51666
3.40625,69.17939
3.5,66.98519
3.59375,64.92236
3.6875,62.98044
3.78125,61.14998
3.875,59.42246
3.96875,57.79012
4.0625,56.24597
4.15625,54.78363
4.25,53.39731
4.34375,52.08171
4.4375,50.83199
4.53125,49.64373
4.625,48.51286
4.71875,47.43566
4.8125,46.40872
5.0,44.49317
5.15625,43.02467
5.3125,41.66029
5.46875,40.39015
5.625,39.20551
5.78125,38.09867
5.9375,37.06272
6.09375,36.09157
6.25,35.17974
6.40625,34.32234
6.5625,33.51496
6.71875,32.75365
6.875,32.03484
7.03125,31.35529
7.1875,30.7121
7.34375,30.10259
7.5,29.52437
7.65625,28.97523
7.8125,28.45318
7.96875,27.95635
8.125,27.48311
8.28125,27.03188
8.4375,26.60127
8.59375,26.18998
8.75,25.79678
9.0625,25.06041
9.375,24.38428
9.6875,23.76164
10.0,23.18666
10.3125,22.65433
10.625,22.16025
10.9375,21.70062
11.25,21.27209
11.5625,20.87172
11.875,20.49691
12.1875,20.14539
12.5,19.81508
12.8125,19.50419
13.125,19.21111
13.4375,18.93437
13.75,18.67267
14.0625,18.42485
14.375,18.18983
14.6875,17.96668
15.0,17.75452
15.3125,17.55255
15.625,17.36008
15.9375,17.17645
16.25,17.00106
16.5625,16.83336
16.875,16.67287
17.1875,16.51911
17.5,16.37167
17.8125,16.23016
18.125,16.09422
18.75,15.83775
19.375,15.5999
20.0,15.37866
20.46875,15.22256
20.9375,15.07414
21.40625,14.93284
21.875,14.79809
22.34375,14.66943
22.8125,14.54643
23.28125,14.42868
23.75,14.3158
24.21875,14.2075
24.6875,14.10343
25.15625,14.00334
25.625,13.90696
26.09375,13.81406
26.5625,13.72442
27.5,13.55414
28.4375,13.39466
29.375,13.24477
30.3125,13.10337
31.25,12.96954
32.1875,12.84248
33.125,12.72145
34.0625,12.60582
35.0,12.49502
35.9375,12.38855
36.875,12.28595
37.8125,12.18681
38.75,12.09075
39.6875,11.99746
40.625,11.9066
41.5625,11.81789
42.5,11.73106
43.4375,11.64587
44.375,11.56209
45.3125,11.4795
46.25,11.39788
47.1875,11.31705
48.125,11.2368
49.0625,11.15696
50.0,11.07734
51.35305,10.96246
52.7061,10.84716
54.05915,10.73089
55.41219,10.61316
56.76524,10.49339
58.11829,10.37105
59.47134,10.24553
60.82438,10.11623
61.50091,10.04995
62.17743,9.982474
62.85396,9.91371
63.53048,9.843566
64.20701,9.771945
64.88353,9.698751
65.56005,9.623875
66.23657,9.547214
66.9131,9.468656
67.58962,9.388091
68.26614,9.3054
68.94266,9.220467
69.61919,9.13317
70.29571,9.043395
70.97223,8.951024
71.64875,8.855945
72.32528,8.758054
73.0018,8.657267
73.67833,8.55351
74.35485,8.446749
75.03138,8.336986
75.7079,8.224285
76.04616,8.166877
76.38442,8.108796
76.72268,8.050082
77.06094,7.990781
77.39921,7.930949
77.73747,7.870661
78.07573,7.810007
78.41399,7.749091
78.75226,7.688045
79.09052,7.627028
79.42878,7.566228
79.76704,7.505874
80.10531,7.446238
80.44357,7.387649
80.78183,7.330498
81.12009,7.275257
81.45835,7.222488
81.79661,7.172872
82.13487,7.127226
82.47313,7.086533
82.8114,7.051984
83.14966,7.025029
83.48792,7.007422
83.82618,7.001315
84.16445,7.009343
84.50271,7.034756
84.67184,7.055204
84.84097,7.081579
85.0101,7.114541
85.17923,7.15483
85.34837,7.203278
85.5175,7.260809
85.68663,7.328474
85.85576,7.407457
86.02489,7.499094
86.19402,7.6049
86.36315,7.726594
86.53228,7.866134
86.70141,8.025751
86.87054,8.208003
87.03967,8.41582
87.2088,8.652581
87.37793,8.922177
87.54706,9.229126
87.71619,9.57867
87.88532,9.976936
87.96989,10.19655
88.05446,10.43112
88.13903,10.68176
88.22359,10.94962
88.26588,11.09045
88.30816,11.23605
88.35044,11.38665
88.39272,11.54243
88.43501,11.7036
88.47729,11.87033
88.51957,12.04284
88.56185,12.22138
88.60414,12.40622
88.62528,12.50103
88.64642,12.59751
88.66756,12.69567
88.6887,12.79556
88.70984,12.8972
88.73098,13.00063
88.75213,13.10595
88.77327,13.21307
88.79441,13.32211
88.81555,13.43308
88.83669,13.54603
88.85783,13.66099
88.87897,13.77803
88.90011,13.89716
88.92126,14.0185
88.9424,14.14197
88.96354,14.26768
88.98468,14.39567
89.00582,14.52599
89.02696,14.6587
89.0481,14.79384
89.06924,14.93145
89.09039,15.07167
89.11153,15.21441
89.13267,15.35979
89.15381,15.50788
89.17495,15.65872
89.19609,15.81238
89.21723,15.96892
89.23837,16.12841
89.25952,16.29099
89.28066,16.45656
89.3018,16.62527
89.32294,16.7972
89.34408,16.97241
89.36522,17.15099
89.38636,17.333
89.4075,17.51852
89.42865,17.70772
89.44979,17.90051
89.47093,18.09706
89.49207,18.29746
89.51321,18.50179
89.53435,18.71015
89.55549,18.92263
89.57663,19.13933
89.59778,19.36046
89.61892,19.5859
89.64006,19.81587
89.6612,20.05048
89.68234,20.28983
89.70348,20.53405
89.72462,20.78324
89.74576,21.03754
89.76691,21.29719
89.78805,21.56207
89.80919,21.83245
89.83033,22.10845
89.85147,22.39022
89.87261,22.67791
89.89375,22.97166
89.91489,23.27163
89.93604,23.57812
89.95718,23.89102
89.97832,24.21063
89.99946,24.53712
90.0206,24.87068
90.04174,25.21149
90.06288,25.55975
90.08402,25.91566
90.10517,26.27959
90.12631,26.6514
90.14745,27.0315
90.16859,27.42009
90.18973,27.81743
90.21087,28.22374
90.25315,29.06431
90.29544,29.94409
90.33772,30.86491
90.38,31.82938
90.42228,32.84006
90.46457,33.89996
90.50685,35.01153
90.54913,36.1782
90.59141,37.40338
90.6337,38.69104
90.67598,40.04455
90.71827,41.46883
90.76055,42.96779
90.80284,44.54715
90.84512,46.21153
90.8874,47.96717
90.92968,49.82038
90.97197,51.77853
91.01425,53.84819
91.05653,56.03794
91.09881,58.35666
91.1411,60.81468
91.18338,63.42143
91.22566,66.18909
91.26794,69.13042
91.31023,72.26018
91.35251,75.59229
91.39479,79.14446
91.43707,82.93545
91.47936,86.98701
91.52164,91.32022
91.56392,95.96159
91.6062,100.9396
91.64849,106.2872
91.69077,112.0375
91.73305,118.2314
91.77533,124.9136
91.81762,132.1363
91.8599,139.953
91.90218,148.4297
91.94446,157.6397
91.96561,162.5475
91.98675,167.6688
92.00789,173.0178
92.02903,178.6077
92.05017,184.4528
92.07131,190.5682
92.09245,196.9703
92.11359,203.6765
92.13474,210.7089
92.15588,218.0815
92.17702,225.8193
92.19816,233.9459
92.2193,242.4868
92.24044,251.4697
92.26158,260.9245
92.28272,270.8836
92.30387,281.3873
92.32501,292.4642
92.34615,304.1606
92.36729,316.522
92.38843,329.5979
92.40957,343.4426
92.43071,358.1153
92.45185,373.6811
92.473,390.2192
92.49414,407.7929
92.51528,426.4957
92.53642,446.4232
92.55756,467.6806
92.5787,490.3846
92.59984,514.6647
92.62098,540.6644
92.64213,568.5575
92.66327,598.4962
92.68441,630.6927
92.70555,665.3707
92.72669,702.7812
92.74783,743.2066
92.76897,786.9655
92.79011,834.4179
92.81126,885.9974
92.8324,942.1189
92.85354,1003.334
92.87468,1070.244
92.89582,1143.539
92.91696,1224.011
92.9381,1312.57
92.94867,1360.203
92.95924,1410.263
92.96982,1462.958
92.98039,1518.357
92.99096,1576.69
93.00153,1638.153
93.0121,1702.956
93.02267,1771.327
93.03324,1843.51
93.04381,1919.768
93.05438,2000.387
93.06495,2085.673
93.07552,2175.959
93.08609,2271.597
93.09666,2372.975
93.10723,2480.506
93.1178,2594.633
93.12837,2715.835
93.13895,2844.752
93.14952,2981.688
93.16009,3127.346
93.17066,3282.354
93.18123,3447.372
93.1918,3623.099
93.20237,3810.27
93.21294,4009.649
93.22351,4222.024
93.23408,4448.202
93.24465,4688.986
93.25522,4945.173
93.26579,5217.515
93.27636,5506.703
93.28693,5813.324
93.2975,6137.814
93.31016,6550.285
93.32282,6988.561
93.33548,7451.735
93.34813,7937.5
93.36079,8443.453
93.37344,8964.107
93.39875,10023.4
93.41141,10543.26
93.42407,11040.75
93.43673,11502.13
93.44938,11912.54
93.46204,12258.18
93.47469,12525.28
93.48735,12703.48
93.5,12785.21
93.51266,12767.57
93.52532,12652.05
93.53798,12444.6
93.55063,12155.14
93.56329,11795.57
93.57594,11380.28
93.5886,10922.87
93.60125,10437.71
93.62657,9430.136
93.65188,8436.217
93.66454,7960.345
93.67719,7504.423
93.68985,7070.121
93.7025,6659.473
93.7148,6283.049
93.7271,5929.109
93.7394,5597.189
93.7517,5286.545
93.764,4996.238
93.7763,4725.217
93.7886,4472.365
93.8009,4236.549
93.8132,4016.644
93.8255,3811.553
93.8378,3620.226
93.8501,3441.664
93.8624,3274.928
93.8747,3119.138
93.887,2973.476
93.8993,2837.18
93.9116,2709.546
93.9239,2589.926
93.9362,2477.72
93.9485,2372.378
93.9608,2273.392
93.9731,2180.296
93.9854,2092.662
93.9977,2010.096
94.01,1932.238
94.0223,1858.753
94.0346,1789.337
94.0469,1723.708
94.0592,1661.607
94.0715,1602.796
94.0838,1547.056
94.0961,1494.183
94.1207,1396.307
94.1453,1307.837
94.1699,1227.635
94.1945,1154.724
94.2191,1088.264
94.2437,1027.526
94.2683,971.8826
94.2929,920.7862
94.3175,873.7597
94.3421,830.3861
94.3667,790.2994
94.3913,753.1776
94.4159,718.7368
94.4405,686.7256
94.4651,656.9215
94.48969,629.1371
94.51429,603.1735
94.53889,578.8844
94.56349,556.1288
94.58809,534.7798
94.61269,514.7233
94.63729,495.8567
94.66189,478.0873
94.68649,461.3309
94.71109,445.5115
94.73569,430.5601
94.76029,416.4136
94.78489,403.015
94.80949,390.3117
94.83409,378.2562
94.88329,355.9168
94.93249,335.6881
94.98169,317.3091
95.03089,300.5583
95.08009,285.2462
95.12929,271.2101
95.17849,258.3101
95.22769,246.4245
95.27688,235.4503
95.32608,225.2907
95.37528,215.8675
95.42448,207.1097
95.47368,198.9549
95.52288,191.3479
95.57208,184.2394
95.62128,177.586
95.67048,171.3487
95.71968,165.4926
95.76888,159.9865
95.81808,154.8024
95.86728,149.915
95.91648,145.3015
95.96568,140.9412
96.01488,136.8155
96.06407,132.908
96.11327,129.2017
96.16247,125.6833
96.26087,119.16
96.35927,113.2474
96.45766,107.8699
96.55606,102.9619
96.65446,98.46882
96.75286,94.34375
96.85125,90.54653
96.94965,87.04141
97.04805,83.79839
97.14645,80.79101
97.24485,77.99611
97.34325,75.39335
97.44165,72.96479
97.54005,70.6946
97.63844,68.56892
97.73684,66.57483
97.83524,64.70139
97.93364,62.93862
98.03204,61.27759
98.13044,59.71024
98.22884,58.22932
98.32724,56.8283
98.42563,55.50137
98.52403,54.24288
98.62243,53.04811
98.72083,51.91259
98.81923,50.83226
98.91763,49.80342
99.01603,48.82267
99.21282,46.99332
99.40962,45.32204
99.60641,43.79028
99.80321,42.38199
100.0,41.08362
100.1782,39.9928
100.3563,38.9753
100.5344,38.02377
100.7125,37.1323
100.8907,36.29514
101.0688,35.50857
101.2469,34.76791
101.425,34.06943
101.6032,33.40941
101.7813,32.78557
101.9594,32.19481
102.1375,31.63467
102.3156,31.10291
102.4937,30.59752
102.6718,30.11665
102.8499,29.65863
102.8501,96.66746
109.8586,93.77994
116.867,91.15031
123.876,88.74052
130.885,86.5225
137.894,84.47055
144.903,82.56585
151.912,80.79146
158.921,79.13303
165.93,77.57725
172.939,76.11482
179.948,74.73665
186.957,73.43488
193.966,72.20198
200.975,71.03262
214.993,68.86379
229.011,66.89162
243.029,65.08859
257.047,63.43105
271.065,61.90074
285.083,60.48133
299.101,59.16052
313.119,57.92729
327.137,56.77228
341.155,55.68696
355.173,54.665
369.191,53.70038
383.209,52.78791
411.245,51.1009
439.281,49.57419
467.317,48.18319
495.353,46.90915
523.389,45.73609
551.425,44.65149
579.4608,43.64435
607.4965,42.70606
635.5323,41.82904
663.568,41.00682
691.604,40.23358
719.64,39.50485
747.676,38.81648
775.712,38.16486
831.784,36.95909
887.856,35.86662
943.928,34.87032
1000.0,33.95698
1070.313,33.35052
1140.625,32.79255
1210.938,32.27653
1281.25,31.79713
1351.563,31.34977
1421.875,30.93097
1562.5,30.16706
1703.125,29.4854
1843.75,28.87155
1984.375,28.3143
2125.0,27.80495
2265.625,27.33641
2406.25,26.90332
2546.875,26.50116
2687.5,26.12618
2828.125,25.77519
2968.75,25.44564
3250.0,24.84222
3531.25,24.30137
3812.5,23.81249
4093.75,23.36728
4375.0,22.9592
4656.25,22.58298
4937.5,22.23448
5218.75,21.91026
5500.0,21.60744
6062.5,21.05665
6625.0,20.56705
7187.5,20.1273
7750.0,19.7291
8312.5,19.36589
8875.0,19.03254
9437.5,18.72492
10000.0,18.43967
10703.13,18.20058
11406.25,17.97953
12109.38,17.77417
12812.5,17.58257
14218.75,17.23439
15625.0,16.92504
17031.25,16.6472
18437.5,16.39546
19843.75,16.16565
21250.0,15.95448
22656.25,15.75932
24062.5,15.5781
26875.0,15.25086
29687.5,14.96208
32500.0,14.70422
35312.5,14.4717
38125.0,14.26028
40937.5,14.06669
43750.0,13.88835
46562.5,13.72312
49375.0,13.56939
55000.0,13.29109
60625.0,13.04484
66250.0,12.82445
71875.0,12.62532
77500.0,12.44396
83125.0,12.27762
88750.0,12.12418
94375.0,11.98193
100000.0,11.84945
106250.0,11.62116
112500.0,11.40995
118750.0,11.21371
125000.0,11.03065
137500.0,10.69838
150000.0,10.40378
162500.0,10.13997
175000.0,9.901701
187500.0,9.684914
200000.0,9.486426
218750.0,9.21753
237500.0,8.977478
256250.0,8.761232
275000.0,8.564938
293750.0,8.385569
312500.0,8.220722
331250.0,8.068449
350000.0,7.927156
368750.0,7.795517
387500.0,7.672436
425000.0,7.44836
428170.0,7.430613
428172.7,7.430597
428193.0,7.430488
430000.0,7.420446
447500.0,7.326053
465000.0,7.23643
500000.0,7.069893
525000.0,6.917431
550000.0,6.78034
575000.0,6.656838
600000.0,6.545421
650000.0,6.342156
700000.0,6.169483
750000.0,6.004121
800000.0,5.861317
850000.0,5.764097
900000.0,5.676819
1000000.0,5.527174
1041530.0,5.531627
1041534.0,5.531623
1044638.0,5.531965
1047741.0,5.532302
1053947.0,5.532965
1066360.0,5.534245
1066362.0,5.534245
1070180.0,5.534589
1077343.0,5.53533
1084505.0,5.536058
1098830.0,5.53748
1113158.0,5.538948
1127485.0,5.540366
1141813.0,5.541737
1156140.0,5.543061
1179605.0,5.545655
1203070.0,5.548113
1226535.0,5.550436
1250000.0,5.552628
1270760.0,5.553438
1298225.0,5.556545
1325690.0,5.559529
1329421.0,5.559736
1333152.0,5.559944
1340613.0,5.560363
1355535.0,5.56121
1370458.0,5.562069
1385380.0,5.562939
1397760.0,5.564546
1400955.0,5.564633
1404150.0,5.56473
1410540.0,5.564951
1423320.0,5.565506
1436100.0,5.566206
1448880.0,5.567046
1474440.0,5.569125
1500000.0,5.571704
1566460.0,5.653888
1632920.0,5.733092
1699380.0,5.809527
1765840.0,5.883382
1765844.0,5.883386
1770493.0,5.888553
1775142.0,5.893709
1784440.0,5.903981
1789315.0,5.909361
1794190.0,5.914725
1797922.0,5.918842
1801653.0,5.922947
1809115.0,5.931129
1824040.0,5.947374
1824042.0,5.947375
1830599.0,5.954516
1837155.0,5.961625
1850270.0,5.975754
1850276.0,5.97576
1854500.0,5.980323
1859306.0,5.985533
1864112.0,5.990727
1873723.0,6.001071
1892945.0,6.021583
1912168.0,6.041864
1931390.0,6.061916
1931391.0,6.061917
1938577.0,6.069616
1945763.0,6.077292
1960135.0,6.092577
1974508.0,6.107776
1988880.0,6.122888
1988886.0,6.122888
1994443.0,6.127896
2000000.0,6.132918
2022660.0,6.161228
2029118.0,6.169324
2035575.0,6.177393
2048490.0,6.193459
2061405.0,6.209428
2074320.0,6.225299
2074323.0,6.225303
2080571.0,6.232559
2086818.0,6.239793
2099312.0,6.254197
2124303.0,6.282751
2149294.0,6.31097
2174285.0,6.338861
2199277.0,6.366433
2224268.0,6.393691
2274250.0,6.447291
2279490.0,6.453102
2284729.0,6.458899
2295208.0,6.470456
2316165.0,6.493411
2337123.0,6.516166
2358080.0,6.538718
2364915.0,6.546089
2371750.0,6.553439
2377756.0,6.560078
2383762.0,6.566699
2395773.0,6.579891
2419795.0,6.606072
2443818.0,6.631992
2467840.0,6.657652
2475880.0,6.665554
2483920.0,6.673426
2500000.0,6.689081
2508340.0,6.69514
2508346.0,6.695143
2508850.0,6.695508
2516525.0,6.701775
2524199.0,6.708017
2539547.0,6.720434
2570244.0,6.745
2600941.0,6.769215
2631638.0,6.793085
2662335.0,6.816619
2693032.0,6.839824
2754425.0,6.885275
2815819.0,6.929496
2877213.0,6.972536
2938607.0,7.014446
3000000.0,7.055268
3031250.0,7.062241
3062500.0,7.069087
3093750.0,7.075807
3125000.0,7.082406
3187500.0,7.095243
3250000.0,7.107616
3312500.0,7.120481
3375000.0,7.132893
3437500.0,7.144873
3500000.0,7.156434
3562500.0,7.168424
3625000.0,7.180038
3687500.0,7.191287
3750000.0,7.202186
3812500.0,7.213453
3875000.0,7.224377
3937500.0,7.23497
4000000.0,7.245241
4045872.0,7.22933
4091743.0,7.213648
4137614.0,7.198189
4183485.0,7.182947
4229357.0,7.167915
4275228.0,7.153088
4321099.0,7.138461
4366970.0,7.124028
4406534.0,7.111667
4428690.0,7.104806
4446098.0,7.099444
4485662.0,7.087358
4525225.0,7.075404
4564789.0,7.063579
4604353.0,7.051882
4643917.0,7.040307
4683480.0,7.028855
4723045.0,7.017486
4762610.0,7.006233
4802175.0,6.995096
4841740.0,6.984071
4881305.0,6.973156
4920870.0,6.962349
4960435.0,6.951649
5000000.0,6.941051
5031250.0,6.920778
5062500.0,6.900694
5125000.0,6.861083
5187500.0,6.822196
5250000.0,6.784009
5312500.0,6.7465
5375000.0,6.709651
5437500.0,6.673441
5500000.0,6.637851
5562500.0,6.602777
5625000.0,6.56829
5687500.0,6.534373
5750000.0,6.501011
5812500.0,6.468145
5875000.0,6.435804
5937500.0,6.403975
6000000.0,6.372642
6037690.0,6.347339
6075379.0,6.322332
6113069.0,6.297614
6150758.0,6.27318
6188448.0,6.249024
6226137.0,6.225141
6263826.0,6.201528
6301515.0,6.178178
6339205.0,6.155086
6376894.0,6.132249
6414584.0,6.109663
6452273.0,6.087321
6489963.0,6.06522
6527652.0,6.043359
6565341.0,6.021729
6603030.0,6.000329
6603034.0,6.000327
6646689.0,5.975244
6664750.0,5.964957
6690343.0,5.95047
6733998.0,5.925997
6777652.0,5.901821
6821307.0,5.877932
6864961.0,5.854329
6908616.0,5.831005
6952270.0,5.807956
6995925.0,5.785174
7039580.0,5.762656
7083235.0,5.740397
7126890.0,5.718391
7170545.0,5.696635
7214200.0,5.675124
7257855.0,5.653852
7301510.0,5.632817
7345165.0,5.611648
7388820.0,5.590712
7432475.0,5.570008
7476130.0,5.549528
7519785.0,5.52927
7563440.0,5.509232
7607095.0,5.489406
7650750.0,5.469792
7694407.0,5.450172
7738063.0,5.43076
7825375.0,5.392544
7912688.0,5.355115
7956344.0,5.336687
8000000.0,5.318446
8049608.0,5.308338
8099215.0,5.2983
8148823.0,5.288332
8198430.0,5.278433
8248038.0,5.268601
8297645.0,5.258837
8347253.0,5.249138
8396860.0,5.239505
8446468.0,5.229937
8496075.0,5.220433
8545683.0,5.210991
8595290.0,5.201612
8644898.0,5.192293
8694505.0,5.183036
8744113.0,5.173838
8793720.0,5.164699
8793722.0,5.164698
8831010.0,5.15539
8869114.0,5.146106
8944506.0,5.12841
9019898.0,5.111583
9095290.0,5.095605
9170683.0,5.080454
9246075.0,5.066109
9321468.0,5.052549
9396860.0,5.039756
9472253.0,5.027711
9547645.0,5.016393
9623038.0,5.005788
9698430.0,4.995878
9773823.0,4.986645
9849215.0,4.978074
9924608.0,4.97015
10000000.0,4.962857
10062500.0,4.960892
10125000.0,4.959112
10187500.0,4.957514
10250000.0,4.956097
10312500.0,4.954857
10375000.0,4.953794
10437500.0,4.952905
10500000.0,4.952189
10562500.0,4.951641
10625000.0,4.951262
10687500.0,4.951048
10750000.0,4.950999
10812500.0,4.951112
10875000.0,4.951384
10937500.0,4.951814
11000000.0,4.952402
11062500.0,4.953144
11125000.0,4.954039
11187500.0,4.955085
11250000.0,4.956282
11312500.0,4.957624
11375000.0,4.959114
11437500.0,4.960749
11500000.0,4.962528
11562500.0,4.964446
11625000.0,4.966506
11687500.0,4.968704
11750000.0,4.971037
11812500.0,4.973508
11875000.0,4.976113
11937500.0,4.978849
12000000.0,4.981718
12031250.0,4.98486
12062500.0,4.988014
12093750.0,4.991179
12125000.0,4.994355
12156250.0,4.997543
12187500.0,5.000742
12218750.0,5.003951
12250000.0,5.007172
12281250.0,5.010404
12312500.0,5.013647
12343750.0,5.016901
12375000.0,5.020165
12437500.0,5.026724
12500000.0,5.033328
12562500.0,5.039973
12625000.0,5.046659
12687500.0,5.053385
12750000.0,5.060153
12812500.0,5.066962
12875000.0,5.073809
12937500.0,5.080695
13000000.0,5.087622
13062500.0,5.094585
13125000.0,5.101588
13187500.0,5.108628
13250000.0,5.115705
13312500.0,5.122818
13375000.0,5.12997
13437500.0,5.137155
13500000.0,5.144378
13562500.0,5.151636
13625000.0,5.158929
13687500.0,5.166255
13750000.0,5.173617
13812500.0,5.181013
13875000.0,5.188443
13937500.0,5.195905
14000000.0,5.2034
14059000.0,5.211633
14117990.0,5.219871
14176990.0,5.228114
14235980.0,5.236361
14294980.0,5.244614
14353970.0,5.252872
14412960.0,5.261135
14471950.0,5.2694
14530950.0,5.277674
14589940.0,5.285951
14648940.0,5.294232
14707930.0,5.302517
14766930.0,5.31081
14825920.0,5.319102
14884910.0,5.327402
14943900.0,5.335705
15002900.0,5.344013
15061890.0,5.352325
15120890.0,5.360642
15179880.0,5.368961
15238880.0,5.377285
15297870.0,5.385613
15356860.0,5.393944
15415850.0,5.40228
15474850.0,5.41062
15533840.0,5.418963
15592840.0,5.427312
15651830.0,5.435662
15710830.0,5.444016
15769820.0,5.452374
15828810.0,5.460736
15887800.0,5.469099
15943900.0,5.476685
16000000.0,5.484272
16062500.0,5.489485
16125000.0,5.494694
16187500.0,5.4999
16250000.0,5.505103
16312500.0,5.510305
16318200.0,5.510778
16375000.0,5.515502
16437500.0,5.520695
16500000.0,5.525887
16562500.0,5.531075
16625000.0,5.536261
16687500.0,5.541442
16750000.0,5.546621
16812500.0,5.551798
16875000.0,5.556971
16937500.0,5.56214
17000000.0,5.567308
17062500.0,5.572472
17125000.0,5.577633
17187500.0,5.582791
17250000.0,5.587947
17312500.0,5.593099
17375000.0,5.598248
17437500.0,5.603395
17500000.0,5.608539
17562500.0,5.61368
17625000.0,5.618817
17687500.0,5.623951
17750000.0,5.629083
17812500.0,5.634213
17875000.0,5.63934
17937500.0,5.644462
18000000.0,5.649583
18125000.0,5.650646
18250000.0,5.651714
18375000.0,5.652787
18500000.0,5.653869
18625000.0,5.654956
18750000.0,5.656049
18875000.0,5.657147
19000000.0,5.658252
19125000.0,5.659363
19250000.0,5.660479
19375000.0,5.6616
19500000.0,5.662727
19625000.0,5.66386
19750000.0,5.664999
19875000.0,5.666142
20000000.0,5.667291
20000010.0,5.6272
21000000.0,5.59926
21877230.0,5.557296
22000000.0,5.5501
22094640.0,5.544366
22113240.0,5.543224
22199980.0,5.537837
23000000.0,5.483291
24000000.0,5.403
24855580.0,5.327576
25000000.0,5.31446
25249400.0,5.291423
25756490.0,5.24277
26000000.0,5.2184
27000000.0,5.116903
28000000.0,5.0146
28883310.0,4.9235
29000000.0,4.91161
29224350.0,4.888956
30000000.0,4.8136
30572460.0,4.761395
31000000.0,4.724006
32000000.0,4.641334
32451680.0,4.605972
33000000.0,4.564525
33144430.0,4.553862
34000000.0,4.492694
34445390.0,4.462104
35000000.0,4.4251
36000000.0,4.365706
37000000.0,4.31744
37151550.0,4.310973
37521940.0,4.296017
38000000.0,4.278391
38323350.0,4.267464
39000000.0,4.24696
40000000.0,4.2218
40797010.0,4.206342
41000000.0,4.203155
41094740.0,4.201769
41732600.0,4.194074
42000000.0,4.191675
43000000.0,4.186843
44000000.0,4.188212
45000000.0,4.1954
45146390.0,4.196865
45498390.0,4.20043
46000000.0,4.2057
47000000.0,4.217364
48000000.0,4.231391
49000000.0,4.248671
49426400.0,4.257227
50000000.0,4.27
50301280.0,4.277098
51000000.0,4.293471
52000000.0,4.316706
53000000.0,4.339736
53823220.0,4.358562
54000000.0,4.362591
54765240.0,4.379981
55000000.0,4.3853
56000000.0,4.407903
57000000.0,4.430351
57358820.0,4.438349
58000000.0,4.452544
59000000.0,4.474389
59292320.0,4.480696
60000000.0,4.4958
61000000.0,4.515899
61348050.0,4.522436
62000000.0,4.53413
62386670.0,4.54076
63000000.0,4.550874
64000000.0,4.566488
65000000.0,4.5813
66000000.0,4.594773
66930740.0,4.605592
67000000.0,4.606336
68000000.0,4.616241
69000000.0,4.624723
70000000.0,4.632
71000000.0,4.637977
71893750.0,4.642066
72000000.0,4.642476
73000000.0,4.645578
74000000.0,4.647362
75000000.0,4.6479
76000000.0,4.647274
77000000.0,4.645522
77043930.0,4.64542
78000000.0,4.642652
79000000.0,4.638674
79875020.0,4.634294
80000000.0,4.6336
81000000.0,4.627563
82000000.0,4.620673
83000000.0,4.61291
84000000.0,4.604257
84988010.0,4.59482
85000000.0,4.5947
86000000.0,4.584387
87000000.0,4.573454
88000000.0,4.561877
89000000.0,4.549632
90000000.0,4.5367
91000000.0,4.523176
92000000.0,4.509189
93000000.0,4.494776
94000000.0,4.479969
95000000.0,4.4648
96000000.0,4.449255
97000000.0,4.433304
98000000.0,4.416956
99000000.0,4.400219
100000000.0,4.3831
102000000.0,4.348205
104000000.0,4.312753
106000000.0,4.276757
108000000.0,4.240233
110000000.0,4.2032
112000000.0,4.165929
114000000.0,4.128641
116000000.0,4.091283
118000000.0,4.053814
120000000.0,4.0162
122000000.0,3.97886
124000000.0,3.9421
126000000.0,3.905739
128000000.0,3.869619
130000000.0,3.8336
132000000.0,3.797959
134000000.0,3.76301
136000000.0,3.728689
138000000.0,3.694936
140000000.0,3.6617
142000000.0,3.629057
144000000.0,3.597072
146000000.0,3.565687
148000000.0,3.534846
150000000.0,3.5045
