1e-05,110801.5
1.03125e-05,109110.8
1.0625e-05,107495.2
1.09375e-05,105949.4
1.125e-05,104468.4
1.15625e-05,103047.9
1.1875e-05,101683.8
1.21875e-05,100372.6
1.25e-05,99110.78
1.28125e-05,97895.45
1.3125e-05,96723.78
1.34375e-05,95593.23
1.375e-05,94501.44
1.4375e-05,92425.66
1.5e-05,90481.0
1.5625e-05,88654.23
1.625e-05,86933.88
1.6875e-05,85310.01
1.75e-05,83773.93
1.8125e-05,82318.0
1.875e-05,80935.49
1.9375e-05,79620.43
2e-05,78367.5
2.09375e-05,76594.37
2.1875e-05,74936.48
2.28125e-05,73381.87
2.375e-05,71920.24
2.46875e-05,70542.68
2.5625e-05,69241.42
2.65625e-05,68009.68
2.75e-05,66841.47
2.84375e-05,65731.51
2.9375e-05,64675.13
3.03125e-05,63668.13
3.125e-05,62706.8
3.21875e-05,61787.78
3.3125e-05,60908.06
3.40625e-05,60064.9
3.5e-05,59255.86
3.59375e-05,58478.68
3.6875e-05,57731.33
3.78125e-05,57011.95
3.875e-05,56318.84
3.96875e-05,55650.43
4.0625e-05,55005.29
4.25e-05,53779.66
4.4375e-05,52632.56
4.625e-05,51555.93
4.8125e-05,50542.85
5e-05,49587.3
5.15625e-05,48831.16
5.3125e-05,48108.61
5.46875e-05,47417.26
5.625e-05,46754.92
5.78125e-05,46119.62
5.9375e-05,45509.56
6.09375e-05,44923.12
6.25e-05,44358.81
6.40625e-05,43815.27
6.5625e-05,43291.26
6.71875e-05,42785.64
6.875e-05,42297.35
7.1875e-05,41368.98
7.5e-05,40499.26
7.8125e-05,39682.25
8.125e-05,38912.84
8.4375e-05,38186.58
8.75e-05,37499.58
9.0625e-05,36848.42
9.375e-05,36230.1
9.6875e-05,35641.95
0.0001,35081.58
0.000103125,34546.88
0.00010625,34035.94
0.000109375,33547.06
0.0001125,33078.69
0.000115625,32629.44
0.00011875,32198.04
0.000121875,31783.34
0.000125,31384.29
0.000128125,30999.92
0.00013125,30629.37
0.000134375,30271.82
0.0001375,29926.52
0.00014375,29270.03
0.00015,28654.99
0.00015625,28077.24
0.0001625,27533.14
0.00016875,27019.56
0.000175,26533.74
0.00018125,26073.26
0.0001875,25636.01
0.00019375,25220.08
0.0002,24823.8
0.000209375,24262.99
0.00021875,23738.63
0.000228125,23246.92
0.0002375,22784.62
0.000246875,22348.91
0.00025625,21937.33
0.000265625,21547.72
0.000275,21178.22
0.000284375,20827.14
0.00029375,20492.99
0.000303125,20174.48
0.0003125,19870.4
0.000321875,19579.7
0.00033125,19301.43
0.000340625,19034.72
0.00035,18778.81
0.000359375,18532.97
0.00036875,18296.56
0.000378125,18069.0
0.0003875,17849.75
0.000396875,17638.31
0.00040625,17434.23
0.000425,17046.51
0.00044375,16683.63
0.0004625,16343.04
0.00048125,16022.54
0.0005,15720.25
0.000515625,15481.03
0.00053125,15252.44
0.000546875,15033.72
0.0005625,14824.17
0.000578125,14623.17
0.00059375,14430.16
0.000609375,14244.61
0.000625,14066.07
0.000640625,13894.1
0.00065625,13728.3
0.000671875,13568.32
0.0006875,13413.81
0.00071875,13120.06
0.00075,12844.85
0.00078125,12586.33
0.0008125,12342.85
0.00084375,12113.03
0.000875,11895.62
0.00090625,11689.54
0.0009375,11493.86
0.00096875,11307.72
0.001,11130.37
0.00103125,10961.13
0.0010625,10799.42
0.00109375,10644.68
0.001125,10496.42
0.00115625,10354.22
0.0011875,10217.66
0.00121875,10086.39
0.00125,9960.062
0.00128125,9838.385
0.0013125,9721.075
0.00134375,9607.879
0.001375,9498.56
0.0014375,9290.707
0.0015,9095.972
0.0015625,8913.031
0.001625,8740.738
0.0016875,8578.099
0.00175,8424.243
0.0018125,8278.406
0.001875,8139.915
0.0019375,8008.172
0.002,7882.647
0.00209375,7704.992
0.0021875,7538.869
0.00228125,7383.081
0.002375,7236.598
0.00246875,7098.527
0.0025625,6968.093
0.00265625,6844.615
0.00275,6727.497
0.00284375,6616.21
0.0029375,6510.283
0.00303125,6409.301
0.003125,6312.889
0.00321875,6220.712
0.0033125,6132.469
0.00340625,6047.887
0.0035,5966.719
0.00359375,5888.742
0.0036875,5813.751
0.00378125,5741.559
0.003875,5671.998
0.00396875,5604.911
0.0040625,5540.152
0.00425,5417.109
0.0044375,5301.929
0.004625,5193.807
0.0048125,5092.048
0.005,4996.052
0.00515625,4920.076
0.0053125,4847.465
0.00546875,4777.98
0.005625,4711.4
0.00578125,4647.529
0.0059375,4586.186
0.00609375,4527.209
0.00625,4470.45
0.00640625,4415.772
0.0065625,4363.052
0.00671875,4312.173
0.006875,4263.031
0.0071875,4169.58
0.0075,4082.007
0.0078125,3999.717
0.008125,3922.199
0.0084375,3849.008
0.00875,3779.752
0.0090625,3714.092
0.009375,3651.724
0.0096875,3592.381
0.01,3535.826
0.0103125,3481.846
0.010625,3430.249
0.0109375,3380.866
0.01125,3333.542
0.0115625,3288.136
0.011875,3244.521
0.0121875,3202.583
0.0125,3162.216
0.0128125,3123.324
0.013125,3085.818
0.0134375,3049.618
0.01375,3014.649
0.014375,2948.135
0.015,2885.786
0.015625,2827.184
0.01625,2771.964
0.016875,2719.812
0.0175,2670.45
0.018125,2623.638
0.01875,2579.161
0.019375,2536.83
0.02,2496.477
0.0206625,2455.693
0.021325,2416.802
0.0219875,2379.661
0.02265,2344.139
0.0233125,2310.123
0.023975,2277.507
0.0246375,2246.198
0.0253,2216.109
0.02607188,2182.488
0.02684375,2150.306
0.02761563,2119.462
0.0283875,2089.864
0.02915938,2061.431
0.02993125,2034.087
0.03070313,2007.761
0.031475,1982.395
0.03224688,1957.928
0.03301875,1934.308
0.03379063,1911.488
0.0345625,1889.421
0.03610625,1847.389
0.03765,1807.917
0.03919375,1770.754
0.0407375,1735.678
0.04228125,1702.498
0.043825,1671.048
0.04536875,1641.179
0.0469125,1612.76
0.04845625,1585.678
0.05,1559.826
0.0515625,1534.821
0.053125,1510.899
0.0546875,1487.981
0.05625,1465.997
0.0578125,1444.885
0.059375,1424.588
0.0609375,1405.052
0.0625,1386.232
0.0640625,1368.083
0.065625,1350.565
0.0671875,1333.643
0.06875,1317.281
0.0703125,1301.45
0.071875,1286.12
0.075,1256.861
0.078125,1229.314
0.08125,1203.313
0.084375,1178.719
0.0875,1155.403
0.090625,1133.256
0.09375,1112.183
0.096875,1092.095
0.1,1072.918
0.103125,1054.582
0.10625,1037.027
0.109375,1020.196
0.1125,1004.041
0.115625,988.5151
0.11875,973.5785
0.121875,959.1936
0.125,945.3263
0.128125,931.9454
0.13125,919.0223
0.134375,906.5309
0.1375,894.4471
0.140625,882.7485
0.14375,871.4144
0.146875,860.4259
0.15,849.7653
0.15625,829.3632
0.1625,810.0899
0.16875,791.8423
0.175,774.5305
0.18125,758.0753
0.1875,742.4066
0.19375,727.4624
0.2,713.1872
0.2046875,702.8897
0.209375,692.9218
0.2140625,683.2656
0.21875,673.9051
0.2234375,664.8251
0.228125,656.0117
0.2328125,647.4518
0.2375,639.1332
0.246875,623.1759
0.25625,608.0576
0.265625,593.7067
0.275,580.0594
0.284375,567.0597
0.29375,554.6577
0.303125,542.8087
0.3125,531.4726
0.321875,520.6136
0.33125,510.199
0.340625,500.1996
0.35,490.5884
0.359375,481.3414
0.36875,472.4363
0.378125,463.8527
0.3875,455.5721
0.396875,447.5774
0.40625,439.8528
0.415625,432.3837
0.425,425.1566
0.434375,418.1592
0.44375,411.3797
0.453125,404.8077
0.4625,398.4328
0.471875,392.2458
0.48125,386.2382
0.5,374.7283
0.53125,356.909
0.5625,340.597
0.59375,325.6011
0.625,311.7627
0.65625,298.9491
0.6875,287.048
0.71875,275.9633
0.75,265.6131
0.78125,255.9262
0.8125,246.8406
0.84375,238.3022
0.875,230.2634
0.90625,222.682
0.9375,215.5208
0.96875,208.7463
1.0,202.3289
1.0625,190.4608
1.125,179.7325
1.1875,169.9928
1.25,161.1166
1.3125,152.9989
1.375,145.5512
1.4375,138.6981
1.5,132.3754
1.5625,126.5272
1.625,121.1054
1.6875,116.068
1.75,111.3785
1.8125,107.0043
1.875,102.9172
1.9375,99.09166
2.0,95.50543
2.09375,90.53146
2.1875,85.99225
2.28125,81.83759
2.375,78.02443
2.46875,74.51573
2.5625,71.27939
2.65625,68.28752
2.75,65.51577
2.84375,62.94276
2.9375,60.54971
3.03125,58.32001
3.125,56.23894
3.21875,54.29344
3.3125,52.47184
3.40625,50.76374
3.5,49.15977
3.59375,47.65157
3.6875,46.23157
3.78125,44.89295
3.875,43.62954
3.96875,42.43575
4.0625,41.30649
4.15625,40.23714
4.25,39.22349
4.34375,38.26169
4.4375,37.34822
4.53125,36.47986
4.625,35.65363
4.8125,34.11694
5.0,32.71888
5.15625,31.64782
5.3125,30.65334
5.46875,29.72821
5.625,28.86603
5.78125,28.0611
5.9375,27.30837
6.09375,26.60334
6.25,25.94197
6.40625,25.32066
6.5625,24.73616
6.71875,24.18555
6.875,23.66619
7.03125,23.17571
7.1875,22.71194
7.34375,22.27292
7.5,21.85687
7.65625,21.46216
7.8125,21.08733
7.96875,20.73099
8.125,20.39192
8.4375,19.76113
8.75,19.18692
9.0625,18.66245
9.375,18.18194
9.6875,17.74038
10.0,17.33352
10.3125,16.95762
10.625,16.60949
10.9375,16.28631
11.25,15.98566
11.5625,15.70537
11.875,15.44355
12.1875,15.19854
12.5,14.96886
12.8125,14.7532
13.125,14.55041
13.4375,14.35943
13.75,14.17934
14.0625,14.00932
14.375,13.84862
14.6875,13.6966
15.0,13.55262
15.3125,13.4162
15.625,13.28684
15.9375,13.16411
16.25,13.04764
16.875,12.83219
17.5,12.63824
18.125,12.46416
18.75,12.30878
19.0625,12.2379
19.375,12.17149
19.6875,12.10956
20.0,12.05216
20.41654,11.98282
20.83307,11.92195
21.2496,11.87001
21.66613,11.82761
22.08266,11.79558
22.49919,11.77501
22.91572,11.76729
23.33225,11.77417
23.74879,11.79791
23.95706,11.81697
24.16532,11.84138
24.37359,11.87162
24.58185,11.90823
24.79012,11.95185
24.99838,12.00317
25.20665,12.063
25.41491,12.13227
25.62318,12.21202
25.83144,12.30347
26.03971,12.40801
26.24797,12.52725
26.45624,12.66307
26.6645,12.81763
26.87277,12.99349
27.08104,13.19364
27.28931,13.42158
27.49757,13.68148
27.70584,13.97834
27.9141,14.3181
28.12237,14.70796
28.2265,14.92431
28.33063,15.1566
28.43477,15.40624
28.5389,15.67474
28.64303,15.96383
28.74716,16.27545
28.8513,16.61176
28.95543,16.97509
29.05956,17.36817
29.16369,17.79403
29.26783,18.25615
29.37196,18.75827
29.47609,19.30482
29.58022,19.90081
29.68436,20.55199
29.78849,21.26472
29.89262,22.04661
29.99675,22.90627
30.10089,23.85382
30.20502,24.90074
30.30916,26.06086
30.41329,27.34994
30.51743,28.78713
30.62156,30.39454
30.72569,32.19906
30.77776,33.18512
30.82982,34.2328
30.88189,35.34757
30.93396,36.53483
30.98603,37.80077
31.03809,39.15199
31.09016,40.59662
31.14222,42.14255
31.19429,43.79982
31.24635,45.57834
31.29842,47.49058
31.35049,49.54947
31.40256,51.76996
31.45462,54.1684
31.50669,56.7648
31.55875,59.57982
31.61082,62.63922
31.66288,65.97005
31.71495,69.60595
31.76702,73.58357
31.81909,77.94604
31.87115,82.74237
31.89719,85.32242
31.92322,88.03275
31.94925,90.88322
31.97528,93.88343
32.00132,97.04507
32.02735,100.3771
32.05338,103.893
32.07941,107.6063
32.10545,111.5333
32.13148,115.6871
32.15752,120.0886
32.18355,124.7538
32.20959,129.7076
32.23562,134.9697
32.26165,140.5679
32.28768,146.5307
32.31372,152.8925
32.33975,159.6834
32.36578,166.945
32.39181,174.7208
32.41785,183.063
32.44388,192.0195
32.46991,201.6547
32.49594,212.0374
32.52198,223.2496
32.54801,235.3706
32.57405,248.5094
32.60008,262.7693
32.62612,278.2906
32.63914,286.5678
32.65215,295.2096
32.66517,304.2511
32.67818,313.7022
32.6912,323.6026
32.70421,333.9646
32.71723,344.8334
32.73025,356.2329
32.74327,368.1974
32.75628,380.7539
32.7693,393.9616
32.78231,407.8435
32.79533,422.4676
32.80834,437.8622
32.82136,454.1061
32.83438,471.2478
32.8474,489.3525
32.86041,508.4763
32.87343,528.726
32.88644,550.1552
32.89946,572.8895
32.91247,596.9954
32.92549,622.6211
32.93851,649.8708
32.95153,678.8791
32.96454,709.7694
32.97756,742.7519
32.99058,777.9839
33.0036,815.6643
33.01661,855.9809
33.02963,899.2397
33.04265,945.6813
33.05567,995.606
33.06868,1049.305
33.0817,1107.233
33.09471,1169.714
33.10773,1237.305
33.12074,1310.416
33.13376,1389.732
33.14678,1475.839
33.1598,1569.45
33.17281,1671.276
33.18583,1782.352
33.19884,1903.484
33.21186,2035.929
33.22487,2180.664
33.23789,2339.193
33.2444,2424.018
33.25091,2512.789
33.25742,2605.692
33.26393,2702.917
33.27044,2804.653
33.27694,2910.926
33.28345,3022.255
33.28996,3138.664
33.29647,3260.336
33.30297,3387.24
33.30948,3519.922
33.31599,3658.327
33.329,3952.473
33.33969,4211.9
33.35038,4487.187
33.36107,4777.689
33.37175,5081.835
33.38244,5398.115
33.39313,5723.212
33.4145,6381.729
33.42519,6703.493
33.43588,7010.203
33.44657,7293.202
33.45725,7543.134
33.46794,7751.449
33.47863,7909.691
33.48932,8011.235
33.5,8051.697
33.51069,8029.501
33.52138,7945.826
33.53207,7804.672
33.54275,7612.543
33.55344,7377.027
33.56413,7107.139
33.57482,6811.925
33.5855,6500.322
33.60688,5856.545
33.62825,5224.961
33.63894,4923.538
33.64963,4635.078
33.66032,4360.997
33.671,4102.3
33.67898,3919.046
33.68695,3744.57
33.69493,3578.313
33.7029,3420.496
33.71088,3270.476
33.71885,3128.345
33.72682,2993.602
33.73479,2865.921
33.74277,2744.824
33.75074,2630.277
33.75872,2521.663
33.76669,2418.929
33.77467,2321.501
33.78264,2229.318
33.79061,2141.965
33.79858,2059.162
33.80656,1980.552
33.81453,1906.078
33.82251,1835.316
33.83048,1768.222
33.84643,1643.854
33.86237,1531.502
33.87832,1429.671
33.89426,1337.296
33.91021,1253.218
33.92615,1176.626
33.9421,1106.618
33.95805,1042.54
33.974,983.7707
33.98994,929.7959
34.00589,880.0671
34.02183,834.2223
34.03778,791.8286
34.05372,752.6066
34.06967,716.2119
34.08562,682.407
34.10157,650.9581
34.11751,621.6736
34.13346,594.3299
34.1494,568.794
34.16535,544.8833
34.18129,522.4928
34.19724,501.4722
34.21319,481.7261
34.22914,463.1547
34.24508,445.6785
34.26103,429.1936
34.27697,413.6465
34.29292,398.95
34.30886,385.0607
34.32481,371.905
34.34076,359.44
34.37265,336.4047
34.40454,315.6138
34.43643,296.786
34.46833,279.6774
34.50022,264.095
34.53211,249.8582
34.564,236.8166
34.5959,224.8364
34.62779,213.8122
34.65968,203.6415
34.69157,194.2382
34.72347,185.5243
34.75536,177.4387
34.78725,169.9197
34.81914,162.9155
34.85104,156.3778
34.88293,150.2697
34.91482,144.5523
34.94671,139.1928
34.97861,134.1601
35.0105,129.431
35.04239,124.98
35.07428,120.7854
35.10618,116.8266
35.13807,113.0883
35.16996,109.5532
35.20185,106.2068
35.23375,103.0347
35.26564,100.0267
35.32942,94.45646
35.39321,89.41608
35.45699,84.84101
35.52078,80.67373
35.58456,76.86769
35.64835,73.38071
35.71213,70.17855
35.77592,67.22965
35.8397,64.50841
35.90349,61.99083
35.96727,59.65745
36.03106,57.48976
36.09484,55.47275
36.15863,53.59194
36.22241,51.83565
36.2862,50.19238
36.34998,48.65292
36.41377,47.20807
36.47755,45.85047
36.54134,44.57271
36.60512,43.36884
36.66891,42.2328
36.73269,41.15979
36.79648,40.14482
36.86026,39.18394
36.92405,38.273
36.98783,37.40877
37.1154,35.80733
37.24297,34.35705
37.37054,33.03897
37.49811,31.83702
37.62568,30.73754
37.75325,29.72884
37.88083,28.80078
38.0084,27.94483
38.13597,27.15338
38.26354,26.41986
38.39111,25.73855
38.51868,25.10439
38.64625,24.51297
38.77382,23.96033
38.90139,23.44305
39.02896,22.95801
39.15653,22.50247
39.2841,22.07396
39.41167,21.67027
39.53924,21.28944
39.66681,20.92966
39.79438,20.58933
39.92195,20.267
40.04952,19.96135
40.17709,19.67117
40.30466,19.39538
40.43223,19.13296
40.5598,18.88303
40.81494,18.41734
41.07008,17.99245
41.32522,17.60339
41.58036,17.24598
41.8355,16.9166
42.09065,16.61217
42.34579,16.33003
42.60093,16.06786
42.85607,15.82365
43.11121,15.59565
43.36635,15.38231
43.62149,15.18226
43.87663,14.99432
44.13177,14.8174
44.38691,14.65057
44.64205,14.49299
44.89719,14.34388
45.15233,14.20257
45.40747,14.06847
45.66261,13.94101
45.91775,13.81969
46.1729,13.70408
46.42804,13.59377
46.68318,13.48838
46.93832,13.38757
47.4486,13.19849
47.95888,13.02439
48.46916,12.86342
48.97944,12.71404
49.48972,12.57495
50.0,12.44499
50.39063,12.35109
50.78125,12.26158
51.17188,12.17613
51.5625,12.09443
51.95313,12.01621
52.34375,11.94119
53.125,11.7999
53.90625,11.66896
54.6875,11.54705
55.46875,11.43303
56.25,11.32596
57.03125,11.22503
57.8125,11.12956
58.59375,11.03893
59.375,10.95266
60.15625,10.87027
60.9375,10.79139
61.71875,10.71565
62.5,10.64277
63.28125,10.57246
64.0625,10.50449
64.84375,10.43865
65.625,10.37474
67.1875,10.25203
68.75,10.13515
70.3125,10.02313
71.875,9.915119
73.4375,9.810418
75.0,9.708417
76.5625,9.608585
78.125,9.510457
79.6875,9.413612
81.25,9.317674
82.8125,9.222291
84.375,9.127139
85.9375,9.031909
87.5,8.936305
89.0625,8.840037
90.625,8.742817
92.1875,8.644355
93.75,8.544357
95.3125,8.442513
96.875,8.338503
98.4375,8.231983
100.0,8.122583
101.8433,7.989273
102.7649,7.920685
103.6865,7.850677
104.6082,7.779139
105.5298,7.705974
106.4514,7.631058
107.373,7.554272
108.2947,7.475479
109.2163,7.394569
110.1379,7.311402
111.0595,7.225853
111.9812,7.137801
112.9028,7.047179
113.8244,6.953936
114.2852,6.906341
114.746,6.858115
115.2069,6.809277
115.6677,6.759887
116.1285,6.709995
116.5893,6.659682
117.0501,6.609063
117.5109,6.55829
117.9717,6.507569
118.4325,6.457173
118.8934,6.407456
119.3542,6.358927
119.815,6.312223
120.0454,6.289817
120.2758,6.268217
120.5062,6.247576
120.7366,6.22808
120.967,6.209942
121.1974,6.193412
121.4278,6.178782
121.6582,6.1664
121.8886,6.156671
122.119,6.150078
122.3495,6.147195
122.5799,6.148708
122.8103,6.155436
123.0407,6.168365
123.2711,6.188688
123.5015,6.217855
123.7319,6.25764
123.9623,6.310227
124.0775,6.34214
124.1927,6.378315
124.3079,6.419197
124.4231,6.46528
124.5383,6.517125
124.6535,6.575362
124.7687,6.6407
124.8839,6.713942
124.9991,6.796002
125.1143,6.887915
125.2295,6.990865
125.3447,7.106205
125.4599,7.235489
125.5751,7.380504
125.6903,7.543315
125.8055,7.726321
125.9208,7.932498
126.036,8.164754
126.1512,8.427084
126.2664,8.724007
126.3816,9.060876
126.4968,9.444073
126.612,9.881245
126.7272,10.38161
126.7848,10.65891
126.8424,10.95637
126.9,11.27581
126.9576,11.6192
127.0152,11.98876
127.0728,12.38695
127.1304,12.81652
127.188,13.28054
127.2456,13.78246
127.3032,14.32616
127.3608,14.91603
127.4184,15.55699
127.476,16.25466
127.5336,17.0154
127.5912,17.84648
127.6488,18.75621
127.7064,19.75415
127.764,20.85128
127.8216,22.06031
127.8792,23.39604
127.9368,24.87568
127.9656,25.67564
127.9944,26.51942
128.0232,27.41009
128.052,28.35101
128.0808,29.34583
128.1096,30.39855
128.1384,31.51353
128.1672,32.6955
128.196,33.9497
128.2248,35.28185
128.2536,36.69822
128.2824,38.20574
128.3112,39.81204
128.34,41.52553
128.3688,43.35554
128.3976,45.31239
128.4264,47.40758
128.4552,49.65386
128.484,52.06549
128.5128,54.6584
128.5416,57.45043
128.5704,60.46164
128.5992,63.71459
128.628,67.23475
128.6568,71.05098
128.6856,75.196
128.7144,79.70707
128.7432,84.62671
128.772,90.00368
128.8008,95.89394
128.8296,102.3621
128.8584,109.4827
128.8728,113.3143
128.8872,117.3427
128.9016,121.5808
128.916,126.043
128.9304,130.7446
128.9448,135.7021
128.9592,140.9338
128.9736,146.4591
128.988,152.2994
129.0024,158.4779
129.0168,165.0199
129.0312,171.9531
129.0456,179.3075
129.06,187.1161
129.0744,195.415
129.0888,204.2436
129.1032,213.6455
129.1176,223.6679
129.132,234.3635
129.1464,245.7896
129.1608,258.0096
129.1752,271.0934
129.1896,285.1181
129.204,300.1687
129.2184,316.3393
129.2328,333.7334
129.2472,352.4662
129.2616,372.6642
129.276,394.4675
129.2904,418.031
129.3048,443.5253
129.3192,471.138
129.3336,501.0756
129.348,533.564
129.3624,568.849
129.3768,607.1971
129.3912,648.8942
129.4056,694.2447
129.42,743.5661
129.4344,797.1846
129.4488,855.4245
129.4632,918.594
129.4776,986.9655
129.492,1060.748
129.505,1132.097
129.518,1207.924
129.531,1288.076
129.544,1372.226
129.557,1459.833
129.57,1550.09
129.596,1733.796
129.609,1824.018
129.622,1910.454
129.635,1990.743
129.648,2062.38
129.661,2122.874
129.674,2169.94
129.687,2201.706
129.7,2216.899
129.7131,2214.894
129.7262,2195.761
129.7393,2160.525
129.7523,2111.301
129.7654,2049.475
129.7784,1978.377
129.7915,1899.398
129.8045,1816.102
129.8307,1641.707
129.8568,1470.092
129.8699,1387.605
129.8829,1309.095
129.896,1233.772
129.909,1163.023
129.9199,1106.845
129.9308,1053.533
129.9417,1003.046
129.9526,955.3126
129.9635,910.2396
129.9744,867.7195
129.9853,827.6354
129.9961,790.2015
130.007,754.6016
130.0179,721.0695
130.0288,689.4838
130.0397,659.7274
130.0506,631.6873
130.0615,605.2558
130.0724,580.3307
130.0832,557.0251
130.0941,534.8171
130.105,513.8434
130.1159,494.0242
130.1268,475.2847
130.1377,457.555
130.1486,440.7703
130.1595,424.87
130.1703,409.9322
130.1812,395.6284
130.1921,382.0517
130.2138,357.011
130.2356,334.2537
130.2573,313.7088
130.2791,294.9426
130.3009,277.8417
130.3227,262.2211
130.3444,247.9828
130.3662,234.8549
130.388,222.7832
130.4098,211.6596
130.4315,201.4343
130.4533,191.9298
130.4751,183.1211
130.4969,174.9427
130.5186,167.3702
130.5404,160.2822
130.5621,153.6982
130.5839,147.5162
130.6056,141.7567
130.6274,136.3334
130.6492,131.2439
130.671,126.4615
130.6927,121.982
130.7145,117.7422
130.7363,113.7436
130.7581,109.9681
130.7798,106.4153
130.8016,103.0377
130.8234,99.83835
130.8669,93.93899
130.9104,88.61456
130.9539,83.79208
130.9975,79.40014
131.041,75.40622
131.0846,71.74678
131.1281,68.39992
131.1717,65.31681
131.2152,62.48268
131.2587,59.86508
131.3022,57.44209
131.3458,55.18956
131.3893,53.10091
131.4329,51.15158
131.4764,49.33734
131.52,47.63811
131.5635,46.05126
131.607,44.5635
131.6505,43.16654
131.6941,41.85002
131.7376,40.61327
131.7812,39.44456
131.8247,38.34381
131.8683,37.30101
131.9118,36.31649
131.9553,35.38372
131.9988,34.49905
132.0859,32.85899
132.173,31.37491
132.2601,30.02697
132.3471,28.79978
132.4342,27.67633
132.5213,26.64593
132.6084,25.69821
132.6954,24.82511
132.7825,24.0169
132.8696,23.26783
132.9567,22.572
133.0437,21.92497
133.1308,21.3207
133.2179,20.75593
133.305,20.22712
133.392,19.73166
133.4791,19.26558
133.5662,18.827
133.6533,18.41362
133.7403,18.02389
133.8274,17.65509
133.9145,17.30603
134.0016,16.97524
134.0886,16.66172
134.2628,16.07993
134.4369,15.55286
134.6111,15.07281
134.7852,14.63437
134.9594,14.23204
135.1335,13.86202
135.3076,13.52042
135.4817,13.20413
135.6559,12.91027
135.83,12.63685
136.0042,12.3815
136.1783,12.14276
136.3525,11.91878
136.5266,11.70843
136.7008,11.51027
136.8749,11.32343
137.0491,11.14674
137.2232,10.97955
137.5715,10.67029
137.9198,10.3904
138.268,10.13569
138.6163,9.902542
138.9646,9.688138
139.3129,9.490081
139.6612,9.306359
140.0095,9.135273
140.3578,8.975381
140.7061,8.825456
141.0543,8.684481
141.4026,8.55147
141.7509,8.42568
142.4475,8.193133
143.1441,7.982395
143.8406,7.790103
144.5372,7.613615
145.2338,7.450989
145.9304,7.300742
146.6269,7.161807
147.3235,7.033397
148.0201,6.915076
148.7167,6.806657
149.4132,6.708219
150.1098,6.62005
150.8064,6.542746
151.503,6.477166
152.1995,6.424484
152.8961,6.386212
153.5927,6.364292
154.2893,6.361155
154.9859,6.379818
155.6825,6.42402
156.3791,6.498394
156.7274,6.54864
157.0757,6.608685
157.424,6.679468
157.7722,6.762013
158.1205,6.857543
158.4688,6.967353
158.8171,7.09292
159.1654,7.23591
159.5137,7.398194
159.862,7.581888
160.2103,7.789388
160.5585,8.023334
160.9068,8.286949
161.2551,8.583684
161.6034,8.917561
161.9517,9.293186
162.3,9.715855
162.6483,10.19168
162.9966,10.72772
163.1707,11.02076
163.3448,11.33202
163.519,11.66294
163.6931,12.01449
163.8673,12.38851
164.0414,12.78617
164.2156,13.20963
164.3897,13.66025
164.5639,14.1406
164.738,14.65231
164.9122,15.19839
165.0863,15.78083
165.2605,16.40319
165.4346,17.06788
165.6088,17.77915
165.7829,18.53996
165.957,19.35488
166.1311,20.22852
166.3053,21.16651
166.4794,22.17341
166.6536,23.2566
166.8277,24.42177
167.0019,25.67797
167.176,27.03232
167.3502,28.49601
167.5243,30.07808
167.6985,31.79243
167.8726,33.65065
168.0468,35.67023
168.2209,37.86615
168.3951,40.26063
168.5692,42.87329
168.7433,45.73095
168.9174,48.86288
169.0916,52.30472
169.1787,54.15311
169.2657,56.09129
169.3528,58.12952
169.4399,60.27189
169.527,62.52517
169.614,64.89389
169.7011,67.3914
169.7882,70.02361
169.8753,72.79981
169.9623,75.72663
170.0494,78.82175
170.1365,82.09383
170.2236,85.55586
170.3106,89.21772
170.3977,93.1033
170.4848,97.22549
170.5719,101.6029
170.6589,106.2504
170.746,111.2012
170.8331,116.4748
170.9202,122.0985
171.0072,128.0953
171.0943,134.5125
171.1814,141.3805
171.2685,148.7405
171.3555,156.629
171.4426,165.1155
171.5296,174.2378
171.6167,184.0811
171.7037,194.6952
171.7908,206.1861
171.8779,218.6343
171.965,232.1445
172.052,246.8181
172.1391,262.8243
172.2262,280.3021
172.3133,299.4295
172.4003,320.3862
172.4874,343.4569
172.5745,368.8932
172.6616,397.0147
172.7051,412.179
172.7486,428.1574
172.7922,445.0466
172.8357,462.8306
172.8793,481.6586
172.9228,501.5169
172.9664,522.5767
173.0099,544.8279
173.0534,568.4118
173.0969,593.4312
173.1405,620.0623
173.184,648.3064
173.2276,678.4298
173.2711,710.4432
173.3147,744.6584
173.3582,781.0986
173.4017,820.0384
173.4452,861.6966
173.4888,906.421
173.5323,954.2742
173.5759,1005.773
173.6194,1061.01
173.663,1120.602
173.7065,1184.68
173.75,1253.822
173.7935,1328.523
173.8371,1409.525
173.8806,1497.067
173.9242,1592.231
173.9677,1695.326
174.0113,1807.658
174.0548,1929.618
174.0983,2062.449
174.1418,2207.235
174.1854,2365.527
174.2289,2537.855
174.2724,2725.889
174.3159,2930.997
174.3595,3155.088
174.403,3398.459
174.4465,3662.786
174.49,3949.0
174.5282,4218.812
174.5663,4505.097
174.6044,4808.002
174.6425,5126.343
174.6807,5458.993
174.7188,5801.193
174.795,6498.823
174.8332,6842.896
174.8713,7171.988
174.9094,7477.976
174.9475,7751.251
174.9857,7982.777
175.0238,8162.537
175.0619,8283.99
175.1,8342.232
175.1382,8335.081
175.1763,8263.531
175.2144,8131.513
175.2525,7945.339
175.2907,7712.442
175.3288,7443.159
175.3669,7146.295
175.405,6830.826
175.4813,6174.659
175.5575,5527.521
175.5957,5216.908
175.6338,4919.836
175.6719,4637.041
175.71,4369.406
175.7575,4057.471
175.8049,3770.051
175.8524,3505.131
175.8998,3262.62
175.9473,3040.063
175.9947,2836.865
176.0422,2650.622
176.0896,2480.613
176.1371,2324.692
176.1845,2182.184
176.232,2051.257
176.2794,1931.338
176.3269,1820.899
176.3743,1719.484
176.4217,1626.019
176.4691,1539.759
176.5166,1459.869
176.564,1386.083
176.6115,1317.549
176.6589,1254.067
176.7064,1194.931
176.7538,1140.0
176.8013,1088.687
176.8487,1040.892
176.8962,996.1249
176.9436,954.3174
176.9911,915.0591
177.0385,878.3046
177.086,843.7075
177.1334,811.2403
177.1808,780.6712
177.2282,751.8576
177.2757,724.6141
177.3231,698.9367
177.3706,674.6087
177.418,651.6336
177.4655,629.8237
177.5129,609.188
177.6078,570.9619
177.7027,536.4168
177.7976,505.0966
177.8925,476.6126
177.9873,450.6585
178.0822,426.8943
178.1771,405.1024
178.272,385.0694
178.3668,366.6287
178.4617,349.5798
178.5566,333.8013
178.6515,319.1691
178.7463,305.5873
178.8412,292.9308
178.9361,281.1285
179.031,270.1044
179.1259,259.7907
179.2208,250.1265
179.3157,241.0577
179.4106,232.5356
179.5054,224.5245
179.6003,216.968
179.6952,209.8393
179.7901,203.106
179.8849,196.7453
179.9798,190.7173
180.0747,185.0045
180.1696,179.5848
180.2644,174.4435
180.4542,164.8967
180.644,156.2395
180.8338,148.3623
181.0235,141.1755
181.2133,134.5917
181.403,128.5497
181.5928,122.9845
181.7825,117.8507
181.9723,113.0989
182.1621,108.6931
182.3519,104.5994
182.5416,100.79
182.7314,97.23462
182.9212,93.91209
183.111,90.80177
183.3007,87.88679
183.4905,85.14769
183.6803,82.57138
183.8701,80.14469
184.0598,77.85696
184.2496,75.69511
184.4393,73.65179
184.6291,71.7161
184.8188,69.88218
185.0086,68.1409
185.1984,66.48669
185.3882,64.91357
185.5779,63.41684
185.9574,60.62973
186.3369,58.09004
186.7165,55.76736
187.096,53.63749
187.4755,51.67808
187.855,49.87044
188.2346,48.19802
188.6141,46.64768
188.9937,45.20639
189.3732,43.86425
189.7528,42.61114
190.1323,41.43948
190.5118,40.34162
190.8913,39.31106
191.2709,38.34179
191.6504,37.42917
192.0299,36.56834
192.4094,35.75516
192.789,34.98571
193.1685,34.25704
193.548,33.56591
193.9275,32.90959
194.3071,32.28541
194.6866,31.69143
195.0662,31.12529
195.4457,30.58538
196.2048,29.57694
196.9638,28.65408
197.7229,27.80627
198.4819,27.02503
199.241,26.30266
200.0,25.63295
200.498,25.2194
200.996,24.82467
201.494,24.44751
201.9919,24.08685
202.9878,23.41047
203.9837,22.78804
204.9797,22.21313
205.9756,21.68042
206.9715,21.18519
207.9674,20.72343
208.9634,20.29161
209.9593,19.88679
210.9552,19.50625
211.9511,19.14767
212.9471,18.80897
213.943,18.48838
214.9389,18.18426
215.9348,17.89516
216.9308,17.61978
217.9267,17.35699
218.9226,17.10574
219.9185,16.86507
220.9145,16.63411
221.9104,16.41214
222.9063,16.19842
223.9022,15.9923
224.8982,15.79318
225.8941,15.60054
227.8859,15.2327
229.8777,14.88514
231.8695,14.55473
233.8614,14.23871
235.8532,13.9346
237.8451,13.6401
239.8369,13.35307
240.8329,13.21168
241.8288,13.07137
242.8247,12.93188
243.8206,12.79291
244.8166,12.65418
245.8125,12.5154
246.8084,12.37627
247.8043,12.2364
248.8003,12.09543
249.7962,11.95299
250.2942,11.88106
250.7921,11.80862
251.2901,11.73555
251.788,11.66185
252.286,11.58742
252.784,11.51221
253.282,11.43617
253.7799,11.35928
254.2779,11.28148
254.7758,11.20279
255.0248,11.16312
255.2738,11.12325
255.5228,11.08319
255.7717,11.04299
256.0207,11.00264
256.2697,10.96221
256.5187,10.92175
256.7677,10.88133
257.0167,10.84107
257.2657,10.80107
257.5147,10.76153
257.7636,10.72266
258.0126,10.68471
258.2616,10.64808
258.5106,10.61324
258.6351,10.59668
258.7595,10.58084
258.884,10.56581
259.0085,10.55172
259.133,10.53873
259.2575,10.52702
259.382,10.5168
259.5065,10.50829
259.631,10.5018
259.7554,10.49765
259.8799,10.49623
260.0044,10.49802
260.1289,10.50357
260.2534,10.51355
260.3779,10.52876
260.5024,10.55017
260.6269,10.57897
260.7513,10.61656
260.8136,10.63924
260.8758,10.66479
260.9381,10.69357
261.0003,10.72581
261.0626,10.762
261.1248,10.8024
261.1871,10.84763
261.2493,10.89803
261.3116,10.95436
261.3738,11.01711
261.4361,11.08721
261.4983,11.16531
261.5606,11.25264
261.6228,11.35003
261.685,11.4589
261.7472,11.58075
261.8095,11.71752
261.8717,11.87079
261.934,12.04339
261.9962,12.23752
262.0585,12.45704
262.1207,12.7051
262.183,12.98706
262.2452,13.30749
262.2764,13.48489
262.3075,13.67403
262.3386,13.87651
262.3697,14.09348
262.4009,14.32699
262.432,14.57696
262.4631,14.84569
262.4942,15.13493
262.5254,15.44766
262.5565,15.78407
262.5876,16.14757
262.6187,16.54092
262.6498,16.96719
262.6809,17.42989
262.712,17.93298
262.7431,18.48094
262.7743,19.08089
262.8054,19.73486
262.8365,20.45137
262.8676,21.23816
262.8988,22.10702
262.9299,23.06274
262.961,24.11996
262.9921,25.29271
263.0233,26.60189
263.0544,28.05855
263.0855,29.6897
263.1011,30.58201
263.1166,31.52274
263.1322,32.52832
263.1478,33.5976
263.1634,34.7358
263.1789,35.94066
263.1945,37.23401
263.21,38.6062
263.2256,40.08263
263.2411,41.65285
263.2567,43.34659
263.2723,45.16469
263.2879,47.11899
263.3034,49.2087
263.319,51.4755
263.3345,53.90668
263.3501,56.55215
263.3656,59.39868
263.3812,62.50654
263.3968,65.88487
263.4124,69.56401
263.4279,73.55153
263.4435,77.93793
263.459,82.71108
263.4668,85.28506
263.4746,87.98343
263.4824,90.81374
263.4901,93.74509
263.4979,96.86222
263.5057,100.1372
263.5135,103.5801
263.5213,107.2015
263.5291,111.013
263.5369,115.0266
263.5447,119.256
263.5524,123.6562
263.5602,128.3569
263.568,133.3185
263.5758,138.5586
263.5835,144.0231
263.5913,149.8736
263.5991,156.0627
263.6069,162.6133
263.6146,169.4586
263.6224,176.8021
263.6302,184.5853
263.638,192.8377
263.6457,201.4751
263.6535,210.7543
263.6613,220.6008
263.6691,231.0507
263.6768,241.9946
263.6846,253.7545
263.6924,266.2312
263.7002,279.4632
263.7079,293.3033
263.7157,308.1465
263.7235,323.8511
263.7313,340.4456
263.739,357.7213
263.7441,369.6593
263.7491,381.7481
263.7542,394.4702
263.7592,407.3223
263.7643,420.8115
263.7693,434.3979
263.7743,448.3279
263.7793,462.5823
263.7894,492.2631
263.7994,522.5912
263.8095,553.8061
263.8195,584.815
263.8296,615.6396
263.8397,645.2549
263.8498,672.8548
263.8598,697.3529
263.8699,718.3884
263.8799,734.7711
263.89,746.1811
263.9,751.951
263.9101,751.9956
263.9202,746.2955
263.9303,735.1771
263.9403,719.3683
263.9504,699.2567
263.9604,676.0269
263.9705,650.0381
263.9805,622.5898
263.9906,593.8577
264.0007,564.7427
264.0208,507.6303
264.0309,480.0735
264.0409,453.8638
264.051,428.6239
264.061,404.9385
264.0732,377.8518
264.0853,352.9472
264.0975,329.7576
264.1096,308.5744
264.1218,288.9374
264.1339,271.0496
264.1461,254.4923
264.1582,239.4173
264.1704,225.4589
264.1825,212.7379
264.1947,200.9422
264.2068,190.1726
264.219,180.1652
264.2311,171.0071
264.2433,162.4761
264.2554,154.6488
264.2676,147.3382
264.2797,140.6126
264.2919,134.3137
264.304,128.5032
264.3162,123.0467
264.3283,117.9998
264.3405,113.248
264.3526,108.8414
264.3648,104.6819
264.3769,100.815
264.3891,97.15603
264.4012,93.74642
264.4134,90.51268
264.4255,87.49248
264.4376,84.6446
264.4497,81.95644
264.4619,79.396
264.474,76.99466
264.4862,74.70292
264.4983,72.54944
264.5105,70.4904
264.5226,68.55208
264.5469,64.94474
264.5712,61.67845
264.5955,58.7116
264.6198,56.00866
264.644,53.54885
264.6683,51.28571
264.6926,49.20716
264.7169,47.29352
264.7412,45.52763
264.7655,43.8945
264.7898,42.38101
264.8141,40.97559
264.8383,39.67324
264.8626,38.45418
264.8869,37.31601
264.9112,36.25159
264.9355,35.25457
264.9598,34.31925
264.9841,33.44053
265.0084,32.61385
265.0327,31.83506
265.057,31.10047
265.0813,30.40669
265.1056,29.75068
265.1299,29.12968
265.1542,28.54115
265.1785,27.98281
265.227,26.95054
265.2756,26.01394
265.3242,25.16287
265.3728,24.38689
265.4213,23.67851
265.4699,23.02721
265.5185,22.428
265.5671,21.87523
265.6156,21.36503
265.6642,20.89106
265.7128,20.4507
265.7614,20.04068
265.81,19.65815
265.8586,19.30056
265.9072,18.96567
265.9558,18.6515
266.0043,18.35685
266.0529,18.07893
266.1015,17.81695
266.1501,17.56962
266.1986,17.33627
266.2472,17.1149
266.2958,16.90507
266.3444,16.70594
266.3929,16.51709
266.4901,16.16562
266.5873,15.84618
266.6845,15.55468
266.7816,15.2879
266.8788,15.04239
266.9759,14.81618
267.0731,14.60665
267.1702,14.41239
267.2674,14.23144
267.3646,14.0626
267.4618,13.90468
267.5589,13.75677
267.6561,13.61763
267.7532,13.48674
267.8504,13.3631
267.9475,13.24632
268.0447,13.1356
268.1419,13.03054
268.2391,12.93068
268.3362,12.8357
268.5305,12.65857
268.7248,12.49658
268.9192,12.34756
269.1135,12.20992
269.3078,12.08214
269.5021,11.96298
269.6964,11.85143
269.8907,11.74659
270.085,11.64771
270.2793,11.55415
270.4737,11.46529
270.668,11.38076
270.8623,11.30007
271.0566,11.22284
271.4453,11.07748
271.8339,10.94255
272.2226,10.81625
272.6112,10.69724
272.9998,10.58437
273.3884,10.47672
273.7771,10.3735
274.1657,10.27413
274.5544,10.17802
274.943,10.08478
275.7203,9.905326
276.4975,9.733313
277.2748,9.566849
278.0521,9.404537
278.8294,9.245271
279.6067,9.088175
280.384,8.932548
281.1613,8.777822
281.9386,8.623542
282.7158,8.469358
283.4931,8.314938
284.2704,8.16008
285.0477,8.004627
285.8249,7.848506
286.6022,7.69165
287.3795,7.534129
288.1568,7.376075
288.934,7.217739
289.7113,7.059429
290.4886,6.901655
291.2659,6.745086
292.0432,6.590612
292.8205,6.439401
293.5978,6.292977
293.9865,6.222148
294.3751,6.153318
294.7637,6.086809
295.1523,6.023009
295.541,5.962343
295.9296,5.905347
296.3183,5.852569
296.7069,5.804691
297.0956,5.762444
297.4842,5.726712
297.8728,5.698473
298.2614,5.678869
298.6501,5.66921
299.0387,5.671016
299.4274,5.686046
299.816,5.716327
300.2047,5.764245
300.5933,5.832538
300.9819,5.924451
301.3705,6.04378
301.7592,6.195039
302.1478,6.383445
302.3422,6.493569
302.5365,6.615379
302.7308,6.749906
302.9251,6.898216
303.1195,7.061571
303.3138,7.241087
303.5081,7.438255
303.7024,7.65463
303.8968,7.892048
304.0911,8.152157
304.2854,8.437157
304.4797,8.749362
304.6741,9.091513
304.8684,9.466106
305.0627,9.876472
305.257,10.32614
305.4514,10.81931
305.6457,11.3599
305.7429,11.64974
305.84,11.95309
305.9372,12.27128
306.0343,12.60443
306.1315,12.95402
306.2287,13.32058
306.3259,13.70501
306.423,14.10787
306.5202,14.53102
306.6173,14.97467
306.7145,15.44093
306.8116,15.93007
306.9088,16.44445
307.0059,16.98441
307.1031,17.55262
307.2002,18.14952
307.2974,18.7781
307.3945,19.43893
307.4917,20.13539
307.5888,20.86818
307.686,21.64116
307.7832,22.45607
307.8804,23.31561
307.9775,24.22171
308.0747,25.17937
308.1718,26.18997
308.269,27.25925
308.3661,28.38895
308.4633,29.58566
308.5605,30.85288
308.6577,32.19565
308.7548,33.61794
308.852,35.12863
308.9491,36.73109
309.0463,38.43569
309.1434,40.24666
309.2406,42.17619
309.3378,44.23175
309.435,46.42354
309.5321,48.76027
309.6293,51.25908
309.7264,53.92841
309.8236,56.78875
309.9207,59.85084
310.0179,63.1394
310.115,66.66809
310.2122,70.467
310.3093,74.55368
310.4065,78.96495
310.5036,83.72354
310.6008,88.87499
310.6979,94.44889
310.7951,100.5021
310.8923,107.0806
310.9895,114.2427
311.0866,122.0463
311.1838,130.5832
311.2809,139.9223
311.3781,150.1824
311.4752,161.4567
311.5238,167.5248
311.5724,173.9007
311.621,180.6044
311.6696,187.6574
311.7182,195.0828
311.7668,202.9057
311.8154,211.1534
311.8639,219.8368
311.9125,229.0235
311.9611,238.7309
312.0097,248.9965
312.0582,259.8383
312.1068,271.3455
312.1554,283.545
312.204,296.4901
312.2525,310.2093
312.3011,324.8228
312.3497,340.3724
312.3983,356.9347
312.4469,374.5931
312.4955,393.4397
312.5441,413.5757
312.5927,435.1126
312.6412,458.1242
312.6898,482.8407
312.7384,509.3665
312.787,537.8673
312.8355,568.461
312.8841,601.4769
312.9327,637.0793
312.9813,675.5178
313.0298,716.9804
313.0784,761.9444
313.127,810.6675
313.1756,863.5262
313.2241,920.8134
313.2727,983.2235
313.3213,1051.148
313.3699,1125.139
313.4184,1205.625
313.467,1293.589
313.5156,1389.567
313.5642,1494.293
313.6127,1608.283
313.6613,1732.773
313.7099,1868.28
313.7585,2015.478
313.807,2174.569
313.8504,2327.539
313.8937,2490.174
313.937,2662.565
313.9803,2844.102
314.0236,3033.713
314.0669,3229.767
314.1535,3631.333
314.1969,3830.52
314.2402,4022.126
314.2835,4201.543
314.3268,4363.346
314.3701,4502.089
314.4134,4612.719
314.4567,4691.029
314.5,4734.061
314.5434,4740.386
314.5867,4710.262
314.63,4645.676
314.6733,4549.957
314.7166,4427.478
314.7599,4283.228
314.8032,4122.396
314.8465,3950.013
314.9332,3588.001
315.0198,3227.362
315.0631,3053.665
315.1064,2886.516
315.1497,2726.891
315.193,2575.382
315.2358,2433.872
315.2785,2300.913
315.3212,2176.044
315.3639,2059.026
315.4066,1949.54
315.4493,1847.217
315.492,1751.657
315.5347,1662.45
315.5774,1579.185
315.6201,1501.462
315.6628,1428.891
315.7055,1361.104
315.7482,1297.754
315.7909,1238.514
315.8336,1183.078
315.8763,1131.163
315.919,1082.508
315.9617,1036.868
316.0044,994.0215
316.0471,953.7613
316.0898,915.898
316.1325,880.2569
316.1752,846.6778
316.2179,815.0129
316.2606,785.1267
316.3033,756.8945
316.346,730.2015
316.3887,704.942
316.4314,681.0189
316.4741,658.3424
316.5168,636.83
316.5595,616.4057
316.645,578.5025
316.7304,544.22
316.8158,513.0827
316.9012,484.7223
316.9866,458.8213
317.072,435.1056
317.1574,413.3372
317.2428,393.3091
317.3282,374.8408
317.4136,357.774
317.499,341.9702
317.5844,327.307
317.6698,313.6765
317.7552,300.9831
317.8406,289.1422
317.926,278.078
318.0115,267.7118
318.0969,258.0072
318.1823,248.898
318.2677,240.3355
318.3531,232.2763
318.4385,224.6807
318.5239,217.5133
318.6093,210.7418
318.6947,204.337
318.7801,198.2724
318.8655,192.5236
318.9509,187.0686
319.0363,181.8871
319.1217,176.9608
319.2925,167.8073
319.4633,159.4886
319.6341,151.9034
319.8049,144.9653
319.9757,138.6008
320.1465,132.7463
320.3173,127.3469
320.4881,122.355
320.6589,117.7293
320.8298,113.431
321.0006,109.4334
321.1714,105.7057
321.3422,102.2233
321.513,98.96428
321.6838,95.90904
321.8546,93.04026
322.0254,90.34239
322.1962,87.80149
322.367,85.40505
322.5378,83.14183
322.7086,81.00164
322.8794,78.97528
323.0502,77.05442
323.221,75.23149
323.3918,73.49958
323.5627,71.85148
323.7335,70.28338
324.0751,67.36364
324.4167,64.70236
324.7583,62.26829
325.0999,60.03485
325.4415,57.97932
325.7831,56.08219
326.1247,54.32662
326.4664,52.69753
326.808,51.18314
327.1496,49.77184
327.4912,48.45385
327.8329,47.22021
328.1745,46.06405
328.5161,44.97823
328.8577,43.95674
329.1994,42.99396
329.541,42.08564
329.8826,41.2272
330.2242,40.41477
330.5658,39.64485
330.9074,38.91428
331.249,38.22021
331.5906,37.56005
331.9323,36.93125
332.2739,36.33203
332.6155,35.76024
332.9571,35.21408
333.6403,34.19217
334.3235,33.25468
335.0068,32.39163
335.69,31.59483
336.3732,30.85694
337.0564,30.17172
337.7397,29.53371
338.4229,28.93837
339.1062,28.38144
339.7894,27.85946
340.4727,27.36912
341.1559,26.90775
341.8391,26.47278
342.5223,26.062
343.2056,25.67337
343.8888,25.30524
344.572,24.95595
345.2552,24.62406
345.9385,24.30825
346.6217,24.00745
347.3049,23.72051
347.9881,23.4465
348.6714,23.18449
349.3546,22.93376
350.0379,22.69351
350.7211,22.46312
352.0876,22.02941
353.454,21.62829
354.8205,21.25599
356.1869,20.90938
357.5534,20.58569
358.9198,20.2826
360.2863,19.99801
361.6528,19.73014
363.0193,19.47743
364.3857,19.2385
365.7522,19.01208
367.1186,18.79714
368.4851,18.59265
369.8515,18.39779
371.218,18.21175
372.5845,18.03385
373.951,17.86346
375.3174,17.7
376.6839,17.54296
378.0503,17.39188
379.4168,17.24631
380.7832,17.10587
382.1497,16.9702
383.5162,16.83897
386.2491,16.58867
388.982,16.35279
391.7149,16.12949
394.4478,15.91719
397.1807,15.71448
399.9136,15.52015
402.6465,15.3331
405.3795,15.15239
408.1124,14.97714
410.8453,14.80656
413.5782,14.63993
416.3112,14.47659
419.0441,14.31593
421.777,14.15738
424.5099,14.00043
427.2429,13.84457
429.9758,13.68942
432.7087,13.53455
434.0752,13.45712
435.4416,13.37966
436.8081,13.30215
438.1746,13.22456
439.5411,13.14689
440.9075,13.06916
442.274,12.99139
443.6404,12.9136
445.0069,12.8359
446.3733,12.75834
447.7398,12.68109
449.1063,12.60431
450.4728,12.52823
451.8392,12.45318
453.2057,12.37955
454.5721,12.30786
455.9386,12.23879
457.305,12.17321
457.9883,12.14205
458.6715,12.11223
459.3548,12.08391
460.038,12.05733
460.7213,12.03273
461.4045,12.0104
462.0877,11.9907
462.7709,11.97396
463.4542,11.96066
464.1374,11.9513
464.8206,11.94645
465.5038,11.9468
466.1871,11.95312
466.8703,11.96637
467.5535,11.98756
468.2367,12.01801
468.92,12.05916
469.6032,12.11277
470.2865,12.18091
470.9697,12.26603
471.653,12.37111
472.3362,12.49966
473.0194,12.65596
473.7026,12.84523
474.0443,12.95419
474.3859,13.07385
474.7275,13.20526
475.0691,13.34958
475.4107,13.50807
475.7523,13.68216
476.0939,13.87343
476.4355,14.08368
476.7772,14.315
477.1188,14.5695
477.4604,14.84983
477.802,15.15888
478.1436,15.49995
478.4852,15.8768
478.8268,16.29371
479.1684,16.75562
479.5101,17.26832
479.8517,17.83806
480.1933,18.47252
480.5349,19.18049
480.8765,19.97223
481.2181,20.85975
481.5597,21.8572
481.9013,22.98131
482.243,24.25238
482.5846,25.69347
482.7554,26.48661
482.9262,27.33351
483.097,28.2387
483.2678,29.20714
483.4386,30.24437
483.6094,31.35648
483.7802,32.55025
483.951,33.8332
484.1218,35.21372
484.2926,36.70117
484.4634,38.30598
484.6342,40.03988
484.8051,41.91716
484.9759,43.95045
485.1467,46.15752
485.3175,48.55728
485.4883,51.17118
485.6591,54.0236
485.8299,57.14237
486.0007,60.55931
486.1715,64.3109
486.3423,68.43917
486.5131,72.99259
486.6839,78.02732
486.8547,83.60862
487.0255,89.81258
487.1109,93.17529
487.1963,96.7282
487.2817,100.4849
487.3671,104.46
487.4526,108.6748
487.538,113.1366
487.6234,117.8692
487.7088,122.8934
487.7942,128.2314
487.8796,133.908
487.965,139.9497
488.0504,146.3859
488.1358,153.2484
488.2212,160.5722
488.3066,168.3955
488.392,176.7602
488.4774,185.7119
488.5628,195.3009
488.6482,205.5818
488.7336,216.6147
488.819,228.4651
488.9044,241.2044
488.9898,254.9108
489.0752,269.669
489.1606,285.571
489.246,302.7161
489.3314,321.2115
489.4168,341.1712
489.5022,362.7165
489.5876,385.9747
489.673,411.0774
489.7584,438.158
489.8438,467.3491
489.9292,498.7768
490.0146,532.5546
490.1,568.7741
490.1875,608.4784
490.275,650.8204
490.3625,695.7413
490.45,743.0885
490.5375,792.59
490.625,843.8277
490.8,948.9657
490.8875,1001.109
490.975,1051.478
491.0625,1098.749
491.15,1141.504
491.2375,1178.317
491.325,1207.862
491.4125,1229.026
491.5,1241.023
491.5875,1243.471
491.675,1236.429
491.7625,1220.382
491.85,1196.184
491.9375,1164.964
492.025,1128.015
492.1125,1086.684
492.2,1042.281
492.375,948.907
492.55,855.5534
492.6375,810.5275
492.725,767.1643
492.8125,725.7237
492.9,686.3642
493.011,639.5431
493.1219,596.2488
493.2329,556.3143
493.3438,519.6537
493.4548,486.0014
493.5657,455.1998
493.6766,426.9932
493.7875,401.1616
493.8985,377.4743
494.0094,355.7763
494.1204,335.8457
494.2313,317.5509
494.3423,300.7061
494.4532,285.2035
494.5641,270.9028
494.675,257.6918
494.786,245.459
494.8969,234.1356
495.0079,223.6197
495.1188,213.857
495.2298,204.7643
495.3407,196.2986
495.4516,188.3984
495.5625,181.016
495.6735,174.1021
495.7844,167.6302
495.8954,161.5534
496.0063,155.851
496.1173,150.4835
496.2282,145.4347
496.3391,140.6757
496.45,136.1851
496.561,131.9392
496.6719,127.928
496.7829,124.1276
496.8938,120.53
497.0048,117.115
497.1157,113.8761
497.3375,107.872
497.5594,102.4305
497.7813,97.48515
498.0032,92.97687
498.225,88.85681
498.4469,85.07772
498.6688,81.60395
498.8907,78.40292
499.1125,75.44755
499.3344,72.71044
499.5563,70.17125
499.7782,67.81092
500.0,65.61358
500.181,63.93
500.3619,62.33791
500.5429,60.82898
500.7238,59.3989
500.9048,58.04061
501.0857,56.75065
501.4475,54.35554
501.8094,52.18013
502.1713,50.19798
502.5332,48.38606
502.895,46.72515
503.2569,45.19744
503.6188,43.78888
503.9807,42.48688
504.3425,41.28079
504.7044,40.16042
505.0662,39.11798
505.4281,38.14557
505.7899,37.23721
506.1518,36.38666
506.5137,35.58906
506.8756,34.83989
507.2374,34.13524
507.5993,33.47113
507.9611,32.84463
508.323,32.25249
508.6848,31.69237
509.0467,31.16158
509.4086,30.65811
509.7705,30.17998
510.1323,29.72553
510.4942,29.2929
510.856,28.8808
511.5797,28.11249
512.3035,27.41091
513.0272,26.76818
513.751,26.17723
514.4747,25.63238
515.1985,25.12841
515.9222,24.66111
516.6459,24.22665
517.3696,23.82172
518.0934,23.44342
518.8171,23.08933
519.5408,22.75716
520.2645,22.44496
520.9883,22.15094
521.712,21.87364
522.4357,21.61162
523.1594,21.36366
523.8832,21.12861
524.6069,20.90552
525.3307,20.69345
526.0544,20.49162
526.7782,20.29925
527.5019,20.11572
528.2256,19.94039
528.9493,19.77271
530.3968,19.45828
531.8442,19.16887
533.2917,18.90144
534.7391,18.65346
536.1866,18.42272
537.6341,18.20735
539.0816,18.00574
540.529,17.81648
541.9765,17.63832
543.4239,17.47023
544.8714,17.31124
546.3188,17.16053
547.7663,17.01735
549.2138,16.88105
550.6613,16.75105
552.1087,16.62684
553.5562,16.50793
555.0036,16.3939
556.4511,16.28438
557.8985,16.17902
560.7935,15.97954
563.6884,15.79329
566.5833,15.61845
569.4782,15.45345
572.3732,15.297
575.2681,15.14798
578.163,15.00538
581.0579,14.86835
583.9528,14.73613
586.8477,14.60805
589.7426,14.48349
592.6375,14.36189
595.5325,14.24273
598.4274,14.12552
601.3223,14.00979
604.2172,13.89511
607.1122,13.78101
610.0071,13.66709
612.902,13.55289
615.7969,13.43794
618.6919,13.32175
621.5868,13.20382
624.4817,13.08358
627.3766,12.9604
630.2716,12.83359
631.7191,12.76859
633.1665,12.70238
634.614,12.63482
636.0614,12.56582
637.5089,12.49521
638.9563,12.42286
640.4038,12.3486
641.8513,12.27224
643.2988,12.19361
644.7462,12.11247
646.1937,12.0286
647.6411,11.94174
649.0886,11.85159
650.536,11.75785
651.9835,11.66015
653.431,11.55813
654.1548,11.50536
654.8785,11.45135
655.6022,11.39604
656.3259,11.33936
657.0497,11.28125
657.7734,11.22166
658.4971,11.16049
659.2208,11.0977
659.9446,11.0332
660.6683,10.96695
661.392,10.89885
662.1157,10.82884
662.8395,10.75685
663.5632,10.68286
664.287,10.6068
665.0107,10.52867
665.7345,10.44845
666.4582,10.36621
667.1819,10.28202
667.9056,10.19602
668.2675,10.15242
668.6294,10.10846
668.9913,10.06421
669.3531,10.01975
669.715,9.975105
670.0768,9.930409
670.4387,9.885743
670.8005,9.841259
671.1624,9.79709
671.5243,9.753431
671.8862,9.710506
672.248,9.668588
672.6099,9.627971
672.9717,9.589053
673.3336,9.552264
673.6954,9.518164
674.0573,9.487385
674.4192,9.460721
674.7811,9.439114
675.1429,9.423718
675.5048,9.415918
675.8666,9.41742
676.2285,9.430318
676.4094,9.441819
676.5903,9.457179
676.7713,9.476829
676.9522,9.501216
677.1332,9.530892
677.3141,9.566412
677.4951,9.608475
677.676,9.657774
677.8569,9.715168
678.0378,9.7816
678.2188,9.858178
678.3997,9.946031
678.5806,10.04657
678.7615,10.16136
678.9425,10.29227
679.1234,10.4412
679.3043,10.61058
679.4852,10.80312
679.6662,11.02207
679.8471,11.27083
680.0281,11.55393
680.209,11.87598
680.39,12.24315
680.5709,12.66187
680.7518,13.14043
680.9327,13.68843
681.1137,14.31772
681.2946,15.04144
681.3851,15.44413
681.4755,15.87657
681.566,16.34235
681.6564,16.8434
681.7469,17.38407
681.8374,17.96743
681.9279,18.59752
682.0183,19.27803
682.1088,20.01547
682.1992,20.81377
682.2897,21.681
682.3801,22.62225
682.4706,23.64756
682.5611,24.76487
682.6516,25.98434
682.742,27.31594
682.8325,28.77569
682.923,30.37711
683.0135,32.13732
683.1039,34.07366
683.1944,36.21297
683.2849,38.57928
683.3754,41.20277
683.4658,44.11515
683.5111,45.69679
683.5563,47.36376
683.6015,49.12566
683.6467,50.98922
683.692,52.96621
683.7372,55.05582
683.7824,57.2709
683.8276,59.62079
683.8729,62.12137
683.9181,64.77272
683.9634,67.59874
684.0086,70.6002
684.0539,73.80491
684.0991,77.21454
684.1443,80.85324
684.1895,84.73996
684.2348,88.905
684.28,93.35276
684.3252,98.11717
684.3704,103.2257
684.4157,108.721
684.4609,114.6121
684.5061,120.947
684.5513,127.7657
684.5966,135.1289
684.6418,143.0524
684.6871,151.624
684.7323,160.8636
684.7776,170.8754
684.8228,181.6832
684.868,193.3824
684.9132,206.0523
684.9585,219.8095
685.0037,234.6832
685.0489,250.7964
685.0941,268.2455
685.1394,287.1706
685.1846,307.582
685.2298,329.6062
685.275,353.3162
685.3204,378.8801
685.3657,406.1551
685.411,435.1718
685.4563,465.8476
685.5016,498.0242
685.5469,531.4499
685.6375,600.4786
685.6829,635.0563
685.7282,668.6006
685.7735,700.3395
685.8188,729.3544
685.8641,754.7115
685.9094,775.5314
685.9547,791.0641
686.0,800.7608
686.0454,804.3292
686.0907,801.7432
686.136,793.2856
686.1813,779.4676
686.2266,760.9853
686.2719,738.6499
686.3172,713.3176
686.3625,685.8283
686.4532,627.3283
686.5438,568.301
686.5891,539.6614
686.6344,511.9871
686.6797,485.4604
686.725,460.1968
686.7841,429.234
686.8431,400.6071
686.9021,374.2173
686.9611,349.968
687.0201,327.7317
687.0791,307.3655
687.1381,288.7212
687.1971,271.6528
687.2561,256.0199
687.3151,241.6907
687.3741,228.5436
687.4331,216.4668
687.4921,205.3587
687.5511,195.1273
687.6101,185.6897
687.6691,176.9713
687.7281,168.9051
687.7871,161.4309
687.8461,154.4947
687.9051,148.0482
687.9641,142.0478
688.0231,136.4546
688.0821,131.2334
688.1411,126.3528
688.2001,121.7841
688.2591,117.5019
688.3181,113.4829
688.3771,109.7063
688.4361,106.1529
688.4951,102.8057
688.5541,99.64899
688.6131,96.66863
688.6722,93.84704
688.7312,91.18197
688.7902,88.65775
688.8492,86.26457
688.9082,83.99342
688.9672,81.83605
689.0852,77.833
689.2032,74.20188
689.3212,70.89729
689.4392,67.88049
689.5572,65.11834
689.6752,62.58232
689.7932,60.24781
689.9112,58.09344
690.0292,56.10062
690.1472,54.25312
690.2652,52.53668
690.3832,50.9388
690.5012,49.44843
690.6193,48.05463
690.7373,46.75108
690.8553,45.52884
690.9733,44.38101
691.0913,43.30141
691.2093,42.28451
691.3273,41.32532
691.4453,40.41936
691.5633,39.56259
691.6813,38.75132
691.7993,37.98224
691.9173,37.25232
692.0353,36.55882
692.1533,35.89921
692.2713,35.27119
692.3893,34.6727
692.6254,33.55622
692.8614,32.53712
693.0974,31.60339
693.3334,30.74518
693.5694,29.95409
693.8054,29.22285
694.0414,28.5452
694.2774,27.91567
694.5135,27.32925
694.7495,26.78228
694.9855,26.27082
695.2215,25.79163
695.4575,25.34186
695.6935,24.91895
695.9295,24.52062
696.1655,24.14486
696.4016,23.7897
696.6376,23.45379
696.8736,23.13554
697.1096,22.83361
697.3456,22.54678
697.5816,22.27398
697.8176,22.01422
698.0536,21.76659
698.2897,21.53017
698.5257,21.30443
698.9977,20.88192
699.4697,20.49413
699.9417,20.13694
700.4138,19.80678
700.8858,19.5008
701.3578,19.21635
701.8298,18.9512
702.3019,18.70336
702.7739,18.47124
703.2459,18.2533
703.7179,18.04824
704.19,17.85486
704.662,17.67222
705.134,17.49937
705.606,17.33549
706.0781,17.17983
706.5501,17.03181
707.0221,16.89079
707.4941,16.75626
707.9662,16.6277
708.4382,16.50475
709.3822,16.27402
710.3263,16.06127
711.2703,15.86424
712.2144,15.68097
713.1584,15.50986
714.1025,15.34946
715.0465,15.19863
715.9905,15.05632
716.9345,14.92161
717.8786,14.79373
718.8226,14.67202
719.7667,14.55585
720.7107,14.44472
721.6548,14.33812
722.5988,14.23566
723.5429,14.13696
724.4869,14.0417
726.375,13.86025
728.2631,13.68923
730.1512,13.52692
732.0393,13.37191
733.9274,13.22297
735.8155,13.07906
737.7036,12.93929
739.5917,12.80287
741.4798,12.6691
743.3679,12.53736
745.256,12.40706
747.144,12.27768
749.0321,12.14873
750.9202,12.01971
752.8083,11.89017
754.6964,11.75965
756.5845,11.6277
758.4726,11.49385
760.3607,11.35761
762.2488,11.21848
764.1369,11.07592
766.025,10.92935
767.9131,10.77814
769.8012,10.62157
770.7453,10.54103
771.6893,10.45887
772.6334,10.37494
773.5774,10.28915
774.5215,10.20135
775.4655,10.11142
776.4095,10.01919
777.3535,9.924525
778.2976,9.827229
779.2416,9.727146
780.1857,9.624059
781.1297,9.517781
782.0738,9.40807
783.0178,9.294711
783.9619,9.177432
784.9059,9.055997
785.85,8.930115
786.322,8.865432
786.794,8.799541
787.2661,8.732394
787.7381,8.663988
788.2101,8.594283
788.6821,8.52325
789.1542,8.450855
789.6262,8.377111
790.0982,8.301994
790.5702,8.225508
791.0423,8.147646
791.5143,8.068472
791.9863,7.988019
792.4583,7.906359
792.9304,7.823586
793.4024,7.739883
793.8744,7.655438
794.3464,7.570525
794.8185,7.485488
795.2905,7.400843
795.7625,7.317199
795.9985,7.276003
796.2345,7.235384
796.4706,7.195472
796.7066,7.156463
796.9426,7.118532
797.1786,7.081893
797.4146,7.046799
797.6506,7.013534
797.8866,6.982434
798.1226,6.953877
798.3587,6.928298
798.5947,6.906231
798.8307,6.888259
799.0667,6.875076
799.3027,6.867492
799.5387,6.866449
799.7747,6.873062
800.0107,6.888636
800.2468,6.914728
800.4828,6.953149
800.7188,7.006083
800.9548,7.076136
801.1908,7.166434
801.4268,7.280748
801.6628,7.423652
801.7808,7.507525
801.8988,7.60073
802.0169,7.704257
802.1349,7.81893
802.2529,7.945944
802.3709,8.086537
802.4889,8.242095
802.6069,8.414168
802.7249,8.604498
802.8429,8.815041
802.9609,9.048003
803.0789,9.305876
803.1969,9.591485
803.3149,9.908034
803.4329,10.25918
803.5509,10.64908
803.6689,11.08252
803.7869,11.56499
803.905,12.10329
804.023,12.70385
804.141,13.3756
804.259,14.12846
804.377,14.97405
804.436,15.4358
804.495,15.92603
804.554,16.44685
804.613,17.00054
804.672,17.58959
804.731,18.21674
804.79,18.88497
804.849,19.59753
804.908,20.35803
804.967,21.17039
805.026,22.03895
805.085,22.96851
805.144,23.96432
805.203,25.03223
805.262,26.17872
805.321,27.41097
805.38,28.73698
805.439,30.16565
805.498,31.70694
805.557,33.37202
805.616,35.17335
805.675,37.12504
805.734,39.24292
805.793,41.54492
805.852,44.05137
805.911,46.78533
805.97,49.77312
806.029,53.04481
806.088,56.63487
806.147,60.58297
806.1765,62.7053
806.206,64.93485
806.2355,67.27846
806.265,69.74353
806.2945,72.33804
806.324,75.07061
806.3535,77.95055
806.383,80.98792
806.4125,84.19368
806.442,87.57964
806.4715,91.15866
806.501,94.94469
806.5305,98.95292
806.56,103.1999
806.5895,107.7035
806.619,112.4836
806.6485,117.5615
806.678,122.9607
806.7075,128.707
806.737,134.8283
806.7665,141.3557
806.796,148.323
806.8255,155.7674
806.855,163.7299
806.8845,172.2557
806.914,181.3943
806.9435,191.2007
806.973,201.7355
807.0025,213.0653
807.032,225.2641
807.0615,238.4133
807.091,252.603
807.1205,267.9329
807.15,284.5127
807.1795,302.4636
807.209,321.9189
807.2385,343.0252
807.268,365.9427
807.2975,390.8463
807.327,417.9255
807.3565,447.384
807.386,479.439
807.4155,514.3186
807.445,552.2579
807.4745,593.4931
807.504,638.2525
807.5335,686.7434
807.563,739.1348
807.5904,791.3856
807.6177,846.9005
807.645,905.7863
807.6723,967.8427
807.6996,1032.714
807.7269,1099.852
807.7815,1237.607
807.8089,1306.176
807.8362,1372.168
807.8635,1434.11
807.8908,1490.148
807.9181,1538.419
807.9454,1577.185
807.9727,1604.993
808.0,1620.807
808.0274,1624.114
808.0547,1614.954
808.082,1593.996
808.1093,1562.348
808.1366,1521.485
808.1639,1473.091
808.1912,1418.932
808.2185,1360.721
808.2732,1238.012
808.3278,1115.482
808.3551,1056.363
808.3824,999.4147
808.4097,944.9816
808.437,893.273
808.4712,832.4904
808.5053,776.3289
808.5394,724.4974
808.5735,676.8015
808.6077,632.8717
808.6418,592.6918
808.6759,555.8471
808.71,522.0608
808.7442,490.9801
808.7783,462.5362
808.8124,436.4024
808.8465,412.3654
808.8807,390.1682
808.9148,369.7637
808.9489,350.9242
808.983,333.5057
809.0172,317.3325
809.0513,302.3821
809.0854,288.5002
809.1195,275.592
809.1537,263.5386
809.1878,252.3333
809.2219,241.8709
809.256,232.0889
809.2902,222.9052
809.3243,214.3228
809.3584,206.2677
809.3925,198.6986
809.4267,191.5574
809.4608,184.8516
809.4949,178.5286
809.529,172.56
809.5632,166.9039
809.5973,161.5699
809.6314,156.5193
809.6655,151.7324
809.6997,147.1783
809.7338,142.8671
809.802,134.8722
809.8703,127.6165
809.9385,121.0298
810.0068,115.0144
810.075,109.5212
810.1433,104.4762
810.2115,99.84455
810.2798,95.56937
810.348,91.6256
810.4163,87.96879
810.4845,84.58087
810.5528,81.42651
810.621,78.49262
810.6893,75.75079
810.7575,73.19149
810.8258,70.79158
810.894,68.54413
810.9623,66.4301
811.0305,64.44446
811.0988,62.57135
811.167,60.80719
811.2353,59.13862
811.3035,57.56314
811.3718,56.06942
811.44,54.65573
811.5083,53.31239
811.5765,52.03828
811.713,49.67203
811.8495,47.52458
811.986,45.56862
812.1225,43.78106
812.259,42.14222
812.3955,40.63526
812.532,39.2457
812.6685,37.96102
812.805,36.77036
812.9415,35.66426
813.078,34.63443
813.2145,33.67361
813.351,32.77536
813.4875,31.93404
813.624,31.1446
813.7605,30.4026
813.897,29.70402
814.0335,29.04531
814.17,28.42326
814.3065,27.83499
814.443,27.2779
814.5795,26.74966
814.716,26.24812
814.8525,25.77138
814.989,25.31768
815.1255,24.88542
815.262,24.47314
815.535,23.70334
815.808,22.9989
816.081,22.3519
816.354,21.75562
816.627,21.20433
816.9,20.69309
817.173,20.21765
817.446,19.77431
817.719,19.35986
817.992,18.9715
818.265,18.60676
818.538,18.26346
818.811,17.93967
819.084,17.63369
819.357,17.34401
819.63,17.06926
819.903,16.80824
820.176,16.55984
820.449,16.3231
820.722,16.09711
820.995,15.88109
821.541,15.4761
822.087,15.10307
822.633,14.75777
823.179,14.43671
823.725,14.13689
824.271,13.85579
824.817,13.59124
825.363,13.34138
825.909,13.10461
826.455,12.87953
827.001,12.66493
827.547,12.45973
828.093,12.263
828.639,12.07392
829.185,11.89174
829.731,11.7158
830.277,11.54554
831.369,11.22
832.461,10.91151
833.553,10.6172
834.645,10.33469
835.737,10.06202
836.829,9.797587
837.921,9.540061
839.013,9.288363
840.105,9.041626
841.197,8.799177
842.289,8.560531
843.381,8.325384
844.473,8.093628
845.565,7.865356
846.657,7.6409
847.749,7.420862
848.841,7.20617
849.933,6.998148
851.025,6.798621
851.571,6.702779
852.117,6.610036
852.663,6.520827
853.209,6.435647
853.755,6.355069
854.301,6.279747
854.847,6.210433
855.393,6.147992
855.939,6.093414
856.485,6.047841
857.031,6.012587
857.577,5.989169
858.123,5.979336
858.669,5.985116
859.215,6.008859
859.761,6.053301
860.307,6.121628
860.853,6.217566
861.399,6.345485
861.945,6.510523
862.491,6.718749
862.764,6.841254
863.037,6.977354
863.31,7.128161
863.583,7.294894
863.856,7.478884
864.129,7.681593
864.402,7.904622
864.675,8.14973
864.948,8.418851
865.221,8.714118
865.494,9.037881
865.767,9.392737
866.04,9.781557
866.313,10.20752
866.586,10.67417
866.859,11.18542
867.132,11.74566
867.405,12.35975
867.678,13.03317
867.951,13.77201
868.224,14.58315
868.497,15.47432
868.77,16.4542
869.043,17.53266
869.316,18.72084
869.589,20.03141
869.7255,20.73704
869.862,21.47883
869.9985,22.25892
870.135,23.07958
870.2715,23.94326
870.408,24.85257
870.5445,25.81031
870.681,26.81951
870.8175,27.88341
870.954,29.00549
871.0905,30.1895
871.227,31.43947
871.3635,32.7598
871.5,34.15516
871.6365,35.63066
871.773,37.1918
871.9095,38.84453
872.046,40.59532
872.1825,42.45118
872.319,44.41973
872.4555,46.50925
872.592,48.72875
872.7285,51.08807
872.865,53.59793
873.0015,56.27006
873.138,59.1173
873.2745,62.1537
873.411,65.39467
873.5475,68.85716
873.684,72.55978
873.8205,76.52308
873.957,80.76969
874.0935,85.32464
874.23,90.21559
874.3665,95.47323
874.503,101.1316
874.6395,107.2286
874.776,113.8062
874.9125,120.9116
875.049,128.5971
875.1855,136.9215
875.322,145.9505
875.4585,155.758
875.595,166.427
875.7315,178.0507
875.868,190.7343
876.0045,204.5967
876.141,219.7717
876.2775,236.4111
876.414,254.6863
876.5505,274.7913
876.687,296.9452
876.7553,308.8758
876.8235,321.3962
876.8918,334.5791
876.96,348.424
877.0283,363.012
877.0965,378.3433
877.1648,394.5082
877.233,411.507
877.3013,429.4403
877.3695,448.3085
877.4378,468.2226
877.506,489.1825
877.5743,511.3103
877.6425,534.6042
877.7108,559.1975
877.779,585.0848
877.8473,612.4098
877.9155,641.1609
877.9838,671.4905
878.052,703.3768
878.1203,736.9775
878.1885,772.2546
878.2568,809.366
878.325,848.249
878.4297,911.5693
878.5344,979.3293
878.6391,1051.48
878.7438,1127.827
878.8485,1207.989
878.9532,1291.353
879.1625,1463.744
879.2672,1550.138
879.3719,1634.291
879.4766,1714.096
879.5813,1787.264
879.686,1851.464
879.7907,1904.493
879.8954,1944.462
880.0,1969.965
880.1047,1980.29
880.2094,1975.348
880.3141,1955.773
880.4188,1922.808
880.5235,1878.161
880.6282,1823.831
880.7329,1761.937
880.8375,1694.627
881.0469,1550.931
881.2563,1405.316
881.361,1334.533
881.4657,1266.067
881.5704,1200.378
881.675,1137.825
881.7594,1089.703
881.8437,1043.779
881.928,999.9932
882.0123,958.3212
882.0966,918.7172
882.1809,881.1198
882.2652,845.4575
882.3495,811.6515
882.4338,779.6187
882.5181,749.2738
882.6024,720.5311
882.6867,693.3059
882.771,667.5151
882.8553,643.0785
882.9396,619.9188
883.0239,597.962
883.1082,577.1375
883.1925,557.3786
883.2768,538.6221
883.3611,520.8084
883.4454,503.8814
883.5297,487.7885
883.614,472.48
883.6983,457.9097
883.8669,430.8123
884.0355,406.1809
884.2041,383.7392
884.3727,363.2457
884.5414,344.478
884.71,327.2731
884.8786,311.4569
885.0472,296.8865
885.2158,283.4363
885.3844,270.9955
885.553,259.4664
885.7216,248.7624
885.8902,238.8066
886.0588,229.531
886.2274,220.8745
886.396,212.7829
886.5646,205.2079
886.7332,198.1057
886.9018,191.4374
887.0704,185.1679
887.2391,179.2621
887.4077,173.6982
887.5763,168.4469
887.7449,163.4848
887.9135,158.7904
888.0821,154.3443
888.2507,150.129
888.4193,146.1284
888.5879,142.3276
888.7565,138.7132
889.0937,131.9952
889.4309,125.8871
889.7681,120.315
890.1053,115.2158
890.4425,110.5357
890.7797,106.2281
891.1169,102.2531
891.4541,98.57597
891.7913,95.16634
892.1285,91.99778
892.4657,89.04707
892.803,86.29297
893.1402,83.71904
893.4774,81.30842
893.8146,79.04689
894.1518,76.92176
894.489,74.9217
894.8262,73.03655
895.1634,71.25718
895.5006,69.57538
895.8378,67.98372
896.175,66.47551
896.5122,65.04464
896.8494,63.6856
897.1866,62.39337
897.5238,61.16335
897.861,59.99136
898.1983,58.87325
898.5355,57.80615
899.2099,55.81139
899.8843,53.98387
900.5587,52.30422
901.2331,50.75582
901.9075,49.32441
902.5819,47.99765
903.2563,46.76484
903.9308,45.61651
904.6052,44.54485
905.2796,43.54249
905.954,42.60312
906.6284,41.72115
907.3028,40.89162
907.9772,40.11011
908.6516,39.37266
909.3261,38.67567
910.0005,38.01613
910.6749,37.39109
911.3493,36.79799
912.0237,36.23447
912.6981,35.69843
913.3725,35.18793
914.0469,34.70124
914.7214,34.23669
915.3958,33.79295
916.0702,33.36861
916.7446,32.96246
918.0934,32.20028
919.4422,31.49842
920.7911,30.85003
922.1399,30.24937
923.4887,29.69135
924.8375,29.17164
926.1864,28.68641
927.5352,28.23242
928.884,27.80672
930.2328,27.40678
931.5817,27.03028
932.9305,26.67529
934.2793,26.33999
935.6281,26.02277
936.977,25.7222
938.3258,25.43704
939.6746,25.16609
941.0234,24.90832
942.3723,24.66278
943.7211,24.42863
945.0699,24.20508
946.4187,23.99142
947.7676,23.78699
949.1164,23.59122
950.4652,23.40355
951.814,23.2235
954.5117,22.88437
957.2093,22.57064
959.907,22.27946
962.6046,22.00849
965.3023,21.75562
967.9999,21.51909
968.0001,32.73791
1000.0,32.2547
1070.313,31.69862
1140.625,31.18887
1210.938,30.71899
1281.25,30.28374
1351.563,29.87313
1421.875,29.48971
1492.188,29.13041
1562.5,28.79267
1632.813,28.47098
1703.125,28.16695
1843.75,27.60545
1984.375,27.09311
2125.0,26.62609
2265.625,26.19384
2406.25,25.7952
2546.875,25.42577
2687.5,25.08193
2828.125,24.75762
2968.75,24.4536
3109.375,24.1677
3250.0,23.89808
3531.25,23.39799
3812.5,22.94694
4093.75,22.53463
4375.0,22.15735
4656.25,21.80794
4937.5,21.48473
5218.75,21.18441
5500.0,20.90422
5781.25,20.6401
6062.5,20.392
6343.75,20.15827
6625.0,19.93748
7187.5,19.52793
7750.0,19.15757
8312.5,18.81829
8875.0,18.5072
9437.5,18.2204
10000.0,17.95467
10703.13,17.73426
11406.25,17.53046
12812.5,17.16442
14218.75,16.84274
15625.0,16.55687
17031.25,16.2995
18437.5,16.06628
19843.75,15.85331
21250.0,15.65758
22656.25,15.47629
24062.5,15.30792
26875.0,15.0038
29687.5,14.73497
32500.0,14.49484
35312.5,14.27781
38125.0,14.08043
40937.5,13.89963
43750.0,13.73303
46562.5,13.57843
49375.0,13.43455
55000.0,13.17399
60625.0,12.94287
66250.0,12.73592
71875.0,12.54887
77500.0,12.37845
83125.0,12.22184
88750.0,12.07734
94375.0,11.94332
100000.0,11.81847
106250.0,11.64988
112500.0,11.4932
118750.0,11.34698
125000.0,11.21001
137500.0,10.95967
150000.0,10.73612
159180.0,10.58604
159183.0,10.586
159203.0,10.58574
160000.0,10.57319
165000.0,10.48379
170000.0,10.39921
175000.0,10.31753
180000.0,10.24001
190000.0,10.08048
200000.0,9.934251
209255.0,9.78694
209255.6,9.786928
209270.0,9.786708
214940.0,9.701025
220611.0,9.618548
225000.0,9.556791
231952.0,9.461252
240976.0,9.341449
250000.0,9.231307
254635.0,9.175503
264817.5,9.055987
275000.0,8.946437
277317.0,8.921696
288658.5,8.802661
300000.0,8.694047
313193.3,8.542359
326386.5,8.400539
339579.8,8.267623
352773.0,8.142775
364579.8,8.033921
376386.5,7.930687
400000.0,7.739397
405546.0,7.696546
406852.5,7.686488
408159.0,7.676493
410772.0,7.656689
413385.0,7.637131
415998.0,7.617814
415998.4,7.61781
417352.0,7.607775
420303.8,7.58593
423255.5,7.564435
429159.0,7.522465
435062.5,7.480255
440966.0,7.439361
446869.5,7.399733
452773.0,7.361323
457809.0,7.329233
457809.2,7.329231
458965.1,7.321326
460120.9,7.31348
462432.5,7.29796
467055.8,7.267598
471679.2,7.238118
476302.5,7.209492
485549.3,7.154697
494796.0,7.103013
496097.0,7.095049
497398.0,7.08721
500000.0,7.071896
508800.0,7.019193
517600.0,6.968233
526400.0,6.918929
535200.0,6.871203
537225.0,6.859396
539250.0,6.847677
543300.0,6.824502
547350.0,6.80167
551400.0,6.779173
559500.0,6.735156
567600.0,6.692395
575700.0,6.650838
583800.0,6.610436
600000.0,6.532908
610308.5,6.489416
620617.0,6.446876
630925.5,6.405248
641234.0,6.364496
641234.4,6.364494
643175.5,6.356955
645116.5,6.349448
648998.5,6.334528
656762.5,6.305053
664526.8,6.276055
672291.0,6.247518
672291.1,6.247518
673987.2,6.241345
675683.2,6.235195
679075.3,6.222971
685859.5,6.198808
692643.8,6.17502
699428.0,6.151595
701563.8,6.143325
703699.5,6.135104
707971.0,6.118804
716514.0,6.086766
716514.1,6.086766
718053.1,6.081521
719592.1,6.076298
722670.0,6.065916
728826.0,6.045402
734982.0,6.025217
741138.0,6.00535
741138.3,6.005349
743353.8,5.998181
745569.2,5.991063
750000.0,5.976972
753802.0,5.964929
753802.2,5.964928
754204.0,5.963671
754204.2,5.963671
757066.4,5.954197
759928.5,5.944839
765653.0,5.926466
771377.5,5.908539
777102.0,5.891045
788551.0,5.857311
800000.0,5.825179
806250.0,5.812673
812500.0,5.800297
825000.0,5.775919
837500.0,5.752025
850000.0,5.728593
862500.0,5.705605
875000.0,5.683044
900000.0,5.639134
925000.0,5.596739
950000.0,5.555746
975000.0,5.516055
1000000.0,5.477572
1031250.0,5.482354
1062500.0,5.486772
1093750.0,5.490844
1125000.0,5.494587
1156250.0,5.498017
1187500.0,5.501149
1218750.0,5.503996
1250000.0,5.506573
1312500.0,5.51373
1375000.0,5.520041
1437500.0,5.525571
1500000.0,5.530379
1562500.0,5.613454
1625000.0,5.693574
1687500.0,5.770947
1750000.0,5.845757
1812500.0,5.920941
1875000.0,5.993864
1937500.0,6.064659
2000000.0,6.133453
2125000.0,6.290841
2250000.0,6.442077
2375000.0,6.58922
2437500.0,6.660856
2500000.0,6.731277
2625000.0,6.835351
2750000.0,6.936072
2875000.0,7.033712
2937500.0,7.081439
3000000.0,7.128472
3062500.0,7.143885
3125000.0,7.158991
3187500.0,7.173803
3250000.0,7.18833
3312500.0,7.20258
3375000.0,7.216564
3500000.0,7.243768
3625000.0,7.270328
3750000.0,7.295971
3875000.0,7.320967
3937500.0,7.333155
4000000.0,7.345145
4062500.0,7.323433
4125000.0,7.30213
4187500.0,7.28122
4250000.0,7.260693
4312500.0,7.240533
4375000.0,7.220727
4437500.0,7.201267
4500000.0,7.182137
4562500.0,7.163274
4625000.0,7.144725
4687500.0,7.126477
4750000.0,7.108523
4812500.0,7.090829
4875000.0,7.073412
4937500.0,7.056263
5000000.0,7.039375
5040030.0,7.012604
5095510.0,6.975972
5100028.0,6.973015
5160025.0,6.934122
5220023.0,6.895902
5280020.0,6.858337
5340018.0,6.821405
5400015.0,6.785092
5460013.0,6.749377
5520010.0,6.714244
5580009.0,6.679623
5640008.0,6.645553
5700007.0,6.612021
5760005.0,6.579012
5820004.0,6.54651
5880003.0,6.514504
5940002.0,6.482981
6000000.0,6.451929
6042650.0,6.423242
6085300.0,6.394809
6127950.0,6.366626
6170600.0,6.338688
6213250.0,6.31099
6255900.0,6.28353
6298550.0,6.256304
6341200.0,6.229306
6426500.0,6.175986
6511800.0,6.12354
6597100.0,6.071942
6682400.0,6.021163
6756590.0,5.976495
6830780.0,5.933256
6904970.0,5.891397
6979160.0,5.850873
7053350.0,5.811642
7096280.0,5.789515
7127540.0,5.773661
7201730.0,5.736893
7275920.0,5.701298
7331400.0,5.671472
7366430.0,5.653016
7456940.0,5.606644
7547450.0,5.56211
7637960.0,5.519344
7728470.0,5.478277
7818980.0,5.438849
7909490.0,5.400999
8000000.0,5.364669
8031250.0,5.356682
8062500.0,5.34881
8125000.0,5.333401
8187500.0,5.318438
8250000.0,5.303913
8312500.0,5.289815
8375000.0,5.276141
8437500.0,5.262882
8500000.0,5.25003
8562500.0,5.237582
8625000.0,5.225529
8687500.0,5.213865
8750000.0,5.202583
8812500.0,5.191679
8875000.0,5.181147
8937500.0,5.170979
9000000.0,5.161172
9062500.0,5.147268
9125000.0,5.133783
9187500.0,5.120716
9250000.0,5.108054
9312500.0,5.095795
9375000.0,5.08393
9437500.0,5.072453
9500000.0,5.061359
9562500.0,5.050643
9625000.0,5.040297
9687500.0,5.030316
9750000.0,5.020695
9812500.0,5.011429
9875000.0,5.002512
9937500.0,4.993939
10000000.0,4.985704
10062500.0,4.985078
10125000.0,4.984529
10187500.0,4.984055
10250000.0,4.983657
10312500.0,4.983334
10375000.0,4.983084
10437500.0,4.982907
10500000.0,4.982801
10562500.0,4.982765
10625000.0,4.982799
10687500.0,4.982902
10750000.0,4.983074
10812500.0,4.983313
10875000.0,4.983618
10937500.0,4.983991
11000000.0,4.984428
11062500.0,4.98493
11125000.0,4.985494
11187500.0,4.986122
11250000.0,4.986812
11312500.0,4.987564
11375000.0,4.988377
11437500.0,4.98925
11500000.0,4.990182
11562500.0,4.991172
11625000.0,4.992222
11687500.0,4.993329
11750000.0,4.994493
11812500.0,4.995714
11875000.0,4.99699
11937500.0,4.998322
12000000.0,4.999708
12062500.0,5.007088
12125000.0,5.014468
12187500.0,5.021846
12250000.0,5.029224
12312500.0,5.0366
12375000.0,5.043976
12437500.0,5.051351
12500000.0,5.058725
12562500.0,5.066099
12625000.0,5.07347
12687500.0,5.080841
12750000.0,5.08821
12812500.0,5.095579
12875000.0,5.102946
12937500.0,5.110312
13000000.0,5.117676
13062500.0,5.125041
13125000.0,5.132403
13187500.0,5.139764
13250000.0,5.147123
13312500.0,5.154482
13375000.0,5.161839
13437500.0,5.169195
13500000.0,5.176548
13562500.0,5.183902
13625000.0,5.191253
13687500.0,5.198603
13750000.0,5.205951
13812500.0,5.213298
13875000.0,5.220644
13937500.0,5.227988
14000000.0,5.23533
14064080.0,5.245007
14128150.0,5.254675
14192230.0,5.264335
14256300.0,5.273987
14320380.0,5.283632
14384450.0,5.293269
14448530.0,5.302898
14512600.0,5.312518
14576680.0,5.322132
14640750.0,5.331738
14704830.0,5.341336
14768900.0,5.350925
14832980.0,5.360509
14897050.0,5.370083
14961130.0,5.379651
15025200.0,5.389211
15086130.0,5.39806
15147050.0,5.4069
15159900.0,5.408764
15207980.0,5.415733
15268900.0,5.424557
15329830.0,5.433375
15390750.0,5.442184
15451680.0,5.450986
15512600.0,5.459781
15573530.0,5.468569
15634450.0,5.477347
15695380.0,5.48612
15756300.0,5.494885
15817230.0,5.503643
15878150.0,5.512392
15939080.0,5.521135
16000000.0,5.52987
16125000.0,5.540222
16250000.0,5.550543
16375000.0,5.560835
16500000.0,5.571097
16625000.0,5.581328
16750000.0,5.591532
16875000.0,5.601707
17000000.0,5.611854
17125000.0,5.621974
17250000.0,5.632065
17375000.0,5.642129
17500000.0,5.652166
17625000.0,5.662175
17750000.0,5.672158
17875000.0,5.682116
18000000.0,5.692048
18250000.0,5.693995
18500000.0,5.695946
18750000.0,5.6979
19000000.0,5.699858
19250000.0,5.701821
19500000.0,5.703785
19750000.0,5.705753
20000000.0,5.707724
20000010.0,5.6752
20008920.0,5.675121
20100690.0,5.674211
21000000.0,5.655563
22000000.0,5.614
22045290.0,5.611608
23000000.0,5.553907
24000000.0,5.479
25000000.0,5.394435
25612490.0,5.338371
26000000.0,5.3005
26513330.0,5.249017
27000000.0,5.200043
28000000.0,5.0974
28513520.0,5.043838
28726290.0,5.021842
29000000.0,4.993822
29910770.0,4.90387
30000000.0,4.8954
30943580.0,4.809098
31000000.0,4.804113
31936790.0,4.723985
32000000.0,4.71875
32864770.0,4.649121
33000000.0,4.638554
34000000.0,4.562885
35000000.0,4.4912
35200350.0,4.477477
35260950.0,4.473432
36000000.0,4.427792
37000000.0,4.375674
37627090.0,4.3478
37864890.0,4.338081
38000000.0,4.332752
39000000.0,4.297283
40000000.0,4.2678
40240070.0,4.26159
41000000.0,4.245142
41106640.0,4.243209
42000000.0,4.230414
43000000.0,4.222821
44000000.0,4.221679
44156920.0,4.222046
44243560.0,4.222309
45000000.0,4.2264
46000000.0,4.234367
47000000.0,4.244055
47292840.0,4.247367
47799800.0,4.253724
48000000.0,4.256473
49000000.0,4.27252
50000000.0,4.293
50926470.0,4.314195
51000000.0,4.315873
51267390.0,4.32197
52000000.0,4.338651
53000000.0,4.361406
54000000.0,4.384202
54494570.0,4.395511
55000000.0,4.4071
56000000.0,4.430134
56488020.0,4.441381
57000000.0,4.453147
58000000.0,4.475926
59000000.0,4.49827
59564340.0,4.51062
60000000.0,4.52
60365680.0,4.527693
61000000.0,4.540498
62000000.0,4.559449
63000000.0,4.57712
63774670.0,4.590089
64000000.0,4.59376
65000000.0,4.6096
66000000.0,4.624049
67000000.0,4.636561
67540270.0,4.642611
68000000.0,4.647407
69000000.0,4.656841
70000000.0,4.6651
71000000.0,4.672049
71467880.0,4.674769
72000000.0,4.677469
73000000.0,4.681458
74000000.0,4.684106
75000000.0,4.6855
76000000.0,4.685708
76806400.0,4.685024
77000000.0,4.684748
78000000.0,4.682634
79000000.0,4.679379
80000000.0,4.675
81000000.0,4.669625
81333040.0,4.667639
82000000.0,4.663362
83000000.0,4.656195
84000000.0,4.64811
85000000.0,4.6391
86000000.0,4.629314
87000000.0,4.618882
88000000.0,4.607772
89000000.0,4.595953
90000000.0,4.5834
91000000.0,4.570209
92000000.0,4.556528
93000000.0,4.542403
94000000.0,4.52788
95000000.0,4.513
96000000.0,4.497751
97000000.0,4.482089
98000000.0,4.466011
99000000.0,4.449515
100000000.0,4.4326
102000000.0,4.397993
104000000.0,4.362697
106000000.0,4.326756
108000000.0,4.290209
110000000.0,4.2531
112000000.0,4.215725
114000000.0,4.17832
116000000.0,4.140839
118000000.0,4.103242
120000000.0,4.0655
122000000.0,4.028031
124000000.0,3.991125
126000000.0,3.954582
128000000.0,3.918225
130000000.0,3.8819
132000000.0,3.845904
134000000.0,3.810583
136000000.0,3.775877
138000000.0,3.741732
140000000.0,3.7081
142000000.0,3.675066
144000000.0,3.6427
146000000.0,3.610939
148000000.0,3.579723
150000000.0,3.549
