1e-05,87.09488
1.03125e-05,85.98686
1.0625e-05,84.92809
1.09375e-05,83.91503
1.125e-05,82.94448
1.15625e-05,82.01355
1.1875e-05,81.11961
1.21875e-05,80.26027
1.25e-05,79.43337
1.28125e-05,78.63691
1.3125e-05,77.86906
1.34375e-05,77.12816
1.375e-05,76.41266
1.4375e-05,75.0523
1.5e-05,73.77788
1.5625e-05,72.58071
1.625e-05,71.45329
1.6875e-05,70.3891
1.75e-05,69.38244
1.8125e-05,68.42831
1.875e-05,67.52229
1.9375e-05,66.66047
2e-05,65.83937
2.09375e-05,64.67737
2.1875e-05,63.59089
2.28125e-05,62.57209
2.375e-05,61.61422
2.46875e-05,60.71145
2.5625e-05,59.85869
2.65625e-05,59.05148
2.75e-05,58.28591
2.84375e-05,57.55851
2.9375e-05,56.86622
3.03125e-05,56.20631
3.125e-05,55.57631
3.21875e-05,54.97404
3.3125e-05,54.39753
3.40625e-05,53.84498
3.5e-05,53.31479
3.59375e-05,52.80548
3.6875e-05,52.31572
3.78125e-05,51.84429
3.875e-05,51.39007
3.96875e-05,50.95204
4.0625e-05,50.52927
4.25e-05,49.72607
4.4375e-05,48.97434
4.625e-05,48.2688
4.8125e-05,47.60491
5e-05,46.97871
5.15625e-05,46.48319
5.3125e-05,46.0097
5.46875e-05,45.55664
5.625e-05,45.1226
5.78125e-05,44.70627
5.9375e-05,44.30649
6.09375e-05,43.92219
6.25e-05,43.55238
6.40625e-05,43.19619
6.5625e-05,42.8528
6.71875e-05,42.52146
6.875e-05,42.20148
7.1875e-05,41.59311
7.5e-05,41.02316
7.8125e-05,40.48777
8.125e-05,39.98357
8.4375e-05,39.50765
8.75e-05,39.05746
9.0625e-05,38.63076
9.375e-05,38.22558
9.6875e-05,37.84016
0.0001,37.47295
0.000103125,37.12257
0.00010625,36.78776
0.000109375,36.4674
0.0001125,36.16048
0.000115625,35.8661
0.00011875,35.58341
0.000121875,35.31166
0.000125,35.05017
0.000128125,34.79831
0.00013125,34.55549
0.000134375,34.3212
0.0001375,34.09494
0.00014375,33.66476
0.00015,33.26175
0.00015625,32.88317
0.0001625,32.52665
0.00016875,32.19012
0.000175,31.87179
0.00018125,31.57006
0.0001875,31.28356
0.00019375,31.01103
0.0002,30.75137
0.000209375,30.38391
0.00021875,30.04034
0.000228125,29.71816
0.0002375,29.41526
0.000246875,29.12978
0.00025625,28.86011
0.000265625,28.60485
0.000275,28.36275
0.000284375,28.13273
0.00029375,27.91381
0.000303125,27.70513
0.0003125,27.5059
0.000321875,27.31545
0.00033125,27.13314
0.000340625,26.95841
0.00035,26.79075
0.000359375,26.62969
0.00036875,26.47481
0.000378125,26.32573
0.0003875,26.1821
0.000396875,26.04358
0.00040625,25.90989
0.000425,25.6559
0.00044375,25.41818
0.0004625,25.19507
0.00048125,24.98512
0.0005,24.7871
0.000515625,24.63041
0.00053125,24.48067
0.000546875,24.33741
0.0005625,24.20015
0.000578125,24.0685
0.00059375,23.94207
0.000609375,23.82054
0.000625,23.7036
0.000640625,23.59097
0.00065625,23.48238
0.000671875,23.3776
0.0006875,23.27641
0.00071875,23.08403
0.00075,22.90379
0.00078125,22.73449
0.0008125,22.57505
0.00084375,22.42455
0.000875,22.28218
0.00090625,22.14725
0.0009375,22.01912
0.00096875,21.89724
0.001,21.78112
0.00103125,21.67032
0.0010625,21.56444
0.00109375,21.46313
0.001125,21.36608
0.00115625,21.27298
0.0011875,21.18359
0.00121875,21.09766
0.00125,21.01497
0.00128125,20.93532
0.0013125,20.85854
0.00134375,20.78444
0.001375,20.71289
0.0014375,20.57686
0.0015,20.44942
0.0015625,20.3297
0.001625,20.21696
0.0016875,20.11054
0.00175,20.00987
0.0018125,19.91446
0.001875,19.82386
0.0019375,19.73767
0.002,19.65555
0.00209375,19.53935
0.0021875,19.4307
0.00228125,19.32882
0.002375,19.23304
0.00246875,19.14276
0.0025625,19.05748
0.00265625,18.97676
0.00275,18.9002
0.00284375,18.82746
0.0029375,18.75823
0.00303125,18.69224
0.003125,18.62924
0.00321875,18.56901
0.0033125,18.51136
0.00340625,18.45611
0.0035,18.40309
0.00359375,18.35216
0.0036875,18.30318
0.00378125,18.25604
0.003875,18.21061
0.00396875,18.1668
0.0040625,18.12452
0.00425,18.0442
0.0044375,17.96903
0.004625,17.89848
0.0048125,17.83209
0.005,17.76947
0.00515625,17.71991
0.0053125,17.67256
0.00546875,17.62726
0.005625,17.58385
0.00578125,17.54221
0.0059375,17.50223
0.00609375,17.4638
0.00625,17.42682
0.00640625,17.3912
0.0065625,17.35686
0.00671875,17.32373
0.006875,17.29173
0.0071875,17.23089
0.0075,17.1739
0.0078125,17.12035
0.008125,17.06992
0.0084375,17.02233
0.00875,16.97731
0.0090625,16.93464
0.009375,16.89412
0.0096875,16.85557
0.01,16.81885
0.0103125,16.78381
0.010625,16.75033
0.0109375,16.71829
0.01125,16.6876
0.0115625,16.65815
0.011875,16.62988
0.0121875,16.6027
0.0125,16.57656
0.0128125,16.55137
0.013125,16.52709
0.0134375,16.50365
0.01375,16.48102
0.014375,16.438
0.015,16.3977
0.015625,16.35983
0.01625,16.32418
0.016875,16.29052
0.0175,16.25868
0.018125,16.22851
0.01875,16.19985
0.019375,16.17259
0.02,16.14662
0.0206625,16.1204
0.021325,16.09539
0.0219875,16.07153
0.02265,16.04873
0.0233125,16.0269
0.023975,16.00598
0.0246375,15.98592
0.0253,15.96664
0.02607188,15.94512
0.02684375,15.92453
0.02761563,15.90481
0.0283875,15.88591
0.02915938,15.86775
0.02993125,15.8503
0.03070313,15.83351
0.031475,15.81735
0.03224688,15.80177
0.03301875,15.78674
0.0345625,15.7582
0.03610625,15.73151
0.03765,15.70649
0.03919375,15.68295
0.0407375,15.66077
0.04228125,15.6398
0.043825,15.61996
0.04536875,15.60115
0.0469125,15.58326
0.04845625,15.56623
0.05,15.55
0.0515625,15.53432
0.053125,15.51933
0.0546875,15.50501
0.05625,15.49127
0.0578125,15.47809
0.059375,15.46544
0.0609375,15.45328
0.0625,15.44158
0.0640625,15.4303
0.065625,15.41943
0.0671875,15.40894
0.06875,15.39882
0.071875,15.37956
0.075,15.36152
0.078125,15.34457
0.08125,15.32861
0.084375,15.31354
0.0875,15.29928
0.090625,15.28577
0.09375,15.27294
0.096875,15.26073
0.1,15.2491
0.103125,15.238
0.10625,15.22739
0.109375,15.21725
0.1125,15.20752
0.115625,15.19819
0.11875,15.18924
0.121875,15.18062
0.125,15.17234
0.128125,15.16436
0.13125,15.15666
0.134375,15.14923
0.1375,15.14206
0.14375,15.12842
0.15,15.11563
0.15625,15.10363
0.1625,15.09232
0.16875,15.08164
0.175,15.07154
0.18125,15.06196
0.1875,15.05287
0.19375,15.04421
0.2,15.03596
0.209375,15.02429
0.21875,15.01337
0.228125,15.00313
0.2375,14.99349
0.246875,14.98441
0.25625,14.97583
0.265625,14.9677
0.275,14.95999
0.284375,14.95267
0.29375,14.94569
0.303125,14.93905
0.3125,14.93269
0.321875,14.92662
0.33125,14.9208
0.340625,14.91522
0.35,14.90986
0.359375,14.90472
0.36875,14.89977
0.378125,14.895
0.3875,14.8904
0.396875,14.88597
0.40625,14.88169
0.425,14.87355
0.44375,14.86593
0.4625,14.85878
0.48125,14.85203
0.5,14.84566
0.53125,14.8358
0.5625,14.82676
0.59375,14.81842
0.625,14.81071
0.65625,14.80353
0.6875,14.79685
0.71875,14.79059
0.75,14.78472
0.78125,14.7792
0.8125,14.77398
0.84375,14.76905
0.875,14.76438
0.9375,14.75571
1.0,14.74784
1.0625,14.74065
1.125,14.73404
1.1875,14.72793
1.25,14.72226
1.3125,14.71697
1.375,14.71202
1.4375,14.70738
1.5,14.70301
1.5625,14.69888
1.625,14.69498
1.6875,14.69128
1.75,14.68776
1.875,14.68119
2.0,14.6752
2.09375,14.67101
2.1875,14.66708
2.28125,14.66335
2.375,14.65982
2.46875,14.65645
2.5625,14.65325
2.65625,14.6502
2.75,14.64727
2.9375,14.64178
3.125,14.63669
3.3125,14.63196
3.5,14.62754
3.6875,14.62338
3.875,14.61945
4.0625,14.61573
4.25,14.61219
4.4375,14.60881
4.625,14.60558
4.8125,14.60249
5.0,14.59951
5.3125,14.59479
5.625,14.59032
5.9375,14.5861
6.25,14.58206
6.5625,14.57819
6.875,14.57449
7.1875,14.57092
7.5,14.56747
7.8125,14.56413
8.125,14.5609
8.4375,14.55775
8.75,14.55469
9.375,14.54879
10.0,14.54314
10.625,14.53771
11.25,14.53247
11.875,14.5274
12.5,14.52247
13.125,14.51767
13.75,14.51298
14.375,14.50838
15.0,14.50389
15.625,14.49947
16.25,14.49514
16.875,14.49086
17.5,14.48665
18.75,14.47841
20.0,14.47034
20.9375,14.46441
21.875,14.45857
22.8125,14.45281
23.75,14.44712
24.6875,14.44149
25.625,14.43592
26.5625,14.43041
27.5,14.42494
29.375,14.41416
31.25,14.40355
33.125,14.39308
35.0,14.38275
36.875,14.37254
38.75,14.36244
40.625,14.35243
42.5,14.34252
44.375,14.3327
46.25,14.32295
48.125,14.31329
50.0,14.30369
53.125,14.28784
56.25,14.27217
59.375,14.25665
62.5,14.24129
65.625,14.22606
68.75,14.21097
71.875,14.196
75.0,14.18114
78.125,14.1664
81.25,14.15177
84.375,14.13725
87.5,14.12283
93.75,14.09426
100.0,14.06605
106.25,14.03819
112.5,14.01064
118.75,13.9834
125.0,13.95645
131.25,13.92977
137.5,13.90335
143.75,13.87717
150.0,13.85123
156.25,13.82553
162.5,13.80003
168.75,13.77474
175.0,13.74965
187.5,13.70003
200.0,13.65109
209.375,13.6148
218.75,13.57883
228.125,13.54318
237.5,13.50781
246.875,13.4727
256.25,13.43783
265.625,13.40318
275.0,13.36873
293.75,13.30035
312.5,13.23257
331.25,13.16521
350.0,13.09816
368.75,13.03127
387.5,12.96442
406.25,12.89747
425.0,12.83031
443.75,12.76277
462.5,12.69474
481.25,12.62609
500.0,12.55667
531.25,12.43883
562.5,12.31772
593.75,12.19253
625.0,12.0624
640.625,11.99517
656.25,11.92631
671.875,11.85569
687.5,11.78313
703.125,11.70847
718.75,11.63154
734.375,11.5521
750.0,11.46995
765.625,11.38484
781.25,11.29651
796.875,11.20467
812.5,11.10896
828.125,11.00905
843.75,10.90451
859.375,10.79491
875.0,10.67972
890.625,10.55838
906.25,10.43022
921.875,10.29451
937.5,10.15041
945.3125,10.0749
953.125,9.996924
960.9375,9.916325
968.75,9.832951
976.5625,9.746631
984.375,9.657185
992.1875,9.564415
1000.0,9.468109
1010.01,9.339176
1020.019,9.203536
1030.029,9.06057
1040.038,8.909643
1050.048,8.74998
1060.057,8.580779
1070.066,8.401083
1075.071,8.306963
1080.075,8.209832
1085.08,8.109494
1090.085,8.005803
1095.09,7.898585
1100.094,7.787674
1105.099,7.672827
1110.104,7.553853
1115.109,7.430522
1120.113,7.30262
1125.118,7.169834
1130.123,7.031913
1135.128,6.888562
1140.132,6.739494
1145.137,6.584316
1150.141,6.422731
1155.146,6.254296
1160.15,6.078675
1165.155,5.895376
1170.16,5.703985
1175.165,5.504042
1180.169,5.295111
1185.174,5.076622
1190.179,4.848135
1192.682,4.729971
1195.184,4.609184
1197.686,4.485674
1200.188,4.359396
1202.691,4.230254
1205.193,4.09832
1207.696,3.963464
1210.198,3.82578
1212.701,3.685162
1215.203,3.541743
1217.705,3.395511
1220.207,3.246539
1222.71,3.094871
1225.212,2.940777
1227.714,2.784395
1230.216,2.625991
1232.719,2.46584
1235.221,2.304508
1237.723,2.142487
1240.225,1.980474
1242.728,1.819288
1245.23,1.660161
1247.733,1.504349
1250.235,1.353708
1252.738,1.210286
1253.989,1.142157
1255.24,1.076918
1256.491,1.015019
1257.742,0.9569647
1258.368,0.9295334
1258.993,0.9033248
1259.619,0.8783375
1260.244,0.8547385
1260.87,0.832545
1261.496,0.8118945
1262.122,0.7928917
1262.747,0.7756741
1263.373,0.7603048
1263.686,0.753363
1263.998,0.746958
1264.311,0.7410657
1264.624,0.735725
1264.937,0.7309539
1265.249,0.7267834
1265.562,0.7232061
1265.875,0.7202561
1266.188,0.7179539
1266.501,0.7163206
1266.814,0.715378
1267.127,0.7151489
1267.44,0.7156563
1267.752,0.716919
1268.065,0.71897
1268.378,0.7218319
1268.691,0.7255314
1268.847,0.7276964
1269.003,0.7300797
1269.16,0.7327022
1269.316,0.7355342
1269.395,0.7370555
1269.473,0.7386156
1269.551,0.740234
1269.629,0.741911
1269.708,0.7436698
1269.786,0.7454663
1269.825,0.7463871
1269.864,0.747323
1269.903,0.748274
1269.942,0.7492402
1269.981,0.7502217
1270.001,0.7507309
1270.02,0.7512186
1270.04,0.7517357
1270.059,0.7522307
1270.079,0.7527559
1270.098,0.7532584
1270.118,0.7537914
1270.137,0.7543015
1270.157,0.7548426
1270.176,0.7553604
1270.196,0.7559094
1270.215,0.7564348
1270.235,0.7569919
1270.254,0.7575248
1270.274,0.7580901
1270.294,0.7586593
1270.333,0.7597814
1270.372,0.7609195
1270.411,0.7620735
1270.45,0.7632435
1270.489,0.7644296
1270.567,0.7668503
1270.646,0.7693685
1270.724,0.7719209
1270.802,0.7745396
1270.88,0.7772249
1271.037,0.7828347
1271.193,0.7886831
1271.35,0.7948498
1271.506,0.8012606
1271.663,0.8080025
1271.819,0.8149942
1272.132,0.8299222
1272.445,0.8460841
1272.757,0.8634628
1273.07,0.8822118
1273.383,0.9023216
1273.696,0.9238371
1274.008,0.9467296
1274.321,0.9711943
1274.634,0.9972104
1274.947,1.02483
1275.259,1.054011
1275.572,1.084996
1275.885,1.117752
1276.198,1.15234
1276.51,1.188701
1276.823,1.227134
1277.136,1.267592
1277.449,1.310144
1277.761,1.354716
1278.074,1.401668
1278.387,1.450938
1278.7,1.502608
1279.012,1.556583
1279.325,1.613296
1279.638,1.672669
1279.951,1.734795
1280.263,1.799558
1280.576,1.867477
1280.889,1.938451
1281.202,2.01259
1281.515,2.09001
1281.828,2.170826
1282.141,2.255163
1282.454,2.343149
1282.766,2.434617
1283.079,2.530293
1283.392,2.630033
1283.705,2.733988
1284.017,2.841961
1284.33,2.954808
1284.643,3.07236
1284.956,3.194793
1285.268,3.321879
1285.581,3.454625
1285.894,3.592831
1286.207,3.73671
1286.52,3.88648
1286.833,4.042371
1287.146,4.204621
1287.459,4.373483
1287.771,4.548644
1288.084,4.731501
1288.397,4.921789
1288.71,5.119807
1289.022,5.325197
1289.335,5.539604
1289.648,5.762725
1289.961,5.99492
1290.273,6.235778
1290.586,6.487236
1290.899,6.748954
1291.212,7.021367
1291.525,7.304928
1292.151,7.90744
1292.776,8.559531
1293.402,9.267841
1294.027,10.03513
1294.653,10.86945
1295.278,11.77429
1295.904,12.75946
1296.529,13.82945
1297.155,14.99625
1297.78,16.26571
1298.093,16.944
1298.406,17.65261
1298.719,18.39309
1299.031,19.16455
1299.344,19.97368
1299.657,20.81993
1299.97,21.70525
1300.282,22.62873
1300.595,23.5985
1300.908,24.61405
1301.221,25.6779
1301.534,26.79276
1301.847,27.9615
1302.16,29.1872
1302.473,30.47312
1302.785,31.81838
1303.098,33.23532
1303.411,34.72377
1303.724,36.28801
1304.036,37.92729
1304.349,39.65704
1304.662,41.47746
1304.975,43.39426
1305.287,45.40697
1305.6,47.53507
1305.913,49.77942
1306.226,52.14771
1306.538,54.64001
1306.851,57.28124
1307.164,60.07332
1307.477,63.02673
1307.789,66.14255
1308.102,69.45305
1308.415,72.96189
1308.728,76.68358
1309.04,80.62094
1309.353,84.81635
1309.666,89.27631
1309.979,94.02127
1310.291,99.05691
1310.604,104.4398
1310.917,110.1812
1311.23,116.3101
1311.543,122.8588
1311.856,129.8625
1312.169,137.3599
1312.482,145.3935
1312.794,153.9819
1313.107,163.2315
1313.42,173.1728
1313.733,183.8687
1314.045,195.3504
1314.358,207.7679
1314.671,221.1709
1314.984,235.653
1315.296,251.2659
1315.609,268.2239
1315.922,286.6055
1316.235,306.5505
1316.547,328.1404
1316.86,351.6826
1317.173,377.2959
1317.486,405.1828
1317.798,435.4616
1318.111,468.5626
1318.424,504.6457
1318.737,543.9776
1319.049,586.692
1319.362,633.3417
1319.675,684.0694
1319.988,739.1294
1320.3,798.5395
1320.594,858.7945
1320.888,923.2481
1321.182,991.8477
1321.475,1064.15
1321.769,1140.284
1322.063,1219.429
1322.65,1382.825
1322.944,1464.815
1323.238,1544.717
1323.532,1620.571
1323.825,1690.028
1324.119,1751.408
1324.413,1802.416
1324.707,1841.296
1325.0,1866.683
1325.3,1878.108
1325.6,1874.71
1325.9,1857.09
1326.2,1826.451
1326.5,1784.459
1326.8,1733.066
1327.1,1674.338
1327.4,1610.304
1328.0,1473.607
1328.6,1335.092
1328.9,1267.794
1329.2,1202.725
1329.5,1140.325
1329.8,1080.872
1330.128,1019.421
1330.455,961.9088
1330.782,908.1059
1331.109,857.9052
1331.437,811.0147
1331.764,767.5374
1332.091,727.1271
1332.418,689.5804
1332.746,654.5923
1333.073,622.1794
1333.4,592.0434
1333.727,564.0073
1334.055,537.8286
1334.382,513.513
1334.709,490.8352
1335.036,469.6647
1335.364,449.8228
1335.691,431.3199
1336.018,413.993
1336.345,397.7499
1336.673,382.4613
1337.0,368.1434
1337.327,354.6781
1337.654,342.0012
1337.982,330.0186
1338.309,318.7499
1338.636,308.1084
1338.963,298.0492
1339.291,288.503
1339.618,279.4902
1339.945,270.9464
1340.272,262.8399
1340.6,255.1184
1340.927,247.8022
1341.254,240.8424
1341.581,234.2162
1342.236,221.8638
1342.89,210.6326
1343.545,200.3594
1344.199,190.9649
1344.854,182.3247
1345.508,174.3823
1346.163,167.0415
1346.817,160.2618
1347.472,153.9676
1348.126,148.1297
1348.781,142.6879
1349.435,137.621
1350.09,132.8804
1350.744,128.4508
1351.399,124.2924
1352.053,120.3945
1352.708,116.7238
1353.362,113.273
1354.017,110.0141
1354.671,106.942
1355.326,104.0333
1355.98,101.2844
1356.635,98.67551
1357.289,96.20425
1357.944,93.85363
1358.598,91.62225
1359.253,89.49544
1359.907,87.47251
1361.216,83.69983
1362.525,80.2577
1363.834,77.10671
1365.143,74.21322
1366.452,71.54845
1367.761,69.08759
1369.07,66.8092
1370.379,64.69463
1371.688,62.7276
1372.997,60.89389
1374.306,59.18095
1375.615,57.57774
1376.924,56.07449
1378.233,54.6625
1379.542,53.33403
1380.851,52.08218
1382.16,50.90076
1383.469,49.78421
1384.778,48.72752
1386.087,47.72617
1387.396,46.77609
1388.705,45.87358
1390.014,45.01526
1391.323,44.19807
1392.632,43.41923
1393.941,42.67618
1395.25,41.96659
1396.559,41.28832
1397.868,40.63939
1400.486,39.42249
1403.104,38.30306
1405.722,37.27012
1408.34,36.31427
1410.958,35.42739
1413.575,34.60274
1416.193,33.83356
1418.811,33.11481
1421.429,32.44179
1424.047,31.81034
1426.665,31.21679
1429.283,30.65791
1431.901,30.13075
1434.519,29.63276
1437.137,29.16159
1439.755,28.71517
1442.373,28.29162
1444.991,27.88925
1447.609,27.50651
1450.227,27.14202
1452.845,26.79452
1455.463,26.46284
1458.081,26.14594
1460.699,25.84286
1463.317,25.55272
1465.935,25.2747
1468.553,25.00807
1471.171,24.75214
1476.407,24.26988
1481.643,23.82344
1486.879,23.40895
1492.115,23.02307
1497.35,22.66299
1502.586,22.32605
1507.822,22.01011
1513.058,21.71325
1518.294,21.43375
1523.53,21.1701
1528.766,20.92097
1534.002,20.68514
1539.238,20.46156
1544.474,20.24926
1549.71,20.04737
1554.946,19.85513
1560.182,19.67182
1565.418,19.49682
1570.654,19.32954
1575.89,19.16945
1581.125,19.01609
1586.361,18.86899
1591.597,18.72775
1596.833,18.59201
1602.069,18.46143
1607.305,18.3357
1612.541,18.21453
1623.013,17.98482
1633.485,17.7704
1643.957,17.56964
1654.429,17.3811
1664.9,17.20357
1675.372,17.03595
1685.844,16.8773
1696.316,16.72679
1706.788,16.58366
1717.26,16.44728
1727.732,16.31704
1738.204,16.19243
1748.675,16.07298
1759.147,15.95825
1769.619,15.84785
1780.091,15.74143
1790.563,15.6387
1801.035,15.53934
1811.507,15.4431
1821.979,15.34973
1832.45,15.25901
1842.922,15.17072
1853.394,15.08469
1874.338,14.91864
1895.282,14.75958
1916.225,14.60638
1937.169,14.45802
1958.113,14.3136
1979.057,14.17227
2000.0,14.03327
2021.993,13.88901
2043.985,13.74568
2065.977,13.6025
2087.969,13.45866
2109.962,13.31334
2131.954,13.16572
2153.946,13.0149
2175.938,12.85994
2197.931,12.69975
2208.927,12.61736
2219.923,12.53321
2230.919,12.44714
2241.915,12.35897
2252.911,12.2685
2263.907,12.17552
2274.903,12.07981
2285.899,11.98111
2296.895,11.87916
2307.891,11.77367
2318.887,11.6643
2329.883,11.55072
2340.879,11.43252
2351.875,11.30929
2362.872,11.18052
2373.868,11.04571
2384.864,10.90426
2395.86,10.75549
2406.856,10.59867
2417.852,10.43295
2428.848,10.25735
2434.346,10.16553
2439.844,10.07082
2445.343,9.973034
2450.841,9.872055
2456.339,9.767672
2461.837,9.659689
2467.335,9.547893
2472.833,9.432053
2478.331,9.311926
2483.829,9.187245
2489.327,9.057724
2494.825,8.923054
2500.323,8.7829
2505.821,8.636901
2511.319,8.484666
2516.817,8.325769
2522.315,8.159749
2527.813,7.986108
2533.312,7.804268
2538.81,7.613708
2544.308,7.413756
2549.806,7.203718
2555.304,6.982846
2560.802,6.75033
2563.551,6.629436
2566.3,6.5053
2569.049,6.377805
2571.798,6.246826
2574.547,6.112242
2577.296,5.973923
2580.045,5.831739
2582.794,5.685558
2585.543,5.535248
2588.292,5.380675
2591.041,5.221709
2593.79,5.058223
2596.539,4.890094
2599.288,4.717213
2602.037,4.539478
2604.786,4.35681
2607.535,4.169152
2610.284,3.976479
2613.033,3.77881
2615.782,3.576218
2618.531,3.368849
2621.28,3.156942
2624.029,2.940855
2626.778,2.721101
2629.527,2.498396
2632.276,2.273712
2635.025,2.048359
2636.4,1.935916
2637.774,1.824083
2639.149,1.713008
2640.523,1.603205
2641.898,1.494925
2643.272,1.388795
2644.647,1.285202
2646.021,1.184919
2647.396,1.088517
2648.77,0.9969633
2649.458,0.9532077
2650.145,0.9110795
2650.832,0.8706566
2651.519,0.8320922
2652.207,0.7954993
2652.894,0.7611621
2653.581,0.7292169
2654.268,0.6998694
2654.956,0.6733052
2655.643,0.6498407
2656.33,0.6296934
2656.674,0.6209378
2657.017,0.6131418
2657.361,0.6062982
2657.705,0.6004713
2658.049,0.5957024
2658.392,0.5920442
2658.736,0.5895198
2659.079,0.5881906
2659.423,0.5880974
2659.766,0.5892911
2659.938,0.5903895
2660.11,0.591831
2660.282,0.5936223
2660.454,0.5957706
2660.626,0.5982831
2660.712,0.5996781
2660.798,0.6011671
2660.884,0.6027506
2660.97,0.60443
2661.056,0.606206
2661.099,0.6071306
2661.141,0.6080573
2661.184,0.6090305
2661.227,0.6100284
2661.27,0.6110512
2661.313,0.6120992
2661.356,0.6131721
2661.399,0.6142704
2661.442,0.6153942
2661.485,0.6165434
2661.528,0.6177183
2661.571,0.6189191
2661.657,0.6213982
2661.743,0.6239823
2661.828,0.6266401
2661.914,0.6294355
2662.0,0.6323387
2662.086,0.6353509
2662.172,0.6384734
2662.344,0.6450527
2662.515,0.6520438
2662.687,0.6595375
2662.859,0.6675036
2663.031,0.6759517
2663.203,0.6848916
2663.547,0.7042873
2663.89,0.7257078
2664.234,0.7493642
2664.577,0.7752081
2664.921,0.8034843
2665.264,0.8341254
2665.608,0.8674126
2665.952,0.9033667
2666.296,0.9420994
2666.639,0.9836021
2666.983,1.028238
2667.326,1.075875
2667.67,1.126923
2668.013,1.181223
2668.357,1.239239
2668.701,1.300968
2669.045,1.36657
2669.388,1.436003
2669.732,1.509848
2670.075,1.587857
2670.419,1.670675
2670.762,1.758021
2671.106,1.850615
2671.45,1.94843
2671.794,2.051699
2672.137,2.160337
2672.481,2.275236
2672.824,2.395992
2673.168,2.523592
2673.511,2.657587
2673.855,2.799068
2674.199,2.947982
2674.543,3.104674
2674.886,3.269012
2675.23,3.442337
2675.573,3.624039
2675.917,3.815598
2676.26,4.016344
2676.604,4.227915
2676.948,4.450235
2677.292,4.683826
2677.635,4.928508
2677.979,5.186289
2678.322,5.456281
2678.666,5.740705
2679.009,6.038592
2679.353,6.352403
2679.697,6.682057
2680.041,7.028371
2680.384,7.391122
2680.728,7.773337
2681.071,8.173756
2681.415,8.59574
2681.758,9.037918
2682.102,9.504025
2682.446,9.994034
2682.79,10.50925
2683.133,11.04946
2683.477,11.61928
2683.82,12.21697
2684.164,12.84768
2684.507,13.50954
2684.851,14.20831
2685.195,14.94414
2685.539,15.71921
2685.882,16.53342
2686.226,17.39399
2686.569,18.29857
2686.913,19.25529
2687.256,20.26159
2687.6,21.32665
2687.944,22.45109
2688.288,23.63871
2688.631,24.8898
2688.975,26.21601
2689.318,27.6143
2689.662,29.09786
2690.005,30.66346
2690.349,32.32609
2690.693,34.08765
2691.037,35.95498
2691.38,37.92954
2691.724,40.03083
2692.067,42.25521
2692.411,44.62502
2692.754,47.13656
2693.098,49.8155
2693.442,52.66666
2693.786,55.70304
2694.129,58.92907
2694.473,62.37888
2694.816,66.04902
2695.16,69.97904
2695.503,74.16582
2695.847,78.6553
2696.191,83.45927
2696.535,88.6034
2696.878,94.09918
2697.222,100.0091
2697.565,106.332
2697.909,113.1411
2698.252,120.4361
2698.596,128.3027
2698.94,136.7671
2699.284,145.8806
2699.627,155.6689
2699.971,166.2487
2700.314,177.6225
2700.658,189.9258
2701.001,203.1607
2701.345,217.4828
2701.689,232.9376
2702.033,249.6118
2702.376,267.5396
2702.72,286.9155
2703.063,307.7146
2703.407,330.1429
2703.75,354.146
2704.141,383.5856
2704.532,415.2981
2704.923,449.3001
2705.313,485.4483
2705.704,523.7962
2706.094,563.9096
2706.875,648.2202
2707.266,691.2325
2707.657,733.717
2708.048,774.691
2708.438,812.9716
2708.829,847.6226
2709.219,877.3711
2709.61,901.3938
2710.0,918.8063
2710.391,929.2164
2710.782,932.4147
2711.173,928.5768
2711.563,918.2132
2711.954,901.9845
2712.344,880.8457
2712.735,855.6434
2713.125,827.465
2713.907,765.3649
2714.688,700.7582
2715.079,668.8236
2715.469,637.748
2715.86,607.629
2716.25,578.7963
2716.529,558.9743
2716.808,539.8517
2717.087,521.4409
2717.366,503.7452
2717.645,486.7607
2717.924,470.4773
2718.203,454.8807
2718.481,440.0052
2718.76,425.7233
2719.039,412.0675
2719.318,399.0144
2719.596,386.5834
2719.875,374.6609
2720.154,363.2681
2720.433,352.3811
2720.711,342.0125
2721.269,322.5542
2721.826,304.7892
2722.384,288.4924
2722.941,273.5756
2723.499,259.852
2724.056,247.2512
2724.614,235.6205
2725.171,224.9053
2725.729,214.9813
2726.287,205.7916
2726.845,197.2672
2727.402,189.3606
2727.96,181.9887
2728.517,175.1289
2729.075,168.7126
2729.632,162.7239
2730.19,157.1055
2730.747,151.8461
2731.305,146.8982
2731.862,142.2536
2732.42,137.8726
2732.977,133.7495
2733.535,129.8507
2734.092,126.1726
2734.65,122.6865
2735.208,119.3846
2735.766,116.2538
2736.323,113.2875
2736.881,110.4639
2737.438,107.7833
2737.996,105.2269
2738.553,102.7953
2739.668,98.25896
2740.783,94.11922
2741.898,90.32943
2743.013,86.84966
2744.129,83.64278
2745.244,80.68483
2746.359,77.9471
2747.474,75.40719
2748.589,73.04552
2749.704,70.84492
2750.819,68.79027
2751.934,66.86822
2753.05,65.06538
2754.165,63.37446
2755.28,61.78445
2756.395,60.28696
2757.51,58.8745
2758.625,57.54034
2759.74,56.27841
2760.855,55.08325
2761.971,53.94891
2763.086,52.87294
2764.201,51.85022
2765.316,50.87704
2766.431,49.95003
2767.546,49.06609
2768.661,48.22238
2769.776,47.41633
2772.007,45.90722
2774.237,44.52324
2776.467,43.24937
2778.697,42.07332
2780.928,40.9841
2783.158,39.97355
2785.388,39.03327
2787.618,38.15634
2789.849,37.33637
2792.079,36.56878
2794.309,35.84849
2796.539,35.17137
2798.77,34.53343
2801.0,33.93197
2803.23,33.36376
2805.46,32.82615
2807.691,32.31657
2809.921,31.83332
2812.151,31.37425
2814.381,30.93763
2816.612,30.52168
2818.842,30.12533
2821.072,29.7471
2823.302,29.38575
2825.533,29.04006
2827.763,28.70935
2829.993,28.3925
2832.223,28.08869
2836.684,27.51697
2841.144,26.98889
2845.605,26.49945
2850.065,26.04478
2854.525,25.62121
2858.985,25.22565
2863.446,24.85535
2867.906,24.5081
2872.367,24.18167
2876.827,23.87437
2881.288,23.58442
2885.748,23.31053
2890.209,23.05124
2894.669,22.80555
2899.13,22.57228
2903.59,22.35059
2908.051,22.13956
2912.511,21.93849
2916.972,21.74662
2921.432,21.56339
2925.892,21.38817
2930.352,21.22045
2934.813,21.05972
2939.273,20.90558
2943.734,20.7576
2948.194,20.61543
2957.115,20.3471
2966.036,20.09817
2974.957,19.86652
2983.878,19.65038
2992.799,19.44816
3001.719,19.25853
3010.64,19.08026
3019.561,18.91233
3028.482,18.7538
3037.403,18.60388
3046.324,18.46182
3055.245,18.327
3064.166,18.19883
3073.087,18.0768
3082.008,17.96044
3090.929,17.84932
3099.85,17.74308
3108.771,17.64135
3117.692,17.54385
3126.613,17.45027
3135.534,17.36037
3144.454,17.2739
3153.375,17.19064
3162.296,17.11039
3171.217,17.03298
3180.138,16.95822
3197.98,16.81609
3215.821,16.68288
3233.663,16.55762
3251.505,16.43949
3269.347,16.32778
3287.188,16.22186
3305.03,16.12115
3322.872,16.0252
3340.714,15.93356
3358.556,15.84584
3376.398,15.76172
3394.24,15.68088
3412.082,15.60304
3429.923,15.52797
3447.765,15.45543
3465.607,15.38522
3483.449,15.31716
3501.29,15.25107
3519.132,15.1868
3536.974,15.12421
3572.657,15.00352
3608.341,14.88808
3644.024,14.77706
3679.708,14.66974
3715.391,14.56549
3751.075,14.46373
3786.758,14.36392
3822.442,14.2656
3858.125,14.16829
3893.809,14.07154
3929.493,13.97494
3965.177,13.87803
4000.86,13.7804
4036.544,13.68159
4072.227,13.58112
4107.911,13.4785
4143.594,13.37317
4179.278,13.26456
4214.962,13.15198
4250.646,13.03469
4268.488,12.97401
4286.329,12.91183
4304.171,12.84799
4322.013,12.78238
4339.855,12.71485
4357.696,12.64522
4375.538,12.5733
4393.38,12.49893
4411.222,12.42185
4429.063,12.34185
4446.905,12.25865
4464.747,12.17198
4482.589,12.08149
4500.431,11.98682
4518.273,11.88757
4536.115,11.78328
4553.957,11.67344
4571.798,11.55745
4589.64,11.43464
4607.482,11.30426
4616.403,11.23595
4625.324,11.16541
4634.245,11.09251
4643.165,11.01711
4652.086,10.93903
4661.007,10.85814
4669.928,10.77425
4678.849,10.68715
4687.77,10.59665
4696.691,10.50252
4705.612,10.40449
4714.532,10.30234
4723.453,10.19571
4732.374,10.0843
4741.295,9.967766
4750.216,9.845704
4759.137,9.717684
4768.058,9.583231
4776.979,9.441813
4785.899,9.292867
4794.82,9.135707
4803.741,8.969625
4812.662,8.793813
4821.583,8.607364
4826.044,8.509829
4830.504,8.409267
4834.965,8.305486
4839.425,8.198378
4843.886,8.08773
4848.346,7.973416
4852.806,7.855224
4857.266,7.732959
4861.727,7.606379
4866.187,7.475318
4870.648,7.339481
4875.108,7.198674
4879.569,7.052568
4884.029,6.900943
4888.49,6.743429
4892.95,6.579778
4897.411,6.409578
4901.871,6.232551
4906.332,6.048242
4910.792,5.856344
4915.253,5.656365
4919.713,5.447977
4924.173,5.23071
4928.633,5.004138
4933.094,4.767791
4937.554,4.521384
4939.785,4.394219
4942.015,4.264458
4944.245,4.132013
4946.475,3.99686
4948.706,3.858922
4950.936,3.718317
4953.166,3.574996
4955.396,3.428985
4957.627,3.280261
4959.857,3.129028
4962.087,2.97532
4964.317,2.819272
4966.548,2.660987
4968.778,2.500837
4971.008,2.339041
4973.238,2.175965
4975.469,2.011991
4977.699,1.847831
4979.929,1.684114
4982.159,1.521699
4984.39,1.361581
4986.62,1.205206
4988.85,1.054107
4989.965,0.9811376
4991.08,0.9102607
4992.195,0.8417959
4993.31,0.7760975
4994.425,0.7135591
4995.54,0.6546186
4996.098,0.6266231
4996.655,0.5997633
4997.213,0.5740124
4997.77,0.5495359
4998.328,0.5263238
4998.885,0.5045411
4999.443,0.4841965
5000.0,0.4654539
5000.793,0.4416605
5001.586,0.4215324
5002.379,0.4053922
5002.776,0.3989183
5003.172,0.3935897
5003.569,0.3894277
5003.965,0.3865038
5004.362,0.3848557
5004.56,0.3845308
5004.758,0.3845461
5004.957,0.3849115
5005.155,0.3856306
5005.254,0.3861255
5005.353,0.3867119
5005.452,0.3873908
5005.551,0.388163
5005.651,0.3890389
5005.701,0.3895133
5005.75,0.3900019
5005.8,0.3905249
5005.849,0.3910613
5005.899,0.3916334
5005.948,0.3922181
5005.998,0.3928397
5006.023,0.3931599
5006.047,0.3934733
5006.072,0.393806
5006.097,0.394145
5006.122,0.3944904
5006.146,0.394828
5006.171,0.3951859
5006.196,0.3955503
5006.221,0.3959211
5006.245,0.3962831
5006.27,0.3966667
5006.295,0.3970566
5006.344,0.3978399
5006.394,0.398665
5006.444,0.3995164
5006.494,0.4003944
5006.543,0.4012805
5006.593,0.4022112
5006.642,0.4031494
5006.741,0.4051241
5006.84,0.4072057
5006.939,0.4093956
5007.038,0.4116947
5007.137,0.4141041
5007.336,0.419286
5007.534,0.4248987
5007.732,0.4309767
5007.93,0.4375297
5008.129,0.4446047
5008.327,0.4521408
5008.723,0.4687416
5009.12,0.487503
5009.516,0.5084209
5009.913,0.5316962
5010.309,0.5573104
5010.706,0.5854965
5011.102,0.6162206
5011.499,0.6497512
5011.895,0.6860374
5012.292,0.7253866
5012.688,0.7677294
5013.085,0.8134157
5013.481,0.8623567
5013.878,0.9149482
5014.274,0.9710806
5014.671,1.031201
5015.067,1.095175
5015.464,1.163507
5015.86,1.236039
5016.257,1.313334
5016.653,1.395209
5017.05,1.482293
5017.446,1.574375
5017.843,1.67216
5018.239,1.775402
5018.636,1.884889
5019.032,2.000344
5019.429,2.122641
5019.825,2.251469
5020.222,2.3878
5020.618,2.531285
5021.015,2.683004
5021.411,2.842569
5021.808,3.011177
5022.204,3.188397
5022.601,3.375562
5022.997,3.572189
5023.394,3.779761
5023.79,3.997743
5024.187,4.227779
5024.583,4.469285
5024.979,4.723425
5025.375,4.990839
5025.772,5.272925
5026.168,5.56898
5026.565,5.881252
5026.961,6.20897
5027.358,6.554635
5027.754,6.917405
5028.151,7.300063
5028.547,7.701688
5028.944,8.12538
5029.34,8.570137
5029.737,9.039415
5030.133,9.532123
5030.53,10.05212
5030.926,10.59821
5031.323,11.17471
5031.719,11.78035
5032.116,12.41992
5032.512,13.09205
5032.909,13.80212
5033.305,14.54866
5033.702,15.33767
5034.098,16.16759
5034.495,17.04515
5034.891,17.96867
5035.288,18.94574
5035.684,19.97454
5036.081,21.0636
5036.477,22.21102
5036.874,23.4264
5037.27,24.7077
5037.667,26.06577
5038.063,27.49845
5038.46,29.01802
5038.856,30.62218
5039.253,32.32485
5039.649,34.12361
5040.046,36.0342
5040.442,38.05412
5040.839,40.20125
5041.235,42.47295
5041.632,44.88953
5042.028,47.44823
5042.425,50.17216
5042.821,53.05841
5043.218,56.13325
5043.614,59.39364
5044.011,62.86941
5044.407,66.55731
5044.804,70.49123
5045.2,74.66759
5045.597,79.12479
5045.993,83.85874
5046.39,88.91285
5046.786,94.28216
5047.183,100.0155
5047.579,106.1065
5047.976,112.6097
5048.372,119.5166
5048.769,126.8872
5049.165,134.71
5049.562,143.0498
5049.958,151.8901
5050.354,161.2755
5050.75,171.2287
5051.329,186.8459
5051.907,203.7413
5052.485,221.9687
5053.063,241.5244
5053.641,262.3611
5054.219,284.3754
5054.797,307.3955
5055.375,331.1683
5055.954,355.3939
5056.532,379.5541
5057.11,403.1711
5057.688,425.6584
5058.266,446.3919
5058.844,464.7525
5059.422,480.1737
5060.0,492.1921
5060.579,500.4996
5061.157,504.9203
5061.735,505.5045
5062.313,502.452
5062.891,496.1007
5063.469,486.8867
5064.047,475.3014
5064.625,461.8512
5065.204,446.9978
5065.782,431.2402
5066.938,398.4399
5067.516,381.9928
5068.094,365.8118
5068.672,350.0536
5069.25,334.8307
5069.91,318.1989
5070.569,302.4535
5071.229,287.576
5071.888,273.6128
5072.548,260.5037
5073.207,248.2569
5073.867,236.7959
5074.526,226.1109
5075.186,216.1228
5075.845,206.8147
5076.505,198.1122
5077.164,189.997
5077.824,182.4022
5078.483,175.3109
5079.142,168.6738
5079.801,162.4567
5080.461,156.6187
5081.12,151.1482
5081.78,146.0013
5082.439,141.1684
5083.099,136.6122
5083.758,132.3254
5084.418,128.2755
5085.077,124.4571
5085.737,120.8427
5086.396,117.4281
5087.056,114.1894
5087.715,111.1239
5088.375,108.2108
5089.034,105.4482
5089.693,102.8221
5090.352,100.3234
5091.012,97.94042
5091.671,95.67278
5092.331,93.50654
5092.99,91.44181
5094.309,87.58041
5095.628,84.04569
5096.947,80.80074
5098.266,77.81373
5099.585,75.05706
5100.903,72.5086
5102.222,70.14356
5103.541,67.94561
5104.86,65.89867
5106.179,63.98855
5107.498,62.2027
5108.817,60.53001
5110.136,58.9606
5111.454,57.48676
5112.773,56.09837
5114.092,54.78952
5115.411,53.55391
5116.73,52.38581
5118.049,51.28009
5119.368,50.23209
5120.687,49.23759
5122.005,48.29345
5123.324,47.39478
5124.643,46.53913
5125.962,45.7236
5127.281,44.94552
5128.6,44.20249
5129.919,43.49225
5132.556,42.16264
5135.194,40.94116
5137.832,39.81591
5140.47,38.77631
5143.107,37.81353
5145.745,36.91893
5148.383,36.08602
5151.021,35.30876
5153.658,34.58217
5156.296,33.90105
5158.934,33.2616
5161.572,32.66016
5164.209,32.09374
5166.847,31.55901
5169.485,31.05364
5172.123,30.5753
5174.76,30.12207
5177.398,29.69176
5180.036,29.28283
5182.674,28.89375
5185.311,28.52328
5187.949,28.16985
5190.587,27.83246
5193.225,27.51005
5195.862,27.20177
5198.5,26.90649
5201.138,26.62353
5206.413,26.09171
5211.689,25.60078
5216.964,25.14639
5222.24,24.72447
5227.515,24.33178
5232.791,23.96528
5238.066,23.62255
5243.342,23.30122
5248.617,22.99945
5253.893,22.71539
5259.168,22.44761
5264.444,22.19465
5269.719,21.95538
5274.995,21.72864
5280.27,21.51351
5285.546,21.30904
5290.821,21.11453
5296.097,20.92917
5301.372,20.75239
5306.648,20.58353
5311.923,20.42212
5317.199,20.26759
5322.474,20.11957
5327.75,19.97759
5333.025,19.84133
5338.301,19.71037
5343.576,19.58446
5354.127,19.34651
5364.678,19.1254
5375.229,18.91932
5385.78,18.72669
5396.331,18.54619
5406.882,18.37663
5417.433,18.21699
5427.984,18.06634
5438.535,17.92391
5449.086,17.78898
5459.637,17.66091
5470.188,17.53915
5480.739,17.42319
5491.29,17.31258
5501.841,17.20691
5512.392,17.10582
5522.943,17.00897
5533.494,16.91607
5544.045,16.82683
5554.596,16.74101
5565.147,16.65837
5575.698,16.57872
5586.249,16.50185
5596.8,16.4276
5617.902,16.28629
5639.004,16.15365
5660.106,16.02867
5681.208,15.91052
5702.31,15.79846
5723.412,15.69184
5744.513,15.59011
5765.615,15.49277
5786.717,15.39938
5807.819,15.30957
5828.921,15.22296
5850.023,15.13927
5871.125,15.05821
5892.227,14.97953
5913.329,14.903
5934.431,14.82842
5955.533,14.75558
5976.635,14.68433
5997.737,14.61448
6039.941,14.47847
6082.144,14.34649
6124.348,14.21757
6166.552,14.09088
6208.756,13.96566
6250.96,13.84122
6293.164,13.71688
6335.368,13.59201
6377.572,13.46599
6419.775,13.33819
6461.979,13.20797
6504.183,13.0747
6546.387,12.93766
6588.591,12.79616
6630.795,12.64938
6672.999,12.49648
6715.203,12.33648
6736.305,12.25351
6757.407,12.16836
6778.509,12.08087
6799.611,11.99089
6820.713,11.89822
6841.815,11.80269
6862.917,11.7041
6884.019,11.60221
6905.121,11.49681
6926.223,11.38762
6947.325,11.27439
6968.427,11.15679
6989.529,11.03452
7010.631,10.9072
7031.733,10.77446
7052.835,10.63587
7073.937,10.49096
7095.038,10.33923
7116.14,10.18008
7137.242,10.01291
7158.344,9.837029
7179.446,9.65166
7200.548,9.455953
7221.65,9.248955
7242.752,9.029605
7253.303,8.914933
7263.854,8.796716
7274.405,8.674783
7284.956,8.548953
7295.507,8.419035
7306.058,8.284824
7316.609,8.146105
7327.16,8.00265
7337.711,7.854216
7348.262,7.700546
7358.813,7.541369
7369.364,7.376398
7379.915,7.205327
7390.466,7.027836
7401.017,6.84359
7411.568,6.652229
7422.119,6.453386
7432.669,6.24669
7443.22,6.031704
7453.771,5.808034
7464.322,5.575259
7474.873,5.332962
7485.424,5.080733
7495.975,4.818185
7506.526,4.544968
7517.077,4.260804
7522.353,4.114542
7527.628,3.965515
7532.904,3.813668
7538.179,3.659077
7543.455,3.501712
7548.73,3.34169
7554.006,3.179023
7559.281,3.013881
7564.557,2.84634
7569.832,2.676643
7575.108,2.504958
7580.383,2.331637
7585.659,2.156975
7590.934,1.981482
7596.21,1.805636
7601.485,1.630171
7606.761,1.455838
7612.036,1.283695
7617.312,1.114884
7622.587,0.9509392
7625.225,0.8713097
7627.863,0.7935888
7630.501,0.7180615
7633.138,0.6450697
7635.776,0.5749056
7638.414,0.5079816
7639.733,0.4758657
7641.052,0.4447225
7642.371,0.4146123
7643.689,0.3856198
7645.008,0.3577677
7646.327,0.3311485
7647.646,0.3058362
7648.965,0.2819083
7650.284,0.2594467
7651.603,0.2385377
7652.922,0.219272
7654.24,0.2017579
7655.559,0.1860697
7656.878,0.1723276
7658.197,0.1606438
7659.516,0.1511364
7660.176,0.1472348
7660.835,0.1439302
7661.495,0.141229
7662.154,0.1391566
7662.814,0.1377244
7663.473,0.1369548
7663.803,0.1368232
7664.132,0.1368635
7664.462,0.1370787
7664.791,0.1374698
7665.121,0.1380416
7665.451,0.1387956
7665.781,0.1397345
7666.11,0.1408571
7666.44,0.142173
7666.77,0.1436814
7667.429,0.147281
7668.089,0.1516891
7668.748,0.1569145
7669.408,0.1629964
7670.067,0.1699399
7670.727,0.177791
7671.386,0.1865507
7672.705,0.2069509
7674.024,0.2313567
7675.342,0.2599733
7676.661,0.293086
7677.321,0.3114148
7677.98,0.3309311
7678.64,0.3517288
7679.299,0.3737801
7679.959,0.3971885
7680.618,0.4219206
7681.278,0.4480902
7681.937,0.4756576
7682.597,0.5047478
7683.256,0.5353146
7683.916,0.5674945
7684.575,0.6012345
7685.234,0.6366284
7685.893,0.6737238
7686.553,0.7126296
7687.212,0.7532787
7687.872,0.7958463
7688.531,0.8402572
7689.191,0.8867014
7689.85,0.9350953
7690.51,0.9856445
7691.169,1.038256
7691.829,1.093153
7692.488,1.150234
7693.148,1.209736
7693.807,1.27155
7694.467,1.335934
7695.126,1.402765
7695.785,1.472214
7696.444,1.54436
7697.104,1.619398
7697.763,1.697183
7699.082,1.861802
7700.401,2.038938
7701.72,2.229356
7703.039,2.433874
7704.358,2.653366
7705.677,2.888762
7706.995,3.140861
7708.314,3.411109
7709.633,3.700461
7710.952,4.010135
7712.271,4.341435
7713.59,4.695758
7714.909,5.074602
7716.228,5.479572
7717.546,5.912049
7718.865,6.374537
7720.184,6.868702
7721.503,7.396675
7722.822,7.960745
7724.141,8.563377
7725.46,9.207217
7726.779,9.895115
7728.097,10.62957
7729.416,11.41498
7730.735,12.25439
7732.054,13.15163
7733.373,14.11084
7734.692,15.13648
7736.011,16.23336
7737.33,17.40667
7738.648,18.66105
7739.967,20.00444
7741.286,21.44245
7742.605,22.98212
7743.924,24.63107
7745.243,26.39748
7746.562,28.29021
7747.881,30.31876
7749.199,32.49172
7750.518,34.82339
7751.837,37.32405
7753.156,40.00641
7754.475,42.8841
7755.794,45.97169
7757.113,49.28467
7758.432,52.83955
7759.75,56.65076
7761.069,60.74245
7762.388,65.13107
7763.707,69.83662
7765.025,74.87579
7766.344,80.27726
7767.663,86.05854
7768.982,92.24057
7770.3,98.83849
7771.229,103.752
7772.157,108.8842
7773.085,114.2458
7774.013,119.8413
7775.869,131.7474
7777.725,144.6158
7779.582,158.4401
7781.438,173.1561
7783.294,188.6766
7785.15,204.8538
7787.007,221.488
7788.863,238.289
7790.719,254.9319
7792.575,271.0314
7794.432,286.1771
7796.288,299.9275
7798.144,311.8912
7800.0,321.7276
7801.863,329.208
7803.725,334.1456
7805.588,336.5215
7807.45,336.4242
7809.313,334.0423
7811.175,329.6404
7813.038,323.5208
7814.9,316.0151
7816.763,307.4354
7818.625,298.0896
7822.35,278.1053
7824.213,267.8824
7826.075,257.7261
7827.938,247.742
7829.8,238.0276
7831.266,230.6061
7832.731,223.4129
7834.196,216.4573
7835.661,209.7483
7837.127,203.2863
7838.592,197.0812
7840.057,191.1267
7841.522,185.4192
7842.988,179.9493
7844.453,174.7178
7845.918,169.7132
7847.383,164.9272
7848.849,160.3484
7850.314,155.9741
7851.779,151.7921
7853.244,147.794
7854.71,143.9684
7856.175,140.3123
7857.64,136.8147
7859.105,133.4679
7860.571,130.2622
7862.036,127.1947
7864.966,121.4408
7867.897,116.1509
7870.827,111.2825
7873.758,106.7912
7876.688,102.643
7879.619,98.80207
7882.549,95.24168
7885.48,91.93317
7888.41,88.85543
7891.341,85.98548
7894.271,83.30665
7897.202,80.8004
7900.132,78.45356
7903.063,76.25108
7905.993,74.18246
7908.924,72.23544
7911.854,70.40158
7914.785,68.67083
7917.715,67.03639
7920.645,65.49043
7923.575,64.02641
7926.506,62.63792
7929.436,61.32048
7932.367,60.06824
7935.297,58.87756
7938.228,57.74348
7941.158,56.663
7944.089,55.63192
7947.019,54.64775
7949.95,53.70689
7952.88,52.80726
7958.741,51.12077
7964.602,49.5705
7970.463,48.14125
7976.324,46.81995
7982.185,45.59523
7988.046,44.45727
7993.907,43.39749
7999.768,42.40834
8005.629,41.48321
8011.49,40.6163
8017.35,39.80255
8023.211,39.03711
8029.072,38.31603
8034.933,37.63568
8040.794,36.99277
8046.655,36.3844
8052.516,35.8079
8058.377,35.26089
8064.238,34.74121
8070.099,34.24692
8075.96,33.77623
8081.821,33.32753
8087.682,32.89934
8093.543,32.49031
8099.404,32.09921
8105.265,31.72489
8111.125,31.36639
8116.986,31.02263
8122.847,30.69277
8134.569,30.07158
8146.291,29.49703
8158.013,28.9641
8169.735,28.46849
8181.457,28.00643
8193.179,27.57468
8204.9,27.1704
8216.622,26.79099
8228.344,26.4343
8240.066,26.09833
8251.788,25.78135
8263.51,25.48179
8275.232,25.19826
8286.954,24.92952
8298.675,24.67446
8310.397,24.43202
8322.119,24.20129
8333.841,23.98147
8345.563,23.77179
8357.285,23.57156
8369.007,23.38016
8380.729,23.19701
8392.45,23.02161
8404.172,22.85343
8415.894,22.69206
8427.616,22.53708
8439.338,22.38814
8462.782,22.10693
8486.225,21.846
8509.669,21.60318
8533.112,21.37663
8556.556,21.16474
8579.999,20.96615
8580.001,18.49423
9290.001,18.14525
10000.0,17.7973
10703.13,17.58306
11406.25,17.38484
12812.5,17.02848
14218.75,16.71534
15625.0,16.43682
17031.25,16.18629
18437.5,15.95908
19843.75,15.75146
21250.0,15.56052
22656.25,15.38384
24062.5,15.21967
26875.0,14.9229
29687.5,14.66055
32500.0,14.42602
35312.5,14.2142
38125.0,14.02141
40937.5,13.84473
43750.0,13.68182
49375.0,13.39006
55000.0,13.13513
60625.0,12.90915
66250.0,12.70665
71875.0,12.5235
77500.0,12.35653
83125.0,12.20319
88750.0,12.06164
100000.0,11.80789
110000.0,11.46978
120000.0,11.16961
130000.0,10.90041
140000.0,10.65697
150000.0,10.43518
160000.0,10.2319
170000.0,10.04457
180000.0,9.87111
190000.0,9.709759
200000.0,9.559133
220000.0,9.285447
240000.0,9.042417
260000.0,8.824491
280000.0,8.627377
300000.0,8.447842
320000.0,8.283291
340000.0,8.131649
369756.0,7.926174
369800.0,7.925889
382350.0,7.845663
394900.0,7.768832
420000.0,7.62443
442500.0,7.450599
465000.0,7.294341
487500.0,7.143879
510000.0,7.007588
532500.0,6.87147
555000.0,6.747263
577500.0,6.633728
600000.0,6.529801
650000.0,6.30908
700000.0,6.119714
750000.0,5.956197
800000.0,5.814277
875989.0,5.666188
951978.0,5.537941
952020.0,5.537869
976010.0,5.499436
1000000.0,5.462202
1034490.0,5.447723
1034493.0,5.447721
1061420.0,5.436789
1062500.0,5.436362
1088360.0,5.426147
1125000.0,5.412133
1142240.0,5.405716
1250000.0,5.367852
1260400.0,5.374583
1260430.0,5.374606
1290370.0,5.393726
1320320.0,5.412492
1380210.0,5.448961
1423680.0,5.474611
1483980.0,5.508769
1500000.0,5.518059
1522800.0,5.548778
1522840.0,5.54883
1522844.0,5.548835
1558980.0,5.596969
1578220.0,5.62232
1578222.0,5.622322
1581640.0,5.626815
1595120.0,5.644449
1601440.0,5.65268
1612490.0,5.667036
1616530.0,5.672275
1639130.0,5.701408
1646760.0,5.711199
1649680.0,5.714935
1651260.0,5.716951
1651430.0,5.717167
1667370.0,5.737486
1667400.0,5.737533
1671608.0,5.74287
1675815.0,5.748199
1684230.0,5.758839
1693470.0,5.770469
1701080.0,5.78
1708940.0,5.789811
1715300.0,5.797762
1715310.0,5.79778
1721220.0,5.805148
1726970.0,5.812297
1729340.0,5.815238
1737260.0,5.825047
1739630.0,5.827973
1739632.0,5.827975
1743050.0,5.832187
1750000.0,5.84071
1750520.0,5.841348
1759030.0,5.85192
1767540.0,5.862473
1784560.0,5.883523
1788600.0,5.88843
1792640.0,5.893336
1800720.0,5.903139
1819560.0,5.925594
1824840.0,5.931819
1833680.0,5.942146
1833700.0,5.942176
1855110.0,5.968819
1855111.0,5.96882
1857650.0,5.97197
1860800.0,5.975869
1860840.0,5.975919
1866170.0,5.982508
1872728.0,5.990484
1879285.0,5.998459
1892400.0,6.014408
1897407.0,6.020085
1902413.0,6.025769
1912425.0,6.037162
1932450.0,6.060037
1952475.0,6.083029
1972500.0,6.10613
1972501.0,6.106131
1977376.0,6.111383
1982250.0,6.116643
1984260.0,6.118793
1992130.0,6.127058
2000000.0,6.135408
2007430.0,6.145156
2014860.0,6.154888
2029720.0,6.174296
2044580.0,6.193635
2059440.0,6.212906
2065570.0,6.22078
2071700.0,6.228643
2078230.0,6.236988
2084760.0,6.245316
2084764.0,6.245321
2089787.0,6.251698
2094810.0,6.258064
2104860.0,6.270763
2124960.0,6.296013
2124966.0,6.29602
2127180.0,6.298779
2132405.0,6.30528
2137630.0,6.311764
2137730.0,6.311886
2138630.0,6.313
2138634.0,6.313004
2146270.0,6.322599
2146273.0,6.322602
2154610.0,6.333041
2154615.0,6.333048
2162250.0,6.342596
2162253.0,6.342599
2162300.0,6.342657
2181420.0,6.366578
2200540.0,6.390181
2200545.0,6.390187
2225270.0,6.423183
2250000.0,6.455663
2281250.0,6.494531
2312500.0,6.532659
2375000.0,6.60677
2437500.0,6.678146
2500000.0,6.746924
2561600.0,6.800564
2623200.0,6.852228
2686600.0,6.902812
2750000.0,6.951495
2851300.0,7.037174
2925650.0,7.096655
3000000.0,7.153861
3062500.0,7.171484
3125000.0,7.188269
3187500.0,7.204247
3250000.0,7.219449
3312500.0,7.233905
3375000.0,7.247638
3437500.0,7.260678
3500000.0,7.273045
3562500.0,7.28832
3625000.0,7.302958
3687500.0,7.316979
3750000.0,7.330403
3875000.0,7.355226
4000000.0,7.377895
4062500.0,7.357027
4125000.0,7.336409
4187500.0,7.31603
4250000.0,7.295883
4312500.0,7.275959
4375000.0,7.256249
4437500.0,7.236747
4500000.0,7.217445
4562500.0,7.198593
4625000.0,7.179937
4750000.0,7.143191
4875000.0,7.107163
5000000.0,7.071807
5062500.0,7.029753
5125000.0,6.988435
5187500.0,6.947829
5250000.0,6.907913
5312500.0,6.868668
5375000.0,6.830071
5437500.0,6.792105
5500000.0,6.75475
5502220.0,6.753444
5564443.0,6.717096
5579810.0,6.708207
5626665.0,6.681317
5688888.0,6.64609
5751110.0,6.611402
5875555.0,6.543581
6000000.0,6.47774
6062500.0,6.433712
6125000.0,6.390552
6187500.0,6.348232
6250000.0,6.306727
6312500.0,6.266011
6375000.0,6.226063
6437500.0,6.186859
6500000.0,6.148378
6562500.0,6.110597
6625000.0,6.073497
6687500.0,6.037061
6750000.0,6.001265
6812500.0,5.966096
6875000.0,5.931534
6937500.0,5.897565
7000000.0,5.864169
7092258.0,5.81413
7184515.0,5.765336
7276773.0,5.717734
7369030.0,5.671282
7461288.0,5.625934
7553545.0,5.581649
7645803.0,5.538388
7738060.0,5.496112
7815650.0,5.460689
7869030.0,5.43671
7934515.0,5.407715
8000000.0,5.379178
8069190.0,5.363748
8129528.0,5.348182
8189865.0,5.333069
8228390.0,5.323655
8250203.0,5.318403
8310540.0,5.304179
8370878.0,5.290385
8431215.0,5.277018
8491553.0,5.264068
8551890.0,5.251532
8612228.0,5.2394
8672565.0,5.227667
8732903.0,5.216328
8793240.0,5.205375
8853578.0,5.194802
8913915.0,5.184604
8974253.0,5.174775
9034590.0,5.16531
9094929.0,5.151557
9155267.0,5.138234
9215605.0,5.125336
9275943.0,5.112855
9336281.0,5.100784
9396619.0,5.089118
9456957.0,5.077851
9517295.0,5.066974
9577634.0,5.056485
9637972.0,5.046375
9698310.0,5.03664
9758648.0,5.027273
9818986.0,5.01827
9879324.0,5.009623
9939662.0,5.001328
10000000.0,4.993383
10031250.0,4.993089
10062500.0,4.99283
10093750.0,4.992605
10125000.0,4.992414
10156250.0,4.992257
10187500.0,4.992134
10218750.0,4.992044
10250000.0,4.991988
10281250.0,4.991964
10312500.0,4.991974
10375000.0,4.99209
10437500.0,4.992334
10500000.0,4.992709
10562500.0,4.993207
10625000.0,4.993829
10687500.0,4.994575
10750000.0,4.995442
10812500.0,4.99643
10875000.0,4.997536
10937500.0,4.998759
11000000.0,5.000098
11062500.0,4.99961
11125000.0,4.999244
11187500.0,4.999
11250000.0,4.998874
11312500.0,4.998868
11375000.0,4.998977
11437500.0,4.999203
11500000.0,4.999545
11562500.0,4.999998
11625000.0,5.000563
11687500.0,5.001238
11750000.0,5.002024
11812500.0,5.002918
11875000.0,5.003919
11937500.0,5.005026
12000000.0,5.006238
12062500.0,5.013662
12125000.0,5.021094
12187500.0,5.028532
12250000.0,5.035977
12312500.0,5.043429
12375000.0,5.050888
12437500.0,5.058352
12500000.0,5.065824
12562500.0,5.073303
12625000.0,5.080788
12687500.0,5.088279
12750000.0,5.095776
12812500.0,5.103278
12875000.0,5.110788
12937500.0,5.118302
13000000.0,5.125823
13062500.0,5.133348
13125000.0,5.14088
13187500.0,5.148417
13250000.0,5.155959
13312500.0,5.163507
13375000.0,5.171061
13437500.0,5.178618
13500000.0,5.186182
13562500.0,5.19375
13625000.0,5.201323
13687500.0,5.208901
13750000.0,5.216483
13812500.0,5.224071
13875000.0,5.231663
13937500.0,5.23926
14000000.0,5.24686
14046970.0,5.254064
14093930.0,5.261264
14140890.0,5.268462
14187850.0,5.275657
14234820.0,5.282851
14281780.0,5.290041
14328740.0,5.297228
14375700.0,5.304413
14422670.0,5.311598
14469630.0,5.318778
14516590.0,5.325954
14563550.0,5.33313
14610520.0,5.340303
14657480.0,5.347474
14704440.0,5.354642
14751400.0,5.361806
14751440.0,5.361811
14829480.0,5.373356
14907510.0,5.384892
14985550.0,5.39642
15063580.0,5.407937
15141620.0,5.419447
15165300.0,5.422937
15219650.0,5.430945
15297690.0,5.442438
15375720.0,5.45392
15453760.0,5.465393
15531790.0,5.476858
15609830.0,5.488315
15687860.0,5.499761
15765900.0,5.511201
15843930.0,5.522631
15921970.0,5.534053
16000000.0,5.545465
16125000.0,5.55574
16250000.0,5.565982
16375000.0,5.576189
16500000.0,5.586365
16625000.0,5.596507
16750000.0,5.606617
16875000.0,5.616697
17000000.0,5.626744
17125000.0,5.636761
17250000.0,5.646747
17375000.0,5.656703
17500000.0,5.666628
17625000.0,5.676524
17750000.0,5.686391
17875000.0,5.69623
18000000.0,5.706038
18125000.0,5.708605
18250000.0,5.711178
18375000.0,5.713758
18500000.0,5.716344
18625000.0,5.718937
18750000.0,5.721537
18875000.0,5.724141
19000000.0,5.726752
19500000.0,5.723893
19750000.0,5.722497
20000000.0,5.721121
20000010.0,5.6906
20233750.0,5.688766
21000000.0,5.674207
21492170.0,5.657959
21790360.0,5.645514
22000000.0,5.6356
23000000.0,5.578133
23294010.0,5.558281
24000000.0,5.5053
25000000.0,5.422205
25651040.0,5.363122
26000000.0,5.3292
26464420.0,5.282978
27000000.0,5.22947
28000000.0,5.1269
28077320.0,5.118772
28169080.0,5.109142
29000000.0,5.023187
30000000.0,4.9247
30113630.0,4.913957
31000000.0,4.832817
32000000.0,4.74648
33000000.0,4.66505
33680740.0,4.612142
34000000.0,4.58798
34581560.0,4.544976
35000000.0,4.5148
36000000.0,4.449925
36581700.0,4.417549
36794460.0,4.406574
37000000.0,4.396382
37978910.0,4.352858
38000000.0,4.352003
39000000.0,4.314982
39011690.0,4.314586
40000000.0,4.2838
40004880.0,4.28366
40932730.0,4.260896
41000000.0,4.259531
42000000.0,4.243473
43000000.0,4.234739
43268360.0,4.23354
43328860.0,4.233334
44000000.0,4.232566
45000000.0,4.2363
45932830.0,4.242843
46000000.0,4.243365
47000000.0,4.252306
48000000.0,4.264119
49000000.0,4.279686
49174500.0,4.282847
50000000.0,4.2998
51000000.0,4.32238
52000000.0,4.34492
52224710.0,4.34999
52311340.0,4.351945
53000000.0,4.367515
54000000.0,4.390249
55000000.0,4.4132
55360540.0,4.421538
55867490.0,4.4333
56000000.0,4.436378
57000000.0,4.459571
58000000.0,4.482535
58993980.0,4.504913
59000000.0,4.505047
59334990.0,4.51245
60000000.0,4.5269
61000000.0,4.547586
62000000.0,4.566873
62561990.0,4.577179
63000000.0,4.584975
64000000.0,4.602089
65000000.0,4.6184
66000000.0,4.633267
67000000.0,4.646143
68000000.0,4.657324
68433050.0,4.661711
69000000.0,4.66709
70000000.0,4.6757
71000000.0,4.683017
71841960.0,4.687986
72000000.0,4.688803
73000000.0,4.693153
74000000.0,4.696157
75000000.0,4.6979
75607460.0,4.698371
76000000.0,4.698442
77000000.0,4.697796
78000000.0,4.69598
79000000.0,4.693008
79534970.0,4.690951
80000000.0,4.6889
81000000.0,4.683782
82000000.0,4.677762
83000000.0,4.67083
84000000.0,4.662977
85000000.0,4.6542
86000000.0,4.644645
87000000.0,4.634433
88000000.0,4.623527
89000000.0,4.611893
90000000.0,4.5995
91000000.0,4.586446
92000000.0,4.572881
93000000.0,4.558854
94000000.0,4.544412
95000000.0,4.5296
96000000.0,4.51441
97000000.0,4.498805
98000000.0,4.482785
99000000.0,4.466349
100000000.0,4.4495
102000000.0,4.415031
104000000.0,4.37987
106000000.0,4.344054
108000000.0,4.307618
110000000.0,4.2706
112000000.0,4.233282
114000000.0,4.195893
116000000.0,4.158387
118000000.0,4.120733
120000000.0,4.0829
122000000.0,4.04532
124000000.0,4.008295
126000000.0,3.971628
128000000.0,3.935146
130000000.0,3.8987
132000000.0,3.862587
134000000.0,3.82715
136000000.0,3.792326
138000000.0,3.75806
140000000.0,3.7243
142000000.0,3.691133
144000000.0,3.65863
146000000.0,3.626728
148000000.0,3.595369
150000000.0,3.5645
