1e-05,30.2605
1.0625e-05,30.25695
1.125e-05,30.25362
1.1875e-05,30.25049
1.25e-05,30.24754
1.3125e-05,30.24475
1.375e-05,30.24211
1.4375e-05,30.2396
1.5e-05,30.2372
1.5625e-05,30.23492
1.625e-05,30.23274
1.6875e-05,30.23064
1.75e-05,30.22864
1.875e-05,30.22485
2e-05,30.22134
2.117425e-05,30.21826
2.23485e-05,30.21537
2.389207e-05,30.21155
2.543563e-05,30.208
2.697919e-05,30.20468
2.852275e-05,30.20156
3.006632e-05,30.19863
3.160988e-05,30.19586
3.315344e-05,30.19325
3.4697e-05,30.19075
3.660988e-05,30.18767
3.852275e-05,30.18477
4.043563e-05,30.182
4.23485e-05,30.1794
4.426138e-05,30.1769
4.617425e-05,30.17454
4.808713e-05,30.17227
5e-05,30.17011
5.23485e-05,30.16757
5.4697e-05,30.16516
5.70455e-05,30.16286
5.9394e-05,30.16066
6.193188e-05,30.15825
6.446975e-05,30.15595
6.700763e-05,30.15375
6.95455e-05,30.15164
7.208338e-05,30.14961
7.462125e-05,30.14765
7.9697e-05,30.14396
8.477275e-05,30.14052
8.98485e-05,30.1373
9.492425e-05,30.13426
0.0001,30.13141
0.000104394,30.12906
0.000108788,30.12683
0.0001144888,30.12389
0.0001201895,30.12111
0.0001258903,30.11847
0.000131591,30.11596
0.0001372918,30.11356
0.0001429925,30.11127
0.0001486933,30.10909
0.000154394,30.10698
0.0001600948,30.10496
0.0001657955,30.10303
0.000177197,30.09936
0.0001885985,30.09595
0.0002,30.09275
0.000207577,30.09073
0.0002199257,30.08742
0.0002322743,30.0843
0.0002446229,30.08136
0.0002569715,30.07858
0.0002693202,30.07595
0.0002816688,30.07343
0.0002940174,30.07104
0.000306366,30.06876
0.0003187147,30.06658
0.0003310633,30.06448
0.0003434119,30.06247
0.0003557605,30.06053
0.0003804578,30.05688
0.000405155,30.05347
0.0004288663,30.05021
0.0004525775,30.04714
0.0004762888,30.04424
0.0005,30.0415
0.0005187694,30.03942
0.0005375388,30.03743
0.0005750775,30.03365
0.0006126163,30.03014
0.000650155,30.02686
0.0006876938,30.02377
0.0007252325,30.02086
0.0007627713,30.01811
0.00080031,30.01551
0.0008502325,30.01206
0.000900155,30.00882
0.0009500775,30.00577
0.001,30.00289
0.001036914,30.00086
0.001073828,29.9989
0.001147655,29.9952
0.001221483,29.99175
0.00129531,29.98851
0.001369138,29.98547
0.001442965,29.9826
0.001516793,29.97989
0.00159062,29.97732
0.001692965,29.97376
0.00179531,29.97044
0.001897655,29.96731
0.002,29.96436
0.002073204,29.96235
0.002146407,29.9604
0.002292813,29.95674
0.002439219,29.9533
0.002585625,29.9501
0.002732032,29.94708
0.002878438,29.94422
0.003024844,29.94152
0.00317125,29.93896
0.003399844,29.93502
0.003628438,29.93134
0.003857032,29.9279
0.004085625,29.92469
0.004314219,29.92165
0.004542813,29.91879
0.004771407,29.91607
0.005,29.91349
0.005333125,29.90995
0.00566625,29.90664
0.005999375,29.90353
0.0063325,29.90061
0.006790938,29.89665
0.007249375,29.89298
0.007707813,29.88955
0.00816625,29.88632
0.008624688,29.88328
0.009083125,29.88042
0.009541563,29.87769
0.01,29.87511
0.01066375,29.87159
0.0113275,29.8683
0.01199125,29.8652
0.012655,29.86228
0.01357313,29.85833
0.01449125,29.85464
0.01540938,29.8512
0.0163275,29.84797
0.01724563,29.84492
0.01816375,29.84204
0.01908188,29.83933
0.02,29.83674
0.021325,29.83321
0.02265,29.82992
0.023975,29.82682
0.0253,29.8239
0.02684375,29.8228
0.0283875,29.82176
0.02993125,29.82079
0.031475,29.81987
0.03301875,29.81899
0.0345625,29.81816
0.03610625,29.81736
0.03765,29.8166
0.03919375,29.81587
0.0407375,29.81518
0.04228125,29.81452
0.043825,29.81387
0.0469125,29.81266
0.05,29.81153
0.05290825,29.81053
0.0558165,29.80958
0.05963107,29.80837
0.06344563,29.80725
0.06726019,29.80619
0.07107475,29.80519
0.07488932,29.80425
0.07870388,29.80337
0.08251844,29.80251
0.086333,29.80171
0.08974975,29.801
0.0931665,29.80031
0.09658325,29.79965
0.1,29.79902
0.1059208,29.79797
0.1118415,29.79699
0.1177623,29.79605
0.123683,29.79517
0.1296038,29.79434
0.1355245,29.79353
0.1414453,29.79277
0.147366,29.79204
0.1539453,29.79123
0.1605245,29.79046
0.1671038,29.78972
0.173683,29.78901
0.1802623,29.78832
0.1868415,29.78767
0.2,29.78643
0.208679,29.78567
0.217358,29.78492
0.226037,29.78422
0.234716,29.78354
0.243395,29.78289
0.252074,29.78226
0.269432,29.78107
0.2838425,29.78011
0.298253,29.77919
0.3126635,29.77833
0.327074,29.7775
0.3414845,29.77672
0.355895,29.77596
0.3703055,29.77525
0.384716,29.77455
0.3991265,29.77388
0.413537,29.77325
0.442358,29.77204
0.471179,29.77091
0.5,29.76985
0.513565,29.76938
0.5439672,29.76831
0.5743694,29.76732
0.6047716,29.76637
0.6351738,29.76548
0.665576,29.76464
0.6959782,29.76383
0.7263804,29.76305
0.7567825,29.76231
0.7871847,29.76161
0.8175869,29.76093
0.8479891,29.76027
0.8783913,29.75964
0.9391957,29.75844
1.0,29.75734
1.00183,29.7573
1.062864,29.75622
1.123897,29.75521
1.18493,29.75425
1.245963,29.75334
1.306996,29.75247
1.368029,29.75165
1.429062,29.75087
1.490095,29.75012
1.551129,29.74939
1.612162,29.74871
1.673195,29.74804
1.734228,29.74742
1.856294,29.74621
1.97836,29.74508
2.0,29.74488
2.120714,29.7438
2.241428,29.74279
2.362142,29.74182
2.482855,29.74092
2.603569,29.74005
2.724283,29.73922
2.844997,29.73844
2.96571,29.73769
3.086424,29.73697
3.207138,29.73627
3.327852,29.73561
3.448565,29.73497
3.689993,29.73376
3.93142,29.73263
4.198565,29.73143
4.46571,29.7303
4.732855,29.72925
5.0,29.72825
5.354694,29.72701
5.709388,29.72585
6.064082,29.72477
6.418775,29.72376
6.773469,29.72279
7.128163,29.72189
7.482857,29.72102
7.83755,29.7202
8.378163,29.71898
8.918775,29.71784
9.459388,29.71676
10.0,29.71575
10.70623,29.71451
11.41245,29.71336
12.11868,29.71228
12.8249,29.71126
13.53113,29.7103
14.23735,29.70939
14.94358,29.70853
15.6498,29.70771
16.73735,29.70648
17.8249,29.70533
18.91245,29.70426
20.0,29.70324
21.4093,29.70201
22.8186,29.70086
24.2279,29.69979
25.6372,29.69878
27.0465,29.69782
28.4558,29.69692
29.8651,29.69606
31.2744,29.69524
32.44475,29.69457
33.6151,29.69391
35.9558,29.69269
38.2965,29.69153
40.6372,29.69046
42.9779,29.68944
45.3186,29.68847
47.6593,29.68757
50.0,29.68671
53.1309,29.68562
56.2618,29.68458
59.3927,29.68362
62.5236,29.6827
64.86588,29.68203
67.20815,29.68139
71.8927,29.68017
76.57725,29.67902
81.2618,29.67795
85.94635,29.67695
90.6309,29.67599
95.31545,29.67509
100.0,29.67423
106.2555,29.67316
112.511,29.67214
118.7665,29.67118
125.022,29.67027
129.7082,29.66959
134.3943,29.66895
143.7665,29.66772
153.1388,29.66657
162.511,29.66548
171.8833,29.66447
181.2555,29.6635
190.6278,29.6626
200.0,29.66173
212.5048,29.66064
225.0095,29.65961
237.5143,29.65866
250.019,29.65774
265.6437,29.65663
281.2683,29.65559
296.8929,29.65462
312.5175,29.65369
328.1422,29.65281
343.7668,29.65197
359.3914,29.65118
375.016,29.65041
390.6407,29.64968
406.2653,29.64898
421.8899,29.6483
437.5145,29.64766
468.7638,29.64643
500.013,29.64529
531.2622,29.64418
562.5114,29.64314
593.7606,29.64216
625.0098,29.64123
656.259,29.64034
687.5082,29.63951
718.7574,29.63871
750.0065,29.63795
781.2557,29.63721
812.5049,29.63651
843.7541,29.63583
875.0033,29.63518
937.5017,29.63395
1000.0,29.63281
1070.313,29.16037
1140.625,28.72492
1210.938,28.32153
1281.25,27.94619
1351.563,27.59529
1421.875,27.26631
1492.188,26.9569
1562.5,26.66506
1671.875,26.24173
1781.25,25.8514
1890.625,25.4897
2000.0,25.15303
2125.0,24.79515
2265.625,24.42222
2406.25,24.07691
2546.875,23.75574
2687.5,23.45583
2828.125,23.17459
2968.75,22.91017
3109.375,22.66083
3250.0,22.42508
3390.625,22.20153
3531.25,21.98919
3671.875,21.78706
3812.5,21.59431
3953.125,21.41017
4093.75,21.23397
4375.0,20.90305
4687.5,20.56476
5000.0,20.25331
5250.0,20.02102
5500.0,19.80204
5781.25,19.56987
6062.5,19.35129
6343.75,19.1449
6625.0,18.94956
6906.25,18.76414
7187.5,18.58784
7468.75,18.41988
7750.0,18.25958
8312.5,17.95952
8875.0,17.68361
9437.5,17.42853
10000.0,17.19163
10703.13,17.00025
11406.25,16.82301
12109.38,16.65809
12812.5,16.50397
13515.63,16.35937
14218.75,16.22328
14921.88,16.09483
15625.0,15.97325
16718.75,15.79622
17812.5,15.63222
18906.25,15.47956
20000.0,15.33686
21250.0,15.18454
22656.25,15.0251
24062.5,14.8768
25468.75,14.73828
26875.0,14.60841
28281.25,14.48621
29687.5,14.37088
31093.75,14.26177
32500.0,14.15826
33906.25,14.05981
35312.5,13.96602
36718.75,13.87649
38125.0,13.79087
39531.25,13.70885
40937.5,13.63017
43750.0,13.48186
46875.0,13.32949
50000.0,13.18854
52500.0,13.08298
55000.0,12.98312
57812.5,12.87691
60625.0,12.77655
63437.5,12.68149
66250.0,12.59122
69062.5,12.5053
71875.0,12.42337
74687.5,12.34509
77500.0,12.27018
83125.0,12.12939
88750.0,11.99927
94375.0,11.87844
100000.0,11.76572
105000.0,11.59481
110000.0,11.43417
115000.0,11.28274
120000.0,11.13965
125000.0,11.0041
130000.0,10.87543
135000.0,10.75304
140000.0,10.63639
150000.0,10.41858
160000.0,10.21887
170000.0,10.03476
180000.0,9.864226
190000.0,9.705566
200000.0,9.557409
210000.0,9.418582
220000.0,9.288094
230000.0,9.165096
240000.0,9.048863
250000.0,8.938761
260000.0,8.83424
270000.0,8.734814
280000.0,8.640063
300000.0,8.463128
320000.0,8.300901
340000.0,8.151347
360000.0,8.012813
380000.0,7.883941
400000.0,7.763597
420000.0,7.650833
429329.5,7.575969
438659.0,7.503461
438710.0,7.503068
448790.0,7.427317
458871.0,7.354048
461708.0,7.333865
470370.0,7.272471
479032.0,7.214003
491224.5,7.132289
503417.0,7.055806
511386.0,7.005909
519355.0,6.958111
527443.3,6.908847
535531.5,6.861595
551708.0,6.772796
559677.0,6.729491
569757.8,6.674107
579838.5,6.621402
589919.3,6.571246
600000.0,6.52352
625000.0,6.407841
650000.0,6.301305
675000.0,6.203024
700000.0,6.112223
750000.0,5.932502
800000.0,5.776988
850000.0,5.668868
900000.0,5.57212
945191.0,5.493209
950000.0,5.485248
1000000.0,5.407017
1066940.0,5.377961
1133880.0,5.352211
1133881.0,5.35221
1133900.0,5.352201
1162920.0,5.341254
1191950.0,5.330602
1250000.0,5.310135
1375000.0,5.396462
1500000.0,5.47649
1750000.0,5.82896
1837640.0,5.945353
1837644.0,5.945356
1844077.0,5.953795
1850510.0,5.962211
1855480.0,5.968707
1860450.0,5.975186
1860456.0,5.975189
1864898.0,5.980936
1869340.0,5.986675
1878230.0,5.998132
1898525.0,6.024286
1918820.0,6.05025
1938075.0,6.075154
1957330.0,6.099886
1957333.0,6.099887
1962522.0,6.106283
1967710.0,6.112683
1978087.0,6.125495
1998840.0,6.151162
2000000.0,6.152549
2012392.0,6.170245
2024783.0,6.187822
2049565.0,6.222634
2074348.0,6.256996
2099130.0,6.290915
2105663.0,6.299973
2112195.0,6.308997
2125260.0,6.326945
2138325.0,6.344763
2151390.0,6.36245
2157670.0,6.371198
2163950.0,6.379914
2176510.0,6.397251
2201630.0,6.431546
2201635.0,6.431553
2201900.0,6.431918
2219923.0,6.456439
2237945.0,6.48071
2273990.0,6.52853
2273991.0,6.52853
2274200.0,6.528814
2276420.0,6.531742
2311780.0,6.578
2312100.0,6.57842
2330650.0,6.602468
2350950.0,6.628564
2387100.0,6.67449
2406050.0,6.698313
2407950.0,6.70069
2413704.0,6.708124
2419457.0,6.715537
2430963.0,6.730301
2453975.0,6.759595
2476988.0,6.78858
2500000.0,6.817256
2547150.0,6.861102
2594300.0,6.904572
2641450.0,6.947678
2688600.0,6.990425
2692250.0,6.993697
2737570.0,7.034081
2737572.0,7.034082
2740180.0,7.036403
2740185.0,7.036406
2750000.0,7.045219
2769180.0,7.062336
2773950.0,7.066585
2773951.0,7.066585
2780545.0,7.072472
2787138.0,7.078344
2800325.0,7.09005
2826700.0,7.113307
2826710.0,7.113311
2826711.0,7.113312
2826712.0,7.113313
2826910.0,7.113491
2826912.0,7.113491
2836516.0,7.122127
2846120.0,7.130744
2862928.0,7.145409
2879735.0,7.160016
2913350.0,7.189062
2956675.0,7.224528
3000000.0,7.259671
3045743.0,7.27409
3091485.0,7.287848
3137228.0,7.300965
3182970.0,7.313455
3228713.0,7.325339
3274455.0,7.336631
3320198.0,7.347347
3365940.0,7.357502
3432970.0,7.376759
3500000.0,7.394786
3557973.0,7.408808
3615945.0,7.422062
3673918.0,7.434574
3731890.0,7.446363
3750000.0,7.451024
3812500.0,7.466151
3875000.0,7.480452
3937500.0,7.493956
4000000.0,7.506689
4062500.0,7.485667
4125000.0,7.464879
4170550.0,7.449872
4187500.0,7.444315
4250000.0,7.423967
4312500.0,7.403827
4375000.0,7.383886
4437500.0,7.364138
4500000.0,7.344575
4562500.0,7.325995
4625000.0,7.307598
4687500.0,7.289379
4750000.0,7.271333
4812500.0,7.253907
4875000.0,7.236632
4937500.0,7.219504
5000000.0,7.202518
5062500.0,7.158516
5125000.0,7.11527
5187500.0,7.072758
5250000.0,7.030956
5312500.0,6.989844
5375000.0,6.949401
5437500.0,6.909607
5500000.0,6.870443
5562500.0,6.832272
5625000.0,6.79469
5687500.0,6.757678
5750000.0,6.721222
5812500.0,6.685306
5875000.0,6.649916
6000000.0,6.580658
6063445.0,6.534647
6126890.0,6.489473
6190335.0,6.445111
6253780.0,6.401537
6317225.0,6.358729
6380670.0,6.316664
6444115.0,6.275322
6507560.0,6.234683
6630670.0,6.157292
6753780.0,6.082366
6876890.0,6.009774
7000000.0,5.939402
7015130.0,5.930917
7136348.0,5.863601
7257565.0,5.798238
7378783.0,5.734736
7453790.0,5.696338
7500000.0,5.67301
7527730.0,5.659165
7527733.0,5.659163
7532760.0,5.65651
7645799.0,5.598419
7763865.0,5.540875
7881933.0,5.48636
8000000.0,5.434721
8039086.0,5.423458
8078172.0,5.412395
8117258.0,5.401533
8156343.0,5.390868
8195429.0,5.380398
8234514.0,5.370122
8273600.0,5.360038
8312685.0,5.350142
8351771.0,5.340433
8390857.0,5.33091
8429943.0,5.321569
8469028.0,5.312411
8547199.0,5.294631
8625370.0,5.277555
8703542.0,5.261169
8781713.0,5.245459
8859884.0,5.230413
8938055.0,5.216016
9016227.0,5.202256
9094398.0,5.189121
9172569.0,5.176602
9250740.0,5.164682
9297569.0,5.154169
9344398.0,5.143911
9391227.0,5.133903
9438055.0,5.124146
9484884.0,5.114636
9531713.0,5.105368
9578542.0,5.096341
9625370.0,5.087552
9672199.0,5.078996
9692510.0,5.075358
9719028.0,5.070674
9765857.0,5.062581
9812685.0,5.054715
9859514.0,5.047073
9906343.0,5.039652
9953172.0,5.032452
10000000.0,5.025468
10062500.0,5.024267
10125000.0,5.02317
10187500.0,5.022176
10250000.0,5.021284
10312500.0,5.020491
10375000.0,5.019797
10437500.0,5.0192
10500000.0,5.018701
10562500.0,5.018296
10625000.0,5.017987
10687500.0,5.017771
10750000.0,5.017647
10812500.0,5.017613
10875000.0,5.017669
10937500.0,5.017814
11000000.0,5.018047
11062500.0,5.018366
11125000.0,5.018774
11187500.0,5.019264
11250000.0,5.019839
11312500.0,5.020497
11375000.0,5.021237
11437500.0,5.022059
11500000.0,5.02296
11562500.0,5.023942
11625000.0,5.025002
11687500.0,5.026139
11750000.0,5.027355
11812500.0,5.028645
11875000.0,5.030011
11937500.0,5.031452
12000000.0,5.032967
12048450.0,5.039324
12096890.0,5.045683
12145330.0,5.052045
12193770.0,5.058409
12242210.0,5.064776
12290650.0,5.071146
12339090.0,5.07752
12387530.0,5.083895
12435970.0,5.090273
12484410.0,5.096654
12532850.0,5.103037
12581290.0,5.109422
12629730.0,5.11581
12678170.0,5.122201
12726610.0,5.128594
12775050.0,5.134989
12823500.0,5.141388
12871940.0,5.147788
12920380.0,5.154189
12968820.0,5.160594
13017260.0,5.167001
13065700.0,5.17341
13114140.0,5.17982
13162580.0,5.186232
13211020.0,5.192647
13259460.0,5.199064
13307900.0,5.205483
13356340.0,5.211903
13404780.0,5.218326
13453220.0,5.224751
13501660.0,5.231177
13550100.0,5.237605
13606340.0,5.244651
13662580.0,5.251697
13718820.0,5.258747
13775050.0,5.265797
13831290.0,5.272853
13887530.0,5.27991
13943770.0,5.28697
13991900.0,5.293014
14000000.0,5.294032
14062500.0,5.303881
14125000.0,5.313722
14187500.0,5.323556
14250000.0,5.333382
14312500.0,5.343203
14375000.0,5.353015
14437500.0,5.362821
14500000.0,5.372618
14562500.0,5.382411
14625000.0,5.392194
14687500.0,5.401972
14750000.0,5.411742
14812500.0,5.421505
14875000.0,5.431262
14937500.0,5.441011
15000000.0,5.450753
15062500.0,5.46049
15125000.0,5.470218
15187500.0,5.479941
15250000.0,5.489655
15312500.0,5.499365
15375000.0,5.509066
15437500.0,5.518762
15500000.0,5.52845
15562500.0,5.538132
15625000.0,5.547807
15687500.0,5.557476
15750000.0,5.567139
15812500.0,5.576795
15875000.0,5.586444
15937500.0,5.596087
16000000.0,5.605723
16125000.0,5.615517
16250000.0,5.625269
16375000.0,5.634976
16500000.0,5.64464
16625000.0,5.654261
16750000.0,5.663842
16875000.0,5.673381
17000000.0,5.682879
17125000.0,5.692337
17250000.0,5.701756
17375000.0,5.711136
17500000.0,5.720477
17625000.0,5.729781
17750000.0,5.739047
17875000.0,5.748277
18000000.0,5.757469
18500000.0,5.760733
19000000.0,5.76441
19500000.0,5.768465
19750000.0,5.770623
20000000.0,5.772863
20000010.0,5.7486
20558460.0,5.747316
20804570.0,5.744488
21000000.0,5.741279
21012500.0,5.741045
21347140.0,5.733518
22000000.0,5.712
23000000.0,5.663741
24000000.0,5.5987
25000000.0,5.521359
26000000.0,5.4321
26087670.0,5.423629
26664810.0,5.36791
26821680.0,5.352668
26887710.0,5.346227
27000000.0,5.335232
27608350.0,5.274427
28000000.0,5.2338
29000000.0,5.130677
30000000.0,5.0324
31000000.0,4.938525
32000000.0,4.848687
33000000.0,4.762976
33687470.0,4.706463
33932980.0,4.686756
34000000.0,4.68142
34443590.0,4.64657
34848280.0,4.615482
35000000.0,4.604
35676450.0,4.556
36000000.0,4.535003
37000000.0,4.477044
38000000.0,4.427904
39000000.0,4.385738
39474340.0,4.36772
40000000.0,4.349
40029270.0,4.347995
40983870.0,4.319845
40988090.0,4.319739
41000000.0,4.319443
42000000.0,4.298871
42373810.0,4.293252
43000000.0,4.286148
44000000.0,4.280304
45000000.0,4.2805
46000000.0,4.284355
47000000.0,4.290659
47840110.0,4.298518
48000000.0,4.300324
49000000.0,4.314163
49098400.0,4.315778
49396670.0,4.320971
50000000.0,4.3329
50900170.0,4.352179
51000000.0,4.35432
52000000.0,4.375888
53000000.0,4.397784
54000000.0,4.420171
54070170.0,4.421765
55000000.0,4.4432
55682900.0,4.459255
55774650.0,4.461421
56000000.0,4.466745
57000000.0,4.490377
57719020.0,4.507252
58000000.0,4.513793
59000000.0,4.536719
60000000.0,4.5589
61000000.0,4.580087
62000000.0,4.600251
63000000.0,4.619485
64000000.0,4.637874
64186450.0,4.641216
65000000.0,4.6555
66000000.0,4.671598
66616200.0,4.680452
67000000.0,4.685603
68000000.0,4.697871
69000000.0,4.708733
70000000.0,4.7185
70933040.0,4.726479
71000000.0,4.726997
72000000.0,4.733931
73000000.0,4.739408
73536660.0,4.741783
74000000.0,4.743532
75000000.0,4.7464
76000000.0,4.748043
77000000.0,4.748443
78000000.0,4.747621
79000000.0,4.745599
80000000.0,4.7424
81000000.0,4.738145
82000000.0,4.732934
83000000.0,4.726759
84000000.0,4.719616
85000000.0,4.7115
86000000.0,4.702566
87000000.0,4.692947
88000000.0,4.682613
89000000.0,4.671538
90000000.0,4.6597
91000000.0,4.647189
92000000.0,4.63414
93000000.0,4.620598
94000000.0,4.606605
95000000.0,4.5922
96000000.0,4.577362
97000000.0,4.562051
98000000.0,4.54628
99000000.0,4.530058
100000000.0,4.5134
102000000.0,4.479279
104000000.0,4.444414
106000000.0,4.408818
108000000.0,4.372506
110000000.0,4.3355
112000000.0,4.298096
114000000.0,4.260557
116000000.0,4.222856
118000000.0,4.184976
120000000.0,4.1469
122000000.0,4.10907
124000000.0,4.071784
126000000.0,4.034841
128000000.0,3.998065
130000000.0,3.9613
132000000.0,3.924841
134000000.0,3.88903
136000000.0,3.853805
138000000.0,3.819111
140000000.0,3.7849
142000000.0,3.751263
144000000.0,3.718276
146000000.0,3.685874
148000000.0,3.654
150000000.0,3.6226
