1e-05,3.852
1.04655e-05,3.851943
1.0931e-05,3.8519
1.14325e-05,3.851944
1.1934e-05,3.852
1.2402e-05,3.851996
1.287e-05,3.852
1.33685e-05,3.851846
1.3867e-05,3.8517
1.43375e-05,3.851896
1.4808e-05,3.8521
1.53045e-05,3.851947
1.5801e-05,3.8518
1.62725e-05,3.852048
1.6744e-05,3.8523
1.7239e-05,3.852048
1.7734e-05,3.8518
1.819775e-05,3.85192
1.86615e-05,3.852044
1.912525e-05,3.852171
1.9589e-05,3.8523
2e-05,3.852215
2.08005e-05,3.852053
2.1601e-05,3.8519
2.2535e-05,3.851896
2.3469e-05,3.8519
2.4469e-05,3.851947
2.5469e-05,3.852
2.6407e-05,3.852098
2.7345e-05,3.8522
2.83405e-05,3.852098
2.9336e-05,3.852
3.0278e-05,3.851998
3.122e-05,3.852
3.22115e-05,3.852048
3.3203e-05,3.8521
3.41075e-05,3.852099
3.5012e-05,3.8521
3.5957e-05,3.852099
3.6902e-05,3.8521
3.7889e-05,3.852099
3.8876e-05,3.8521
3.99065e-05,3.852099
4.0937e-05,3.8521
4.2801e-05,3.852097
4.4665e-05,3.8521
4.66685e-05,3.852047
4.8672e-05,3.852
5e-05,3.852033
5.121e-05,3.852066
5.242e-05,3.8521
5.4413e-05,3.852098
5.6406e-05,3.8521
5.8288e-05,3.852048
6.017e-05,3.852
6.21555e-05,3.851998
6.4141e-05,3.852
6.60285e-05,3.851999
6.7916e-05,3.852
6.98955e-05,3.852049
7.1875e-05,3.8521
7.373e-05,3.852098
7.5585e-05,3.852097
7.744e-05,3.852097
7.9295e-05,3.8521
8.1307e-05,3.852073
8.3319e-05,3.852047
8.5331e-05,3.852023
8.7343e-05,3.852
9.1079e-05,3.852048
9.4815e-05,3.8521
9.74075e-05,3.852065
0.0001,3.852033
0.00010281,3.852
0.000106565,3.852049
0.00011032,3.8521
0.0001143,3.852099
0.00011828,3.8521
0.00012205,3.85205
0.00012582,3.852
0.000129785,3.852
0.00013375,3.852
0.00013745,3.852023
0.00014115,3.852048
0.00014485,3.852073
0.00014855,3.8521
0.000152585,3.852073
0.00015662,3.852048
0.000160655,3.852023
0.00016469,3.852
0.000172145,3.852048
0.0001796,3.8521
0.00018761,3.852048
0.00019562,3.852
0.0002,3.851999
0.00020531,3.851999
0.00021062,3.852
0.00021859,3.852049
0.00022656,3.8521
0.00023409,3.852099
0.00024162,3.8521
0.00024956,3.85205
0.0002575,3.852
0.00026472,3.851999
0.00027194,3.852
0.000279495,3.852
0.00028705,3.852
0.0002951325,3.851998
0.000303215,3.851999
0.0003112975,3.851999
0.00031938,3.852
0.000334275,3.852049
0.00034917,3.8521
0.00036521,3.852049
0.00038125,3.852
0.000396235,3.851999
0.00041122,3.852
0.000427175,3.852049
0.00044313,3.8521
0.000458175,3.8521
0.00047322,3.8521
0.00048661,3.8521
0.0005,3.8521
0.000505,3.8521
0.0005197625,3.852074
0.000534525,3.852049
0.0005492875,3.852024
0.00056405,3.852
0.00057986,3.85205
0.00059567,3.8521
0.00061221,3.8521
0.00062875,3.8521
0.00064364,3.852074
0.00065853,3.85205
0.00068831,3.852
0.000720405,3.851999
0.0007525,3.852
0.000782455,3.852049
0.00081241,3.8521
0.00084433,3.85205
0.00087625,3.852
0.000906335,3.852
0.00093642,3.852
0.00096821,3.851999
0.001,3.852
0.00104575,3.852
0.0010915,3.852
0.00114065,3.852
0.0011898,3.852
0.0012358,3.85205
0.0012818,3.8521
0.00133075,3.852049
0.0013797,3.852
0.0014259,3.851999
0.0014721,3.852
0.0015208,3.85205
0.0015695,3.8521
0.001616975,3.852075
0.00166445,3.85205
0.001711925,3.852024
0.0017594,3.852
0.001804925,3.852
0.00185045,3.852
0.001895975,3.852
0.0019415,3.852
0.002,3.852
0.00206955,3.851999
0.0021391,3.852
0.0022308,3.852
0.0023225,3.852
0.00242065,3.852
0.0025188,3.852
0.0026109,3.85205
0.002703,3.8521
0.0027981,3.852074
0.0028932,3.85205
0.0029883,3.852025
0.0030834,3.852
0.00318075,3.852
0.0032781,3.852
0.0033689,3.852
0.0034597,3.852
0.0035505,3.851999
0.0036413,3.852
0.00374035,3.851999
0.0038394,3.852
0.00393845,3.852
0.0040375,3.852
0.00422055,3.852
0.0044036,3.852
0.00460025,3.852001
0.0047969,3.852
0.005,3.851999
0.005139075,3.852
0.00527815,3.852
0.005417225,3.852
0.0055563,3.852
0.005746125,3.852
0.00593595,3.852
0.006125775,3.852
0.0063156,3.852
0.0065016,3.852
0.0066876,3.852
0.0068736,3.851999
0.0070596,3.851999
0.0072456,3.851999
0.0074316,3.852
0.0076176,3.851999
0.0078036,3.852
0.007994075,3.852
0.00818455,3.851999
0.0085655,3.852
0.00894645,3.852
0.0093274,3.852
0.0096637,3.851999
0.01,3.851999
0.01040775,3.851998
0.0108155,3.851999
0.01122325,3.851999
0.011631,3.852
0.01201075,3.852
0.0123905,3.851999
0.01277025,3.851999
0.01315,3.852
0.01352975,3.851999
0.0139095,3.851999
0.01428925,3.851999
0.014669,3.851999
0.01504875,3.851998
0.0154285,3.851999
0.01580825,3.851999
0.016188,3.852
0.01694725,3.851999
0.0177065,3.851999
0.01846575,3.851999
0.019225,3.852
0.02,3.852
0.02093525,3.851999
0.0218705,3.851999
0.02280575,3.851999
0.023741,3.852
0.0245205,3.852
0.0253,3.852
0.02643,3.852
0.02756,3.852
0.02844875,3.852
0.0293375,3.851999
0.03022625,3.852
0.031115,3.851999
0.03200375,3.852
0.0328925,3.852
0.03378125,3.852
0.03467,3.852
0.03584125,3.852001
0.0370125,3.852
0.03818375,3.852001
0.039355,3.852
0.04050275,3.852
0.0416505,3.852
0.04279825,3.852
0.043946,3.852
0.04509375,3.851999
0.0462415,3.851999
0.04738925,3.852
0.048537,3.852
0.05,3.852
0.0519845,3.852
0.053969,3.851999
0.0559535,3.852
0.057938,3.852
0.05971463,3.852
0.06149125,3.851999
0.06326788,3.851999
0.0650445,3.851999
0.06682113,3.851999
0.06859775,3.851999
0.07037438,3.851999
0.072151,3.851999
0.07389157,3.851999
0.07563213,3.851999
0.07911325,3.851998
0.08259438,3.851999
0.0860755,3.851999
0.08955663,3.851999
0.09303775,3.851999
0.09651888,3.852
0.1,3.852001
0.10026,3.852
0.104945,3.852
0.10963,3.852
0.114315,3.851999
0.119,3.852
0.1224838,3.851999
0.1259675,3.851999
0.1294513,3.851999
0.132935,3.852
0.1364188,3.852
0.1399025,3.852
0.1433863,3.852
0.14687,3.852
0.15156,3.852
0.15625,3.852
0.16094,3.852
0.16563,3.852
0.1699263,3.852
0.1742225,3.851999
0.1785188,3.852
0.182815,3.852
0.1914075,3.851999
0.2,3.852
0.206355,3.852
0.21271,3.852
0.22208,3.852
0.23145,3.852
0.24082,3.852001
0.25019,3.852
0.2571575,3.852001
0.264125,3.852
0.2710925,3.852
0.27806,3.852
0.2850275,3.852
0.291995,3.852
0.2989625,3.851999
0.30593,3.852
0.314075,3.852
0.32222,3.851999
0.330365,3.852
0.33851,3.851999
0.346655,3.851999
0.3548,3.851999
0.37109,3.852
0.38738,3.852
0.40367,3.852
0.41996,3.852
0.43625,3.852
0.4521875,3.852
0.468125,3.852
0.5,3.852
0.51141,3.852
0.5398075,3.852
0.568205,3.852
0.5966025,3.852
0.625,3.852
0.6554975,3.852
0.685995,3.852001
0.7164925,3.852
0.74699,3.852
0.79232,3.852
0.83765,3.852
0.88298,3.852
0.92831,3.852
0.964155,3.852001
1.0,3.852
1.0505,3.852001
1.0888,3.852
1.1271,3.852001
1.2037,3.852001
1.2803,3.852
1.3569,3.852
1.4179,3.852001
1.4789,3.852
1.5399,3.852001
1.6009,3.852
1.691625,3.852
1.78235,3.852
1.873075,3.852
1.9638,3.852
2.0,3.852
2.1015,3.852
2.203,3.852001
2.35525,3.852001
2.5075,3.852
2.65975,3.852001
2.812,3.852
2.934288,3.852
3.056575,3.852001
3.178863,3.852
3.30115,3.852
3.423438,3.852
3.545725,3.852
3.7903,3.852
3.974925,3.852
4.15955,3.852
4.344175,3.852001
4.5288,3.852
4.7644,3.852
5.0,3.852001
5.244025,3.852
5.48805,3.852
5.732075,3.852001
5.9761,3.852001
6.220675,3.852
6.46525,3.852001
6.709825,3.852001
6.9544,3.852001
7.323925,3.852001
7.69345,3.852001
8.062975,3.852001
8.4325,3.852001
8.824375,3.852001
9.21625,3.852
9.608125,3.852001
10.0,3.852001
10.384,3.852001
10.872,3.852001
11.36,3.852
11.848,3.852
12.336,3.852
12.824,3.852
13.312,3.852001
13.8,3.852001
14.288,3.852
15.242,3.852
16.196,3.852001
17.15,3.852001
18.104,3.852001
19.052,3.852
20.0,3.852
20.144,3.852
21.11988,3.852
21.792,3.852
22.09575,3.852
23.07163,3.852
24.0475,3.852001
25.02338,3.852001
25.99925,3.852001
26.97513,3.852
27.951,3.852
29.903,3.852001
31.6228,3.852001
31.855,3.852001
33.807,3.852001
35.759,3.852001
37.711,3.852001
39.663,3.852001
41.61475,3.851975
42.583,3.851963
43.5665,3.851951
45.51825,3.851926
47.47,3.851901
50.0,3.851901
53.27125,3.851901
56.5425,3.851901
59.81375,3.851901
63.085,3.851901
63.375,3.851901
66.989,3.851901
70.7107,3.851901
70.893,3.851902
74.797,3.851902
78.701,3.851901
82.60475,3.851876
84.167,3.851866
86.5085,3.851851
90.41225,3.851826
94.316,3.851801
100.0,3.851801
104.96,3.851801
104.965,3.851801
109.93,3.851801
117.74,3.851801
125.55,3.851801
125.75,3.8518
133.3575,3.851776
141.165,3.851752
141.421,3.851751
146.54,3.851734
148.9725,3.851727
156.78,3.851702
164.5875,3.851677
167.33,3.851668
172.395,3.851652
180.2025,3.851627
188.01,3.851602
188.12,3.851602
200.0,3.851602
208.92,3.851602
209.62,3.851602
219.24,3.851602
229.71,3.851568
234.855,3.851552
250.47,3.851502
250.5,3.851502
266.085,3.851477
271.29,3.851469
281.7,3.851452
292.08,3.851435
297.315,3.851427
312.88,3.851402
312.93,3.851402
316.228,3.851391
328.545,3.851352
333.67,3.851336
344.16,3.851302
354.46,3.851269
359.775,3.851252
375.25,3.851202
375.39,3.851202
391.005,3.851165
396.04,3.851153
397.636,3.851149
406.62,3.851127
416.83,3.851103
422.235,3.85109
437.62,3.851053
437.85,3.851053
458.42,3.851003
469.08,3.850978
479.21,3.850954
500.0,3.850904
500.31,3.850903
531.54,3.850853
562.77,3.850803
594.0,3.850753
625.23,3.850703
656.4625,3.850628
687.695,3.850553
707.107,3.850506
718.9275,3.850478
750.16,3.850403
781.39,3.850328
812.62,3.850253
843.85,3.850178
875.08,3.850103
937.54,3.849954
1000.0,3.849804
1062.5,3.849679
1125.0,3.849554
1187.5,3.849429
1250.0,3.849304
1312.5,3.849154
1375.0,3.849004
1414.21,3.84891
1437.5,3.848854
1500.0,3.848704
1562.5,3.848567
1625.0,3.848429
1687.5,3.848292
1750.0,3.848155
1875.0,3.84788
2000.0,3.847605
2125.0,3.84733
2250.0,3.847055
2375.0,3.84678
2429.2,3.846661
2500.0,3.846505
2625.0,3.84623
2750.0,3.845956
2875.0,3.845681
3000.0,3.845406
3125.0,3.845131
3162.28,3.845049
3250.0,3.844856
3375.0,3.844581
3500.0,3.844307
3750.0,3.843758
3858.4,3.843519
4000.0,3.843208
4250.0,3.842658
4500.0,3.842108
4750.0,3.841558
5000.0,3.841009
5287.6,3.840365
5312.5,3.840309
5625.0,3.839609
5937.5,3.838909
6250.0,3.83821
6562.5,3.837535
6716.7,3.837202
6875.0,3.83686
7071.07,3.836436
7187.5,3.836185
7500.0,3.83551
7812.5,3.834811
8125.0,3.834111
8145.9,3.834064
8437.5,3.833411
8750.0,3.832711
9375.0,3.831362
9575.1,3.83093
10000.0,3.830012
10625.0,3.828637
11004.0,3.827803
11250.0,3.827263
11875.0,3.825888
12433.0,3.82466
12500.0,3.824513
13125.0,3.823163
13750.0,3.821814
13863.0,3.82157
14142.1,3.820967
14375.0,3.820464
15000.0,3.819114
15292.0,3.818477
15625.0,3.817753
16250.0,3.81639
16721.0,3.815363
16875.0,3.815028
17500.0,3.813666
18150.0,3.812249
18750.0,3.810941
19579.0,3.809135
20000.0,3.808217
21009.0,3.806038
21250.0,3.805517
22438.0,3.802952
22500.0,3.802818
23750.0,3.800118
23867.0,3.799865
25000.0,3.797419
25296.0,3.796786
26250.0,3.794744
26725.0,3.793728
27500.0,3.79207
28155.0,3.790668
28750.0,3.789395
29584.0,3.78761
30000.0,3.78672
31013.0,3.784563
31250.0,3.784059
32442.0,3.78152
32500.0,3.781396
33750.0,3.778735
33871.0,3.778477
35000.0,3.776072
35300.0,3.775433
36730.0,3.772388
37500.0,3.770748
38159.0,3.769344
39588.0,3.766301
40000.0,3.765423
41017.0,3.763278
42446.0,3.760263
42500.0,3.760149
43876.0,3.757247
45000.0,3.754875
45305.0,3.754231
46734.0,3.751216
47500.0,3.749601
48163.0,3.748202
49592.0,3.745187
50000.0,3.744326
51021.0,3.74221
52451.0,3.739249
53125.0,3.737852
53880.0,3.736288
55309.0,3.733328
56250.0,3.731378
56738.0,3.730367
58167.0,3.727406
59375.0,3.724904
59597.0,3.724444
61026.0,3.721483
62455.0,3.718522
62500.0,3.718429
63884.0,3.715618
65313.0,3.712714
65625.0,3.71208
66742.0,3.70981
68171.9,3.706906
68750.0,3.705731
69600.9,3.704002
71029.9,3.701098
71875.0,3.699381
72458.9,3.698196
73888.0,3.695292
74999.9,3.693032
75000.0,3.693032
75317.9,3.692399
76746.9,3.689552
78125.0,3.686808
78175.9,3.686707
79604.9,3.68386
81033.9,3.681013
81250.0,3.680583
82464.0,3.678166
83893.0,3.675319
84375.0,3.674359
85322.0,3.672473
86751.0,3.669627
87500.0,3.668135
88179.9,3.666808
89608.9,3.664018
91039.0,3.661227
92468.0,3.658438
93750.0,3.655936
93897.0,3.655649
95326.0,3.65286
96755.0,3.65007
98184.9,3.64728
99613.9,3.644491
100000.0,3.643737
101040.0,3.641782
102470.0,3.639094
103900.0,3.636406
105330.0,3.633718
106250.0,3.631988
106760.0,3.631029
108190.0,3.628342
109620.0,3.625653
111050.0,3.622965
112480.0,3.620277
112500.0,3.620239
113910.0,3.617589
115330.0,3.61492
116760.0,3.612231
118190.0,3.609543
118750.0,3.60849
119620.0,3.606855
121050.0,3.604167
122480.0,3.601479
123910.0,3.59879
125000.0,3.596742
125340.0,3.596142
126770.0,3.59362
128200.0,3.591097
129630.0,3.588575
131060.0,3.586053
131250.0,3.585718
132480.0,3.583548
133910.0,3.581026
135340.0,3.578503
136770.0,3.575982
137500.0,3.574694
138200.0,3.573459
139630.0,3.570937
141060.0,3.568414
142490.0,3.565892
143750.0,3.56367
143920.0,3.56337
145350.0,3.560848
146780.0,3.558325
148210.0,3.555803
149640.0,3.553281
150000.0,3.552646
151060.0,3.550933
152490.0,3.548622
153920.0,3.546311
155350.0,3.544001
156250.0,3.542547
156780.0,3.541691
158210.0,3.53938
159640.0,3.537069
161070.0,3.534759
162500.0,3.532448
163930.0,3.530137
165360.0,3.527826
166790.0,3.525515
168210.0,3.523222
168750.0,3.522349
169640.0,3.520911
171070.0,3.5186
172500.0,3.516289
173930.0,3.513979
175000.0,3.51225
175360.0,3.511745
176790.0,3.509737
178220.0,3.507729
179650.0,3.505721
181080.0,3.503715
182510.0,3.501707
183940.0,3.499699
185360.0,3.497706
186790.0,3.495699
187500.0,3.494702
188220.0,3.493691
189650.0,3.491683
191080.0,3.489676
192510.0,3.487669
193940.0,3.485661
195370.0,3.483654
196800.0,3.481646
198230.0,3.479638
199660.0,3.477631
200000.0,3.477154
201090.0,3.475906
202520.0,3.474269
203940.0,3.472643
205370.0,3.471006
206800.0,3.469369
208230.0,3.467732
209660.0,3.466094
210000.0,3.465705
211090.0,3.464458
212520.0,3.462821
213950.0,3.461183
215380.0,3.459546
216810.0,3.45791
218240.0,3.456272
219670.0,3.454635
220000.0,3.454257
221090.0,3.453369
222520.0,3.452204
223950.0,3.451039
225380.0,3.449873
226810.0,3.448708
228240.0,3.447543
229670.0,3.446378
230000.0,3.446109
231100.0,3.445213
232530.0,3.444047
233960.0,3.442883
235390.0,3.441717
236820.0,3.440552
238240.0,3.439394
239670.0,3.43823
240000.0,3.437961
241100.0,3.437604
242530.0,3.437139
243960.0,3.436674
245390.0,3.43621
246820.0,3.435746
248250.0,3.435281
249680.0,3.434817
250000.0,3.434713
251110.0,3.434352
252540.0,3.433888
253970.0,3.433424
255390.0,3.432962
256820.0,3.432498
258250.0,3.432033
259680.0,3.431569
260000.0,3.431465
261110.0,3.431937
262540.0,3.432545
263970.0,3.433153
265400.0,3.433761
266830.0,3.434369
268260.0,3.434978
269690.0,3.435585
270000.0,3.435717
271120.0,3.436193
272550.0,3.436802
273970.0,3.437405
275400.0,3.438014
276830.0,3.438622
278260.0,3.43923
279690.0,3.439838
280000.0,3.43997
281120.0,3.441818
282550.0,3.444179
283980.0,3.446538
285410.0,3.448898
286840.0,3.451258
288270.0,3.453618
289700.0,3.455978
291120.0,3.458321
292550.0,3.460682
293980.0,3.463041
295410.0,3.465402
296840.0,3.467761
298270.0,3.470122
299700.0,3.472481
300000.0,3.472976
301130.0,3.476457
302560.0,3.480862
303990.0,3.485267
305420.0,3.489673
306850.0,3.494077
308270.0,3.498452
309700.0,3.502856
310000.0,3.503781
311130.0,3.508866
312560.0,3.515302
313990.0,3.521737
315420.0,3.528173
316850.0,3.534609
318280.0,3.541045
319710.0,3.54748
320000.0,3.548785
321140.0,3.556139
322570.0,3.565364
324000.0,3.574588
325420.0,3.583748
326850.0,3.592973
328280.0,3.602197
329710.0,3.611422
330000.0,3.613292
331140.0,3.623827
332570.0,3.637041
334000.0,3.650255
335430.0,3.663469
336860.0,3.676683
338290.0,3.689898
339720.0,3.703112
340000.0,3.7057
341150.0,3.721054
342580.0,3.740145
344000.0,3.759104
345430.0,3.778196
346860.0,3.797288
348290.0,3.81638
349720.0,3.835472
350000.0,3.83921
351150.0,3.861752
352580.0,3.889782
354010.0,3.917812
355440.0,3.945842
356870.0,3.973872
358300.0,4.001902
359730.0,4.029932
360000.0,4.035225
361150.0,4.069152
362580.0,4.111339
364010.0,4.153527
365440.0,4.195715
366870.0,4.237903
368300.0,4.280091
369730.0,4.32228
370000.0,4.330246
371160.0,4.383493
372590.0,4.449133
374020.0,4.514774
375450.0,4.580416
376880.0,4.646057
378300.0,4.71124
379730.0,4.776883
380000.0,4.789277
381160.0,4.875631
382590.0,4.982087
384020.0,5.088543
385450.0,5.194998
386880.0,5.301455
388310.0,5.407911
389740.0,5.51437
390000.0,5.533725
391170.0,5.6812
392600.0,5.861447
394030.0,6.041694
395450.0,6.220682
396880.0,6.400931
398310.0,6.581181
399740.0,6.761433
400000.0,6.794206
401170.0,7.015161
402600.0,7.285219
404030.0,7.555277
405000.0,7.738465
405460.0,7.852569
406890.0,8.207288
408320.0,8.562007
409750.0,8.916727
410000.0,8.978742
411180.0,9.353931
412610.0,9.808612
414030.0,10.26012
415000.0,10.56854
415460.0,10.74464
416890.0,11.29207
418320.0,11.83951
419750.0,12.38694
420000.0,12.48265
421180.0,12.95679
422610.0,13.5314
424040.0,14.10601
425000.0,14.49175
425470.0,14.63953
426900.0,15.08915
428330.0,15.53876
429760.0,15.98836
430000.0,16.06382
431180.0,16.18065
432610.0,16.32223
434040.0,16.46379
435000.0,16.55883
435470.0,16.48418
436900.0,16.25709
438330.0,16.02999
439760.0,15.80288
440000.0,15.76476
441190.0,15.36966
442620.0,14.89487
444050.0,14.42008
445000.0,14.10466
445480.0,13.92235
446910.0,13.3792
448330.0,12.83985
449760.0,12.2967
450000.0,12.20555
451190.0,11.7926
452620.0,11.29636
454050.0,10.80012
455000.0,10.47046
455480.0,10.33309
456910.0,9.923858
458340.0,9.514629
459770.0,9.1054
460000.0,9.03958
461200.0,8.768484
462630.0,8.44543
464060.0,8.122376
465000.0,7.91002
465480.0,7.825661
466910.0,7.574339
468340.0,7.323017
469770.0,7.071697
470000.0,7.031275
471200.0,6.867058
472630.0,6.671366
474060.0,6.475676
475000.0,6.34704
475490.0,6.294411
476920.0,6.140821
478350.0,5.987231
479780.0,5.833642
480000.0,5.810013
481210.0,5.706842
482640.0,5.584915
484060.0,5.463839
485000.0,5.383691
485490.0,5.350114
486920.0,5.252126
488350.0,5.154137
489780.0,5.056148
490000.0,5.041074
491210.0,4.973576
492640.0,4.893807
494070.0,4.814037
495000.0,4.76216
495500.0,4.739179
496930.0,4.673452
498360.0,4.607726
500000.0,4.532349
510000.0,4.179248
520000.0,3.923547
530000.0,3.731546
540000.0,3.582645
550000.0,3.463944
560000.0,3.367243
570000.0,3.286642
580000.0,3.218341
590000.0,3.15954
600000.0,3.108239
620000.0,3.022537
640000.0,2.953335
660000.0,2.895933
680000.0,2.847831
700000.0,2.80733
720000.0,2.773928
740000.0,2.747626
760000.0,2.729124
780000.0,2.720022
800000.0,2.72312
820000.0,2.743118
840000.0,2.787816
860000.0,2.870614
880000.0,3.015012
900000.0,3.26411
910000.0,3.450709
920000.0,3.697708
930000.0,4.025307
940000.0,4.458106
950000.0,5.021205
960000.0,5.727304
970000.0,6.508089
980000.0,7.364202
990000.0,7.970001
1000000.0,8.1541
1010000.0,7.8704
1020000.0,7.2675
1030000.0,6.5514
1040000.0,5.8654
1050000.0,5.2713
1060000.0,4.7806
1070000.0,4.3829
1080000.0,4.0617
1090000.0,3.8014
1100000.0,3.5887
1110000.0,3.413939
1120000.0,3.2677
1130000.0,3.145051
1140000.0,3.0422
1150000.0,2.954813
1160000.0,2.8801
1170000.0,2.817376
1180000.0,2.7644
1190000.0,2.722014
1200000.0,2.6887
1210000.0,2.66693
1220000.0,2.658
1230000.0,2.667501
1240000.0,2.6987
1250000.0,2.7683
1260000.0,2.8989
1270000.0,3.1369
1280000.0,3.5727
1285000.0,3.9125
1290000.0,4.366
1295000.0,4.9477
1300000.0,5.6289
1305000.0,6.287
1310000.0,6.6997
1315000.0,6.6821
1320000.0,6.2663
1325000.0,5.6557
1330000.0,5.0381
1340000.0,4.0729
1350000.0,3.4677
1360000.0,3.0905
1370000.0,2.8442
1380000.0,2.6743
1390000.0,2.551
1400000.0,2.4574
1450000.0,2.1942
1500000.0,2.057
1550000.0,1.9614
1600000.0,1.8903
1620000.0,1.8804
1630000.0,1.9025
1640000.0,2.0684
1642000.0,2.1877
1643000.0,2.2835
1644000.0,2.422
1645000.0,2.6307
1646000.0,2.9616
1647000.0,3.5176
1648000.0,4.5006
1648500.0,5.2502
1649000.0,6.2138
1649500.0,7.3393
1650000.0,8.389
1650500.0,8.9283
1651000.0,8.6465
1651500.0,7.7151
1652000.0,6.5793
1653000.0,4.7334
1654000.0,3.6494
1655000.0,3.0369
1656000.0,2.6738
1657000.0,2.4454
1658000.0,2.2938
1659000.0,2.1886
1660000.0,2.1126
1665000.0,1.9292
1670000.0,1.8612
1675000.0,1.8265
1680000.0,1.8046
1682000.0,1.797209
1684000.0,1.79147
1685000.0,1.7889
1686000.0,1.807118
1687000.0,1.854891
1688000.0,1.91402
1689000.0,1.964495
1690000.0,1.9844
1691000.0,1.958973
1692000.0,1.903461
1694000.0,1.788058
1695000.0,1.7656
1696000.0,1.763561
1698000.0,1.759607
1700000.0,1.756
1720000.0,1.7229
1740000.0,1.6924
1760000.0,1.6607
1780000.0,1.6248
1800000.0,1.5793
1820000.0,1.5698
1822000.0,1.6057
1824000.0,1.6833
1826000.0,1.8531
1828000.0,2.2394
1830000.0,3.0965
1831000.0,3.7464
1832000.0,4.387
1833000.0,4.7366
1834000.0,4.6568
1835000.0,4.2964
1836000.0,3.8686
1837000.0,3.4857
1838000.0,3.1764
1839000.0,2.9347
1840000.0,2.7467
1842000.0,2.4828
1844000.0,2.3128
1846000.0,2.1976
1848000.0,2.1163
1850000.0,2.0569
1852000.0,2.0127
1854000.0,1.9793
1856000.0,1.954
1858000.0,1.9352
1860000.0,1.9216
1865000.0,1.9066
1870000.0,1.9162
1875000.0,1.9533
1880000.0,2.0284
1885000.0,2.1616
1890000.0,2.3832
1895000.0,2.7129
1900000.0,3.0661
1905000.0,3.1824
1910000.0,2.9594
1915000.0,2.6249
1920000.0,2.3477
1925000.0,2.1518
1930000.0,2.0168
1935000.0,1.9218
1940000.0,1.8528
1950000.0,1.7603
1960000.0,1.7013
1970000.0,1.6595
1980000.0,1.6276
1990000.0,1.6017
2000000.0,1.5796
2050000.0,1.4952
2100000.0,1.4221
2150000.0,1.339
2200000.0,1.2206
2220000.0,1.1522
2240000.0,1.0625
2260000.0,0.94154
2280000.0,0.77735
2300000.0,0.56336
2305000.0,0.5036
2310000.0,0.44276
2315000.0,0.38206
2320000.0,0.32304
2321000.0,0.3116
2322000.0,0.30031
2323000.0,0.2892
2324000.0,0.27828
2325000.0,0.26756
2326000.0,0.25706
2327000.0,0.24681
2328000.0,0.23681
2329000.0,0.22708
2330000.0,0.21764
2331000.0,0.20851
2332000.0,0.19971
2333000.0,0.19124
2334000.0,0.18313
2335000.0,0.17539
2336000.0,0.16803
2337000.0,0.16107
2338000.0,0.15452
2339000.0,0.1484
2340000.0,0.14271
2341000.0,0.13747
2342000.0,0.13269
2343000.0,0.12838
2344000.0,0.12453
2345000.0,0.12117
2346000.0,0.1183
2347000.0,0.11592
2348000.0,0.11403
2349000.0,0.11263
2350000.0,0.11174
2351000.0,0.11134
2352000.0,0.11143
2353000.0,0.11202
2354000.0,0.1131
2354170.0,0.1133245
2355000.0,0.11465
2355318.0,0.1152584
2355319.0,0.1152604
2355357.0,0.1153358
2357000.0,0.11919
2358000.0,0.12216
2359000.0,0.12558
2360000.0,0.12943
2361000.0,0.13372
2362000.0,0.13843
2363000.0,0.14354
2364000.0,0.14904
2365000.0,0.15492
2366000.0,0.16116
2367000.0,0.16775
2368000.0,0.17467
2370000.0,0.18944
2375000.0,0.23107
2380000.0,0.27777
2390000.0,0.37898
2400000.0,0.4808
2410000.0,0.5756
2420000.0,0.65978
2430000.0,0.73238
2435000.0,0.763145
2437500.0,0.7785275
2440000.0,0.79391
2441250.0,0.8003638
2442500.0,0.8068175
2443750.0,0.8132713
2445000.0,0.819725
2446250.0,0.8261788
2447500.0,0.8326325
2448750.0,0.8390863
2450000.0,0.84554
2451250.0,0.8509263
2452500.0,0.8563125
2453750.0,0.8616988
2455000.0,0.867085
2456250.0,0.8724713
2457500.0,0.8778575
2458750.0,0.8832438
2460000.0,0.88863
2461250.0,0.8931163
2462500.0,0.8976025
2463750.0,0.9020888
2465000.0,0.906575
2466250.0,0.9110613
2467500.0,0.9155475
2468750.0,0.9200338
2470000.0,0.92452
2471250.0,0.9282513
2472500.0,0.9319825
2473750.0,0.9357138
2475000.0,0.939445
2476250.0,0.9431763
2477500.0,0.9469075
2478750.0,0.9506388
2480000.0,0.95437
2481250.0,0.9574763
2482500.0,0.9605825
2483750.0,0.9636888
2485000.0,0.966795
2486250.0,0.9699013
2487500.0,0.9730075
2488750.0,0.9761138
2490000.0,0.97922
2491250.0,0.9818063
2492500.0,0.9843925
2493750.0,0.9869788
2495000.0,0.989565
2496250.0,0.9921513
2497500.0,0.9947375
2498750.0,0.9973238
2500000.0,0.99991
2501250.0,1.001884
2502500.0,1.003859
2505000.0,1.007808
2507500.0,1.011756
2510000.0,1.015705
2512500.0,1.019654
2515000.0,1.023603
2517500.0,1.027551
2520000.0,1.0315
2522500.0,1.034238
2525000.0,1.036975
2527500.0,1.039713
2530000.0,1.04245
2532500.0,1.045188
2535000.0,1.047925
2537500.0,1.050663
2540000.0,1.0534
2542500.0,1.055288
2545000.0,1.057175
2547500.0,1.059063
2550000.0,1.06095
2552500.0,1.062838
2555000.0,1.064725
2557500.0,1.066613
2560000.0,1.0685
2562500.0,1.069775
2565000.0,1.07105
2567500.0,1.072325
2570000.0,1.0736
2572500.0,1.074875
2575000.0,1.07615
2577500.0,1.077425
2580000.0,1.0787
2582500.0,1.079538
2585000.0,1.080375
2587500.0,1.081213
2590000.0,1.08205
2592500.0,1.082888
2595000.0,1.083725
2597500.0,1.084563
2600000.0,1.0854
2601563.0,1.085625
2603125.0,1.08585
2604688.0,1.086075
2606250.0,1.0863
2607813.0,1.086525
2609375.0,1.08675
2610938.0,1.086975
2612500.0,1.0872
2614063.0,1.087425
2615625.0,1.08765
2617188.0,1.087875
2618750.0,1.0881
2620313.0,1.088325
2621875.0,1.08855
2623438.0,1.088775
2625000.0,1.089
2626563.0,1.089225
2628125.0,1.08945
2629688.0,1.089675
2631250.0,1.0899
2632813.0,1.090125
2634375.0,1.09035
2635938.0,1.090575
2637500.0,1.0908
2639063.0,1.091025
2640625.0,1.09125
2642188.0,1.091475
2643750.0,1.0917
2645313.0,1.091925
2646875.0,1.09215
2648438.0,1.092375
2650000.0,1.0926
2651563.0,1.092609
2653125.0,1.092619
2654688.0,1.092628
2656250.0,1.092638
2657813.0,1.092647
2659375.0,1.092656
2660938.0,1.092666
2662500.0,1.092675
2664063.0,1.092684
2665625.0,1.092694
2667188.0,1.092703
2668750.0,1.092713
2670313.0,1.092722
2671875.0,1.092731
2673438.0,1.092741
2675000.0,1.09275
2676563.0,1.092759
2678125.0,1.092769
2679688.0,1.092778
2681250.0,1.092788
2682813.0,1.092797
2684375.0,1.092806
2685938.0,1.092816
2687500.0,1.092825
2689063.0,1.092834
2690625.0,1.092844
2692188.0,1.092853
2693750.0,1.092863
2695313.0,1.092872
2696875.0,1.092881
2698438.0,1.092891
2700000.0,1.0929
2701563.0,1.09285
2703125.0,1.0928
2704688.0,1.09275
2706250.0,1.0927
2707813.0,1.09265
2709375.0,1.0926
2710938.0,1.09255
2712500.0,1.0925
2714063.0,1.09245
2715625.0,1.0924
2717188.0,1.09235
2718750.0,1.0923
2720313.0,1.09225
2721875.0,1.0922
2723438.0,1.09215
2725000.0,1.0921
2726563.0,1.09205
2728125.0,1.092
2729688.0,1.09195
2731250.0,1.0919
2732813.0,1.09185
2734375.0,1.0918
2735938.0,1.09175
2737500.0,1.0917
2739063.0,1.09165
2740625.0,1.0916
2742188.0,1.09155
2743750.0,1.0915
2745313.0,1.09145
2746875.0,1.0914
2748438.0,1.09135
2750000.0,1.0913
2751563.0,1.091322
2753125.0,1.091344
2754688.0,1.091366
2756250.0,1.091388
2757813.0,1.091409
2759375.0,1.091431
2760938.0,1.091453
2762500.0,1.091475
2764063.0,1.091497
2765625.0,1.091519
2767188.0,1.091541
2768750.0,1.091563
2770313.0,1.091584
2771875.0,1.091606
2773438.0,1.091628
2775000.0,1.09165
2776563.0,1.091672
2778125.0,1.091694
2779688.0,1.091716
2781250.0,1.091738
2782813.0,1.091759
2784375.0,1.091781
2785938.0,1.091803
2787500.0,1.091825
2789063.0,1.091847
2790625.0,1.091869
2792188.0,1.091891
2793750.0,1.091913
2795313.0,1.091934
2796875.0,1.091956
2798438.0,1.091978
2800000.0,1.092
2801563.0,1.092269
2803125.0,1.092538
2804688.0,1.092806
2806250.0,1.093075
2807813.0,1.093344
2809375.0,1.093613
2810938.0,1.093881
2812500.0,1.09415
2814063.0,1.094419
2815625.0,1.094688
2817188.0,1.094956
2818750.0,1.095225
2820313.0,1.095494
2821875.0,1.095763
2823438.0,1.096031
2825000.0,1.0963
2826563.0,1.096569
2828125.0,1.096838
2829688.0,1.097106
2831250.0,1.097375
2832813.0,1.097644
2834375.0,1.097913
2835938.0,1.098181
2837500.0,1.09845
2839063.0,1.098719
2840625.0,1.098988
2842188.0,1.099256
2843750.0,1.099525
2845313.0,1.099794
2846875.0,1.100063
2848438.0,1.100331
2850000.0,1.1006
2852500.0,1.101675
2855000.0,1.10275
2857500.0,1.103825
2860000.0,1.1049
2862500.0,1.106725
2865000.0,1.10855
2867500.0,1.110375
2870000.0,1.1122
2872500.0,1.11685
2875000.0,1.1215
2877500.0,1.12615
2880000.0,1.1308
2882000.0,1.1401
2884000.0,1.1566
2886000.0,1.1953
2887000.0,1.2443
2888000.0,1.3919
2888200.0,1.463
2888400.0,1.5744
2888500.0,1.6559
2888600.0,1.7654
2888700.0,1.9163
2888800.0,2.128
2888900.0,2.4207
2889000.0,2.7749
2889100.0,3.0011
2889200.0,2.7376
2889300.0,2.0954
2889400.0,1.5633
2889500.0,1.261
2889600.0,1.1071
2889700.0,1.0303
2889800.0,0.9922502
2890000.0,0.9666602
2890500.0,0.9773402
2891000.0,0.9986102
2892000.0,1.0284
2894000.0,1.0575
2896000.0,1.0716
2898000.0,1.0801
2900000.0,1.0859
2903125.0,1.0891
2906250.0,1.0923
2909375.0,1.0955
2912500.0,1.0987
2915625.0,1.1019
2918750.0,1.1051
2921875.0,1.1083
2925000.0,1.111501
2928125.0,1.114701
2931250.0,1.117901
2934375.0,1.121101
2937500.0,1.124301
2940625.0,1.127501
2943750.0,1.130701
2946875.0,1.133901
2950000.0,1.137101
2953125.0,1.141445
2956250.0,1.145789
2959375.0,1.150132
2962500.0,1.154476
2965625.0,1.15882
2968750.0,1.163165
2971875.0,1.167508
2975000.0,1.171852
2978125.0,1.176196
2981250.0,1.18054
2984375.0,1.184883
2987500.0,1.189227
2990625.0,1.193572
2993750.0,1.197916
2996875.0,1.202259
3000000.0,1.206603
3002500.0,1.218154
3005000.0,1.229704
3005500.0,1.237204
3006000.0,1.251104
3006100.0,1.255604
3006200.0,1.261004
3006300.0,1.267904
3006400.0,1.276904
3006500.0,1.289004
3006600.0,1.306404
3006700.0,1.333404
3006800.0,1.380504
3006900.0,1.479804
3007000.0,1.782704
3007100.0,3.064004
3007200.0,1.312604
3007300.0,1.128504
3007400.0,1.128104
3007500.0,1.139604
3007600.0,1.150104
3007700.0,1.158504
3007800.0,1.165204
3007900.0,1.170604
3008000.0,1.175104
3008200.0,1.182004
3008400.0,1.187104
3008600.0,1.191004
3008800.0,1.194204
3009000.0,1.196804
3010000.0,1.205504
3012500.0,1.214654
3015000.0,1.223805
3017500.0,1.230005
3020000.0,1.236205
3022500.0,1.242556
3025000.0,1.248906
3027500.0,1.255256
3030000.0,1.261607
3032500.0,1.267957
3035000.0,1.274308
3037500.0,1.280658
3040000.0,1.287009
3042500.0,1.294334
3045000.0,1.30166
3047500.0,1.308985
3050000.0,1.316311
3052500.0,1.324511
3055000.0,1.332712
3057500.0,1.340913
3060000.0,1.349113
3062500.0,1.358852
3065000.0,1.36859
3067500.0,1.378328
3070000.0,1.388066
3072500.0,1.397805
3075000.0,1.407543
3077500.0,1.417282
3080000.0,1.42702
3082500.0,1.439171
3085000.0,1.451322
3087500.0,1.463473
3090000.0,1.475625
3092500.0,1.487776
3095000.0,1.499927
3097500.0,1.512079
3100000.0,1.52423
3102500.0,1.53922
3105000.0,1.554209
3107500.0,1.569198
3110000.0,1.584187
3112500.0,1.599177
3115000.0,1.614166
3117500.0,1.629156
3120000.0,1.644145
3122500.0,1.662347
3125000.0,1.680549
3127500.0,1.698752
3130000.0,1.716954
3132500.0,1.735157
3135000.0,1.75336
3137500.0,1.771562
3140000.0,1.789765
3145000.0,1.832947
3150000.0,1.876128
3155000.0,1.919311
3160000.0,1.962494
3165000.0,2.010452
3170000.0,2.058412
3175000.0,2.109422
3180000.0,2.160433
3182500.0,2.187339
3185000.0,2.214246
3187500.0,2.241153
3190000.0,2.26806
3192500.0,2.297572
3195000.0,2.327084
3197500.0,2.356598
3200000.0,2.386112
3201000.0,2.399622
3202000.0,2.413935
3203000.0,2.429452
3204000.0,2.446875
3205000.0,2.467109
3206000.0,2.49256
3207000.0,2.527247
3208000.0,2.582213
3209000.0,2.687182
3210000.0,2.954097
3210500.0,3.276014
3211000.0,3.933836
3211100.0,4.125692
3211200.0,4.336488
3211300.0,4.559506
3211400.0,4.782035
3211500.0,4.984472
3211600.0,5.142323
3211700.0,5.231805
3211800.0,5.236937
3211900.0,5.156638
3212000.0,5.004828
3212200.0,4.582024
3212400.0,4.142791
3212600.0,3.775048
3212800.0,3.49379
3213000.0,3.285204
3213200.0,3.131275
3213400.0,3.016692
3213600.0,2.930443
3213800.0,2.864422
3214000.0,2.813323
3214200.0,2.773241
3214400.0,2.741372
3214600.0,2.715813
3214800.0,2.695064
3215000.0,2.678222
3216000.0,2.629281
3217000.0,2.610406
3218000.0,2.604462
3219000.0,2.604735
3220000.0,2.608617
3222000.0,2.621898
3224000.0,2.638589
3226000.0,2.656887
3228000.0,2.675887
3230000.0,2.69509
3235000.0,2.743501
3240000.0,2.790715
3245000.0,2.836432
3250000.0,2.87995
3255000.0,2.920969
3260000.0,2.959288
3265000.0,2.994809
3270000.0,3.02733
3275000.0,3.056651
3280000.0,3.083072
3285000.0,3.106294
3290000.0,3.126316
3295000.0,3.143438
3300000.0,3.15766
3305000.0,3.168982
3310000.0,3.177804
3312000.0,3.180613
3314000.0,3.183022
3316000.0,3.185131
3318000.0,3.186839
3320000.0,3.188048
3322000.0,3.189057
3324000.0,3.189665
3326000.0,3.190074
3328000.0,3.190083
3330000.0,3.189891
3332000.0,3.1894
3334000.0,3.188608
3336000.0,3.187517
3338000.0,3.186225
3340000.0,3.184734
3345000.0,3.180155
3350000.0,3.174375
3355000.0,3.167495
3360000.0,3.159815
3370000.0,3.142655
3380000.0,3.123893
3390000.0,3.10433
3400000.0,3.088567
3400500.0,3.087869
3410000.0,3.075704
3420000.0,3.063445
3430000.0,3.052524
3435000.0,3.05416
3436000.0,3.057555
3437000.0,3.06465
3437500.0,3.071566
3438000.0,3.085566
3438500.0,3.138731
3439000.0,3.946505
3439500.0,4.027587
3440000.0,3.598292
3440500.0,3.727621
3441000.0,4.219795
3441500.0,5.27368
3441600.0,5.474736
3441700.0,5.604985
3441800.0,5.633616
3441900.0,5.551893
3442000.0,5.377962
3442500.0,4.239156
3443000.0,3.640697
3443500.0,3.384172
3444000.0,3.260305
3444500.0,3.19254
3445000.0,3.151574
3450000.0,3.054568
3455000.0,3.03832
3460000.0,3.030415
3465000.0,3.025221
3470000.0,3.021332
3475000.0,3.018246
3480000.0,3.015861
3490000.0,3.013194
3500000.0,3.01253
3510000.0,3.013967
3520000.0,3.017106
3530000.0,3.021848
3540000.0,3.027892
3550000.0,3.034838
3560000.0,3.042687
3570000.0,3.050739
3580000.0,3.058695
3590000.0,3.066254
3600000.0,3.072918
3610000.0,3.078287
3620000.0,3.081861
3630000.0,3.083342
3640000.0,3.082432
3642000.0,3.081855
3644000.0,3.081293
3645000.0,3.080958
3645200.0,3.08089
3645400.0,3.080943
3645600.0,3.080941
3645800.0,3.081054
3646000.0,3.081577
3646200.0,3.084925
3646400.0,3.098192
3646600.0,3.082701
3646800.0,3.080957
3647000.0,3.080359
3647200.0,3.080207
3647400.0,3.080035
3647600.0,3.079896
3647800.0,3.079872
3648000.0,3.079658
3649000.0,3.079133
3650000.0,3.078633
3651000.0,3.078138
3652000.0,3.077546
3653000.0,3.076955
3654000.0,3.076364
3655000.0,3.075774
3660000.0,3.072025
3665000.0,3.067579
3670000.0,3.062436
3675000.0,3.056595
3680000.0,3.050058
3685000.0,3.042923
3690000.0,3.035291
3695000.0,3.027363
3700000.0,3.019338
3710000.0,3.0041
3720000.0,2.99428
3730000.0,3.002384
3740000.0,3.069626
3745000.0,3.169674
3750000.0,3.399167
3755000.0,3.982573
3760000.0,5.343925
3761000.0,5.634045
3762000.0,5.833338
3763000.0,5.890089
3764000.0,5.787292
3765000.0,5.553455
3766000.0,5.243995
3767000.0,4.913928
3768000.0,4.600366
3769000.0,4.321913
3770000.0,4.083673
3772000.0,3.717026
3774000.0,3.462913
3776000.0,3.284425
3778000.0,3.155253
3780000.0,3.059193
3785000.0,2.902024
3790000.0,2.806684
3795000.0,2.740662
3800000.0,2.690057
3810000.0,2.612289
3820000.0,2.550176
3830000.0,2.495924
3840000.0,2.446838
3850000.0,2.401826
3860000.0,2.360396
3870000.0,2.322258
3880000.0,2.287723
3890000.0,2.256603
3900000.0,2.229211
3920000.0,2.184975
3940000.0,2.153773
3960000.0,2.130764
3980000.0,2.104629
4000000.0,2.074679
4010000.0,2.021871
4020000.0,1.939545
4030000.0,1.819134
4040000.0,1.662184
4050000.0,1.490778
4060000.0,1.34215
4070000.0,1.241503
4080000.0,1.186575
4090000.0,1.161937
4100000.0,1.154551
4110000.0,1.160692
4120000.0,1.18669
4130000.0,1.247259
4140000.0,1.362631
4150000.0,1.547893
4160000.0,1.787283
4165000.0,1.90942
4170000.0,2.01959
4175000.0,2.10902
4180000.0,2.1721
4185000.0,2.2074
4190000.0,2.2171
4195000.0,2.20513
4200000.0,2.17656
4205000.0,2.13579
4210000.0,2.086634
4215000.0,2.032122
4220000.0,1.97415
4225000.0,1.91448
4230000.0,1.854031
4235000.0,1.793331
4240000.0,1.733007
4245000.0,1.673266
4250000.0,1.614542
4255000.0,1.557454
4260000.0,1.503245
4265000.0,1.454121
4270000.0,1.414188
4275000.0,1.391379
4280000.0,1.399337
4285000.0,1.459517
4290000.0,1.596443
4295000.0,1.818771
4300000.0,2.09961
4305000.0,2.38703
4310000.0,2.63739
4315000.0,2.82794
4320000.0,2.94966
4321000.0,2.96565
4322000.0,2.97903
4323000.0,2.9897
4324000.0,2.99788
4325000.0,3.00357
4326000.0,3.00708
4327000.0,3.00832
4328000.0,3.007408
4329000.0,3.004646
4330000.0,3.00005
4335000.0,2.954637
4340000.0,2.883526
4345000.0,2.79942
4350000.0,2.711342
4355000.0,2.624621
4360000.0,2.542195
4370000.0,2.39442
4380000.0,2.27013
4390000.0,2.166413
4400000.0,2.079957
4410000.0,2.008207
4420000.0,1.949838
4430000.0,1.904876
4440000.0,1.876611
4445000.0,1.871087
4450000.0,1.873128
4455000.0,1.882967
4460000.0,1.886051
4462000.0,1.869692
4464000.0,1.824908
4466000.0,1.734213
4468000.0,1.596272
4470000.0,1.44876
4472000.0,1.342174
4475000.0,1.281169
4480000.0,1.296198
4485000.0,1.326404
4490000.0,1.344305
4495000.0,1.350958
4500000.0,1.349598
4505000.0,1.342809
4510000.0,1.332424
4515000.0,1.32096
4520000.0,1.317571
4521000.0,1.320431
4522000.0,1.325518
4523000.0,1.334339
4524000.0,1.348339
4525000.0,1.37013
4526000.0,1.403717
4527000.0,1.455339
4528000.0,1.535012
4529000.0,1.657424
4530000.0,1.842568
4531000.0,2.10933
4532000.0,2.44906
4533000.0,2.78275
4534000.0,2.97288
4535000.0,2.95146
4536000.0,2.78504
4537000.0,2.574884
4538000.0,2.379637
4539000.0,2.217164
4540000.0,2.086848
4545000.0,1.735109
4550000.0,1.592681
4555000.0,1.517364
4560000.0,1.469609
4565000.0,1.435669
4570000.0,1.409527
4575000.0,1.388449
4580000.0,1.371147
4585000.0,1.357025
4590000.0,1.347267
4591000.0,1.346052
4592000.0,1.345819
4593000.0,1.346216
4594000.0,1.347368
4595000.0,1.348814
4596000.0,1.352783
4597000.0,1.359469
4598000.0,1.370165
4599000.0,1.385883
4600000.0,1.4057
4601000.0,1.433417
4601500.0,1.439926
4602000.0,1.439235
4602500.0,1.431644
4603000.0,1.419152
4604000.0,1.38947
4605000.0,1.363687
4610000.0,1.319549
4615000.0,1.311623
4620000.0,1.319578
4625000.0,1.354017
4626000.0,1.367076
4627000.0,1.383631
4628000.0,1.404795
4629000.0,1.431907
4630000.0,1.467272
4631000.0,1.51357
4632000.0,1.5747
4633000.0,1.65604
4634000.0,1.76268
4635000.0,1.89713
4636000.0,2.04937
4637000.0,2.18281
4638000.0,2.23516
4639000.0,2.16686
4640000.0,2.01042
4645000.0,1.404934
4650000.0,1.251614
4655000.0,1.199316
4660000.0,1.172876
4665000.0,1.155288
4670000.0,1.141392
4675000.0,1.129346
4680000.0,1.118263
4685000.0,1.107801
4690000.0,1.097682
4695000.0,1.087762
4700000.0,1.077915
4705000.0,1.068325
4710000.0,1.058881
4715000.0,1.049578
4720000.0,1.040312
4725000.0,1.031182
4730000.0,1.022229
4735000.0,1.013515
4740000.0,1.005171
4745000.0,0.997187
4750000.0,0.989758
4755000.0,0.983073
4760000.0,0.977419
4765000.0,0.973192
4770000.0,0.970908
4775000.0,0.971332
4780000.0,0.975518
4785000.0,0.984998
4790000.0,1.001878
4795000.0,1.029169
4800000.0,1.07106
4805000.0,1.132746
4810000.0,1.220495
4815000.0,1.339909
4820000.0,1.491355
4825000.0,1.664454
4830000.0,1.832787
4832000.0,1.890732
4834000.0,1.939882
4835000.0,1.960694
4836000.0,1.978798
4837000.0,1.993885
4838000.0,2.006257
4839000.0,2.015727
4840000.0,2.022188
4841000.0,2.025954
4842000.0,2.027025
4843000.0,2.025708
4844000.0,2.021822
4845000.0,2.015862
4850000.0,1.960039
4855000.0,1.878272
4860000.0,1.788487
4870000.0,1.620635
4880000.0,1.48559
4890000.0,1.381519
4900000.0,1.300357
4910000.0,1.235865
4920000.0,1.183421
4930000.0,1.140189
4940000.0,1.104112
4950000.0,1.074258
4960000.0,1.049938
4970000.0,1.03168
4980000.0,1.02
4990000.0,1.01681
5000000.0,1.02435
5010000.0,1.04609
5020000.0,1.08598
5030000.0,1.14772
5040000.0,1.23283
5050000.0,1.3377
5060000.0,1.44811
5070000.0,1.55117
5080000.0,1.63779
5090000.0,1.71389
5100000.0,1.80938
5102000.0,1.83626
5104000.0,1.86765
5106000.0,1.9048
5108000.0,1.94933
5110000.0,2.00305
5112000.0,2.06818
5114000.0,2.1477
5115000.0,2.19395
5116000.0,2.24502
5117000.0,2.30134
5118000.0,2.36345
5119000.0,2.43166
5120000.0,2.5064
5121000.0,2.58759
5122000.0,2.67521
5123000.0,2.76885
5124000.0,2.86735
5125000.0,2.96903
5126000.0,3.07155
5127000.0,3.17142
5128000.0,3.2647
5129000.0,3.34632
5130000.0,3.41147
5131000.0,3.45547
5132000.0,3.4747
5133000.0,3.46711
5134000.0,3.4331
5135000.0,3.37476
5136000.0,3.2957
5137000.0,3.20087
5138000.0,3.09538
5139000.0,2.98389
5140000.0,2.87055
5142000.0,2.65085
5144000.0,2.45229
5146000.0,2.28076
5148000.0,2.135774
5150000.0,2.01461
5155000.0,1.791576
5160000.0,1.645394
5165000.0,1.544429
5170000.0,1.471103
5180000.0,1.370783
5190000.0,1.303346
5200000.0,1.253147
5210000.0,1.213108
5220000.0,1.179604
5230000.0,1.150529
5240000.0,1.124949
5250000.0,1.101766
5260000.0,1.08091
5270000.0,1.061822
5280000.0,1.044349
5290000.0,1.029231
5300000.0,1.02074
5310000.0,1.147266
5320000.0,0.947269
5330000.0,0.987743
5340000.0,1.655206
5350000.0,1.300783
5355000.0,1.089889
5360000.0,1.018439
5365000.0,0.980815
5366000.0,0.97517
5367000.0,0.970144
5368000.0,0.96603
5369000.0,0.963413
5370000.0,0.963778
5371000.0,0.970271
5372000.0,0.989062
5373000.0,1.02754
5374000.0,1.07743
5375000.0,1.10318
5380000.0,1.019429
5385000.0,0.982852
5390000.0,0.965645
5395000.0,0.9547729
5400000.0,0.9469215
5410000.0,0.9360879
5420000.0,0.9292967
5430000.0,0.9255553
5440000.0,0.9246461
5450000.0,0.9266981
5460000.0,0.9320377
5470000.0,0.9411796
5480000.0,0.9547333
5490000.0,0.9735217
5500000.0,0.9984508
5510000.0,1.03048
5520000.0,1.070841
5530000.0,1.120481
5540000.0,1.180116
5550000.0,1.249767
5560000.0,1.328751
5570000.0,1.414779
5580000.0,1.504456
5590000.0,1.592368
5600000.0,1.672492
5605000.0,1.707835
5610000.0,1.738994
5615000.0,1.765865
5620000.0,1.787747
5625000.0,1.804639
5630000.0,1.816547
5635000.0,1.823379
5639500.0,1.825587
5639542.0,1.825592
5639543.0,1.825592
5639600.0,1.8256
5640000.0,1.82565
5645000.0,1.823592
5650000.0,1.817744
5655000.0,1.80868
5660000.0,1.796933
5662000.0,1.791599
5665000.0,1.783348
5668000.0,1.774619
5670000.0,1.7688
5672000.0,1.762874
5675000.0,1.754534
5676000.0,1.751684
5678000.0,1.746683
5680000.0,1.741783
5685000.0,1.726136
5690000.0,1.693956
5695000.0,1.656916
5700000.0,1.627237
5705000.0,1.601928
5710000.0,1.5784
5715000.0,1.555751
5720000.0,1.533667
5725000.0,1.512166
5730000.0,1.491365
5735000.0,1.47092
5740000.0,1.451209
5745000.0,1.431921
5750000.0,1.413348
5755000.0,1.395286
5760000.0,1.377834
5765000.0,1.360889
5770000.0,1.344554
5775000.0,1.328826
5780000.0,1.31361
5785000.0,1.299003
5790000.0,1.284807
5795000.0,1.271126
5800000.0,1.258059
5805000.0,1.24541
5810000.0,1.233381
5815000.0,1.221876
5820000.0,1.210799
5825000.0,1.200355
5830000.0,1.190451
5835000.0,1.181094
5840000.0,1.172596
5845000.0,1.16487
5850000.0,1.157935
5855000.0,1.152214
5860000.0,1.147842
5865000.0,1.145263
5870000.0,1.144947
5875000.0,1.147789
5880000.0,1.155036
5885000.0,1.168517
5890000.0,1.191597
5895000.0,1.229386
5900000.0,1.291441
5905000.0,1.393829
5908000.0,1.483791
5910000.0,1.565566
5912000.0,1.663374
5915000.0,1.846336
5916000.0,1.918027
5917000.0,1.994338
5918000.0,2.074139
5919000.0,2.15616
5920000.0,2.237962
5921000.0,2.316803
5922000.0,2.389084
5923000.0,2.450985
5924000.0,2.498666
5925000.0,2.528847
5926000.0,2.539178
5927000.0,2.52858
5928000.0,2.498241
5929000.0,2.450002
5930000.0,2.387243
5935000.0,1.980929
5940000.0,1.62592
5945000.0,1.385377
5950000.0,1.225585
5955000.0,1.113528
5960000.0,1.027971
5965000.0,0.9563927
5970000.0,0.8912299
5975000.0,0.8291681
5980000.0,0.7769404
5982000.0,0.7663619
5984000.0,0.7708525
5985000.0,0.7823818
5986000.0,0.803161
5988000.0,0.8825776
5990000.0,1.028814
5992000.0,1.239512
5994000.0,1.463199
5995000.0,1.555223
5996000.0,1.624456
5997000.0,1.669264
5998000.0,1.691557
5999000.0,1.695708
6000000.0,1.686471
6001000.0,1.668198
6002000.0,1.644243
6003000.0,1.617371
6004000.0,1.589358
6006000.0,1.533722
6008000.0,1.482341
6010000.0,1.436569
6012000.0,1.396485
6014000.0,1.361385
6015000.0,1.345526
6016000.0,1.330667
6018000.0,1.303633
6020000.0,1.279887
6025000.0,1.231184
6030000.0,1.193864
6035000.0,1.164669
6040000.0,1.141745
6045000.0,1.123656
6048000.0,1.114994
6050000.0,1.110019
6052000.0,1.105843
6054000.0,1.102766
6055000.0,1.101478
6056000.0,1.100507
6057000.0,1.099836
6058000.0,1.099465
6059000.0,1.099494
6060000.0,1.099823
6061000.0,1.100656
6062000.0,1.102189
6063000.0,1.104236
6064000.0,1.107083
6065000.0,1.110828
6066000.0,1.115874
6067000.0,1.122049
6068000.0,1.130424
6070000.0,1.154293
6071000.0,1.171632
6072000.0,1.194016
6073000.0,1.223306
6074000.0,1.261901
6075000.0,1.31241
6076000.0,1.377487
6077000.0,1.456748
6078000.0,1.54108
6079000.0,1.604511
6080000.0,1.610653
6082000.0,1.438996
6084000.0,1.241179
6085000.0,1.17295
6086000.0,1.125522
6088000.0,1.064586
6090000.0,1.030618
6092000.0,1.010283
6094000.0,0.9969634
6096000.0,0.9876385
6098000.0,0.9807277
6100000.0,0.9752869
6102000.0,0.970814
6104000.0,0.9670162
6106000.0,0.9636904
6108000.0,0.9606937
6110000.0,0.9579879
6115000.0,0.952014
6120000.0,0.9468432
6125000.0,0.9422485
6130000.0,0.9381298
6140000.0,0.9310207
6150000.0,0.9252449
6160000.0,0.9206294
6170000.0,0.9170263
6175000.0,0.9155583
6180000.0,0.9142704
6190000.0,0.9121328
6200000.0,0.9103936
6210000.0,0.9088417
6220000.0,0.9073053
6225000.0,0.9065443
6230000.0,0.9057514
6240000.0,0.9041798
6250000.0,0.9027334
6260000.0,0.8962373
6270000.0,0.8934984
6271000.0,0.8933696
6272170.0,0.8932346
6272171.0,0.8932345
6272200.0,0.8932311
6272300.0,0.8932278
6275000.0,0.8931274
6280000.0,0.8935278
6290000.0,0.894914
6300000.0,0.8964285
6302000.0,0.8969851
6304000.0,0.8977157
6306000.0,0.8984093
6308000.0,0.8990819
6310000.0,0.8998095
6312000.0,0.9008222
6314000.0,0.9023128
6316000.0,0.9042315
6318000.0,0.9065312
6320000.0,0.9091519
6322000.0,0.9120946
6324000.0,0.9154104
6325000.0,0.9172352
6326000.0,0.9191471
6328000.0,0.9231539
6330000.0,0.9272867
6332000.0,0.9314356
6334000.0,0.9356785
6336000.0,0.9400765
6338000.0,0.9446494
6340000.0,0.9492405
6342000.0,0.9540195
6344000.0,0.9592576
6346000.0,0.9650827
6348000.0,0.9715609
6350000.0,0.9786071
6352000.0,0.9865973
6354000.0,0.9958966
6356000.0,1.00645
6358000.0,1.01805
6360000.0,1.030466
6362000.0,1.043843
6364000.0,1.058675
6366000.0,1.075157
6368000.0,1.092985
6370000.0,1.1117
6372000.0,1.130705
6374000.0,1.150362
6375000.0,1.160765
6376000.0,1.171688
6378000.0,1.195635
6380000.0,1.223241
6382000.0,1.254418
6384000.0,1.286805
6385000.0,1.302363
6386000.0,1.317721
6388000.0,1.348878
6390000.0,1.380435
6392000.0,1.408172
6394000.0,1.429608
6395000.0,1.438837
6396000.0,1.446465
6398000.0,1.455762
6400000.0,1.460449
6402000.0,1.461796
6404000.0,1.454043
6405000.0,1.444511
6406000.0,1.43088
6408000.0,1.395607
6410000.0,1.351884
6412000.0,1.305851
6414000.0,1.261628
6415000.0,1.240137
6416000.0,1.218875
6418000.0,1.178632
6420000.0,1.141679
6422000.0,1.106817
6424000.0,1.073274
6425000.0,1.056947
6426000.0,1.040921
6428000.0,1.009758
6430000.0,0.9797158
6430885.0,0.9670261
6430886.0,0.9670118
6430900.0,0.9668111
6430999.0,0.9653443
6431001.0,0.9652054
6432000.0,0.9511432
6434000.0,0.9244206
6436000.0,0.898678
6438000.0,0.8740255
6440000.0,0.850863
6442000.0,0.8301706
6444000.0,0.8123582
6446000.0,0.7967758
6448000.0,0.7827935
6450000.0,0.7698912
6451000.0,0.7640151
6452000.0,0.7589789
6452100.0,0.7582693
6452146.0,0.7581
6452147.0,0.7580963
6452199.0,0.757905
6452201.0,0.7577677
6452300.0,0.7574133
6454000.0,0.7492667
6456000.0,0.7397645
6458000.0,0.7305523
6460000.0,0.7217001
6462000.0,0.713468
6464000.0,0.7059359
6466000.0,0.6989788
6468000.0,0.6924498
6470000.0,0.6862308
6472000.0,0.6802339
6474000.0,0.6744111
6475000.0,0.6715582
6476000.0,0.6687302
6478000.0,0.6631254
6480000.0,0.6575476
6482000.0,0.6521429
6484000.0,0.6470242
6486000.0,0.6421265
6488000.0,0.6373868
6490000.0,0.6327391
6492000.0,0.6284194
6494000.0,0.6248608
6496000.0,0.6223701
6498000.0,0.6212415
6500000.0,0.6217709
6502000.0,0.6235819
6504000.0,0.625998
6506000.0,0.6289761
6508000.0,0.6324283
6510000.0,0.6362915
6512000.0,0.6403327
6514000.0,0.6444559
6516000.0,0.6487292
6516461.0,0.6497073
6516500.0,0.6498235
6516599.0,0.6500434
6516601.0,0.6500579
6518000.0,0.6532256
6520000.0,0.6580683
6522000.0,0.6631811
6524000.0,0.6684039
6525000.0,0.6710403
6526000.0,0.67372
6528000.0,0.6791471
6530000.0,0.684696
6532000.0,0.6903747
6534000.0,0.6961913
6536000.0,0.7021336
6538000.0,0.7082398
6540000.0,0.7145077
6542000.0,0.7209054
6544000.0,0.7274209
6546000.0,0.7340322
6548000.0,0.7407372
6550000.0,0.747554
6552000.0,0.7544505
6554000.0,0.7614647
6556000.0,0.7685547
6558000.0,0.7757284
6560000.0,0.7829538
6562000.0,0.7901989
6564000.0,0.7974717
6566000.0,0.8047702
6568000.0,0.8121024
6570000.0,0.8194862
6572000.0,0.8269397
6574000.0,0.8344608
6575000.0,0.8382574
6576000.0,0.8420786
6578000.0,0.8497877
6580000.0,0.8576224
6582000.0,0.8655629
6584000.0,0.8735294
6586000.0,0.8814219
6588000.0,0.8891306
6590000.0,0.8965356
6592000.0,0.9035471
6594000.0,0.9100252
6596000.0,0.91588
6598000.0,0.9209716
6600000.0,0.9252002
6602000.0,0.9288559
6604000.0,0.9322889
6606000.0,0.9355592
6608000.0,0.9386571
6610000.0,0.9416326
6612000.0,0.9444859
6614000.0,0.947247
6616000.0,0.9499562
6618000.0,0.9526136
6620000.0,0.9552593
6622000.0,0.9579134
6624000.0,0.9605361
6625000.0,0.9618519
6626000.0,0.9631524
6628000.0,0.9657202
6630000.0,0.9682541
6632000.0,0.9707245
6634000.0,0.9731219
6636000.0,0.9754267
6638000.0,0.9776293
6640000.0,0.9797203
6642000.0,0.98116
6644000.0,0.981729
6646000.0,0.9819176
6648000.0,0.9822262
6650000.0,0.9831555
6652000.0,0.9850557
6654000.0,0.9884873
6655000.0,0.9909941
6656000.0,0.9940208
6658000.0,1.001107
6660000.0,1.008905
6662000.0,1.016847
6664000.0,1.025663
6665000.0,1.030783
6666000.0,1.036714
6668000.0,1.050541
6670000.0,1.064768
6672000.0,1.078637
6674000.0,1.090677
6675000.0,1.094786
6676000.0,1.093189
6678000.0,1.072388
6680000.0,1.052969
6682000.0,1.04367
6684000.0,1.035133
6685000.0,1.031555
6686000.0,1.028298
6688000.0,1.021974
6690000.0,1.016136
6692000.0,1.01091
6694000.0,1.00621
6695000.0,1.004042
6696000.0,1.002144
6698000.0,0.999305
6700000.0,0.9974314
6710000.0,0.9933035
6720000.0,0.9976706
6725000.0,1.003294
6730000.0,1.01081
6740000.0,1.031457
6750000.0,1.057393
6760000.0,1.088607
6770000.0,1.127242
6775000.0,1.149259
6780000.0,1.173666
6790000.0,1.244509
6795000.0,1.298976
6800000.0,1.359742
6805000.0,1.429451
6810000.0,1.50416
6820000.0,1.565278
6825000.0,1.463503
6830000.0,1.34806
6840000.0,1.139892
6850000.0,1.002375
6860000.0,0.9434072
6875000.0,0.893636
6880000.0,0.8827695
6900000.0,0.8565335
6920000.0,0.8398576
6925000.0,0.8386811
6940000.0,0.837167
6950000.0,0.8384377
6960000.0,0.8432184
6975000.0,0.8592244
6980000.0,0.8677806
7000000.0,0.9093355
7020000.0,0.9551654
7025000.0,0.9653978
7030000.0,0.9759498
7035000.0,0.9870919
7040000.0,0.9979539
7045000.0,1.007836
7050000.0,1.016008
7055000.0,1.02334
7060000.0,1.027482
7065000.0,1.027044
7070000.0,1.021916
7075000.0,1.017108
7080000.0,1.012374
7090000.0,1.007095
7100000.0,1.003626
7120000.0,1.011738
7125000.0,1.016323
7140000.0,1.02836
7150000.0,1.047245
7160000.0,1.07627
7170000.0,1.143024
7175000.0,1.196826
7180000.0,1.277329
7190000.0,1.505444
7200000.0,1.755109
7210000.0,1.687264
7220000.0,1.56752
7225000.0,1.516748
7230000.0,1.468485
7240000.0,1.379359
7250000.0,1.314903
7260000.0,1.291407
7275000.0,1.276428
7280000.0,1.271789
7300000.0,1.277782
7320000.0,1.335645
7325000.0,1.369126
7330000.0,1.37648
7335000.0,1.367033
7340000.0,1.352107
7345000.0,1.336491
7350000.0,1.320344
7353000.0,1.309837
7353300.0,1.30873
7353304.0,1.308717
7353399.0,1.308392
7353401.0,1.308295
7355000.0,1.302358
7360000.0,1.28073
7365000.0,1.236363
7370000.0,1.174856
7375000.0,1.235848
7380000.0,1.300423
7385000.0,1.291379
7390000.0,1.282294
7400000.0,1.263584
7420000.0,1.230275
7425000.0,1.223301
7440000.0,1.202031
7450000.0,1.188094
7460000.0,1.173987
7475000.0,1.152927
7480000.0,1.145911
7500000.0,1.119035
7520000.0,1.130891
7525000.0,1.12907
7540000.0,1.122837
7550000.0,1.118678
7560000.0,1.11883
7565597.0,1.11895
7565600.0,1.11895
7565651.0,1.1189
7565799.0,1.118917
7565801.0,1.118897
7568000.0,1.118948
7575000.0,1.117545
7600000.0,1.110601
7613595.0,1.119746
7613600.0,1.119749
7625000.0,1.132977
7640000.0,1.155697
7650000.0,1.17179
7660000.0,1.188103
7675000.0,1.213062
7680000.0,1.221185
7700000.0,1.254884
7725000.0,1.299884
7740000.0,1.326319
7750000.0,1.343619
7760000.0,1.359819
7775000.0,1.381834
7780000.0,1.38861
7800000.0,1.414754
7820000.0,1.441028
7825000.0,1.447014
7840000.0,1.46207
7850000.0,1.471098
7860000.0,1.473616
7875000.0,1.448953
7880000.0,1.429422
7900000.0,1.328671
7920000.0,1.224568
7925000.0,1.196042
7940000.0,1.10635
7950000.0,1.046209
7960000.0,0.9924776
7975000.0,0.9294358
7980000.0,0.912201
8000000.0,0.865282
8020000.0,0.8535857
8025000.0,0.8545891
8040000.0,0.8643018
8060000.0,0.8951319
8075000.0,0.9293745
8080000.0,0.9418088
8100000.0,0.9956961
8125000.0,1.076477
8150000.0,1.162516
8175000.0,1.231133
8200000.0,1.283397
8225000.0,1.326926
8240000.0,1.347372
8250000.0,1.356102
8275000.0,1.36173
8280000.0,1.361026
8300000.0,1.35364
8320000.0,1.34015
8325000.0,1.335353
8340000.0,1.319694
8350000.0,1.308569
8360000.0,1.296894
8375000.0,1.277046
8400000.0,1.245194
8425000.0,1.221774
8440000.0,1.20827
8450000.0,1.199177
8460000.0,1.18908
8475000.0,1.173259
8500000.0,1.146735
8520000.0,1.132621
8525000.0,1.13065
8540000.0,1.12678
8550000.0,1.12632
8560000.0,1.127325
8575000.0,1.132748
8600000.0,1.15653
8620000.0,1.189603
8625000.0,1.198831
8640000.0,1.227475
8650000.0,1.247548
8660000.0,1.268832
8675000.0,1.302347
8680000.0,1.314006
8700000.0,1.360909
8720000.0,1.402178
8725000.0,1.4103
8740000.0,1.427973
8745000.0,1.431661
8750000.0,1.433881
8760000.0,1.43414
8775000.0,1.423639
8780000.0,1.41667
8800000.0,1.377837
8820000.0,1.330874
8825000.0,1.319376
8840000.0,1.285512
8850000.0,1.263566
8860000.0,1.24209
8875000.0,1.209326
8880000.0,1.198806
8900000.0,1.158177
8920000.0,1.135117
8925000.0,1.136438
8940000.0,1.143689
8950000.0,1.150383
8960000.0,1.180127
8975000.0,1.187668
8980000.0,1.191014
8987000.0,1.198538
9000000.0,1.223057
9020000.0,1.256908
9025000.0,1.274536
9040000.0,1.339796
9050000.0,1.368266
9060000.0,1.336656
9075000.0,1.289195
9080000.0,1.271497
9100000.0,1.244225
9120000.0,1.212823
9125000.0,1.204855
9136000.0,1.187754
9140000.0,1.181859
9150000.0,1.168009
9160000.0,1.154388
9175000.0,1.134892
9180000.0,1.128795
9200000.0,1.10811
9225000.0,1.095968
9248000.0,1.090734
9250000.0,1.090515
9275000.0,1.091691
9300000.0,1.10221
9325000.0,1.131058
9350000.0,1.165276
9375000.0,1.193074
9400000.0,1.211222
9425000.0,1.197599
9431000.0,1.196136
9431376.0,1.196177
9431377.0,1.196177
9431400.0,1.196175
9431500.0,1.196182
9450000.0,1.197915
9470000.0,1.199471
9475000.0,1.19985
9500000.0,1.201657
9508000.0,1.20214
9525000.0,1.203055
9550000.0,1.204329
9575000.0,1.205843
9600000.0,1.207839
9625000.0,1.219374
9650000.0,1.234715
9675000.0,1.252396
9676000.0,1.253178
9700000.0,1.273228
9720000.0,1.288282
9725000.0,1.291439
9740000.0,1.300578
9750000.0,1.306047
9760000.0,1.311477
9775000.0,1.318376
9780000.0,1.320328
9800000.0,1.322593
9825000.0,1.314889
9850000.0,1.304875
9875000.0,1.293071
9900000.0,1.281489
9925000.0,1.275217
9950000.0,1.281354
9975000.0,1.297891
10000000.0,1.314791
10050000.0,1.350539
10100000.0,1.386491
10122000.0,1.400258
10150000.0,1.413904
10189000.0,1.427323
10189450.0,1.427369
10189460.0,1.42737
10189990.0,1.427421
10190010.0,1.427495
10200000.0,1.429821
10202000.0,1.430157
10244520.0,1.424954
10244530.0,1.424953
10244990.0,1.424897
10245010.0,1.424763
10247000.0,1.424291
10250000.0,1.423305
10300000.0,1.39871
10350000.0,1.362885
10372000.0,1.342082
10372190.0,1.341916
10372200.0,1.341907
10400000.0,1.317553
10450000.0,1.292301
10464990.0,1.286312
10465010.0,1.286315
10468000.0,1.285264
10500000.0,1.275048
10526000.0,1.267746
10527510.0,1.267294
10527990.0,1.267151
10528010.0,1.267154
10550000.0,1.259194
10560000.0,1.253939
10560240.0,1.253793
10560250.0,1.253787
10563000.0,1.252224
10600000.0,1.227327
10650000.0,1.211341
10667000.0,1.209709
10667080.0,1.209708
10667090.0,1.209708
10669000.0,1.209674
10680000.0,1.210521
10690000.0,1.214814
10700000.0,1.225319
10710000.0,1.227312
10720000.0,1.200986
10730000.0,1.14451
10740000.0,1.169314
10750000.0,1.192968
10760000.0,1.212283
10770000.0,1.229848
10780000.0,1.245273
10790000.0,1.258688
10800000.0,1.271684
10810000.0,1.284559
10820000.0,1.297154
10830000.0,1.308929
10840000.0,1.316294
10850000.0,1.319639
10860000.0,1.319838
10870000.0,1.317767
10880000.0,1.317326
10890000.0,1.319535
10900000.0,1.323334
10910000.0,1.328103
10920000.0,1.333752
10930000.0,1.347101
10940000.0,1.37767
10950000.0,1.419119
10960000.0,1.465762
10970000.0,1.495565
10980000.0,1.499479
10990000.0,1.503002
11000000.0,1.509035
11007000.0,1.517614
11008990.0,1.520312
11009010.0,1.52063
11050000.0,1.579955
11100000.0,1.65633
11150000.0,1.709204
11200000.0,1.704728
11220000.0,1.694358
11250000.0,1.677452
11300000.0,1.649873
11350000.0,1.631564
11400000.0,1.628527
11450000.0,1.666439
11500000.0,1.705366
11520000.0,1.718757
11540000.0,1.729718
11550000.0,1.734283
11600000.0,1.74498
11643000.0,1.735401
11647970.0,1.73336
11647980.0,1.733356
11647990.0,1.733354
11648010.0,1.733246
11650000.0,1.732486
11700000.0,1.711831
11750000.0,1.699276
11778720.0,1.735
11778730.0,1.735014
11778990.0,1.735362
11779010.0,1.735678
11796000.0,1.739843
11796990.0,1.739538
11797010.0,1.739632
11800000.0,1.738812
11850000.0,1.705123
11900000.0,1.67337
11950000.0,1.665517
11970000.0,1.668424
12000000.0,1.648734
12050000.0,1.595109
12100000.0,1.543398
12110000.0,1.533385
12150000.0,1.496213
12161000.0,1.486766
12200000.0,1.47596
12246670.0,1.492863
12247000.0,1.49298
12248000.0,1.493335
12250000.0,1.494042
12300000.0,1.511633
12331720.0,1.519752
12332000.0,1.519803
12333000.0,1.519982
12350000.0,1.522514
12363000.0,1.52395
12370000.0,1.524581
12400000.0,1.527147
12450000.0,1.532036
12500000.0,1.537103
12550000.0,1.541357
12580000.0,1.542527
12600000.0,1.542188
12620000.0,1.540772
12650000.0,1.537925
12700000.0,1.536754
12750000.0,1.556794
12800000.0,1.599247
12809000.0,1.607249
12809040.0,1.607285
12813000.0,1.610801
12850000.0,1.641607
12892350.0,1.659764
12892400.0,1.659759
12900000.0,1.658962
12950000.0,1.629546
13000000.0,1.583627
13050000.0,1.557028
13100000.0,1.561922
13150000.0,1.576389
13200000.0,1.579314
13224700.0,1.576367
13225000.0,1.576338
13227000.0,1.576143
13250000.0,1.574048
13300000.0,1.571332
13318000.0,1.573025
13320000.0,1.573325
13320380.0,1.573387
13350000.0,1.578326
13400000.0,1.58707
13450000.0,1.598472
13500000.0,1.609772
13550000.0,1.61273
13600000.0,1.615405
13602000.0,1.615393
13603000.0,1.615406
13603160.0,1.615408
13610000.0,1.615575
13620000.0,1.616439
13630000.0,1.618208
13640000.0,1.620891
13650000.0,1.623775
13660000.0,1.626722
13670000.0,1.62967
13674350.0,1.630938
13674380.0,1.630947
13680000.0,1.632561
13690000.0,1.635398
13700000.0,1.638184
13710000.0,1.64091
13720000.0,1.643564
13730000.0,1.646131
13740000.0,1.64682
13750000.0,1.64208
13760000.0,1.634924
13770000.0,1.630695
13780000.0,1.632442
13785000.0,1.634676
13786650.0,1.635557
13787000.0,1.635744
13790000.0,1.637348
13800000.0,1.642609
13810000.0,1.645417
13820000.0,1.643464
13830000.0,1.639716
13840000.0,1.63573
13850000.0,1.632131
13860000.0,1.629212
13870000.0,1.62635
13880000.0,1.623499
13890000.0,1.620667
13900000.0,1.617859
13950000.0,1.604166
13979000.0,1.596535
14000000.0,1.592155
14050000.0,1.588676
14100000.0,1.593098
14150000.0,1.599415
14200000.0,1.605998
14250000.0,1.612806
14298000.0,1.619377
14300000.0,1.619655
14350000.0,1.626958
14400000.0,1.635031
14450000.0,1.645342
14500000.0,1.658452
14550000.0,1.672915
14600000.0,1.687929
14617000.0,1.693177
14650000.0,1.70345
14700000.0,1.718817
14750000.0,1.732886
14800000.0,1.746327
14850000.0,1.759955
14900000.0,1.761893
14936000.0,1.763396
14950000.0,1.763968
15000000.0,1.765941
15020000.0,1.764021
15040000.0,1.757029
15050000.0,1.752291
15100000.0,1.721165
15150000.0,1.684659
15200000.0,1.648371
15250000.0,1.621253
15255000.0,1.619144
15300000.0,1.604162
15347170.0,1.588269
15350000.0,1.587323
15392070.0,1.580637
15392080.0,1.580638
15400000.0,1.581262
15450000.0,1.590555
15500000.0,1.601174
15550000.0,1.610211
15574000.0,1.614525
15600000.0,1.618964
15650000.0,1.624613
15700000.0,1.62628
15750000.0,1.624396
15800000.0,1.617381
15850000.0,1.606661
15893000.0,1.596638
15900000.0,1.594832
15950000.0,1.573129
16000000.0,1.552463
16100000.0,1.547192
16130000.0,1.549872
16161000.0,1.553172
16200000.0,1.559111
16205000.0,1.560071
16212000.0,1.56151
16300000.0,1.581767
16400000.0,1.588164
16410000.0,1.587306
16500000.0,1.568952
16531000.0,1.558546
16600000.0,1.543257
16615000.0,1.541072
16651600.0,1.538144
16700000.0,1.539661
16800000.0,1.554842
16820000.0,1.558697
16850000.0,1.565272
16900000.0,1.578396
17000000.0,1.606789
17025000.0,1.614899
17100000.0,1.639887
17168000.0,1.653852
17169000.0,1.65402
17200000.0,1.658651
17230000.0,1.661325
17250190.0,1.662362
17250200.0,1.662362
17300000.0,1.663032
17400000.0,1.659422
17435000.0,1.656894
17487000.0,1.652917
17488000.0,1.652839
17500000.0,1.651874
17600000.0,1.644482
17640000.0,1.642251
17700000.0,1.63974
17800000.0,1.636091
17806000.0,1.635852
17807000.0,1.635808
17845000.0,1.633714
17850000.0,1.633387
17850720.0,1.633341
17850730.0,1.63334
17900000.0,1.629592
18000000.0,1.620447
18050000.0,1.612904
18100000.0,1.605618
18125000.0,1.602717
18133810.0,1.60179
18133820.0,1.601789
18200000.0,1.595455
18255000.0,1.59146
18289020.0,1.589395
18289030.0,1.589394
18300000.0,1.588852
18400000.0,1.5876
18444000.0,1.589648
18460000.0,1.59099
18500000.0,1.595118
18571790.0,1.604746
18571800.0,1.604748
18600000.0,1.609819
18665000.0,1.627706
18700000.0,1.635563
18763000.0,1.649463
18800000.0,1.657744
18870000.0,1.673194
18900000.0,1.679724
19000000.0,1.690746
19075000.0,1.686718
19082000.0,1.686093
19100000.0,1.684422
19200000.0,1.674695
19280000.0,1.666891
19300000.0,1.664917
19364520.0,1.656692
19364530.0,1.65669
19400000.0,1.651257
19401000.0,1.651082
19485000.0,1.639068
19500000.0,1.637625
19589140.0,1.634142
19589150.0,1.634143
19600000.0,1.634115
19639430.0,1.634105
19639440.0,1.634105
19690000.0,1.634298
19700000.0,1.634391
19720000.0,1.63461
19800000.0,1.635515
19895000.0,1.637184
19900000.0,1.637277
20000000.0,1.6399
20100000.0,1.64899
20148210.0,1.656473
20148220.0,1.656475
20256210.0,1.67758
20256220.0,1.677582
20259720.0,1.678304
20259730.0,1.678305
20334240.0,1.691794
20334250.0,1.691796
20350000.0,1.694012
20420000.0,1.699932
20500000.0,1.70223
20617120.0,1.704983
20617130.0,1.704983
20650000.0,1.705655
20819960.0,1.699702
20819970.0,1.699702
20902980.0,1.696716
20902990.0,1.696716
20950000.0,1.695049
20976330.0,1.694129
20976340.0,1.694128
20994510.0,1.6935
20994520.0,1.6935
21000000.0,1.693314
21081570.0,1.690618
21081580.0,1.690617
21232530.0,1.686289
21232540.0,1.686288
21250000.0,1.68586
21442380.0,1.681299
21442390.0,1.681298
21500000.0,1.679955
21550000.0,1.678797
21594180.0,1.677778
21594190.0,1.677779
21636170.0,1.676812
21636180.0,1.676813
21725050.0,1.674782
21725060.0,1.674783
21850000.0,1.671949
21895030.0,1.670931
21895040.0,1.670931
21986770.0,1.668864
21986780.0,1.668863
22000000.0,1.668566
22043960.0,1.667976
22043970.0,1.667976
22150000.0,1.666551
22161430.0,1.666397
22223000.0,1.665569
22244780.0,1.665275
22244790.0,1.665275
22450000.0,1.662482
22500000.0,1.661793
22750000.0,1.658273
22864440.0,1.656612
22864450.0,1.656612
23000000.0,1.654591
23043000.0,1.653938
23050000.0,1.653831
23217370.0,1.651294
23350000.0,1.649284
23500000.0,1.647034
23650000.0,1.644799
23743480.0,1.643413
23743490.0,1.643413
23873070.0,1.641505
23943550.0,1.640467
23950000.0,1.640372
24000000.0,1.639639
24250000.0,1.635998
24386310.0,1.63403
24408830.0,1.633705
24408860.0,1.633705
24500000.0,1.632394
24550000.0,1.631676
24577110.0,1.631288
24577140.0,1.631288
24850000.0,1.62825
25000000.0,1.628667
25150000.0,1.629089
25450000.0,1.629943
25500000.0,1.630087
25750000.0,1.63081
26000000.0,1.631541
26050000.0,1.630449
26350000.0,1.623917
26500000.0,1.620669
26650000.0,1.617434
26950000.0,1.610991
27000000.0,1.609922
27250000.0,1.604592
27500000.0,1.599291
27550000.0,1.598234
27850000.0,1.591914
28000000.0,1.588768
28150000.0,1.585632
28450000.0,1.579383
28500000.0,1.578346
28750000.0,1.573674
29000000.0,1.569869
29050000.0,1.569559
29350000.0,1.56818
29500000.0,1.567736
29650000.0,1.567408
29950000.0,1.566957
30000000.0,1.566895
30000010.0,1.566795
30707920.0,1.559701
31000000.0,1.555518
31422290.0,1.548497
32000000.0,1.53754
33000000.0,1.516797
33262990.0,1.511293
34000000.0,1.496449
34148200.0,1.493627
34388770.0,1.489202
35000000.0,1.479
35535070.0,1.470905
36000000.0,1.463766
37000000.0,1.448226
38000000.0,1.432627
39000000.0,1.417167
39129600.0,1.415182
40000000.0,1.402
41000000.0,1.38602
42000000.0,1.368374
43000000.0,1.349526
44000000.0,1.329878
45000000.0,1.309773
46000000.0,1.289501
47000000.0,1.269306
48000000.0,1.249387
49000000.0,1.229908
50000000.0,1.211
51000000.0,1.192828
52000000.0,1.17539
53000000.0,1.158557
54000000.0,1.142221
55000000.0,1.126283
56000000.0,1.11066
57000000.0,1.095278
58000000.0,1.080077
59000000.0,1.064999
60000000.0,1.05
61000000.0,1.035045
62000000.0,1.020182
63000000.0,1.005488
64000000.0,0.991029
65000000.0,0.9768639
66000000.0,0.9630435
67000000.0,0.9496116
68000000.0,0.9366061
69000000.0,0.9240597
70000000.0,0.912
71000000.0,0.9003224
72000000.0,0.8889071
73000000.0,0.8777554
74000000.0,0.8668679
75000000.0,0.8562439
76000000.0,0.8458819
77000000.0,0.8357796
78000000.0,0.8259341
79000000.0,0.8163422
80000000.0,0.807
81000000.0,0.798146
82000000.0,0.7898514
83000000.0,0.7818848
84000000.0,0.7740417
85000000.0,0.7661416
86000000.0,0.7580266
87000000.0,0.7495597
88000000.0,0.7406256
89000000.0,0.7311299
90000000.0,0.721
91000000.0,0.7108126
92000000.0,0.7011472
93000000.0,0.6919537
94000000.0,0.6831843
95000000.0,0.6747929
96000000.0,0.6667353
97000000.0,0.6589685
98000000.0,0.6514504
99000000.0,0.6441406
100000000.0,0.637
102000000.0,0.6231276
104000000.0,0.6099201
106000000.0,0.5975369
108000000.0,0.5860912
110000000.0,0.57566
112000000.0,0.5660764
114000000.0,0.5570828
116000000.0,0.5486088
118000000.0,0.5405971
120000000.0,0.533
122000000.0,0.5257729
124000000.0,0.5188816
126000000.0,0.5123027
128000000.0,0.5060153
130000000.0,0.5
132000000.0,0.4940935
134000000.0,0.488188
136000000.0,0.4823405
138000000.0,0.4765984
140000000.0,0.471
142000000.0,0.4654138
144000000.0,0.4597469
146000000.0,0.4540798
148000000.0,0.4484792
150000000.0,0.443
