1e-05,6586.509
1.03125e-05,6486.135
1.0625e-05,6390.223
1.09375e-05,6298.45
1.125e-05,6210.529
1.15625e-05,6126.197
1.1875e-05,6045.216
1.21875e-05,5967.37
1.25e-05,5892.462
1.28125e-05,5820.31
1.3125e-05,5750.752
1.34375e-05,5683.634
1.375e-05,5618.818
1.4375e-05,5495.585
1.5e-05,5380.137
1.5625e-05,5271.686
1.625e-05,5169.554
1.6875e-05,5073.151
1.75e-05,4981.959
1.8125e-05,4895.525
1.875e-05,4813.449
1.9375e-05,4735.378
2e-05,4660.997
2.09375e-05,4555.731
2.1875e-05,4457.308
2.28125e-05,4365.016
2.375e-05,4278.244
2.46875e-05,4196.463
2.5625e-05,4119.212
2.65625e-05,4046.088
2.75e-05,3976.736
2.84375e-05,3910.842
2.9375e-05,3848.128
3.03125e-05,3788.347
3.125e-05,3731.276
3.21875e-05,3676.718
3.3125e-05,3624.492
3.40625e-05,3574.437
3.5e-05,3526.408
3.59375e-05,3480.27
3.6875e-05,3435.903
3.78125e-05,3393.197
3.875e-05,3352.049
3.96875e-05,3312.369
4.0625e-05,3274.07
4.25e-05,3201.31
4.4375e-05,3133.211
4.625e-05,3069.297
4.8125e-05,3009.156
5e-05,2952.429
5.15625e-05,2907.541
5.3125e-05,2864.648
5.46875e-05,2823.606
5.625e-05,2784.286
5.78125e-05,2746.571
5.9375e-05,2710.356
6.09375e-05,2675.542
6.25e-05,2642.042
6.40625e-05,2609.775
6.5625e-05,2578.668
6.71875e-05,2548.652
6.875e-05,2519.665
7.1875e-05,2464.554
7.5e-05,2412.924
7.8125e-05,2364.423
8.125e-05,2318.748
8.4375e-05,2275.635
8.75e-05,2234.853
9.0625e-05,2196.199
9.375e-05,2159.493
9.6875e-05,2124.579
0.0001,2091.314
0.000103125,2059.573
0.00010625,2029.243
0.000109375,2000.222
0.0001125,1972.419
0.000115625,1945.751
0.00011875,1920.142
0.000121875,1895.526
0.000125,1871.838
0.000128125,1849.021
0.00013125,1827.025
0.000134375,1805.801
0.0001375,1785.304
0.00014375,1746.334
0.00015,1709.826
0.00015625,1675.531
0.0001625,1643.234
0.00016875,1612.749
0.000175,1583.912
0.00018125,1556.578
0.0001875,1530.624
0.00019375,1505.936
0.0002,1482.414
0.000209375,1449.127
0.00021875,1418.002
0.000228125,1388.817
0.0002375,1361.378
0.000246875,1335.516
0.00025625,1311.087
0.000265625,1287.964
0.000275,1266.032
0.000284375,1245.195
0.00029375,1225.363
0.000303125,1206.458
0.0003125,1188.411
0.000321875,1171.158
0.00033125,1154.643
0.000340625,1138.815
0.00035,1123.626
0.000359375,1109.036
0.00036875,1095.006
0.000378125,1081.501
0.0003875,1068.489
0.000396875,1055.941
0.00040625,1043.83
0.000425,1020.821
0.00044375,999.2865
0.0004625,979.0751
0.00048125,960.0566
0.0005,942.1183
0.000515625,927.9233
0.00053125,914.3592
0.000546875,901.3807
0.0005625,888.9468
0.000578125,877.0204
0.00059375,865.5679
0.000609375,854.5589
0.000625,843.9653
0.000640625,833.7616
0.00065625,823.9246
0.000671875,814.4328
0.0006875,805.2664
0.00071875,787.8386
0.00075,771.5117
0.00078125,756.1746
0.0008125,741.7309
0.00084375,728.0974
0.000875,715.2008
0.00090625,702.9773
0.0009375,691.3701
0.00096875,680.3292
0.001,669.8099
0.00103125,659.7726
0.0010625,650.1813
0.00109375,641.0041
0.001125,632.2121
0.00115625,623.7788
0.0011875,615.6807
0.00121875,607.8961
0.00125,600.4053
0.00128125,593.1903
0.0013125,586.2344
0.00134375,579.5227
0.001375,573.0411
0.0014375,560.7178
0.0015,549.1729
0.0015625,538.3279
0.001625,528.1147
0.0016875,518.4743
0.00175,509.3552
0.0018125,500.7118
0.001875,492.5042
0.0019375,484.6972
0.002,477.259
0.00209375,466.7325
0.0021875,456.8902
0.00228125,447.661
0.002375,438.9838
0.00246875,430.8057
0.0025625,423.0806
0.00265625,415.7682
0.00275,408.833
0.00284375,402.2436
0.0029375,395.9722
0.00303125,389.9941
0.003125,384.2871
0.00321875,378.8312
0.0033125,373.6086
0.00340625,368.6032
0.0035,363.8003
0.00359375,359.1865
0.0036875,354.7498
0.00378125,350.4792
0.003875,346.3644
0.00396875,342.3964
0.0040625,338.5666
0.00425,331.2905
0.0044375,324.4807
0.004625,318.0893
0.0048125,312.0751
0.005,306.4025
0.00515625,301.9137
0.0053125,297.6243
0.00546875,293.5202
0.005625,289.5883
0.00578125,285.8168
0.0059375,282.1952
0.00609375,278.7138
0.00625,275.3639
0.00640625,272.1372
0.0065625,269.0264
0.00671875,266.0249
0.006875,263.1261
0.0071875,257.615
0.0075,252.4521
0.0078125,247.602
0.008125,243.0345
0.0084375,238.7232
0.00875,234.645
0.0090625,230.7796
0.009375,227.109
0.0096875,223.6176
0.01,220.2911
0.0103125,217.117
0.010625,214.084
0.0109375,211.1819
0.01125,208.4016
0.0115625,205.7349
0.011875,203.1739
0.0121875,200.7123
0.0125,198.3435
0.0128125,196.0619
0.013125,193.8623
0.0134375,191.7398
0.01375,189.6901
0.014375,185.7932
0.015,182.1424
0.015625,178.7129
0.01625,175.4832
0.016875,172.4346
0.0175,169.5509
0.018125,166.8176
0.01875,164.2222
0.019375,161.7534
0.02,159.4012
0.0206625,157.0254
0.021325,154.7612
0.0219875,152.6
0.02265,150.5344
0.0233125,148.5574
0.023975,146.6631
0.0246375,144.8456
0.0253,143.1
0.02607188,141.1508
0.02684375,139.2862
0.02761563,137.5003
0.0283875,135.7878
0.02915938,134.1437
0.02993125,132.5638
0.03070313,131.0436
0.031475,129.5799
0.03224688,128.1689
0.03301875,126.8077
0.0345625,124.2236
0.03610625,121.8069
0.03765,119.5404
0.03919375,117.4092
0.0407375,115.4003
0.04228125,113.5025
0.043825,111.7059
0.04536875,110.0017
0.0469125,108.3824
0.04845625,106.8411
0.05,105.3717
0.0515625,103.9522
0.053125,102.5958
0.0546875,101.298
0.05625,100.0546
0.0578125,98.86196
0.059375,97.71671
0.0609375,96.61581
0.0625,95.55645
0.0640625,94.53609
0.065625,93.55239
0.0671875,92.60321
0.06875,91.68657
0.071875,89.94379
0.075,88.31111
0.078125,86.7774
0.08125,85.33304
0.084375,83.96969
0.0875,82.68004
0.090625,81.45768
0.09375,80.29697
0.096875,79.19287
0.1,78.14096
0.103125,77.13722
0.10625,76.1781
0.109375,75.26038
0.1125,74.38117
0.115625,73.53785
0.11875,72.72804
0.121875,71.94958
0.125,71.2005
0.128125,70.47899
0.13125,69.78342
0.134375,69.11224
0.1375,68.46408
0.14375,67.23175
0.15,66.07727
0.15625,64.99277
0.1625,63.97146
0.16875,63.00742
0.175,62.0955
0.18125,61.23117
0.1875,60.41042
0.19375,59.62971
0.2,58.88588
0.209375,57.83324
0.21875,56.84901
0.228125,55.92609
0.2375,55.05838
0.246875,54.24057
0.25625,53.46806
0.265625,52.73682
0.275,52.0433
0.284375,51.38437
0.29375,50.75723
0.303125,50.15942
0.3125,49.58871
0.321875,49.04313
0.33125,48.52087
0.340625,48.02033
0.35,47.54003
0.359375,47.07866
0.36875,46.63499
0.378125,46.20793
0.3875,45.79645
0.396875,45.39965
0.40625,45.01667
0.425,44.28906
0.44375,43.60808
0.4625,42.96894
0.48125,42.36753
0.5,41.80027
0.53125,40.92245
0.5625,40.11883
0.59375,39.37953
0.625,38.6964
0.65625,38.06266
0.6875,37.47263
0.71875,36.92152
0.75,36.40521
0.78125,35.92022
0.8125,35.46347
0.84375,35.03234
0.875,34.62452
0.9375,33.87092
1.0,33.18913
1.0625,32.56842
1.125,32.00019
1.1875,31.47742
1.25,30.99437
1.3125,30.54626
1.375,30.12904
1.4375,29.73935
1.5,29.37427
1.5625,29.03132
1.625,28.70836
1.6875,28.4035
1.75,28.11512
1.875,27.58226
2.0,27.10016
2.125,26.66125
2.25,26.25945
2.375,25.8898
2.5,25.54823
2.625,25.23136
2.75,24.93635
2.875,24.66079
3.0,24.40264
3.125,24.16014
3.25,23.93177
3.375,23.7162
3.5,23.51229
3.75,23.1355
3.999999,22.7946
4.0,364.9881
4.000001,364.9881
4.250001,353.2809
4.500001,342.6358
4.750001,332.9042
5.0,323.9652
5.3125,313.755
5.625,304.4685
5.9375,295.9767
6.25,288.1746
6.5625,280.9751
6.875,274.306
7.1875,268.106
7.5,262.324
8.125,251.8427
8.75,242.5776
9.375,234.3139
10.0,226.8857
10.625,220.1631
11.25,214.0427
11.875,208.4408
12.5,203.2891
13.125,198.5312
13.75,194.12
14.375,190.0159
15.0,186.1852
16.25,179.2333
17.5,173.0792
18.75,167.5823
20.0,162.6346
20.9375,159.2326
21.875,156.062
23.75,150.3196
25.625,145.2474
27.5,140.7254
29.375,136.6613
31.25,132.9832
33.125,129.634
35.0,126.5676
36.875,123.7466
38.75,121.1399
40.625,118.7218
42.5,116.4707
46.25,112.3989
50.0,108.8071
53.125,106.117
56.25,103.6598
59.375,101.4039
62.5,99.32304
65.625,97.39573
68.75,95.60388
71.875,93.93231
75.0,92.36808
81.25,89.51889
87.5,86.98467
93.75,84.71102
100.0,82.6559
106.25,80.46759
112.5,78.47382
118.75,76.64755
125.0,74.96662
131.25,73.4128
137.5,71.97086
143.75,70.62803
150.0,69.37345
156.25,68.19787
162.5,67.09332
175.0,65.07067
187.5,63.26037
200.0,61.62755
209.375,60.50276
218.75,59.4529
228.125,58.46995
237.5,57.54706
256.25,55.85853
275.0,54.3486
293.75,52.98762
312.5,51.75237
331.25,50.62439
350.0,49.58882
368.75,48.63353
387.5,47.74854
406.25,46.92546
425.0,46.15731
443.75,45.43813
462.5,44.76284
481.25,44.12707
500.0,43.52704
531.25,42.59762
562.5,41.74567
593.75,40.96075
625.0,40.23434
656.25,39.55935
687.5,38.92984
718.75,38.3408
750.0,37.78797
781.25,37.26768
812.5,36.77678
875.0,35.87251
937.5,35.05711
1000.0,34.31651
1062.5,33.71529
1125.0,33.16166
1187.5,32.64945
1250.0,32.1735
1312.5,31.72957
1375.0,31.31408
1437.5,30.92397
1500.0,30.55667
1625.0,29.88178
1750.0,29.27486
1875.0,28.72473
2000.0,28.22267
2093.75,27.87345
2187.5,27.54493
2281.25,27.23505
2375.0,26.94201
2562.5,26.40048
2750.0,25.91009
2937.5,25.46289
3125.0,25.05258
3312.5,24.6741
3500.0,24.32332
3687.5,23.99684
3875.0,23.69183
4062.5,23.40589
4250.0,23.13703
4437.5,22.8835
4625.0,22.64381
5000.0,22.20098
5312.5,21.86426
5625.0,21.55273
5937.5,21.26324
6250.0,20.99313
6562.5,20.74021
6875.0,20.50262
7187.5,20.27879
7500.0,20.06733
8125.0,19.67706
8750.0,19.32411
9375.0,19.00253
10000.0,18.70767
10625.0,18.48824
11250.0,18.28406
11875.0,18.09328
12500.0,17.91439
13750.0,17.58731
15000.0,17.29461
16250.0,17.03023
17500.0,16.78952
18750.0,16.56888
20000.0,16.36544
21250.0,16.18755
22500.0,16.02175
25000.0,15.72094
27500.0,15.45411
30000.0,15.2148
32500.0,14.99819
35000.0,14.80061
37500.0,14.61919
40000.0,14.45166
45000.0,14.14711
50000.0,13.88039
50427.0,13.8591
50604.37,13.84954
50781.73,13.84004
51136.45,13.82122
51491.18,13.80262
51845.9,13.78426
52555.35,13.7482
53264.8,13.71299
53974.25,13.67861
54683.7,13.64501
56102.6,13.58009
57521.5,13.51801
58940.4,13.45857
60359.3,13.4016
61778.2,13.34693
61920.56,13.34084
62062.92,13.33476
62347.64,13.32268
62917.07,13.29873
63486.5,13.27509
64055.93,13.25173
65194.79,13.20586
66333.65,13.1611
67472.52,13.11739
68611.38,13.07469
69750.24,13.03295
70889.1,12.99215
73166.83,12.91319
75444.55,12.83756
77722.28,12.76501
80000.0,12.69534
80160.9,12.69032
80470.89,12.67983
80780.88,12.6694
81400.85,12.64875
82020.82,12.62834
82640.79,12.60818
83880.74,12.56858
85120.68,12.52991
86360.63,12.4921
87600.57,12.45517
90080.45,12.38373
92560.34,12.31535
95040.23,12.24982
97520.12,12.18694
100000.0,12.12656
106115.0,11.96778
112230.0,11.82123
118345.0,11.68539
124460.0,11.55899
124460.5,11.55897
124862.3,11.55039
125264.1,11.54185
126067.7,11.52489
126871.3,11.50811
127674.8,11.49149
129281.9,11.45873
130889.0,11.42661
130889.4,11.4266
131237.9,11.41904
131586.3,11.41152
132283.1,11.39655
133676.8,11.36695
135070.5,11.33779
136464.2,11.30904
139251.8,11.25281
142039.3,11.19815
144826.9,11.14502
147614.4,11.09333
150402.0,11.04302
153189.5,10.99403
158764.7,10.89977
164339.8,10.81014
169914.9,10.72476
175490.0,10.64332
175490.2,10.64332
175591.0,10.64177
175972.4,10.6357
176353.8,10.62966
177116.6,10.61762
178642.2,10.59376
180167.8,10.5702
181693.3,10.54692
184744.4,10.50118
187795.5,10.45651
190846.7,10.41286
193897.8,10.3702
196948.9,10.32848
200000.0,10.28768
203038.7,10.24443
206077.4,10.2021
209116.1,10.16066
212154.8,10.12007
218232.2,10.04133
224309.5,9.965686
230386.9,9.892924
236464.3,9.822869
242541.7,9.755353
248619.0,9.690228
248619.5,9.690223
249134.3,9.684381
249649.1,9.678558
250678.7,9.666964
252737.9,9.64398
254797.1,9.621266
256856.3,9.598816
260974.9,9.554688
265093.5,9.511557
269212.2,9.469385
273330.8,9.428141
277449.4,9.387788
281568.0,9.348295
282308.8,9.341027
283049.5,9.333797
284531.0,9.319444
287494.0,9.291158
287494.5,9.291152
288182.0,9.284349
288869.4,9.277575
290244.2,9.264104
292993.9,9.237471
295743.9,9.21124
298493.8,9.185404
303993.7,9.134879
309493.5,9.085829
314993.4,9.038181
320493.3,8.991877
325993.2,8.946857
331493.0,8.903066
332623.0,8.893828
333753.0,8.884652
336013.0,8.86648
337017.5,8.858364
338022.0,8.850293
340031.0,8.834289
344049.0,8.802816
344049.2,8.802811
344451.0,8.799681
345283.9,8.793053
346116.7,8.786455
347782.3,8.773343
351113.5,8.747446
354444.8,8.721978
357776.0,8.696931
364438.5,8.64805
371101.0,8.600725
372004.1,8.594196
372907.2,8.587692
374713.4,8.574764
378325.8,8.549209
381938.2,8.524051
385550.5,8.49928
392775.3,8.450861
400000.0,8.403883
403125.0,8.384721
406250.0,8.365781
412500.0,8.32855
418750.0,8.292159
425000.0,8.256576
431250.0,8.221771
437500.0,8.18772
450000.0,8.121766
462500.0,8.058519
475000.0,7.9978
487500.0,7.939447
500000.0,7.883312
512500.0,7.82926
525000.0,7.777167
550000.0,7.678412
575000.0,7.586237
600000.0,7.499953
625000.0,7.418968
650000.0,7.342768
675000.0,7.270908
700000.0,7.202998
750000.0,7.077696
800000.0,6.964569
825000.0,6.937078
850000.0,6.910698
900000.0,6.860976
950000.0,6.814883
1000000.0,6.771988
1031250.0,6.782636
1062500.0,6.792974
1125000.0,6.812796
1187500.0,6.83158
1250000.0,6.849428
1312500.0,6.86643
1375000.0,6.882665
1437500.0,6.8982
1500000.0,6.913093
1562500.0,6.967393
1625000.0,7.019724
1687500.0,7.070226
1750000.0,7.119031
1812500.0,7.166252
1875000.0,7.211993
1937500.0,7.256345
2000000.0,7.299395
2062500.0,7.329495
2125000.0,7.358909
2187500.0,7.387662
2250000.0,7.415783
2312500.0,7.443296
2375000.0,7.470225
2437500.0,7.496592
2500000.0,7.522419
2562500.0,7.547727
2625000.0,7.572536
2687500.0,7.596865
2750000.0,7.620731
2812500.0,7.64415
2875000.0,7.667142
2937500.0,7.689717
3000000.0,7.711893
3062500.0,7.701219
3125000.0,7.690885
3187500.0,7.680868
3250000.0,7.671147
3312500.0,7.661703
3375000.0,7.652519
3437500.0,7.64358
3500000.0,7.634873
3562500.0,7.626381
3625000.0,7.618097
3687500.0,7.610009
3750000.0,7.602106
3812500.0,7.594379
3875000.0,7.58682
3937500.0,7.579422
4000000.0,7.572177
4036632.0,7.554347
4073263.0,7.536764
4109894.0,7.519419
4146525.0,7.502307
4183157.0,7.485421
4219788.0,7.468758
4256419.0,7.45231
4293050.0,7.436076
4329682.0,7.420046
4366313.0,7.404219
4402944.0,7.38859
4439575.0,7.373154
4476207.0,7.357905
4512838.0,7.342843
4549469.0,7.327961
4586100.0,7.313257
4622732.0,7.298723
4659363.0,7.284362
4695994.0,7.270166
4732625.0,7.256133
4769257.0,7.24226
4805888.0,7.228543
4842519.0,7.214979
4879150.0,7.201565
4915782.0,7.1883
4952413.0,7.175179
5025675.0,7.149358
5098938.0,7.124085
5172200.0,7.09934
5198069.0,7.085468
5223938.0,7.071925
5249807.0,7.058704
5275675.0,7.045802
5301544.0,7.033215
5327413.0,7.020939
5353282.0,7.008973
5379150.0,6.997311
5405019.0,6.98595
5430888.0,6.974888
5456757.0,6.96412
5482625.0,6.953644
5508494.0,6.943458
5534363.0,6.933556
5560232.0,6.923937
5586100.0,6.914597
5611969.0,6.905533
5637838.0,6.896744
5663707.0,6.888226
5689575.0,6.879975
5715444.0,6.871989
5741313.0,6.864267
5767182.0,6.856804
5793050.0,6.849598
5818919.0,6.842648
5844788.0,6.835948
5870657.0,6.829499
5896525.0,6.823298
5922394.0,6.81734
5948263.0,6.811626
5974132.0,6.806152
6000000.0,6.800916
6031250.0,6.785962
6062500.0,6.771228
6093750.0,6.756712
6125000.0,6.742409
6156250.0,6.728317
6187500.0,6.714434
6218750.0,6.700759
6250000.0,6.687288
6281250.0,6.674017
6312500.0,6.660947
6343750.0,6.648072
6375000.0,6.635393
6406250.0,6.622907
6437500.0,6.61061
6468750.0,6.5985
6500000.0,6.586578
6531250.0,6.57484
6562500.0,6.563282
6593750.0,6.551905
6625000.0,6.540705
6656250.0,6.52968
6687500.0,6.518829
6718750.0,6.508151
6750000.0,6.497642
6781250.0,6.487301
6812500.0,6.477126
6843750.0,6.467116
6875000.0,6.457269
6906250.0,6.447581
6937500.0,6.438055
6968750.0,6.428685
7000000.0,6.419472
7031250.0,6.410413
7062500.0,6.401505
7093750.0,6.392751
7125000.0,6.384144
7156250.0,6.375688
7187500.0,6.367376
7218750.0,6.35921
7250000.0,6.351189
7281250.0,6.343308
7312500.0,6.335569
7343750.0,6.327968
7375000.0,6.320506
7406250.0,6.31318
7437500.0,6.305989
7468750.0,6.298933
7500000.0,6.292009
7531250.0,6.285218
7562500.0,6.278554
7593750.0,6.272021
7625000.0,6.265615
7656250.0,6.259336
7687500.0,6.253181
7718750.0,6.247152
7750000.0,6.241245
7781250.0,6.235458
7812500.0,6.229794
7843750.0,6.224248
7875000.0,6.218821
7906250.0,6.21351
7937500.0,6.208316
7968750.0,6.203237
8000000.0,6.198272
8125000.0,6.177601
8250000.0,6.157441
8375000.0,6.137771
8500000.0,6.118575
8625000.0,6.099835
8750000.0,6.081534
8875000.0,6.063658
9000000.0,6.046192
9250000.0,6.030884
9500000.0,6.016022
9625000.0,6.008749
9750000.0,6.001578
9875000.0,5.994504
10000000.0,5.987524
10250000.0,5.989499
10500000.0,5.991254
10625000.0,5.992051
10750000.0,5.992797
10875000.0,5.993492
11000000.0,5.994139
11229750.0,5.997213
11459500.0,6.000038
11689250.0,6.002626
11804130.0,6.003833
11919000.0,6.004983
11919280.0,6.0051
12000000.0,6.038704
12250000.0,6.055884
12500000.0,6.072591
12750000.0,6.088845
12875000.0,6.096807
13000000.0,6.104661
13250000.0,6.123638
13500000.0,6.142202
13750000.0,6.162006
14000000.0,6.181431
14250000.0,6.201947
14500000.0,6.222132
14750000.0,6.241998
14875000.0,6.251813
15000000.0,6.261553
15250000.0,6.28101
15500000.0,6.300233
15750000.0,6.319224
16000000.0,6.337993
16330330.0,6.35934
16660650.0,6.380371
16990980.0,6.401101
17321300.0,6.42154
17490980.0,6.432335
17660650.0,6.443058
17830330.0,6.453711
18000000.0,6.464291
18500000.0,6.487142
18750000.0,6.498213
19000000.0,6.509054
19250000.0,6.519674
19500000.0,6.530076
19750000.0,6.540266
19875000.0,6.545283
20000000.0,6.550249
