1e-05,616.1
1.03125e-05,606.8842
1.0625e-05,598.0779
1.09375e-05,589.6519
1.125e-05,581.5794
1.15625e-05,573.8364
1.1875e-05,566.4011
1.21875e-05,559.2537
1.25e-05,552.376
1.28125e-05,545.7515
1.3125e-05,539.3649
1.34375e-05,533.2025
1.375e-05,527.2514
1.4375e-05,515.9368
1.5e-05,505.3369
1.5625e-05,495.3795
1.625e-05,486.0023
1.6875e-05,477.1509
1.75e-05,468.7781
1.8125e-05,460.8422
1.875e-05,453.3065
1.9375e-05,446.1384
2e-05,439.309
2.09375e-05,429.6441
2.1875e-05,420.6074
2.28125e-05,412.1336
2.375e-05,404.1666
2.46875e-05,396.6579
2.5625e-05,389.5651
2.65625e-05,382.8512
2.75e-05,376.4837
2.84375e-05,370.4336
2.9375e-05,364.6756
3.03125e-05,359.1868
3.125e-05,353.9468
3.21875e-05,348.9375
3.3125e-05,344.1424
3.40625e-05,339.5467
3.5e-05,335.1369
3.59375e-05,330.9007
3.6875e-05,326.8272
3.78125e-05,322.9061
3.875e-05,319.1282
3.96875e-05,315.4849
4.0625e-05,311.9685
4.25e-05,305.288
4.4375e-05,299.0356
4.625e-05,293.1673
4.8125e-05,287.6454
5e-05,282.4371
5.15625e-05,278.3157
5.3125e-05,274.3775
5.46875e-05,270.6092
5.625e-05,266.9991
5.78125e-05,263.5364
5.9375e-05,260.2112
6.09375e-05,257.0148
6.25e-05,253.939
6.40625e-05,250.9764
6.5625e-05,248.1203
6.71875e-05,245.3644
6.875e-05,242.703
7.1875e-05,237.643
7.5e-05,232.9025
7.8125e-05,228.4495
8.125e-05,224.2559
8.4375e-05,220.2975
8.75e-05,216.553
9.0625e-05,213.004
9.375e-05,209.6339
9.6875e-05,206.4283
0.0001,203.3741
0.000103125,200.4598
0.00010625,197.675
0.000109375,195.0105
0.0001125,192.4578
0.000115625,190.0092
0.00011875,187.658
0.000121875,185.3978
0.000125,183.2229
0.000128125,181.128
0.00013125,179.1085
0.000134375,177.1597
0.0001375,175.2778
0.00014375,171.6999
0.00015,168.3479
0.00015625,165.1991
0.0001625,162.2338
0.00016875,159.4348
0.000175,156.7871
0.00018125,154.2775
0.0001875,151.8945
0.00019375,149.6278
0.0002,147.4681
0.000209375,144.4119
0.00021875,141.5542
0.000228125,138.8746
0.0002375,136.3552
0.000246875,133.9808
0.00025625,131.7378
0.000265625,129.6147
0.000275,127.6011
0.000284375,125.688
0.00029375,123.8671
0.000303125,122.1314
0.0003125,120.4744
0.000321875,118.8903
0.00033125,117.374
0.000340625,115.9207
0.00035,114.5262
0.000359375,113.1866
0.00036875,111.8985
0.000378125,110.6585
0.0003875,109.4638
0.000396875,108.3117
0.00040625,107.1998
0.000425,105.0872
0.00044375,103.11
0.0004625,101.2543
0.00048125,99.50817
0.0005,97.86117
0.000515625,96.55787
0.00053125,95.31249
0.000546875,94.12088
0.0005625,92.97926
0.000578125,91.88425
0.00059375,90.83275
0.000609375,89.82196
0.000625,88.84932
0.000640625,87.91247
0.00065625,87.00929
0.000671875,86.13781
0.0006875,85.2962
0.00071875,83.69608
0.00075,82.19704
0.00078125,80.78887
0.0008125,79.46274
0.00084375,78.21098
0.000875,77.0269
0.00090625,75.9046
0.0009375,74.8389
0.00096875,73.82518
0.001,72.85937
0.00103125,71.93779
0.0010625,71.05718
0.00109375,70.21458
0.001125,69.40734
0.00115625,68.63305
0.0011875,67.88953
0.00121875,67.1748
0.00125,66.48703
0.00128125,65.82459
0.0013125,65.18594
0.00134375,64.56971
0.001375,63.97461
0.0014375,62.84315
0.0015,61.78317
0.0015625,60.78745
0.001625,59.84973
0.0016875,58.96461
0.00175,58.12734
0.0018125,57.33375
0.001875,56.58019
0.0019375,55.86339
0.002,55.18045
0.00209375,54.21397
0.0021875,53.31031
0.00228125,52.46294
0.002375,51.66625
0.00246875,50.91539
0.0025625,50.20612
0.00265625,49.53474
0.00275,48.89799
0.00284375,48.29299
0.0029375,47.71719
0.00303125,47.16831
0.003125,46.64433
0.00321875,46.1434
0.0033125,45.6639
0.00340625,45.20433
0.0035,44.76335
0.00359375,44.33974
0.0036875,43.93239
0.00378125,43.54028
0.003875,43.1625
0.00396875,42.79817
0.0040625,42.44654
0.00425,41.7785
0.0044375,41.15326
0.004625,40.56644
0.0048125,40.01426
0.005,39.49343
0.00515625,39.08129
0.0053125,38.68747
0.00546875,38.31065
0.005625,37.94964
0.00578125,37.60337
0.0059375,37.27086
0.00609375,36.95122
0.00625,36.64365
0.00640625,36.34739
0.0065625,36.06178
0.00671875,35.7862
0.006875,35.52006
0.0071875,35.01406
0.0075,34.54002
0.0078125,34.09472
0.008125,33.67537
0.0084375,33.27953
0.00875,32.90509
0.0090625,32.55019
0.009375,32.21319
0.0096875,31.89262
0.01,31.58721
0.0103125,31.29578
0.010625,31.01731
0.0109375,30.75086
0.01125,30.49559
0.0115625,30.25074
0.011875,30.01562
0.0121875,29.7896
0.0125,29.57211
0.0128125,29.36263
0.013125,29.16067
0.0134375,28.9658
0.01375,28.77761
0.014375,28.41982
0.015,28.08463
0.015625,27.76975
0.01625,27.47322
0.016875,27.19332
0.0175,26.92856
0.018125,26.6776
0.01875,26.43931
0.019375,26.21263
0.02,25.99667
0.0206625,25.77854
0.021325,25.57065
0.0219875,25.37223
0.02265,25.18258
0.0233125,25.00107
0.023975,24.82714
0.0246375,24.66027
0.0253,24.5
0.02607188,24.32102
0.02684375,24.14983
0.02761563,23.98586
0.0283875,23.82862
0.02915938,23.67767
0.02993125,23.5326
0.03070313,23.39303
0.031475,23.25863
0.03224688,23.12909
0.03301875,23.00411
0.0345625,22.76684
0.03610625,22.54495
0.03765,22.33685
0.03919375,22.14118
0.0407375,21.95673
0.04228125,21.78248
0.043825,21.61752
0.04536875,21.46105
0.0469125,21.31237
0.04845625,21.17086
0.05,21.03595
0.0515625,20.90562
0.053125,20.78108
0.0546875,20.66191
0.05625,20.54775
0.0578125,20.43825
0.059375,20.3331
0.0609375,20.23202
0.0625,20.13476
0.0640625,20.04107
0.065625,19.95075
0.0671875,19.8636
0.06875,19.77944
0.071875,19.61943
0.075,19.46953
0.078125,19.32871
0.08125,19.19609
0.084375,19.07092
0.0875,18.95251
0.090625,18.84028
0.09375,18.73371
0.096875,18.63234
0.1,18.53576
0.103125,18.4436
0.10625,18.35554
0.109375,18.27128
0.1125,18.19056
0.115625,18.11313
0.11875,18.03878
0.121875,17.9673
0.125,17.89853
0.128125,17.83228
0.13125,17.76842
0.134375,17.7068
0.1375,17.64729
0.14375,17.53414
0.15,17.42814
0.15625,17.32857
0.1625,17.2348
0.16875,17.14629
0.175,17.06256
0.18125,16.98321
0.1875,16.90785
0.19375,16.83617
0.2,16.76788
0.209375,16.67123
0.21875,16.58087
0.228125,16.49613
0.2375,16.41646
0.246875,16.34138
0.25625,16.27045
0.265625,16.20331
0.275,16.13964
0.284375,16.07914
0.29375,16.02156
0.303125,15.96667
0.3125,15.91428
0.321875,15.86419
0.33125,15.81624
0.340625,15.77028
0.35,15.72618
0.359375,15.68382
0.36875,15.64309
0.378125,15.60388
0.3875,15.5661
0.396875,15.52967
0.40625,15.49451
0.425,15.4277
0.44375,15.36518
0.4625,15.3065
0.48125,15.25128
0.5,15.1992
0.53125,15.11861
0.5625,15.04483
0.59375,14.97695
0.625,14.91423
0.65625,14.85605
0.6875,14.80188
0.71875,14.75128
0.75,14.70388
0.78125,14.65935
0.8125,14.61741
0.84375,14.57783
0.875,14.54039
0.9375,14.4712
1.0,14.4086
1.0625,14.35162
1.125,14.29944
1.1875,14.25145
1.25,14.2071
1.3125,14.16596
1.375,14.12765
1.4375,14.09188
1.5,14.05836
1.5625,14.02687
1.625,13.99722
1.6875,13.96923
1.75,13.94276
1.875,13.89383
2.0,13.84957
2.09375,13.81901
2.1875,13.79043
2.28125,13.76364
2.375,13.73845
2.46875,13.7147
2.5625,13.69228
2.65625,13.67105
2.75,13.65091
2.9375,13.61357
3.125,13.57965
3.3125,13.54865
3.5,13.52017
3.6875,13.49389
3.875,13.46955
4.0625,13.44691
4.25,13.42579
4.4375,13.40602
4.625,13.38746
4.8125,13.37
5.0,13.35353
5.3125,13.32805
5.625,13.30471
5.9375,13.28325
6.25,13.26342
6.5625,13.24502
6.875,13.22789
7.1875,13.21189
7.5,13.1969
7.8125,13.18282
8.125,13.16956
8.4375,13.15704
8.75,13.1452
9.375,13.12332
10.0,13.10353
10.625,13.08551
11.25,13.06901
11.875,13.05384
12.5,13.03981
13.125,13.0268
13.75,13.01469
14.375,13.00338
15.0,12.99278
15.625,12.98282
16.25,12.97344
16.875,12.96459
17.5,12.95622
18.75,12.94075
20.0,12.92676
20.78125,12.91866
21.5625,12.911
23.125,12.89687
24.6875,12.88411
26.25,12.8725
27.8125,12.86189
29.375,12.85213
30.9375,12.84312
32.5,12.83477
34.0625,12.827
35.625,12.81975
37.1875,12.81296
38.75,12.80659
40.3125,12.80059
41.875,12.79493
43.4375,12.78957
44.99999,12.7845
45.00001,112.3187
47.50001,109.697
50.0,107.2761
53.125,104.495
56.25,101.9501
59.375,99.6092
62.5,97.44628
65.625,95.43958
68.75,93.57094
71.875,91.82503
75.0,90.18881
78.125,88.65108
81.25,87.20224
84.375,85.83389
87.5,84.53876
93.75,82.14326
100.0,79.973
106.25,78.04507
112.5,76.27735
118.75,74.6484
125.0,73.14062
131.25,71.73942
137.5,70.43256
143.75,69.20967
150.0,68.06196
156.25,66.98185
162.5,65.9628
168.75,64.99914
175.0,64.08593
187.5,62.39388
200.0,60.85753
209.375,59.79341
218.75,58.79583
228.125,57.85797
237.5,56.97393
246.875,56.13863
256.25,55.34765
275.0,53.88348
293.75,52.55553
312.5,51.34338
331.25,50.23067
350.0,49.20416
368.75,48.25296
387.5,47.36803
406.25,46.54182
425.0,45.76789
443.75,45.04081
462.5,44.35589
481.25,43.70908
500.0,43.09687
531.25,42.14521
562.5,41.26924
593.75,40.45912
625.0,39.70673
656.25,39.00534
687.5,38.34923
718.75,37.7336
750.0,37.15429
781.25,36.60777
812.5,36.09094
843.75,35.60113
875.0,35.13597
937.5,34.27158
1000.0,33.48387
1062.5,32.95532
1125.0,32.46515
1187.5,32.00866
1250.0,31.58192
1312.5,31.18164
1375.0,30.80501
1500.0,30.11351
1625.0,29.49195
1750.0,28.92862
1875.0,28.41442
2000.0,27.94218
2187.5,27.3002
2375.0,26.72475
2562.5,26.20443
2750.0,25.73043
2937.5,25.29587
3125.0,24.89521
3312.5,24.52401
3500.0,24.17858
3687.5,23.85591
3875.0,23.55341
4062.5,23.26895
4250.0,23.00069
4625.0,22.50663
5000.0,22.06094
5312.5,21.72073
5625.0,21.40499
5937.5,21.11072
6250.0,20.83545
6562.5,20.57708
6875.0,20.33384
7500.0,19.88686
8125.0,19.4847
8750.0,19.11987
9375.0,18.7866
10000.0,18.48029
10625.0,18.2711
11250.0,18.07612
12500.0,17.72234
13750.0,17.40848
15000.0,17.12697
16250.0,16.87217
17500.0,16.63975
18750.0,16.42636
20000.0,16.22929
22500.0,15.89972
25000.0,15.61076
27500.0,15.35401
30000.0,15.12341
32500.0,14.91443
35000.0,14.72357
37500.0,14.54814
40000.0,14.38599
45000.0,14.08127
50000.0,13.81419
57500.0,13.46773
65000.0,13.17099
72500.0,12.91223
80000.0,12.68334
84780.0,12.53991
85017.82,12.53254
85255.63,12.52521
85731.25,12.51065
86682.5,12.48194
87633.75,12.45375
88585.0,12.42607
89536.25,12.39886
90487.5,12.37215
92390.0,12.32007
94292.5,12.26971
96195.0,12.22099
98097.5,12.17379
100000.0,12.12805
103125.0,12.03788
106250.0,11.95133
109375.0,11.86815
112500.0,11.78811
118750.0,11.63669
125000.0,11.49569
131250.0,11.3639
137500.0,11.24034
143750.0,11.12415
150000.0,11.01461
156250.0,10.91109
162500.0,10.81303
175000.0,10.63145
187500.0,10.46667
200000.0,10.31618
216973.0,10.09456
217519.2,10.08721
218065.4,10.0799
219157.8,10.06538
221342.5,10.03675
223527.3,10.00864
225712.0,9.981048
230081.5,9.927339
234451.0,9.875523
238820.5,9.825503
243190.0,9.777194
247559.5,9.730509
251929.0,9.685373
251929.3,9.68537
252550.9,9.678333
253172.4,9.671323
254415.5,9.657383
256901.6,9.62982
259387.7,9.602668
261873.8,9.575919
266846.2,9.523587
271818.5,9.472754
276790.9,9.42335
281763.3,9.375312
286735.7,9.328581
291708.0,9.2831
292554.1,9.274599
293400.1,9.266138
295092.2,9.249326
298476.3,9.216146
301860.4,9.183543
305244.5,9.151502
308628.7,9.120004
312012.8,9.089038
318781.0,9.028639
325549.3,8.970197
332317.5,8.91361
339085.8,8.858785
345854.0,8.805636
359390.5,8.704043
372927.0,8.608242
386463.5,8.517717
400000.0,8.432016
417525.0,8.319951
435050.0,8.214909
436500.3,8.206389
437950.5,8.197913
440851.0,8.181088
443751.5,8.164432
446652.0,8.147941
452453.0,8.115449
458254.0,8.083588
464055.0,8.052341
469856.0,8.021687
481458.0,7.962089
482702.4,7.956417
483946.7,7.950767
486435.3,7.939531
491412.5,7.917312
496389.7,7.895422
501366.9,7.873855
511321.4,7.831652
521275.8,7.790647
531230.3,7.750782
541184.7,7.712008
551139.1,7.674274
561093.5,7.637537
581002.4,7.566879
600911.3,7.499722
620820.2,7.435788
640729.0,7.37483
660637.9,7.316623
680546.8,7.26097
700455.7,7.20769
720364.5,7.156621
760182.3,7.060541
800000.0,6.971701
815053.3,6.95171
830106.5,6.932234
845159.8,6.913252
860213.0,6.894743
890319.5,6.859069
920426.0,6.825068
923514.9,6.822723
926603.7,6.820391
932781.3,6.815763
938958.9,6.811186
945136.5,6.806657
957491.8,6.797741
969847.0,6.789012
973262.4,6.787119
976677.8,6.785238
983508.5,6.781513
990339.3,6.777834
997170.0,6.774202
1000000.0,6.772872
1007218.0,6.770268
1014435.0,6.7677
1028870.0,6.762673
1043305.0,6.757783
1057740.0,6.753026
1057742.0,6.753023
1060065.0,6.752634
1062388.0,6.752248
1067034.0,6.751485
1076325.0,6.749998
1085618.0,6.748561
1094910.0,6.74717
1097958.0,6.747356
1101006.0,6.747542
1107102.0,6.747919
1119293.0,6.748682
1131484.0,6.749462
1143675.0,6.750254
1155867.0,6.75106
1168058.0,6.751878
1192440.0,6.753554
1192446.0,6.753551
1194849.0,6.754918
1197251.0,6.756282
1202056.0,6.759003
1211666.0,6.764412
1221276.0,6.769782
1230885.0,6.775111
1250108.0,6.785652
1269330.0,6.79604
1288553.0,6.806279
1307775.0,6.816373
1346220.0,6.836143
1384665.0,6.855381
1423110.0,6.874115
1461555.0,6.892372
1500000.0,6.910176
1531250.0,6.938061
1562500.0,6.965389
1593750.0,6.992183
1625000.0,7.018463
1687500.0,7.069559
1750000.0,7.118817
1812500.0,7.166369
1875000.0,7.212328
1937500.0,7.256797
2000000.0,7.299872
2062500.0,7.331261
2125000.0,7.361838
2187500.0,7.391644
2250000.0,7.420715
2312500.0,7.449084
2375000.0,7.476784
2437500.0,7.503842
2500000.0,7.530289
2562500.0,7.556151
2625000.0,7.58145
2687500.0,7.606211
2750000.0,7.630457
2812500.0,7.654208
2875000.0,7.677483
2937500.0,7.700299
3000000.0,7.722676
3062500.0,7.712979
3125000.0,7.703589
3187500.0,7.694484
3250000.0,7.685646
3312500.0,7.677061
3375000.0,7.668713
3437500.0,7.660586
3500000.0,7.652671
3562500.0,7.644954
3625000.0,7.637425
3687500.0,7.630075
3750000.0,7.622896
3812500.0,7.615878
3875000.0,7.609014
3937500.0,7.602298
4000000.0,7.595723
4031250.0,7.578206
4062500.0,7.560903
4093750.0,7.543812
4125000.0,7.526926
4156250.0,7.510242
4187500.0,7.493756
4218750.0,7.477464
4250000.0,7.461359
4281250.0,7.445441
4312500.0,7.429706
4375000.0,7.398766
4437500.0,7.368513
4500000.0,7.33892
4562500.0,7.309962
4625000.0,7.281616
4687500.0,7.253863
4750000.0,7.226678
4812500.0,7.200044
4875000.0,7.173942
4937500.0,7.148354
5000000.0,7.123262
5062500.0,7.098652
5125000.0,7.074506
5187500.0,7.050812
5250000.0,7.027554
5312500.0,7.00472
5375000.0,6.982295
5437500.0,6.96027
5500000.0,6.938631
5562500.0,6.917368
5625000.0,6.896469
5687500.0,6.875923
5750000.0,6.855724
5812500.0,6.835858
5875000.0,6.816318
5937500.0,6.797095
5968750.0,6.787599
6000000.0,6.77818
6065338.0,6.752079
6130675.0,6.726477
6196013.0,6.701356
6261350.0,6.676705
6326688.0,6.652509
6392025.0,6.628757
6457363.0,6.605434
6522700.0,6.58253
6522728.0,6.582477
6568891.0,6.560269
6615053.0,6.538753
6661215.0,6.517914
6707377.0,6.497742
6753539.0,6.478229
6799701.0,6.459362
6845863.0,6.441134
6892025.0,6.423535
6938191.0,6.406552
6984357.0,6.390181
7030523.0,6.374411
7076688.0,6.359234
7122854.0,6.34464
7169019.0,6.330623
7215185.0,6.317173
7261350.0,6.304283
7307516.0,6.291946
7353682.0,6.280152
7399848.0,6.268896
7446013.0,6.258169
7492179.0,6.247966
7538344.0,6.238277
7584510.0,6.229098
7630675.0,6.22042
7676841.0,6.212238
7723007.0,6.204544
7769173.0,6.197332
7815338.0,6.190598
7861504.0,6.184333
7907669.0,6.178533
7953835.0,6.173191
8000000.0,6.1683
8062500.0,6.156269
8125000.0,6.144559
8187500.0,6.133166
8250000.0,6.122085
8312500.0,6.11131
8375000.0,6.100837
8437500.0,6.090661
8500000.0,6.080774
8562500.0,6.071177
8625000.0,6.06186
8687500.0,6.052821
8750000.0,6.044055
8812500.0,6.035559
8875000.0,6.027327
8937500.0,6.019355
9000000.0,6.011641
9125000.0,6.002886
9250000.0,5.994411
9375000.0,5.98621
9500000.0,5.978274
9625000.0,5.970595
9750000.0,5.963166
9875000.0,5.95598
10000000.0,5.94903
10250000.0,5.949955
10500000.0,5.950793
10625000.0,5.951182
10750000.0,5.951549
10875000.0,5.951897
11000000.0,5.952226
11173710.0,5.959422
11347420.0,5.966399
11521130.0,5.973161
11694830.0,5.979717
11695000.0,5.979726
11847500.0,5.987095
12000000.0,5.994334
12250000.0,6.011238
12500000.0,6.027691
12750000.0,6.043708
12875000.0,6.051559
13000000.0,6.059307
13250000.0,6.078182
13500000.0,6.096654
13750000.0,6.116451
14000000.0,6.135875
14250000.0,6.156515
14500000.0,6.176828
14750000.0,6.196824
14875000.0,6.206708
15000000.0,6.216515
15250000.0,6.236091
15500000.0,6.255433
15750000.0,6.274549
16000000.0,6.293444
16250000.0,6.310019
16500000.0,6.326405
16750000.0,6.342606
17000000.0,6.358629
17250000.0,6.374478
17500000.0,6.390158
17750000.0,6.405672
17875000.0,6.413369
18000000.0,6.421026
18441770.0,6.426312
18831330.0,6.447591
19220890.0,6.468291
19415670.0,6.47843
19610450.0,6.488434
19805230.0,6.498304
20000000.0,6.508042
