1e-05,5042.4
1.03125e-05,4965.601
1.0625e-05,4892.216
1.09375e-05,4821.999
1.125e-05,4754.728
1.15625e-05,4690.203
1.1875e-05,4628.243
1.21875e-05,4568.681
1.25e-05,4511.366
1.28125e-05,4456.162
1.3125e-05,4402.941
1.34375e-05,4351.588
1.375e-05,4301.995
1.4375e-05,4207.707
1.5e-05,4119.374
1.5625e-05,4036.396
1.625e-05,3958.252
1.6875e-05,3884.491
1.75e-05,3814.718
1.8125e-05,3748.585
1.875e-05,3685.787
1.9375e-05,3626.053
2e-05,3569.142
2.09375e-05,3488.601
2.1875e-05,3413.295
2.28125e-05,3342.68
2.375e-05,3276.289
2.46875e-05,3213.716
2.5625e-05,3154.609
2.65625e-05,3098.66
2.75e-05,3045.597
2.84375e-05,2995.18
2.9375e-05,2947.196
3.03125e-05,2901.456
3.125e-05,2857.79
3.21875e-05,2816.046
3.3125e-05,2776.087
3.40625e-05,2737.789
3.5e-05,2701.04
3.59375e-05,2665.739
3.6875e-05,2631.793
3.78125e-05,2599.117
3.875e-05,2567.635
3.96875e-05,2537.274
4.0625e-05,2507.971
4.25e-05,2452.3
4.4375e-05,2400.197
4.625e-05,2351.294
4.8125e-05,2305.279
5e-05,2261.876
5.15625e-05,2227.531
5.3125e-05,2194.712
5.46875e-05,2163.31
5.625e-05,2133.226
5.78125e-05,2104.37
5.9375e-05,2076.66
6.09375e-05,2050.023
6.25e-05,2024.392
6.40625e-05,1999.704
6.5625e-05,1975.903
6.71875e-05,1952.937
6.875e-05,1930.758
7.1875e-05,1888.591
7.5e-05,1849.088
7.8125e-05,1811.979
8.125e-05,1777.032
8.4375e-05,1744.046
8.75e-05,1712.842
9.0625e-05,1683.267
9.375e-05,1655.183
9.6875e-05,1628.469
0.0001,1603.017
0.000103125,1578.732
0.00010625,1555.525
0.000109375,1533.321
0.0001125,1512.048
0.000115625,1491.644
0.00011875,1472.05
0.000121875,1453.215
0.000125,1435.091
0.000128125,1417.634
0.00013125,1400.804
0.000134375,1384.565
0.0001375,1368.882
0.00014375,1339.065
0.00015,1311.132
0.00015625,1284.893
0.0001625,1260.182
0.00016875,1236.856
0.000175,1214.792
0.00018125,1193.879
0.0001875,1174.021
0.00019375,1155.132
0.0002,1137.135
0.000209375,1111.665
0.00021875,1087.852
0.000228125,1065.521
0.0002375,1044.527
0.000246875,1024.74
0.00025625,1006.049
0.000265625,988.3561
0.000275,971.5761
0.000284375,955.633
0.00029375,940.4593
0.000303125,925.9951
0.0003125,912.1867
0.000321875,898.9861
0.00033125,886.35
0.000340625,874.2392
0.00035,862.6183
0.000359375,851.4552
0.00036875,840.7205
0.000378125,830.3876
0.0003875,820.4319
0.000396875,810.8312
0.00040625,801.5647
0.000425,783.9602
0.00044375,767.4836
0.0004625,752.0195
0.00048125,737.4681
0.0005,723.7431
0.000515625,712.8822
0.00053125,702.5041
0.000546875,692.574
0.0005625,683.0605
0.000578125,673.9354
0.00059375,665.1729
0.000609375,656.7497
0.000625,648.6443
0.000640625,640.8373
0.00065625,633.3108
0.000671875,626.0484
0.0006875,619.035
0.00071875,605.7007
0.00075,593.2087
0.00078125,581.4739
0.0008125,570.4228
0.00084375,559.9915
0.000875,550.1242
0.00090625,540.7717
0.0009375,531.8908
0.00096875,523.4432
0.001,515.3947
0.00103125,507.7149
0.0010625,500.3765
0.00109375,493.3549
0.001125,486.6279
0.00115625,480.1755
0.0011875,473.9795
0.00121875,468.0233
0.00125,462.2919
0.00128125,456.7716
0.0013125,451.4495
0.00134375,446.3143
0.001375,441.355
0.0014375,431.9263
0.0015,423.0931
0.0015625,414.7954
0.001625,406.9811
0.0016875,399.6051
0.00175,392.6278
0.0018125,386.0146
0.001875,379.7349
0.0019375,373.7615
0.002,368.0704
0.00209375,360.0164
0.0021875,352.4859
0.00228125,345.4245
0.002375,338.7854
0.00246875,332.5282
0.0025625,326.6177
0.00265625,321.0228
0.00275,315.7165
0.00284375,310.6749
0.0029375,305.8766
0.00303125,301.3026
0.003125,296.9361
0.00321875,292.7617
0.0033125,288.7658
0.00340625,284.9361
0.0035,281.2612
0.00359375,277.7312
0.0036875,274.3366
0.00378125,271.069
0.003875,267.9208
0.00396875,264.8848
0.0040625,261.9545
0.00425,256.3875
0.0044375,251.1772
0.004625,246.287
0.0048125,241.6855
0.005,237.3453
0.00515625,233.9108
0.0053125,230.6289
0.00546875,227.4888
0.005625,224.4804
0.00578125,221.5948
0.0059375,218.8239
0.00609375,216.1602
0.00625,213.5971
0.00640625,211.1283
0.0065625,208.7482
0.00671875,206.4516
0.006875,204.2338
0.0071875,200.0172
0.0075,196.0669
0.0078125,192.356
0.008125,188.8614
0.0084375,185.5627
0.00875,182.4424
0.0090625,179.4849
0.009375,176.6766
0.0096875,174.0052
0.01,171.4601
0.0103125,169.0315
0.010625,166.7109
0.0109375,164.4905
0.01125,162.3632
0.0115625,160.3228
0.011875,158.3635
0.0121875,156.48
0.0125,154.6676
0.0128125,152.9219
0.013125,151.2389
0.0134375,149.615
0.01375,148.0468
0.014375,145.0652
0.015,142.2719
0.015625,139.6479
0.01625,137.1768
0.016875,134.8444
0.0175,132.638
0.018125,130.5467
0.01875,128.5609
0.019375,126.672
0.02,124.8723
0.0206625,123.0545
0.021325,121.3221
0.0219875,119.6686
0.02265,118.0881
0.0233125,116.5756
0.023975,115.1261
0.0246375,113.7356
0.0253,112.4
0.02607188,110.9047
0.02684375,109.4745
0.02761563,108.1047
0.0283875,106.7913
0.02915938,105.5303
0.02993125,104.3185
0.03070313,103.1528
0.031475,102.0302
0.03224688,100.9482
0.03301875,99.90438
0.0345625,97.92277
0.03610625,96.06976
0.03765,94.33201
0.03919375,92.69805
0.0407375,91.15796
0.04228125,89.70307
0.043825,88.32582
0.04536875,87.01953
0.0469125,85.77832
0.04845625,84.59696
0.05,83.47078
0.0515625,82.38287
0.053125,81.34336
0.0546875,80.34876
0.05625,79.39593
0.0578125,78.48203
0.059375,77.60447
0.0609375,76.76092
0.0625,75.94922
0.0640625,75.16744
0.065625,74.41376
0.0671875,73.68656
0.06875,72.98431
0.071875,71.6492
0.075,70.39851
0.078125,69.22369
0.08125,68.11737
0.084375,67.07315
0.0875,66.08544
0.090625,65.1493
0.09375,64.26041
0.096875,63.41493
0.1,62.60942
0.103125,61.84084
0.10625,61.10646
0.109375,60.4038
0.1125,59.73066
0.115625,59.08501
0.11875,58.46504
0.121875,57.8691
0.125,57.29566
0.128125,56.74335
0.13125,56.2109
0.134375,55.69715
0.1375,55.20104
0.14375,54.25782
0.15,53.37424
0.15625,52.54427
0.1625,51.76269
0.16875,51.02498
0.175,50.32719
0.18125,49.66583
0.1875,49.03786
0.19375,48.44055
0.2,47.87148
0.209375,47.06619
0.21875,46.31328
0.228125,45.60731
0.2375,44.9436
0.246875,44.3181
0.25625,43.72728
0.265625,43.16804
0.275,42.63768
0.284375,42.13378
0.29375,41.65423
0.303125,41.19711
0.3125,40.76075
0.321875,40.3436
0.33125,39.94431
0.340625,39.56163
0.35,39.19444
0.359375,38.84173
0.36875,38.50257
0.378125,38.17612
0.3875,37.86159
0.396875,37.55828
0.40625,37.26555
0.425,36.70943
0.44375,36.18898
0.4625,35.70053
0.48125,35.24093
0.5,34.80746
0.53125,34.13672
0.5625,33.52272
0.59375,32.95791
0.625,32.43603
0.65625,31.95193
0.6875,31.50124
0.71875,31.08031
0.75,30.68598
0.78125,30.31558
0.8125,29.96678
0.84375,29.63755
0.875,29.32614
0.9375,28.75074
1.0,28.23021
1.0625,27.75635
1.125,27.32258
1.1875,26.92356
1.25,26.55487
1.3125,26.21286
1.375,25.89447
1.4375,25.59709
1.5,25.31851
1.5625,25.05683
1.625,24.81041
1.6875,24.57783
1.75,24.35782
1.875,23.95132
2.0,23.58358
2.125,23.24881
2.25,22.94237
2.375,22.66047
2.499999,22.4
2.500001,418.0883
2.656251,405.7935
2.812501,394.5763
2.968751,384.2896
3.125001,374.8131
3.281251,366.0466
3.437501,357.9066
3.750001,343.2352
4.062501,330.3506
4.375001,318.9203
4.687501,308.6925
5.0,299.4719
5.3125,291.1049
5.625,283.4686
5.9375,276.4633
6.25,270.0076
6.5625,264.0336
6.875,258.4848
7.5,248.4793
8.125,239.687
8.75,231.883
9.375,224.896
10.0,218.594
10.625,211.928
11.25,205.8625
11.875,200.3142
12.5,195.2146
13.125,190.5074
13.75,186.1456
14.375,182.0896
15.0,178.3058
16.25,171.4444
17.5,165.3763
18.75,159.9616
20.0,155.0925
20.9375,151.747
21.875,148.6314
23.75,142.9938
25.625,138.0204
27.5,133.5917
29.375,129.6161
31.25,126.0221
33.125,122.7529
35.0,119.7629
36.875,117.0149
38.75,114.4781
40.625,112.1271
42.5,109.9404
46.25,105.9901
50.0,102.5114
53.125,99.90976
56.25,97.53644
59.375,95.36008
62.5,93.35501
65.625,91.49994
68.75,89.77715
71.875,88.17168
75.0,86.67082
81.25,83.94102
87.5,81.51745
93.75,79.34691
100.0,77.3882
106.25,75.33016
112.5,73.45688
118.75,71.74253
125.0,70.16602
131.25,68.70997
137.5,67.35989
143.75,66.10362
150.0,64.93082
156.25,63.83271
162.5,62.80171
175.0,60.91573
187.5,59.23003
200.0,57.71156
209.375,56.66665
218.75,55.69221
228.125,54.78065
237.5,53.92548
256.25,52.36266
275.0,50.96722
293.75,49.71118
312.5,48.57263
331.25,47.53423
350.0,46.582
368.75,45.70457
387.5,44.89252
406.25,44.13804
425.0,43.43456
443.75,42.77652
462.5,42.15916
500.0,41.0307
531.25,40.1832
562.5,39.40721
593.75,38.69305
625.0,38.0328
656.25,37.41986
687.5,36.84874
718.75,36.31478
750.0,35.81402
781.25,35.34311
812.5,34.89912
875.0,34.08206
937.5,33.34618
1000.0,32.67856
1062.5,32.11013
1125.0,31.58769
1187.5,31.10513
1250.0,30.65747
1312.5,30.24054
1375.0,29.85086
1437.5,29.48548
1500.0,29.14187
1625.0,28.51161
1750.0,27.946
1875.0,27.43428
2000.0,26.96807
2093.75,26.64423
2187.5,26.33992
2281.25,26.05316
2375.0,25.78225
2562.5,25.28225
2750.0,24.83022
2937.5,24.41858
3125.0,24.04138
3312.5,23.69385
3500.0,23.3721
3687.5,23.07293
3875.0,22.79367
4062.5,22.53209
4250.0,22.28631
4437.5,22.0547
4625.0,21.83588
5000.0,21.43195
5312.5,21.1251
5625.0,20.84141
5937.5,20.57797
6250.0,20.33231
6562.5,20.10242
6875.0,19.88655
7187.5,19.68328
7500.0,19.49131
8125.0,19.13721
8750.0,18.81713
9375.0,18.52566
10000.0,18.2585
10625.0,18.05542
11250.0,17.86656
11875.0,17.69019
12500.0,17.52488
13750.0,17.2228
15000.0,16.95266
16250.0,16.70879
17500.0,16.48685
18750.0,16.28348
20000.0,16.09603
21378.48,15.91402
22756.95,15.74562
24135.43,15.58907
25513.9,15.4429
25570.49,15.43687
25627.08,15.43085
25740.25,15.41889
25966.6,15.39517
26192.95,15.37174
26419.29,15.34858
26871.98,15.30311
27324.67,15.25869
27777.36,15.21529
28230.05,15.17287
28682.74,15.13139
29135.43,15.09081
30040.81,15.01224
30946.19,14.93689
31851.57,14.86458
32756.95,14.79507
33662.34,14.72819
34567.72,14.66377
36378.48,14.54172
38189.24,14.42785
40000.0,14.32124
42991.9,14.14789
43101.41,14.14106
43210.91,14.13426
43429.91,14.12071
43867.92,14.09394
44305.93,14.06752
44743.93,14.04147
45619.94,13.99043
46495.95,13.94075
47371.97,13.89236
48247.98,13.84522
49123.99,13.79926
50000.0,13.75444
51875.0,13.66209
53750.0,13.57431
55625.0,13.49071
57500.0,13.41096
59375.0,13.33477
61250.0,13.26186
63125.0,13.192
65000.0,13.12499
68750.0,12.99872
72500.0,12.88169
76250.0,12.77282
80000.0,12.67114
85000.0,12.52076
90000.0,12.38113
95000.0,12.25095
100000.0,12.12912
101051.0,12.10347
101396.3,12.09489
101741.6,12.08635
102432.2,12.06937
103122.8,12.05255
103813.3,12.03588
105194.4,12.00297
106575.5,11.97061
107956.7,11.9388
109337.8,11.90752
112100.0,11.84649
112100.3,11.84648
112400.9,11.83933
112701.4,11.83219
113302.5,11.81801
114504.7,11.78994
115706.9,11.76227
116909.0,11.73497
119313.5,11.68149
121718.0,11.62943
124122.5,11.57873
126527.0,11.52934
128931.5,11.48118
131336.0,11.43421
136145.0,11.34362
140954.0,11.25722
145763.0,11.17467
150572.0,11.09568
151041.3,11.08712
151510.6,11.0786
152449.2,11.06169
153387.8,11.04492
154326.3,11.02832
156203.4,10.99556
158080.5,10.96338
159957.7,10.93177
161834.8,10.90072
165589.0,10.84022
169343.3,10.78174
173097.5,10.72518
176851.8,10.67045
180606.0,10.61744
181212.1,10.60821
181818.2,10.59904
183030.3,10.58083
184242.4,10.56281
185454.5,10.54498
187878.8,10.50986
190303.0,10.47546
192727.3,10.44174
195151.5,10.40868
200000.0,10.34449
203910.0,10.29233
204676.0,10.28044
205442.0,10.26862
206974.0,10.24516
208506.0,10.22196
210037.9,10.19901
213101.8,10.15383
216165.7,10.1096
219229.6,10.06627
222293.5,10.02383
228421.3,9.941465
234549.1,9.862285
240676.9,9.786089
246804.7,9.712694
252932.5,9.641933
259060.4,9.573649
265188.2,9.507706
277443.8,9.382321
289699.4,9.26485
301955.0,9.154493
314210.7,9.050562
326466.3,8.95246
338721.9,8.859661
350977.5,8.771706
375488.8,8.608753
400000.0,8.460872
412500.0,8.383458
425000.0,8.30949
437500.0,8.238721
450000.0,8.17093
475000.0,8.043496
500000.0,7.925788
525000.0,7.81664
550000.0,7.715078
575000.0,7.62027
600000.0,7.531509
625000.0,7.448188
650000.0,7.369781
700000.0,7.225936
750000.0,7.096951
800000.0,6.980472
850000.0,6.922574
900000.0,6.869508
950000.0,6.820645
1000000.0,6.775472
1062500.0,6.794764
1125000.0,6.813156
1187500.0,6.830731
1250000.0,6.847565
1312500.0,6.863718
1375000.0,6.879248
1437500.0,6.894201
1500000.0,6.908622
1562500.0,6.963636
1625000.0,7.016699
1687500.0,7.067949
1750000.0,7.117506
1812500.0,7.165483
1875000.0,7.211976
1937500.0,7.257079
2000000.0,7.300873
2062500.0,7.332201
2125000.0,7.36286
2187500.0,7.392871
2250000.0,7.422257
2312500.0,7.451036
2375000.0,7.479231
2437500.0,7.506861
2500000.0,7.533945
2562500.0,7.560503
2625000.0,7.586553
2687500.0,7.612112
2750000.0,7.637198
2812500.0,7.661827
2875000.0,7.686014
2937500.0,7.709775
3000000.0,7.733124
3031250.0,7.728756
3062500.0,7.724459
3093750.0,7.720228
3125000.0,7.716062
3156250.0,7.711957
3187500.0,7.707913
3218750.0,7.703927
3250000.0,7.699998
3312500.0,7.692299
3375000.0,7.684805
3437500.0,7.677505
3500000.0,7.670382
3562500.0,7.663433
3625000.0,7.656646
3687500.0,7.650011
3750000.0,7.643522
3812500.0,7.637172
3875000.0,7.630955
3937500.0,7.624864
4000000.0,7.618892
4057457.0,7.593987
4114913.0,7.569588
4172369.0,7.545675
4229825.0,7.522228
4287282.0,7.499235
4344738.0,7.476677
4402194.0,7.454541
4459650.0,7.432812
4517107.0,7.411476
4574563.0,7.390522
4632019.0,7.369939
4689475.0,7.349712
4746932.0,7.329833
4804388.0,7.310291
4861844.0,7.291074
4919300.0,7.272175
4919344.0,7.272071
4953111.0,7.249348
4986877.0,7.227242
5020644.0,7.205744
5054410.0,7.184848
5088177.0,7.164539
5121943.0,7.144812
5155709.0,7.125657
5189475.0,7.107066
5223247.0,7.089027
5257019.0,7.071536
5290791.0,7.054583
5324563.0,7.038162
5358335.0,7.022268
5392107.0,7.006889
5425879.0,6.992019
5459650.0,6.977653
5493422.0,6.963782
5527194.0,6.9504
5560966.0,6.937501
5594738.0,6.925077
5628510.0,6.913124
5662282.0,6.901633
5696054.0,6.8906
5729825.0,6.880018
5763597.0,6.86988
5797369.0,6.860185
5831141.0,6.850922
5864913.0,6.842088
5898685.0,6.833677
5932457.0,6.825684
5966229.0,6.818103
6000000.0,6.810931
6031250.0,6.79668
6062500.0,6.782615
6093750.0,6.76873
6125000.0,6.755026
6156250.0,6.741496
6187500.0,6.728144
6218750.0,6.714962
6250000.0,6.701953
6281250.0,6.68911
6312500.0,6.676434
6343750.0,6.663923
6375000.0,6.651574
6406250.0,6.639387
6437500.0,6.627357
6468750.0,6.615485
6500000.0,6.603766
6531250.0,6.592201
6562500.0,6.580788
6593750.0,6.569524
6625000.0,6.558409
6656250.0,6.547439
6687500.0,6.536614
6718750.0,6.525932
6750000.0,6.515391
6781250.0,6.504989
6812500.0,6.494726
6843750.0,6.484601
6875000.0,6.474608
6906250.0,6.464752
6937500.0,6.455026
6968750.0,6.445432
7000000.0,6.435967
7031250.0,6.426629
7062500.0,6.417419
7093750.0,6.408333
7125000.0,6.399372
7156250.0,6.390533
7187500.0,6.381817
7218750.0,6.373218
7250000.0,6.36474
7281250.0,6.356379
7312500.0,6.348134
7343750.0,6.340005
7375000.0,6.331989
7406250.0,6.324087
7437500.0,6.316296
7468750.0,6.308616
7500000.0,6.301045
7531250.0,6.293581
7562500.0,6.286226
7625000.0,6.271834
7687500.0,6.257858
7750000.0,6.24429
7812500.0,6.231121
7875000.0,6.218347
7937500.0,6.205958
7968750.0,6.199907
8000000.0,6.193948
8125000.0,6.172197
8250000.0,6.150941
8375000.0,6.130161
8500000.0,6.109838
8625000.0,6.089958
8750000.0,6.070501
8875000.0,6.051454
9000000.0,6.032801
9250000.0,6.015459
9500000.0,5.998608
9625000.0,5.990355
9750000.0,5.982213
9875000.0,5.974178
10000000.0,5.966248
10250000.0,5.966491
10500000.0,5.966529
10625000.0,5.966476
10750000.0,5.966373
10875000.0,5.966225
11000000.0,5.96603
11220990.0,5.966839
11441970.0,5.967275
11442000.0,5.967277
11721000.0,5.986779
11860500.0,5.996354
12000000.0,6.005815
12250000.0,6.022424
12500000.0,6.038589
12750000.0,6.054329
12875000.0,6.062045
13000000.0,6.069659
13250000.0,6.088455
13500000.0,6.106853
13750000.0,6.126689
14000000.0,6.146156
14250000.0,6.166865
14500000.0,6.18725
14750000.0,6.207323
14875000.0,6.217246
15000000.0,6.227093
15250000.0,6.246838
15500000.0,6.26635
15750000.0,6.285635
16000000.0,6.304699
16306980.0,6.316485
16613950.0,6.327973
16960470.0,6.35486
17306980.0,6.381396
17480240.0,6.394536
17653490.0,6.407592
17826750.0,6.420568
18000000.0,6.433464
18500000.0,6.456987
18750000.0,6.468357
19000000.0,6.479475
19250000.0,6.490348
19500000.0,6.500983
19750000.0,6.511382
19875000.0,6.516497
20000000.0,6.521556
