1e-05,4973.869
1.03125e-05,4898.089
1.0625e-05,4825.677
1.09375e-05,4756.391
1.125e-05,4690.013
1.15625e-05,4626.344
1.1875e-05,4565.205
1.21875e-05,4506.433
1.25e-05,4449.879
1.28125e-05,4395.407
1.3125e-05,4342.892
1.34375e-05,4292.219
1.375e-05,4243.285
1.4375e-05,4150.248
1.5e-05,4063.086
1.5625e-05,3981.209
1.625e-05,3904.102
1.6875e-05,3831.32
1.75e-05,3762.473
1.8125e-05,3697.217
1.875e-05,3635.252
1.9375e-05,3576.311
2e-05,3520.155
2.09375e-05,3440.683
2.1875e-05,3366.377
2.28125e-05,3296.699
2.375e-05,3231.189
2.46875e-05,3169.447
2.5625e-05,3111.125
2.65625e-05,3055.919
2.75e-05,3003.561
2.84375e-05,2953.812
2.9375e-05,2906.466
3.03125e-05,2861.334
3.125e-05,2818.248
3.21875e-05,2777.058
3.3125e-05,2737.63
3.40625e-05,2699.84
3.5e-05,2663.58
3.59375e-05,2628.748
3.6875e-05,2595.252
3.78125e-05,2563.011
3.875e-05,2531.947
3.96875e-05,2501.989
4.0625e-05,2473.075
4.25e-05,2418.145
4.4375e-05,2366.733
4.625e-05,2318.481
4.8125e-05,2273.077
5e-05,2230.252
5.15625e-05,2196.364
5.3125e-05,2163.982
5.46875e-05,2132.997
5.625e-05,2103.313
5.78125e-05,2074.84
5.9375e-05,2047.5
6.09375e-05,2021.217
6.25e-05,1995.927
6.40625e-05,1971.567
6.5625e-05,1948.084
6.71875e-05,1925.423
6.875e-05,1903.54
7.1875e-05,1861.935
7.5e-05,1822.957
7.8125e-05,1786.343
8.125e-05,1751.862
8.4375e-05,1719.315
8.75e-05,1688.528
9.0625e-05,1659.347
9.375e-05,1631.637
9.6875e-05,1605.279
0.0001,1580.168
0.000103125,1556.206
0.00010625,1533.309
0.000109375,1511.402
0.0001125,1490.413
0.000115625,1470.281
0.00011875,1450.949
0.000121875,1432.366
0.000125,1414.484
0.000128125,1397.26
0.00013125,1380.655
0.000134375,1364.633
0.0001375,1349.161
0.00014375,1319.743
0.00015,1292.184
0.00015625,1266.296
0.0001625,1241.916
0.00016875,1218.903
0.000175,1197.135
0.00018125,1176.503
0.0001875,1156.911
0.00019375,1138.276
0.0002,1120.52
0.000209375,1095.394
0.00021875,1071.9
0.000228125,1049.871
0.0002375,1029.159
0.000246875,1009.639
0.00025625,991.1998
0.000265625,973.746
0.000275,957.1927
0.000284375,941.4651
0.00029375,926.4966
0.000303125,912.2281
0.0003125,898.6069
0.000321875,885.5852
0.00033125,873.1203
0.000340625,861.1739
0.00035,849.7109
0.000359375,838.6995
0.00036875,828.1109
0.000378125,817.9185
0.0003875,808.0983
0.000396875,798.6284
0.00040625,789.4883
0.000425,772.1242
0.00044375,755.8727
0.0004625,740.6202
0.00048125,726.2682
0.0005,712.7316
0.000515625,702.0199
0.00053125,691.7845
0.000546875,681.9911
0.0005625,672.6088
0.000578125,663.6096
0.00059375,654.9682
0.000609375,646.6615
0.000625,638.6682
0.000640625,630.9695
0.00065625,623.5474
0.000671875,616.3858
0.0006875,609.47
0.00071875,596.3214
0.00075,584.0038
0.00078125,572.4331
0.0008125,561.537
0.00084375,551.2523
0.000875,541.5239
0.00090625,532.3034
0.0009375,523.5481
0.00096875,515.2202
0.001,507.2862
0.00103125,499.7157
0.0010625,492.4818
0.00109375,485.5606
0.001125,478.93
0.00115625,472.5702
0.0011875,466.4634
0.00121875,460.5931
0.00125,454.9446
0.00128125,449.5042
0.0013125,444.2594
0.00134375,439.1987
0.001375,434.3119
0.0014375,425.0209
0.0015,416.3175
0.0015625,408.1421
0.001625,400.4436
0.0016875,393.1771
0.00175,386.3041
0.0018125,379.7901
0.001875,373.6049
0.0019375,367.7219
0.002,362.1172
0.00209375,354.1862
0.0021875,346.7713
0.00228125,339.8189
0.002375,333.2831
0.00246875,327.1238
0.0025625,321.3061
0.00265625,315.7999
0.00275,310.5782
0.00284375,305.6173
0.0029375,300.8963
0.00303125,296.3965
0.003125,292.1012
0.00321875,287.9953
0.0033125,284.0654
0.00340625,280.2993
0.0035,276.6858
0.00359375,273.215
0.0036875,269.8778
0.00378125,266.6658
0.003875,263.5714
0.00396875,260.5875
0.0040625,257.7079
0.00425,252.238
0.0044375,247.1196
0.004625,242.3166
0.0048125,237.7981
0.005,233.537
0.00515625,230.1658
0.0053125,226.9451
0.00546875,223.8638
0.005625,220.9124
0.00578125,218.0818
0.0059375,215.3643
0.00609375,212.7525
0.00625,210.2397
0.00640625,207.8197
0.0065625,205.4872
0.00671875,203.2369
0.006875,201.0641
0.0071875,196.9343
0.0075,193.0666
0.0078125,189.4347
0.008125,186.0157
0.0084375,182.7897
0.00875,179.7392
0.0090625,176.849
0.009375,174.1055
0.0096875,171.4969
0.01,169.0125
0.0103125,166.6427
0.010625,164.3792
0.0109375,162.2143
0.01125,160.1411
0.0115625,158.1531
0.011875,156.245
0.0121875,154.4116
0.0125,152.648
0.0128125,150.95
0.013125,149.3137
0.0134375,147.7355
0.01375,146.212
0.014375,143.3173
0.015,140.6078
0.015625,138.0647
0.01625,135.6718
0.016875,133.4152
0.0175,131.2825
0.018125,129.2629
0.01875,127.3469
0.019375,125.5261
0.02,123.793
0.0206625,122.0441
0.021325,120.3792
0.0219875,118.7917
0.02265,117.276
0.0233125,115.8269
0.023975,114.4399
0.0246375,113.1106
0.0253,111.8353
0.02607188,110.413
0.02684375,109.0544
0.02761563,107.7548
0.0283875,106.5104
0.02915938,105.3174
0.02993125,104.1724
0.03070313,103.0726
0.031475,102.015
0.03224688,100.9971
0.03301875,100.0166
0.03379063,99.07138
0.0345625,98.15945
0.03610625,96.42819
0.03765,94.80985
0.03919375,93.29322
0.0407375,91.86858
0.04228125,90.52749
0.043825,89.26256
0.04536875,88.06729
0.0469125,86.93592
0.04845625,85.86336
0.05,84.84505
0.0515625,83.8655
0.053125,82.9336
0.0546875,82.04596
0.05625,81.19952
0.0578125,80.39153
0.059375,79.61946
0.0609375,78.88103
0.0625,78.17416
0.0640625,77.49695
0.065625,76.84767
0.0671875,76.22471
0.06875,75.62661
0.0703125,75.05201
0.071875,74.49968
0.075,73.45723
0.078125,72.49103
0.08125,71.59394
0.084375,70.75981
0.0875,69.98321
0.090625,69.25943
0.09375,68.58433
0.096875,67.95424
0.1,67.3659
0.103125,66.81638
0.10625,66.30311
0.109375,65.82378
0.1125,65.3763
0.115625,64.9588
0.11875,64.56959
0.121875,64.20713
0.125,63.87005
0.128125,63.55711
0.13125,63.26714
0.134375,62.99913
0.1375,62.75214
0.140625,62.5253
0.14375,62.31784
0.146875,62.12904
0.15,61.95827
0.15625,61.66849
0.1625,61.4444
0.16875,61.28264
0.175,61.18049
0.18125,61.13574
0.1875,61.14672
0.19375,61.21213
0.2,61.3311
0.2046875,61.45514
0.209375,61.60893
0.2140625,61.79246
0.21875,62.00586
0.2234375,62.24933
0.228125,62.52317
0.2328125,62.82779
0.2375,63.16368
0.2421875,63.53145
0.246875,63.93179
0.2515625,64.36549
0.25625,64.83347
0.2609375,65.33674
0.265625,65.87643
0.2703125,66.45377
0.275,67.07017
0.2796875,67.72713
0.284375,68.4263
0.2890625,69.16948
0.29375,69.95867
0.2984375,70.79601
0.303125,71.68385
0.3078125,72.62473
0.3125,73.62144
0.3171875,74.67699
0.321875,75.79468
0.3265625,76.97807
0.33125,78.23109
0.3359375,79.55795
0.340625,80.96329
0.3453125,82.45218
0.35,84.03015
0.3546875,85.70324
0.359375,87.47806
0.3640625,89.36189
0.3664063,90.34716
0.36875,91.36269
0.3710938,92.40968
0.3734375,93.48923
0.3757813,94.60265
0.378125,95.75117
0.3804688,96.93623
0.3828125,98.15918
0.3851563,99.42161
0.3875,100.725
0.3898438,102.0712
0.3921875,103.4618
0.3945313,104.8987
0.396875,106.3839
0.3992188,107.9194
0.4015625,109.5075
0.4039063,111.1504
0.40625,112.8504
0.4085938,114.6104
0.4109375,116.4328
0.4132813,118.3208
0.415625,120.277
0.4179688,122.3052
0.4203125,124.4083
0.4226563,126.5903
0.425,128.8549
0.4273438,131.2064
0.4296875,133.6487
0.4320313,136.1871
0.434375,138.8261
0.4367188,141.5712
0.4390625,144.4278
0.4414063,147.4021
0.44375,150.5006
0.4460938,153.7302
0.4484375,157.098
0.4507813,160.6123
0.453125,164.281
0.4554688,168.1139
0.4578125,172.1203
0.4601563,176.311
0.4625,180.6969
0.4648438,185.2908
0.4671875,190.1054
0.4695313,195.1552
0.471875,200.4555
0.4742188,206.0233
0.4765625,211.8761
0.4789063,218.0342
0.4800782,221.2343
0.48125,224.5184
0.4824219,227.8903
0.4835938,231.3526
0.4847657,234.9087
0.4859375,238.5615
0.4871094,242.3154
0.4882813,246.1735
0.4894532,250.1399
0.490625,254.2181
0.4917969,258.4133
0.4929688,262.7293
0.4941407,267.171
0.4953125,271.7427
0.4964844,276.4504
0.4976563,281.299
0.5,291.4415
0.5027463,304.1379
0.5054925,317.7929
0.5082388,332.5052
0.510985,348.3843
0.5137313,365.5565
0.5164775,384.1627
0.5192238,404.3659
0.52197,426.3494
0.5247163,450.3265
0.5274625,476.5389
0.5302088,505.269
0.532955,536.8396
0.5357013,571.6303
0.5384475,610.0782
0.5411938,652.7009
0.54394,700.0993
0.5453132,725.8097
0.5466863,752.9893
0.5480594,781.7496
0.5494325,812.2101
0.5508057,844.5033
0.5521788,878.7669
0.5535519,915.1584
0.554925,953.8477
0.5562982,995.0236
0.5576713,1038.884
0.5590444,1085.653
0.5604175,1135.576
0.5617907,1188.926
0.5631638,1245.985
0.5645369,1307.078
0.56591,1372.56
0.5672832,1442.818
0.5686563,1518.265
0.5700294,1599.363
0.5714025,1686.61
0.5727757,1780.559
0.5741488,1881.779
0.5755219,1990.907
0.576895,2108.614
0.5782682,2235.618
0.5796413,2372.641
0.5810144,2520.45
0.5823875,2679.803
0.5837607,2851.445
0.5851338,3036.023
0.5865069,3234.105
0.58788,3446.071
0.5892,3663.038
0.59052,3892.726
0.59184,4134.497
0.59316,4387.17
0.59448,4648.895
0.5958,4917.014
0.59712,5187.949
0.59844,5457.126
0.59976,5718.955
0.60108,5966.926
0.6024,6193.826
0.60372,6392.094
0.60504,6554.329
0.60636,6673.88
0.60768,6745.468
0.609,6765.731
0.61032,6733.601
0.61164,6650.423
0.61296,6519.815
0.61428,6347.272
0.6156,6139.611
0.61692,5904.346
0.61824,5649.088
0.61956,5381.057
0.62088,5106.731
0.6222,4831.632
0.62484,4296.085
0.62616,4041.677
0.62748,3798.791
0.6288,3568.516
0.63012,3351.406
0.6315649,3129.007
0.6330097,2922.336
0.6344546,2730.832
0.6358994,2553.789
0.6373443,2390.333
0.6387891,2239.58
0.640234,2100.59
0.6416788,1972.473
0.6431237,1854.341
0.6445685,1745.385
0.6460134,1644.814
0.6474582,1551.927
0.6489031,1466.05
0.6503479,1386.587
0.6517927,1312.98
0.6532375,1244.723
0.6546824,1181.353
0.6561272,1122.463
0.6575721,1067.664
0.6590169,1016.621
0.6604618,969.0167
0.6619066,924.5739
0.6633515,883.0303
0.6647963,844.1591
0.6662412,807.7433
0.667686,773.596
0.6691309,741.5373
0.6705757,711.4126
0.6720206,683.0725
0.6734654,656.3886
0.6749102,631.238
0.676355,607.5099
0.6777999,585.102
0.6792447,563.9244
0.6806896,543.8894
0.6821344,524.9215
0.6850241,489.9011
0.6879138,458.3554
0.6908035,429.8526
0.6936932,404.0247
0.6965829,380.5561
0.6994725,359.1762
0.7023622,339.6495
0.7052519,321.7739
0.7081416,305.3731
0.7110313,290.2935
0.713921,276.4004
0.7168107,263.5759
0.7197004,251.716
0.72259,240.7294
0.7254797,230.5339
0.7283694,221.0581
0.7312591,212.2378
0.7341488,204.0158
0.7370385,196.3409
0.7399282,189.1673
0.7428179,182.4539
0.7457075,176.1638
0.7485972,170.2632
0.7514869,164.7222
0.7543766,159.5134
0.7572663,154.6123
0.760156,149.996
0.7630457,145.6443
0.768825,137.6616
0.7746044,130.5333
0.7803838,124.1499
0.7861632,118.4193
0.7919425,113.2635
0.7977219,108.6156
0.8035013,104.4191
0.8092807,100.6253
0.81506,97.19207
0.8208394,94.08319
0.8266188,91.26726
0.8323982,88.71696
0.8381775,86.40852
0.8439569,84.32116
0.8497363,82.43675
0.8555157,80.73947
0.861295,79.21547
0.8670744,77.85258
0.8728538,76.64025
0.8786332,75.56928
0.8844125,74.63169
0.8901919,73.82057
0.8959713,73.13002
0.90753,72.09155
0.9190888,71.48602
0.9306475,71.29502
0.9422063,71.51084
0.953765,72.13608
0.9653238,73.18384
0.9768825,74.67824
0.9884413,76.65593
0.9942207,77.84134
1.0,79.16795
1.007091,81.00216
1.014182,83.08252
1.021273,85.43225
1.028363,88.07828
1.035454,91.05356
1.042544,94.39518
1.049635,98.14893
1.056725,102.3668
1.063816,107.1133
1.070907,112.463
1.077998,118.5066
1.085088,125.3523
1.088634,129.1176
1.092179,133.1345
1.095724,137.4252
1.099269,142.0131
1.102815,146.9261
1.10636,152.1903
1.109905,157.8398
1.11345,163.9109
1.116996,170.4464
1.120541,177.4885
1.124087,185.093
1.127632,193.3141
1.131178,202.2226
1.134723,211.8889
1.138268,222.401
1.141813,233.8572
1.145359,246.3734
1.148904,260.0717
1.152449,275.1051
1.155994,291.6461
1.15954,309.9013
1.163085,330.0947
1.16663,352.5059
1.170175,377.4577
1.171948,391.0067
1.173721,405.3392
1.175494,420.5142
1.177266,436.5863
1.179039,453.6434
1.180812,471.7532
1.182585,490.999
1.184357,511.4604
1.18613,533.2605
1.187903,556.4974
1.189676,581.2914
1.191448,607.7585
1.193221,636.0732
1.194993,666.3615
1.196766,698.8314
1.198538,733.6365
1.200311,771.0247
1.202084,811.2054
1.203857,854.4281
1.205629,900.9374
1.207402,951.0814
1.209174,1005.123
1.210947,1063.466
1.212719,1126.414
1.214492,1194.427
1.216265,1267.877
1.218038,1347.184
1.21981,1432.717
1.221583,1524.981
1.223355,1624.248
1.225128,1730.945
1.2269,1845.172
1.228594,1961.536
1.230288,2084.804
1.231982,2214.646
1.233675,2350.364
1.235369,2491.143
1.237063,2635.495
1.238757,2781.515
1.24045,2926.675
1.242144,3068.158
1.243838,3202.385
1.245532,3325.477
1.247225,3433.308
1.248919,3522.007
1.250613,3587.905
1.252307,3628.13
1.254,3640.837
1.255694,3625.426
1.257388,3582.563
1.259082,3514.157
1.260775,3423.196
1.262469,3313.209
1.264163,3188.27
1.265857,3052.463
1.26755,2909.751
1.269244,2763.45
1.270938,2616.617
1.272632,2471.673
1.274325,2330.585
1.276019,2194.569
1.277713,2064.663
1.279407,1941.465
1.2811,1825.346
1.282857,1712.335
1.284613,1606.927
1.286369,1508.828
1.288125,1417.719
1.289882,1333.18
1.291638,1254.904
1.293394,1182.425
1.29515,1115.329
1.296907,1053.181
1.298663,995.6684
1.300419,942.392
1.302175,893.0126
1.303932,847.1909
1.305688,804.6877
1.307444,765.2084
1.3092,728.5075
1.310957,694.3418
1.312713,662.5445
1.314469,632.9085
1.316225,605.263
1.317982,579.438
1.319738,555.3216
1.321494,532.7693
1.32325,511.6638
1.325007,491.887
1.326763,473.3643
1.328519,455.9951
1.330275,439.6986
1.332032,424.3928
1.333788,410.0279
1.335544,396.5338
1.3373,383.8547
1.339057,371.9336
1.340813,360.7378
1.344325,340.3375
1.347838,322.3522
1.35135,306.5559
1.354863,292.75
1.358375,280.7954
1.361888,270.5767
1.3654,262.0279
1.368913,255.1074
1.372425,249.8179
1.375938,246.1904
1.37945,244.2959
1.381207,244.0285
1.382963,244.2348
1.384719,244.9306
1.386475,246.1336
1.388232,247.8617
1.389988,250.1284
1.391744,252.9471
1.3935,256.3251
1.396813,264.2089
1.400125,273.9306
1.403438,285.0991
1.40675,296.9291
1.410063,308.1823
1.411719,313.0803
1.413375,317.1887
1.415032,320.2817
1.416688,322.15
1.418344,322.632
1.42,321.6209
1.421657,319.0776
1.423313,315.0404
1.424969,309.6133
1.426625,302.9579
1.428282,295.2719
1.429938,286.7889
1.43325,268.3191
1.436563,249.1667
1.439875,230.5485
1.443188,213.1892
1.444844,205.1077
1.4465,197.451
1.44854,188.6079
1.450579,180.4078
1.452618,172.8211
1.454657,165.8139
1.456696,159.3477
1.458735,153.3822
1.460774,147.8773
1.462813,142.7942
1.464852,138.0966
1.466891,133.7502
1.46893,129.724
1.470969,125.9892
1.473008,122.52
1.475047,119.2928
1.479125,113.4821
1.483204,108.4106
1.487282,103.9635
1.49136,100.0445
1.495438,96.57673
1.499516,93.49753
1.503594,90.75589
1.507672,88.30994
1.51175,86.12526
1.515829,84.17293
1.519907,82.4304
1.523985,80.87765
1.528063,79.49857
1.532141,78.27982
1.536219,77.21051
1.540297,76.28179
1.544375,75.48665
1.548454,74.81951
1.552532,74.27677
1.55661,73.85568
1.560688,73.55502
1.564766,73.37479
1.568844,73.3163
1.572922,73.38219
1.577,73.57651
1.581079,73.90489
1.585157,74.37441
1.589235,74.99421
1.593313,75.77555
1.597391,76.73212
1.601469,77.88057
1.605547,79.24102
1.609625,80.83776
1.613704,82.70061
1.617782,84.86425
1.62186,87.37232
1.625938,90.27767
1.630016,93.64527
1.634094,97.55553
1.636133,99.74459
1.638172,102.1088
1.640211,104.6648
1.64225,107.4313
1.64429,110.4311
1.646329,113.6853
1.648368,117.2225
1.650407,121.074
1.652446,125.2752
1.654485,129.867
1.656524,134.8966
1.658563,140.4181
1.660602,146.4947
1.662641,153.1998
1.66468,160.6195
1.666719,168.8548
1.668758,178.025
1.670797,188.2719
1.672836,199.7641
1.673856,206.0422
1.674875,212.7044
1.675895,219.7955
1.676915,227.3445
1.677935,235.3902
1.678954,243.9666
1.679974,253.138
1.680993,262.9387
1.682013,273.4461
1.683032,284.7042
1.684052,296.807
1.685071,309.8106
1.686091,323.8301
1.68711,338.9376
1.68813,355.2744
1.689149,372.9333
1.690169,392.0891
1.691188,412.8614
1.692208,435.4671
1.693227,460.0598
1.694247,486.9097
1.695266,516.2129
1.696286,548.3055
1.697305,583.4355
1.698325,622.0177
1.699344,664.3587
1.700364,710.9618
1.701383,762.1912
1.702403,818.6353
1.703422,880.6928
1.704442,949.0019
1.705461,1023.924
1.706481,1106.044
1.7075,1195.515
1.708282,1269.3
1.709063,1347.369
1.709844,1429.611
1.710625,1515.638
1.711407,1604.953
1.712188,1696.446
1.712969,1789.032
1.71375,1881.182
1.714532,1971.131
1.715313,2056.458
1.716094,2134.846
1.716875,2203.742
1.717657,2260.697
1.718438,2303.295
1.719219,2329.805
1.72,2339.047
1.720782,2330.588
1.721563,2304.847
1.722344,2262.995
1.723125,2206.831
1.723907,2138.525
1.724688,2060.759
1.725469,1976.006
1.72625,1886.695
1.727032,1794.901
1.727813,1702.74
1.728594,1611.63
1.729375,1522.77
1.730157,1436.939
1.730938,1354.976
1.731719,1277.159
1.7325,1203.696
1.733303,1132.773
1.734105,1066.56
1.734908,1004.764
1.73571,947.3534
1.736513,893.9644
1.737315,844.4881
1.738117,798.6059
1.738919,756.0684
1.739722,716.5846
1.740524,680.0185
1.741327,646.0568
1.742129,614.5758
1.742932,585.3027
1.743734,558.1305
1.744536,532.8557
1.745338,509.3258
1.746141,487.3745
1.746943,466.9283
1.747746,447.8186
1.748548,429.9858
1.749351,413.2873
1.750153,397.6752
1.750955,383.0464
1.751757,369.3263
1.75256,356.4313
1.753362,344.3311
1.754164,332.9523
1.754966,322.2426
1.756571,302.6322
1.758175,285.1877
1.75978,269.6037
1.761385,255.6512
1.76299,243.1268
1.764594,231.8632
1.766199,221.6981
1.767804,212.5117
1.769409,204.1941
1.771013,196.6556
1.772618,189.8044
1.774223,183.5744
1.775828,177.9034
1.777432,172.74
1.779037,168.0305
1.780641,163.7386
1.782246,159.8223
1.78385,156.2538
1.785455,153.0
1.78706,150.0377
1.790269,144.9007
1.793479,140.6866
1.796688,137.2765
1.799898,134.5718
1.803107,132.497
1.806316,130.9899
1.809525,130.0028
1.812735,129.498
1.815944,129.4477
1.819154,129.8315
1.822363,130.6359
1.825573,131.8541
1.828782,133.4839
1.831991,135.5297
1.8352,138.0011
1.83841,140.9138
1.841619,144.2864
1.844829,148.1473
1.848038,152.5267
1.851248,157.467
1.854457,163.0123
1.857666,169.2204
1.860875,176.1577
1.864085,183.9046
1.867294,192.5481
1.870504,202.2014
1.873713,212.9857
1.876923,225.0575
1.880132,238.5864
1.883341,253.7864
1.884946,262.0922
1.88655,270.9079
1.888155,280.2835
1.88976,290.2566
1.891365,300.8739
1.892969,312.1799
1.894574,324.2451
1.896179,337.1252
1.897784,350.8889
1.899388,365.6022
1.900993,381.3669
1.902598,398.2668
1.904203,416.4038
1.905807,435.8784
1.907412,456.84
1.909016,479.4007
1.910621,503.7425
1.912225,530.005
1.91383,558.41
1.915435,589.1504
1.91704,622.4581
1.918644,658.565
1.920249,697.7977
1.921854,740.4442
1.923459,786.8426
1.925063,837.3272
1.926668,892.3568
1.928273,952.322
1.929878,1017.664
1.931482,1088.787
1.933087,1166.227
1.934691,1250.307
1.936296,1341.495
1.9379,1439.932
1.939282,1530.684
1.940663,1626.786
1.942044,1728.053
1.943425,1834.01
1.944807,1943.982
1.946188,2056.721
1.947569,2170.827
1.94895,2284.404
1.950332,2395.21
1.951713,2500.368
1.953094,2596.942
1.954475,2681.764
1.955857,2751.762
1.957238,2804.019
1.958619,2836.339
1.96,2847.266
1.961382,2836.276
1.962763,2803.89
1.964144,2751.563
1.965525,2681.546
1.966907,2596.584
1.968288,2499.918
1.969669,2394.657
1.97105,2283.821
1.972432,2170.039
1.973813,2055.8
1.976575,1832.872
1.977957,1726.675
1.979338,1625.237
1.980719,1528.958
1.9821,1438.086
1.983219,1368.477
1.984338,1302.449
1.985457,1239.933
1.986575,1180.883
1.987694,1125.071
1.988813,1072.415
1.989932,1022.768
1.99105,976.0185
1.992169,931.9297
1.993288,890.3927
1.994407,851.2584
1.995525,814.4149
1.996644,779.658
1.997763,746.8894
1.998882,715.984
2.0,686.8484
2.001259,655.9847
2.002518,627.0399
2.003777,599.8759
2.005036,574.3645
2.006295,550.3873
2.007554,527.8346
2.008813,506.605
2.010071,486.6208
2.01133,467.7636
2.012589,449.9706
2.013848,433.1682
2.015106,417.3008
2.016365,402.2811
2.017624,388.0641
2.020141,361.8395
2.022659,338.2269
2.025177,316.913
2.027695,297.6194
2.030212,280.1138
2.03273,264.176
2.035247,249.6408
2.037765,236.3421
2.040282,224.1563
2.0428,212.9563
2.045318,202.645
2.047836,193.1323
2.050353,184.3425
2.052871,176.1991
2.055388,168.6468
2.057906,161.6251
2.060423,155.0912
2.062941,148.9963
2.065458,143.3072
2.067976,137.9846
2.070493,133.0017
2.073011,128.327
2.075528,123.939
2.078046,119.8117
2.080563,115.928
2.083081,112.2663
2.085599,108.8114
2.090634,102.4636
2.095669,96.77689
2.100704,91.66267
2.105739,87.04663
2.110774,82.86607
2.115809,79.06784
2.120844,75.60664
2.12588,72.44309
2.130915,69.54502
2.13595,66.88301
2.140985,64.43202
2.14602,62.17027
2.151055,60.07874
2.15609,58.14074
2.161125,56.34159
2.166161,54.66801
2.171196,53.1092
2.176231,51.65462
2.181266,50.29521
2.186302,49.02265
2.191337,47.8302
2.196372,46.71109
2.201407,45.6595
2.211478,43.73823
2.221548,42.03048
2.231618,40.50632
2.241688,39.14115
2.251759,37.91442
2.261829,36.80925
2.271899,35.8111
2.281969,34.90781
2.29204,34.089
2.30211,33.34607
2.31218,32.67143
2.32225,32.05873
2.332321,31.50248
2.342391,30.99819
2.352462,30.54186
2.362532,30.13034
2.372603,29.76088
2.382673,29.43146
2.392743,29.14041
2.402813,28.88668
2.412884,28.66967
2.422954,28.48941
2.433024,28.34649
2.443094,28.24219
2.453165,28.17859
2.463235,28.1588
2.473305,28.18708
2.483375,28.26929
2.493446,28.41333
2.503516,28.62973
2.513587,28.93281
2.523657,29.34187
2.528693,29.59416
2.533728,29.88362
2.538763,30.21529
2.543798,30.59511
2.548833,31.03022
2.553868,31.52921
2.558903,32.10245
2.563938,32.76263
2.568974,33.52543
2.574009,34.40981
2.579044,35.43981
2.581562,36.01865
2.584079,36.64553
2.586597,37.32593
2.589114,38.065
2.591632,38.86978
2.594149,39.74688
2.596667,40.70531
2.599184,41.75376
2.601702,42.90386
2.604219,44.16702
2.606737,45.55844
2.609255,47.09385
2.611773,48.79195
2.61429,50.67346
2.616808,52.76454
2.619325,55.09194
2.621843,57.69006
2.62436,60.59409
2.626878,63.8487
2.628137,65.62176
2.629395,67.49899
2.630654,69.4902
2.631913,71.60102
2.633172,73.83889
2.63443,76.20948
2.635689,78.72427
2.636948,81.38928
2.638207,84.2122
2.639465,87.19804
2.640724,90.35845
2.641983,93.69728
2.643242,97.21948
2.6445,100.9254
2.646094,105.8907
2.647688,111.153
2.649282,116.699
2.650875,122.4989
2.654063,134.6958
2.65725,147.1711
2.658844,153.2425
2.660438,159.0109
2.662032,164.3111
2.663625,168.9667
2.665219,172.8126
2.666813,175.6915
2.668407,177.4797
2.67,178.097
2.671594,177.5162
2.673188,175.7636
2.674782,172.919
2.676375,169.1078
2.677969,164.4792
2.679563,159.2057
2.681157,153.4609
2.68275,147.4138
2.685938,134.967
2.689125,122.7957
2.690719,116.9999
2.692313,111.4599
2.693907,106.2019
2.6955,101.2428
2.697309,95.97457
2.699118,91.08785
2.700927,86.56981
2.702735,82.40453
2.704544,78.56623
2.706352,75.03658
2.708161,71.78865
2.709969,68.80355
2.711778,66.05634
2.713587,63.52833
2.715396,61.20048
2.717204,59.05638
2.719013,57.07749
2.720821,55.25127
2.72263,53.56229
2.724438,52.00022
2.726247,50.5523
2.728056,49.2094
2.729865,47.96247
2.731673,46.80395
2.733482,45.72515
2.73529,44.72056
2.737099,43.78301
2.738907,42.90805
2.742524,41.32451
2.746141,39.93542
2.749758,38.71227
2.753375,37.63143
2.756993,36.67301
2.76061,35.82109
2.764227,35.06155
2.767844,34.38274
2.771462,33.77462
2.775079,33.22913
2.778696,32.73891
2.782313,32.29781
2.785931,31.90043
2.789548,31.54242
2.796782,30.92878
2.804016,30.43093
2.81125,30.02908
2.818485,29.70799
2.825719,29.45598
2.832954,29.26377
2.840188,29.12428
2.847423,29.03187
2.854657,28.98227
2.861891,28.97218
2.869125,28.99919
2.87636,29.0616
2.883594,29.15834
2.890829,29.28895
2.898063,29.45341
2.905298,29.65231
2.912532,29.88662
2.919766,30.15787
2.927,30.46814
2.934235,30.82013
2.941469,31.21699
2.948704,31.66283
2.955938,32.16233
2.963173,32.7214
2.970407,33.34682
2.977641,34.04689
2.984875,34.83157
2.99211,35.71286
2.999344,36.70491
3.006579,37.82542
3.013813,39.09536
3.017431,39.79457
3.021048,40.54123
3.024665,41.33978
3.028282,42.19495
3.031899,43.11208
3.035516,44.09711
3.039133,45.15675
3.04275,46.29854
3.046368,47.53143
3.049985,48.8644
3.053602,50.30885
3.057219,51.87735
3.060837,53.58484
3.064454,55.44693
3.068071,57.48322
3.071688,59.7158
3.075306,62.17114
3.078923,64.87789
3.08254,67.87191
3.086157,71.19466
3.089774,74.89521
3.093391,79.03193
3.0952,81.28582
3.097008,83.67467
3.098817,86.21213
3.100625,88.90741
3.102434,91.77679
3.104243,94.83348
3.106052,98.09366
3.10786,101.5733
3.109669,105.296
3.111477,109.2798
3.113286,113.5535
3.115094,118.1397
3.116903,123.0738
3.118712,128.3874
3.120521,134.1186
3.122329,140.3064
3.124138,147.0054
3.125946,154.262
3.127755,162.1444
3.129563,170.7121
3.131372,180.051
3.133181,190.243
3.13499,201.3854
3.136798,213.581
3.138607,226.9664
3.140415,241.6653
3.142224,257.8489
3.144032,275.6715
3.145841,295.3435
3.147649,317.0516
3.149458,341.0443
3.151266,367.5325
3.153075,396.7878
3.154883,429.0138
3.156692,464.4566
3.1585,503.2347
3.159844,534.2776
3.161188,567.1899
3.162532,601.8897
3.163875,638.1905
3.165219,675.8921
3.166563,714.5977
3.167907,753.8048
3.16925,792.8369
3.170594,830.9573
3.171938,867.2057
3.173282,900.5445
3.174625,929.8619
3.175969,954.1262
3.177313,972.3409
3.178657,983.7249
3.18,987.7697
3.181344,984.301
3.182688,973.4812
3.184032,955.8072
3.185375,932.0701
3.186719,903.1999
3.188063,870.2828
3.189407,834.4083
3.19075,796.6419
3.192094,757.8595
3.193438,718.8869
3.196125,642.8583
3.197469,606.6549
3.198813,572.0521
3.200157,539.2128
3.2015,508.2451
3.203284,470.002
3.205067,435.0217
3.20685,403.1379
3.208633,374.1544
3.210416,347.8494
3.212199,323.9937
3.213982,302.3614
3.215765,282.7377
3.217548,264.9225
3.219331,248.7322
3.221114,233.9999
3.222897,220.5756
3.22468,208.3245
3.226463,197.1263
3.228246,186.8737
3.230029,177.4714
3.231812,168.8346
3.233595,160.8878
3.235378,153.564
3.237161,146.8034
3.238944,140.5529
3.240727,134.765
3.24251,129.3974
3.244293,124.4124
3.246076,119.7761
3.247859,115.458
3.249642,111.4309
3.251425,107.6704
3.253208,104.1544
3.254991,100.8629
3.256774,97.77804
3.258557,94.8835
3.26034,92.16455
3.262123,89.60784
3.263906,87.20118
3.265689,84.93353
3.269255,80.77584
3.272821,77.06414
3.276387,73.73933
3.279953,70.75163
3.283519,68.05897
3.287085,65.62552
3.290651,63.42073
3.294217,61.41839
3.297783,59.59593
3.301349,57.93382
3.304915,56.41512
3.308481,55.02508
3.312047,53.75078
3.315613,52.58092
3.319179,51.50556
3.322745,50.5159
3.326311,49.60419
3.329877,48.76354
3.333443,47.9878
3.337009,47.27151
3.344141,45.99829
3.351273,44.91053
3.358405,43.98124
3.365537,43.18844
3.372669,42.51409
3.379801,41.94325
3.386933,41.46353
3.394065,41.06455
3.401197,40.73763
3.408329,40.47545
3.415461,40.27182
3.422593,40.12146
3.429725,40.01993
3.44399,39.94877
3.458254,40.03432
3.472518,40.25931
3.486782,40.61155
3.501046,41.08279
3.51531,41.66789
3.529574,42.3643
3.543838,43.17165
3.558102,44.09156
3.572366,45.12742
3.58663,46.28436
3.600894,47.56922
3.615158,48.99069
3.629422,50.55935
3.643686,52.28786
3.65795,54.19123
3.672215,56.28728
3.686479,58.59643
3.700743,61.14308
3.715007,63.95567
3.729271,67.06759
3.743535,70.51816
3.757799,74.35383
3.772063,78.62972
3.786327,83.41153
3.793459,86.01619
3.800591,88.77803
3.807723,91.7095
3.814855,94.82421
3.821987,98.1373
3.829119,101.6654
3.836251,105.427
3.843383,109.4426
3.850515,113.7349
3.857647,118.3294
3.864779,123.2545
3.871911,128.5419
3.879043,134.2273
3.886175,140.3507
3.893308,146.9586
3.90044,154.1001
3.907572,161.8344
3.914704,170.2276
3.921836,179.3552
3.928968,189.3038
3.9361,200.1727
3.943232,212.0768
3.950364,225.1489
3.957496,239.5436
3.964628,255.4409
3.97176,273.0526
3.978892,292.6276
3.982458,303.2415
3.986024,314.4608
3.98959,326.331
3.993156,338.9023
3.996722,352.2291
4.000288,366.3712
4.003854,381.3944
4.00742,397.3706
4.010986,414.3796
4.014552,432.5085
4.018118,451.8542
4.021684,472.5232
4.02525,494.6337
4.028816,518.3164
4.032382,543.7164
4.035948,570.9949
4.039514,600.3315
4.04308,631.9258
4.046646,666.0002
4.050212,702.8031
4.053778,742.6119
4.057344,785.7364
4.06091,832.5226
4.064476,883.3574
4.068042,938.6728
4.071608,998.9504
4.073391,1031.116
4.075174,1064.727
4.076957,1099.861
4.07874,1136.598
4.080523,1175.022
4.082306,1215.221
4.084089,1257.289
4.085872,1301.322
4.087655,1347.421
4.089438,1395.69
4.091221,1446.239
4.093004,1499.178
4.094787,1554.623
4.09657,1612.69
4.098353,1673.499
4.100136,1737.168
4.101919,1803.815
4.103702,1873.557
4.105485,1946.504
4.107268,2022.762
4.109051,2102.426
4.110834,2185.577
4.112617,2272.281
4.1144,2362.582
4.115825,2437.349
4.11725,2514.418
4.118675,2593.767
4.1201,2675.355
4.121525,2759.122
4.12295,2844.984
4.1258,3022.518
4.12865,3206.706
4.1315,3395.732
4.13435,3587.132
4.1372,3777.736
4.14005,3963.663
4.1429,4140.366
4.14575,4302.789
4.1486,4445.613
4.15145,4563.603
4.1543,4652.031
4.15715,4707.101
4.16,4726.35
4.16285,4708.912
4.1657,4655.612
4.16855,4568.879
4.1714,4452.472
4.17425,4311.101
4.1771,4149.978
4.17995,3974.418
4.1828,3789.472
4.18565,3599.692
4.1885,3408.966
4.1942,3036.704
4.19705,2859.472
4.1999,2690.049
4.20275,2529.235
4.2056,2377.452
4.207647,2274.088
4.209693,2175.478
4.21174,2081.454
4.213786,1992.003
4.215833,1906.906
4.217879,1826.094
4.219926,1749.325
4.221972,1676.5
4.224019,1607.371
4.226065,1541.828
4.228112,1479.628
4.230158,1420.659
4.232205,1364.695
4.234251,1311.624
4.236298,1261.239
4.238344,1213.438
4.240391,1168.029
4.242437,1124.921
4.24653,1045.008
4.250623,972.7464
4.254716,907.2859
4.258809,847.8756
4.262902,793.8519
4.266995,744.6301
4.271088,699.695
4.275181,658.593
4.279274,620.9245
4.283367,586.3369
4.28746,554.5191
4.291553,525.1961
4.295646,498.1245
4.299739,473.0884
4.303832,449.8962
4.307925,428.3772
4.312018,408.3795
4.316111,389.7672
4.320204,372.419
4.324297,356.2262
4.32839,341.0909
4.332483,326.9254
4.336575,313.6536
4.340668,301.1977
4.344761,289.4965
4.348854,278.4915
4.352947,268.1298
4.35704,258.363
4.361133,249.1477
4.365226,240.4434
4.369319,232.2144
4.373412,224.4267
4.377505,217.0504
4.385691,203.4219
4.393877,191.132
4.402063,180.0141
4.410249,169.9266
4.418435,160.7486
4.426621,152.3764
4.434807,144.7207
4.442993,137.7045
4.451179,131.2608
4.459365,125.3314
4.46755,119.8661
4.475736,114.8193
4.483922,110.1527
4.492108,105.8322
4.500294,101.8279
4.50848,98.11321
4.516666,94.66526
4.524852,91.46381
4.533038,88.49128
4.541224,85.73255
4.54941,83.1748
4.557596,80.80734
4.565782,78.62176
4.573968,76.61183
4.582154,74.77377
4.59034,73.10652
4.598525,71.6123
4.606711,70.29662
4.614897,69.17046
4.623083,68.25088
4.631269,67.56356
4.635362,67.31817
4.639455,67.14615
4.643548,67.05492
4.647641,67.05347
4.651734,67.15269
4.655827,67.36579
4.65992,67.70895
4.664013,68.20203
4.668106,68.86952
4.672199,69.74187
4.676292,70.85719
4.678339,71.52067
4.680385,72.26351
4.682432,73.09449
4.684478,74.02191
4.686525,75.05704
4.688571,76.21063
4.690618,77.49721
4.692664,78.93084
4.694711,80.5304
4.696757,82.31441
4.698804,84.30763
4.70085,86.53461
4.702897,89.02804
4.704943,91.82061
4.70699,94.95561
4.709036,98.4766
4.711083,102.4408
4.713129,106.9057
4.715176,111.946
4.716199,114.7041
4.717222,117.636
4.718246,120.756
4.719269,124.0699
4.720292,127.5931
4.721315,131.3383
4.722339,135.3226
4.723362,139.5515
4.724385,144.0415
4.725408,148.8054
4.726431,153.8549
4.727454,159.2006
4.728477,164.851
4.7295,170.812
4.730782,178.7239
4.732063,187.1144
4.733344,195.9681
4.734625,205.244
4.737188,224.7776
4.73975,244.7919
4.741032,254.5487
4.742313,263.8178
4.743594,272.3402
4.744875,279.835
4.746157,286.0298
4.747438,290.6641
4.748719,293.5419
4.75,294.5316
4.751282,293.5837
4.752563,290.7412
4.753844,286.1301
4.755125,279.9469
4.756407,272.4318
4.757688,263.8709
4.758969,254.5385
4.76025,244.7013
4.762813,224.431
4.765375,204.5727
4.766657,195.0969
4.767938,186.0363
4.769219,177.4264
4.7705,169.2904
4.772293,158.7106
4.774086,149.0573
4.775879,140.2869
4.777672,132.3401
4.779465,125.1498
4.781258,118.6475
4.783051,112.7659
4.784844,107.4418
4.786637,102.6167
4.78843,98.23752
4.790223,94.2563
4.792016,90.63023
4.793809,87.32122
4.795602,84.29549
4.797395,81.52311
4.799188,78.97765
4.800981,76.63574
4.802774,74.47667
4.804567,72.4822
4.80636,70.63611
4.808153,68.92403
4.809946,67.33323
4.811739,65.85239
4.813532,64.47141
4.815325,63.18131
4.817118,61.97403
4.818911,60.84239
4.820704,59.77995
4.82429,57.84009
4.827875,56.11517
4.831461,54.57192
4.835047,53.18435
4.838633,51.93056
4.842219,50.79244
4.845805,49.75482
4.849391,48.80499
4.852977,47.93219
4.856563,47.12733
4.860149,46.38264
4.863735,45.69147
4.867321,45.04808
4.870907,44.44753
4.878079,43.35837
4.88525,42.39594
4.892422,41.53835
4.899594,40.76886
4.906766,40.07421
4.913938,39.44381
4.92111,38.86915
4.928282,38.3433
4.935454,37.86059
4.942625,37.41642
4.956969,36.62849
4.971313,35.95547
4.985657,35.38029
5.0,34.89069
5.017307,34.40143
5.034613,34.01328
5.051919,33.71948
5.069225,33.51635
5.086532,33.40283
5.103838,33.3801
5.121144,33.45164
5.13845,33.62323
5.155757,33.90323
5.173063,34.30288
5.190369,34.83702
5.199022,35.16031
5.207675,35.52483
5.216329,35.93387
5.224982,36.39108
5.233635,36.90068
5.242288,37.46751
5.250941,38.097
5.259594,38.79539
5.268247,39.56982
5.2769,40.42849
5.285554,41.38095
5.294207,42.43786
5.30286,43.61195
5.311513,44.91792
5.320166,46.37295
5.328819,47.99717
5.337472,49.81435
5.346125,51.85271
5.354779,54.1461
5.363432,56.73435
5.367759,58.15414
5.372085,59.66639
5.376412,61.27956
5.380738,63.00146
5.385065,64.84239
5.389391,66.81208
5.393718,68.92319
5.398044,71.18787
5.402371,73.62187
5.406697,76.24052
5.411024,79.06356
5.41535,82.11055
5.419677,85.40648
5.424004,88.97744
5.428331,92.85385
5.432657,97.06937
5.436984,101.6657
5.44131,106.6862
5.445637,112.1858
5.449963,118.2226
5.45429,124.8701
5.458616,132.2074
5.462943,140.3344
5.467269,149.3607
5.471596,159.4245
5.473759,164.8922
5.475922,170.6806
5.478086,176.8176
5.480249,183.3246
5.482412,190.2342
5.484575,197.5791
5.486739,205.399
5.488902,213.7267
5.491066,222.6136
5.493229,232.0999
5.495393,242.2483
5.497556,253.1088
5.499719,264.752
5.501882,277.2515
5.504046,290.6954
5.506209,305.1628
5.508372,320.7617
5.510535,337.6059
5.512699,355.8322
5.514862,375.5671
5.517025,396.9795
5.519188,420.2503
5.521352,445.5946
5.523515,473.2179
5.525678,503.388
5.527841,536.3934
5.530005,572.5755
5.532168,612.2631
5.534331,655.8763
5.536494,703.863
5.538658,756.7423
5.53974,785.1753
5.540821,815.0031
5.541903,846.3541
5.542984,879.2455
5.544066,913.815
5.545147,950.0757
5.546229,988.1721
5.547311,1028.148
5.548393,1070.076
5.549474,1113.986
5.550556,1160.022
5.551637,1208.153
5.552719,1258.515
5.5538,1311.042
5.554619,1352.319
5.555438,1394.869
5.556257,1438.68
5.557075,1483.675
5.557894,1529.929
5.558713,1577.344
5.559532,1625.858
5.56035,1675.333
5.561169,1725.795
5.561988,1777.072
5.562807,1829.029
5.563625,1881.443
5.565263,1987.218
5.5669,2092.533
5.568538,2195.382
5.570175,2293.146
5.571813,2383.166
5.57345,2462.412
5.575088,2528.105
5.576725,2577.559
5.578363,2608.741
5.58,2620.244
5.581638,2611.587
5.583275,2583.21
5.584913,2536.389
5.58655,2473.218
5.588188,2396.189
5.589825,2308.243
5.591463,2212.183
5.5931,2110.899
5.594738,2006.77
5.596375,1902.071
5.598013,1798.431
5.59965,1697.351
5.601288,1599.727
5.602925,1506.388
5.604563,1417.672
5.6062,1333.931
5.607485,1271.701
5.60877,1212.541
5.610055,1156.401
5.61134,1103.203
5.612625,1052.851
5.61391,1005.235
5.615195,960.2356
5.61648,917.7278
5.617765,877.5855
5.61905,839.6824
5.620335,803.8945
5.62162,770.1006
5.622905,738.1843
5.62419,708.0334
5.625475,679.5415
5.62676,652.607
5.628045,627.1344
5.62933,603.0334
5.630615,580.2187
5.6319,558.6111
5.633185,538.1355
5.63447,518.722
5.63704,482.824
5.63961,450.4435
5.64218,421.1675
5.64475,394.6364
5.647319,370.546
5.649889,348.6047
5.652459,328.584
5.655029,310.2759
5.657599,293.4981
5.660169,278.0911
5.662739,263.9146
5.665309,250.8448
5.667879,238.7731
5.670449,227.6029
5.673019,217.249
5.675589,207.6355
5.678159,198.6951
5.680729,190.3676
5.683299,182.5993
5.685869,175.3421
5.688438,168.5556
5.691008,162.1954
5.693578,156.2296
5.696148,150.6267
5.698718,145.358
5.701288,140.3979
5.703858,135.723
5.706428,131.3121
5.708998,127.1458
5.711568,123.2066
5.714138,119.4783
5.719278,112.5972
5.724418,106.3991
5.729557,100.798
5.734697,95.71802
5.739837,91.09759
5.744977,86.88305
5.750116,83.02899
5.755256,79.49417
5.760396,76.24494
5.765536,73.2513
5.770675,70.48769
5.775815,67.9301
5.780955,65.55901
5.786095,63.35667
5.791235,61.30741
5.796375,59.39736
5.801515,57.61412
5.806655,55.94673
5.811794,54.38561
5.816934,52.92134
5.822074,51.54634
5.827214,50.25345
5.832354,49.03627
5.837494,47.88898
5.842634,46.80634
5.852913,44.81653
5.863193,43.03321
5.873473,41.429
5.883753,39.98076
5.894032,38.66916
5.904312,37.47747
5.914591,36.3919
5.924871,35.40024
5.93515,34.49236
5.94543,33.65922
5.95571,32.89317
5.96599,32.18752
5.976269,31.53647
5.986549,30.93477
5.996829,30.37798
6.007109,29.86214
6.017388,29.38378
6.027668,28.93972
6.037948,28.52724
6.048228,28.14391
6.058507,27.78757
6.079066,27.14817
6.099625,26.59583
6.120185,26.12002
6.140744,25.71234
6.161304,25.36604
6.181863,25.07586
6.202423,24.8377
6.222982,24.64854
6.243541,24.50623
6.2641,24.4095
6.28466,24.35786
6.305219,24.35163
6.325779,24.3919
6.346338,24.48064
6.366898,24.62073
6.387457,24.81609
6.408016,25.07189
6.428575,25.39471
6.449135,25.79294
6.469694,26.27704
6.479974,26.55532
6.490254,26.86026
6.500534,27.1941
6.510813,27.55923
6.521093,27.95852
6.531373,28.3951
6.541653,28.87249
6.551932,29.3947
6.562212,29.96641
6.572491,30.59272
6.582771,31.27976
6.59305,32.03422
6.60333,32.86419
6.61361,33.77867
6.62389,34.78827
6.634169,35.90521
6.644449,37.14411
6.654729,38.52184
6.665009,40.05844
6.675288,41.77755
6.685568,43.70798
6.690708,44.76282
6.695848,45.88381
6.700988,47.07641
6.706128,48.34656
6.711268,49.70092
6.716407,51.14653
6.721547,52.69213
6.726687,54.34652
6.731827,56.11986
6.736966,58.02311
6.742106,60.06973
6.747246,62.27369
6.752386,64.65108
6.757525,67.21963
6.762665,70.00103
6.767805,73.01827
6.772945,76.29819
6.778085,79.87147
6.783225,83.77339
6.788365,88.0446
6.793505,92.73218
6.798644,97.88975
6.803784,103.5832
6.808924,109.8864
6.814064,116.8876
6.819204,124.6911
6.821774,128.9318
6.824344,133.4215
6.826914,138.1795
6.829484,143.2273
6.832054,148.5883
6.834624,154.2879
6.837194,160.3549
6.839763,166.8178
6.842333,173.7164
6.844903,181.0866
6.847473,188.9709
6.850043,197.4168
6.852613,206.4771
6.855183,216.2106
6.857753,226.6831
6.860323,237.9684
6.862893,250.1493
6.865463,263.3187
6.868033,277.5814
6.870603,293.0557
6.873173,309.8754
6.875743,328.1919
6.878313,348.1772
6.880882,370.0174
6.883452,393.9517
6.886022,420.2251
6.888592,449.1255
6.891162,480.9818
6.893732,516.1681
6.896302,555.1103
6.898872,598.2915
6.900157,621.6399
6.901441,646.2383
6.902726,672.204
6.904011,699.6013
6.905296,728.5178
6.906581,759.0452
6.907866,791.2793
6.909151,825.3192
6.910436,861.2678
6.911721,899.2295
6.913006,939.3107
6.914291,981.617
6.915576,1026.252
6.916861,1073.317
6.918146,1122.903
6.919431,1175.092
6.920716,1229.952
6.922,1287.481
6.92375,1370.288
6.9255,1458.108
6.92725,1550.729
6.929,1647.731
6.93075,1748.441
6.9325,1851.878
6.93425,1956.707
6.936,2061.205
6.93775,2163.257
6.9395,2260.38
6.94125,2349.81
6.943,2428.632
6.94475,2493.972
6.9465,2543.224
6.94825,2574.294
6.95,2585.808
6.95175,2577.271
6.9535,2549.11
6.95525,2502.636
6.957,2439.888
6.95875,2363.429
6.9605,2276.108
6.96225,2180.825
6.964,2080.342
6.96575,1977.15
6.9675,1873.381
6.971,1670.695
6.97275,1574.141
6.9745,1481.814
6.97625,1394.153
6.978,1311.393
6.979997,1223.03
6.981993,1141.107
6.983989,1065.363
6.985985,995.4951
6.987981,931.1469
6.989977,871.9374
6.991973,817.4799
6.993969,767.3948
6.995966,721.2963
6.997962,678.8873
6.999958,639.8238
7.001954,603.8107
7.00395,570.5769
7.005946,539.875
7.007942,511.4795
7.009938,485.1862
7.011935,460.7979
7.013931,438.1714
7.015927,417.1424
7.017923,397.574
7.019919,379.342
7.021915,362.3343
7.023911,346.4496
7.025907,331.596
7.027903,317.6904
7.029899,304.6572
7.031895,292.428
7.033891,280.9404
7.035887,270.138
7.037883,259.9693
7.039879,250.3871
7.041875,241.3487
7.043872,232.8106
7.045868,224.7457
7.047864,217.1168
7.04986,209.8937
7.053852,196.5568
7.057844,184.5402
7.061837,173.6758
7.065829,163.828
7.069821,154.8737
7.073813,146.7095
7.077806,139.2445
7.081798,132.4054
7.08579,126.1233
7.089782,120.3399
7.093774,115.0043
7.097766,110.0718
7.101758,105.5031
7.10575,101.2636
7.109743,97.3215
7.113735,93.65171
7.117727,90.22896
7.121719,87.03165
7.125712,84.03978
7.129704,81.23757
7.133696,78.6087
7.137688,76.13922
7.141681,73.81597
7.145673,71.62873
7.149665,69.56659
7.153657,67.6202
7.157649,65.7811
7.161641,64.04153
7.169625,60.83341
7.17761,57.94613
7.185594,55.33894
7.193579,52.9762
7.201563,50.82879
7.209548,48.87089
7.217532,47.08128
7.225516,45.44102
7.2335,43.93396
7.241485,42.54595
7.249469,41.26509
7.257454,40.08039
7.265438,38.98276
7.273423,37.96366
7.281407,37.01608
7.289391,36.13343
7.297375,35.30994
7.30536,34.54043
7.313344,33.82051
7.321329,33.14592
7.329313,32.51317
7.337298,31.91879
7.345282,31.35995
7.353266,30.83389
7.36125,30.3382
7.377219,29.4292
7.393188,28.61767
7.409157,27.8909
7.425125,27.23828
7.441094,26.6508
7.457063,26.12094
7.473032,25.64232
7.489,25.20951
7.504969,24.8178
7.520938,24.46323
7.536907,24.1424
7.552875,23.85237
7.568844,23.5906
7.584813,23.35496
7.600782,23.14359
7.61675,22.95497
7.632719,22.78773
7.648688,22.64082
7.664657,22.51336
7.680625,22.40471
7.696594,22.31433
7.712563,22.24194
7.728532,22.18745
7.7445,22.15091
7.760469,22.13263
7.776438,22.13307
7.792407,22.153
7.808375,22.19343
7.824344,22.25569
7.840313,22.34148
7.856282,22.45296
7.87225,22.59277
7.888219,22.7643
7.904188,22.97169
7.920157,23.22016
7.936125,23.51619
7.952094,23.86809
7.960078,24.06814
7.968062,24.28629
7.976047,24.52438
7.984031,24.78437
7.992015,25.06862
7.999999,25.3798
8.000001,157.2497
8.500001,153.0068
9.000001,149.1205
9.500001,145.5436
10.0,142.237
10.044,141.956
10.04405,141.9557
10.658,138.1784
11.272,134.7171
11.886,131.5306
12.5,128.5846
13.3366,124.9068
14.1732,121.5636
14.2,121.4595
15.0,118.4816
16.0,115.0802
17.0,111.9856
18.5,107.8264
20.0,104.148
21.25,101.3978
22.5,98.88169
23.75,96.56831
25.0,94.43192
27.5,90.60789
30.0,87.2759
32.5,84.32418
35.0,81.69703
37.5,79.33918
40.0,77.20767
42.5,75.26858
45.0,73.49469
47.5,71.86387
50.0,70.3579
55.0,67.64886
60.0,65.28876
65.0,63.20883
70.0,61.3578
72.0,60.66939
78.5,58.61839
85.0,56.80957
92.5,54.9664
100.0,53.3366
106.25,52.13095
112.5,51.02905
118.75,50.01696
125.0,49.08317
133.0,47.98718
141.0,46.98764
141.421,46.93744
150.0,45.91083
160.0,44.82028
170.0,43.82765
185.0,42.49278
200.0,41.3113
212.5,40.44306
225.0,39.64904
237.5,38.91929
250.0,38.24558
275.0,37.04023
300.0,35.9905
325.0,35.05996
350.0,34.23212
375.0,33.48944
400.0,32.81829
425.0,32.2079
450.0,31.64966
475.0,31.13653
500.0,30.6628
550.0,29.81119
600.0,29.0694
650.0,28.41572
700.0,27.834
720.0,27.61824
785.0,26.9753
850.0,26.40808
925.0,25.82985
1000.0,25.31831
1062.5,24.93597
1125.0,24.58592
1187.5,24.26386
1250.0,23.96621
1375.0,23.43289
1500.0,22.96749
1600.0,22.63498
1700.0,22.33212
1850.0,21.92448
2000.0,21.5633
2125.0,21.2962
2250.0,21.05122
2375.0,20.82543
2500.0,20.61641
2750.0,20.24099
3000.0,19.9124
3250.0,19.6308
3500.0,19.37853
3750.0,19.15071
4000.0,18.94355
4250.0,18.75401
4500.0,18.57968
5000.0,18.269
5500.0,18.01179
6000.0,17.78476
6500.0,17.58223
7000.0,17.3999
7200.0,17.33554
7850.0,17.14162
8500.0,16.96775
9250.0,16.78763
10000.0,16.6257
11250.0,16.41009
12500.0,16.22225
13750.0,16.05629
15000.0,15.908
17000.0,15.69989
18500.0,15.56267
19999.99,15.4385
21092.5,15.3618
23149.0,15.22319
25205.5,15.10105
27262.0,14.99255
29318.5,14.8955
29318.6,14.89549
30000.0,14.8635
33156.73,14.71594
36313.45,14.58883
39470.18,14.47839
42626.9,14.3818
42626.92,14.3818
46313.45,14.26716
50000.0,14.1682
54574.88,14.02933
59149.75,13.90845
63724.63,13.80259
68299.5,13.70941
70000.0,13.6738
72136.3,13.6217
72136.31,13.6217
75330.3,13.5469
75330.31,13.5469
80887.18,13.41675
86444.05,13.30175
92000.93,13.19975
97557.8,13.109
100000.0,13.0679
105485.5,12.93837
110971.0,12.81986
120000.0,12.6366
125962.0,12.5243
125962.4,12.52429
132981.0,12.39819
140000.0,12.283
140617.0,12.2731
146994.0,12.1733
146995.0,12.17328
148812.0,12.1457
148813.0,12.14568
156396.0,12.0326
163979.0,11.9307
163979.1,11.9307
165255.0,11.9137
170000.0,11.8517
174364.0,11.7965
174365.0,11.79649
187824.0,11.6362
196572.0,11.5391
200000.0,11.5024
202890.0,11.458
213275.0,11.3049
213275.3,11.30489
218116.0,11.2367
218116.5,11.23669
226975.0,11.11518
235834.0,11.0026
235834.2,11.0026
238405.0,10.9705
238405.4,10.97049
242664.0,10.9183
242664.1,10.9183
250000.0,10.831
257067.0,10.7499
263084.0,10.6831
276136.0,10.54247
289188.0,10.4141
289188.1,10.4141
289791.0,10.4083
300000.0,10.3116
304224.0,10.2621
318567.0,10.1007
321952.0,10.064
341464.0,9.85693
360976.0,9.668729
380488.0,9.496927
400000.0,9.33948
425000.0,9.136794
450000.0,8.95608
475000.0,8.794313
500000.0,8.64901
525000.0,8.492479
550000.0,8.347953
575000.0,8.214083
600000.0,8.08972
650000.0,7.849697
700000.0,7.64516
750000.0,7.496393
800000.0,7.36414
850000.0,7.237474
900000.0,7.12484
950000.0,7.014821
1000000.0,6.91738
1050000.0,6.863152
1100000.0,6.81461
1150000.0,6.786257
1200000.0,6.76134
1250000.0,6.761838
1300000.0,6.76385
1350000.0,6.76435
1400000.0,6.76618
1450000.0,6.792679
1500000.0,6.81936
1550000.0,6.844353
1600000.0,6.86949
1650000.0,6.909358
1700000.0,6.94895
1750000.0,6.986956
1800000.0,7.0247
1850000.0,7.069164
1900000.0,7.11325
1950000.0,7.15594
2000000.0,7.19828
2075000.0,7.261447
2150000.0,7.323864
2225000.0,7.385542
2300000.0,7.44649
2350000.0,7.480909
2400000.0,7.515066
2450000.0,7.548959
2500000.0,7.58259
2550000.0,7.610592
2600000.0,7.638381
2650000.0,7.665957
2700000.0,7.69332
2775000.0,7.726283
2850000.0,7.758854
2925000.0,7.791027
3000000.0,7.8228
3062500.0,7.824353
3125000.0,7.825904
3187500.0,7.82744
3250000.0,7.828955
3312500.0,7.830437
3375000.0,7.831882
3437500.0,7.83328
3500000.0,7.83463
3562500.0,7.836101
3625000.0,7.837527
3687500.0,7.838903
3750000.0,7.840225
3812500.0,7.84149
3875000.0,7.842692
3937500.0,7.843829
4000000.0,7.8449
4062500.0,7.817653
4125000.0,7.790848
4187500.0,7.764467
4250000.0,7.738491
4312500.0,7.712907
4375000.0,7.687695
4437500.0,7.662845
4500000.0,7.63834
4562500.0,7.614509
4625000.0,7.59108
4687500.0,7.568036
4750000.0,7.545366
4812500.0,7.523057
4875000.0,7.501098
4937500.0,7.479476
5000000.0,7.458179
5070035.0,7.415733
5140070.0,7.37403
5210105.0,7.33304
5280140.0,7.29274
5280143.0,7.292738
5335108.0,7.261334
5390072.0,7.230455
5445036.0,7.200085
5500000.0,7.17021
5625000.0,7.103465
5750000.0,7.039109
5875000.0,6.977007
6000000.0,6.91703
6125000.0,6.848746
6250000.0,6.782781
6375000.0,6.719009
6500000.0,6.65731
6750000.0,6.53722
7000000.0,6.42554
7500000.0,6.2337
8000000.0,6.05944
8500000.0,5.935569
9000000.0,5.82111
9500000.0,5.75502
10000000.0,5.69301
10500000.0,5.67283
11000000.0,5.65365
11500000.0,5.667071
12000000.0,5.67995
12416700.0,5.709203
12416750.0,5.709208
12500000.0,5.71492
12750000.0,5.731932
13000000.0,5.74873
13250000.0,5.771761
13500000.0,5.794581
13750000.0,5.816946
14000000.0,5.839111
14250000.0,5.863254
14500000.0,5.887201
14750000.0,5.910714
15000000.0,5.93404
15250000.0,5.95614
15500000.0,5.978049
15750000.0,5.9996
16000000.0,6.02097
16250000.0,6.038904
16500000.0,6.05666
17000000.0,6.09148
17500000.0,6.11641
17903000.0,6.136079
17903010.0,6.13608
18000000.0,6.14073
18500000.0,6.15385
19000000.0,6.16664
19500000.0,6.16789
20000000.0,6.1691
