1e-05,105511.4
1.03125e-05,103903.1
1.0625e-05,102366.2
1.09375e-05,100895.6
1.125e-05,99486.68
1.15625e-05,98135.25
1.1875e-05,96837.51
1.21875e-05,95589.97
1.25e-05,94389.5
1.28125e-05,93233.19
1.3125e-05,92118.41
1.34375e-05,91042.73
1.375e-05,90003.91
1.4375e-05,88028.79
1.5e-05,86178.38
1.5625e-05,84440.08
1.625e-05,82803.0
1.6875e-05,81257.69
1.75e-05,79795.88
1.8125e-05,78410.32
1.875e-05,77094.57
1.9375e-05,75843.01
2e-05,74650.53
2.09375e-05,72962.92
2.1875e-05,71384.94
2.28125e-05,69905.2
2.375e-05,68513.92
2.46875e-05,67202.64
2.5625e-05,65963.94
2.65625e-05,64791.4
2.75e-05,63679.3
2.84375e-05,62622.63
2.9375e-05,61616.93
3.03125e-05,60658.23
3.125e-05,59742.99
3.21875e-05,58868.01
3.3125e-05,58030.43
3.40625e-05,57227.65
3.5e-05,56457.32
3.59375e-05,55717.32
3.6875e-05,55005.71
3.78125e-05,54320.73
3.875e-05,53660.74
3.96875e-05,53024.26
4.0625e-05,52409.94
4.25e-05,51242.81
4.4375e-05,50150.42
4.625e-05,49125.12
4.8125e-05,48160.31
5e-05,47250.27
5.15625e-05,46530.11
5.3125e-05,45841.95
5.46875e-05,45183.47
5.625e-05,44552.62
5.78125e-05,43947.51
5.9375e-05,43366.43
6.09375e-05,42807.83
6.25e-05,42270.3
6.40625e-05,41752.56
6.5625e-05,41253.4
6.71875e-05,40771.75
6.875e-05,40306.61
7.1875e-05,39422.22
7.5e-05,38593.68
7.8125e-05,37815.33
8.125e-05,37082.32
8.4375e-05,36390.39
8.75e-05,35735.84
9.0625e-05,35115.44
9.375e-05,34526.31
9.6875e-05,33965.89
0.0001,33431.95
0.000103125,32922.45
0.00010625,32435.59
0.000109375,31969.74
0.0001125,31523.43
0.000115625,31095.32
0.00011875,30684.22
0.000121875,30289.01
0.000125,29908.73
0.000128125,29542.43
0.00013125,29189.28
0.000134375,28848.53
0.0001375,28519.45
0.00014375,27893.76
0.00015,27307.58
0.00015625,26756.93
0.0001625,26238.33
0.00016875,25748.8
0.000175,25285.73
0.00018125,24846.8
0.0001875,24430.0
0.00019375,24033.52
0.0002,23655.77
0.000209375,23121.16
0.00021875,22621.28
0.000228125,22152.53
0.0002375,21711.8
0.000246875,21296.41
0.00025625,20904.01
0.000265625,20532.56
0.000275,20180.28
0.000284375,19845.54
0.00029375,19526.95
0.000303125,19223.26
0.0003125,18933.32
0.000321875,18656.14
0.00033125,18390.81
0.000340625,18136.5
0.00035,17892.48
0.000359375,17658.06
0.00036875,17432.64
0.000378125,17215.64
0.0003875,17006.57
0.000396875,16804.94
0.00040625,16610.34
0.000425,16240.61
0.00044375,15894.56
0.0004625,15569.77
0.00048125,15264.13
0.0005,14975.85
0.000515625,14747.71
0.00053125,14529.72
0.000546875,14321.12
0.0005625,14121.28
0.000578125,13929.59
0.00059375,13745.52
0.000609375,13568.56
0.000625,13398.28
0.000640625,13234.26
0.00065625,13076.14
0.000671875,12923.57
0.0006875,12776.21
0.00071875,12496.06
0.00075,12233.59
0.00078125,11987.02
0.0008125,11754.82
0.00084375,11535.62
0.000875,11328.28
0.00090625,11131.74
0.0009375,10945.11
0.00096875,10767.59
0.001,10598.44
0.00103125,10437.05
0.0010625,10282.82
0.00109375,10135.24
0.001125,9993.856
0.00115625,9858.239
0.0011875,9728.009
0.00121875,9602.819
0.00125,9482.349
0.00128125,9366.313
0.0013125,9254.443
0.00134375,9146.497
0.001375,9042.251
0.0014375,8844.045
0.0015,8658.354
0.0015625,8483.913
0.001625,8319.631
0.0016875,8164.557
0.00175,8017.864
0.0018125,7878.82
0.001875,7746.785
0.0019375,7621.188
0.002,7501.521
0.00209375,7332.167
0.0021875,7173.815
0.00228125,7025.322
0.002375,6885.706
0.00246875,6754.117
0.0025625,6629.813
0.00265625,6512.147
0.00275,6400.545
0.00284375,6294.507
0.0029375,6193.585
0.00303125,6097.379
0.003125,6005.533
0.00321875,5917.728
0.0033125,5833.675
0.00340625,5753.115
0.0035,5675.812
0.00359375,5601.553
0.0036875,5530.142
0.00378125,5461.402
0.003875,5395.172
0.00396875,5331.301
0.0040625,5269.653
0.00425,5152.53
0.0044375,5042.907
0.004625,4940.017
0.0048125,4843.198
0.005,4751.874
0.00515625,4679.605
0.0053125,4610.547
0.00546875,4544.469
0.005625,4481.163
0.00578125,4420.438
0.0059375,4362.126
0.00609375,4306.071
0.00625,4252.129
0.00640625,4200.172
0.0065625,4150.082
0.00671875,4101.747
0.006875,4055.069
0.0071875,3966.321
0.0075,3883.175
0.0078125,3805.067
0.008125,3731.508
0.0084375,3662.072
0.00875,3596.388
0.0090625,3534.129
0.009375,3475.009
0.0096875,3418.772
0.01,3365.19
0.0103125,3314.062
0.010625,3265.205
0.0109375,3218.456
0.01125,3173.668
0.0115625,3130.706
0.011875,3089.451
0.0121875,3049.793
0.0125,3011.63
0.0128125,2974.872
0.013125,2939.434
0.0134375,2905.239
0.01375,2872.215
0.014375,2809.427
0.015,2750.603
0.015625,2695.343
0.01625,2643.302
0.016875,2594.177
0.0175,2547.708
0.018125,2503.66
0.01875,2461.834
0.019375,2422.048
0.02,2384.139
0.0206625,2345.849
0.021325,2309.356
0.0219875,2274.524
0.02265,2241.231
0.0233125,2209.367
0.023975,2178.833
0.0246375,2149.538
0.0253,2121.4
0.02607188,2089.948
0.02684375,2059.861
0.02761563,2031.045
0.0283875,2003.412
0.02915938,1976.884
0.02993125,1951.388
0.03070313,1926.86
0.031475,1903.24
0.03224688,1880.472
0.03301875,1858.508
0.0345625,1816.808
0.03610625,1777.809
0.03765,1741.236
0.03919375,1706.844
0.0407375,1674.426
0.04228125,1643.799
0.043825,1614.806
0.04536875,1587.304
0.0469125,1561.172
0.04845625,1536.298
0.05,1512.585
0.0515625,1489.677
0.053125,1467.786
0.0546875,1446.841
0.05625,1426.774
0.0578125,1407.526
0.059375,1389.043
0.0609375,1371.275
0.0625,1354.178
0.0640625,1337.711
0.065625,1321.834
0.0671875,1306.515
0.06875,1291.72
0.071875,1263.592
0.075,1237.241
0.078125,1212.487
0.08125,1189.175
0.084375,1167.17
0.0875,1146.354
0.090625,1126.624
0.09375,1107.889
0.096875,1090.067
0.1,1073.089
0.103125,1056.887
0.10625,1041.405
0.109375,1026.592
0.1125,1012.4
0.115625,998.7875
0.11875,985.7156
0.121875,973.1498
0.125,961.0581
0.128125,949.4115
0.13125,938.1831
0.134375,927.3488
0.1375,916.8858
0.14375,896.9928
0.15,878.3563
0.15625,860.8492
0.1625,844.3619
0.16875,828.7991
0.175,814.0776
0.18125,800.1241
0.1875,786.8742
0.19375,774.2705
0.2,762.2622
0.209375,745.2681
0.21875,729.3783
0.228125,714.4782
0.2375,700.4691
0.246875,687.2658
0.25625,674.7936
0.265625,662.9875
0.275,651.7904
0.284375,641.1515
0.29375,631.026
0.303125,621.3739
0.3125,612.1593
0.321875,603.3503
0.33125,594.9179
0.340625,586.836
0.35,579.081
0.359375,571.6313
0.36875,564.4677
0.378125,557.572
0.3875,550.928
0.396875,544.5208
0.40625,538.3367
0.425,526.5881
0.44375,515.592
0.4625,505.2715
0.48125,495.56
0.4999999,486.4
0.5000001,620.0799
0.5312501,601.9367
0.5625,585.3267
0.59375,570.0453
0.6249999,555.9243
0.6562499,542.8241
0.6874998,530.6271
0.7187497,519.2342
0.7499996,508.5606
0.7812496,498.5338
0.8124995,489.091
0.8437494,480.1775
0.8749993,471.7457
0.9374992,456.1645
0.999999,442.0673
1.0,442.067
1.000001,442.0668
1.051778,431.3569
1.103554,421.4108
1.15533,412.1417
1.207106,403.4763
1.258882,395.3516
1.310658,387.7139
1.362434,380.5163
1.41421,373.7181
1.487434,364.6674
1.560658,356.2611
1.633882,348.426
1.707105,341.1004
1.780329,334.231
1.853553,327.7726
1.926777,321.6857
2.0,315.936
2.125,306.8455
2.25,298.5237
2.375,290.8679
2.5,283.7938
2.625,277.2314
2.75,271.1218
2.875,265.4151
3.0,260.069
3.125,255.0454
3.25,250.3146
3.375,245.8492
3.5,241.6252
3.75,233.8202
4.0,226.7591
4.25,220.3308
4.5,214.446
4.75,209.0323
5.0,204.03
5.25,199.3885
5.5,195.0672
5.75,191.0311
6.0,187.25
6.25,183.6983
6.5,180.3535
6.75,177.1963
7.0,174.21
7.375,170.0181
7.75,166.1342
8.125,162.5227
8.5,159.1529
8.875,155.9991
9.25,153.0391
9.625,150.2539
10.0,147.627
10.51777,144.2556
11.03553,141.1251
11.55329,138.2081
12.07105,135.4815
12.58882,132.9252
13.10658,130.5226
13.62434,128.2586
14.1421,126.1205
14.87434,123.2435
15.60658,120.571
16.33882,118.0799
17.07105,115.7505
17.80329,113.566
18.53553,111.512
19.26777,109.576
20.0,107.747
21.25,104.8723
22.5,102.2408
23.75,99.81996
25.0,97.58312
26.25,95.50811
27.5,93.57633
28.75,91.77199
30.0,90.0817
31.25,88.49359
32.5,86.99805
33.75,85.58644
35.0,84.25118
37.5,81.78393
40.0,79.55189
42.5,77.51991
45.0,75.65979
47.5,73.94862
50.0,72.3675
52.5,70.9006
55.0,69.53494
57.5,68.25938
60.0,67.06443
62.5,65.94197
65.0,64.88491
67.5,63.88718
70.0,62.9434
73.75,61.61885
77.5,60.39168
81.25,59.2505
85.0,58.18572
88.75,57.1892
92.5,56.25392
96.25,55.37386
100.0,54.5438
105.1777,53.49119
110.3553,52.51403
115.5329,51.60375
120.7105,50.75306
125.8882,49.95573
131.0658,49.20647
136.2434,48.50064
141.421,47.83421
148.7434,46.91377
156.0658,46.05847
163.3882,45.26094
170.7105,44.51496
178.0329,43.81516
185.3553,43.15695
192.6777,42.53635
200.0,41.9499
212.5,41.04331
225.0,40.21329
237.5,39.44961
250.0,38.74388
262.5,38.08911
275.0,37.47946
287.5,36.90997
300.0,36.3764
312.5,35.87652
325.0,35.40569
337.5,34.96119
350.0,34.54065
375.0,33.76338
400.0,33.05996
425.0,32.41938
450.0,31.83279
475.0,31.293
500.0,30.7941
525.0,30.33315
550.0,29.90385
575.0,29.50269
600.0,29.12674
625.0,28.77345
650.0,28.44063
675.0,28.12638
700.0,27.829
737.5,27.41388
775.0,27.02901
812.5,26.67088
850.0,26.33649
887.5,26.02336
925.0,25.72928
962.5,25.45239
1000.0,25.1911
1062.5,24.79254
1125.0,24.42711
1187.5,24.09044
1250.0,23.77891
1312.5,23.48953
1375.0,23.21977
1437.5,22.96748
1500.0,22.73086
1562.5,22.50832
1625.0,22.29852
1687.5,22.10027
1750.0,21.91256
1875.0,21.56518
2000.0,21.2503
2125.0,20.97038
2250.0,20.71336
2375.0,20.47627
2500.0,20.2566
2625.0,20.0523
2750.0,19.86162
2875.0,19.68311
3000.0,19.5155
3125.0,19.36334
3250.0,19.21959
3375.0,19.08348
3500.0,18.95433
3750.0,18.71465
4000.0,18.49662
4250.0,18.29707
4500.0,18.11349
4750.0,17.9438
5000.0,17.7863
5250.0,17.6463
5500.0,17.51519
5750.0,17.39202
6000.0,17.27599
6250.0,17.16641
6500.0,17.0627
6750.0,16.96431
7000.0,16.8708
7375.0,16.74544
7750.0,16.62825
8125.0,16.51836
8500.0,16.415
8875.0,16.3175
9250.0,16.22532
9625.0,16.13796
10000.0,16.055
10625.0,15.93762
11250.0,15.82849
11875.0,15.72662
12500.0,15.63118
13125.0,15.54146
13750.0,15.45687
14375.0,15.3769
15000.0,15.30111
15625.0,15.22914
16250.0,15.16062
16875.0,15.09528
17500.0,15.03284
18750.0,14.91586
20000.0,14.8081
21250.0,14.71684
22500.0,14.63151
23750.0,14.55145
25000.0,14.47606
26250.0,14.40486
27500.0,14.33743
28750.0,14.27342
30000.0,14.2125
30129.3,14.2065
31371.22,14.14971
32613.14,14.09538
33855.06,14.04331
35096.98,13.99333
37580.82,13.89902
40064.65,13.81145
42548.49,13.72974
45032.33,13.6532
47516.17,13.58125
50000.0,13.5134
52564.65,13.44168
55129.3,13.37385
57693.95,13.30953
60258.6,13.2484
62693.95,13.19241
65129.3,13.13904
67564.65,13.0881
70000.0,13.0394
73750.0,12.95531
77500.0,12.8763
81250.0,12.80186
85000.0,12.73154
88750.0,12.66497
92500.0,12.60181
96250.0,12.54177
100000.0,12.4846
100431.0,12.4757
100431.1,12.4757
106363.0,12.35762
106363.5,12.35761
110474.0,12.2802
110474.2,12.2802
115237.0,12.1944
120000.0,12.113
125000.0,12.03072
130000.0,11.95258
135000.0,11.87824
140000.0,11.8074
147500.0,11.7042
155000.0,11.60798
162500.0,11.51799
170000.0,11.4336
177500.0,11.35007
185000.0,11.2719
192500.0,11.19859
200000.0,11.1297
212500.0,10.97109
225000.0,10.82511
237500.0,10.69021
250000.0,10.5651
262500.0,10.44301
275000.0,10.32959
287500.0,10.22392
300000.0,10.1252
312500.0,10.00075
325000.0,9.883389
337500.0,9.772491
350000.0,9.667503
375000.0,9.47336
400000.0,9.29768
425000.0,9.124969
450000.0,8.969763
475000.0,8.829658
500000.0,8.70268
525000.0,8.563058
550000.0,8.433859
575000.0,8.313958
600000.0,8.20239
625000.0,8.090821
650000.0,7.9874
675000.0,7.891328
700000.0,7.80191
725000.0,7.727844
750000.0,7.657998
775000.0,7.592039
800000.0,7.52967
825000.0,7.466664
850000.0,7.40712
900000.0,7.29744
950000.0,7.190913
1000000.0,7.09577
1050000.0,7.03775
1100000.0,6.98539
1150000.0,6.951993
1200000.0,6.92215
1250000.0,6.916754
1300000.0,6.91303
1350000.0,6.908064
1400000.0,6.9046
1450000.0,6.924889
1500000.0,6.94548
1550000.0,6.96457
1600000.0,6.98393
1650000.0,7.017024
1700000.0,7.04995
1750000.0,7.081437
1800000.0,7.11277
1850000.0,7.150084
1900000.0,7.18715
1950000.0,7.222902
2000000.0,7.25843
2037500.0,7.284998
2075000.0,7.311465
2112500.0,7.337827
2150000.0,7.364086
2187500.0,7.390242
2225000.0,7.416295
2262500.0,7.442244
2300000.0,7.46809
2350000.0,7.498736
2400000.0,7.529255
2450000.0,7.559647
2500000.0,7.58991
2550000.0,7.615884
2600000.0,7.641761
2650000.0,7.66754
2700000.0,7.69322
2737500.0,7.707117
2775000.0,7.720979
2812500.0,7.734807
2850000.0,7.748598
2887500.0,7.762355
2925000.0,7.776074
2962500.0,7.789755
3000000.0,7.8034
3062500.0,7.815511
3125000.0,7.827613
3187500.0,7.839702
3250000.0,7.851774
3312500.0,7.863826
3375000.0,7.875857
3437500.0,7.887862
3500000.0,7.89984
3562500.0,7.895573
3625000.0,7.89146
3687500.0,7.887492
3750000.0,7.883668
3812500.0,7.879977
3875000.0,7.876416
3937500.0,7.872978
4000000.0,7.86966
4125000.0,7.832562
4250000.0,7.796845
4375000.0,7.762421
4500000.0,7.72921
4750000.0,7.624879
5000000.0,7.52758
5500000.0,7.280412
5750000.0,7.147233
6000000.0,7.023261
6090560.0,6.976374
6500000.0,6.77659
6750000.0,6.660434
7000000.0,6.552105
7250000.0,6.450372
7500000.0,6.355131
8000000.0,6.187193
8500000.0,6.047922
9000000.0,5.936163
9500000.0,5.850389
10000000.0,5.788814
10500000.0,5.749295
11000000.0,5.729393
11500000.0,5.726501
12000000.0,5.737885
12250000.0,5.749384
12500000.0,5.760823
12750000.0,5.776805
13000000.0,5.792709
13250000.0,5.811911
13500000.0,5.831036
13605500.0,5.84011
13605600.0,5.840118
13802800.0,5.856856
14000000.0,5.873551
14250000.0,5.895923
14500000.0,5.918224
14750000.0,5.940806
15000000.0,5.963315
15250000.0,5.985041
15500000.0,6.006687
16000000.0,6.048987
16500000.0,6.085729
16750000.0,6.103686
17000000.0,6.121569
17500000.0,6.148847
18000000.0,6.175471
18500000.0,6.191838
19000000.0,6.207785
19500000.0,6.212695
20000000.0,6.217471
