1e-05,135177.8
1.03125e-05,133114.0
1.0625e-05,131142.0
1.09375e-05,129255.1
1.125e-05,127447.5
1.15625e-05,125713.5
1.1875e-05,124048.5
1.21875e-05,122448.0
1.25e-05,120907.9
1.28125e-05,119424.4
1.3125e-05,117994.3
1.34375e-05,116614.3
1.375e-05,115281.7
1.4375e-05,112747.9
1.5e-05,110374.3
1.5625e-05,108144.5
1.625e-05,106044.6
1.6875e-05,104062.5
1.75e-05,102187.6
1.8125e-05,100410.5
1.875e-05,98722.96
1.9375e-05,97117.79
2e-05,95588.46
2.09375e-05,93424.17
2.1875e-05,91400.55
2.28125e-05,89502.98
2.375e-05,87718.91
2.46875e-05,86037.47
2.5625e-05,84449.15
2.65625e-05,82945.68
2.75e-05,81519.77
2.84375e-05,80164.96
2.9375e-05,78875.54
3.03125e-05,77646.41
3.125e-05,76473.02
3.21875e-05,75351.26
3.3125e-05,74277.47
3.40625e-05,73248.33
3.5e-05,72260.82
3.59375e-05,71312.2
3.6875e-05,70400.0
3.78125e-05,69521.93
3.875e-05,68675.92
3.96875e-05,67860.07
4.0625e-05,67072.62
4.25e-05,65576.63
4.4375e-05,64176.5
4.625e-05,62862.38
4.8125e-05,61625.84
5e-05,60459.52
5.15625e-05,59536.58
5.3125e-05,58654.67
5.46875e-05,57810.83
5.625e-05,57002.39
5.78125e-05,56226.96
5.9375e-05,55482.34
6.09375e-05,54766.55
6.25e-05,54077.77
6.40625e-05,53414.35
6.5625e-05,52774.75
6.71875e-05,52157.61
6.875e-05,51561.62
7.1875e-05,50428.49
7.5e-05,49366.94
7.8125e-05,48369.73
8.125e-05,47430.63
8.4375e-05,46544.19
8.75e-05,45705.67
9.0625e-05,44910.91
9.375e-05,44156.22
9.6875e-05,43438.35
0.0001,42754.4
0.000103125,42101.78
0.00010625,41478.17
0.000109375,40881.48
0.0001125,40309.81
0.000115625,39761.5
0.00011875,39234.96
0.000121875,38728.81
0.000125,38241.76
0.000128125,37772.64
0.00013125,37320.38
0.000134375,36883.98
0.0001375,36462.55
0.00014375,35661.29
0.00015,34910.65
0.00015625,34205.5
0.0001625,33541.44
0.00016875,32914.62
0.000175,32321.69
0.00018125,31759.7
0.0001875,31226.04
0.00019375,30718.42
0.0002,30234.79
0.000209375,29550.34
0.00021875,28910.38
0.000228125,28310.29
0.0002375,27746.09
0.000246875,27214.34
0.00025625,26712.04
0.000265625,26236.58
0.000275,25785.64
0.000284375,25357.18
0.00029375,24949.41
0.000303125,24560.7
0.0003125,24189.62
0.000321875,23834.86
0.00033125,23495.27
0.000340625,23169.8
0.00035,22857.5
0.000359375,22557.5
0.00036875,22269.01
0.000378125,21991.32
0.0003875,21723.76
0.000396875,21465.75
0.00040625,21216.72
0.000425,20743.6
0.00044375,20300.79
0.0004625,19885.2
0.00048125,19494.12
0.0005,19125.26
0.000515625,18833.37
0.00053125,18554.46
0.000546875,18287.58
0.0005625,18031.9
0.000578125,17786.66
0.00059375,17551.16
0.000609375,17324.77
0.000625,17106.94
0.000640625,16897.12
0.00065625,16694.82
0.000671875,16499.64
0.0006875,16311.15
0.00071875,15952.77
0.00075,15617.02
0.00078125,15301.63
0.0008125,15004.61
0.00084375,14724.24
0.000875,14459.04
0.00090625,14207.66
0.0009375,13968.96
0.00096875,13741.91
0.001,13525.58
0.00103125,13319.16
0.0010625,13121.91
0.00109375,12933.18
0.001125,12752.36
0.00115625,12578.93
0.0011875,12412.38
0.00121875,12252.29
0.00125,12098.23
0.00128125,11949.84
0.0013125,11806.79
0.00134375,11668.75
0.001375,11535.45
0.0014375,11282.0
0.0015,11044.55
0.0015625,10821.5
0.001625,10611.44
0.0016875,10413.16
0.00175,10225.59
0.0018125,10047.82
0.001875,9878.998
0.0019375,9718.418
0.002,9565.421
0.00209375,9348.899
0.0021875,9146.447
0.00228125,8956.604
0.002375,8778.112
0.00246875,8609.886
0.0025625,8450.975
0.00265625,8300.55
0.00275,8157.883
0.00284375,8022.328
0.0029375,7893.314
0.00303125,7770.331
0.003125,7652.924
0.00321875,7540.682
0.0033125,7433.238
0.00340625,7330.26
0.0035,7231.446
0.00359375,7136.524
0.0036875,7045.244
0.00378125,6957.379
0.003875,6872.722
0.00396875,6791.081
0.0040625,6712.283
0.00425,6562.579
0.0044375,6422.464
0.004625,6290.957
0.0048125,6167.209
0.005,6050.489
0.00515625,5958.124
0.0053125,5869.863
0.00546875,5785.412
0.005625,5704.506
0.00578125,5626.899
0.0059375,5552.378
0.00609375,5480.739
0.00625,5411.804
0.00640625,5345.408
0.0065625,5281.397
0.00671875,5219.631
0.006875,5159.984
0.0071875,5046.577
0.0075,4940.334
0.0078125,4840.533
0.008125,4746.547
0.0084375,4657.833
0.00875,4573.915
0.0090625,4494.379
0.009375,4418.854
0.0096875,4347.016
0.01,4278.574
0.0103125,4213.269
0.010625,4150.869
0.0109375,4091.164
0.01125,4033.967
0.0115625,3979.107
0.011875,3926.429
0.0121875,3875.793
0.0125,3827.07
0.0128125,3780.144
0.013125,3734.905
0.0134375,3691.256
0.01375,3649.108
0.0140625,3608.373
0.014375,3568.977
0.015,3493.92
0.015625,3423.421
0.01625,3357.039
0.016875,3294.392
0.0175,3235.141
0.018125,3178.991
0.01875,3125.683
0.019375,3074.986
0.02,3026.693
0.0206625,2977.925
0.021325,2931.459
0.0219875,2887.12
0.02265,2844.751
0.0233125,2804.211
0.023975,2765.374
0.0246375,2728.124
0.0253,2692.356
0.02607188,2652.429
0.02684375,2614.249
0.02761563,2577.693
0.0283875,2542.652
0.02915938,2509.024
0.02993125,2476.717
0.03070313,2445.647
0.031475,2415.739
0.03224688,2386.923
0.03301875,2359.135
0.03379063,2332.315
0.0345625,2306.41
0.03533438,2281.368
0.03610625,2257.143
0.03687813,2233.694
0.03765,2210.979
0.03919375,2167.608
0.0407375,2126.76
0.04228125,2088.206
0.043825,2051.74
0.04536875,2017.183
0.0469125,1984.375
0.04845625,1953.178
0.05,1923.463
0.0515625,1894.782
0.053125,1867.402
0.0546875,1841.228
0.05625,1816.174
0.0578125,1792.165
0.059375,1769.13
0.0609375,1747.007
0.0625,1725.736
0.0640625,1705.264
0.065625,1685.545
0.0671875,1666.532
0.06875,1648.186
0.0703125,1630.466
0.071875,1613.342
0.0734375,1596.776
0.075,1580.743
0.0765625,1565.212
0.078125,1550.158
0.0796875,1535.557
0.08125,1521.387
0.0828125,1507.627
0.084375,1494.256
0.0875,1468.611
0.090625,1444.319
0.09375,1421.263
0.096875,1399.337
0.1,1378.448
0.1025313,1362.23
0.1050625,1346.598
0.1075938,1331.513
0.110125,1316.945
0.1126563,1302.86
0.1151875,1289.231
0.1177188,1276.029
0.12025,1263.232
0.1227813,1250.815
0.1253125,1238.759
0.1278438,1227.044
0.130375,1215.651
0.1329063,1204.561
0.1354375,1193.763
0.1379688,1183.238
0.1405,1172.974
0.1430313,1162.956
0.1455625,1153.174
0.150625,1134.271
0.1556875,1116.18
0.16075,1098.827
0.1658125,1082.147
0.170875,1066.082
0.1759375,1050.579
0.181,1035.593
0.18575,1021.965
0.1905,1008.724
0.19525,995.8437
0.2,983.2975
0.2046875,971.2227
0.209375,959.432
0.2140625,947.9078
0.21875,936.6339
0.2234375,925.5957
0.228125,914.7798
0.2328125,904.1745
0.2375,893.7688
0.2421875,883.5528
0.246875,873.5179
0.2515625,863.6559
0.25625,853.9597
0.2609375,844.4228
0.265625,835.0395
0.2703125,825.8044
0.275,816.713
0.2796875,807.761
0.284375,798.9448
0.29375,781.7067
0.303125,764.9767
0.3125,748.7374
0.321875,732.9759
0.33125,717.6821
0.340625,702.8488
0.35,688.4707
0.359375,674.5443
0.36875,661.067
0.378125,648.0373
0.3875,635.4542
0.396875,623.317
0.40625,611.6256
0.415625,600.3795
0.425,589.5787
0.434375,579.2226
0.44375,569.311
0.453125,559.8435
0.4625,550.8192
0.471875,542.2375
0.48125,534.0976
0.5,519.1394
0.5142988,508.9129
0.5285975,499.7049
0.5428963,491.5136
0.557195,484.3381
0.5714938,478.1795
0.5857925,473.0414
0.6000913,468.9295
0.61439,465.8533
0.6325038,463.4632
0.6506175,462.7914
0.6687313,463.8851
0.686845,466.8054
0.7049588,471.6275
0.7230725,478.4429
0.7411863,487.3599
0.7593,498.5036
0.7774138,512.017
0.7955275,528.0587
0.8136413,546.8009
0.831755,568.4236
0.8498688,593.1069
0.8679825,621.0163
0.8860963,652.2839
0.90421,686.9783
0.9161838,711.7833
0.9281575,738.0291
0.952105,794.4711
0.9760525,855.0354
1.0,917.4087
1.015225,956.4183
1.03045,993.5292
1.045675,1027.353
1.0609,1056.389
1.076125,1079.132
1.09135,1094.223
1.098963,1098.55
1.106575,1100.596
1.114188,1100.298
1.1218,1097.627
1.135394,1086.991
1.148988,1069.129
1.162582,1044.67
1.176175,1014.505
1.189769,979.6883
1.203363,941.362
1.23055,858.6376
1.257738,774.2044
1.271332,733.2019
1.284925,693.6932
1.298519,656.0103
1.312113,620.3785
1.325707,586.925
1.3393,555.7057
1.357307,517.7746
1.375313,483.643
1.393319,453.1243
1.411325,425.9949
1.429332,402.0174
1.447338,380.9617
1.465344,362.6086
1.48335,346.7608
1.501357,333.2441
1.519363,321.9114
1.537369,312.6368
1.555375,305.3175
1.573382,299.8694
1.591388,296.2223
1.609394,294.3126
1.6274,294.0745
1.640057,294.865
1.652713,296.4054
1.665369,298.648
1.678025,301.5301
1.703338,308.8621
1.72865,317.4456
1.753963,325.8761
1.766619,329.4818
1.779275,332.3588
1.791932,334.2711
1.804588,335.0092
1.817244,334.4097
1.8299,332.3713
1.840532,329.5239
1.851163,325.6653
1.861794,320.8563
1.872425,315.19
1.883057,308.783
1.893688,301.7705
1.91495,286.4968
1.936213,270.4773
1.957475,254.6692
1.968107,247.0792
1.978738,239.7956
1.989369,232.8728
2.0,226.3549
2.0162,217.278
2.0243,213.1531
2.0324,209.3175
2.045613,203.7065
2.058825,198.9346
2.065432,196.8783
2.072038,195.0524
2.078644,193.4656
2.08525,192.1288
2.091857,191.0545
2.098463,190.2585
2.105069,189.759
2.111675,189.578
2.118282,189.7421
2.124888,190.2834
2.131494,191.2406
2.1381,192.6609
2.144707,194.6013
2.151313,197.1313
2.157919,200.3362
2.161222,202.2236
2.164525,204.3208
2.167829,206.6455
2.171132,209.2154
2.174435,212.052
2.177738,215.179
2.181041,218.6225
2.184344,222.4119
2.187647,226.5801
2.19095,231.1636
2.194254,236.2051
2.197557,241.7476
2.20086,247.8437
2.204163,254.5509
2.207466,261.9332
2.210769,270.0613
2.214072,279.0139
2.217375,288.8777
2.220679,299.7505
2.223982,311.7277
2.227285,324.9207
2.230588,339.4425
2.233891,355.4061
2.237194,372.9199
2.240497,392.0784
2.2438,412.9506
2.246419,430.7375
2.249038,449.6039
2.251657,469.5002
2.254275,490.3246
2.259513,534.1338
2.26475,578.9701
2.267369,600.7914
2.269988,621.523
2.272607,640.5691
2.275225,657.2978
2.277844,671.107
2.280463,681.4348
2.283082,687.8376
2.2857,690.0289
2.288319,687.9128
2.290938,681.5895
2.293557,671.3494
2.296175,657.6456
2.298794,641.0249
2.301413,622.1098
2.304032,601.5276
2.30665,579.8834
2.311888,535.4346
2.317125,492.1056
2.319744,471.536
2.322363,451.9195
2.324982,433.349
2.3276,415.8802
2.329688,402.7429
2.331775,390.3127
2.333863,378.565
2.33595,367.4929
2.338038,357.0627
2.340125,347.2594
2.342213,338.0456
2.3443,329.4021
2.346388,321.292
2.348475,313.6944
2.350563,306.5744
2.35265,299.9117
2.354738,293.674
2.356825,287.8427
2.358913,282.3886
2.361,277.2947
2.365175,268.0958
2.36935,260.0939
2.373525,253.1568
2.3777,247.1696
2.381875,242.033
2.38605,237.6618
2.390225,233.9831
2.3944,230.9342
2.398575,228.4619
2.40275,226.5211
2.406925,225.0729
2.4111,224.0853
2.415275,223.5305
2.41945,223.3859
2.423625,223.6321
2.4278,224.2536
2.431975,225.2371
2.43615,226.5719
2.440325,228.249
2.4445,230.261
2.448675,232.6013
2.45285,235.264
2.4612,241.5326
2.467088,246.6846
2.472975,252.4117
2.478863,258.6797
2.48475,265.4364
2.496525,280.1231
2.5083,295.6298
2.520075,310.6653
2.525963,317.4873
2.53185,323.535
2.537738,328.5814
2.543625,332.419
2.549513,334.8853
2.5554,335.874
2.5617,335.2571
2.568,332.9585
2.5743,329.1173
2.5806,323.9448
2.5869,317.6996
2.5932,310.6614
2.6058,295.2896
2.616725,281.741
2.62765,268.9094
2.638575,257.3139
2.644038,252.0639
2.6495,247.1993
2.656779,241.3158
2.664057,236.1043
2.671335,231.5356
2.678613,227.5723
2.685891,224.1719
2.693169,221.2899
2.700447,218.8816
2.707725,216.9033
2.715004,215.3126
2.722282,214.0703
2.72956,213.1381
2.736838,212.4805
2.744116,212.0641
2.751394,211.8573
2.76595,211.9552
2.780507,212.5558
2.795063,213.4631
2.809619,214.5022
2.824175,215.5191
2.853288,216.9829
2.867844,217.243
2.8824,217.1127
2.899657,216.4304
2.916913,215.2041
2.934169,213.5203
2.951425,211.5155
2.968682,209.3654
2.985938,207.2746
3.003194,205.4658
3.02045,204.1731
3.037707,203.6388
3.046335,203.7338
3.054963,204.1129
3.063591,204.8088
3.072219,205.8554
3.080847,207.287
3.089475,209.1397
3.098104,211.4499
3.106732,214.2548
3.11536,217.5921
3.123988,221.4991
3.132616,226.0121
3.141244,231.1642
3.149872,236.9837
3.1585,243.4906
3.159,243.8889
3.160961,245.4741
3.162922,247.0951
3.166844,250.445
3.174688,257.5695
3.182532,265.2405
3.190375,273.4146
3.206063,290.9808
3.22175,309.3544
3.237438,327.0642
3.245282,335.0666
3.253125,342.1393
3.260969,348.0177
3.268813,352.4622
3.276657,355.2853
3.2845,356.3706
3.292382,355.6792
3.300263,353.2604
3.308144,349.2594
3.316025,343.8922
3.323907,337.4256
3.331788,330.1557
3.34755,314.3933
3.363313,298.7779
3.371194,291.5706
3.379075,284.9801
3.386957,279.1252
3.394838,274.0963
3.402719,269.9545
3.4106,266.7381
3.417,264.8194
3.424063,263.4218
3.431125,262.7652
3.438188,262.8194
3.44525,263.5379
3.452313,264.8552
3.459375,266.6831
3.4735,271.3963
3.487625,276.4692
3.494688,278.6613
3.50175,280.3406
3.508813,281.2977
3.515875,281.3432
3.522938,280.3241
3.53,278.1389
3.537063,274.7457
3.544125,270.1684
3.551188,264.489
3.55825,257.8425
3.565313,250.3959
3.572375,242.3398
3.5865,225.1516
3.600625,207.6475
3.61475,190.8356
3.621813,182.8923
3.628875,175.3227
3.635938,168.1503
3.643,161.3889
3.65241,153.0177
3.661819,145.3593
3.671229,138.3794
3.680638,132.038
3.690048,126.2885
3.699457,121.0863
3.708866,116.3865
3.718275,112.1477
3.727685,108.3317
3.737094,104.9054
3.746504,101.838
3.755913,99.10404
3.765323,96.68077
3.774732,94.55009
3.784141,92.69667
3.79355,91.10887
3.80296,89.77826
3.812369,88.70011
3.821779,87.87253
3.831188,87.29744
3.840598,86.97996
3.850007,86.92918
3.859416,87.15805
3.868825,87.68378
3.878235,88.5282
3.887644,89.71754
3.897054,91.2832
3.906463,93.26032
3.915873,95.68813
3.925282,98.60628
3.934691,102.0527
3.9441,106.0564
3.949782,108.7496
3.955463,111.6471
3.966825,118.0139
3.978188,124.9878
3.98955,132.2206
4.000913,139.1496
4.006594,142.2679
4.012275,145.0162
4.017957,147.2913
4.023638,148.9988
4.029319,150.0646
4.035,150.4413
4.040682,150.113
4.046363,149.0981
4.052044,147.4473
4.057725,145.2375
4.063407,142.5642
4.069088,139.5346
4.08045,132.8328
4.091813,125.9078
4.103175,119.3449
4.108857,116.322
4.114538,113.5146
4.120219,110.9421
4.1259,108.6176
4.131447,106.5946
4.136994,104.8193
4.142541,103.2934
4.148088,102.0173
4.153635,100.9912
4.159182,100.2153
4.164729,99.6909
4.170275,99.42036
4.175822,99.40774
4.181369,99.65935
4.186916,100.1838
4.192463,100.9926
4.19801,102.1005
4.203557,103.5259
4.209104,105.2916
4.21465,107.4247
4.220197,109.9592
4.225744,112.9344
4.231291,116.3976
4.236838,120.4047
4.242385,125.0216
4.247932,130.326
4.253479,136.4087
4.256252,139.7739
4.259025,143.3746
4.261799,147.2282
4.264572,151.349
4.267346,155.7581
4.270119,160.472
4.272893,165.5145
4.275666,170.9038
4.27844,176.6666
4.281213,182.8225
4.283987,189.4004
4.28676,196.4202
4.289534,203.9119
4.292307,211.894
4.295081,220.3951
4.297854,229.4292
4.300627,239.0158
4.3034,249.1662
4.306669,261.8614
4.309938,275.3346
4.313207,289.5505
4.316475,304.4374
4.323013,335.7716
4.32955,367.8625
4.332819,383.4866
4.336088,398.3342
4.339357,411.9779
4.342625,423.965
4.345894,433.8616
4.349163,441.2646
4.352432,445.8551
4.3557,447.4262
4.358969,445.9068
4.362238,441.367
4.365507,434.0125
4.368775,424.165
4.372044,412.216
4.375313,398.6091
4.378582,383.7927
4.38185,368.1986
4.388388,336.1341
4.394925,304.8111
4.398194,289.9143
4.401463,275.6879
4.404732,262.1997
4.408,249.4891
4.412015,234.9474
4.416029,221.5764
4.420043,209.3286
4.424057,198.143
4.428071,187.9491
4.432085,178.673
4.436099,170.2407
4.440113,162.5806
4.444127,155.6252
4.448141,149.3118
4.452155,143.5827
4.456169,138.3858
4.460183,133.6734
4.464197,129.4031
4.468211,125.5367
4.472225,122.0402
4.47624,118.8825
4.480254,116.0384
4.484268,113.4831
4.488282,111.1958
4.492296,109.158
4.49631,107.3534
4.500324,105.7681
4.504338,104.3898
4.508352,103.2082
4.512366,102.2144
4.51638,101.4011
4.520394,100.7625
4.524408,100.2938
4.528422,99.99171
4.532436,99.85419
4.53645,99.8803
4.540465,100.0703
4.544479,100.4257
4.548493,100.9489
4.552507,101.644
4.556521,102.5162
4.560535,103.5718
4.564549,104.8191
4.568563,106.2674
4.572577,107.9281
4.576591,109.8143
4.580605,111.9409
4.584619,114.3255
4.588633,116.9879
4.592647,119.9505
4.596661,123.2391
4.600675,126.8829
4.60469,130.9157
4.608704,135.3727
4.612718,140.2968
4.616732,145.7351
4.620746,151.7405
4.62476,158.3721
4.628774,165.6956
4.632788,173.7839
4.636802,182.7167
4.640816,192.5806
4.64483,203.468
4.648844,215.4756
4.652858,228.7009
4.656872,243.238
4.660886,259.1691
4.6649,276.5549
4.668038,291.1769
4.671175,306.6869
4.674313,323.0547
4.67745,340.194
4.683725,376.2664
4.686863,394.7849
4.69,413.2304
4.693138,431.2378
4.696275,448.356
4.699413,464.106
4.70255,477.9631
4.705688,489.43
4.708825,498.0426
4.711963,503.4407
4.7151,505.384
4.718232,503.7983
4.721363,498.7728
4.724494,490.5421
4.727625,479.4691
4.730757,466.0016
4.733888,450.6505
4.737019,433.9224
4.74015,416.3038
4.746413,380.0771
4.752675,344.7039
4.755807,327.8911
4.758938,311.8521
4.762069,296.6592
4.7652,282.3543
4.769404,264.5646
4.773607,248.3783
4.77781,233.7235
4.782013,220.5076
4.786216,208.6252
4.790419,197.9674
4.794622,188.4277
4.798825,179.905
4.803029,172.3039
4.807232,165.5429
4.811435,159.5432
4.815638,154.2367
4.819841,149.5628
4.824044,145.4685
4.828247,141.9074
4.83245,138.8394
4.836654,136.229
4.840857,134.0478
4.84506,132.2698
4.849263,130.8736
4.853466,129.8415
4.857669,129.1589
4.861872,128.8142
4.866075,128.7979
4.870279,129.1031
4.874482,129.7242
4.878685,130.6576
4.882888,131.9002
4.887091,133.4501
4.891294,135.305
4.895497,137.4624
4.8997,139.9189
4.904713,143.232
4.909725,146.947
4.914738,151.0425
4.91975,155.483
4.929775,165.1926
4.9398,175.4681
4.949825,185.3624
4.954838,189.783
4.95985,193.6221
4.964863,196.7104
4.969875,198.892
4.974888,200.0442
4.9799,200.0853
4.984925,198.9819
4.98995,196.7574
4.994975,193.4889
5.0,189.2966
5.003757,185.6481
5.007513,181.638
5.015025,172.8154
5.03005,153.7828
5.037563,144.4009
5.045075,135.4779
5.052588,127.162
5.0601,119.5307
5.067016,113.1281
5.073932,107.3129
5.080848,102.0589
5.087763,97.33169
5.094679,93.09064
5.101594,89.29701
5.10851,85.911
5.115425,82.8973
5.122341,80.22186
5.129257,77.85534
5.136173,75.77138
5.143088,73.94721
5.150004,72.36246
5.156919,71.00072
5.163835,69.84757
5.17075,68.89187
5.177666,68.12436
5.184582,67.53846
5.191498,67.12969
5.198413,66.89564
5.205329,66.83591
5.212244,66.95216
5.21916,67.24803
5.226075,67.729
5.232991,68.40259
5.239907,69.27792
5.246823,70.36572
5.253738,71.67776
5.260654,73.22704
5.267569,75.02565
5.274485,77.08513
5.2814,79.41263
5.286632,81.3534
5.291863,83.44601
5.302325,88.05568
5.312788,93.11667
5.32325,98.37444
5.333713,103.4199
5.338944,105.6939
5.344175,107.7009
5.349407,109.3652
5.354638,110.6178
5.359869,111.404
5.3651,111.6882
5.370332,111.4576
5.375563,110.7242
5.380794,109.523
5.386025,107.9082
5.391257,105.9476
5.396488,103.7173
5.40695,98.75067
5.417413,93.55866
5.427875,88.55321
5.438338,83.98798
5.443569,81.91424
5.4488,79.99036
5.45685,77.32747
5.4649,75.02106
5.47295,73.05719
5.481,71.4169
5.48905,70.0797
5.4971,69.02585
5.50515,68.23757
5.5132,67.70002
5.52125,67.40164
5.5293,67.3344
5.53735,67.49411
5.5454,67.8806
5.55345,68.49793
5.5615,69.35491
5.56955,70.46566
5.5776,71.85037
5.581625,72.65372
5.58565,73.53656
5.589675,74.50368
5.5937,75.56063
5.597725,76.7137
5.60175,77.97006
5.605775,79.33785
5.6098,80.82635
5.613825,82.44612
5.61785,84.20917
5.621875,86.12923
5.6259,88.22192
5.629925,90.50518
5.63395,92.9995
5.637975,95.72841
5.642,98.71899
5.646025,102.0024
5.65005,105.6145
5.654075,109.5968
5.6581,113.9973
5.662125,118.8713
5.66615,124.2829
5.670175,130.306
5.672188,133.5739
5.6742,137.0257
5.676213,140.6776
5.678225,144.5393
5.680238,148.6289
5.68225,152.9573
5.684263,157.5449
5.686275,162.4037
5.688288,167.5561
5.6903,173.015
5.692313,178.8042
5.694325,184.9367
5.696338,191.4371
5.69835,198.317
5.700363,205.6002
5.702375,213.2943
5.704388,221.4195
5.7064,229.9762
5.708863,241.0481
5.711325,252.7645
5.713788,265.1066
5.71625,278.0097
5.721175,305.1323
5.7261,332.929
5.728563,346.4988
5.731025,359.4346
5.733488,371.3934
5.73595,381.9941
5.738413,390.879
5.740875,397.7097
5.743338,402.2258
5.7458,404.2504
5.748263,403.7227
5.750725,400.6996
5.753188,395.3465
5.75565,387.9293
5.758113,378.7694
5.760575,368.2384
5.763038,356.6987
5.7655,344.5127
5.770425,319.4117
5.77535,294.9167
5.777813,283.3031
5.780275,272.2509
5.782738,261.8082
5.7852,252.0139
5.7879,242.0246
5.7906,232.8138
5.7933,224.3584
5.796,216.6248
5.7987,209.5734
5.8014,203.1614
5.8041,197.3449
5.8068,192.0808
5.8095,187.3272
5.8122,183.0442
5.8149,179.1947
5.8176,175.7439
5.8203,172.6599
5.823,169.9131
5.8257,167.4768
5.8284,165.3262
5.830908,163.5649
5.833416,162.0144
5.835924,160.6597
5.838432,159.4868
5.843448,157.6374
5.848463,156.3771
5.853479,155.6299
5.858494,155.3318
5.86351,155.4271
5.868525,155.8679
5.873541,156.6119
5.878557,157.6209
5.883573,158.8606
5.888588,160.2985
5.893604,161.9053
5.898619,163.6516
5.90865,167.4529
5.918682,171.4843
5.928713,175.5282
5.938744,179.3689
5.948775,182.7946
5.958807,185.6059
5.968838,187.626
5.978869,188.7144
5.9889,188.7769
5.998925,187.7748
6.00895,185.7251
6.018975,182.6975
6.029,178.8054
6.039025,174.1936
6.04905,169.024
6.0691,157.6672
6.08915,145.9261
6.1092,134.691
6.119225,129.4478
6.12925,124.5151
6.139275,119.9196
6.1493,115.6767
6.158454,112.1163
6.167607,108.8563
6.17676,105.8937
6.185913,103.2235
6.195066,100.8397
6.204219,98.73576
6.213372,96.90492
6.222525,95.34092
6.231679,94.03814
6.240832,92.9923
6.249985,92.19992
6.259138,91.65899
6.268291,91.36904
6.277444,91.33116
6.286597,91.54824
6.29575,92.02495
6.304904,92.76801
6.314057,93.78589
6.32321,95.08947
6.332363,96.69174
6.341516,98.60802
6.350669,100.856
6.359822,103.4558
6.368975,106.4299
6.378129,109.8032
6.387282,113.6018
6.396435,117.8542
6.405588,122.5894
6.414741,127.8359
6.423894,133.6207
6.433047,139.9664
6.4422,146.8888
6.450394,153.5792
6.458588,160.7282
6.466782,168.3144
6.474975,176.298
6.491363,193.1886
6.50775,210.5617
6.515944,219.0266
6.524138,227.0631
6.532332,234.4284
6.540525,240.8674
6.548719,246.1308
6.556913,249.9916
6.565107,252.2682
6.5733,252.843
6.578094,252.3704
6.582888,251.304
6.587682,249.6581
6.592475,247.4558
6.597269,244.7272
6.602063,241.5104
6.61165,233.7899
6.621238,224.6784
6.630825,214.5836
6.649999,192.9463
6.650001,150.6012
7.0,147.1972
7.75,140.6023
8.5,134.8948
9.25,129.8919
10.0,125.4591
10.625,122.0431
11.25,118.9162
11.875,116.0398
12.5,113.3823
13.75,108.6222
15.0,104.4711
16.0,101.5071
17.0,98.80895
18.5,95.18022
20.0,91.9683
21.25,89.55378
22.5,87.34367
23.75,85.31071
25.0,83.4324
27.5,80.06823
30.0,77.1345
32.5,74.54452
35.0,72.23774
37.5,70.16605
40.0,68.29209
42.5,66.58629
45.0,65.02494
47.5,63.58873
50.0,62.26184
55.0,59.8835
60.0,57.80957
65.0,55.98022
70.0,54.35091
72.0,53.74701
78.5,51.94666
85.0,50.35736
92.5,48.73635
100.0,47.30165
106.25,46.22402
112.5,45.23764
118.75,44.33031
125.0,43.49204
137.5,41.99061
150.0,40.6813
160.0,39.74646
170.0,38.8955
185.0,37.75106
200.0,36.7381
212.5,35.97804
225.0,35.28229
237.5,34.64224
250.0,34.05084
275.0,32.99148
300.0,32.06754
325.0,31.25479
350.0,30.53063
375.0,29.88007
400.0,29.29141
425.0,28.75543
450.0,28.26468
475.0,27.81316
500.0,27.39588
550.0,26.65215
600.0,26.00303
650.0,25.43
700.0,24.91923
720.0,24.73137
785.0,24.17078
850.0,23.67523
925.0,23.16912
1000.0,22.72056
1062.5,22.3905
1125.0,22.08781
1250.0,21.55071
1375.0,21.08721
1500.0,20.68179
1600.0,20.39157
1700.0,20.12684
1850.0,19.76991
2000.0,19.4531
2125.0,19.22352
2250.0,19.0126
2500.0,18.63738
2750.0,18.31254
3000.0,18.02757
3250.0,17.78842
3500.0,17.57367
3750.0,17.37934
4000.0,17.20228
4250.0,17.04003
4500.0,16.89056
5000.0,16.6237
5500.0,16.40798
6000.0,16.21705
6500.0,16.04633
7000.0,15.89235
7200.0,15.83939
7850.0,15.67951
8500.0,15.53579
9249.995,15.38652
9999.99,15.252
11250.0,15.08231
12500.0,14.93366
13750.0,14.80168
15000.0,14.68321
16250.0,14.57589
17500.0,14.47794
20000.0,14.30474
23269.5,14.13905
26539.0,13.99741
30000.0,13.8663
35000.0,13.7058
40000.0,13.57004
45000.0,13.45294
50000.0,13.35039
56297.05,13.21947
62594.1,13.10518
62594.11,13.10518
70000.0,12.9848
78520.6,12.8353
87041.2,12.7056
87041.3,12.7056
93520.65,12.61368
100000.0,12.5309
104180.0,12.45455
106605.0,12.41226
113302.5,12.29929
120000.0,12.19566
122160.0,12.16334
122160.5,12.16333
129390.8,12.05878
136621.0,11.96261
136621.5,11.9626
140000.0,11.91923
151185.0,11.78137
162370.0,11.65931
162370.2,11.65931
166233.0,11.61861
166233.5,11.6186
170000.0,11.57995
179913.0,11.48275
179913.2,11.48275
183652.0,11.44768
200000.0,11.3034
208217.5,11.20041
216435.0,11.10373
216435.3,11.10372
218872.0,11.0757
218872.6,11.07569
219627.0,11.06711
233814.0,10.91186
233815.0,10.91185
244993.0,10.79746
247444.0,10.77322
247444.1,10.77322
250000.0,10.74827
251391.0,10.73483
251451.0,10.73424
259950.0,10.65402
276686.0,10.50504
276686.5,10.50504
278817.0,10.48688
278817.5,10.48687
287011.0,10.41855
287011.1,10.41855
298289.0,10.32833
299632.0,10.31786
299632.3,10.31785
300000.0,10.315
300498.0,10.30991
301058.0,10.30417
301058.4,10.30416
301954.0,10.29505
301954.1,10.29504
302017.0,10.29441
302017.4,10.29441
306694.0,10.24737
306694.1,10.24737
314029.0,10.17543
314029.1,10.17542
316398.0,10.15266
316398.1,10.15266
325688.0,10.06544
325688.3,10.06544
326588.0,10.05716
326588.1,10.05716
329992.0,10.02613
329992.4,10.02613
335415.0,9.977537
335415.3,9.977534
351561.4,9.832539
367707.5,9.700017
383853.8,9.578647
400000.0,9.467303
425000.0,9.287199
450000.0,9.127379
475000.0,8.985086
500000.0,8.858057
525000.0,8.711774
550000.0,8.577847
575000.0,8.454908
600000.0,8.341785
625000.0,8.225127
650000.0,8.118022
675000.0,8.019529
700000.0,7.928828
725000.0,7.853535
750000.0,7.783087
775000.0,7.71709
800000.0,7.655194
825000.0,7.591249
850000.0,7.531203
875000.0,7.47477
900000.0,7.421691
925000.0,7.366079
950000.0,7.313888
1000000.0,7.218852
1025000.0,7.190704
1050000.0,7.164125
1100000.0,7.115322
1150000.0,7.086608
1200000.0,7.061442
1250000.0,7.06176
1300000.0,7.063558
1350000.0,7.063902
1400000.0,7.065514
1450000.0,7.090838
1500000.0,7.116234
1550000.0,7.1401
1600000.0,7.164005
1650000.0,7.200469
1700000.0,7.236587
1750000.0,7.271297
1800000.0,7.305676
1850000.0,7.344579
1900000.0,7.383086
1950000.0,7.420378
2000000.0,7.457292
2037500.0,7.483995
2075000.0,7.510499
2112500.0,7.536807
2150000.0,7.562918
2187500.0,7.588836
2225000.0,7.614565
2262500.0,7.640105
2300000.0,7.665458
2350000.0,7.693794
2400000.0,7.721815
2450000.0,7.74953
2500000.0,7.776942
2550000.0,7.800029
2600000.0,7.82282
2650000.0,7.845327
2700000.0,7.867551
2737500.0,7.881308
2775000.0,7.894913
2812500.0,7.908367
2850000.0,7.921677
2887500.0,7.934841
2925000.0,7.947863
2962500.0,7.960744
3000000.0,7.973488
3031250.0,7.974138
3062500.0,7.974742
3125000.0,7.975809
3187500.0,7.976693
3250000.0,7.977402
3312500.0,7.977937
3375000.0,7.978306
3437500.0,7.978511
3500000.0,7.978557
3562500.0,7.979596
3625000.0,7.980486
3687500.0,7.981235
3750000.0,7.981842
3812500.0,7.982315
3875000.0,7.982655
3937500.0,7.982866
4000000.0,7.982951
4062500.0,7.957078
4125000.0,7.931539
4187500.0,7.906323
4250000.0,7.88142
4312500.0,7.85682
4375000.0,7.832513
4437500.0,7.808488
4500000.0,7.784738
4625000.0,7.739844
4750000.0,7.696062
4875000.0,7.653332
5000000.0,7.611589
5500000.0,7.342152
5511580.0,7.333064
5750000.0,7.217678
6000000.0,7.104514
6250000.0,6.978435
6500000.0,6.860565
6750000.0,6.747412
7000000.0,6.642175
7250000.0,6.543764
7500000.0,6.451124
7750000.0,6.361449
8000000.0,6.277385
8250000.0,6.207694
8500000.0,6.14123
9000000.0,6.015563
9500000.0,5.9311
10000000.0,5.852074
10500000.0,5.813297
11000000.0,5.776576
11500000.0,5.774424
12000000.0,5.77238
12116830.0,5.778018
12500000.0,5.796197
12750000.0,5.807791
13000000.0,5.819188
13250000.0,5.838952
13500000.0,5.858508
13750000.0,5.87768
14000000.0,5.896658
14250000.0,5.919667
14500000.0,5.942486
14750000.0,5.964888
15000000.0,5.987117
15250000.0,6.009902
15500000.0,6.032512
15750000.0,6.054741
16000000.0,6.076806
16250000.0,6.096891
16500000.0,6.11681
16750000.0,6.136431
17000000.0,6.155894
17500000.0,6.187301
17877840.0,6.210537
18000000.0,6.217978
18500000.0,6.238884
19000000.0,6.259295
19500000.0,6.268725
20000000.0,6.277937
