1e-05,2272.41
1.03125e-05,2237.896
1.0625e-05,2204.916
1.09375e-05,2173.359
1.125e-05,2143.126
1.15625e-05,2114.128
1.1875e-05,2086.282
1.21875e-05,2059.513
1.25e-05,2033.755
1.28125e-05,2008.945
1.3125e-05,1985.025
1.34375e-05,1961.945
1.375e-05,1939.656
1.4375e-05,1897.28
1.5e-05,1857.579
1.5625e-05,1820.286
1.625e-05,1785.164
1.6875e-05,1752.012
1.75e-05,1720.652
1.8125e-05,1690.928
1.875e-05,1662.703
1.9375e-05,1635.855
2e-05,1610.275
2.09375e-05,1574.073
2.1875e-05,1540.225
2.28125e-05,1508.485
2.375e-05,1478.644
2.46875e-05,1450.518
2.5625e-05,1423.951
2.65625e-05,1398.802
2.75e-05,1374.95
2.84375e-05,1352.288
2.9375e-05,1330.72
3.03125e-05,1310.159
3.125e-05,1290.53
3.21875e-05,1271.767
3.3125e-05,1253.805
3.40625e-05,1236.589
3.5e-05,1220.07
3.59375e-05,1204.202
3.6875e-05,1188.942
3.78125e-05,1174.253
3.875e-05,1160.101
3.96875e-05,1146.453
4.0625e-05,1133.28
4.25e-05,1108.255
4.4375e-05,1084.832
4.625e-05,1062.848
4.8125e-05,1042.163
5e-05,1022.65
5.15625e-05,1007.211
5.3125e-05,992.457
5.46875e-05,978.34
5.625e-05,964.8154
5.78125e-05,951.8427
5.9375e-05,939.3855
6.09375e-05,927.4104
6.25e-05,915.8873
6.40625e-05,904.7883
6.5625e-05,894.088
6.71875e-05,883.7631
6.875e-05,873.7922
7.1875e-05,854.8348
7.5e-05,837.0747
7.8125e-05,820.391
8.125e-05,804.6793
8.4375e-05,789.8486
8.75e-05,775.8195
9.0625e-05,762.5224
9.375e-05,749.8959
9.6875e-05,737.8851
0.0001,726.4418
0.000103125,715.5226
0.00010625,705.0887
0.000109375,695.1052
0.0001125,685.5405
0.000115625,676.3662
0.00011875,667.5564
0.000121875,659.0876
0.000125,650.9385
0.000128125,643.0892
0.00013125,635.5219
0.000134375,628.2201
0.0001375,621.1687
0.00014375,607.7619
0.00015,595.202
0.00015625,583.4033
0.0001625,572.2918
0.00016875,561.8036
0.000175,551.8822
0.00018125,542.4785
0.0001875,533.5489
0.00019375,525.0549
0.0002,516.9621
0.000209375,505.5093
0.00021875,494.8007
0.000228125,484.7593
0.0002375,475.3183
0.000246875,466.4201
0.00025625,458.015
0.000265625,450.0586
0.000275,442.5127
0.000284375,435.3431
0.00029375,428.5193
0.000303125,422.0147
0.0003125,415.8049
0.000321875,409.8684
0.00033125,404.1858
0.000340625,398.7394
0.00035,393.5131
0.000359375,388.4929
0.00036875,383.6652
0.000378125,379.0182
0.0003875,374.5408
0.000396875,370.223
0.00040625,366.0556
0.000425,358.1382
0.00044375,350.7279
0.0004625,343.773
0.00048125,337.2285
0.0005,331.0557
0.000515625,326.1709
0.00053125,321.5033
0.000546875,317.0372
0.0005625,312.7584
0.000578125,308.6542
0.00059375,304.7131
0.000609375,300.9246
0.000625,297.279
0.000640625,293.7676
0.00065625,290.3823
0.000671875,287.1159
0.0006875,283.9613
0.00071875,277.9638
0.00075,272.3451
0.00078125,267.0668
0.0008125,262.0961
0.00084375,257.4042
0.000875,252.9658
0.00090625,248.759
0.0009375,244.7643
0.00096875,240.9645
0.001,237.3442
0.00103125,233.8897
0.0010625,230.5887
0.00109375,227.4302
0.001125,224.4042
0.00115625,221.5017
0.0011875,218.7146
0.00121875,216.0353
0.00125,213.4572
0.00128125,210.9739
0.0013125,208.5799
0.00134375,206.2698
0.001375,204.039
0.0014375,199.7974
0.0015,195.8238
0.0015625,192.0911
0.001625,188.5758
0.0016875,185.2576
0.00175,182.1188
0.0018125,179.1438
0.001875,176.3187
0.0019375,173.6314
0.002,171.0711
0.00209375,167.4478
0.0021875,164.06
0.00228125,160.8831
0.002375,157.8962
0.00246875,155.0812
0.0025625,152.422
0.00265625,149.9049
0.00275,147.5176
0.00284375,145.2493
0.0029375,143.0905
0.00303125,141.0326
0.003125,139.0681
0.00321875,137.1899
0.0033125,135.3921
0.00340625,133.669
0.0035,132.0156
0.00359375,130.4273
0.0036875,128.9
0.00378125,127.4298
0.003875,126.0134
0.00396875,124.6473
0.0040625,123.3289
0.00425,120.824
0.0044375,118.4797
0.004625,116.2793
0.0048125,114.2088
0.005,112.256
0.00515625,110.7106
0.0053125,109.2339
0.00546875,107.8209
0.005625,106.4672
0.00578125,105.1688
0.0059375,103.922
0.00609375,102.7234
0.00625,101.57
0.00640625,100.4591
0.0065625,99.38814
0.00671875,98.35472
0.006875,97.35673
0.0071875,95.45929
0.0075,93.68169
0.0078125,92.01182
0.008125,90.43924
0.0084375,88.95483
0.00875,87.55067
0.0090625,86.21976
0.009375,84.95596
0.0096875,83.75382
0.01,82.60845
0.0103125,81.51555
0.010625,80.47123
0.0109375,79.47198
0.01125,78.51465
0.0115625,77.59639
0.011875,76.71462
0.0121875,75.86699
0.0125,75.05134
0.0128125,74.26571
0.013125,73.5083
0.0134375,72.77746
0.01375,72.07168
0.014375,70.72981
0.015,69.47269
0.015625,68.29175
0.01625,67.17961
0.016875,66.12984
0.0175,65.13681
0.018125,64.19559
0.01875,63.30184
0.019375,62.45167
0.02,61.64167
0.0206625,60.82351
0.021325,60.04378
0.0219875,59.29956
0.02265,58.58822
0.0233125,57.90742
0.023975,57.25504
0.0246375,56.62914
0.0253,56.028
0.02607188,55.35571
0.02684375,54.71265
0.02761563,54.09675
0.0283875,53.50614
0.02915938,52.93916
0.02993125,52.39427
0.03070313,51.87005
0.031475,51.36526
0.03224688,50.87869
0.03301875,50.40931
0.0345625,49.51816
0.03610625,48.68482
0.03765,47.90329
0.03919375,47.16843
0.0407375,46.47575
0.04228125,45.82137
0.043825,45.2019
0.04536875,44.61434
0.0469125,44.05602
0.04845625,43.52462
0.05,43.01803
0.0515625,42.52864
0.053125,42.06102
0.0546875,41.61358
0.05625,41.18492
0.0578125,40.77378
0.059375,40.37897
0.0609375,39.99946
0.0625,39.63427
0.0640625,39.28253
0.065625,38.94343
0.0671875,38.61624
0.06875,38.30027
0.071875,37.69953
0.075,37.13677
0.078125,36.60812
0.08125,36.11028
0.084375,35.64038
0.0875,35.19588
0.090625,34.77459
0.09375,34.37455
0.096875,33.99404
0.1,33.63151
0.103125,33.28559
0.10625,32.95505
0.109375,32.6388
0.1125,32.33581
0.115625,32.04519
0.11875,31.76612
0.121875,31.49787
0.125,31.23975
0.128125,30.99112
0.13125,30.75143
0.134375,30.52016
0.1375,30.29682
0.14375,29.87221
0.15,29.47441
0.15625,29.10075
0.1625,28.74886
0.16875,28.41671
0.175,28.10253
0.18125,27.80474
0.1875,27.52199
0.19375,27.25302
0.2,26.99677
0.20625,26.75227
0.2125,26.51863
0.21875,26.29508
0.225,26.08092
0.23125,25.8755
0.2375,25.67825
0.24375,25.48864
0.25,25.30619
0.25625,25.13045
0.2625,24.96103
0.26875,24.79756
0.275,24.63969
0.2875,24.33956
0.3,24.05839
0.3125,23.79427
0.325,23.54554
0.3375,23.31077
0.35,23.08869
0.3625,22.87821
0.375,22.67834
0.3875,22.48822
0.3999999,22.3071
0.4,538.1571
0.4000001,538.157
0.4125001,530.1913
0.4250001,522.5795
0.4375001,515.2964
0.4500001,508.3187
0.4625001,501.626
0.4750001,495.1992
0.5,483.0764
0.53125,469.1431
0.5625,456.3878
0.59375,444.653
0.625,433.8097
0.65625,423.7504
0.6875,414.3851
0.71875,405.6373
0.75,397.442
0.78125,389.7436
0.8125,382.4935
0.84375,375.6502
0.875,369.1766
0.9375,357.2147
1.0,346.3924
1.0625,337.0427
1.125,328.4706
1.1875,320.5732
1.25,313.2663
1.3125,306.4789
1.375,300.1522
1.4375,294.2359
1.5,288.6872
1.5625,283.4694
1.625,278.5506
1.6875,273.9031
1.75,269.5028
1.875,261.3609
2.0,253.9823
2.125,247.1427
2.25,240.8747
2.375,235.1026
2.5,229.764
2.625,224.8071
2.75,220.1882
2.875,215.8705
3.0,211.8224
3.125,207.9495
3.25,204.3008
3.375,200.8554
3.5,197.5951
3.75,191.5677
4.0,186.1109
4.25,181.1401
4.5,176.5869
4.75,172.3958
5.0,168.5212
5.25,164.8539
5.5,161.4395
5.75,158.2503
6.0,155.2624
6.25,152.4555
6.5,149.8121
6.75,147.3168
7.0,144.9564
7.375,141.5792
7.75,138.4514
8.125,135.544
8.5,132.8321
8.875,130.2948
9.25,127.9143
9.625,125.6751
10.0,123.5636
10.625,120.1789
11.25,117.085
11.875,114.2424
12.5,111.6192
13.125,109.1887
13.75,106.9284
14.375,104.8196
15.0,102.846
15.625,100.9939
16.25,99.2514
16.875,97.60815
17.5,96.05512
18.75,93.18896
20.0,90.60001
21.25,88.21273
22.5,86.0311
23.75,84.02737
25.0,82.17874
26.25,80.46631
27.5,78.87423
28.75,77.38914
30.0,75.99961
31.25,74.67729
32.5,73.43377
33.75,72.26155
35.0,71.15413
37.5,69.1115
40.0,67.26774
42.5,65.59274
45.0,64.0624
47.5,62.65718
50.0,61.36102
52.5,60.14263
55.0,59.01041
57.5,57.95475
60.0,56.96742
62.5,56.04145
65.0,55.17075
67.5,54.3501
70.0,53.57491
73.75,52.47413
77.5,51.45646
81.25,50.51203
85.0,49.63253
88.75,48.8109
92.5,48.04113
96.25,47.31799
100.0,46.63702
106.25,45.56247
112.5,44.58156
118.75,43.68156
125.0,42.85202
131.25,42.08427
137.5,41.37107
143.75,40.70631
150.0,40.08478
156.25,39.50205
162.5,38.95424
168.75,38.43804
175.0,37.95056
187.5,37.05184
200.0,36.24108
212.5,35.48737
225.0,34.79936
237.5,34.1681
250.0,33.58628
262.5,33.04779
275.0,32.54757
287.5,32.08129
300.0,31.64533
312.5,31.22913
325.0,30.83795
337.5,30.46935
350.0,30.12131
375.0,29.47971
400.0,28.90098
425.0,28.37552
450.0,27.89569
475.0,27.45527
500.0,27.04917
525.0,26.66805
550.0,26.31389
575.0,25.98366
600.0,25.67477
625.0,25.38504
650.0,25.11257
675.0,24.85572
700.0,24.61304
737.5,24.27088
775.0,23.95431
812.5,23.66029
850.0,23.38625
887.5,23.13005
925.0,22.88981
962.5,22.66393
1000.0,22.45105
1062.5,22.12424
1125.0,21.82508
1187.5,21.54984
1250.0,21.29549
1312.5,21.05949
1375.0,20.8397
1437.5,20.63434
1500.0,20.44187
1562.5,20.26099
1625.0,20.09057
1687.5,19.92962
1750.0,19.77728
1875.0,19.49554
2000.0,19.24032
2125.0,19.01498
2250.0,18.80799
2375.0,18.61695
2500.0,18.43986
2625.0,18.27504
2750.0,18.12112
2875.0,17.97691
3000.0,17.8414
3125.0,17.72144
3250.0,17.60794
3375.0,17.50032
3500.0,17.39806
3750.0,17.20789
4000.0,17.03443
4250.0,16.87525
4500.0,16.72842
4750.0,16.59235
5000.0,16.46574
5250.0,16.35735
5500.0,16.25553
5750.0,16.15962
6000.0,16.06903
6250.0,15.98326
6500.0,15.90186
6750.0,15.82446
7000.0,15.75071
7375.0,15.65565
7750.0,15.56653
8125.0,15.4827
8500.0,15.40361
8875.0,15.32881
9250.0,15.25789
9625.0,15.19051
10000.0,15.12635
10625.0,15.04025
11250.0,14.96014
11875.0,14.88528
12500.0,14.81509
13125.0,14.74906
13750.0,14.68675
14375.0,14.62779
15000.0,14.57188
15625.0,14.51873
16250.0,14.4681
16875.0,14.41978
17500.0,14.37359
18750.0,14.28693
20000.0,14.207
21250.0,14.1414
22500.0,14.08031
23750.0,14.02321
25000.0,13.96963
26250.0,13.91922
27500.0,13.87161
28750.0,13.82656
30000.0,13.78381
31262.3,13.74283
31262.4,13.74282
32433.5,13.6988
33604.59,13.65762
35946.78,13.58288
38288.97,13.51702
40631.15,13.45881
42973.37,13.40726
45315.58,13.36154
47657.79,13.32095
50000.0,13.28492
52500.0,13.2273
55000.0,13.17424
57500.0,13.12528
60000.0,13.08
62500.0,13.03805
65000.0,12.99914
67500.0,12.96299
70000.0,12.92939
71510.5,12.90238
74979.0,12.84259
74979.05,12.84259
78106.63,12.77949
81234.25,12.72268
84361.88,12.67155
87489.5,12.6256
90617.13,12.58437
93744.75,12.54747
100000.0,12.4853
104584.3,12.39896
109168.5,12.31974
110092.0,12.30458
113752.8,12.24694
118337.0,12.17994
118337.3,12.17993
120000.0,12.15499
123017.0,12.11067
127262.8,12.04715
131508.5,11.98818
140000.0,11.88248
147500.0,11.7859
155000.0,11.69861
162500.0,11.61958
170000.0,11.54796
173750.0,11.51096
173750.1,11.51096
180759.6,11.4442
180760.0,11.4442
190380.0,11.35517
200000.0,11.2752
210564.5,11.14474
221129.0,11.02466
221129.2,11.02466
231753.5,10.908
242378.0,10.80063
242378.5,10.80062
250000.0,10.72606
259390.0,10.63794
261899.0,10.61504
261899.5,10.61503
268127.0,10.55938
272043.0,10.52517
272043.1,10.52517
279032.3,10.46254
286021.5,10.40383
293010.8,10.34883
300000.0,10.29729
308415.5,10.21275
316831.0,10.13266
316831.3,10.13265
318739.0,10.11471
318739.3,10.11471
326371.0,10.04429
326371.4,10.04428
337417.5,9.944571
348464.0,9.851897
348464.2,9.851895
354489.5,9.801806
360515.0,9.75349
365450.7,9.712994
370386.3,9.673612
380257.5,9.598041
390128.8,9.526494
400000.0,9.458721
406367.0,9.41443
412734.0,9.371597
412734.3,9.371594
417554.5,9.339368
422375.0,9.307929
427226.6,9.274249
432078.2,9.241386
436929.8,9.209317
441781.3,9.178021
446632.9,9.147475
451484.4,9.117659
456336.0,9.088551
461187.5,9.060136
466039.1,9.032392
470890.7,9.005302
475742.3,8.978851
480593.8,8.95302
485445.4,8.927794
490296.9,8.903159
495148.5,8.879097
500000.0,8.855599
506250.0,8.817971
512500.0,8.781187
518750.0,8.745222
525000.0,8.710052
531250.0,8.675652
537500.0,8.642002
543750.0,8.60908
550000.0,8.576866
556250.0,8.545341
562500.0,8.514486
568750.0,8.484284
575000.0,8.454717
581250.0,8.42577
587500.0,8.397426
593750.0,8.369671
600000.0,8.342491
606250.0,8.311889
612500.0,8.282015
618750.0,8.252852
625000.0,8.224385
631250.0,8.196596
637500.0,8.169471
643750.0,8.142995
650000.0,8.117156
656250.0,8.09194
662500.0,8.067336
668750.0,8.043331
675000.0,8.019914
681250.0,7.997074
687500.0,7.974802
693750.0,7.953089
700000.0,7.931924
706250.0,7.911443
712500.0,7.8914
718750.0,7.871791
725000.0,7.852613
731250.0,7.833862
737500.0,7.815537
743750.0,7.797634
750000.0,7.780153
756250.0,7.763093
762500.0,7.746452
768750.0,7.730231
775000.0,7.714428
781250.0,7.699045
787500.0,7.684083
793750.0,7.669543
800000.0,7.655426
806250.0,7.636895
812500.0,7.618849
818750.0,7.601292
825000.0,7.584226
831250.0,7.567654
837500.0,7.55158
843750.0,7.536011
850000.0,7.520949
856250.0,7.506401
862500.0,7.492374
868750.0,7.478875
875000.0,7.465908
881250.0,7.453484
887500.0,7.44161
893750.0,7.430296
900000.0,7.419551
912500.0,7.385874
925000.0,7.354406
937500.0,7.325185
950000.0,7.298262
962500.0,7.273691
975000.0,7.251531
987500.0,7.231847
1000000.0,7.214718
1012500.0,7.196017
1025000.0,7.178786
1037500.0,7.163044
1050000.0,7.148813
1062500.0,7.136117
1075000.0,7.124978
1087500.0,7.115424
1100000.0,7.10748
1125000.0,7.089073
1150000.0,7.073405
1175000.0,7.060446
1200000.0,7.050168
1250000.0,7.048159
1300000.0,7.049796
1350000.0,7.048721
1400000.0,7.049456
1450000.0,7.074272
1500000.0,7.09928
1550000.0,7.122749
1600000.0,7.146218
1650000.0,7.18289
1700000.0,7.219098
1750000.0,7.254014
1800000.0,7.288486
1850000.0,7.327957
1900000.0,7.366891
1950000.0,7.404708
2000000.0,7.442051
2037500.0,7.469452
2075000.0,7.49661
2112500.0,7.523526
2150000.0,7.550202
2187500.0,7.576641
2225000.0,7.602848
2262500.0,7.628822
2300000.0,7.654569
2350000.0,7.683842
2400000.0,7.712783
2450000.0,7.741394
2500000.0,7.769679
2550000.0,7.793704
2600000.0,7.817444
2650000.0,7.840903
2700000.0,7.864082
2737500.0,7.878513
2775000.0,7.892811
2812500.0,7.906979
2850000.0,7.921013
2887500.0,7.934918
2925000.0,7.948691
2962500.0,7.962336
3000000.0,7.975851
3031250.0,7.976903
3062500.0,7.977933
3093750.0,7.978939
3125000.0,7.979923
3187500.0,7.981815
3250000.0,7.983606
3312500.0,7.985293
3375000.0,7.986875
3437500.0,7.988349
3500000.0,7.989714
3562500.0,7.991301
3625000.0,7.99287
3687500.0,7.994419
3750000.0,7.995943
3812500.0,7.997441
3875000.0,7.998908
3937500.0,8.00034
4000000.0,8.001738
4062500.0,7.975984
4125000.0,7.950687
4187500.0,7.925825
4250000.0,7.901387
4312500.0,7.877355
4375000.0,7.853715
4437500.0,7.830453
4500000.0,7.807556
4562500.0,7.785077
4625000.0,7.762983
4687500.0,7.741264
4750000.0,7.719905
4812500.0,7.698897
4875000.0,7.678226
4937500.0,7.657885
5000000.0,7.637862
5062500.0,7.602324
5125000.0,7.567453
5187500.0,7.533227
5250000.0,7.499626
5312500.0,7.466631
5375000.0,7.434223
5437500.0,7.402388
5500000.0,7.371105
5625000.0,7.308875
5750000.0,7.24899
5875000.0,7.191316
6000000.0,7.135734
6241430.0,7.010305
6250000.0,7.00624
6500000.0,6.892087
6750000.0,6.778768
7000000.0,6.673917
7500000.0,6.481033
8000000.0,6.305648
8250000.0,6.234258
8500000.0,6.166491
8750000.0,6.100568
9000000.0,6.038098
9500000.0,5.950387
10000000.0,5.868355
10500000.0,5.826802
11000000.0,5.787445
11500000.0,5.783265
11752900.0,5.781232
12000000.0,5.779268
12500000.0,5.801832
13000000.0,5.823596
13500000.0,5.862402
13750000.0,5.8813
14000000.0,5.90003
14250000.0,5.923081
14500000.0,5.945982
14750000.0,5.968426
15000000.0,5.990711
15250000.0,6.013796
15500000.0,6.036736
15750000.0,6.059262
16000000.0,6.081635
16250000.0,6.10222
16500000.0,6.122661
17000000.0,6.162711
17250000.0,6.179118
17500000.0,6.195386
18000000.0,6.227303
18358040.0,6.243294
18500000.0,6.249569
19000000.0,6.271315
19500000.0,6.282092
20000000.0,6.292606
