1e-05,130011.1
1.03125e-05,128008.3
1.0625e-05,126094.8
1.09375e-05,124264.1
1.125e-05,122510.4
1.15625e-05,120828.6
1.1875e-05,119213.8
1.21875e-05,117661.8
1.25e-05,116168.4
1.28125e-05,114730.2
1.3125e-05,113343.8
1.34375e-05,112006.2
1.375e-05,110714.6
1.4375e-05,108259.3
1.5e-05,105959.6
1.5625e-05,103799.7
1.625e-05,101766.0
1.6875e-05,99846.68
1.75e-05,98031.44
1.8125e-05,96311.21
1.875e-05,94677.97
1.9375e-05,93124.65
2e-05,91644.94
2.09375e-05,89551.25
2.1875e-05,87594.02
2.28125e-05,85759.1
2.375e-05,84034.23
2.46875e-05,82408.88
2.5625e-05,80873.82
2.65625e-05,79421.0
2.75e-05,78043.35
2.84375e-05,76734.6
2.9375e-05,75489.21
3.03125e-05,74302.22
3.125e-05,73169.2
3.21875e-05,72086.22
3.3125e-05,71049.66
3.40625e-05,70056.34
3.5e-05,69103.31
3.59375e-05,68187.95
3.6875e-05,67307.81
3.78125e-05,66460.72
3.875e-05,65644.65
3.96875e-05,64857.75
4.0625e-05,64098.34
4.25e-05,62655.82
4.4375e-05,61305.99
4.625e-05,60039.36
4.8125e-05,58847.7
5e-05,57723.93
5.15625e-05,56834.8
5.3125e-05,55985.3
5.46875e-05,55172.58
5.625e-05,54394.08
5.78125e-05,53647.45
5.9375e-05,52930.57
6.09375e-05,52241.52
6.25e-05,51578.56
6.40625e-05,50940.09
6.5625e-05,50324.61
6.71875e-05,49730.8
6.875e-05,49157.4
7.1875e-05,48067.4
7.5e-05,47046.46
7.8125e-05,46087.58
8.125e-05,45184.74
8.4375e-05,44332.68
8.75e-05,43526.81
9.0625e-05,42763.13
9.375e-05,42038.07
9.6875e-05,41348.48
0.0001,40691.58
0.000103125,40064.85
0.00010625,39466.06
0.000109375,38893.2
0.0001125,38344.45
0.000115625,37818.16
0.00011875,37312.86
0.000121875,36827.17
0.000125,36359.86
0.000128125,35909.81
0.00013125,35475.98
0.000134375,35057.42
0.0001375,34653.25
0.00014375,33884.93
0.00015,33165.29
0.00015625,32489.4
0.0001625,31853.01
0.00016875,31252.41
0.000175,30684.38
0.00018125,30146.08
0.0001875,29635.0
0.00019375,29148.92
0.0002,28685.88
0.000209375,28030.72
0.00021875,27418.26
0.000228125,26844.06
0.0002375,26304.31
0.000246875,25795.7
0.00025625,25315.33
0.000265625,24860.71
0.000275,24429.61
0.000284375,24020.07
0.00029375,23630.36
0.000303125,23258.92
0.0003125,22904.37
0.000321875,22565.47
0.00033125,22241.11
0.000340625,21930.28
0.00035,21632.05
0.000359375,21345.61
0.00036875,21070.19
0.000378125,20805.11
0.0003875,20549.75
0.000396875,20303.51
0.00040625,20065.86
0.000425,19614.46
0.00044375,19192.06
0.0004625,18795.71
0.00048125,18422.81
0.0005,18071.14
0.000515625,17792.91
0.00053125,17527.08
0.000546875,17272.76
0.0005625,17029.15
0.000578125,16795.51
0.00059375,16571.18
0.000609375,16355.56
0.000625,16148.1
0.000640625,15948.3
0.00065625,15755.7
0.000671875,15569.88
0.0006875,15390.46
0.00071875,15049.36
0.00075,14729.88
0.00078125,14429.82
0.0008125,14147.3
0.00084375,13880.66
0.000875,13628.49
0.00090625,13389.51
0.0009375,13162.62
0.00096875,12946.83
0.001,12741.27
0.00103125,12545.15
0.0010625,12357.77
0.00109375,12178.51
0.001125,12006.78
0.00115625,11842.1
0.0011875,11683.98
0.00121875,11531.99
0.00125,11385.76
0.00128125,11244.92
0.0013125,11109.17
0.00134375,10978.19
0.001375,10851.71
0.0014375,10611.28
0.0015,10386.09
0.0015625,10174.58
0.001625,9975.436
0.0016875,9787.493
0.00175,9609.74
0.0018125,9441.289
0.001875,9281.358
0.0019375,9129.252
0.002,8984.354
0.00209375,8779.334
0.0021875,8587.677
0.00228125,8407.995
0.002375,8239.091
0.00246875,8079.93
0.0025625,7929.613
0.00265625,7787.349
0.00275,7652.444
0.00284375,7524.287
0.0029375,7402.334
0.00303125,7286.099
0.003125,7175.151
0.00321875,7069.101
0.0033125,6967.598
0.00340625,6870.328
0.0035,6777.005
0.00359375,6687.369
0.0036875,6601.184
0.00378125,6518.233
0.003875,6438.32
0.00396875,6361.264
0.0040625,6286.899
0.00425,6145.643
0.0044375,6013.462
0.004625,5889.429
0.0048125,5772.737
0.005,5662.692
0.00515625,5575.625
0.0053125,5492.439
0.00546875,5412.855
0.005625,5336.62
0.00578125,5263.507
0.0059375,5193.307
0.00609375,5125.834
0.00625,5060.914
0.00640625,4998.391
0.0065625,4938.121
0.00671875,4879.973
0.006875,4823.823
0.0071875,4717.086
0.0075,4617.11
0.0078125,4523.213
0.008125,4434.802
0.0084375,4351.364
0.00875,4272.451
0.0090625,4197.667
0.009375,4126.666
0.0096875,4059.139
0.01,3994.811
0.0103125,3933.44
0.010625,3874.804
0.0109375,3818.705
0.01125,3764.97
0.0115625,3713.433
0.011875,3663.95
0.0121875,3616.389
0.0125,3570.629
0.0128125,3526.558
0.013125,3484.075
0.0134375,3443.087
0.01375,3403.508
0.014375,3328.271
0.015,3257.8
0.015625,3191.614
0.01625,3129.295
0.016875,3070.481
0.0175,3014.856
0.018125,2962.143
0.01875,2912.096
0.019375,2864.496
0.02,2819.153
0.0206625,2773.361
0.021325,2729.725
0.0219875,2688.083
0.02265,2648.286
0.0233125,2610.204
0.023975,2573.716
0.0246375,2538.714
0.0253,2505.1
0.02607188,2468.058
0.02684375,2432.624
0.02761563,2398.683
0.0283875,2366.134
0.02915938,2334.884
0.02993125,2304.851
0.03070313,2275.954
0.031475,2248.126
0.03224688,2221.303
0.03301875,2195.424
0.0345625,2146.288
0.03610625,2100.334
0.03765,2057.231
0.03919375,2016.698
0.0407375,1978.487
0.04228125,1942.387
0.043825,1908.208
0.04536875,1875.787
0.0469125,1844.978
0.04845625,1815.65
0.05,1787.69
0.0515625,1760.677
0.053125,1734.863
0.0546875,1710.162
0.05625,1686.496
0.0578125,1663.795
0.059375,1641.994
0.0609375,1621.036
0.0625,1600.868
0.0640625,1581.442
0.065625,1562.713
0.0671875,1544.64
0.06875,1527.186
0.071875,1493.998
0.075,1462.904
0.078125,1433.693
0.08125,1406.181
0.084375,1380.21
0.0875,1355.641
0.090625,1332.352
0.09375,1310.236
0.096875,1289.198
0.1,1269.153
0.103125,1250.024
0.10625,1231.744
0.109375,1214.252
0.1125,1197.494
0.115625,1181.419
0.11875,1165.981
0.121875,1151.141
0.125,1136.859
0.128125,1123.103
0.13125,1109.84
0.134375,1097.042
0.1375,1084.682
0.14375,1061.181
0.15,1039.163
0.15625,1018.477
0.1625,998.9955
0.16875,980.6047
0.175,963.2068
0.18125,946.7155
0.1875,931.0547
0.19375,916.1568
0.2,901.9619
0.20625,888.4164
0.2125,875.4721
0.21875,863.0859
0.225,851.2186
0.23125,839.8352
0.2375,828.9035
0.24375,818.3944
0.25,808.2814
0.25625,798.5402
0.2625,789.1485
0.26875,780.0858
0.275,771.3335
0.2875,754.6918
0.2999999,739.1001
0.3000001,873.4099
0.3125001,855.8732
0.3250001,839.3606
0.3375001,823.7762
0.3500001,809.0363
0.3625001,795.0673
0.3750001,781.8042
0.3875001,769.1897
0.4000001,757.1725
0.4125001,745.7071
0.4250001,734.7524
0.4375001,724.2717
0.4500001,714.2319
0.4625001,704.6028
0.4750001,695.3573
0.5,677.9197
0.53125,657.8823
0.5625,639.5425
0.59375,622.6737
0.625,607.0893
0.65625,592.6342
0.6875,579.1786
0.71875,566.6123
0.75,554.8416
0.78125,543.786
0.8125,533.376
0.84375,523.5513
0.875,514.2587
0.9375,497.0909
1.0,481.5623
1.0625,467.5133
1.125,454.6522
1.1875,442.8207
1.25,431.8882
1.3125,421.7464
1.375,412.3044
1.4375,403.4852
1.5,395.2233
1.5625,387.4623
1.625,380.1536
1.6875,373.2549
1.75,366.7292
1.875,354.6711
2.0,343.7621
2.125,333.8285
2.25,324.735
2.375,316.3694
2.5,308.6395
2.625,301.4688
2.75,294.7928
2.875,288.5572
3.0,282.7157
3.125,277.227
3.25,272.0582
3.375,267.1795
3.5,262.5645
3.75,254.0371
4.0,246.3225
4.25,239.2993
4.5,232.8701
4.75,226.9556
5.0,221.4905
5.25,216.4196
5.5,211.6987
5.75,207.2893
6.0,203.1586
6.25,199.2784
6.5,195.6243
6.75,192.1752
7.0,188.9127
7.375,184.3327
7.75,180.0895
8.125,176.1437
8.5,172.4622
8.875,169.0166
9.25,165.7828
9.625,162.7401
10.0,159.8702
10.625,155.4275
11.25,151.3606
11.875,147.6193
12.5,144.1624
13.125,140.9557
13.75,137.9703
14.375,135.1819
15.0,132.5698
15.625,130.1161
16.25,127.8054
16.875,125.6245
17.5,123.5615
18.75,119.7496
20.0,116.3011
21.25,113.1604
22.5,110.2853
23.75,107.6405
25.0,105.1968
26.25,102.9299
27.5,100.8195
28.75,98.84837
30.0,97.00185
31.25,95.26672
32.5,93.63275
33.75,92.0905
35.0,90.6317
37.5,87.9362
40.0,85.49775
42.5,83.27793
45.0,81.24589
47.5,79.3766
50.0,77.64942
52.5,76.04682
55.0,74.55486
57.5,73.16136
60.0,71.85597
62.5,70.62976
65.0,69.47505
67.5,68.38515
70.0,67.35421
73.75,65.90715
77.5,64.5665
81.25,63.31984
85.0,62.15668
88.75,61.06809
92.5,60.04644
96.25,59.08512
100.0,58.17844
106.25,56.77589
112.5,55.49196
118.75,54.3108
125.0,53.21941
131.25,52.20696
137.5,51.26437
143.75,50.38397
150.0,49.5592
156.25,48.78443
162.5,48.05482
168.75,47.36614
175.0,46.71471
187.5,45.51097
200.0,44.42195
212.5,43.43173
225.0,42.52517
237.5,41.6911
250.0,40.92035
262.5,40.2053
275.0,39.53954
287.5,38.91764
300.0,38.335
312.5,37.78907
325.0,37.27488
337.5,36.78947
350.0,36.33024
375.0,35.4815
400.0,34.71345
425.0,34.01405
450.0,33.37365
475.0,32.78437
500.0,32.23975
525.0,31.73655
550.0,31.2679
575.0,30.83002
600.0,30.41965
625.0,30.03405
650.0,29.67081
675.0,29.32783
700.0,29.0033
737.5,28.55031
775.0,28.13036
812.5,27.73958
850.0,27.37476
887.5,27.03312
925.0,26.71229
962.5,26.41025
1000.0,26.12522
1062.5,25.69068
1125.0,25.2923
1187.5,24.92528
1250.0,24.5857
1312.5,24.27029
1375.0,23.97625
1437.5,23.70129
1500.0,23.44343
1562.5,23.20092
1625.0,22.9723
1687.5,22.75628
1750.0,22.55176
1875.0,22.17328
2000.0,21.83024
2125.0,21.52569
2250.0,21.2461
2375.0,20.98819
2500.0,20.74925
2625.0,20.52704
2750.0,20.31967
2875.0,20.12554
3000.0,19.94327
3125.0,19.77824
3250.0,19.62231
3375.0,19.47468
3500.0,19.33461
3750.0,19.07469
4000.0,18.83825
4250.0,18.62189
4500.0,18.42285
4750.0,18.2389
5000.0,18.06817
5250.0,17.91702
5500.0,17.77548
5750.0,17.64251
6000.0,17.51728
6250.0,17.39902
6500.0,17.28708
6750.0,17.18092
7000.0,17.08001
7375.0,16.94545
7750.0,16.81969
8125.0,16.70177
8500.0,16.59087
8875.0,16.48628
9250.0,16.3874
9625.0,16.29369
10000.0,16.20471
10625.0,16.08031
11250.0,15.9647
11875.0,15.85679
12500.0,15.75572
13125.0,15.66074
13750.0,15.57119
14375.0,15.48657
15000.0,15.40638
15625.0,15.33023
16250.0,15.25776
16875.0,15.18865
17500.0,15.12266
18750.0,14.99899
20000.0,14.88511
21250.0,14.79066
22500.0,14.70237
23750.0,14.61957
25000.0,14.54163
26250.0,14.46804
27500.0,14.39837
28750.0,14.33225
30000.0,14.26935
31119.57,14.21728
32239.13,14.16725
34478.25,14.07274
36717.38,13.98479
38956.5,13.90261
41195.63,13.8255
43434.75,13.7529
45673.88,13.68433
47913.0,13.6194
47913.02,13.6194
50000.0,13.56171
52500.0,13.49126
55000.0,13.42457
57500.0,13.3613
60000.0,13.30114
62500.0,13.24382
65000.0,13.18911
67500.0,13.1368
70000.0,13.0867
73750.0,13.00322
77500.0,12.92461
81250.0,12.85038
85000.0,12.78011
88750.0,12.71343
92500.0,12.65003
96250.0,12.58964
100000.0,12.532
104106.2,12.449
106451.0,12.40341
106451.1,12.40341
113225.5,12.27748
120000.0,12.16065
125000.0,12.07857
130000.0,12.00053
135000.0,11.9262
140000.0,11.85529
146163.0,11.77133
146163.4,11.77132
156111.6,11.64415
156112.0,11.64414
163056.0,11.56049
170000.0,11.48156
175745.0,11.41879
187872.5,11.29252
200000.0,11.1778
202036.0,11.15168
202036.1,11.15168
213620.0,11.00821
225204.0,10.87547
225204.3,10.87547
237602.0,10.74065
250000.0,10.61617
258094.0,10.53832
269753.0,10.4306
281412.0,10.32982
281412.5,10.32982
300000.0,10.1783
305294.0,10.12661
322336.0,9.967761
334746.0,9.857024
347156.0,9.752608
371976.0,9.560712
371976.2,9.560711
372579.0,9.556206
386289.5,9.455536
400000.0,9.360696
405910.0,9.32082
409565.0,9.296525
409565.5,9.296521
424920.5,9.196582
440275.6,9.102915
440276.0,9.102912
455128.0,9.015423
455128.5,9.015419
475515.0,8.90116
488068.0,8.833905
488068.1,8.833904
500000.0,8.772024
515183.0,8.688787
547319.0,8.522851
547319.1,8.522851
584476.0,8.346313
584476.6,8.34631
593515.0,8.305597
600000.0,8.276878
628893.5,8.152527
657787.0,8.037861
657787.2,8.03786
658088.0,8.036686
658088.5,8.036684
693940.0,7.901972
693940.4,7.901971
699162.0,7.883121
699162.5,7.883119
700000.0,7.880103
719047.0,7.824817
744153.0,7.754706
744153.1,7.754706
760221.0,7.71138
760221.2,7.711379
800000.0,7.608913
850000.0,7.487694
900000.0,7.377474
950000.0,7.272006
1000000.0,7.176401
1050000.0,7.119053
1100000.0,7.06629
1150000.0,7.03345
1200000.0,7.003365
1250000.0,6.998565
1300000.0,6.994844
1350000.0,6.990402
1400000.0,6.986979
1450000.0,7.008131
1500000.0,7.02923
1550000.0,7.049121
1600000.0,7.068992
1650000.0,7.103359
1700000.0,7.137324
1750000.0,7.170011
1800000.0,7.202356
1850000.0,7.241069
1900000.0,7.279378
1950000.0,7.316457
2000000.0,7.353188
2037500.0,7.380556
2075000.0,7.40778
2112500.0,7.434863
2150000.0,7.461801
2187500.0,7.488598
2225000.0,7.515249
2262500.0,7.541756
2300000.0,7.568121
2350000.0,7.597778
2400000.0,7.627299
2450000.0,7.65668
2500000.0,7.685916
2550000.0,7.710118
2600000.0,7.734242
2650000.0,7.758284
2700000.0,7.782236
2737500.0,7.796496
2775000.0,7.810743
2812500.0,7.824972
2850000.0,7.839184
2887500.0,7.853372
2925000.0,7.867537
2962500.0,7.881677
3000000.0,7.895788
3031250.0,7.896558
3062500.0,7.897359
3093750.0,7.89819
3125000.0,7.899046
3156250.0,7.89993
3187500.0,7.900838
3218750.0,7.901769
3250000.0,7.902722
3281250.0,7.903697
3312500.0,7.904691
3375000.0,7.906735
3437500.0,7.908847
3500000.0,7.911021
3562500.0,7.912674
3625000.0,7.914333
3687500.0,7.915995
3750000.0,7.917656
3812500.0,7.919314
3875000.0,7.920966
3937500.0,7.92261
4000000.0,7.924245
4062500.0,7.899429
4125000.0,7.875028
4187500.0,7.851023
4250000.0,7.827407
4312500.0,7.804161
4375000.0,7.781277
4437500.0,7.758741
4500000.0,7.736543
4562500.0,7.714958
4625000.0,7.693695
4750000.0,7.652105
4875000.0,7.611697
5000000.0,7.572404
5125000.0,7.503028
5250000.0,7.435971
5375000.0,7.371097
5500000.0,7.308281
5905754.0,7.116788
6000000.0,7.077278
6250000.0,6.950887
6500000.0,6.83249
6750000.0,6.720088
7000000.0,6.615211
7500000.0,6.426994
8000000.0,6.255785
8500000.0,6.124713
9000000.0,6.003642
9500000.0,5.924186
10000000.0,5.849792
10500000.0,5.814682
11000000.0,5.781417
11500000.0,5.781371
12000000.0,5.781313
12250000.0,5.793551
12500000.0,5.805737
12750000.0,5.817547
13000000.0,5.82932
13289320.0,5.851735
13500000.0,5.868009
13750000.0,5.886788
14000000.0,5.90553
14250000.0,5.92766
14500000.0,5.949749
15000000.0,5.992808
15250000.0,6.014382
15500000.0,6.035923
15750000.0,6.056953
16000000.0,6.077968
16500000.0,6.1153
16750000.0,6.133535
17000000.0,6.151754
17250000.0,6.166055
17500000.0,6.180344
18000000.0,6.208262
18500000.0,6.226435
18750000.0,6.235297
19000000.0,6.244176
19500000.0,6.25117
19750000.0,6.254552
20000000.0,6.257989
