1e-05,89011.3
1.03125e-05,87654.49
1.0625e-05,86357.97
1.09375e-05,85117.38
1.125e-05,83928.83
1.15625e-05,82788.76
1.1875e-05,81693.98
1.21875e-05,80641.56
1.25e-05,79628.84
1.28125e-05,78653.38
1.3125e-05,77712.95
1.34375e-05,76805.51
1.375e-05,75929.15
1.4375e-05,74262.94
1.5e-05,72701.93
1.5625e-05,71235.49
1.625e-05,69854.45
1.6875e-05,68550.83
1.75e-05,67317.64
1.8125e-05,66148.77
1.875e-05,65038.82
1.9375e-05,63982.98
2e-05,62977.02
2.09375e-05,61553.34
2.1875e-05,60222.15
2.28125e-05,58973.84
2.375e-05,57800.16
2.46875e-05,56693.95
2.5625e-05,55649.0
2.65625e-05,54659.83
2.75e-05,53721.66
2.84375e-05,52830.25
2.9375e-05,51981.84
3.03125e-05,51173.09
3.125e-05,50400.99
3.21875e-05,49662.85
3.3125e-05,48956.26
3.40625e-05,48279.03
3.5e-05,47629.18
3.59375e-05,47004.93
3.6875e-05,46404.61
3.78125e-05,45826.76
3.875e-05,45269.98
3.96875e-05,44733.05
4.0625e-05,44214.8
4.25e-05,43230.21
4.4375e-05,42308.67
4.625e-05,41443.73
4.8125e-05,40629.81
5e-05,39862.1
5.15625e-05,39254.57
5.3125e-05,38674.04
5.46875e-05,38118.55
5.625e-05,37586.36
5.78125e-05,37075.88
5.9375e-05,36585.68
6.09375e-05,36114.45
6.25e-05,35660.99
6.40625e-05,35224.22
6.5625e-05,34803.13
6.71875e-05,34396.81
6.875e-05,34004.41
7.1875e-05,33258.34
7.5e-05,32559.38
7.8125e-05,31902.77
8.125e-05,31284.39
8.4375e-05,30700.68
8.75e-05,30148.5
9.0625e-05,29625.14
9.375e-05,29128.14
9.6875e-05,28655.38
0.0001,28204.95
0.000103125,27775.12
0.00010625,27364.41
0.000109375,26971.42
0.0001125,26594.9
0.000115625,26233.75
0.00011875,25886.95
0.000121875,25553.55
0.000125,25232.74
0.000128125,24923.73
0.00013125,24625.82
0.000134375,24338.36
0.0001375,24060.75
0.00014375,23532.92
0.00015,23038.41
0.00015625,22573.88
0.0001625,22136.38
0.00016875,21723.42
0.000175,21332.77
0.00018125,20962.49
0.0001875,20610.87
0.00019375,20276.41
0.0002,19957.73
0.000209375,19506.74
0.00021875,19085.04
0.000228125,18689.6
0.0002375,18317.79
0.000246875,17967.37
0.00025625,17636.35
0.000265625,17323.0
0.000275,17025.8
0.000284375,16743.42
0.00029375,16474.66
0.000303125,16218.46
0.0003125,15973.87
0.000321875,15740.04
0.00033125,15516.2
0.000340625,15301.67
0.00035,15095.81
0.000359375,14898.06
0.00036875,14707.88
0.000378125,14524.83
0.0003875,14348.45
0.000396875,14178.37
0.00040625,14014.19
0.000425,13702.29
0.00044375,13410.37
0.0004625,13136.37
0.00048125,12878.53
0.0005,12635.33
0.000515625,12442.88
0.00053125,12258.98
0.000546875,12083.01
0.0005625,11914.42
0.000578125,11752.71
0.00059375,11597.42
0.000609375,11448.15
0.000625,11304.5
0.000640625,11166.14
0.00065625,11032.74
0.000671875,10904.03
0.0006875,10779.72
0.00071875,10543.38
0.00075,10321.96
0.00078125,10113.96
0.0008125,9918.068
0.00084375,9733.157
0.000875,9558.239
0.00090625,9392.442
0.0009375,9235.004
0.00096875,9085.24
0.001,8942.551
0.00103125,8806.394
0.0010625,8676.285
0.00109375,8551.792
0.001125,8432.519
0.00115625,8318.113
0.0011875,8208.25
0.00121875,8102.639
0.00125,8001.01
0.00128125,7903.122
0.0013125,7808.749
0.00134375,7717.685
0.001375,7629.743
0.0014375,7462.537
0.0015,7305.887
0.0015625,7158.729
0.001625,7020.139
0.0016875,6889.319
0.00175,6765.567
0.0018125,6648.27
0.001875,6536.885
0.0019375,6430.931
0.002,6329.981
0.00209375,6187.113
0.0021875,6053.527
0.00228125,5928.257
0.002375,5810.477
0.00246875,5699.469
0.0025625,5594.606
0.00265625,5495.341
0.00275,5401.196
0.00284375,5311.741
0.0029375,5226.603
0.00303125,5145.443
0.003125,5067.962
0.00321875,4993.889
0.0033125,4922.982
0.00340625,4855.022
0.0035,4789.809
0.00359375,4727.163
0.0036875,4666.921
0.00378125,4608.932
0.003875,4553.06
0.00396875,4499.178
0.0040625,4447.172
0.00425,4348.367
0.0044375,4255.889
0.004625,4169.092
0.0048125,4087.413
0.005,4010.373
0.00515625,3949.407
0.0053125,3891.149
0.00546875,3835.406
0.005625,3782.0
0.00578125,3730.773
0.0059375,3681.581
0.00609375,3634.292
0.00625,3588.787
0.00640625,3544.956
0.0065625,3502.7
0.00671875,3461.925
0.006875,3422.548
0.0071875,3347.679
0.0075,3277.537
0.0078125,3211.645
0.008125,3149.591
0.0084375,3091.014
0.00875,3035.603
0.0090625,2983.081
0.009375,2933.208
0.0096875,2885.765
0.01,2840.564
0.0103125,2797.432
0.010625,2756.216
0.0109375,2716.778
0.01125,2678.994
0.0115625,2642.752
0.011875,2607.95
0.0121875,2574.494
0.0125,2542.3
0.0128125,2511.291
0.013125,2481.395
0.0134375,2452.548
0.01375,2424.689
0.014375,2371.721
0.015,2322.097
0.015625,2275.48
0.01625,2231.577
0.016875,2190.136
0.0175,2150.934
0.018125,2113.776
0.01875,2078.491
0.019375,2044.926
0.02,2012.947
0.0206625,1980.646
0.021325,1949.86
0.0219875,1920.476
0.02265,1892.39
0.0233125,1865.509
0.023975,1839.75
0.0246375,1815.037
0.0253,1791.3
0.02607188,1764.628
0.02684375,1739.117
0.02761563,1714.685
0.0283875,1691.257
0.02915938,1668.767
0.02993125,1647.155
0.03070313,1626.364
0.031475,1606.344
0.03224688,1587.047
0.03301875,1568.434
0.0345625,1533.096
0.03610625,1500.054
0.03765,1469.069
0.03919375,1439.936
0.0407375,1412.477
0.04228125,1386.539
0.043825,1361.985
0.04536875,1338.698
0.0469125,1316.571
0.04845625,1295.512
0.05,1275.438
0.0515625,1256.046
0.053125,1237.518
0.0546875,1219.791
0.05625,1202.809
0.0578125,1186.52
0.059375,1170.881
0.0609375,1155.847
0.0625,1141.382
0.0640625,1127.451
0.065625,1114.02
0.0671875,1101.062
0.06875,1088.548
0.071875,1064.759
0.075,1042.474
0.078125,1021.543
0.08125,1001.833
0.084375,983.2295
0.0875,965.6337
0.090625,948.9576
0.09375,933.1236
0.096875,918.0632
0.1,903.7155
0.103125,890.0262
0.10625,876.9461
0.109375,864.4317
0.1125,852.4431
0.115625,840.9448
0.11875,829.9039
0.121875,819.2912
0.125,809.0797
0.128125,799.2446
0.13125,789.7635
0.134375,780.6155
0.1375,771.7816
0.14375,754.9876
0.15,739.256
0.15625,724.4795
0.1625,710.5653
0.16875,697.4325
0.175,685.0108
0.18125,673.2384
0.1875,662.0604
0.19375,651.4286
0.1999999,641.3001
0.2000001,937.6698
0.2093751,916.692
0.2187501,897.078
0.2281251,878.6858
0.2375001,861.3939
0.2468751,845.0969
0.2562501,829.7026
0.2656251,815.1308
0.2750001,801.3107
0.2843751,788.1799
0.2937501,775.6829
0.3031251,763.7704
0.3125001,752.3981
0.3218751,741.5265
0.3312501,731.1197
0.3406251,721.1456
0.3500001,711.5751
0.3593751,702.3816
0.3687501,693.5411
0.3781251,685.0314
0.3875001,676.8325
0.3968751,668.9259
0.4062501,661.2946
0.4250001,646.7969
0.4437501,633.228
0.4625001,620.4931
0.4812501,608.51
0.5,597.2075
0.53125,579.7174
0.5625,563.706
0.59375,548.9761
0.625,535.3654
0.65625,522.739
0.6875,510.9837
0.71875,500.0038
0.75,489.7175
0.78125,480.0549
0.8125,470.9553
0.84375,462.3661
0.875,454.2413
0.9375,439.2282
1.0,425.6457
1.0625,413.2742
1.125,401.9489
1.1875,391.5301
1.25,381.9031
1.3125,372.9724
1.375,364.6579
1.4375,356.8918
1.5,349.6166
1.5625,342.7824
1.625,336.3465
1.6875,330.2717
1.75,324.5254
1.875,313.9073
2.0,304.3013
2.125,295.5538
2.25,287.5461
2.375,280.1794
2.5,273.3726
2.625,267.0582
2.75,261.1794
2.875,255.6885
3.0,250.5446
3.125,245.7112
3.25,241.1595
3.375,236.8633
3.5,232.7994
3.75,225.2902
4.0,218.4968
4.25,212.3124
4.5,206.6509
4.75,201.4428
5.0,196.6304
5.25,192.165
5.5,188.0077
5.75,184.1247
6.0,180.4872
6.25,177.0703
6.5,173.8525
6.75,170.8153
7.0,167.9425
7.375,163.9091
7.75,160.1724
8.125,156.6975
8.5,153.4554
8.875,150.4211
9.25,147.5734
9.625,144.8938
10.0,142.3666
10.625,138.4543
11.25,134.8729
11.875,131.5784
12.5,128.5343
13.125,125.7106
13.75,123.0817
14.375,120.6263
15.0,118.3262
15.625,116.1656
16.25,114.1309
16.875,112.2105
17.5,110.394
18.75,107.0375
20.0,104.001
21.25,101.2353
22.5,98.70352
23.75,96.37456
25.0,94.22268
26.25,92.22653
27.5,90.36821
28.75,88.63254
30.0,87.0066
31.25,85.47859
32.5,84.03968
33.75,82.68156
35.0,81.39693
37.5,79.0233
40.0,76.87607
42.5,74.92136
45.0,73.13207
47.5,71.48607
50.0,69.96526
52.5,68.55399
55.0,67.24017
57.5,66.01309
60.0,64.86358
62.5,63.78382
65.0,62.76704
67.5,61.80733
70.0,60.89956
73.75,59.62532
77.5,58.44479
81.25,57.34704
85.0,56.32285
88.75,55.36432
92.5,54.46473
96.25,53.61831
100.0,52.81998
106.25,51.58486
112.5,50.4542
118.75,49.41408
125.0,48.45302
131.25,47.5615
137.5,46.7315
143.75,45.95627
150.0,45.23005
156.25,44.54786
162.5,43.90544
168.75,43.29907
175.0,42.72549
187.5,41.66566
200.0,40.70685
212.5,39.83486
225.0,39.03655
237.5,38.30211
250.0,37.62344
262.5,36.99383
275.0,36.40763
287.5,35.86007
300.0,35.34708
312.5,34.86636
325.0,34.41359
337.5,33.98616
350.0,33.58179
375.0,32.83448
400.0,32.15824
425.0,31.54244
450.0,30.9786
475.0,30.45978
500.0,29.9803
525.0,29.53725
550.0,29.12464
575.0,28.73911
600.0,28.37781
625.0,28.03833
650.0,27.71852
675.0,27.41657
700.0,27.13086
737.5,26.732
775.0,26.36221
812.5,26.01814
850.0,25.6969
887.5,25.39608
925.0,25.11359
962.5,24.84764
1000.0,24.59667
1062.5,24.21411
1125.0,23.86337
1187.5,23.54023
1250.0,23.24124
1312.5,22.96352
1375.0,22.70463
1437.5,22.46252
1500.0,22.23546
1562.5,22.02192
1625.0,21.8206
1687.5,21.63037
1750.0,21.45025
1875.0,21.11695
2000.0,20.81484
2125.0,20.54666
2250.0,20.30043
2375.0,20.07326
2500.0,19.8628
2625.0,19.66704
2750.0,19.48436
2875.0,19.31331
3000.0,19.1527
3125.0,19.0073
3250.0,18.8699
3375.0,18.73979
3500.0,18.61634
3750.0,18.3872
4000.0,18.17871
4250.0,17.98787
4500.0,17.81228
4750.0,17.64996
5000.0,17.49928
5250.0,17.36584
5500.0,17.24084
5750.0,17.12338
6000.0,17.01272
6250.0,16.9082
6500.0,16.80925
6750.0,16.71537
7000.0,16.62612
7375.0,16.50699
7750.0,16.3956
8125.0,16.29111
8500.0,16.19279
8875.0,16.10003
9250.0,16.01231
9625.0,15.92915
10000.0,15.85015
10625.0,15.73907
11250.0,15.63576
11875.0,15.53927
12500.0,15.44884
13125.0,15.36381
13750.0,15.28359
14375.0,15.20775
15000.0,15.13584
15625.0,15.06752
16250.0,15.00247
16875.0,14.94042
17500.0,14.88113
18750.0,14.76995
20000.0,14.66751
21250.0,14.581
22500.0,14.50009
23750.0,14.42415
25000.0,14.35263
26250.0,14.28508
27500.0,14.22109
28750.0,14.16033
30000.0,14.1025
31396.54,14.0479
32793.08,13.99589
34189.62,13.94625
35586.15,13.89877
36982.69,13.85328
38379.23,13.80962
41172.3,13.7273
43379.23,13.6465
45586.15,13.57047
47793.08,13.49872
50000.0,13.43084
53222.7,13.35546
53222.71,13.35546
55319.87,13.29868
57417.03,13.24444
59514.19,13.19255
61611.35,13.14284
65805.68,13.04934
70000.0,12.9629
74341.4,12.87291
78682.8,12.78913
83024.2,12.71085
87365.6,12.63747
91884.5,12.5499
96403.4,12.46811
100000.0,12.4007
105000.0,12.32343
110000.0,12.25102
110926.2,12.2381
115000.0,12.18299
120000.0,12.11895
125273.0,12.04251
130546.0,11.97039
130546.3,11.97039
140000.0,11.83722
149332.0,11.69983
158664.0,11.57431
170000.0,11.41461
178391.0,11.29234
186782.0,11.17821
200000.0,10.99201
213895.0,10.84703
213895.1,10.84703
223937.0,10.73864
233979.0,10.6375
233979.1,10.6375
250000.0,10.47036
253059.0,10.43844
267620.0,10.28026
282181.0,10.13462
300000.0,9.948712
317328.0,9.823898
330382.0,9.72985
330382.5,9.729846
347454.0,9.606882
360508.5,9.505151
373563.0,9.40884
399672.0,9.230731
399672.4,9.230727
400000.0,9.228372
425000.0,9.022714
450000.0,8.835723
475000.0,8.664858
500000.0,8.508035
525000.0,8.384417
550000.0,8.270094
575000.0,8.164042
600000.0,8.065389
625000.0,7.941871
650000.0,7.827498
675000.0,7.721378
700000.0,7.622733
725000.0,7.559341
750000.0,7.500396
775000.0,7.445537
800000.0,7.394444
825000.0,7.331649
850000.0,7.272862
875000.0,7.217786
900000.0,7.166155
925000.0,7.103869
950000.0,7.045221
975000.0,6.989962
1000000.0,6.937866
1025000.0,6.908409
1050000.0,6.880709
1075000.0,6.854662
1100000.0,6.830171
1125000.0,6.812967
1150000.0,6.796868
1175000.0,6.781808
1200000.0,6.767734
1225000.0,6.764615
1250000.0,6.76204
1275000.0,6.759981
1300000.0,6.758412
1325000.0,6.755449
1350000.0,6.752924
1375000.0,6.750818
1400000.0,6.749107
1425000.0,6.758871
1450000.0,6.768736
1475000.0,6.778696
1500000.0,6.788742
1525000.0,6.798567
1550000.0,6.808451
1575000.0,6.818388
1600000.0,6.828375
1625000.0,6.845046
1650000.0,6.861646
1675000.0,6.878175
1700000.0,6.894632
1725000.0,6.911321
1750000.0,6.927924
1775000.0,6.944444
1800000.0,6.960879
1825000.0,6.980047
1850000.0,6.999095
1900000.0,7.03684
1925000.0,7.056018
1950000.0,7.075073
2000000.0,7.112827
2050000.0,7.150334
2100000.0,7.187374
2150000.0,7.223403
2200000.0,7.258986
2250000.0,7.294133
2300000.0,7.328855
2350000.0,7.360269
2400000.0,7.391309
2450000.0,7.42198
2500000.0,7.452293
2550000.0,7.478232
2600000.0,7.503862
2650000.0,7.529188
2700000.0,7.554215
2737500.0,7.567731
2775000.0,7.581111
2812500.0,7.594355
2850000.0,7.607466
2887500.0,7.620448
2925000.0,7.633302
2962500.0,7.646028
3000000.0,7.65863
3031250.0,7.664988
3062500.0,7.671281
3093750.0,7.677509
3125000.0,7.683674
3187500.0,7.695812
3250000.0,7.707706
3312500.0,7.719358
3375000.0,7.730777
3437500.0,7.741967
3500000.0,7.752934
3562500.0,7.750387
3625000.0,7.747782
3687500.0,7.745119
3750000.0,7.742405
3812500.0,7.739635
3875000.0,7.736813
3937500.0,7.733937
4000000.0,7.731012
4062500.0,7.715823
4125000.0,7.700786
4187500.0,7.685898
4250000.0,7.671154
4312500.0,7.656552
4375000.0,7.642082
4437500.0,7.627744
4500000.0,7.613533
4625000.0,7.570165
4750000.0,7.527904
4875000.0,7.486683
5000000.0,7.446447
5250000.0,7.346388
5500000.0,7.252005
5976528.0,7.064873
6000000.0,7.056645
6250000.0,6.960395
6500000.0,6.87028
7000000.0,6.698332
7250000.0,6.61675
7500000.0,6.540124
7750000.0,6.464615
8000000.0,6.393334
8250000.0,6.322882
8500000.0,6.255984
9000000.0,6.128066
9500000.0,6.011065
10000000.0,5.906893
10500000.0,5.81698
11000000.0,5.742114
11500000.0,5.682284
12000000.0,5.636882
12500000.0,5.604869
12750000.0,5.594791
13000000.0,5.584945
13108800.0,5.582897
13500000.0,5.575734
13750000.0,5.575746
14000000.0,5.575815
14250000.0,5.579859
14500000.0,5.583918
14750000.0,5.591364
15000000.0,5.598798
15250000.0,5.610196
15500000.0,5.621561
15750000.0,5.632954
16000000.0,5.644319
16500000.0,5.674054
16750000.0,5.688942
17000000.0,5.703797
17250000.0,5.720252
17500000.0,5.736671
18000000.0,5.769527
18500000.0,5.802244
18750000.0,5.818612
19000000.0,5.834953
19500000.0,5.864967
19750000.0,5.879987
20000000.0,5.894986
