1e-05,4010.9
1.03125e-05,3949.919
1.0625e-05,3891.649
1.09375e-05,3835.892
1.125e-05,3782.474
1.15625e-05,3731.236
1.1875e-05,3682.031
1.21875e-05,3634.732
1.25e-05,3589.217
1.28125e-05,3545.375
1.3125e-05,3503.109
1.34375e-05,3462.325
1.375e-05,3422.938
1.4375e-05,3348.052
1.5e-05,3277.895
1.5625e-05,3211.987
1.625e-05,3149.918
1.6875e-05,3091.329
1.75e-05,3035.905
1.8125e-05,2983.37
1.875e-05,2933.485
1.9375e-05,2886.031
2e-05,2840.82
2.09375e-05,2776.834
2.1875e-05,2717.006
2.28125e-05,2660.902
2.375e-05,2608.153
2.46875e-05,2558.435
2.5625e-05,2511.471
2.65625e-05,2467.014
2.75e-05,2424.849
2.84375e-05,2384.785
2.9375e-05,2346.655
3.03125e-05,2310.306
3.125e-05,2275.605
3.21875e-05,2242.43
3.3125e-05,2210.673
3.40625e-05,2180.236
3.5e-05,2151.03
3.59375e-05,2122.973
3.6875e-05,2095.993
3.78125e-05,2070.022
3.875e-05,2044.998
3.96875e-05,2020.866
4.0625e-05,1997.574
4.25e-05,1953.323
4.4375e-05,1911.905
4.625e-05,1873.031
4.8125e-05,1836.451
5e-05,1801.947
5.15625e-05,1774.643
5.3125e-05,1748.551
5.46875e-05,1723.585
5.625e-05,1699.667
5.78125e-05,1676.724
5.9375e-05,1654.692
6.09375e-05,1633.513
6.25e-05,1613.134
6.40625e-05,1593.503
6.5625e-05,1574.578
6.71875e-05,1556.316
6.875e-05,1538.68
7.1875e-05,1505.149
7.5e-05,1473.735
7.8125e-05,1444.225
8.125e-05,1416.432
8.4375e-05,1390.198
8.75e-05,1365.381
9.0625e-05,1341.859
9.375e-05,1319.522
9.6875e-05,1298.274
0.0001,1278.03
0.000103125,1258.713
0.00010625,1240.253
0.000109375,1222.591
0.0001125,1205.669
0.000115625,1189.437
0.00011875,1173.85
0.000121875,1158.867
0.000125,1144.448
0.000128125,1130.56
0.00013125,1117.171
0.000134375,1104.251
0.0001375,1091.774
0.00014375,1068.051
0.00015,1045.827
0.00015625,1024.948
0.0001625,1005.286
0.00016875,986.7256
0.000175,969.1683
0.00018125,952.5266
0.0001875,936.7237
0.00019375,921.6914
0.0002,907.369
0.000209375,887.0995
0.00021875,868.1467
0.000228125,850.3741
0.0002375,833.664
0.000246875,817.9144
0.00025625,803.0369
0.000265625,788.9537
0.000275,775.5966
0.000284375,762.9053
0.00029375,750.8262
0.000303125,739.3115
0.0003125,728.3189
0.000321875,717.8097
0.00033125,707.7496
0.000340625,698.1077
0.00035,688.8555
0.000359375,679.9677
0.00036875,671.4208
0.000378125,663.1936
0.0003875,655.2666
0.000396875,647.6221
0.00040625,640.2437
0.000425,626.2256
0.00044375,613.1053
0.0004625,600.7907
0.00048125,589.2026
0.0005,578.2723
0.000515625,569.6227
0.00053125,561.3574
0.000546875,553.4487
0.0005625,545.8717
0.000578125,538.6038
0.00059375,531.6246
0.000609375,524.9155
0.000625,518.4594
0.000640625,512.2409
0.00065625,506.2457
0.000671875,500.4608
0.0006875,494.8741
0.00071875,484.252
0.00075,474.3005
0.00078125,464.952
0.0008125,456.148
0.00084375,447.8374
0.000875,439.9759
0.00090625,432.5243
0.0009375,425.4485
0.00096875,418.7176
0.001,412.3045
0.00103125,406.1851
0.0010625,400.3376
0.00109375,394.7424
0.001125,389.3818
0.00115625,384.2399
0.0011875,379.3022
0.00121875,374.5557
0.00125,369.9881
0.00128125,365.5886
0.0013125,361.3472
0.00134375,357.2544
0.001375,353.3019
0.0014375,345.787
0.0015,338.7466
0.0015625,332.1328
0.001625,325.904
0.0016875,320.0245
0.00175,314.4626
0.0018125,309.1907
0.001875,304.1847
0.0019375,299.4227
0.002,294.8856
0.00209375,288.4646
0.0021875,282.4608
0.00228125,276.8307
0.002375,271.5372
0.00246875,266.548
0.0025625,261.8351
0.00265625,257.3738
0.00275,253.1425
0.00284375,249.1221
0.0029375,245.2957
0.00303125,241.648
0.003125,238.1657
0.00321875,234.8366
0.0033125,231.6498
0.00340625,228.5954
0.0035,225.6645
0.00359375,222.8489
0.0036875,220.1414
0.00378125,217.5352
0.003875,215.024
0.00396875,212.6024
0.0040625,210.265
0.00425,205.8243
0.0044375,201.668
0.004625,197.767
0.0048125,194.0962
0.005,190.6336
0.00515625,187.8936
0.0053125,185.2752
0.00546875,182.7699
0.005625,180.3696
0.00578125,178.0674
0.0059375,175.8565
0.00609375,173.7311
0.00625,171.6859
0.00640625,169.716
0.0065625,167.8168
0.00671875,165.9843
0.006875,164.2145
0.0071875,160.8496
0.0075,157.6972
0.0078125,154.7357
0.008125,151.9468
0.0084375,149.3141
0.00875,146.8237
0.0090625,144.4632
0.009375,142.2217
0.0096875,140.0895
0.01,138.0579
0.0103125,136.1194
0.010625,134.267
0.0109375,132.4945
0.01125,130.7964
0.0115625,129.1675
0.011875,127.6034
0.0121875,126.0997
0.0125,124.6528
0.0128125,123.2591
0.013125,121.9155
0.0134375,120.619
0.01375,119.3669
0.014375,116.9863
0.015,114.7561
0.015625,112.6609
0.01625,110.6878
0.016875,108.8252
0.0175,107.0633
0.018125,105.3933
0.01875,103.8075
0.019375,102.299
0.02,100.8617
0.0206625,99.4099
0.021325,98.02629
0.0219875,96.70566
0.02265,95.44337
0.0233125,94.23526
0.023975,93.07755
0.0246375,91.96682
0.0253,90.9
0.02607188,89.70592
0.02684375,88.56375
0.02761563,87.4698
0.0283875,86.42081
0.02915938,85.41375
0.02993125,84.44592
0.03070313,83.51482
0.031475,82.6182
0.03224688,81.75398
0.03301875,80.92025
0.0345625,79.33739
0.03610625,77.8572
0.03765,76.46903
0.03919375,75.16372
0.0407375,73.93335
0.04228125,72.77102
0.043825,71.67066
0.04536875,70.62698
0.0469125,69.63525
0.04845625,68.69133
0.05,67.79147
0.0515625,66.92216
0.053125,66.09151
0.0546875,65.29672
0.05625,64.53529
0.0578125,63.80494
0.059375,63.10363
0.0609375,62.42948
0.0625,61.78077
0.0640625,61.15595
0.065625,60.55359
0.0671875,59.97236
0.06875,59.41108
0.071875,58.34394
0.075,57.34422
0.078125,56.40512
0.08125,55.52075
0.084375,54.686
0.0875,53.89638
0.090625,53.14797
0.09375,52.43732
0.096875,51.76134
0.1,51.11731
0.103125,50.50279
0.10625,49.91559
0.109375,49.35375
0.1125,48.81549
0.115625,48.2992
0.11875,47.80344
0.121875,47.32688
0.125,46.8683
0.128125,46.42661
0.13125,46.00079
0.134375,45.58993
0.1375,45.19314
0.14375,44.43877
0.15,43.73207
0.15625,43.06821
0.1625,42.44304
0.16875,41.85294
0.175,41.29475
0.18125,40.7657
0.1875,40.26332
0.19375,39.78548
0.2,39.33021
0.209375,38.68592
0.21875,38.08352
0.228125,37.51866
0.2375,36.98759
0.246875,36.48708
0.25625,36.01431
0.265625,35.56678
0.275,35.14235
0.284375,34.73909
0.29375,34.3553
0.303125,33.98946
0.3125,33.64022
0.321875,33.30634
0.33125,32.98675
0.340625,32.68044
0.35,32.38654
0.359375,32.10421
0.36875,31.83272
0.378125,31.57139
0.3875,31.31961
0.396875,31.07681
0.40625,30.84246
0.425,30.39725
0.44375,29.98057
0.4625,29.5895
0.48125,29.22152
0.5,28.87445
0.53125,28.33736
0.5625,27.84571
0.59375,27.39339
0.625,26.97545
0.65625,26.58774
0.6875,26.22678
0.71875,25.88963
0.75,25.57379
0.78125,25.27709
0.8125,24.99769
0.84375,24.73395
0.875,24.48448
0.9375,24.02351
1.0,23.60647
1.0625,23.2268
1.125,22.87924
1.1875,22.55949
1.25,22.26405
1.3125,21.98997
1.375,21.7348
1.4375,21.49646
1.5,21.27319
1.5625,21.06345
1.625,20.86593
1.6875,20.6795
1.75,20.50314
1.875,20.17727
2.0,19.88246
2.075,19.71851
2.15,19.56322
2.3,19.27575
2.45,19.0151
2.6,18.77736
2.75,18.55935
2.9,18.35848
3.05,18.17263
3.199999,18.0
3.200001,271.3462
3.425001,262.603
3.650001,254.6933
3.875001,247.4932
4.100001,240.903
4.325001,234.8416
4.550001,229.2422
4.775001,224.0492
5.0,219.216
5.25,214.1751
5.5,209.4882
5.75,205.116
6.0,201.0249
6.25,197.1862
6.5,193.5753
6.75,190.1705
7.0,186.953
7.375,182.3966
7.75,178.182
8.125,174.2686
8.5,170.6225
8.875,167.2147
9.25,164.0206
9.625,161.0188
10.0,158.191
10.51777,154.5194
11.03553,151.1169
11.55329,147.9524
12.07105,144.9998
12.58882,142.2364
13.10658,139.6434
13.62434,137.2039
14.1421,134.9035
14.87434,131.7784
15.60658,128.8805
16.33882,126.1836
17.07105,123.6657
17.80329,121.3079
18.53553,119.094
19.26777,117.0101
20.0,115.044
21.25,111.911
22.5,109.0505
23.75,106.4256
25.0,104.0058
26.25,101.766
27.5,99.68509
28.75,97.74534
30.0,95.9316
31.25,94.194
32.5,92.56105
33.75,91.02276
35.0,89.5704
37.5,86.89391
40.0,84.48066
42.5,82.29051
45.0,80.29139
47.5,78.4573
50.0,76.7669
52.5,75.16773
55.0,73.68292
57.5,72.29956
60.0,71.00673
62.5,69.79507
65.0,68.65651
67.5,67.58404
70.0,66.5716
73.75,65.1263
77.5,63.79134
81.25,62.55349
85.0,61.40166
88.75,60.3264
92.5,59.3197
96.25,58.37463
100.0,57.4852
106.25,56.07136
112.5,54.78194
118.75,53.59989
125.0,52.51122
131.25,51.50437
137.5,50.56968
143.75,49.69901
150.0,48.88542
156.25,48.12298
162.5,47.40663
168.75,46.7319
175.0,46.09496
187.5,44.92138
200.0,43.8634
212.5,42.87295
225.0,41.96957
237.5,41.14131
250.0,40.37837
262.5,39.67267
275.0,39.01742
287.5,38.40696
300.0,37.8364
312.5,37.28887
325.0,36.77445
337.5,36.28998
350.0,35.83265
375.0,34.99005
400.0,34.23043
425.0,33.54109
450.0,32.91184
475.0,32.33445
500.0,31.8022
525.0,31.30073
550.0,30.83484
575.0,30.40054
600.0,29.99439
625.0,29.6135
650.0,29.25534
675.0,28.91774
700.0,28.5988
737.5,28.14797
775.0,27.73091
812.5,27.3436
850.0,26.98264
887.5,26.64515
925.0,26.32869
962.5,26.03115
1000.0,25.7507
1062.5,25.31874
1125.0,24.92332
1187.5,24.55953
1250.0,24.22331
1312.5,23.91129
1375.0,23.62066
1437.5,23.34905
1500.0,23.09445
1562.5,22.85511
1625.0,22.62955
1687.5,22.41647
1750.0,22.21474
1875.0,21.84147
2000.0,21.5031
2125.0,21.20332
2250.0,20.92785
2375.0,20.67346
2500.0,20.43753
2625.0,20.21785
2750.0,20.0126
2875.0,19.82019
3000.0,19.6393
3125.0,19.47855
3250.0,19.32638
3375.0,19.18204
3500.0,19.04481
3750.0,18.78947
4000.0,18.55633
4250.0,18.34222
4500.0,18.14456
4750.0,17.96122
5000.0,17.7905
5250.0,17.6436
5500.0,17.50551
5750.0,17.37531
6000.0,17.25223
6250.0,17.13561
6500.0,17.02487
6750.0,16.91947
7000.0,16.819
7375.0,16.68898
7750.0,16.56692
8125.0,16.45196
8500.0,16.34338
8875.0,16.24059
9250.0,16.14303
9625.0,16.05023
10000.0,15.9618
10625.0,15.84365
11250.0,15.73341
11875.0,15.63015
12500.0,15.53308
13125.0,15.44155
13750.0,15.355
14375.0,15.27293
15000.0,15.19496
15625.0,15.1207
16250.0,15.04985
16875.0,14.98211
17500.0,14.91725
18750.0,14.7953
20000.0,14.6825
21250.0,14.5927
22500.0,14.50874
23750.0,14.42992
25000.0,14.35569
26250.0,14.28559
27500.0,14.21918
28750.0,14.15611
30000.0,14.0961
32039.93,14.02162
34079.85,13.95224
36119.78,13.88734
38159.7,13.8264
39639.74,13.76822
41119.78,13.71309
44079.85,13.61114
47039.93,13.51888
50000.0,13.435
52500.0,13.36589
55000.0,13.30188
57500.0,13.24248
60000.0,13.18724
62500.0,13.13577
65000.0,13.08778
67500.0,13.04293
70000.0,13.001
73750.0,12.9197
77500.0,12.84487
81250.0,12.77584
85000.0,12.71201
88750.0,12.65287
92500.0,12.598
96250.0,12.54703
100000.0,12.49961
105463.0,12.42552
110926.0,12.35785
110926.2,12.35785
115463.0,12.3032
120000.0,12.2523
127534.0,12.1591
133767.0,12.07898
140000.0,12.0049
147500.0,11.90064
155000.0,11.80463
162500.0,11.71597
170000.0,11.6339
177500.0,11.5317
185000.0,11.4362
192500.0,11.34678
200000.0,11.2629
212500.0,11.12723
225000.0,11.00437
237500.0,10.89271
250000.0,10.7909
267118.0,10.6293
283559.0,10.46649
300000.0,10.3189
312500.0,10.21048
325000.0,10.10937
337500.0,10.01489
350000.0,9.926459
375000.0,9.765707
400000.0,9.62362
428958.0,9.410142
457916.0,9.22094
457916.1,9.220939
478958.0,9.068783
500000.0,8.92833
525000.0,8.796963
550000.0,8.677102
575000.0,8.567419
600000.0,8.46679
625000.0,8.33775
650000.0,8.218456
675000.0,8.107911
700000.0,8.00525
750000.0,7.872007
800000.0,7.75764
850000.0,7.62574
900000.0,7.51002
950000.0,7.378987
1000000.0,7.26241
1050000.0,7.200395
1100000.0,7.14587
1200000.0,7.07823
1300000.0,7.06501
1400000.0,7.05178
1500000.0,7.08436
1600000.0,7.11693
1650000.0,7.144527
1700000.0,7.17189
1750000.0,7.199479
1800000.0,7.22686
1850000.0,7.258547
1900000.0,7.28992
1950000.0,7.32158
2000000.0,7.35298
2050000.0,7.384173
2100000.0,7.41517
2150000.0,7.446441
2200000.0,7.477603
2250000.0,7.508641
2300000.0,7.53954
2350000.0,7.566428
2400000.0,7.593331
2450000.0,7.620224
2500000.0,7.64709
2550000.0,7.670229
2600000.0,7.693437
2650000.0,7.716694
2700000.0,7.73998
2737500.0,7.754449
2775000.0,7.768995
2812500.0,7.783607
2850000.0,7.798274
2887500.0,7.81299
2925000.0,7.827745
2962500.0,7.842535
3000000.0,7.85735
3062500.0,7.860192
3125000.0,7.863415
3187500.0,7.866976
3250000.0,7.870837
3312500.0,7.874966
3375000.0,7.879334
3437500.0,7.883914
3500000.0,7.888683
3562500.0,7.89158
3625000.0,7.894818
3687500.0,7.898369
3750000.0,7.902208
3812500.0,7.906311
3875000.0,7.910656
3937500.0,7.915226
4000000.0,7.920003
4062500.0,7.898184
4125000.0,7.877007
4187500.0,7.856448
4250000.0,7.836476
4312500.0,7.817069
4375000.0,7.798206
4437500.0,7.77986
4500000.0,7.762015
4562500.0,7.740478
4625000.0,7.71949
4687500.0,7.699031
4750000.0,7.679081
4812500.0,7.659622
4875000.0,7.640638
4937500.0,7.622114
5000000.0,7.604031
5062500.0,7.572678
5125000.0,7.542042
5187500.0,7.512099
5250000.0,7.482828
5312500.0,7.454208
5375000.0,7.42622
5437500.0,7.398844
5500000.0,7.372064
5562500.0,7.340911
5625000.0,7.310408
5687500.0,7.28054
5750000.0,7.251286
5812500.0,7.222631
5875000.0,7.194555
5937500.0,7.167046
6000000.0,7.140087
6125000.0,7.081432
6250000.0,7.025174
6375000.0,6.971187
6500000.0,6.919353
6625000.0,6.860855
6750000.0,6.804639
6875000.0,6.750593
7000000.0,6.698609
7500000.0,6.51894
7569560.0,6.492717
8000000.0,6.33929
8500000.0,6.20673
9000000.0,6.07418
9500000.0,5.98888
10000000.0,5.9036
10500000.0,5.86165
11000000.0,5.81972
11500000.0,5.81327
12000000.0,5.80682
12500000.0,5.826031
13000000.0,5.845226
13250000.0,5.862667
13500000.0,5.880201
13871100.0,5.906203
13871150.0,5.906207
14000000.0,5.915174
14250000.0,5.936217
14500000.0,5.957324
14750000.0,5.978367
15000000.0,5.999464
15250000.0,6.020717
15500000.0,6.042001
15750000.0,6.063253
16000000.0,6.08453
16250000.0,6.103523
16500000.0,6.122519
16750000.0,6.141516
17000000.0,6.160515
17500000.0,6.190656
17750000.0,6.205736
18000000.0,6.220806
18500000.0,6.241039
18750000.0,6.251165
19000000.0,6.261285
19500000.0,6.270581
19750000.0,6.275214
20000000.0,6.279861
