1e-05,127010.2
1.03125e-05,125066.3
1.0625e-05,123208.8
1.09375e-05,121431.6
1.125e-05,119729.0
1.15625e-05,118096.0
1.1875e-05,116527.9
1.21875e-05,115020.6
1.25e-05,113570.3
1.28125e-05,112173.3
1.3125e-05,110826.6
1.34375e-05,109527.2
1.375e-05,108272.4
1.4375e-05,105886.7
1.5e-05,103651.9
1.5625e-05,101552.6
1.625e-05,99575.77
1.6875e-05,97709.89
1.75e-05,95944.96
1.8125e-05,94272.2
1.875e-05,92683.86
1.9375e-05,91173.07
2e-05,89733.73
2.09375e-05,87696.89
2.1875e-05,85792.54
2.28125e-05,84006.93
2.375e-05,82328.2
2.46875e-05,80746.1
2.5625e-05,79251.72
2.65625e-05,77837.22
2.75e-05,76495.76
2.84375e-05,75221.25
2.9375e-05,74008.28
3.03125e-05,72852.09
3.125e-05,71748.38
3.21875e-05,70693.27
3.3125e-05,69683.33
3.40625e-05,68715.4
3.5e-05,67786.65
3.59375e-05,66894.53
3.6875e-05,66036.68
3.78125e-05,65210.95
3.875e-05,64415.41
3.96875e-05,63648.24
4.0625e-05,62907.8
4.25e-05,61501.18
4.4375e-05,60184.77
4.625e-05,58949.29
4.8125e-05,57786.81
5e-05,56690.4
5.15625e-05,55822.83
5.3125e-05,54993.85
5.46875e-05,54200.68
5.625e-05,53440.83
5.78125e-05,52712.01
5.9375e-05,52012.18
6.09375e-05,51339.48
6.25e-05,50692.17
6.40625e-05,50068.72
6.5625e-05,49467.68
6.71875e-05,48887.75
6.875e-05,48327.73
7.1875e-05,47263.01
7.5e-05,46265.61
7.8125e-05,45328.71
8.125e-05,44446.45
8.4375e-05,43613.71
8.75e-05,42826.02
9.0625e-05,42079.47
9.375e-05,41370.59
9.6875e-05,40696.33
0.0001,40053.96
0.000103125,39441.03
0.00010625,38855.36
0.000109375,38295.0
0.0001125,37758.19
0.000115625,37243.29
0.00011875,36748.87
0.000121875,36273.61
0.000125,35816.29
0.000128125,35375.83
0.00013125,34951.22
0.000134375,34541.5
0.0001375,34145.86
0.00014375,33393.65
0.00015,32689.0
0.00015625,32027.1
0.0001625,31403.8
0.00016875,30815.47
0.000175,30258.99
0.00018125,29731.55
0.0001875,29230.75
0.00019375,28754.4
0.0002,28300.56
0.000209375,27658.34
0.00021875,27057.89
0.000228125,26494.88
0.0002375,25965.58
0.000246875,25466.73
0.00025625,24995.55
0.000265625,24549.55
0.000275,24126.58
0.000284375,23724.72
0.00029375,23342.27
0.000303125,22977.72
0.0003125,22629.72
0.000321875,22297.03
0.00033125,21978.6
0.000340625,21673.4
0.00035,21380.56
0.000359375,21099.27
0.00036875,20828.79
0.000378125,20568.43
0.0003875,20317.59
0.000396875,20075.7
0.00040625,19842.24
0.000425,19398.73
0.00044375,18983.66
0.0004625,18594.1
0.00048125,18227.57
0.0005,17881.87
0.000515625,17608.31
0.00053125,17346.93
0.000546875,17096.84
0.0005625,16857.26
0.000578125,16627.46
0.00059375,16406.8
0.000609375,16194.7
0.000625,15990.6
0.000640625,15794.01
0.00065625,15604.51
0.000671875,15421.65
0.0006875,15245.07
0.00071875,14909.36
0.00075,14594.88
0.00078125,14299.47
0.0008125,14021.29
0.00084375,13758.72
0.000875,13510.36
0.00090625,13274.96
0.0009375,13051.45
0.00096875,12838.85
0.001,12636.31
0.00103125,12443.05
0.0010625,12258.39
0.00109375,12081.7
0.001125,11912.44
0.00115625,11750.09
0.0011875,11594.2
0.00121875,11444.34
0.00125,11300.15
0.00128125,11161.27
0.0013125,11027.39
0.00134375,10898.2
0.001375,10773.45
0.0014375,10536.28
0.0015,10314.1
0.0015625,10105.39
0.001625,9908.862
0.0016875,9723.361
0.00175,9547.897
0.0018125,9381.595
0.001875,9223.688
0.0019375,9073.49
0.002,8930.394
0.00209375,8727.898
0.0021875,8538.573
0.00228125,8361.052
0.002375,8194.156
0.00246875,8036.868
0.0025625,7888.301
0.00265625,7747.676
0.00275,7614.311
0.00284375,7487.601
0.0029375,7367.012
0.00303125,7252.066
0.003125,7142.337
0.00321875,7037.441
0.0033125,6937.035
0.00340625,6840.806
0.0035,6748.473
0.00359375,6659.78
0.0036875,6574.494
0.00378125,6492.403
0.003875,6413.31
0.00396875,6337.041
0.0040625,6263.428
0.00425,6123.586
0.0044375,5992.709
0.004625,5869.882
0.0048125,5754.311
0.005,5645.308
0.00515625,5559.056
0.0053125,5476.639
0.00546875,5397.785
0.005625,5322.242
0.00578125,5249.785
0.0059375,5180.21
0.00609375,5113.33
0.00625,5048.976
0.00640625,4986.993
0.0065625,4927.239
0.00671875,4869.584
0.006875,4813.908
0.0071875,4708.055
0.0075,4608.895
0.0078125,4515.751
0.008125,4428.038
0.0084375,4345.248
0.00875,4266.938
0.0090625,4192.717
0.009375,4122.242
0.0096875,4055.208
0.01,3991.344
0.0103125,3930.407
0.010625,3872.181
0.0109375,3816.472
0.01125,3763.101
0.0115625,3711.911
0.011875,3662.758
0.0121875,3615.508
0.0125,3570.042
0.0128125,3526.253
0.013125,3484.037
0.0134375,3443.304
0.01375,3403.969
0.014375,3329.185
0.015,3259.131
0.015625,3193.325
0.01625,3131.357
0.016875,3072.867
0.0175,3017.541
0.018125,2965.105
0.01875,2915.315
0.019375,2867.957
0.02,2822.838
0.0206625,2777.266
0.021325,2733.837
0.0219875,2692.387
0.02265,2652.771
0.0233125,2614.858
0.023975,2578.528
0.0246375,2543.674
0.0253,2510.2
0.02607188,2473.149
0.02684375,2437.705
0.02761563,2403.754
0.0283875,2371.195
0.02915938,2339.933
0.02993125,2309.888
0.03070313,2280.98
0.031475,2253.14
0.03224688,2226.304
0.03301875,2200.411
0.0345625,2151.249
0.03610625,2105.269
0.03765,2062.139
0.03919375,2021.58
0.0407375,1983.342
0.04228125,1947.215
0.043825,1913.009
0.04536875,1880.562
0.0469125,1849.726
0.04845625,1820.372
0.05,1792.387
0.0515625,1765.347
0.053125,1739.507
0.0546875,1714.781
0.05625,1691.09
0.0578125,1668.364
0.059375,1646.539
0.0609375,1625.557
0.0625,1605.366
0.0640625,1585.917
0.065625,1567.164
0.0671875,1549.069
0.06875,1531.593
0.071875,1498.362
0.075,1467.226
0.078125,1437.973
0.08125,1410.422
0.084375,1384.412
0.0875,1359.806
0.090625,1336.481
0.09375,1314.33
0.096875,1293.257
0.1,1273.178
0.103125,1254.016
0.10625,1235.705
0.109375,1218.183
0.1125,1201.394
0.115625,1185.289
0.11875,1169.823
0.121875,1154.954
0.125,1140.646
0.128125,1126.863
0.13125,1113.574
0.134375,1100.75
0.1375,1088.366
0.14375,1064.817
0.15,1042.752
0.15625,1022.022
0.1625,1002.497
0.16875,984.0656
0.175,966.6281
0.18125,950.0988
0.1875,934.4012
0.19375,919.4679
0.2,905.2386
0.20625,891.6599
0.2125,878.6835
0.21875,866.2661
0.225,854.3687
0.23125,842.9559
0.2375,831.9957
0.24375,821.4588
0.2499999,811.319
0.2500001,812.0187
0.2578126,799.8648
0.2656251,788.25
0.2734376,777.1356
0.2812501,766.4866
0.2890626,756.2713
0.2968751,746.4612
0.3046876,737.0301
0.3125001,727.9541
0.3203126,719.2115
0.3281251,710.7824
0.3359376,702.6485
0.3437501,694.7929
0.3593751,679.8556
0.3750001,665.86
0.3906251,652.7111
0.4062501,640.3267
0.4218751,628.6352
0.4375001,617.5747
0.4531251,607.09
0.4687501,597.133
0.5,578.6351
0.53125,561.791
0.5625,546.3679
0.59375,532.1766
0.625,519.0612
0.65625,506.8921
0.6875,495.5609
0.71875,484.9752
0.75,475.0569
0.78125,465.7386
0.8125,456.9622
0.84375,448.6768
0.875,440.8384
0.9375,426.352
1.0,413.243
1.051777,403.2172
1.103553,393.9067
1.155329,385.2302
1.207105,377.1191
1.258882,369.5141
1.310658,362.3654
1.362434,355.6286
1.41421,349.266
1.487434,340.7955
1.560658,332.9282
1.633882,325.5959
1.707105,318.7405
1.780329,312.3122
1.853553,306.2688
1.926777,300.573
2.0,295.193
2.125,286.682
2.25,278.891
2.375,271.7241
2.5,265.1022
2.625,258.9594
2.75,253.2407
2.875,247.8996
3.0,242.896
3.125,238.193
3.25,233.7643
3.375,229.5842
3.5,225.6304
3.75,218.3249
4.0,211.7162
4.25,205.7002
4.5,200.1933
4.75,195.1275
5.0,190.447
5.25,186.1025
5.5,182.058
5.75,178.2805
6.0,174.742
6.25,171.4183
6.5,168.2883
6.75,165.3343
7.0,162.54
7.375,158.6158
7.75,154.9803
8.125,151.6
8.5,148.4462
8.875,145.4948
9.25,142.7249
9.625,140.1189
10.0,137.661
10.51777,134.5043
11.03553,131.5735
11.55329,128.8428
12.07105,126.2905
12.58882,123.898
13.10658,121.6494
13.62434,119.5308
14.1421,117.5302
14.87434,114.8382
15.60658,112.3378
16.33882,110.0073
17.07105,107.8283
17.80329,105.785
18.53553,103.8639
19.26777,102.0533
20.0,100.343
21.25,97.65207
22.5,95.18911
23.75,92.92369
25.0,90.83075
26.25,88.88947
27.5,87.08242
28.75,85.39478
30.0,83.814
31.25,82.32735
32.5,80.92754
33.75,79.60644
35.0,78.35693
37.5,76.04852
40.0,73.96061
42.5,72.06022
45.0,70.32086
47.5,68.72106
50.0,67.2431
52.5,65.87057
55.0,64.59301
57.5,63.39992
60.0,62.28242
62.5,61.23285
65.0,60.24458
67.5,59.31192
70.0,58.4298
73.75,57.1908
77.5,56.04313
81.25,54.97609
85.0,53.98068
88.75,53.04923
92.5,52.17519
96.25,51.35287
100.0,50.5774
105.1777,49.59297
110.3553,48.67935
115.5329,47.82841
120.7105,47.03337
125.8882,46.28835
131.0658,45.58838
136.2434,44.92913
141.421,44.30677
148.7434,43.44695
156.0658,42.64817
163.3882,41.90349
170.7105,41.20706
178.0329,40.55388
185.3553,39.93963
192.6777,39.36059
200.0,38.8135
212.5,37.96723
225.0,37.19264
237.5,36.48018
250.0,35.82195
262.5,35.21142
275.0,34.64307
287.5,34.11229
300.0,33.6151
312.5,33.14934
325.0,32.71073
337.5,32.29673
350.0,31.9051
375.0,31.18145
400.0,30.52678
425.0,29.93075
450.0,29.38511
475.0,28.88314
500.0,28.4193
525.0,27.99132
550.0,27.59279
575.0,27.22045
600.0,26.87157
625.0,26.54377
650.0,26.235
675.0,25.94349
700.0,25.6677
737.5,25.28377
775.0,24.92784
812.5,24.59666
850.0,24.28748
887.5,23.99795
925.0,23.72608
962.5,23.47013
1000.0,23.2286
1062.5,22.86365
1125.0,22.52897
1187.5,22.22057
1250.0,21.93516
1312.5,21.66998
1375.0,21.42274
1437.5,21.19148
1500.0,20.97455
1562.5,20.77051
1625.0,20.57811
1687.5,20.39628
1750.0,20.22409
1875.0,19.90536
2000.0,19.6164
2125.0,19.36447
2250.0,19.13298
2375.0,18.91926
2500.0,18.72112
2625.0,18.53671
2750.0,18.36451
2875.0,18.20317
3000.0,18.0516
3125.0,17.91826
3250.0,17.79213
3375.0,17.67259
3500.0,17.55906
3750.0,17.34805
4000.0,17.15575
4250.0,16.97946
4500.0,16.81703
4750.0,16.66666
5000.0,16.5269
5250.0,16.40826
5500.0,16.29693
5750.0,16.19213
6000.0,16.09325
6250.0,15.99969
6500.0,15.911
6750.0,15.82672
7000.0,15.7465
7375.0,15.64482
7750.0,15.54951
8125.0,15.45991
8500.0,15.37542
8875.0,15.29553
9250.0,15.21982
9625.0,15.14793
10000.0,15.0795
10625.0,14.99412
11250.0,14.91445
11875.0,14.83982
12500.0,14.76967
13125.0,14.70352
13750.0,14.64097
14375.0,14.58167
15000.0,14.52532
15625.0,14.47166
16250.0,14.42047
16875.0,14.37153
17500.0,14.32467
18750.0,14.23658
20000.0,14.1551
21250.0,14.09796
22500.0,14.04437
23750.0,13.99394
25000.0,13.94633
26250.0,13.90125
27500.0,13.85846
28750.0,13.81773
30000.0,13.7789
31137.3,13.75039
32274.6,13.72297
34549.2,13.67109
36823.8,13.62273
39098.4,13.57745
41373.0,13.5349
43647.6,13.49477
45922.2,13.45681
48196.8,13.4208
50000.0,13.3934
52500.0,13.35485
55000.0,13.3187
57500.0,13.28473
60000.0,13.25274
62500.0,13.22256
65000.0,13.19405
67500.0,13.16706
70000.0,13.1415
73750.0,13.09088
77500.0,13.04378
81250.0,12.99985
85000.0,12.95878
88750.0,12.92032
92500.0,12.88423
96250.0,12.85031
100000.0,12.8184
107102.0,12.71492
107102.3,12.71492
112459.0,12.6419
112459.2,12.6419
120000.0,12.5455
125000.0,12.48363
130000.0,12.42549
135000.0,12.37077
140000.0,12.3192
147500.0,12.24097
155000.0,12.16878
162500.0,12.102
170000.0,12.0401
177500.0,11.97687
185000.0,11.9179
192500.0,11.86282
200000.0,11.8113
212500.0,11.6621
225000.0,11.52885
237500.0,11.40954
250000.0,11.3025
262500.0,11.19201
275000.0,11.0891
287500.0,10.99299
300000.0,10.903
312500.0,10.77151
325000.0,10.64981
337500.0,10.537
350000.0,10.43228
362500.0,10.33497
375000.0,10.24443
400000.0,10.0816
425000.0,9.901154
450000.0,9.743968
475000.0,9.606869
500000.0,9.48726
525000.0,9.333613
550000.0,9.195679
575000.0,9.071649
600000.0,8.95999
625000.0,8.838645
650000.0,8.728436
675000.0,8.62825
700000.0,8.53712
725000.0,8.453394
750000.0,8.37597
775000.0,8.304312
800000.0,8.23794
825000.0,8.167329
850000.0,8.101497
875000.0,8.040081
900000.0,7.98275
925000.0,7.921744
950000.0,7.864661
975000.0,7.811227
1000000.0,7.76119
1025000.0,7.726425
1050000.0,7.693699
1075000.0,7.662886
1100000.0,7.63387
1125000.0,7.612265
1150000.0,7.591921
1175000.0,7.57277
1200000.0,7.55474
1225000.0,7.547013
1250000.0,7.539895
1275000.0,7.533351
1300000.0,7.52735
1325000.0,7.520335
1350000.0,7.513801
1375000.0,7.507724
1400000.0,7.50208
1425000.0,7.50641
1450000.0,7.510839
1475000.0,7.515359
1500000.0,7.51996
1525000.0,7.524082
1550000.0,7.528254
1575000.0,7.532473
1600000.0,7.53673
1625000.0,7.546578
1650000.0,7.55634
1675000.0,7.566015
1700000.0,7.5756
1725000.0,7.584961
1750000.0,7.594222
1775000.0,7.603382
1800000.0,7.61244
1825000.0,7.623955
1850000.0,7.635334
1875000.0,7.64658
1900000.0,7.65769
1925000.0,7.668685
1950000.0,7.679544
1975000.0,7.69027
2000000.0,7.70086
2025000.0,7.71206
2050000.0,7.723122
2075000.0,7.734048
2100000.0,7.74484
2125000.0,7.755494
2150000.0,7.766017
2175000.0,7.776408
2200000.0,7.786672
2225000.0,7.796806
2250000.0,7.806814
2275000.0,7.816694
2300000.0,7.826451
2325000.0,7.835807
2350000.0,7.845044
2375000.0,7.854164
2400000.0,7.863166
2450000.0,7.880821
2500000.0,7.89802
2550000.0,7.913573
2600000.0,7.928698
2650000.0,7.943408
2700000.0,7.95771
2737500.0,7.965976
2775000.0,7.974034
2812500.0,7.981884
2850000.0,7.989533
2887500.0,7.996984
2925000.0,8.004238
2962500.0,8.011297
3000000.0,8.01817
3031250.0,8.021526
3062500.0,8.024772
3093750.0,8.027908
3125000.0,8.030936
3156250.0,8.033858
3187500.0,8.036678
3218750.0,8.039393
3250000.0,8.042006
3281250.0,8.044518
3312500.0,8.046933
3343750.0,8.04925
3375000.0,8.051471
3437500.0,8.05563
3500000.0,8.05942
3562500.0,8.05328
3625000.0,8.046955
3687500.0,8.040447
3750000.0,8.033764
3812500.0,8.02691
3875000.0,8.019889
3937500.0,8.012703
4000000.0,8.00536
4062500.0,7.987496
4125000.0,7.969711
4187500.0,7.951999
4250000.0,7.93436
4312500.0,7.916788
4375000.0,7.899282
4437500.0,7.881841
4500000.0,7.86446
4562500.0,7.840676
4625000.0,7.817142
4687500.0,7.793848
4750000.0,7.77079
4875000.0,7.725344
5000000.0,7.68075
5250000.0,7.571822
5500000.0,7.46869
5942590.0,7.275913
5942591.0,7.275912
6000000.0,7.25213
6500000.0,7.041878
6750000.0,6.939506
7000000.0,6.8435
7250000.0,6.748964
7500000.0,6.659954
7750000.0,6.574269
8000000.0,6.493131
8500000.0,6.344622
9000000.0,6.215844
9500000.0,6.107911
10000000.0,6.021282
10500000.0,5.955772
11000000.0,5.910514
11500000.0,5.884016
12000000.0,5.874346
12500000.0,5.879244
12942500.0,5.894347
12942550.0,5.894348
13000000.0,5.896269
13250000.0,5.909652
13500000.0,5.922959
13750000.0,5.939991
14000000.0,5.956952
14250000.0,5.976554
14500000.0,5.996096
14750000.0,6.017276
15000000.0,6.038409
15250000.0,6.060589
15500000.0,6.082724
15750000.0,6.104348
16000000.0,6.125943
16250000.0,6.146867
16500000.0,6.167752
16750000.0,6.18817
17000000.0,6.208564
17250000.0,6.226237
17500000.0,6.243879
18000000.0,6.278384
18500000.0,6.30448
19000000.0,6.329995
19014300.0,6.330431
19014330.0,6.330431
19500000.0,6.345199
20000000.0,6.360047
