1e-05,66010.5
1.03125e-05,65004.33
1.0625e-05,64042.86
1.09375e-05,63122.88
1.125e-05,62241.47
1.15625e-05,61396.03
1.1875e-05,60584.17
1.21875e-05,59803.73
1.25e-05,59052.72
1.28125e-05,58329.35
1.3125e-05,57631.95
1.34375e-05,56959.01
1.375e-05,56309.13
1.4375e-05,55073.51
1.5e-05,53915.91
1.5625e-05,52828.44
1.625e-05,51804.29
1.6875e-05,50837.57
1.75e-05,49923.07
1.8125e-05,49056.27
1.875e-05,48233.16
1.9375e-05,47450.17
2e-05,46704.18
2.09375e-05,45648.41
2.1875e-05,44661.24
2.28125e-05,43735.53
2.375e-05,42865.16
2.46875e-05,42044.82
2.5625e-05,41269.91
2.65625e-05,40536.38
2.75e-05,39840.66
2.84375e-05,39179.61
2.9375e-05,38550.46
3.03125e-05,37950.7
3.125e-05,37378.14
3.21875e-05,36830.75
3.3125e-05,36306.76
3.40625e-05,35804.54
3.5e-05,35322.64
3.59375e-05,34859.71
3.6875e-05,34414.52
3.78125e-05,33986.0
3.875e-05,33573.11
3.96875e-05,33174.94
4.0625e-05,32790.63
4.25e-05,32060.48
4.4375e-05,31377.09
4.625e-05,30735.67
4.8125e-05,30132.1
5e-05,29562.78
5.15625e-05,29112.26
5.3125e-05,28681.74
5.46875e-05,28269.81
5.625e-05,27875.15
5.78125e-05,27496.6
5.9375e-05,27133.08
6.09375e-05,26783.62
6.25e-05,26447.35
6.40625e-05,26123.45
6.5625e-05,25811.18
6.71875e-05,25509.86
6.875e-05,25218.88
7.1875e-05,24665.61
7.5e-05,24147.28
7.8125e-05,23660.35
8.125e-05,23201.78
8.4375e-05,22768.91
8.75e-05,22359.44
9.0625e-05,21971.32
9.375e-05,21602.76
9.6875e-05,21252.17
0.0001,20918.14
0.000103125,20599.4
0.00010625,20294.83
0.000109375,20003.39
0.0001125,19724.18
0.000115625,19456.36
0.00011875,19199.18
0.000121875,18951.95
0.000125,18714.04
0.000128125,18484.89
0.00013125,18263.97
0.000134375,18050.79
0.0001375,17844.92
0.00014375,17453.5
0.00015,17086.79
0.00015625,16742.29
0.0001625,16417.87
0.00016875,16111.63
0.000175,15821.93
0.00018125,15547.34
0.0001875,15286.59
0.00019375,15038.56
0.0002,14802.24
0.000209375,14467.79
0.00021875,14155.07
0.000228125,13861.82
0.0002375,13586.1
0.000246875,13326.23
0.00025625,13080.75
0.000265625,12848.38
0.000275,12627.99
0.000284375,12418.59
0.00029375,12219.28
0.000303125,12029.29
0.0003125,11847.91
0.000321875,11674.51
0.00033125,11508.52
0.000340625,11349.42
0.00035,11196.77
0.000359375,11050.12
0.00036875,10909.09
0.000378125,10773.34
0.0003875,10642.55
0.000396875,10516.41
0.00040625,10394.67
0.000425,10163.37
0.00044375,9946.886
0.0004625,9743.696
0.00048125,9552.493
0.0005,9372.143
0.000515625,9229.425
0.00053125,9093.047
0.000546875,8962.554
0.0005625,8837.533
0.000578125,8717.614
0.00059375,8602.457
0.000609375,8491.756
0.000625,8385.231
0.000640625,8282.625
0.00065625,8183.703
0.000671875,8088.252
0.0006875,7996.072
0.00071875,7820.807
0.00075,7656.609
0.00078125,7502.359
0.0008125,7357.092
0.00084375,7219.967
0.000875,7090.252
0.00090625,6967.302
0.0009375,6850.549
0.00096875,6739.489
0.001,6633.675
0.00103125,6532.704
0.0010625,6436.219
0.00109375,6343.899
0.001125,6255.448
0.00115625,6170.608
0.0011875,6089.138
0.00121875,6010.818
0.00125,5935.454
0.00128125,5862.862
0.0013125,5792.878
0.00134375,5725.348
0.001375,5660.131
0.0014375,5536.136
0.0015,5419.969
0.0015625,5310.84
0.001625,5208.066
0.0016875,5111.053
0.00175,5019.283
0.0018125,4932.298
0.001875,4849.698
0.0019375,4771.126
0.002,4696.263
0.00209375,4590.316
0.0021875,4491.252
0.00228125,4398.357
0.002375,4311.013
0.00246875,4228.692
0.0025625,4150.929
0.00265625,4077.317
0.00275,4007.501
0.00284375,3941.165
0.0029375,3878.028
0.00303125,3817.842
0.003125,3760.384
0.00321875,3705.454
0.0033125,3652.871
0.00340625,3602.473
0.0035,3554.113
0.00359375,3507.657
0.0036875,3462.983
0.00378125,3419.981
0.003875,3378.547
0.00396875,3338.59
0.0040625,3300.023
0.00425,3226.752
0.0044375,3158.173
0.004625,3093.806
0.0048125,3033.236
0.005,2976.104
0.00515625,2930.893
0.0053125,2887.692
0.00546875,2846.353
0.005625,2806.749
0.00578125,2768.761
0.0059375,2732.281
0.00609375,2697.213
0.00625,2663.467
0.00640625,2630.964
0.0065625,2599.627
0.00671875,2569.39
0.006875,2540.189
0.0071875,2484.668
0.0075,2432.653
0.0078125,2383.79
0.008125,2337.772
0.0084375,2294.333
0.00875,2253.241
0.0090625,2214.293
0.009375,2177.307
0.0096875,2142.126
0.01,2108.605
0.0103125,2076.62
0.010625,2046.056
0.0109375,2016.81
0.01125,1988.79
0.0115625,1961.914
0.011875,1936.106
0.0121875,1911.296
0.0125,1887.421
0.0128125,1864.426
0.013125,1842.256
0.0134375,1820.864
0.01375,1800.205
0.014375,1760.925
0.015,1724.125
0.015625,1689.555
0.01625,1656.998
0.016875,1626.266
0.0175,1597.195
0.018125,1569.639
0.01875,1543.473
0.019375,1518.583
0.02,1494.867
0.0206625,1470.913
0.021325,1448.084
0.0219875,1426.293
0.02265,1405.466
0.0233125,1385.532
0.023975,1366.429
0.0246375,1348.103
0.0253,1330.5
0.02607188,1310.947
0.02684375,1292.241
0.02761563,1274.323
0.0283875,1257.14
0.02915938,1240.642
0.02993125,1224.785
0.03070313,1209.528
0.031475,1194.836
0.03224688,1180.671
0.03301875,1167.006
0.03379063,1153.811
0.0345625,1141.06
0.03610625,1116.791
0.03765,1094.029
0.03919375,1072.621
0.0407375,1052.439
0.04228125,1033.371
0.043825,1015.317
0.04536875,998.1898
0.0469125,981.9138
0.04845625,966.4201
0.05,951.648
0.0515625,937.3758
0.053125,923.7365
0.0546875,910.6847
0.05625,898.1794
0.0578125,886.1834
0.059375,874.663
0.0609375,863.5877
0.0625,852.9293
0.0640625,842.6624
0.065625,832.7636
0.0671875,823.2114
0.06875,813.986
0.071875,796.444
0.075,780.0076
0.078125,764.5654
0.08125,750.0209
0.084375,736.2903
0.0875,723.3004
0.090625,710.9867
0.09375,699.2927
0.096875,688.1679
0.1,677.5675
0.103125,667.4516
0.10625,657.7844
0.109375,648.5336
0.1125,639.6701
0.115625,631.1676
0.11875,623.0022
0.121875,615.1522
0.125,607.5978
0.128125,600.3209
0.13125,593.3048
0.134375,586.5343
0.1375,579.9956
0.14375,567.5622
0.15,555.9124
0.15625,544.9673
0.1625,534.6584
0.16875,524.9265
0.175,515.7196
0.18125,506.9919
0.1875,498.7034
0.19375,490.8184
0.2,483.305
0.2046875,477.8968
0.209375,472.6709
0.21875,462.7263
0.228125,453.4
0.2375,444.6302
0.246875,436.3638
0.25625,428.5542
0.265625,421.1609
0.275,414.148
0.284375,407.4841
0.29375,401.1412
0.303125,395.0942
0.3125,389.3208
0.321875,383.8009
0.33125,378.5164
0.340625,373.4512
0.35,368.5905
0.359375,363.9208
0.36875,359.4299
0.378125,355.1067
0.3875,350.941
0.396875,346.9235
0.40625,343.0456
0.425,335.6773
0.44375,328.7801
0.4625,322.3058
0.48125,316.2128
0.5,310.4651
0.525,303.2847
0.55,296.5986
0.575,290.3525
0.5999999,284.5
0.6000001,843.3
0.6250001,826.7569
0.65,811.1782
0.675,796.4731
0.6999999,782.5636
0.7499998,756.8614
0.7999996,733.6088
0.8499995,712.4401
0.8999993,693.0612
0.9499992,675.2337
0.999999,658.761
1.0,658.761
1.000001,658.7607
1.051778,642.5899
1.103554,627.5821
1.15533,613.6042
1.207106,600.5442
1.258882,588.3059
1.310658,576.8071
1.362434,565.9764
1.41421,555.7518
1.487434,542.1168
1.560658,529.46
1.633882,517.6696
1.707105,506.6518
1.780329,496.3256
1.853553,486.6216
1.926777,477.4801
2.0,468.849
2.125,455.1234
2.25,442.57
2.375,431.0314
2.5,420.3783
2.625,410.5035
2.75,401.3169
2.875,392.7424
3.0,384.715
3.125,377.1186
3.25,369.9704
3.375,363.2282
3.5,356.855
3.75,345.0904
4.0,334.4604
4.25,324.7945
4.5,315.9558
4.75,307.8331
5.0,300.335
5.25,293.3245
5.5,286.8048
5.75,280.7213
6.0,275.0279
6.25,269.6847
6.5,264.6574
6.75,259.9162
7.0,255.435
7.375,249.099
7.75,243.2363
8.125,237.7914
8.5,232.7169
8.875,227.9732
9.25,223.5257
9.625,219.3452
10.0,215.406
10.51777,210.2922
11.03553,205.5513
11.55329,201.1404
12.07105,197.0232
12.58882,193.1686
13.10658,189.5503
13.62434,186.1453
14.1421,182.9334
14.87434,178.5968
15.60658,174.5744
16.33882,170.8303
17.07105,167.3339
17.80329,164.0591
18.53553,160.9837
19.26777,158.0882
20.0,155.356
21.25,151.0009
22.5,147.0229
23.75,143.3709
25.0,140.0031
26.25,136.8846
27.5,133.9863
28.75,131.2838
30.0,128.756
31.25,126.3417
32.5,124.0721
33.75,121.9334
35.0,119.9135
37.5,116.1896
40.0,112.8301
42.5,109.7797
45.0,106.9941
47.5,104.4374
50.0,102.08
52.5,99.85645
55.0,97.79103
57.5,95.86599
60.0,94.0663
62.5,92.379
65.0,90.79298
67.5,89.2986
70.0,87.8874
73.75,85.87772
77.5,84.02065
81.25,82.29794
85.0,80.69431
88.75,79.19676
92.5,77.7942
96.25,76.47705
100.0,75.2371
105.1777,73.6282
110.3553,72.13887
115.5329,70.75517
120.7105,69.46533
125.8882,68.2593
131.0658,67.12854
136.2434,66.06561
141.421,65.06407
148.7434,63.67739
156.0658,62.39231
163.3882,61.19708
170.7105,60.08177
178.0329,59.03786
185.3553,58.05811
192.6777,57.13623
200.0,56.2668
212.5,54.8877
225.0,53.6295
237.5,52.47565
250.0,51.4126
262.5,50.42912
275.0,49.51584
287.5,48.66483
300.0,47.8694
312.5,47.10605
325.0,46.38884
337.5,45.71334
350.0,45.07568
375.0,43.90079
400.0,42.84161
425.0,41.88045
450.0,41.00314
475.0,40.19822
500.0,39.4563
525.0,38.75598
550.0,38.10551
575.0,37.49927
600.0,36.93247
625.0,36.40104
650.0,35.90144
675.0,35.43066
700.0,34.986
737.5,34.35522
775.0,33.772
812.5,33.23066
850.0,32.7264
887.5,32.2552
925.0,31.81358
962.5,31.39857
1000.0,31.0076
1062.5,30.39872
1125.0,29.84205
1187.5,29.33053
1250.0,28.85832
1312.5,28.42062
1375.0,28.01338
1437.5,27.6332
1500.0,27.27721
1562.5,26.9429
1625.0,26.62816
1687.5,26.33112
1750.0,26.05017
1875.0,25.53103
2000.0,25.0613
2125.0,24.63734
2250.0,24.24868
2375.0,23.8906
2500.0,23.5592
2625.0,23.25129
2750.0,22.96414
2875.0,22.6955
3000.0,22.4434
3125.0,22.2138
3250.0,21.99696
3375.0,21.79172
3500.0,21.59704
3750.0,21.23585
4000.0,20.90735
4250.0,20.60675
4500.0,20.33017
4750.0,20.07449
5000.0,19.8371
5250.0,19.62713
5500.0,19.43043
5750.0,19.2456
6000.0,19.07141
6250.0,18.90685
6500.0,18.75101
6750.0,18.60313
7000.0,18.4625
7375.0,18.27593
7750.0,18.10149
8125.0,17.93784
8500.0,17.78384
8875.0,17.63853
9250.0,17.50107
9625.0,17.37074
10000.0,17.2469
10625.0,17.07585
11250.0,16.91701
11875.0,16.7689
12500.0,16.63027
13125.0,16.50009
13750.0,16.37745
14375.0,16.26161
15000.0,16.15191
15625.0,16.04779
16250.0,15.94874
16875.0,15.85434
17500.0,15.76421
18750.0,15.59542
20000.0,15.4401
21250.0,15.31531
22500.0,15.1991
23750.0,15.09044
25000.0,14.98847
26250.0,14.89247
27500.0,14.80184
28750.0,14.71603
30000.0,14.63461
31250.0,14.56373
32500.0,14.49615
33750.0,14.4316
35000.0,14.36982
37500.0,14.25377
40000.0,14.14655
42500.0,14.04699
45000.0,13.95413
47500.0,13.8672
50000.0,13.7855
52963.88,13.69705
55927.75,13.61422
58891.63,13.53639
61855.5,13.46301
61855.56,13.463
61855.6,13.463
65927.8,13.36374
70000.0,13.279
73750.0,13.19264
77500.0,13.11328
81250.0,13.04019
85000.0,12.97272
88750.0,12.91033
92500.0,12.85255
96250.0,12.79896
100000.0,12.7492
105439.5,12.65568
110879.0,12.56967
115439.5,12.49965
120000.0,12.4341
128582.0,12.31503
137164.0,12.208
137164.6,12.20799
140000.0,12.1738
147500.0,12.08263
155000.0,11.99942
162500.0,11.92331
170000.0,11.8536
177500.0,11.78064
185000.0,11.71305
192500.0,11.65034
200000.0,11.5921
213400.0,11.44747
226800.0,11.317
226800.4,11.317
241970.0,11.1779
241971.0,11.17789
250000.0,11.1084
262500.0,10.99919
275000.0,10.9001
287500.0,10.81007
300000.0,10.7282
311245.0,10.62135
322490.0,10.521
322490.3,10.521
330311.0,10.4532
330311.3,10.4532
347733.3,10.3041
365155.5,10.16759
382577.8,10.04226
400000.0,9.92692
425000.0,9.754897
450000.0,9.602563
475000.0,9.467271
500000.0,9.34685
525000.0,9.186576
550000.0,9.042075
575000.0,8.911538
600000.0,8.79343
625000.0,8.665851
650000.0,8.550402
675000.0,8.445859
700000.0,8.35116
725000.0,8.263134
750000.0,8.182439
775000.0,8.108445
800000.0,8.04059
825000.0,7.966352
850000.0,7.897839
900000.0,7.77625
950000.0,7.65286
1000000.0,7.54717
1050000.0,7.4833
1100000.0,7.428951
1150000.0,7.393948
1200000.0,7.36493
1250000.0,7.359109
1300000.0,7.35622
1350000.0,7.350984
1400000.0,7.34817
1450000.0,7.364067
1500000.0,7.38063
1550000.0,7.395629
1600000.0,7.41113
1650000.0,7.434266
1700000.0,7.45733
1750000.0,7.479294
1800000.0,7.50115
1850000.0,7.524782
1900000.0,7.548191
1950000.0,7.570744
2000000.0,7.59308
2050000.0,7.615085
2100000.0,7.63687
2125000.0,7.647295
2150000.0,7.657671
2200000.0,7.678276
2250000.0,7.698679
2300000.0,7.71887
2325000.0,7.728368
2350000.0,7.737822
2375000.0,7.747229
2400000.0,7.75659
2450000.0,7.775168
2500000.0,7.793549
2525000.0,7.802059
2550000.0,7.810522
2575000.0,7.818937
2600000.0,7.827303
2650000.0,7.84389
2700000.0,7.860281
2737500.0,7.870543
2775000.0,7.880684
2812500.0,7.890706
2850000.0,7.900606
2887500.0,7.910389
2925000.0,7.92005
2962500.0,7.929594
3000000.0,7.93902
3031250.0,7.944555
3062500.0,7.950008
3093750.0,7.955378
3125000.0,7.960667
3156250.0,7.965875
3187500.0,7.971003
3218750.0,7.976053
3250000.0,7.981023
3281250.0,7.985916
3312500.0,7.990732
3343750.0,7.995472
3375000.0,8.000137
3406250.0,8.004727
3437500.0,8.009244
3468750.0,8.013688
3500000.0,8.01806
3531250.0,8.017796
3562500.0,8.017496
3593750.0,8.017155
3625000.0,8.016778
3656250.0,8.016362
3687500.0,8.015911
3718750.0,8.015422
3750000.0,8.014897
3781250.0,8.014336
3812500.0,8.01374
3843750.0,8.013109
3875000.0,8.012443
3937500.0,8.011009
4000000.0,8.009441
4062500.0,7.998308
4125000.0,7.987245
4187500.0,7.97625
4250000.0,7.965318
4312500.0,7.954449
4375000.0,7.943639
4437500.0,7.932887
4500000.0,7.92219
4580860.0,7.900565
4661720.0,7.879267
4742580.0,7.858283
4823440.0,7.837602
4911720.0,7.81526
5000000.0,7.793379
5125000.0,7.750686
5250000.0,7.709394
5375000.0,7.66942
5500000.0,7.630693
6000000.0,7.451357
6500000.0,7.26445
6750000.0,7.166848
7000000.0,7.075682
7250000.0,6.979407
7500000.0,6.888992
7750000.0,6.796271
8000000.0,6.708649
8250000.0,6.622037
8500000.0,6.539688
8750000.0,6.461684
9000000.0,6.387089
9500000.0,6.254703
10000000.0,6.144762
10500000.0,6.058093
11000000.0,5.994237
11020000.0,5.992517
11500000.0,5.951856
12000000.0,5.928926
12500000.0,5.923048
12750000.0,5.927456
13000000.0,5.931673
13250000.0,5.942081
13500000.0,5.95226
13750000.0,5.967429
14000000.0,5.982359
14250000.0,6.001153
14500000.0,6.019713
14750000.0,6.041068
15000000.0,6.062199
15250000.0,6.085843
15500000.0,6.109274
15750000.0,6.132345
16000000.0,6.155216
16148800.0,6.169387
16148820.0,6.169388
16500000.0,6.202342
16750000.0,6.225464
17000000.0,6.248399
17250000.0,6.269528
17500000.0,6.290474
18000000.0,6.331635
18500000.0,6.364948
19000000.0,6.397558
19500000.0,6.419774
20000000.0,6.441501
