1e-05,74.70077
1.03125e-05,74.69842
1.0625e-05,74.69608
1.1e-05,74.69327
1.11272e-05,74.69231
1.125e-05,74.69139
1.15625e-05,74.68905
1.1875e-05,74.6867
1.2e-05,74.68577
1.23268e-05,74.68332
1.25e-05,74.68202
1.28125e-05,74.67967
1.3125e-05,74.67733
1.35839e-05,74.67389
1.375e-05,74.67264
1.4375e-05,74.66796
1.4909e-05,74.66395
1.5e-05,74.66327
1.53125e-05,74.66093
1.5625e-05,74.65858
1.625e-05,74.6539
1.6285e-05,74.65363
1.635875e-05,74.65308
1.64325e-05,74.65253
1.658e-05,74.65142
1.6875e-05,74.64921
1.75e-05,74.64452
1.77231e-05,74.64285
1.823655e-05,74.639
1.875e-05,74.63515
1.92043e-05,74.63174
2e-05,74.62577
2.07401e-05,74.62022
2.125e-05,74.6164
2.1875e-05,74.61171
2.25e-05,74.60703
2.28829e-05,74.60415
2.375e-05,74.59765
2.4375e-05,74.59296
2.5e-05,74.58828
2.50923e-05,74.58759
2.538173e-05,74.58541
2.567115e-05,74.58324
2.625e-05,74.5789
2.73571e-05,74.5706
2.75e-05,74.56953
2.78125e-05,74.56719
2.8125e-05,74.56484
2.875e-05,74.56016
2.96656e-05,74.55329
3e-05,74.55078
3.125e-05,74.5481
3.20064e-05,74.54648
3.25e-05,74.54543
3.375e-05,74.54275
3.5e-05,74.54007
3.55732e-05,74.53884
3.65366e-05,74.53678
3.75e-05,74.53472
3.91136e-05,74.53126
4e-05,74.52936
4.125e-05,74.52668
4.25e-05,74.52401
4.26713e-05,74.52364
4.325348e-05,74.52239
4.383565e-05,74.52115
4.5e-05,74.51865
4.615345e-05,74.51618
4.73069e-05,74.51371
4.75e-05,74.5133
4.8125e-05,74.51196
4.875e-05,74.51062
5e-05,74.50794
5.19468e-05,74.50377
5.3125e-05,74.50125
5.46875e-05,74.4979
5.625e-05,74.49456
5.63786e-05,74.49428
5.675315e-05,74.49348
5.71277e-05,74.49268
5.78768e-05,74.49107
5.9375e-05,74.48786
6e-05,74.48652
6.25e-05,74.48117
6.26243e-05,74.4809
6.299939e-05,74.4801
6.337448e-05,74.4793
6.412465e-05,74.47769
6.5625e-05,74.47448
6.63973e-05,74.47282
6.875e-05,74.46778
7.1875e-05,74.46109
7.35551e-05,74.45749
7.5e-05,74.4544
7.8125e-05,74.4477
8e-05,74.44369
8.125e-05,74.44101
8.17456e-05,74.43995
8.30603e-05,74.43713
8.4375e-05,74.43432
8.75e-05,74.42762
8.78471e-05,74.42688
8.858497e-05,74.4253
8.932283e-05,74.42372
9.079855e-05,74.42056
9.375e-05,74.41424
9.57728e-05,74.40991
0.0001,74.40085
0.000103663,74.39322
0.00010625,74.38783
0.000109375,74.38131
0.0001125,74.3748
0.000115219,74.36913
0.00011875,74.36177
0.00012,74.35917
0.000125,74.34875
0.000127367,74.34381
0.00013125,74.33572
0.000134375,74.32921
0.0001375,74.32269
0.000140212,74.31704
0.00014375,74.30967
0.00015,74.29664
0.00015359,74.28916
0.00015625,74.28361
0.0001625,74.27059
0.00016761,74.25994
0.00016875,74.25756
0.000171875,74.25105
0.000175,74.24454
0.000182088,74.22976
0.0001875,74.21848
0.0001923195,74.20844
0.000197139,74.19839
0.0002,74.19243
0.000209375,74.17289
0.000218197,74.1545
0.00021875,74.15335
0.0002199219,74.15091
0.0002210938,74.14847
0.0002234375,74.14358
0.000228125,74.13381
0.0002375,74.11427
0.000239978,74.10911
0.000246875,74.09473
0.00025,74.08822
0.00025625,74.0752
0.000262368,74.06244
0.000265625,74.05566
0.000275,74.03612
0.000285252,74.01475
0.00029375,73.99704
0.0003,73.98401
0.000308516,73.96626
0.0003125,73.95796
0.000321875,73.93842
0.00033125,73.91888
0.000343685,73.89297
0.00035,73.87981
0.000359375,73.86027
0.00036875,73.84073
0.00037947,73.81839
0.0003875,73.80165
0.0004,73.7756
0.00040625,73.76257
0.00041477,73.74482
0.000425,73.7235
0.00044375,73.68442
0.000450042,73.6713
0.0004625,73.64534
0.00048125,73.60626
0.000497275,73.57286
0.0005,73.56719
0.0005078125,73.5509
0.000515625,73.53462
0.00053125,73.50206
0.000542652,73.47829
0.0005625,73.43693
0.000585742,73.38849
0.00059375,73.3718
0.0006,73.35877
0.000625,73.30667
0.000644832,73.26534
0.00065625,73.24154
0.000671875,73.20898
0.0006875,73.17641
0.000698846,73.15277
0.0007,73.15036
0.0007046875,73.14059
0.000709375,73.13082
0.00071875,73.11128
0.00075,73.04616
0.000764339,73.01627
0.00078125,72.98103
0.0008,72.94195
0.0008125,72.9159
0.000841336,72.8558
0.00084375,72.85077
0.0008515625,72.83449
0.000859375,72.81821
0.000875,72.78564
0.0009,72.73354
0.000917244,72.6976
0.0009375,72.65539
0.00095,72.62933
0.000975,72.57723
0.001,72.52513
0.00103457,72.52495
0.00106914,72.52477
0.00110371,72.52458
0.00113828,72.5244
0.00117285,72.52422
0.00120742,72.52404
0.00124199,72.52386
0.00127656,72.52367
0.001328125,72.52344
0.00137969,72.5232
0.00142305,72.52303
0.00146641,72.52286
0.00150977,72.52269
0.00155313,72.52252
0.00160469,72.52231
0.00165625,72.5221
0.00170781,72.52189
0.00175937,72.52168
0.00182969,72.52136
0.001914845,72.5211
0.002,72.52084
0.002053125,72.52068
0.00210625,72.52051
0.00213906,72.52045
0.002233983,72.52015
0.002328905,72.51984
0.002423828,72.51954
0.00251875,72.51923
0.002589065,72.51897
0.00265938,72.51871
0.002728522,72.51852
0.002797663,72.51833
0.002866804,72.51815
0.002935945,72.51796
0.003074228,72.51759
0.00321251,72.51721
0.00327813,72.51709
0.003373052,72.51688
0.003467973,72.51666
0.003562894,72.51644
0.003657815,72.51623
0.003752737,72.51601
0.003847658,72.51579
0.003942579,72.51558
0.0040375,72.51536
0.00417813,72.51504
0.00431876,72.51472
0.00448907,72.51441
0.00465938,72.5141
0.00482969,72.5138
0.005,72.51349
0.00521251,72.51311
0.00542502,72.51273
0.00555625,72.5125
0.005746094,72.51221
0.005935938,72.51193
0.006125782,72.51165
0.006315625,72.51137
0.006505469,72.51109
0.006695313,72.5108
0.006885157,72.51052
0.007075,72.51024
0.007356265,72.50985
0.00763753,72.50946
0.007876585,72.50917
0.00811564,72.50888
0.008354695,72.50858
0.00859375,72.50829
0.008907823,72.50792
0.009221895,72.50755
0.009535968,72.50718
0.00985004,72.5068
0.01,72.50671
0.0101125,72.50664
0.01049219,72.50633
0.01087188,72.50602
0.01125157,72.50571
0.01163125,72.5054
0.01201094,72.50509
0.01239063,72.50478
0.01277032,72.50447
0.01315,72.50415
0.01371255,72.50368
0.0142751,72.50321
0.0147532,72.5029
0.0152313,72.50259
0.0157094,72.50228
0.0161875,72.50197
0.0164876,72.50176
0.01704073,72.5015
0.01759385,72.50124
0.01814698,72.50098
0.0187001,72.50072
0.019225,72.5005
0.02,72.50021
0.0206625,72.49997
0.021325,72.49973
0.0219875,72.49948
0.02265,72.49924
0.0233125,72.49899
0.023975,72.49875
0.0246375,72.49851
0.0253,72.49826
0.02642505,72.49802
0.0275501,72.49778
0.02856585,72.49765
0.0295816,72.49751
0.03059735,72.49738
0.0316131,72.49725
0.0319751,72.49712
0.03308135,72.49703
0.0341876,72.49694
0.03529385,72.49685
0.0364001,72.49676
0.0379262,72.49684
0.03943543,72.49692
0.04094465,72.49701
0.04245388,72.49709
0.0439631,72.49718
0.04547233,72.49726
0.04698155,72.49735
0.04849078,72.49743
0.05,72.49752
0.0505523,72.49755
0.05232625,72.49765
0.0541002,72.49776
0.05631273,72.49812
0.05852525,72.49847
0.06073778,72.49882
0.0629503,72.49918
0.0631785,72.49928
0.06371737,72.4994
0.06425623,72.49953
0.06533395,72.49978
0.0674894,72.50029
0.06964485,72.5008
0.0718003,72.5013
0.0738025,72.50196
0.0758047,72.50262
0.07882912,72.50362
0.08185353,72.50461
0.08487794,72.50561
0.08790235,72.50661
0.09092677,72.5076
0.09395118,72.5086
0.09697559,72.5096
0.1,72.5106
0.101057,72.51095
0.1041285,72.51196
0.1072,72.51297
0.1116253,72.51477
0.1160505,72.51657
0.1204758,72.51837
0.124901,72.52018
0.126309,72.52082
0.130382,72.52269
0.134455,72.52456
0.138528,72.52644
0.142601,72.52831
0.1470815,72.53067
0.151562,72.53302
0.157875,72.53631
0.164188,72.53959
0.170501,72.54287
0.176814,72.54616
0.1826105,72.5492
0.188407,72.55224
0.1942035,72.55528
0.2,72.55833
0.2067005,72.56185
0.213401,72.56537
0.22036,72.56944
0.227319,72.57351
0.23806,72.5798
0.248801,72.58608
0.2560568,72.59053
0.2633125,72.59497
0.2705683,72.59942
0.277824,72.60387
0.284201,72.60774
0.2952328,72.6149
0.3062645,72.62207
0.3172963,72.62924
0.328328,72.63641
0.3416645,72.64505
0.355001,72.65369
0.3638512,72.65971
0.3727013,72.66573
0.3815514,72.67175
0.3904015,72.67778
0.4081018,72.68984
0.425802,72.70191
0.429338,72.70437
0.437746,72.71031
0.446154,72.71626
0.46297,72.72816
0.479786,72.74007
0.496602,72.75199
0.5,72.75447
0.5075868,72.76002
0.5151735,72.76556
0.530347,72.77666
0.567402,72.80364
0.599379,72.82774
0.631356,72.85187
0.6701795,72.88101
0.709003,72.9102
0.740096,72.93439
0.771189,72.95861
0.802282,72.98286
0.833375,73.00715
0.850604,73.02047
0.886004,73.04869
0.921404,73.07694
0.956804,73.10523
0.992204,73.13356
1.0,73.13987
1.017695,73.15436
1.03539,73.16886
1.084595,73.20877
1.1338,73.24875
1.185605,73.2925
1.23741,73.33632
1.287915,73.37866
1.33842,73.42108
1.388925,73.46358
1.43943,73.50616
1.54044,73.59154
1.64145,73.67722
1.70021,73.7265
1.77101,73.78791
1.84181,73.84947
1.91261,73.91118
1.98341,73.97305
2.0,73.98779
2.04549,74.02826
2.15605,74.12546
2.26661,74.22303
2.35807,74.30652
2.44953,74.39027
2.550539,74.48125
2.651548,74.57254
2.752557,74.66415
2.853565,74.75607
3.055583,74.94086
3.2576,75.12693
3.39941,75.25473
3.541013,75.38679
3.682615,75.51948
3.824218,75.65281
3.96582,75.78677
4.06567,75.88321
4.298945,76.10369
4.53222,76.32592
4.702985,76.49562
4.87375,76.66627
5.0,76.788
5.186238,76.96853
5.372475,77.1502
5.74495,77.517
6.117425,77.88844
6.4899,78.26457
6.79783,78.56215
7.08103,78.84959
7.36423,79.13981
7.64743,79.43285
7.93063,79.72873
8.10605,79.91764
8.584745,80.4112
9.06344,80.9131
9.7222,81.65746
10.0,81.95044
10.36932,82.34448
10.73863,82.74373
11.47725,83.55816
12.21588,84.39422
12.9545,85.25238
13.5947,85.92861
14.24273,86.6947
14.89075,87.47888
15.53878,88.28155
16.1868,89.10305
17.15635,90.22481
18.1259,91.39095
19.4191,93.22589
20.0,93.92902
20.73547,94.84431
21.47093,95.78821
22.94185,97.76467
24.41278,99.86423
25.8837,102.093
27.1883,103.6517
28.4783,105.6177
29.7683,107.6978
31.0583,109.8971
32.3483,112.2211
34.29955,114.9922
36.2508,118.0834
38.8129,123.4041
40.42905,126.0486
42.0452,128.9686
43.66135,132.1818
45.2775,135.7071
45.3132,135.759
45.38644,135.8907
45.45967,136.023
45.60613,136.2897
45.89905,136.8314
46.4849,137.9485
47.6566,140.3214
50.0,145.6535
51.7421,150.1619
54.3756,155.101
56.29115,160.2296
58.2067,166.099
60.8224,171.6841
63.4381,178.9651
64.6713,183.5732
66.28745,187.1688
67.9036,191.6035
69.51975,196.9472
71.1359,203.2768
72.5005,205.7941
75.0505,214.4353
76.3255,219.9592
77.6005,226.3629
79.21665,229.6984
80.8328,234.6969
82.44895,241.521
84.0651,250.3532
85.68125,252.4142
87.2974,256.9195
88.91355,264.1303
90.5297,274.342
90.6254,274.491
91.01748,275.4657
91.40955,276.6431
92.1937,279.6276
93.762,288.2771
95.37815,292.9477
96.9943,302.2717
98.49715,305.8648
100.0,314.5021
100.227,316.2816
101.035,317.0145
101.843,319.5116
103.459,330.2609
104.757,332.8161
106.055,341.4781
107.3535,343.3347
108.652,352.755
108.75,352.4918
109.0623,352.0247
109.3745,352.0622
109.999,353.7058
111.248,363.6751
112.546,363.2139
113.844,374.5547
115.1425,372.6095
116.441,385.5314
117.127,381.2374
117.813,381.8925
119.037,395.6438
119.686,389.2944
120.335,388.4981
120.984,393.576
121.633,404.863
122.2823,396.47
122.9315,394.9991
123.5808,400.8189
124.23,414.3026
124.879,403.6174
125.528,401.3439
126.177,407.8483
126.826,423.48
126.875,422.1721
127.0342,418.2178
127.1934,414.8381
127.5118,409.8195
128.1485,406.8532
129.422,429.8751
130.05,416.7088
131.034,415.1625
132.018,436.172
133.3165,425.2234
134.615,442.8918
135.938,474.7754
137.8725,507.5164
138.8398,496.2164
139.807,449.954
140.4563,492.9528
141.1055,510.2109
141.7548,497.9798
142.404,452.8979
143.053,511.3387
143.702,532.001
144.351,513.5508
145.0,455.5211
145.649,509.4697
146.298,525.5504
146.947,505.8419
147.596,453.1013
148.2453,487.6384
148.8945,496.0921
150.193,450.4398
151.491,469.9977
152.789,460.8791
154.087,446.8101
155.385,445.7433
156.6835,427.8305
157.982,443.015
158.966,424.0927
159.95,427.1725
160.088,429.37
160.578,439.7045
161.227,424.2079
161.876,417.9852
162.525,420.7931
163.174,432.3477
163.8233,418.6257
164.4725,413.0145
165.1218,415.1696
165.771,424.7429
166.42,413.1524
167.069,408.2853
167.718,409.806
168.367,417.3879
169.016,407.663
169.665,403.3803
170.314,404.2491
170.963,409.9917
172.2615,397.9641
173.56,402.4436
174.368,394.4156
175.176,391.7106
176.156,394.2526
177.454,384.2282
178.752,384.7588
180.05,375.7627
181.348,375.2628
182.6465,367.0407
183.945,365.7049
185.243,358.1449
186.541,356.1953
187.4453,349.5704
188.3495,345.2475
189.2538,343.0756
190.158,342.9167
190.264,342.1456
190.4834,340.6235
190.7028,339.2098
191.1415,336.7011
192.019,332.9109
193.774,329.9015
195.5825,320.7903
197.391,316.8563
198.6955,310.2537
200.0,305.8465
201.007,303.8352
202.8155,295.6806
204.624,290.7927
205.352,287.3038
206.7965,282.3755
208.241,279.0945
210.0493,270.3891
211.8575,263.8347
213.6658,259.2289
215.474,256.3933
217.9565,246.1288
220.439,238.5432
222.707,234.9519
224.5153,228.8082
226.3235,223.7007
228.1318,219.546
229.94,216.2704
232.7335,207.7201
235.527,200.8882
237.173,198.4261
238.9813,193.8766
240.7895,189.8837
242.5978,186.4086
244.406,183.4166
247.5105,176.1958
250.615,170.1593
251.639,168.8365
255.256,162.2344
258.873,156.8538
262.288,150.7186
265.703,145.4444
266.106,145.0076
267.0102,143.6373
267.9143,142.319
269.7225,139.8325
273.339,135.4219
277.065,129.601
280.791,124.4329
284.298,121.009
287.805,118.0568
291.842,113.1195
295.879,108.6933
299.075,106.156
302.271,103.8852
306.619,99.65153
310.967,95.82881
313.8525,93.9471
316.738,92.21834
321.3965,88.55387
326.055,85.22683
331.204,82.52984
336.173,79.32907
341.142,76.41041
345.67,74.40988
350.95,71.59162
356.23,69.01288
360.137,67.54551
365.7275,65.04556
371.318,62.75156
374.603,61.6951
380.5045,59.46226
386.406,57.40853
389.069,56.72483
396.302,54.55298
403.535,52.59111
410.0585,50.64273
416.582,48.83366
418.002,48.53479
421.419,47.63501
424.836,46.76778
431.67,45.12507
439.214,43.65764
446.758,42.31537
446.934,42.29146
447.3861,42.20386
447.8382,42.11666
448.7424,41.94347
450.5507,41.60187
454.1673,40.9372
461.4005,39.67822
468.6338,38.50647
475.867,37.41479
476.933,37.21641
479.8164,36.78781
482.6998,36.37039
488.4665,35.56768
494.2333,34.80554
500.0,34.08152
504.799,33.5064
507.109,33.16898
513.7648,32.39669
520.4205,31.66571
527.0763,30.97334
533.732,30.3171
537.285,29.90161
549.975,28.73687
562.665,27.67766
567.461,27.22095
579.529,26.30668
591.597,25.46559
597.636,24.99029
609.083,24.26496
620.53,23.59104
627.812,23.11121
638.637,22.53067
649.462,21.98662
657.988,21.51078
668.1915,21.04279
678.395,20.60088
688.164,20.13441
697.7455,19.7551
707.327,19.39453
718.339,18.91517
733.427,18.3684
748.515,17.85848
765.192,17.43192
776.1108,17.08773
787.0295,16.75843
797.9483,16.44309
808.867,16.14088
823.057,15.85076
834.5973,15.56449
846.1375,15.29022
857.6778,15.02722
869.218,14.77485
880.923,14.57993
893.0848,14.33733
905.2465,14.10461
917.4083,13.8812
929.57,13.66658
938.788,13.53947
951.5713,13.33065
964.3545,13.13012
989.921,12.75212
996.653,12.67415
1000.0,12.62799
1012.568,12.45869
1025.135,12.29555
1050.27,11.98647
1054.52,11.94465
1068.545,11.784
1082.57,11.62946
1110.62,11.33741
1112.38,11.32254
1115.997,11.28669
1119.614,11.25119
1126.848,11.18118
1141.315,11.04505
1170.25,10.78734
1170.98,10.78017
1172.766,10.76491
1174.551,10.74972
1178.122,10.71954
1185.263,10.65997
1199.545,10.5439
1228.11,10.32336
1231.33,10.29615
1238.162,10.24598
1244.993,10.1966
1258.655,10.10015
1285.98,9.915994
1291.68,9.874171
1304.72,9.791198
1317.76,9.710557
1343.84,9.555907
1352.03,9.500844
1378.915,9.352434
1405.8,9.211976
1432.685,9.078886
1459.57,8.952633
1472.73,8.879654
1498.373,8.767634
1524.015,8.660835
1549.658,8.558917
1575.3,8.46158
1593.44,8.381503
1617.838,8.295246
1642.235,8.212502
1666.633,8.133067
1691.03,8.056766
1714.14,7.973825
1760.45,7.841249
1806.76,7.717835
1834.84,7.634446
1878.665,7.52915
1922.49,7.430275
1955.55,7.347827
2000.0,7.25719
2038.22,7.183451
2076.25,7.102751
2115.1,7.034467
2153.95,6.969429
2196.95,6.890933
2233.32,6.835399
2269.69,6.782196
2317.65,6.706123
2351.535,6.660781
2385.42,6.617116
2438.36,6.543533
2501.15,6.470523
2559.06,6.396093
2602.445,6.350694
2645.83,6.307202
2689.215,6.265507
2732.6,6.225509
2800.47,6.152617
2882.265,6.084957
2964.06,6.022018
3041.87,5.954524
3118.7,5.902173
3195.53,5.852977
3283.28,5.790282
3355.135,5.74927
3426.99,5.710396
3524.68,5.651959
3591.565,5.619534
3658.45,5.588575
3766.09,5.533905
3828.0,5.508096
3889.91,5.483297
3948.705,5.457225
4007.5,5.431972
4121.37,5.391424
4185.135,5.366863
4248.9,5.343091
4352.83,5.310563
4421.57,5.287353
4490.31,5.264905
4584.29,5.238851
4658.005,5.216859
4731.72,5.195603
4815.75,5.174825
4894.435,5.152985
4973.12,5.131855
5000.0,5.125799
5069.668,5.110457
5139.335,5.095611
5278.67,5.067318
5367.3,5.046541
5455.93,5.026427
5598.76,5.000868
5741.59,4.976807
5840.17,4.957902
5938.75,4.939618
6071.63,4.919794
6204.51,4.900963
6313.035,4.883626
6421.56,4.866871
6544.495,4.851344
6667.43,4.836482
6785.9,4.82047
6904.37,4.805007
7017.36,4.792765
7130.35,4.78097
7258.766,4.766088
7387.182,4.751725
7593.27,4.732643
7731.633,4.718744
7869.995,4.705335
8056.19,4.6902
8204.5,4.677157
8352.81,4.664579
8519.115,4.652598
8677.369,4.640299
8835.622,4.628442
8982.035,4.619028
9150.233,4.6074
9318.43,4.596193
9444.96,4.588889
9623.103,4.577373
9801.245,4.566259
10000.0,4.555951
10185.4,4.546736
10370.8,4.537886
10568.85,4.526963
10766.9,4.516409
11008.3,4.505654
11249.7,4.495382
11296.6,4.493615
11405.58,4.488795
11514.55,4.484063
11732.5,4.474853
11977.5,4.46604
12222.5,4.457608
12460.3,4.448447
12698.1,4.439603
12923.2,4.432659
13148.3,4.425968
13406.0,4.417467
13663.7,4.409263
14074.2,4.398439
14351.8,4.390499
14629.4,4.382837
14999.99,4.431007
15000.01,4.431331
17000.0,4.656374
20000.0,5.076588
21500.0,5.088476
25000.0,5.116216
30000.0,5.030339
35000.0,4.918865
40000.0,4.853419
46500.0,4.754661
50000.0,4.701484
60000.0,4.595992
70000.0,4.490479
80000.0,4.424388
90000.0,4.358294
99999.9,4.292192
100000.1,4.290959
150000.0,3.91186
200000.0,3.71952
300000.0,3.46055
400000.0,3.28035
500000.0,3.13349
583000.0,3.027171
600000.0,3.005394
609736.5,2.992922
657000.0,2.93238
687130.1,2.897528
800000.0,2.76697
890900.0,2.67725
931757.0,2.622436
1000000.0,2.53088
1200000.0,2.30848
1500000.0,2.04818
1528100.0,2.02662
1598075.0,1.967186
1800000.0,1.79568
1936900.0,1.706334
1951800.0,1.69661
1983800.0,1.677403
2000000.0,1.66768
2025832.0,1.650234
2041520.0,1.639639
2074990.0,1.617034
2159000.0,1.560297
2200000.0,1.532607
2211500.0,1.52484
2313443.0,1.470971
2500000.0,1.37239
2571500.0,1.34006
2689953.0,1.294417
2968700.0,1.18701
3000000.0,1.17667
3059600.0,1.15698
3105160.0,1.143339
3200333.0,1.114843
3519000.0,1.01943
3519006.0,1.019429
4000000.0,0.912489
4500000.0,0.818714
5000000.0,0.744671
5500000.0,0.699061
6000000.0,0.663318
6500000.0,0.632983
7000000.0,0.610774
7000046.0,0.6107725
7500000.0,0.594354
8000000.0,0.583963
9000000.0,0.584955
10000000.0,0.588686
10500000.0,0.595989
11000000.0,0.6067202
11000370.0,0.6067282
11069590.0,0.6082138
11069600.0,0.608214
11069610.0,0.6082146
12000000.0,0.668256
13000000.0,0.695427
14000000.0,0.7271263
14500000.0,0.742976
15000000.0,0.7596876
16000000.0,0.7931108
17000000.0,0.826534
18000000.0,0.857784
19000000.0,0.886753
20000000.0,0.913434
