1e-05,2.594723
1.03125e-05,2.594723
1.0625e-05,2.594723
1.09375e-05,2.594723
1.125e-05,2.594723
1.15625e-05,2.594723
1.1875e-05,2.594723
1.21875e-05,2.594723
1.25e-05,2.594723
1.28125e-05,2.594723
1.3125e-05,2.594723
1.34375e-05,2.594723
1.375e-05,2.594723
1.4375e-05,2.594723
1.5e-05,2.594723
1.5625e-05,2.594723
1.625e-05,2.594723
1.6875e-05,2.594723
1.75e-05,2.594723
1.8125e-05,2.594723
1.875e-05,2.594723
1.9375e-05,2.594723
2e-05,2.594723
2.09375e-05,2.594723
2.1875e-05,2.594723
2.28125e-05,2.594723
2.375e-05,2.594723
2.46875e-05,2.594723
2.5625e-05,2.594723
2.65625e-05,2.594723
2.75e-05,2.594723
2.84375e-05,2.594723
2.9375e-05,2.594723
3.03125e-05,2.594723
3.125e-05,2.594723
3.21875e-05,2.594723
3.3125e-05,2.594723
3.40625e-05,2.594723
3.5e-05,2.594723
3.59375e-05,2.594723
3.6875e-05,2.594723
3.78125e-05,2.594723
3.875e-05,2.594723
3.96875e-05,2.594723
4.0625e-05,2.594723
4.25e-05,2.594723
4.4375e-05,2.594723
4.625e-05,2.594723
4.8125e-05,2.594723
5e-05,2.594723
5.15625e-05,2.594723
5.3125e-05,2.594723
5.46875e-05,2.594723
5.625e-05,2.594723
5.78125e-05,2.594723
5.9375e-05,2.594723
6.09375e-05,2.594723
6.25e-05,2.594723
6.40625e-05,2.594723
6.5625e-05,2.594723
6.71875e-05,2.594723
6.875e-05,2.594723
7.1875e-05,2.594723
7.5e-05,2.594723
7.8125e-05,2.594723
8.125e-05,2.594723
8.4375e-05,2.594723
8.75e-05,2.594723
9.0625e-05,2.594723
9.375e-05,2.594723
9.6875e-05,2.594723
0.0001,2.594723
0.000103125,2.594723
0.00010625,2.594723
0.000109375,2.594723
0.0001125,2.594723
0.000115625,2.594723
0.00011875,2.594723
0.000121875,2.594723
0.000125,2.594723
0.000128125,2.594723
0.00013125,2.594723
0.000134375,2.594723
0.0001375,2.594723
0.00014375,2.594723
0.00015,2.594723
0.00015625,2.594723
0.0001625,2.594723
0.00016875,2.594723
0.000175,2.594723
0.00018125,2.594723
0.0001875,2.594723
0.00019375,2.594723
0.0002,2.594723
0.000209375,2.594723
0.00021875,2.594723
0.000228125,2.594723
0.0002375,2.594723
0.000246875,2.594723
0.00025625,2.594723
0.000265625,2.594723
0.000275,2.594723
0.000284375,2.594723
0.00029375,2.594723
0.000303125,2.594723
0.0003125,2.594723
0.000321875,2.594723
0.00033125,2.594723
0.000340625,2.594723
0.00035,2.594723
0.000359375,2.594723
0.00036875,2.594723
0.000378125,2.594723
0.0003875,2.594723
0.000396875,2.594723
0.00040625,2.594723
0.000425,2.594723
0.00044375,2.594723
0.0004625,2.594723
0.00048125,2.594723
0.0005,2.594723
0.000515625,2.594723
0.00053125,2.594723
0.000546875,2.594723
0.0005625,2.594723
0.000578125,2.594723
0.00059375,2.594723
0.000609375,2.594723
0.000625,2.594723
0.000640625,2.594723
0.00065625,2.594723
0.000671875,2.594723
0.0006875,2.594723
0.00071875,2.594723
0.00075,2.594723
0.00078125,2.594723
0.0008125,2.594723
0.00084375,2.594723
0.000875,2.594723
0.00090625,2.594723
0.0009375,2.594723
0.00096875,2.594723
0.001,2.594723
0.00103125,2.594723
0.0010625,2.594723
0.00109375,2.594723
0.001125,2.594723
0.00115625,2.594723
0.0011875,2.594723
0.00121875,2.594723
0.00125,2.594723
0.00128125,2.594723
0.0013125,2.594723
0.00134375,2.594723
0.001375,2.594723
0.0014375,2.594723
0.0015,2.594723
0.0015625,2.594723
0.001625,2.594723
0.0016875,2.594723
0.00175,2.594723
0.0018125,2.594723
0.001875,2.594723
0.0019375,2.594723
0.002,2.594723
0.00209375,2.594723
0.0021875,2.594723
0.00228125,2.594723
0.002375,2.594723
0.00246875,2.594723
0.0025625,2.594723
0.00265625,2.594723
0.00275,2.594723
0.00284375,2.594723
0.0029375,2.594723
0.00303125,2.594723
0.003125,2.594723
0.00321875,2.594723
0.0033125,2.594723
0.00340625,2.594723
0.0035,2.594723
0.00359375,2.594723
0.0036875,2.594723
0.00378125,2.594723
0.003875,2.594723
0.00396875,2.594723
0.0040625,2.594723
0.00425,2.594723
0.0044375,2.594723
0.004625,2.594723
0.0048125,2.594723
0.005,2.594723
0.00515625,2.594723
0.0053125,2.594723
0.00546875,2.594723
0.005625,2.594723
0.00578125,2.594723
0.0059375,2.594723
0.00609375,2.594723
0.00625,2.594723
0.00640625,2.594723
0.0065625,2.594723
0.00671875,2.594723
0.006875,2.594723
0.0071875,2.594723
0.0075,2.594723
0.0078125,2.594723
0.008125,2.594723
0.0084375,2.594723
0.00875,2.594723
0.0090625,2.594723
0.009375,2.594723
0.0096875,2.594723
0.01,2.594723
0.0103125,2.594723
0.010625,2.594723
0.0109375,2.594723
0.01125,2.594723
0.0115625,2.594723
0.011875,2.594723
0.0121875,2.594723
0.0125,2.594723
0.0128125,2.594723
0.013125,2.594723
0.0134375,2.594723
0.01375,2.594723
0.014375,2.594723
0.015,2.594723
0.015625,2.594723
0.01625,2.594723
0.016875,2.594723
0.0175,2.594723
0.018125,2.594723
0.01875,2.594723
0.019375,2.594723
0.02,2.594723
0.0206625,2.594723
0.021325,2.594723
0.0219875,2.594723
0.02265,2.594723
0.0233125,2.594723
0.023975,2.594723
0.0246375,2.594723
0.0253,2.594723
0.02607188,2.594723
0.02684375,2.594723
0.02761563,2.594723
0.0283875,2.594723
0.02915938,2.594723
0.02993125,2.594723
0.03070313,2.594723
0.031475,2.594723
0.03224688,2.594722
0.03301875,2.594722
0.0345625,2.594722
0.03610625,2.594722
0.03765,2.594722
0.03919375,2.594722
0.0407375,2.594722
0.04228125,2.594722
0.043825,2.594722
0.04536875,2.594722
0.0469125,2.594722
0.04845625,2.594722
0.05,2.594722
0.0515625,2.594722
0.053125,2.594722
0.0546875,2.594722
0.05625,2.594722
0.0578125,2.594722
0.059375,2.594722
0.0609375,2.594722
0.0625,2.594722
0.0640625,2.594721
0.065625,2.594721
0.0671875,2.594721
0.06875,2.594721
0.071875,2.594721
0.075,2.594721
0.078125,2.594721
0.08125,2.594721
0.084375,2.594721
0.0875,2.594721
0.090625,2.594721
0.09375,2.594721
0.096875,2.59472
0.1,2.59472
0.103125,2.59472
0.10625,2.59472
0.109375,2.59472
0.1125,2.59472
0.115625,2.59472
0.11875,2.59472
0.121875,2.59472
0.125,2.59472
0.128125,2.594719
0.13125,2.594719
0.134375,2.594719
0.1375,2.594719
0.14375,2.594719
0.15,2.594719
0.15625,2.594719
0.1625,2.594718
0.16875,2.594718
0.175,2.594718
0.18125,2.594718
0.1875,2.594718
0.19375,2.594717
0.2,2.594717
0.209375,2.594717
0.21875,2.594717
0.228125,2.594716
0.2375,2.594716
0.246875,2.594716
0.25625,2.594715
0.265625,2.594715
0.275,2.594715
0.284375,2.594715
0.29375,2.594714
0.303125,2.594714
0.3125,2.594714
0.321875,2.594713
0.33125,2.594713
0.340625,2.594713
0.35,2.594713
0.359375,2.594712
0.36875,2.594712
0.378125,2.594712
0.3875,2.594711
0.396875,2.594711
0.40625,2.594711
0.425,2.59471
0.44375,2.59471
0.4625,2.594709
0.48125,2.594708
0.5,2.594708
0.53125,2.594707
0.5625,2.594706
0.59375,2.594705
0.625,2.594704
0.65625,2.594703
0.6875,2.594702
0.71875,2.594701
0.75,2.5947
0.78125,2.594699
0.8125,2.594698
0.84375,2.594697
0.875,2.594696
0.9375,2.594694
1.0,2.594692
1.0625,2.59469
1.125,2.594688
1.1875,2.594686
1.25,2.594685
1.3125,2.594683
1.375,2.594681
1.4375,2.594679
1.5,2.594677
1.5625,2.594675
1.625,2.594673
1.6875,2.594671
1.75,2.594669
1.875,2.594665
2.0,2.594661
2.09375,2.594658
2.1875,2.594655
2.28125,2.594652
2.375,2.594649
2.46875,2.594647
2.5625,2.594644
2.65625,2.594641
2.75,2.594638
2.9375,2.594632
3.125,2.594626
3.3125,2.59462
3.5,2.594614
3.6875,2.594609
3.875,2.594603
4.0625,2.594597
4.25,2.594591
4.4375,2.594585
4.625,2.594579
4.8125,2.594574
5.0,2.594568
5.3125,2.594558
5.625,2.594548
5.9375,2.594539
6.25,2.594529
6.5625,2.594519
6.875,2.594509
7.1875,2.5945
7.5,2.59449
7.8125,2.59448
8.125,2.59447
8.4375,2.594461
8.75,2.594451
9.375,2.594432
10.0,2.594412
10.625,2.594393
11.25,2.594373
11.875,2.594354
12.5,2.594334
13.125,2.594315
13.75,2.594295
14.375,2.594276
15.0,2.594257
15.625,2.594237
16.25,2.594218
16.875,2.594198
17.5,2.594179
18.75,2.59414
20.0,2.594101
20.9375,2.594072
21.875,2.594043
22.8125,2.594014
23.75,2.593984
24.6875,2.593955
25.625,2.593926
26.5625,2.593897
27.5,2.593868
29.375,2.59381
31.25,2.593751
33.125,2.593693
35.0,2.593635
36.875,2.593577
38.75,2.593518
40.625,2.59346
42.5,2.593402
44.375,2.593344
46.25,2.593285
48.125,2.593227
50.0,2.593169
53.125,2.593072
56.25,2.592975
59.375,2.592878
62.5,2.592781
65.625,2.592684
68.75,2.592587
71.875,2.59249
75.0,2.592394
78.125,2.592297
81.25,2.5922
84.375,2.592103
87.5,2.592006
93.75,2.591813
100.0,2.591619
106.25,2.591426
112.5,2.591233
118.75,2.591039
125.0,2.590846
131.25,2.590653
137.5,2.59046
143.75,2.590267
150.0,2.590074
156.25,2.589882
162.5,2.589689
168.75,2.589496
175.0,2.589304
187.5,2.588919
200.0,2.588534
209.375,2.588246
218.75,2.587958
228.125,2.58767
237.5,2.587382
246.875,2.587095
256.25,2.586807
265.625,2.58652
275.0,2.586233
293.75,2.585659
312.5,2.585086
331.25,2.584514
350.0,2.583942
368.75,2.583371
387.5,2.582801
406.25,2.582231
425.0,2.581662
443.75,2.581094
462.5,2.580526
481.25,2.579959
500.0,2.579393
531.25,2.57845
562.5,2.57751
593.75,2.576571
625.0,2.575635
656.25,2.5747
687.5,2.573767
718.75,2.572836
750.0,2.571907
781.25,2.57098
812.5,2.570055
843.75,2.569132
875.0,2.568211
937.5,2.566374
1000.0,2.564545
1062.5,2.562725
1125.0,2.560912
1187.5,2.559107
1250.0,2.55731
1312.5,2.555521
1375.0,2.553741
1437.5,2.551968
1500.0,2.550204
1562.5,2.548448
1625.0,2.546701
1687.5,2.544962
1750.0,2.543232
1875.0,2.539797
2000.0,2.536398
2093.75,2.533872
2187.5,2.531366
2281.25,2.52888
2375.0,2.526416
2468.75,2.523972
2562.5,2.521551
2656.25,2.519151
2750.0,2.516773
2937.5,2.512086
3125.0,2.507491
3312.5,2.502993
3500.0,2.498595
3687.5,2.494301
3875.0,2.490114
4062.5,2.486039
4250.0,2.482081
4437.5,2.478244
4625.0,2.474535
4812.5,2.470959
5000.0,2.467521
5312.5,2.462121
5625.0,2.45716
5937.5,2.45268
6250.0,2.448724
6562.5,2.445343
6875.0,2.442595
7187.5,2.440546
7500.0,2.439272
7812.5,2.43886
8125.0,2.439408
8437.5,2.441031
8750.0,2.443863
9062.5,2.448056
9375.0,2.453789
9687.5,2.461272
10000.0,2.470749
10262.47,2.480458
10524.94,2.491974
10787.41,2.505528
11049.88,2.521384
11312.35,2.539852
11574.82,2.561294
11837.29,2.586132
12099.75,2.614864
12362.22,2.648083
12624.69,2.68649
12887.16,2.730924
13149.63,2.782395
13412.1,2.842125
13543.34,2.875541
13674.57,2.911602
13805.81,2.950552
13937.04,2.992653
14068.27,3.038201
14199.5,3.08753
14330.74,3.141012
14461.97,3.199054
14593.21,3.262131
14724.44,3.330759
14855.68,3.405539
14986.91,3.487132
15118.15,3.576312
15249.38,3.673931
15380.62,3.780995
15511.85,3.898621
15643.09,4.028129
15774.32,4.171
15905.56,4.328992
16036.79,4.504096
16168.02,4.698673
16299.25,4.915468
16430.49,5.157725
16561.72,5.429212
16627.34,5.57731
16692.96,5.734472
16758.58,5.901396
16824.19,6.078816
16889.81,6.267621
16955.43,6.468696
17021.05,6.683045
17086.66,6.91173
17152.28,7.15603
17217.9,7.41724
17283.52,7.696823
17349.13,7.996347
17414.75,8.317683
17480.37,8.662754
17545.99,9.033731
17611.6,9.432957
17677.22,9.863211
17742.84,10.32738
17808.46,10.82872
17874.07,11.37075
17939.69,11.95764
18005.31,12.59371
18070.93,13.28385
18136.54,14.0333
18202.16,14.84818
18267.77,15.73473
18333.39,16.70023
18399.0,17.75201
18445.91,18.56151
18492.82,19.42249
18539.73,20.33818
18586.63,21.3117
18633.54,22.34681
18680.44,23.44639
18727.35,24.61414
18774.25,25.85259
18821.16,27.16498
18868.07,28.55327
18914.98,30.01906
18961.88,31.56267
19008.79,33.18431
19055.69,34.88134
19149.5,38.48595
19243.32,42.31863
19337.13,46.27354
19430.94,50.1905
19477.85,52.06931
19524.75,53.85348
19571.66,55.5106
19618.57,57.00666
19665.48,58.30905
19712.38,59.38768
19759.29,60.21755
19806.19,60.77885
19853.1,61.05954
19900.0,61.05525
19950.0,60.7415
20000.0,60.12308
20043.79,59.34945
20087.57,58.38042
20131.35,57.23904
20175.13,55.95036
20262.69,53.03388
20350.25,49.829
20525.38,43.2043
20612.94,40.01551
20700.5,37.00252
20788.07,34.19921
20831.85,32.88149
20875.63,31.62036
20919.41,30.41548
20963.19,29.26598
21006.97,28.17059
21050.75,27.12771
21094.54,26.13531
21138.32,25.19189
21182.1,24.29515
21225.88,23.44301
21269.66,22.63334
21313.44,21.86405
21357.22,21.13309
21401.0,20.43845
21456.86,19.60184
21512.72,18.81738
21568.58,18.08145
21624.43,17.39077
21680.29,16.74189
21736.15,16.13199
21792.01,15.5583
21847.86,15.01835
21903.72,14.50958
21959.58,14.02989
22015.44,13.57726
22071.29,13.14989
22127.15,12.74589
22183.01,12.36374
22238.87,12.00198
22294.72,11.65929
22406.44,11.02591
22518.15,10.45475
22629.87,9.938036
22741.58,9.469282
22853.3,9.042752
22965.01,8.653652
23076.73,8.297699
23188.44,7.971307
23300.16,7.671243
23411.87,7.394792
23523.59,7.139484
23635.3,6.903241
23747.02,6.684153
23858.73,6.480613
23970.45,6.291127
24082.16,6.114439
24193.88,5.949368
24305.59,5.794923
24417.31,5.650162
24529.02,5.514293
24640.74,5.386558
24752.45,5.266322
24864.17,5.152967
24975.88,5.045979
25199.31,4.849165
25422.74,4.672514
25646.17,4.513243
25869.6,4.369034
26093.03,4.237944
26316.46,4.118336
26539.89,4.008822
26763.32,3.908218
26986.75,3.815511
27210.18,3.729829
27433.61,3.650418
27657.04,3.576623
27880.47,3.507874
28103.9,3.443672
28327.33,3.383578
28550.75,3.327208
28774.18,3.274217
28997.61,3.224305
29444.47,3.132667
29891.33,3.05047
30338.19,2.976246
30785.05,2.908805
31231.91,2.847174
31678.77,2.790547
32125.63,2.738255
32572.49,2.689738
33019.35,2.644524
33466.21,2.60221
33913.07,2.562454
34359.93,2.524962
34806.79,2.48948
35700.5,2.423695
36594.22,2.363651
37487.94,2.308232
38381.66,2.256565
39275.38,2.207954
40169.1,2.16184
41062.82,2.117766
41956.54,2.075357
42850.25,2.034304
43743.97,1.994345
44637.69,1.955263
45531.41,1.916877
46425.13,1.879038
47318.85,1.841625
48212.57,1.804546
49106.29,1.767736
50000.0,1.731164
50804.14,1.698462
51608.28,1.665986
52412.42,1.633804
53216.55,1.602026
54020.69,1.570813
54422.76,1.555488
54824.83,1.540399
55226.9,1.525588
55628.97,1.511105
56031.04,1.49701
56433.1,1.48337
56835.17,1.470263
57237.24,1.457778
57639.31,1.44602
58041.38,1.435104
58443.45,1.425165
58845.52,1.41635
59247.59,1.408823
59649.65,1.402755
60051.72,1.398313
60252.76,1.396746
60453.79,1.395629
60654.83,1.394961
60855.86,1.394724
61056.9,1.394873
61257.93,1.395315
61458.97,1.395876
61559.49,1.396109
61660.0,1.396233
61760.52,1.396161
61861.04,1.395771
61911.3,1.395405
61961.56,1.394887
62011.82,1.394184
62062.07,1.39325
62112.33,1.392034
62162.59,1.390465
62212.85,1.38846
62263.11,1.385906
62313.37,1.382659
62338.5,1.380719
62363.63,1.378529
62388.76,1.376056
62413.89,1.373259
62439.02,1.370091
62464.14,1.366499
62489.27,1.362415
62514.4,1.357763
62539.53,1.352454
62564.66,1.346383
62589.79,1.339432
62614.92,1.331473
62640.05,1.322384
62665.17,1.312097
62690.3,1.30069
62702.87,1.294703
62715.43,1.288712
62728.0,1.28298
62740.56,1.27799
62753.13,1.274569
62759.41,1.273877
62765.69,1.274215
62771.98,1.275972
62778.26,1.279677
62784.54,1.286076
62790.82,1.296223
62797.11,1.31167
62800.25,1.322022
62803.39,1.334605
62806.53,1.349877
62809.67,1.368404
62812.81,1.390894
62815.95,1.418235
62819.1,1.451671
62822.24,1.492435
62825.38,1.54248
62828.52,1.604229
62830.09,1.640452
62831.66,1.68087
62833.23,1.726052
62834.8,1.776652
62836.37,1.833435
62837.94,1.897295
62839.51,1.969277
62841.08,2.050611
62842.65,2.142743
62844.22,2.247389
62845.79,2.366579
62847.36,2.502729
62848.93,2.658721
62850.5,2.837995
62852.07,3.044667
62852.86,3.160539
62853.64,3.283657
62854.43,3.41795
62855.21,3.560847
62856.0,3.716931
62856.78,3.883235
62857.57,4.065108
62858.35,4.2591
62859.14,4.471452
62859.92,4.698123
62860.71,4.946372
62861.49,5.211419
62862.28,5.501661
62863.06,5.811374
62863.85,6.150174
62864.63,6.511113
62865.42,6.905025
62866.2,7.323343
62867.07,7.825783
62867.93,8.360588
62868.79,8.933544
62869.65,9.543806
62870.52,10.19681
62871.38,10.87344
62873.1,12.29214
62873.97,13.02251
62874.83,13.73488
62875.69,14.42118
62876.55,15.06318
62877.42,15.64819
62878.28,16.14419
62879.14,16.54203
62880.0,16.82901
62880.87,16.99841
62881.73,17.04387
62882.59,16.97115
62883.45,16.78839
62884.32,16.50392
62885.18,16.13921
62886.04,15.70766
62886.9,15.22548
62888.63,14.16247
62890.35,13.06456
62891.22,12.51715
62892.08,11.98977
62892.94,11.4803
62893.8,10.99166
62894.61,10.55209
62895.42,10.13341
62896.23,9.735878
62897.03,9.363898
62897.84,9.007744
62898.64,8.675588
62899.45,8.358347
62900.25,8.063002
62901.06,7.781247
62901.87,7.515932
62902.68,7.266105
62903.48,7.033653
62904.29,6.811868
62905.09,6.605379
62905.9,6.408207
62906.7,6.224457
62907.51,6.048807
62908.32,5.882927
62909.13,5.726172
62909.93,5.579717
62911.54,5.308008
62913.15,5.063824
62914.76,4.843732
62916.37,4.644772
62917.98,4.464395
62919.59,4.300401
62921.21,4.150003
62922.82,4.013406
62924.43,3.888216
62926.04,3.773196
62927.66,3.666635
62929.27,3.568904
62930.88,3.478492
62932.49,3.394675
62934.11,3.316351
62935.72,3.243919
62937.33,3.176381
62938.94,3.113295
62942.16,2.998947
62945.38,2.898208
62948.61,2.808674
62951.83,2.729164
62955.06,2.657759
62958.28,2.593735
62961.51,2.535723
62964.73,2.483276
62967.95,2.43553
62971.17,2.391914
62974.4,2.351824
62977.62,2.315092
62980.85,2.281132
62984.07,2.249847
62987.3,2.220773
62990.52,2.19386
62996.96,2.145448
63003.41,2.103114
63009.86,2.065887
63016.31,2.032936
63022.75,2.003641
63029.2,1.977374
63035.65,1.953748
63042.1,1.9324
63048.54,1.913063
63054.99,1.895426
63061.44,1.879311
63067.89,1.86454
63074.33,1.850981
63087.23,1.826892
63100.12,1.806241
63113.02,1.78836
63125.91,1.772787
63138.81,1.759115
63151.7,1.747063
63164.6,1.73637
63177.49,1.726857
63190.39,1.718347
63203.28,1.710722
63216.18,1.70386
63229.07,1.697677
63241.97,1.692087
63254.86,1.687032
63280.65,1.678288
63306.44,1.671077
63332.23,1.665124
63358.02,1.660213
63383.81,1.656179
63409.6,1.65289
63435.39,1.650242
63461.18,1.648148
63486.97,1.646539
63512.76,1.645357
63538.55,1.644555
63564.34,1.644092
63615.92,1.644051
63667.5,1.64502
63719.08,1.64684
63770.66,1.649391
63822.24,1.652582
63925.4,1.66062
64028.56,1.670554
64131.72,1.682135
64234.88,1.695207
64338.04,1.709669
64544.35,1.742559
64750.67,1.780624
64956.99,1.823938
65163.31,1.872731
65369.63,1.927349
65575.95,1.988228
65782.27,2.055885
65988.59,2.130915
66194.9,2.213986
66401.22,2.305861
66607.54,2.407376
66813.86,2.519461
67020.18,2.643147
67226.5,2.779564
67432.82,2.929959
67639.14,3.095691
67845.45,3.278234
68051.77,3.479216
68258.09,3.700363
68464.41,3.943533
68670.73,4.210697
68877.05,4.503924
69083.37,4.825352
69289.69,5.177151
69496.0,5.561443
69614.88,5.798446
69733.75,6.047265
69971.5,6.581734
70209.25,7.166993
70447.0,7.804222
70684.75,8.493233
70922.5,9.232
71160.25,10.01617
71398.0,10.83858
71635.75,11.68889
71873.5,12.55343
72111.25,13.4153
72349.0,14.2549
72586.75,15.05093
72824.5,15.78174
73062.25,16.427
73300.0,16.96939
73537.75,17.39607
73775.5,17.69966
74013.25,17.87865
74251.0,17.93706
74488.75,17.88362
74726.5,17.73056
74964.25,17.49228
75202.0,17.18409
75439.75,16.82112
75677.5,16.41759
75915.25,15.98628
76153.0,15.53827
76390.75,15.08296
76628.5,14.62811
76866.25,14.18012
76985.13,13.96038
77104.0,13.74431
77249.53,13.48555
77395.05,13.23414
77540.58,12.9911
77613.34,12.87311
77686.1,12.75769
77758.87,12.64503
77831.63,12.53539
77904.39,12.42901
77977.15,12.32622
78049.92,12.22739
78122.68,12.13303
78195.44,12.04374
78268.2,11.96026
78304.59,11.92098
78340.97,11.88356
78377.35,11.84815
78413.73,11.81495
78450.11,11.78418
78486.49,11.75611
78522.87,11.73103
78559.25,11.7093
78595.64,11.69134
78632.02,11.67766
78668.4,11.66883
78704.78,11.66557
78741.16,11.66871
78777.54,11.67928
78795.73,11.68773
78813.92,11.69853
78832.11,11.71188
78850.3,11.728
78868.5,11.74715
78886.69,11.7696
78904.88,11.79565
78923.07,11.82566
78941.26,11.86002
78959.45,11.89918
78977.64,11.94363
78995.83,11.99394
79014.02,12.05075
79032.21,12.11479
79050.4,12.1869
79068.59,12.26803
79086.78,12.35927
79104.97,12.46189
79123.16,12.57733
79141.35,12.70727
79159.55,12.85374
79177.74,13.01886
79195.93,13.20532
79214.12,13.41619
79223.22,13.53195
79232.31,13.65508
79241.41,13.78638
79250.5,13.92616
79259.6,14.07536
79268.69,14.23434
79277.79,14.40419
79286.88,14.58533
79295.98,14.77902
79305.07,14.98575
79314.17,15.20697
79323.26,15.44325
79332.36,15.69624
79341.45,15.96655
79350.55,16.25606
79359.64,16.56542
79368.74,16.89669
79377.83,17.25051
79386.93,17.62906
79396.02,18.03288
79405.12,18.46416
79414.21,18.92315
79423.31,19.41184
79432.4,19.92988
79442.88,20.56461
79453.35,21.23842
79463.83,21.95097
79474.3,22.69768
79495.25,24.27292
79516.2,25.89074
79526.68,26.68002
79537.15,27.43001
79547.63,28.12021
79558.1,28.72622
79568.58,29.2264
79579.05,29.59923
79589.53,29.82889
79600.0,29.90427
79610.49,29.82161
79620.97,29.58462
79631.45,29.20392
79641.93,28.69594
79652.41,28.08117
79662.89,27.38221
79673.37,26.62201
79683.85,25.82234
79704.82,24.17893
79725.78,22.57402
79736.26,21.81025
79746.74,21.08015
79757.22,20.38699
79767.7,19.73247
79779.98,19.01528
79792.26,18.35095
79804.54,17.7375
79816.81,17.17267
79829.09,16.65244
79841.37,16.174
79853.65,15.73405
79865.92,15.32969
79878.2,14.95722
79890.48,14.6141
79902.76,14.2977
79915.03,14.00581
79927.31,13.73573
79939.59,13.48568
79951.87,13.25383
79964.14,13.03871
79976.42,12.83846
79988.7,12.65193
80000.98,12.47789
80013.25,12.31539
80025.53,12.16317
80037.81,12.02048
80050.09,11.88652
80062.36,11.76066
80074.64,11.64205
80086.92,11.53019
80099.2,11.42455
80111.47,11.32472
80123.75,11.23009
80136.02,11.14043
80148.3,11.05521
80160.57,10.97425
80185.13,10.82357
80209.68,10.68638
80234.24,10.56078
80258.79,10.44538
80283.35,10.33881
80307.9,10.24007
80332.46,10.14816
80357.01,10.06236
80381.57,9.981918
80406.12,9.906314
80430.68,9.834973
80455.23,9.767507
80479.79,9.70347
80504.34,9.642573
80528.89,9.584486
80553.44,9.528943
80578.0,9.475686
80602.55,9.424547
80627.11,9.375295
80651.66,9.3278
80676.22,9.281871
80700.77,9.237405
80725.33,9.19424
80749.88,9.152294
80798.99,9.071567
80848.1,8.994439
80872.66,8.956995
80897.21,8.920202
80921.76,8.883963
80946.31,8.848189
80995.42,8.77767
81044.53,8.707881
81093.64,8.637907
81118.2,8.602518
81142.75,8.566712
81167.31,8.530406
81191.86,8.493799
81216.42,8.457714
81228.7,8.440646
81240.97,8.42523
81253.25,8.413042
81259.39,8.409058
81265.53,8.407286
81271.67,8.408685
81277.81,8.414694
81283.95,8.42753
81287.02,8.43753
81290.08,8.450644
81293.15,8.467747
81296.22,8.489832
81299.29,8.518254
81302.36,8.554816
81305.43,8.601956
81308.5,8.663009
81310.04,8.700265
81311.57,8.742613
81313.1,8.791155
81314.63,8.846942
81316.17,8.911692
81317.7,8.986103
81319.24,9.07304
81320.77,9.173669
81322.31,9.292146
81323.84,9.430412
81325.38,9.594621
81326.91,9.788002
81328.45,10.01982
81329.22,10.15227
81329.98,10.29538
81330.75,10.45428
81331.52,10.62871
81332.29,10.82036
81333.05,11.02822
81333.82,11.2598
81334.59,11.5147
81335.36,11.79533
81336.12,12.10001
81336.89,12.43936
81337.65,12.80714
81338.42,13.21556
81339.18,13.65623
81339.86,14.08357
81340.54,14.5429
81341.22,15.03422
81341.89,15.54869
81343.24,16.66673
81344.59,17.85953
81345.95,19.06554
81346.63,19.63813
81347.3,20.16235
81347.98,20.63766
81348.65,21.03486
81349.33,21.35218
81350.0,21.57007
81350.68,21.68873
81351.36,21.70262
81352.04,21.615
81352.71,21.43678
81353.39,21.17346
81354.07,20.84025
81354.75,20.45137
81355.42,20.02755
81356.78,19.09457
81358.13,18.14125
81358.81,17.67028
81359.48,17.21916
81360.16,16.77789
81360.83,16.36175
81361.4,16.02331
81361.96,15.70524
81362.53,15.39631
81363.09,15.10728
81364.22,14.5666
81365.34,14.08398
81366.47,13.64648
81367.59,13.25722
81368.72,12.90459
81369.84,12.59048
81370.97,12.30524
81372.09,12.05031
81373.22,11.81789
81374.34,11.60925
81375.47,11.41815
81376.59,11.24579
81377.72,11.08715
81378.84,10.94337
81379.97,10.8104
81381.09,10.68933
81382.22,10.57685
81383.34,10.47397
81385.59,10.28982
81387.84,10.13106
81390.09,9.993162
81392.34,9.872535
81394.59,9.766323
81396.84,9.672234
81399.09,9.588413
81401.34,9.513346
81403.59,9.445789
81405.84,9.384712
81408.09,9.329256
81410.34,9.278704
81412.59,9.232447
81414.84,9.189972
81419.34,9.114672
81423.84,9.049989
81428.34,8.993815
81432.84,8.944551
81437.35,8.900873
81441.85,8.862009
81446.35,8.827092
81450.85,8.795512
81455.35,8.766774
81459.85,8.740476
81464.35,8.716285
81468.85,8.693925
81477.85,8.653814
81486.85,8.618695
81495.85,8.587518
81504.85,8.559506
81513.86,8.534043
81522.86,8.510732
81531.86,8.489192
81540.86,8.469145
81549.86,8.450366
81558.86,8.432674
81576.86,8.399991
81594.86,8.370191
81612.86,8.342642
81630.86,8.316888
81648.86,8.292591
81666.87,8.269485
81684.87,8.2474
81702.87,8.22617
81720.87,8.205674
81756.87,8.166513
81792.87,8.129337
81828.88,8.093735
81864.88,8.059445
81900.88,8.026249
81936.88,7.99399
82008.89,7.931821
82080.89,7.872268
82152.9,7.814861
82224.9,7.759303
82296.91,7.705353
82368.91,7.652852
82512.92,7.551666
82656.94,7.454949
82800.95,7.362168
82944.96,7.272912
83088.97,7.186869
83232.98,7.103786
83376.99,7.023454
83521.0,6.945695
83665.01,6.870354
83809.03,6.797292
83953.04,6.726397
84241.06,6.590671
84529.08,6.462409
84817.1,6.340971
85105.13,6.225797
85393.15,6.116408
85681.17,6.012368
85969.19,5.913292
86257.22,5.818829
86545.24,5.728669
86833.26,5.642524
87121.28,5.560132
87409.31,5.481251
87697.33,5.405666
87985.35,5.333173
88273.37,5.263584
88561.4,5.196725
88849.42,5.13244
89137.44,5.07058
89425.46,5.011006
90001.5,4.898214
90577.54,4.79314
91153.59,4.694978
91729.63,4.603024
92305.68,4.516654
92881.72,4.435318
93457.77,4.358525
94033.81,4.285842
94609.86,4.216875
95185.9,4.151277
95761.95,4.088729
96337.99,4.028952
96914.04,3.97169
97202.06,3.943932
97490.08,3.916717
97778.11,3.89002
98066.13,3.86381
98210.14,3.850876
98354.15,3.838048
98498.16,3.825318
98642.17,3.812673
98930.19,3.787559
99074.2,3.775016
99218.21,3.762385
99290.22,3.755993
99362.22,3.749517
99434.23,3.742923
99470.23,3.739576
99506.23,3.736198
99542.24,3.732809
99560.24,3.731127
99578.24,3.729471
99596.24,3.727868
99614.24,3.726359
99632.24,3.725021
99650.24,3.723991
99659.25,3.723664
99668.25,3.723527
99677.25,3.723653
99686.25,3.72415
99695.25,3.72518
99704.25,3.726994
99713.25,3.729989
99722.25,3.734829
99726.75,3.738271
99731.25,3.742668
99735.75,3.748319
99740.25,3.755648
99744.75,3.765262
99749.25,3.778057
99753.75,3.795394
99758.25,3.819412
99762.75,3.853612
99765.0,3.876263
99767.25,3.904022
99769.5,3.938434
99771.75,3.981652
99774.0,4.036743
99776.25,4.108175
99778.5,4.202638
99779.63,4.261811
99780.75,4.330438
99781.88,4.412017
99783.0,4.507979
99784.13,4.623801
99785.25,4.762284
99786.38,4.932352
99787.5,5.139429
99788.63,5.398558
99789.19,5.55015
99789.75,5.720026
99790.32,5.914376
99790.88,6.129346
99791.44,6.371427
99792.0,6.644222
99792.57,6.957415
99793.13,7.304036
99793.69,7.693033
99794.25,8.127526
99794.97,8.755545
99795.69,9.458695
99796.41,10.22236
99797.13,11.014
99797.85,11.77863
99798.21,12.1276
99798.57,12.44012
99798.93,12.70536
99799.29,12.91339
99799.65,13.056
99800.0,13.12658
99800.36,13.12671
99800.72,13.05422
99801.08,12.91324
99801.44,12.71067
99801.8,12.45547
99802.16,12.15779
99802.88,11.47656
99804.32,10.01642
99805.04,9.332518
99805.75,8.718826
99806.51,8.135744
99807.27,7.62761
99808.03,7.188333
99808.79,6.809937
99809.55,6.484183
99810.31,6.203375
99811.07,5.960686
99811.83,5.750235
99812.59,5.567042
99813.35,5.406927
99814.11,5.266401
99814.87,5.142552
99816.39,4.935585
99817.9,4.77197
99819.42,4.638994
99820.94,4.530279
99822.46,4.440319
99823.97,4.365511
99825.49,4.30185
99827.01,4.247572
99830.04,4.160749
99833.08,4.094517
99836.11,4.04309
99839.15,4.002052
99842.18,3.968934
99845.22,3.941611
99848.25,3.918912
99851.29,3.899702
99854.32,3.883378
99860.39,3.857084
99866.46,3.836978
99872.53,3.821179
99878.6,3.808478
99884.67,3.798067
99890.74,3.789389
99896.81,3.782049
99902.88,3.775759
99915.02,3.765534
99927.16,3.757553
99939.3,3.751122
99951.44,3.745798
99963.58,3.741289
99975.72,3.737397
100000.0,3.730939
100020.4,3.726472
100040.7,3.722626
100061.0,3.719218
100081.3,3.71614
100121.9,3.710693
100162.5,3.705899
100203.2,3.701533
100243.8,3.697488
100325.0,3.690031
100406.3,3.683134
100487.5,3.676629
100568.8,3.670404
100650.0,3.664418
100731.3,3.658624
100812.5,3.653019
100893.8,3.647579
100975.0,3.642314
101056.3,3.63721
101137.5,3.632285
101300.0,3.622969
101462.5,3.614446
101625.0,3.606827
101787.5,3.600262
101950.0,3.594945
102112.5,3.591123
102275.0,3.589111
102437.5,3.589311
102600.0,3.59224
102681.3,3.594932
102762.5,3.598567
102843.8,3.603271
102925.0,3.609166
103006.3,3.616418
103087.5,3.625188
103168.8,3.635702
103250.0,3.648172
103331.3,3.662907
103412.5,3.680194
103493.8,3.700459
103575.0,3.724099
103656.3,3.751704
103737.5,3.783839
103818.8,3.821334
103900.0,3.864999
103981.3,3.916028
104062.5,3.975608
104103.2,4.009197
104143.8,4.045482
104184.4,4.084796
104225.0,4.127422
104265.7,4.173789
104306.3,4.224017
104346.9,4.278601
104387.5,4.337967
104428.2,4.402757
104468.8,4.473184
104509.4,4.549989
104550.0,4.633831
104590.7,4.725678
104631.3,4.825896
104671.9,4.935612
104712.5,5.055838
104753.2,5.188039
104793.8,5.332816
104834.4,5.491859
104875.0,5.666687
104915.7,5.85946
104956.3,6.071044
104996.9,6.303837
105037.5,6.559906
105078.2,6.842132
105118.8,7.151323
105159.4,7.490279
105200.0,7.860973
105237.5,8.232983
105275.0,8.634344
105312.5,9.065329
105350.0,9.525372
105387.5,10.0128
105425.0,10.52452
105500.0,11.59966
105537.5,12.14736
105575.0,12.68775
105612.5,13.20782
105650.0,13.69318
105687.5,14.12883
105725.0,14.50035
105762.5,14.79503
105800.0,15.00314
105837.5,15.11884
105875.0,15.14073
105912.5,15.07179
105950.0,14.91895
105987.5,14.69218
106025.0,14.4034
106062.5,14.0654
106100.0,13.69083
106175.0,12.87793
106250.0,12.04174
106287.5,11.63199
106325.0,11.23391
106362.5,10.85047
106400.0,10.48367
106450.6,10.01705
106501.2,9.583895
106551.8,9.183877
106602.4,8.815754
106653.0,8.477731
106703.6,8.167724
106754.2,7.883541
106804.7,7.623493
106855.3,7.384451
106905.9,7.164977
106956.5,6.963241
107007.1,6.777564
107057.7,6.606422
107108.3,6.448433
107158.9,6.302355
107209.4,6.167328
107260.0,6.041814
107310.6,5.925191
107361.2,5.816653
107411.8,5.715476
107462.4,5.621011
107513.0,5.532674
107563.6,5.449943
107614.1,5.372493
107664.7,5.299596
107715.3,5.231025
107765.9,5.166435
107816.4,5.105631
107867.0,5.048089
107917.6,4.993675
107968.2,4.942157
108018.7,4.893416
108119.9,4.803029
108221.1,4.721266
108322.3,4.646995
108423.4,4.579328
108524.6,4.517326
108625.8,4.460375
108727.0,4.40789
108828.1,4.359416
108929.3,4.314425
109030.5,4.272593
109131.7,4.233596
109232.8,4.197184
109334.0,4.163038
109435.1,4.131007
109536.3,4.100836
109637.4,4.072416
109839.8,4.020099
110042.1,3.973089
110244.5,3.930525
110446.8,3.89179
110649.2,3.856308
110851.5,3.823672
111053.8,3.793497
111256.1,3.765478
111458.5,3.739343
111660.8,3.714901
111863.2,3.691941
112065.5,3.670326
112470.2,3.630557
112874.8,3.594708
113279.5,3.56208
113684.2,3.532152
114088.9,3.504509
114493.5,3.478827
114898.2,3.454824
115302.9,3.43229
115707.6,3.411045
116112.2,3.390944
116921.6,3.353668
117730.9,3.319681
118540.3,3.288392
119349.6,3.259373
120159.0,3.232279
120968.3,3.206853
121777.7,3.182877
122587.0,3.160184
123396.4,3.138629
124205.7,3.1181
125015.1,3.098491
125824.4,3.079724
127443.1,3.044422
129061.8,3.011719
130680.5,2.981249
132299.2,2.95272
133917.9,2.925896
135536.6,2.900584
137155.3,2.876622
138774.0,2.853872
140392.7,2.832217
142011.4,2.811556
143630.1,2.791801
145248.8,2.772873
146867.5,2.754704
148486.2,2.737234
150104.9,2.720408
151723.6,2.704177
153342.3,2.688498
154961.0,2.67333
156579.7,2.658639
158198.3,2.64439
159817.0,2.630554
161435.7,2.617103
164673.1,2.59126
167910.5,2.566682
171147.9,2.543219
174385.3,2.520743
177622.7,2.499146
179241.4,2.488648
180860.1,2.478336
182478.8,2.468203
184097.5,2.458241
185716.2,2.448442
187334.9,2.438802
188953.6,2.429315
190572.3,2.41998
192191.0,2.410793
193809.7,2.401756
195428.4,2.392869
197047.1,2.384135
198523.6,2.376308
200000.0,2.368619
201249.6,2.362224
202499.2,2.35594
203748.8,2.349773
204998.3,2.34373
206247.9,2.337815
207497.5,2.332024
208122.3,2.329161
208434.7,2.327729
208747.1,2.326285
208903.3,2.325552
209059.5,2.324807
209215.7,2.324039
209293.8,2.323641
209371.9,2.32323
209450.0,2.3228
209528.1,2.322341
209567.2,2.322096
209606.2,2.321838
209645.3,2.321561
209684.3,2.321261
209723.4,2.320927
209742.9,2.320744
209762.4,2.320548
209782.0,2.320333
209801.5,2.320099
209821.0,2.31984
209840.5,2.319549
209850.3,2.319388
209860.1,2.319216
209869.9,2.319032
209879.6,2.318837
209889.4,2.318625
209899.1,2.318403
209908.9,2.318167
209918.6,2.317929
209923.5,2.317812
209928.4,2.317703
209933.3,2.317607
209938.1,2.317536
209943.0,2.317503
209947.9,2.317536
209952.8,2.317677
209957.6,2.317993
209960.1,2.318266
209962.5,2.31863
209965.0,2.319152
209967.4,2.319842
209969.9,2.320835
209972.3,2.322163
209974.7,2.324022
209977.1,2.326672
209979.6,2.330732
209980.8,2.333372
209982.0,2.336636
209983.3,2.341096
209984.5,2.346349
209985.7,2.353081
209986.9,2.36184
209988.2,2.37457
209989.4,2.390661
209990.6,2.412963
209991.2,2.427387
209991.8,2.444717
209992.4,2.465698
209993.0,2.491301
209993.6,2.52279
209994.2,2.56181
209994.8,2.610475
209995.4,2.671429
209996.0,2.747786
209996.64,2.849818
209997.5,3.024195
209998.3,3.216594
209999.2,3.420039
209999.6,3.482198
210000.0,3.515061
210000.5,3.5094
210000.9,3.469921
210001.7,3.328043
210002.5,3.156752
210003.37,2.986492
210004.0,2.884187
210004.6,2.803367
210005.2,2.736757
210005.8,2.681981
210006.4,2.636819
210007.0,2.59939
210007.6,2.568164
210008.2,2.541924
210008.9,2.516344
210009.5,2.497887
210010.7,2.46829
210011.9,2.445861
210013.1,2.428471
210014.4,2.413701
210015.6,2.402817
210016.8,2.393907
210018.0,2.386514
210019.3,2.379834
210020.5,2.374634
210022.9,2.366318
210025.4,2.359777
210027.8,2.354905
210030.3,2.350872
210032.7,2.347736
210035.2,2.345045
210037.6,2.342886
210040.0,2.341052
210042.4,2.339479
210047.3,2.336878
210052.2,2.334874
210057.1,2.333288
210061.9,2.332027
210066.8,2.330962
210071.7,2.33007
210076.6,2.329312
210081.4,2.328673
210091.2,2.327606
210101.0,2.326771
210110.8,2.326099
210120.5,2.325551
210130.3,2.325085
210140.0,2.324691
210149.8,2.324345
210159.5,2.324045
210179.1,2.323533
210198.6,2.323118
210218.1,2.322768
210237.6,2.322466
210257.2,2.3222
210276.7,2.321963
210315.7,2.321551
210354.8,2.321197
210393.8,2.320885
210432.9,2.3206
210471.9,2.320338
210550.0,2.319858
210628.1,2.319419
210706.2,2.319008
210784.3,2.318616
210940.5,2.317871
211096.7,2.31716
211252.9,2.316473
211565.3,2.315142
211877.7,2.313852
212502.5,2.31136
213127.3,2.30896
213752.1,2.306645
214376.9,2.304413
215001.6,2.302266
216251.2,2.298247
217500.8,2.29463
218750.4,2.291473
219999.9,2.288844
220000.1,4.34063
230000.1,4.320488
240000.1,4.301292
250000.1,4.282959
260000.1,4.265419
280000.1,4.232473
300000.0,4.20203
312500.0,4.18365
325000.0,4.166066
350000.0,4.133043
375000.0,4.102535
400000.0,4.0742
425000.0,4.044698
450000.0,4.017078
475000.0,3.991126
500000.0,3.96666
525000.0,3.94012
550000.0,3.914981
600000.0,3.86839
608720.0,3.86012
610146.3,3.858225
611572.5,3.856335
614425.0,3.852571
620130.0,3.845106
625835.0,3.837724
631540.0,3.830422
642950.0,3.816056
654360.0,3.801995
665770.0,3.788228
677180.0,3.774743
688590.0,3.76153
700000.0,3.74858
725000.0,3.718868
750000.0,3.690387
775000.0,3.663048
800000.0,3.63677
825000.0,3.609606
850000.0,3.583448
900000.0,3.53389
950000.0,3.484785
1000000.0,3.43883
1014150.0,3.42598
1014152.0,3.425977
1017948.0,3.420643
1021744.0,3.415336
1029335.0,3.404809
1036927.0,3.394389
1044518.0,3.384078
1059701.0,3.36377
1074883.0,3.343871
1090066.0,3.324366
1105248.0,3.305243
1135613.0,3.26809
1165979.0,3.232317
1196344.0,3.197842
1226710.0,3.164584
1257075.0,3.132473
1287441.0,3.101443
1317807.0,3.071432
1378538.0,3.014254
1439269.0,2.960537
1500000.0,2.90994
1588435.0,2.841331
1676870.0,2.77793
1681919.0,2.771879
1686968.0,2.76586
1697066.0,2.753914
1717262.0,2.730387
1737458.0,2.707332
1757653.0,2.684736
1777849.0,2.662582
1798044.0,2.640859
1838435.0,2.598651
1878827.0,2.558012
1919218.0,2.518854
1959609.0,2.481092
2000000.0,2.44465
2044010.0,2.41089
2044015.0,2.410885
2051140.0,2.404436
2058265.0,2.398026
2072514.0,2.385324
2086763.0,2.372776
2101012.0,2.360379
2129510.0,2.336025
2158008.0,2.312241
2186508.0,2.289005
2215007.0,2.2663
2272005.0,2.222405
2329004.0,2.180416
2386003.0,2.140208
2443002.0,2.101664
2500000.0,2.06468
2583650.0,2.020506
2667300.0,1.97864
2672954.0,1.975886
2678608.0,1.973142
2689915.0,1.967683
2712530.0,1.956878
2735145.0,1.946221
2757760.0,1.935709
2802990.0,1.915107
2848220.0,1.89505
2856465.0,1.889977
2864710.0,1.884932
2881200.0,1.874925
2914180.0,1.85524
2924908.0,1.84923
2935635.0,1.843263
2957090.0,1.831449
2978545.0,1.819796
3000000.0,1.8083
3044070.0,1.787654
3088140.0,1.767536
3132210.0,1.747924
3176280.0,1.7288
3257210.0,1.694394
3269390.0,1.689348
3338140.0,1.661492
3419070.0,1.629994
3500000.0,1.59981
3542670.0,1.58575
3551510.0,1.57949
3565526.0,1.573869
3579541.0,1.56829
3607572.0,1.557256
3635603.0,1.546384
3663633.0,1.535671
3719694.0,1.514706
3775755.0,1.494335
3831817.0,1.474532
3887878.0,1.455273
4000000.0,1.4183
4065560.0,1.39958
4073740.0,1.396976
4081920.0,1.394383
4098280.0,1.389226
4131000.0,1.37903
4142560.0,1.375197
4154120.0,1.371385
4177240.0,1.363824
4223480.0,1.34895
4237617.0,1.344231
4251753.0,1.339544
4280025.0,1.330266
4308298.0,1.321112
4336570.0,1.312081
4393115.0,1.294375
4449660.0,1.27713
4462245.0,1.273618
4474830.0,1.270126
4500000.0,1.2632
4535390.0,1.25388
4546835.0,1.251027
4558279.0,1.248187
4581167.0,1.242549
4626943.0,1.231432
4672719.0,1.220523
4718495.0,1.209815
4810048.0,1.188982
4901600.0,1.16889
4912620.0,1.16599
4923543.0,1.163609
4934465.0,1.161238
4956310.0,1.156526
5000000.0,1.14722
5053635.0,1.135097
5107270.0,1.123227
5214540.0,1.10022
5232382.0,1.09655
5250223.0,1.092905
5285905.0,1.085688
5321588.0,1.078566
5357270.0,1.071539
5428635.0,1.057757
5500000.0,1.04433
5625000.0,1.024197
5750000.0,1.004881
5875000.0,0.9863341
6000000.0,0.968509
6250000.0,0.9469657
6500000.0,0.926719
6750000.0,0.9100614
7000000.0,0.894293
7500000.0,0.870893
7627870.0,0.866129
8000000.0,0.84692
8322960.0,0.8317
8344118.0,0.8301206
8365275.0,0.8285483
8407590.0,0.8254244
8492220.0,0.8192583
8576850.0,0.8131987
8661480.0,0.8072428
8830740.0,0.795631
9000000.0,0.784402
9051720.0,0.7806955
9125000.0,0.7755095
9250000.0,0.7668368
9375000.0,0.7583756
9500000.0,0.7501179
9625000.0,0.7420564
9750000.0,0.7341839
9875000.0,0.7264935
10000000.0,0.718979
10071080.0,0.7167895
10142150.0,0.7146223
10213230.0,0.7124763
10284300.0,0.710352
10373770.0,0.7078017
10463230.0,0.7052826
10552690.0,0.7027938
10642150.0,0.7003347
10731620.0,0.6979043
10775700.0,0.6967175
10821080.0,0.6955028
10910540.0,0.6931292
11000000.0,0.690783
11125000.0,0.6895726
11250000.0,0.6883778
11375000.0,0.6871983
11500000.0,0.6860336
11625000.0,0.6848835
11750000.0,0.6837476
11875000.0,0.6826255
12000000.0,0.681517
12137750.0,0.6813364
12275500.0,0.6811579
12413250.0,0.6809815
12551000.0,0.680807
12663250.0,0.6807657
12775500.0,0.6807248
12887750.0,0.6806842
13000000.0,0.680644
13042400.0,0.6807482
13125000.0,0.6809502
13250000.0,0.6812537
13375000.0,0.6815544
13500000.0,0.6818525
13625000.0,0.6821479
13750000.0,0.6824408
13875000.0,0.6827311
14000000.0,0.683019
14125000.0,0.6837235
14250000.0,0.6844225
14375000.0,0.685116
14500000.0,0.6858043
14625000.0,0.6864874
14750000.0,0.6871653
14875000.0,0.6878381
15000000.0,0.688506
15125000.0,0.6892486
15250000.0,0.6899858
15500000.0,0.6914447
15750000.0,0.6928832
16000000.0,0.694302
16250000.0,0.695771
16500000.0,0.6972207
16750000.0,0.6986515
17000000.0,0.700064
17125000.0,0.7007912
17250000.0,0.7015139
17500000.0,0.7029459
17750000.0,0.7043605
18000000.0,0.705758
18250000.0,0.7071162
18500000.0,0.7084585
18750000.0,0.7097853
19000000.0,0.711097
19250000.0,0.7124108
19500000.0,0.71371
19750000.0,0.7149949
20000000.0,0.716266
