1e-05,20.43634
1.03125e-05,20.43634
1.0625e-05,20.43634
1.09375e-05,20.43634
1.125e-05,20.43634
1.15625e-05,20.43634
1.1875e-05,20.43634
1.21875e-05,20.43634
1.25e-05,20.43634
1.28125e-05,20.43634
1.3125e-05,20.43634
1.34375e-05,20.43634
1.375e-05,20.43634
1.4375e-05,20.43634
1.5e-05,20.43634
1.5625e-05,20.43634
1.625e-05,20.43634
1.6875e-05,20.43634
1.75e-05,20.43634
1.8125e-05,20.43634
1.875e-05,20.43634
1.9375e-05,20.43634
2e-05,20.43634
2.09375e-05,20.43634
2.1875e-05,20.43634
2.28125e-05,20.43634
2.375e-05,20.43634
2.46875e-05,20.43634
2.5625e-05,20.43634
2.65625e-05,20.43634
2.75e-05,20.43634
2.84375e-05,20.43634
2.9375e-05,20.43634
3.03125e-05,20.43634
3.125e-05,20.43634
3.21875e-05,20.43634
3.3125e-05,20.43634
3.40625e-05,20.43634
3.5e-05,20.43634
3.59375e-05,20.43634
3.6875e-05,20.43634
3.78125e-05,20.43634
3.875e-05,20.43634
3.96875e-05,20.43634
4.0625e-05,20.43634
4.25e-05,20.43634
4.4375e-05,20.43634
4.625e-05,20.43634
4.8125e-05,20.43634
5e-05,20.43634
5.15625e-05,20.43634
5.3125e-05,20.43634
5.46875e-05,20.43634
5.625e-05,20.43634
5.78125e-05,20.43634
5.9375e-05,20.43634
6.09375e-05,20.43634
6.25e-05,20.43634
6.40625e-05,20.43634
6.5625e-05,20.43634
6.71875e-05,20.43634
6.875e-05,20.43634
7.1875e-05,20.43634
7.5e-05,20.43634
7.8125e-05,20.43633
8.125e-05,20.43633
8.4375e-05,20.43633
8.75e-05,20.43633
9.0625e-05,20.43633
9.375e-05,20.43633
9.6875e-05,20.43633
0.0001,20.43633
0.000103125,20.43633
0.00010625,20.43633
0.000109375,20.43633
0.0001125,20.43633
0.000115625,20.43633
0.00011875,20.43633
0.000121875,20.43633
0.000125,20.43633
0.000128125,20.43633
0.00013125,20.43633
0.000134375,20.43633
0.0001375,20.43633
0.00014375,20.43633
0.00015,20.43633
0.00015625,20.43633
0.0001625,20.43633
0.00016875,20.43633
0.000175,20.43633
0.00018125,20.43633
0.0001875,20.43633
0.00019375,20.43633
0.0002,20.43633
0.000209375,20.43633
0.00021875,20.43633
0.000228125,20.43633
0.0002375,20.43633
0.000246875,20.43633
0.00025625,20.43633
0.000265625,20.43633
0.000275,20.43633
0.000284375,20.43633
0.00029375,20.43633
0.000303125,20.43633
0.0003125,20.43633
0.000321875,20.43633
0.00033125,20.43633
0.000340625,20.43633
0.00035,20.43633
0.000359375,20.43633
0.00036875,20.43633
0.000378125,20.43633
0.0003875,20.43633
0.000396875,20.43633
0.00040625,20.43633
0.000425,20.43633
0.00044375,20.43633
0.0004625,20.43633
0.00048125,20.43633
0.0005,20.43633
0.000515625,20.43633
0.00053125,20.43633
0.000546875,20.43633
0.0005625,20.43633
0.000578125,20.43633
0.00059375,20.43633
0.000609375,20.43633
0.000625,20.43633
0.000640625,20.43633
0.00065625,20.43633
0.000671875,20.43633
0.0006875,20.43633
0.00071875,20.43633
0.00075,20.43633
0.00078125,20.43633
0.0008125,20.43633
0.00084375,20.43633
0.000875,20.43633
0.00090625,20.43633
0.0009375,20.43633
0.00096875,20.43633
0.001,20.43633
0.00103125,20.43633
0.0010625,20.43633
0.00109375,20.43633
0.001125,20.43633
0.00115625,20.43633
0.0011875,20.43633
0.00121875,20.43633
0.00125,20.43633
0.00128125,20.43633
0.0013125,20.43633
0.00134375,20.43633
0.001375,20.43633
0.0014375,20.43633
0.0015,20.43633
0.0015625,20.43633
0.001625,20.43633
0.0016875,20.43633
0.00175,20.43633
0.0018125,20.43633
0.001875,20.43633
0.0019375,20.43633
0.002,20.43633
0.00209375,20.43633
0.0021875,20.43633
0.00228125,20.43633
0.002375,20.43633
0.00246875,20.43633
0.0025625,20.43633
0.00265625,20.43633
0.00275,20.43633
0.00284375,20.43633
0.0029375,20.43633
0.00303125,20.43633
0.003125,20.43633
0.00321875,20.43633
0.0033125,20.43633
0.00340625,20.43633
0.0035,20.43633
0.00359375,20.43633
0.0036875,20.43633
0.00378125,20.43633
0.003875,20.43633
0.00396875,20.43633
0.0040625,20.43633
0.00425,20.43633
0.0044375,20.43633
0.004625,20.43633
0.0048125,20.43633
0.005,20.43633
0.00515625,20.43633
0.0053125,20.43633
0.00546875,20.43633
0.005625,20.43633
0.00578125,20.43633
0.0059375,20.43633
0.00609375,20.43633
0.00625,20.43633
0.00640625,20.43633
0.0065625,20.43633
0.00671875,20.43633
0.006875,20.43633
0.0071875,20.43633
0.0075,20.43633
0.0078125,20.43633
0.008125,20.43633
0.0084375,20.43633
0.00875,20.43633
0.0090625,20.43633
0.009375,20.43633
0.0096875,20.43633
0.01,20.43633
0.0103125,20.43633
0.010625,20.43633
0.0109375,20.43633
0.01125,20.43633
0.0115625,20.43633
0.011875,20.43633
0.0121875,20.43633
0.0125,20.43633
0.0128125,20.43633
0.013125,20.43633
0.0134375,20.43633
0.01375,20.43633
0.014375,20.43633
0.015,20.43633
0.015625,20.43633
0.01625,20.43633
0.016875,20.43633
0.0175,20.43633
0.018125,20.43633
0.01875,20.43633
0.019375,20.43633
0.02,20.43633
0.0206625,20.43633
0.021325,20.43633
0.0219875,20.43633
0.02265,20.43633
0.0233125,20.43633
0.023975,20.43633
0.0246375,20.43633
0.0253,20.43633
0.02607188,20.43633
0.02684375,20.43633
0.02761563,20.43633
0.0283875,20.43633
0.02915938,20.43633
0.02993125,20.43633
0.03070313,20.43633
0.031475,20.43633
0.03224688,20.43633
0.03301875,20.43633
0.0345625,20.43633
0.03610625,20.43633
0.03765,20.43633
0.03919375,20.43633
0.0407375,20.43633
0.04228125,20.43633
0.043825,20.43633
0.04536875,20.43633
0.0469125,20.43633
0.04845625,20.43633
0.05,20.43633
0.0515625,20.43633
0.053125,20.43633
0.0546875,20.43633
0.05625,20.43633
0.0578125,20.43633
0.059375,20.43633
0.0609375,20.43633
0.0625,20.43633
0.0640625,20.43633
0.065625,20.43633
0.0671875,20.43633
0.06875,20.43633
0.071875,20.43633
0.075,20.43633
0.078125,20.43632
0.08125,20.43632
0.084375,20.43632
0.0875,20.43632
0.090625,20.43632
0.09375,20.43632
0.096875,20.43632
0.1,20.43632
0.103125,20.43632
0.10625,20.43632
0.109375,20.43632
0.1125,20.43632
0.115625,20.43632
0.11875,20.43632
0.121875,20.43632
0.125,20.43632
0.128125,20.43632
0.13125,20.43632
0.134375,20.43632
0.1375,20.43632
0.14375,20.43632
0.15,20.43632
0.15625,20.43631
0.1625,20.43631
0.16875,20.43631
0.175,20.43631
0.18125,20.43631
0.1875,20.43631
0.19375,20.43631
0.2,20.43631
0.209375,20.43631
0.21875,20.43631
0.228125,20.43631
0.2375,20.43631
0.246875,20.4363
0.25625,20.4363
0.265625,20.4363
0.275,20.4363
0.284375,20.4363
0.29375,20.4363
0.303125,20.4363
0.3125,20.4363
0.321875,20.43629
0.33125,20.43629
0.340625,20.43629
0.35,20.43629
0.359375,20.43629
0.36875,20.43629
0.378125,20.43629
0.3875,20.43629
0.396875,20.43628
0.40625,20.43628
0.425,20.43628
0.44375,20.43628
0.4625,20.43628
0.48125,20.43627
0.5,20.43627
0.53125,20.43627
0.5625,20.43626
0.59375,20.43626
0.625,20.43625
0.65625,20.43625
0.6875,20.43624
0.71875,20.43624
0.75,20.43624
0.78125,20.43623
0.8125,20.43623
0.84375,20.43622
0.875,20.43622
0.9375,20.43621
1.0,20.4362
1.0625,20.43619
1.125,20.43618
1.1875,20.43617
1.25,20.43617
1.3125,20.43616
1.375,20.43615
1.4375,20.43614
1.5,20.43613
1.5625,20.43612
1.625,20.43611
1.6875,20.4361
1.75,20.4361
1.875,20.43608
2.0,20.43606
2.09375,20.43605
2.1875,20.43604
2.28125,20.43602
2.375,20.43601
2.46875,20.436
2.5625,20.43599
2.65625,20.43597
2.75,20.43596
2.9375,20.43594
3.125,20.43591
3.3125,20.43589
3.5,20.43586
3.6875,20.43584
3.875,20.43581
4.0625,20.43579
4.25,20.43576
4.4375,20.43574
4.625,20.43571
4.8125,20.43569
5.0,20.43566
5.3125,20.43562
5.625,20.43558
5.9375,20.43553
6.25,20.43549
6.5625,20.43545
6.875,20.43541
7.1875,20.43537
7.5,20.43533
7.8125,20.43528
8.125,20.43524
8.4375,20.4352
8.75,20.43516
9.375,20.43507
10.0,20.43499
10.625,20.43491
11.25,20.43482
11.875,20.43474
12.5,20.43465
13.125,20.43457
13.75,20.43448
14.375,20.4344
15.0,20.43432
15.625,20.43423
16.25,20.43415
16.875,20.43406
17.5,20.43398
18.75,20.43381
20.0,20.43364
20.9375,20.43351
21.875,20.43339
22.8125,20.43326
23.75,20.43314
24.6875,20.43301
25.625,20.43288
26.5625,20.43276
27.5,20.43263
29.375,20.43238
31.25,20.43213
33.125,20.43187
35.0,20.43162
36.875,20.43137
38.75,20.43112
40.625,20.43086
42.5,20.43061
44.375,20.43036
46.25,20.43011
48.125,20.42985
50.0,20.4296
53.125,20.42918
56.25,20.42876
59.375,20.42834
62.5,20.42792
65.625,20.4275
68.75,20.42708
71.875,20.42666
75.0,20.42624
78.125,20.42582
81.25,20.4254
84.375,20.42498
87.5,20.42456
93.75,20.42372
100.0,20.42288
106.25,20.42204
112.5,20.4212
118.75,20.42036
125.0,20.41952
131.25,20.41868
137.5,20.41784
143.75,20.417
150.0,20.41616
156.25,20.41532
162.5,20.41448
168.75,20.41364
175.0,20.4128
187.5,20.41112
200.0,20.40944
209.375,20.40818
218.75,20.40693
228.125,20.40567
237.5,20.40442
246.875,20.40316
256.25,20.40191
265.625,20.40065
275.0,20.3994
293.75,20.39688
312.5,20.39437
331.25,20.39186
350.0,20.38935
368.75,20.38684
387.5,20.38433
406.25,20.38182
425.0,20.37931
443.75,20.37679
462.5,20.37428
481.25,20.37177
500.0,20.36926
531.25,20.3651
562.5,20.36094
593.75,20.35678
625.0,20.35262
656.25,20.34846
687.5,20.3443
718.75,20.34014
750.0,20.33598
781.25,20.33181
812.5,20.32765
843.75,20.32349
875.0,20.31933
937.5,20.31101
1000.0,20.30269
1062.5,20.29446
1125.0,20.28624
1187.5,20.27801
1250.0,20.26978
1312.5,20.26155
1375.0,20.25333
1437.5,20.2451
1500.0,20.23687
1562.5,20.22864
1625.0,20.22042
1687.5,20.21219
1750.0,20.20396
1875.0,20.18751
2000.0,20.17105
2125.0,20.15495
2250.0,20.13886
2375.0,20.12276
2500.0,20.10667
2625.0,20.09057
2750.0,20.07448
2875.0,20.05838
3000.0,20.04229
3125.0,20.02619
3250.0,20.01009
3375.0,19.994
3500.0,19.9779
3750.0,19.94571
4000.0,19.91352
4250.0,19.88226
4500.0,19.85099
4750.0,19.81973
5000.0,19.78847
5250.0,19.7572
5500.0,19.72594
5750.0,19.69467
6000.0,19.66341
6250.0,19.63303
6500.0,19.60266
6750.0,19.57228
7000.0,19.54191
7500.0,19.48115
8000.0,19.4204
8500.0,19.36135
9000.0,19.30229
9500.0,19.24324
10000.0,19.18418
10625.0,19.11385
11250.0,19.04353
11875.0,18.9732
12500.0,18.90287
13125.0,18.83254
13750.0,18.76222
14375.0,18.69189
15000.0,18.62156
15625.0,18.55582
16250.0,18.49009
16875.0,18.42435
17500.0,18.35862
18750.0,18.22714
20000.0,18.09567
21250.0,17.98316
22500.0,17.87065
23750.0,17.75815
25000.0,17.64564
26250.0,17.53313
27500.0,17.42062
28750.0,17.30811
30000.0,17.19561
31250.0,17.0831
32500.0,16.97059
33750.0,16.85808
35000.0,16.74557
37500.0,16.52056
40000.0,16.29554
42500.0,16.11701
45000.0,15.93848
47500.0,15.75994
50000.0,15.58141
52500.0,15.40288
55000.0,15.22435
57500.0,15.04581
60000.0,14.86728
62500.0,14.7221
65000.0,14.57692
67500.0,14.43174
70000.0,14.28656
75000.0,13.99619
80000.0,13.70583
85000.0,13.46495
90000.0,13.22406
95000.0,12.98318
100000.0,12.74229
106250.0,12.51493
112500.0,12.28757
118750.0,12.06021
125000.0,11.83285
131250.0,11.60548
137500.0,11.37812
143750.0,11.15076
150000.0,10.9234
156250.0,10.76337
162500.0,10.60334
168750.0,10.44332
175000.0,10.28329
187500.0,9.963234
200000.0,9.643178
212500.0,9.431774
225000.0,9.220371
237500.0,9.008967
250000.0,8.797564
262500.0,8.58616
275000.0,8.374756
287500.0,8.163353
300000.0,7.951949
312500.0,7.817507
325000.0,7.683065
337500.0,7.548623
350000.0,7.414181
375000.0,7.145296
400000.0,6.876412
425000.0,6.68867
450000.0,6.500929
475000.0,6.313187
500000.0,6.125445
525000.0,5.985804
550000.0,5.846162
575000.0,5.706521
600000.0,5.566879
625000.0,5.458162
650000.0,5.349445
675000.0,5.240727
700000.0,5.13201
750000.0,4.95679
800000.0,4.78157
850000.0,4.636521
900000.0,4.491471
950000.0,4.368788
1000000.0,4.246104
1200000.0,3.850454
1400000.0,3.541748
1600000.0,3.291314
1800000.0,3.082187
2000000.0,2.903645
2200000.0,2.748543
2400000.0,2.611918
2600000.0,2.490197
2800000.0,2.380736
3000000.0,2.281521
3200000.0,2.190993
3400000.0,2.107917
3600000.0,2.031301
3800000.0,1.960334
4000000.0,1.894349
4200000.0,1.832787
4400000.0,1.775177
4600000.0,1.721118
4800000.0,1.670264
5000000.0,1.622318
5500000.0,1.513553
6000000.0,1.418157
6500000.0,1.333709
7000000.0,1.258367
7500000.0,1.190697
8000000.0,1.129564
8500000.0,1.074052
9000000.0,1.023415
9500000.0,0.9770347
10000000.0,0.9343974
10500000.0,0.8950685
11000000.0,0.8586796
11500000.0,0.8249154
12000000.0,0.7935044
12500000.0,0.7642113
13000000.0,0.7368313
13500000.0,0.7111848
14000000.0,0.6871141
14500000.0,0.6644799
15000000.0,0.6431586
15500000.0,0.6230401
16000000.0,0.6040262
16500000.0,0.586029
17000000.0,0.5689692
17500000.0,0.5527757
18000000.0,0.537384
18500000.0,0.5227359
19000000.0,0.5087783
19500000.0,0.495463
20000000.0,0.4827462
