1e-05,2.077416
1.03125e-05,2.077416
1.0625e-05,2.077416
1.09375e-05,2.077416
1.125e-05,2.077416
1.15625e-05,2.077416
1.1875e-05,2.077416
1.21875e-05,2.077416
1.25e-05,2.077416
1.28125e-05,2.077416
1.3125e-05,2.077416
1.34375e-05,2.077416
1.375e-05,2.077416
1.4375e-05,2.077416
1.5e-05,2.077416
1.5625e-05,2.077416
1.625e-05,2.077416
1.6875e-05,2.077416
1.75e-05,2.077416
1.8125e-05,2.077416
1.875e-05,2.077416
1.9375e-05,2.077416
2e-05,2.077416
2.09375e-05,2.077416
2.1875e-05,2.077416
2.28125e-05,2.077416
2.375e-05,2.077416
2.46875e-05,2.077416
2.5625e-05,2.077416
2.65625e-05,2.077416
2.75e-05,2.077416
2.84375e-05,2.077416
2.9375e-05,2.077416
3.03125e-05,2.077416
3.125e-05,2.077416
3.21875e-05,2.077416
3.3125e-05,2.077416
3.40625e-05,2.077416
3.5e-05,2.077416
3.59375e-05,2.077416
3.6875e-05,2.077416
3.78125e-05,2.077416
3.875e-05,2.077416
3.96875e-05,2.077416
4.0625e-05,2.077416
4.25e-05,2.077416
4.4375e-05,2.077416
4.625e-05,2.077416
4.8125e-05,2.077416
5e-05,2.077416
5.15625e-05,2.077416
5.3125e-05,2.077416
5.46875e-05,2.077416
5.625e-05,2.077416
5.78125e-05,2.077416
5.9375e-05,2.077416
6.09375e-05,2.077416
6.25e-05,2.077416
6.40625e-05,2.077416
6.5625e-05,2.077416
6.71875e-05,2.077416
6.875e-05,2.077416
7.1875e-05,2.077416
7.5e-05,2.077416
7.8125e-05,2.077416
8.125e-05,2.077416
8.4375e-05,2.077416
8.75e-05,2.077416
9.0625e-05,2.077416
9.375e-05,2.077416
9.6875e-05,2.077416
0.0001,2.077416
0.000103125,2.077416
0.00010625,2.077416
0.000109375,2.077416
0.0001125,2.077416
0.000115625,2.077416
0.00011875,2.077416
0.000121875,2.077416
0.000125,2.077416
0.000128125,2.077416
0.00013125,2.077416
0.000134375,2.077416
0.0001375,2.077416
0.00014375,2.077416
0.00015,2.077416
0.00015625,2.077416
0.0001625,2.077416
0.00016875,2.077416
0.000175,2.077416
0.00018125,2.077416
0.0001875,2.077416
0.00019375,2.077416
0.0002,2.077416
0.000209375,2.077416
0.00021875,2.077416
0.000228125,2.077416
0.0002375,2.077416
0.000246875,2.077416
0.00025625,2.077416
0.000265625,2.077416
0.000275,2.077416
0.000284375,2.077416
0.00029375,2.077416
0.000303125,2.077416
0.0003125,2.077416
0.000321875,2.077416
0.00033125,2.077416
0.000340625,2.077416
0.00035,2.077416
0.000359375,2.077416
0.00036875,2.077416
0.000378125,2.077416
0.0003875,2.077416
0.000396875,2.077416
0.00040625,2.077416
0.000425,2.077416
0.00044375,2.077416
0.0004625,2.077416
0.00048125,2.077416
0.0005,2.077416
0.000515625,2.077416
0.00053125,2.077416
0.000546875,2.077416
0.0005625,2.077416
0.000578125,2.077416
0.00059375,2.077416
0.000609375,2.077416
0.000625,2.077416
0.000640625,2.077416
0.00065625,2.077416
0.000671875,2.077416
0.0006875,2.077416
0.00071875,2.077416
0.00075,2.077416
0.00078125,2.077416
0.0008125,2.077416
0.00084375,2.077416
0.000875,2.077416
0.00090625,2.077416
0.0009375,2.077416
0.00096875,2.077416
0.001,2.077416
0.00103125,2.077416
0.0010625,2.077416
0.00109375,2.077416
0.001125,2.077416
0.00115625,2.077416
0.0011875,2.077416
0.00121875,2.077416
0.00125,2.077416
0.00128125,2.077416
0.0013125,2.077416
0.00134375,2.077416
0.001375,2.077416
0.0014375,2.077416
0.0015,2.077416
0.0015625,2.077416
0.001625,2.077416
0.0016875,2.077416
0.00175,2.077416
0.0018125,2.077416
0.001875,2.077416
0.0019375,2.077416
0.002,2.077416
0.00209375,2.077416
0.0021875,2.077416
0.00228125,2.077416
0.002375,2.077416
0.00246875,2.077416
0.0025625,2.077416
0.00265625,2.077416
0.00275,2.077416
0.00284375,2.077416
0.0029375,2.077416
0.00303125,2.077416
0.003125,2.077416
0.00321875,2.077416
0.0033125,2.077416
0.00340625,2.077416
0.0035,2.077416
0.00359375,2.077416
0.0036875,2.077416
0.00378125,2.077416
0.003875,2.077416
0.00396875,2.077416
0.0040625,2.077416
0.00425,2.077416
0.0044375,2.077416
0.004625,2.077416
0.0048125,2.077416
0.005,2.077416
0.00515625,2.077416
0.0053125,2.077416
0.00546875,2.077416
0.005625,2.077416
0.00578125,2.077416
0.0059375,2.077416
0.00609375,2.077416
0.00625,2.077416
0.00640625,2.077416
0.0065625,2.077416
0.00671875,2.077416
0.006875,2.077416
0.0071875,2.077416
0.0075,2.077416
0.0078125,2.077416
0.008125,2.077416
0.0084375,2.077416
0.00875,2.077416
0.0090625,2.077416
0.009375,2.077416
0.0096875,2.077416
0.01,2.077416
0.0103125,2.077416
0.010625,2.077416
0.0109375,2.077416
0.01125,2.077416
0.0115625,2.077416
0.011875,2.077416
0.0121875,2.077416
0.0125,2.077416
0.0128125,2.077416
0.013125,2.077416
0.0134375,2.077416
0.01375,2.077416
0.014375,2.077415
0.015,2.077415
0.015625,2.077415
0.01625,2.077415
0.016875,2.077415
0.0175,2.077415
0.018125,2.077415
0.01875,2.077415
0.019375,2.077415
0.02,2.077415
0.0206625,2.077415
0.021325,2.077415
0.0219875,2.077415
0.02265,2.077415
0.0233125,2.077415
0.023975,2.077415
0.0246375,2.077415
0.0253,2.077415
0.02607188,2.077415
0.02684375,2.077415
0.02761563,2.077415
0.0283875,2.077415
0.02915938,2.077414
0.02993125,2.077414
0.03070313,2.077414
0.031475,2.077414
0.03224688,2.077414
0.03301875,2.077414
0.0345625,2.077414
0.03610625,2.077414
0.03765,2.077414
0.03919375,2.077414
0.0407375,2.077414
0.04228125,2.077414
0.043825,2.077414
0.04536875,2.077413
0.0469125,2.077413
0.04845625,2.077413
0.05,2.077413
0.0515625,2.077413
0.053125,2.077413
0.0546875,2.077413
0.05625,2.077413
0.0578125,2.077413
0.059375,2.077413
0.0609375,2.077412
0.0625,2.077412
0.0640625,2.077412
0.065625,2.077412
0.0671875,2.077412
0.06875,2.077412
0.071875,2.077412
0.075,2.077411
0.078125,2.077411
0.08125,2.077411
0.084375,2.077411
0.0875,2.077411
0.090625,2.07741
0.09375,2.07741
0.096875,2.07741
0.1,2.07741
0.103125,2.07741
0.10625,2.077409
0.109375,2.077409
0.1125,2.077409
0.115625,2.077409
0.11875,2.077409
0.121875,2.077408
0.125,2.077408
0.128125,2.077408
0.13125,2.077408
0.134375,2.077408
0.1375,2.077407
0.14375,2.077407
0.15,2.077407
0.15625,2.077406
0.1625,2.077406
0.16875,2.077405
0.175,2.077405
0.18125,2.077405
0.1875,2.077404
0.19375,2.077404
0.2,2.077403
0.209375,2.077403
0.21875,2.077402
0.228125,2.077401
0.2375,2.077401
0.246875,2.0774
0.25625,2.0774
0.265625,2.077399
0.275,2.077398
0.284375,2.077398
0.29375,2.077397
0.303125,2.077397
0.3125,2.077396
0.321875,2.077395
0.33125,2.077395
0.340625,2.077394
0.35,2.077393
0.359375,2.077393
0.36875,2.077392
0.378125,2.077392
0.3875,2.077391
0.396875,2.07739
0.40625,2.07739
0.425,2.077389
0.44375,2.077387
0.4625,2.077386
0.48125,2.077385
0.5,2.077384
0.53125,2.077382
0.5625,2.07738
0.59375,2.077377
0.625,2.077375
0.65625,2.077373
0.6875,2.077371
0.71875,2.077369
0.75,2.077367
0.78125,2.077365
0.8125,2.077363
0.84375,2.077361
0.875,2.077359
0.9375,2.077355
1.0,2.077351
1.0625,2.077347
1.125,2.077343
1.1875,2.077339
1.25,2.077334
1.3125,2.07733
1.375,2.077326
1.4375,2.077322
1.5,2.077318
1.5625,2.077314
1.625,2.07731
1.6875,2.077306
1.75,2.077302
1.875,2.077294
2.0,2.077285
2.09375,2.077279
2.1875,2.077273
2.28125,2.077267
2.375,2.077261
2.46875,2.077255
2.5625,2.077249
2.65625,2.077242
2.75,2.077236
2.9375,2.077224
3.125,2.077212
3.3125,2.077199
3.5,2.077187
3.6875,2.077175
3.875,2.077163
4.0625,2.07715
4.25,2.077138
4.4375,2.077126
4.625,2.077113
4.8125,2.077101
5.0,2.077089
5.3125,2.077068
5.625,2.077048
5.9375,2.077028
6.25,2.077007
6.5625,2.076987
6.875,2.076966
7.1875,2.076946
7.5,2.076925
7.8125,2.076905
8.125,2.076884
8.4375,2.076864
8.75,2.076844
9.375,2.076803
10.0,2.076762
10.625,2.076721
11.25,2.07668
11.875,2.076639
12.5,2.076598
13.125,2.076558
13.75,2.076517
14.375,2.076476
15.0,2.076435
15.625,2.076394
16.25,2.076354
16.875,2.076313
17.5,2.076272
18.75,2.07619
20.0,2.076109
20.9375,2.076048
21.875,2.075987
22.8125,2.075925
23.75,2.075864
24.6875,2.075803
25.625,2.075742
26.5625,2.075681
27.5,2.07562
29.375,2.075498
31.25,2.075376
33.125,2.075254
35.0,2.075132
36.875,2.07501
38.75,2.074888
40.625,2.074766
42.5,2.074645
44.375,2.074523
46.25,2.074401
48.125,2.07428
50.0,2.074158
53.125,2.073956
56.25,2.073753
59.375,2.073551
62.5,2.073349
65.625,2.073147
68.75,2.072945
71.875,2.072744
75.0,2.072542
78.125,2.072341
81.25,2.072139
84.375,2.071938
87.5,2.071737
93.75,2.071335
100.0,2.070934
106.25,2.070534
112.5,2.070134
118.75,2.069734
125.0,2.069335
131.25,2.068937
137.5,2.068539
143.75,2.068141
150.0,2.067745
156.25,2.067348
162.5,2.066952
168.75,2.066557
175.0,2.066162
187.5,2.065374
200.0,2.064588
209.375,2.064
218.75,2.063413
228.125,2.062827
237.5,2.062242
246.875,2.061659
256.25,2.061076
265.625,2.060495
275.0,2.059915
293.75,2.058758
312.5,2.057605
331.25,2.056457
350.0,2.055313
368.75,2.054174
387.5,2.053039
406.25,2.051908
425.0,2.050782
443.75,2.04966
462.5,2.048543
481.25,2.047429
500.0,2.04632
531.25,2.044481
562.5,2.042653
593.75,2.040836
625.0,2.039031
656.25,2.037238
687.5,2.035455
718.75,2.033683
750.0,2.031923
781.25,2.030173
812.5,2.028434
843.75,2.026705
875.0,2.024987
937.5,2.021582
1000.0,2.018218
1062.5,2.014894
1125.0,2.01161
1187.5,2.008364
1250.0,2.005157
1312.5,2.001987
1375.0,1.998853
1437.5,1.995756
1500.0,1.992694
1562.5,1.989667
1625.0,1.986675
1687.5,1.983716
1750.0,1.98079
1875.0,1.975035
2000.0,1.969407
2093.75,1.965265
2187.5,1.961191
2281.25,1.957181
2375.0,1.953235
2468.75,1.949352
2562.5,1.945528
2656.25,1.941764
2750.0,1.938058
2937.5,1.930814
3125.0,1.923785
3312.5,1.916963
3500.0,1.910337
3687.5,1.903899
3875.0,1.897642
4062.5,1.891557
4250.0,1.885638
4437.5,1.879878
4625.0,1.87427
4812.5,1.868808
5000.0,1.863486
5312.5,1.854914
5625.0,1.846694
5937.5,1.838802
6250.0,1.831221
6562.5,1.823931
6875.0,1.816915
7187.5,1.810157
7500.0,1.803644
7812.5,1.797362
8125.0,1.791297
8437.5,1.78544
8750.0,1.779778
9062.5,1.774302
9375.0,1.769002
9687.5,1.76387
10000.0,1.758898
10312.5,1.754077
10625.0,1.749401
10937.5,1.744863
11250.0,1.740456
11562.5,1.736175
11875.0,1.732014
12187.5,1.727968
12500.0,1.724032
12812.5,1.7202
13125.0,1.716469
13437.5,1.712835
13750.0,1.709293
14375.0,1.702473
15000.0,1.69598
15625.0,1.68979
16250.0,1.68388
16875.0,1.678231
17500.0,1.672824
18125.0,1.667642
18750.0,1.66267
19375.0,1.657894
20000.0,1.653301
20468.75,1.64997
20937.5,1.646731
21406.25,1.64358
21875.0,1.640513
22812.5,1.634615
23750.0,1.62901
24687.5,1.623673
25625.0,1.618583
26562.5,1.61372
27500.0,1.609065
28437.5,1.604604
29375.0,1.600322
30312.5,1.596206
31250.0,1.592244
32187.5,1.588426
33125.0,1.584741
34062.5,1.581182
35000.0,1.577739
35937.5,1.574405
36875.0,1.571174
37812.5,1.568039
38750.0,1.564993
39687.5,1.562033
40625.0,1.559153
41562.5,1.556347
42500.0,1.553613
43437.5,1.550946
44375.0,1.548341
45312.5,1.545797
46250.0,1.543309
48125.0,1.538491
50000.0,1.533866
51562.5,1.530145
53125.0,1.526534
54687.5,1.523024
56250.0,1.519609
57812.5,1.516279
59375.0,1.513029
60937.5,1.509852
62500.0,1.506743
64062.5,1.503696
65625.0,1.500708
67187.5,1.497774
68750.0,1.494889
70312.5,1.492051
71875.0,1.489257
73437.5,1.486502
75000.0,1.483786
76562.5,1.481104
78125.0,1.478456
79687.5,1.475839
81250.0,1.473252
82812.5,1.470694
84375.0,1.468164
85937.5,1.465662
87500.0,1.463189
89062.5,1.460745
90625.0,1.458334
92187.5,1.455958
93750.0,1.453623
94531.25,1.452473
95312.5,1.451338
96093.75,1.450217
96875.0,1.449114
97656.25,1.44803
98437.5,1.44697
99218.75,1.445935
100000.0,1.444932
100570.3,1.444223
101140.6,1.443535
101710.9,1.442873
102281.2,1.44224
102851.5,1.441641
103421.8,1.44108
103992.1,1.440565
104562.3,1.440103
105132.6,1.439705
105702.9,1.439381
106273.2,1.439148
106843.4,1.439024
107413.7,1.439032
107698.9,1.439096
107984.0,1.439204
108269.2,1.439364
108554.3,1.43958
108839.4,1.43986
109124.5,1.440212
109409.7,1.440646
109694.8,1.441172
109980.0,1.441803
110265.1,1.442555
110550.3,1.443446
110835.4,1.444497
111120.6,1.445735
111405.7,1.44719
111690.9,1.448901
111833.5,1.449866
111976.0,1.450913
112118.6,1.45205
112261.2,1.453286
112403.8,1.454629
112546.3,1.456089
112688.9,1.45768
112831.5,1.459415
112974.1,1.461309
113116.6,1.463377
113259.2,1.465643
113401.7,1.468125
113544.3,1.470854
113686.8,1.473853
113829.4,1.477163
113972.0,1.480821
114114.6,1.484873
114257.1,1.48937
114399.7,1.494384
114542.3,1.499985
114613.6,1.503034
114684.9,1.506265
114756.2,1.509692
114827.4,1.513326
114898.7,1.517194
114970.0,1.521309
115041.3,1.525692
115112.6,1.530365
115183.9,1.535355
115255.2,1.54069
115326.5,1.5464
115397.7,1.552512
115469.0,1.559081
115540.3,1.566144
115611.6,1.57375
115682.8,1.581941
115754.1,1.590804
115825.4,1.600398
115896.7,1.610804
115967.9,1.622098
116039.2,1.634416
116110.5,1.647865
116181.8,1.662584
116253.1,1.678735
116324.4,1.696506
116395.7,1.716117
116467.0,1.737826
116538.2,1.761902
116609.5,1.788773
116645.2,1.803398
116680.8,1.81884
116716.5,1.835253
116752.1,1.852619
116787.8,1.871118
116823.4,1.890738
116859.1,1.911686
116894.7,1.933958
116930.4,1.9578
116966.0,1.983216
117001.7,2.0105
117037.3,2.039669
117072.9,2.070986
117108.5,2.104664
117144.2,2.141047
117179.8,2.180202
117215.5,2.222655
117251.1,2.268515
117286.8,2.318436
117322.4,2.372589
117358.1,2.431794
117393.7,2.496312
117429.4,2.567191
117465.0,2.644823
117500.7,2.730565
117536.3,2.825006
117572.0,2.929932
117607.6,3.046227
117625.4,3.109273
117643.2,3.175903
117661.0,3.246387
117678.8,3.321015
117696.7,3.400563
117714.5,3.484494
117732.3,3.57362
117750.1,3.668361
117768.0,3.76976
117785.8,3.877191
117803.6,3.99176
117821.4,4.114077
117839.3,4.245576
117857.1,4.385537
117874.9,4.53549
117892.7,4.696344
117910.5,4.869104
117928.3,5.054881
117946.1,5.254903
117963.9,5.470533
117981.8,5.704635
117999.6,5.956267
118017.4,6.228528
118035.2,6.523447
118053.1,6.84513
118070.9,7.192442
118088.7,7.569782
118106.5,7.980048
118124.4,8.428973
118142.2,8.914871
118160.0,9.443613
118177.8,10.01875
118195.6,10.6438
118213.4,11.32207
118231.2,12.05646
118249.0,12.84906
118264.7,13.59723
118280.4,14.3909
118296.1,15.22814
118311.8,16.10513
118343.2,17.95084
118374.5,19.83648
118390.2,20.75796
118405.9,21.63405
118421.6,22.43946
118437.3,23.14755
118453.0,23.73217
118468.7,24.16967
118484.4,24.4412
118500.0,24.53459
118515.7,24.44693
118531.4,24.18144
118547.1,23.75048
118562.8,23.17304
118578.5,22.47279
118594.2,21.67583
118609.9,20.8086
118625.5,19.90209
118656.9,18.02834
118688.3,16.19878
118704.0,15.3289
118719.7,14.49801
118735.4,13.7099
118751.0,12.97112
118772.8,12.0135
118783.7,11.56693
118794.6,11.14126
118805.5,10.73589
118816.4,10.35015
118827.3,9.983303
118838.2,9.634572
118849.1,9.303165
118860.0,8.988282
118870.9,8.689128
118881.8,8.404918
118892.7,8.134889
118903.6,7.878299
118925.4,7.402609
118947.2,6.972486
118969.0,6.583059
118990.8,6.229945
119012.6,5.909228
119034.4,5.617423
119056.2,5.351442
119078.0,5.108551
119099.8,4.886332
119121.6,4.682649
119143.4,4.495611
119165.2,4.323548
119187.0,4.164979
119208.8,4.018591
119230.6,3.883219
119252.4,3.757827
119274.2,3.641493
119296.0,3.533393
119317.8,3.432793
119339.6,3.339036
119361.4,3.25153
119383.2,3.169747
119405.0,3.093211
119426.8,3.021491
119448.5,2.954501
119470.3,2.891274
119492.1,2.831811
119513.9,2.775825
119535.7,2.723054
119557.5,2.673261
119579.3,2.626229
119601.1,2.581761
119622.9,2.539676
119666.5,2.46201
119710.1,2.392066
119753.7,2.328864
119797.3,2.271572
119840.9,2.21948
119884.5,2.171982
119928.1,2.128556
119971.7,2.088752
120015.3,2.05218
120058.9,2.018499
120102.5,1.987415
120146.0,1.95873
120189.6,1.932085
120233.2,1.907348
120276.8,1.88434
120320.4,1.862904
120364.0,1.8429
120407.6,1.824202
120451.2,1.8067
120494.8,1.790292
120538.4,1.77489
120582.0,1.760412
120625.6,1.746786
120669.2,1.733945
120712.8,1.721831
120756.4,1.710388
120800.0,1.699568
120843.5,1.689349
120930.7,1.670438
121017.9,1.653393
121105.1,1.637975
121192.2,1.623996
121279.4,1.611252
121366.6,1.599612
121453.8,1.588951
121540.9,1.579171
121628.1,1.570156
121715.3,1.561836
121802.5,1.55414
121889.7,1.547005
121976.9,1.540377
122064.1,1.534208
122151.3,1.528455
122238.4,1.523086
122325.6,1.518056
122412.8,1.513341
122500.0,1.508915
122587.1,1.504757
122674.3,1.500838
122761.5,1.497142
122848.7,1.493652
122935.8,1.490356
123023.0,1.487232
123110.2,1.484272
123284.6,1.478794
123459.0,1.473839
123633.3,1.469342
123807.7,1.465239
123982.0,1.461486
124156.4,1.458037
124330.7,1.454862
124505.1,1.451924
124679.5,1.449201
124853.9,1.44667
125028.2,1.444311
125202.6,1.442105
125377.0,1.440038
125551.4,1.438097
125725.7,1.436271
125900.1,1.434547
126074.5,1.432918
126248.9,1.431374
126423.2,1.42991
126771.9,1.427192
127120.6,1.424717
127469.4,1.422449
127818.1,1.420359
128166.8,1.418421
128515.5,1.416616
128864.3,1.414925
129213.0,1.413336
129561.7,1.411834
129910.4,1.410411
130259.2,1.409056
130607.9,1.407762
130956.7,1.406522
131305.4,1.405332
131654.2,1.404184
132002.9,1.403076
132700.3,1.400963
133397.8,1.398965
134095.2,1.397063
134792.7,1.39524
135490.1,1.393483
136187.6,1.391782
136885.0,1.390127
137582.5,1.388512
138279.9,1.386931
138977.4,1.385378
139674.8,1.38385
141069.7,1.380852
142464.7,1.377915
143859.6,1.375021
145254.5,1.372156
146649.4,1.36931
149439.2,1.363643
152229.0,1.35797
153624.0,1.35512
155018.9,1.352256
156413.8,1.349375
157808.7,1.346474
159203.6,1.343551
160598.5,1.340602
161993.4,1.337627
163388.3,1.334623
164783.3,1.331587
166178.2,1.328519
167573.1,1.325416
168968.0,1.322276
171757.8,1.315878
174547.6,1.309311
177337.5,1.30256
180127.3,1.295609
182917.1,1.288443
185706.9,1.281043
188496.8,1.273392
191286.6,1.265469
194076.4,1.257254
196866.2,1.248724
200000.0,1.238733
204012.8,1.225248
206019.2,1.218188
208025.5,1.2109
210815.4,1.200358
213605.2,1.189305
216395.1,1.177694
219184.9,1.165476
221974.8,1.15259
224764.6,1.138974
227554.4,1.124551
230344.2,1.109238
233134.1,1.092938
235923.9,1.075542
237318.8,1.066393
238713.7,1.056921
240108.6,1.047106
241503.5,1.036928
242898.5,1.026363
244293.4,1.015389
245688.3,1.003978
247083.2,0.9921021
248478.1,0.97973
249873.0,0.9668277
251267.9,0.9533582
252662.8,0.9392808
254057.8,0.92455
255452.7,0.909119
256847.6,0.8929332
258242.5,0.8759334
259637.4,0.8580543
261032.3,0.8392237
262427.2,0.8193618
263822.1,0.79838
265217.1,0.7761784
266612.0,0.7526512
267309.5,0.7403517
268006.9,0.7276757
268704.4,0.7146024
269401.8,0.7011174
270099.3,0.6871978
270796.7,0.6728274
271494.2,0.6579813
272191.6,0.6426415
272889.1,0.6267807
273586.5,0.6103794
274284.0,0.5934078
274981.4,0.5758452
275678.9,0.5576599
276376.4,0.5388273
277073.9,0.51932
277771.3,0.499114
278468.8,0.4781766
279166.2,0.4564889
279863.7,0.4340217
280561.1,0.4107622
281258.6,0.38669
281956.0,0.3618061
282653.5,0.3361084
283350.9,0.3096246
284048.4,0.2823887
284397.1,0.2685129
284745.8,0.2544793
285094.6,0.2402991
285443.3,0.2259989
286140.7,0.1971209
286838.2,0.1680772
287187.0,0.153595
287535.7,0.1392153
287884.5,0.1249954
288233.2,0.1110208
288581.9,0.09737942
288930.6,0.08417999
289279.4,0.07154779
289453.8,0.06549248
289628.1,0.05964255
289802.5,0.05401477
289976.8,0.04864116
290151.2,0.0435434
290325.5,0.03875764
290499.9,0.03431139
290674.3,0.03024351
290848.7,0.02659321
291023.0,0.02340492
291197.4,0.02072157
291371.7,0.01859699
291546.1,0.01708415
291720.4,0.01624517
291894.8,0.01614507
292069.2,0.01685657
292243.6,0.01845832
292417.9,0.02103448
292592.3,0.02468181
292766.6,0.02949853
292853.8,0.0323824
292941.0,0.0356022
293028.2,0.03917358
293115.3,0.04310815
293202.5,0.04743205
293289.7,0.05215883
293376.9,0.0573072
293464.1,0.06289671
293551.3,0.0689478
293638.5,0.07548183
293725.7,0.08252114
293812.8,0.09008011
293900.0,0.0982005
293987.2,0.1068994
294074.4,0.1162037
294161.5,0.1261292
294248.7,0.1367281
294335.9,0.1480197
294423.1,0.1600359
294510.2,0.1727948
294597.4,0.1863604
294684.6,0.2007547
294771.8,0.2160158
294859.0,0.232183
294946.2,0.2492976
295033.4,0.2674028
295120.6,0.2865434
295207.7,0.3067423
295294.9,0.3280947
295382.1,0.3506288
295469.3,0.3743976
295556.4,0.3994266
295643.6,0.4258305
295730.8,0.4536408
295818.0,0.4829193
295905.1,0.513694
295992.3,0.5461019
296079.5,0.5801777
296166.7,0.6159927
296253.9,0.6536206
296341.1,0.6931377
296428.3,0.7346224
296515.5,0.7781559
296602.6,0.8237677
296689.8,0.8716478
296777.0,0.9218327
296864.2,0.9744119
296951.3,1.029412
297038.5,1.087052
297125.7,1.147365
297212.9,1.210446
297300.0,1.276313
297425.0,1.376026
297550.0,1.482105
297675.0,1.59483
297800.0,1.714472
297925.0,1.841292
298050.0,1.975535
298175.0,2.117421
298300.0,2.267142
298425.0,2.424856
298550.0,2.590674
298675.0,2.764656
298800.0,2.946798
298925.0,3.137028
299050.0,3.335191
299175.0,3.54104
299300.0,3.75423
299550.0,4.200704
299800.0,4.669572
300050.0,5.153841
300300.0,5.64462
300550.0,6.13141
300800.0,6.602635
301050.0,7.046406
301300.0,7.451415
301550.0,7.80785
301800.0,8.108168
302050.0,8.347614
302300.0,8.524401
302550.0,8.639568
302800.0,8.696556
303050.0,8.700629
303300.0,8.658227
303550.0,8.576353
303800.0,8.462072
304050.0,8.322114
304300.0,8.162629
304550.0,7.98904
304800.0,7.805987
305050.0,7.617346
305300.0,7.426276
305480.5,7.288258
305661.0,7.151064
305841.5,7.015325
306021.9,6.881628
306202.4,6.750237
306382.8,6.621621
306563.3,6.495886
306743.7,6.373355
306924.2,6.254025
307104.6,6.138113
307285.1,6.025542
307465.5,5.916455
307646.0,5.810726
307826.4,5.708446
308006.9,5.609461
308187.3,5.513828
308367.8,5.421379
308548.2,5.332148
308909.1,5.162843
309270.0,5.005304
309630.9,4.858926
309991.8,4.723138
310172.3,4.659034
310352.7,4.597428
310533.2,4.538198
310713.6,4.481367
310894.1,4.426836
311074.5,4.374634
311255.0,4.324686
311435.5,4.27701
311616.0,4.231608
311796.4,4.188519
311976.9,4.147723
312157.3,4.109314
312337.8,4.073314
312518.2,4.039855
312698.7,4.009018
312879.1,3.980989
313059.6,3.95593
313240.0,3.934111
313420.5,3.915813
313600.9,3.901436
313781.4,3.891444
313871.6,3.888278
313961.8,3.886446
314052.1,3.886047
314142.3,3.887195
314232.5,3.890016
314322.7,3.894653
314413.0,3.901277
314503.2,3.910059
314593.4,3.921215
314683.6,3.934985
314773.9,3.951663
314864.1,3.971527
314954.3,3.994955
315044.5,4.022365
315134.8,4.054275
315225.0,4.091177
315315.2,4.133753
315405.4,4.182764
315495.7,4.239167
315585.9,4.303883
315631.0,4.339757
315676.1,4.378202
315721.2,4.419407
315766.3,4.463577
315811.5,4.511046
315856.6,4.561846
315901.7,4.616345
315946.8,4.674831
315991.9,4.737619
316037.0,4.805051
316082.1,4.8775
316127.2,4.955371
316172.4,5.039297
316217.5,5.129383
316262.6,5.226325
316307.7,5.33068
316352.8,5.443047
316397.9,5.564067
316443.0,5.694422
316488.1,5.834832
316533.3,5.986399
316578.4,6.149231
316623.5,6.324439
316668.6,6.512804
316713.7,6.715073
316758.8,6.931923
316803.9,7.163914
316849.0,7.411429
316896.0,7.686026
316942.9,7.976723
316989.9,8.283951
317036.8,8.604895
317130.7,9.27999
317224.5,9.968647
317271.5,10.30333
317318.4,10.61947
317365.4,10.90899
317412.3,11.16079
317459.3,11.36626
317506.2,11.51586
317553.1,11.60326
317600.0,11.62411
317647.0,11.57691
317693.9,11.46368
317740.9,11.28872
317787.8,11.05998
317834.8,10.78541
317881.7,10.47596
317928.6,10.14094
317975.5,9.789693
318069.4,9.069858
318163.3,8.368688
318210.3,8.035218
318257.2,7.717408
318304.1,7.415906
318351.0,7.1314
318387.0,6.924664
318423.0,6.727961
318459.0,6.541097
318495.0,6.363804
318531.0,6.195754
318567.0,6.03658
318603.0,5.88589
318638.9,5.743666
318674.9,5.608706
318710.9,5.481008
318746.9,5.360173
318782.9,5.245812
318818.9,5.137548
318854.9,5.035021
318890.9,4.93789
318926.8,4.846077
318962.8,4.758763
318998.8,4.675921
319034.8,4.597276
319070.8,4.522572
319142.8,4.384037
319214.7,4.258733
319286.7,4.144782
319358.7,4.041029
319430.7,3.946308
319502.6,3.859718
319574.6,3.78013
319646.6,3.706894
319718.6,3.639332
319790.5,3.576931
319862.5,3.518996
319934.5,3.465159
320006.5,3.415013
320078.4,3.368265
320150.4,3.324468
320222.4,3.283408
320294.4,3.244836
320366.3,3.208579
320438.3,3.174337
320510.2,3.142029
320582.2,3.111407
320654.1,3.082412
320726.1,3.054837
320798.1,3.028607
320870.1,3.003617
320942.0,2.979805
321014.0,2.957019
321086.0,2.935216
321229.9,2.89431
321373.9,2.856534
321517.8,2.821532
321661.8,2.788909
321805.7,2.758419
321949.7,2.729772
322093.6,2.702798
322237.6,2.677278
322381.5,2.653092
322525.5,2.630072
322669.4,2.608133
322813.3,2.587156
322957.2,2.567053
323101.2,2.547732
323245.1,2.529151
323389.1,2.511222
323533.0,2.493916
323677.0,2.47716
323820.9,2.460935
324108.8,2.429879
324396.7,2.400482
324684.6,2.372527
324972.5,2.345835
325260.3,2.320265
325548.2,2.295675
325836.1,2.271968
326124.0,2.249052
326411.8,2.226858
326699.7,2.205302
326987.6,2.184332
327275.5,2.163898
327563.3,2.143958
327851.2,2.124459
328139.1,2.10537
328427.0,2.086658
328714.9,2.068293
329290.7,2.032495
329866.4,1.997788
330442.2,1.963992
331017.9,1.930973
331593.7,1.898589
332169.4,1.866735
332745.2,1.83529
333321.0,1.804159
333896.8,1.773245
334472.5,1.742462
335624.0,1.680904
336199.8,1.64995
336775.5,1.618766
337351.3,1.587248
337927.1,1.555305
338502.9,1.522835
339078.6,1.489739
339654.4,1.455892
340230.2,1.421179
340806.0,1.38547
341381.7,1.34863
341957.5,1.310492
342533.3,1.270895
343109.1,1.229653
343684.8,1.186571
344260.6,1.141408
344548.5,1.117973
344836.3,1.093933
345124.2,1.069237
345412.1,1.043856
345700.0,1.017751
345987.8,0.9908935
346275.7,0.9632216
346563.6,0.9347018
346851.5,0.9052897
347139.4,0.8749398
347427.3,0.843606
347715.2,0.8112419
348003.1,0.7778022
348290.9,0.7432556
348578.8,0.7075378
348866.7,0.6706262
349154.6,0.6324943
349442.4,0.593142
349730.3,0.5525451
350018.2,0.5107445
350306.1,0.4678014
350593.9,0.4238387
350881.8,0.3789973
351169.7,0.3335509
351457.6,0.287878
351745.5,0.2425212
351889.5,0.2201828
352033.4,0.1982487
352177.4,0.1768337
352321.3,0.1561391
352465.3,0.1363388
352609.2,0.1176993
352753.1,0.1004885
352897.0,0.08503882
352969.0,0.07808964
353041.0,0.07173377
353113.0,0.06603139
353184.9,0.06105417
353256.9,0.0568591
353328.9,0.05353054
353400.9,0.05115201
353472.8,0.04981522
353544.8,0.04961467
353616.8,0.05065961
353688.8,0.05306572
353760.7,0.05695191
353832.7,0.06246475
353904.6,0.06973575
353976.6,0.07894439
354048.5,0.09023712
354120.5,0.1038318
354192.5,0.1199158
354264.5,0.1387069
354336.4,0.1604076
354408.4,0.185331
354480.4,0.2137211
354552.4,0.2458702
354588.4,0.2634514
354624.3,0.2820383
354660.3,0.3017769
354696.3,0.3226608
354732.3,0.3447355
354768.3,0.3680479
354804.3,0.3926461
354840.3,0.4185799
354876.3,0.4459005
354912.2,0.4745785
354948.2,0.5048275
354984.2,0.536625
355020.2,0.5700277
355056.1,0.6049938
355092.1,0.6417773
355128.1,0.6803435
355164.1,0.7207539
355200.0,0.7629507
355262.5,0.8411244
355325.0,0.9255725
355387.5,1.016636
355450.0,1.114656
355512.5,1.219974
355575.0,1.332921
355637.5,1.453818
355700.0,1.582968
355762.5,1.720648
355825.0,1.867102
355887.5,2.022535
355950.0,2.187099
356012.5,2.360887
356075.0,2.543917
356137.5,2.73613
356200.0,2.937371
356262.5,3.14738
356325.0,3.365787
356387.5,3.592098
356450.0,3.825692
356575.0,4.311577
356700.0,4.815822
356825.0,5.328835
356950.0,5.839454
357075.0,6.335601
357200.0,6.805141
357325.0,7.236819
357450.0,7.62114
357575.0,7.951048
357700.0,8.222308
357825.0,8.433548
357950.0,8.586009
358075.0,8.683074
358200.0,8.729688
358325.0,8.731762
358450.0,8.69564
358575.0,8.627664
358700.0,8.533858
358825.0,8.419725
358950.0,8.290137
359075.0,8.149298
359200.0,8.000754
359332.5,7.838144
359464.9,7.673117
359597.3,7.507775
359729.7,7.34383
359862.2,7.182459
359994.6,7.024861
360127.0,6.871593
360259.4,6.723114
360391.9,6.57961
360524.3,6.441454
360656.7,6.308589
360789.1,6.180995
360921.6,6.0585
361054.0,5.941169
361186.4,5.828755
361318.8,5.72109
361451.3,5.617913
361583.7,5.519191
361716.1,5.424652
361848.5,5.334103
361981.0,5.247292
362113.4,5.164167
362245.8,5.084481
362378.2,5.008063
362510.7,4.934696
362643.1,4.864332
362775.5,4.796767
362907.9,4.731857
363040.3,4.66947
363172.7,4.609477
363305.1,4.551758
363437.5,4.4962
363702.4,4.391105
363967.2,4.293483
364232.1,4.202558
364496.9,4.117775
364761.8,4.038515
365026.6,3.964342
365291.5,3.89476
365556.3,3.829427
365821.2,3.767941
366086.0,3.710032
366350.9,3.655372
366615.7,3.603748
366880.6,3.554891
367145.4,3.50863
367410.2,3.464758
367675.0,3.423106
367939.9,3.383505
368204.7,3.345844
368469.6,3.309968
368734.4,3.275787
368999.3,3.243169
369264.1,3.212042
369793.8,3.153863
370323.5,3.100624
370853.2,3.051797
371382.9,3.006935
371912.5,2.965665
372442.2,2.927649
372971.9,2.892623
373501.6,2.860353
374031.3,2.830643
374561.0,2.803329
375090.7,2.778274
375620.4,2.755368
376150.0,2.734526
376679.7,2.715677
377209.4,2.69878
377739.1,2.683812
378268.8,2.670771
378798.5,2.659678
379328.2,2.650575
379857.9,2.643529
380387.5,2.638636
380917.2,2.636019
381446.9,2.63584
381976.6,2.6383
382506.3,2.643648
383036.0,2.652187
383565.7,2.664291
384095.4,2.680415
384360.2,2.690151
384625.0,2.701109
384889.9,2.713381
385154.7,2.727057
385419.6,2.742255
385684.4,2.759086
385949.3,2.777694
386214.1,2.798214
386479.0,2.820827
386743.8,2.845698
387008.7,2.873051
387273.5,2.903093
387538.4,2.936101
387803.2,2.972333
388068.1,3.012134
388332.9,3.05583
388597.7,3.103833
388862.5,3.156589
389127.4,3.214619
389392.2,3.278439
389657.1,3.348727
389921.9,3.42613
390186.8,3.511493
390451.6,3.605627
390716.5,3.709574
390981.3,3.824333
391246.2,3.95117
391511.0,4.091276
391775.9,4.246138
392040.7,4.417097
392305.6,4.605779
392570.4,4.813527
392835.2,5.041786
393100.0,5.291705
393318.8,5.515097
393537.5,5.753777
393756.3,6.007646
393975.0,6.275601
394412.5,6.847084
394850.0,7.44442
395068.8,7.740664
395287.5,8.026341
395506.3,8.293948
395725.0,8.534936
395943.8,8.741211
396162.5,8.904913
396381.3,9.019852
396600.0,9.081553
396818.8,9.08811
397037.5,9.040158
397256.3,8.940774
397475.0,8.795267
397693.8,8.610243
397912.5,8.393468
398131.3,8.152568
398350.0,7.89528
398787.5,7.357441
399225.0,6.822895
399443.8,6.565841
399662.5,6.318784
399881.3,6.082864
400100.0,5.859098
400375.0,5.59534
400650.0,5.351152
400925.0,5.125954
401200.0,4.918808
401475.0,4.728571
401750.0,4.554006
402025.0,4.393857
402300.0,4.246896
402575.0,4.111954
402850.0,3.987934
403125.0,3.873827
403400.0,3.768705
403675.0,3.671726
403950.0,3.582128
404225.0,3.499221
404499.9,3.422412
404774.9,3.351088
405049.9,3.284777
405324.9,3.223027
405599.9,3.165435
405874.9,3.111636
406149.9,3.061304
406424.9,3.014143
406699.9,2.969889
406974.9,2.928302
407249.9,2.889165
407524.9,2.852284
407799.9,2.817482
408074.9,2.784597
408349.9,2.753484
408624.9,2.724012
408899.8,2.696069
409174.8,2.669525
409449.8,2.64429
409724.8,2.620273
409999.8,2.59739
410549.8,2.554726
411099.8,2.515754
411649.8,2.480017
412199.8,2.447125
412749.8,2.416745
413299.7,2.388598
413849.7,2.362426
414399.7,2.338023
414949.7,2.315204
415499.6,2.293811
416049.6,2.273696
416599.6,2.254739
417149.6,2.236832
417699.5,2.219881
418249.5,2.203795
418799.5,2.188502
419349.5,2.173935
419899.5,2.160034
420449.5,2.146747
420999.5,2.134026
421549.5,2.121831
422099.4,2.110128
422649.4,2.098881
423199.4,2.088067
423749.4,2.077664
424299.4,2.067657
424849.4,2.058039
425399.4,2.048807
425949.4,2.039972
426499.3,2.031556
427049.3,2.023597
427599.3,2.016162
427874.3,2.012672
428149.3,2.009355
428424.3,2.006233
428699.3,2.003333
428974.3,2.000691
429249.3,1.998347
429524.3,1.996356
429799.3,1.994787
430074.3,1.993725
430349.3,1.993285
430624.3,1.993611
430899.2,1.994898
431036.7,1.995978
431174.2,1.997402
431311.7,1.999216
431449.2,2.001473
431586.7,2.00424
431724.2,2.007591
431861.7,2.011618
431999.2,2.016429
432136.7,2.022154
432274.2,2.02895
432411.7,2.037009
432549.2,2.046567
432686.7,2.057915
432824.2,2.071414
432893.0,2.079115
432961.7,2.087522
433030.4,2.096722
433099.1,2.106801
433167.9,2.117875
433236.6,2.130023
433305.4,2.143409
433374.1,2.15814
433442.9,2.174428
433511.6,2.192422
433580.4,2.212398
433649.1,2.234562
433717.9,2.259285
433786.6,2.286855
433855.4,2.317778
433924.1,2.352464
433992.9,2.391614
434027.3,2.413064
434061.6,2.435829
434096.0,2.460154
434130.4,2.486098
434164.8,2.513798
434199.1,2.543316
434233.5,2.574989
434267.9,2.608918
434302.3,2.645307
434336.6,2.684265
434371.0,2.726269
434405.4,2.771492
434439.8,2.820246
434474.1,2.872722
434508.5,2.929617
434542.9,2.991223
434577.3,3.058033
434611.6,3.130385
434646.0,3.209324
434680.4,3.295355
434714.8,3.389278
434749.1,3.491685
434783.5,3.604195
434817.9,3.727686
434852.3,3.863474
434886.6,4.012598
434921.0,4.177616
434955.4,4.360031
434989.8,4.562003
435024.1,4.785277
435058.5,5.03386
435092.9,5.310137
435110.1,5.459676
435127.3,5.617391
435144.5,5.783727
435161.6,5.958097
435178.8,6.143001
435196.0,6.337913
435213.2,6.543292
435230.3,6.758294
435247.5,6.985854
435264.7,7.225131
435299.0,7.738526
435324.1,8.145553
435349.2,8.579165
435374.3,9.038661
435399.3,9.520386
435449.4,10.54495
435499.5,11.61026
435524.6,12.13773
435549.7,12.64559
435574.8,13.1202
435599.8,13.54541
435624.9,13.91007
435649.9,14.1979
435675.0,14.40004
435700.0,14.50716
435725.1,14.51651
435750.2,14.42844
435775.3,14.2483
435800.3,13.98641
435825.4,13.65253
435850.4,13.26269
435875.5,12.82774
435900.5,12.36454
435950.7,11.39176
436000.8,10.42616
436025.9,9.960964
436050.9,9.515505
436076.0,9.088768
436101.0,8.685649
436128.0,8.275629
436155.0,7.89198
436182.0,7.534165
436209.0,7.201235
436236.0,6.891974
436263.0,6.605016
436290.0,6.33892
436317.0,6.092233
436344.0,5.863528
436371.0,5.651434
436398.0,5.454647
436425.0,5.271947
436452.0,5.102196
436479.0,4.94434
436506.0,4.797408
436533.0,4.66051
436560.0,4.53283
436587.0,4.413621
436614.0,4.302202
436641.0,4.197951
436668.0,4.100301
436695.0,4.008734
436722.0,3.92278
436749.0,3.842008
436776.0,3.766026
436803.0,3.694476
436830.0,3.62703
436857.0,3.563389
436884.0,3.503279
436911.0,3.44645
436938.0,3.392671
436965.0,3.341733
436992.0,3.29344
437019.0,3.247616
437073.0,3.162732
437127.0,3.085917
437181.0,3.016185
437235.0,2.95269
437289.0,2.894707
437343.0,2.841612
437397.0,2.792866
437451.0,2.748
437505.0,2.706608
437559.0,2.668333
437613.0,2.632863
437667.0,2.599926
437721.0,2.569279
437775.0,2.540709
437829.0,2.514026
437883.0,2.489063
437937.0,2.465669
437991.0,2.443711
438045.0,2.423068
438099.0,2.403634
438153.0,2.38531
438207.0,2.368011
438261.0,2.351656
438369.0,2.321503
438477.0,2.294355
438585.0,2.269803
438693.0,2.247503
438801.0,2.227168
438909.0,2.208557
439017.0,2.191462
439125.0,2.175709
439233.0,2.161145
439341.0,2.147643
439449.0,2.135088
439557.0,2.123384
439665.0,2.112444
439773.0,2.102194
439881.0,2.092569
439989.0,2.08351
440097.0,2.074967
440205.0,2.066893
440421.0,2.051995
440637.0,2.038543
440853.0,2.026314
441069.0,2.015127
441285.0,2.004837
441501.0,1.995319
441717.0,1.986472
441933.0,1.978212
442149.0,1.970465
442365.0,1.96317
442581.0,1.956276
442797.0,1.949737
443013.0,1.943513
443229.0,1.937572
443445.0,1.931884
443877.0,1.921165
444309.0,1.911185
444741.0,1.901809
445173.0,1.892929
445605.0,1.884456
446037.0,1.87632
446469.0,1.86846
446901.0,1.860825
447333.0,1.853373
447765.0,1.846067
448197.0,1.838872
449061.0,1.824702
449925.0,1.810656
450789.0,1.796552
451653.0,1.78222
452085.0,1.774916
452517.0,1.76749
452949.0,1.759921
453381.0,1.752184
453813.0,1.744254
454245.0,1.736103
454677.0,1.727702
455109.0,1.719018
455541.0,1.710016
455973.0,1.700655
456405.0,1.690892
456837.0,1.680675
457269.0,1.66995
457701.0,1.658652
458133.0,1.646709
458565.0,1.634041
458781.0,1.627408
458997.0,1.620559
459213.0,1.613483
459429.0,1.606168
459645.0,1.598603
459861.0,1.590776
460077.0,1.582682
460293.0,1.574316
460509.0,1.565681
460725.0,1.556795
460941.0,1.547692
461157.0,1.538441
461373.0,1.529162
461589.0,1.520072
461805.0,1.511546
462021.0,1.504251
462129.0,1.501411
462237.0,1.4994
462345.0,1.498543
462453.0,1.499296
462561.0,1.502311
462615.0,1.504948
462669.0,1.508539
462723.0,1.513274
462777.0,1.519391
462831.0,1.527184
462885.0,1.537022
462939.0,1.549366
462993.0,1.564805
463047.0,1.584093
463101.0,1.608203
463155.0,1.638407
463182.0,1.656299
463209.0,1.676383
463236.0,1.698958
463263.0,1.724371
463290.0,1.753024
463317.0,1.785389
463344.0,1.822019
463371.0,1.863561
463398.0,1.910777
463425.0,1.964567
463452.0,2.025995
463479.0,2.096318
463506.0,2.177026
463533.0,2.269881
463546.5,2.3215
463560.0,2.376963
463573.5,2.436588
463587.0,2.500719
463600.5,2.569725
463614.0,2.644003
463627.5,2.723979
463641.0,2.810106
463654.5,2.902862
463668.0,3.002749
463681.5,3.110289
463695.0,3.226016
463708.5,3.350465
463722.0,3.484163
463735.5,3.627609
463749.0,3.781252
463764.7,3.97324
463780.4,4.179889
463796.1,4.401266
463811.8,4.637013
463827.5,4.886216
463843.2,5.147258
463874.5,5.692261
463890.2,5.970088
463905.9,6.243893
463921.6,6.507233
463937.3,6.752988
463953.0,6.973765
463968.7,7.162416
463984.4,7.312632
464000.0,7.418983
464015.7,7.479827
464031.4,7.493457
464047.1,7.46116
464062.8,7.386179
464078.5,7.273304
464094.2,7.128359
464109.9,6.957665
464125.5,6.76882
464156.9,6.353747
464188.3,5.923729
464204.0,5.712067
464219.7,5.505895
464235.4,5.306848
464251.0,5.117226
464262.9,4.978474
464274.7,4.846118
464286.5,4.719043
464298.3,4.597252
464310.1,4.480693
464321.9,4.36927
464333.7,4.262852
464345.5,4.161287
464357.4,4.063602
464369.2,3.971254
464381.0,3.883216
464392.8,3.799295
464416.4,3.643039
464440.0,3.500993
464463.7,3.371219
464487.3,3.253501
464510.9,3.146072
464534.5,3.04786
464558.2,2.957536
464581.8,2.875002
464605.4,2.799099
464629.0,2.729149
464652.7,2.66429
464676.3,2.604535
464699.9,2.549128
464723.5,2.49765
464747.2,2.449535
464770.8,2.404855
464794.4,2.363105
464818.0,2.324024
464841.7,2.287224
464865.3,2.252805
464912.5,2.189895
464959.8,2.133728
465007.0,2.083487
465054.3,2.038096
465101.5,1.997037
465148.8,1.959546
465196.0,1.925288
465243.3,1.893706
465290.5,1.864584
465337.8,1.837502
465385.0,1.812322
465432.3,1.788719
465479.5,1.766607
465526.8,1.745729
465574.0,1.726034
465668.5,1.689538
465763.0,1.656302
465857.5,1.625688
465952.0,1.597187
466046.5,1.570393
466141.0,1.544973
466235.5,1.520653
466330.0,1.497201
466424.5,1.474423
466519.0,1.45215
466708.0,1.408548
466897.0,1.365395
467086.0,1.321862
467275.0,1.277212
467369.5,1.254251
467464.0,1.230753
467558.5,1.206631
467653.0,1.181797
467747.5,1.156162
467842.0,1.129632
467936.5,1.102109
468031.0,1.073492
468125.5,1.043674
468220.0,1.01254
468314.5,0.9799722
468409.0,0.9458464
468503.5,0.9100327
468598.0,0.8723979
468692.5,0.8328074
468787.0,0.7911298
468881.5,0.7472435
468976.0,0.7010474
469070.5,0.6524777
469165.0,0.6015333
469259.5,0.548316
469354.0,0.493091
469448.5,0.4363825
469543.0,0.3791207
469637.5,0.322873
469684.8,0.2958507
469732.0,0.2702058
469779.3,0.2464006
469826.5,0.225255
469873.8,0.2075892
469921.0,0.1946193
469968.3,0.1877282
469991.9,0.1871209
470015.5,0.1887407
470039.2,0.1929052
470062.8,0.1999082
470086.4,0.2101266
470110.0,0.2239656
470133.7,0.2419592
470157.3,0.2644537
470180.9,0.2920625
470204.5,0.3253852
470228.2,0.3652595
470251.8,0.4120627
470275.4,0.4667165
470299.0,0.5300419
470314.7,0.5773991
470330.4,0.6292446
470346.1,0.6858516
470361.7,0.7470883
470377.4,0.814018
470393.0,0.8860631
470408.7,0.9644202
470424.3,1.048354
470440.0,1.139191
470455.6,1.236005
470471.3,1.340246
470486.9,1.45076
470502.6,1.5691
470518.2,1.693849
470533.9,1.826639
470549.5,1.96575
470565.2,2.112861
470580.9,2.266921
470596.6,2.427656
470612.2,2.593614
470643.5,2.943423
470674.8,3.311422
470706.1,3.691123
470737.4,4.074699
470768.7,4.453415
470800.0,4.81822
470831.4,5.161482
470862.7,5.473361
470894.0,5.74896
470925.3,5.984204
470956.6,6.17709
470987.9,6.327574
471019.2,6.437283
471050.5,6.509129
471081.9,6.546956
471113.2,6.554777
471144.5,6.537147
471175.8,6.498335
471207.1,6.442321
471238.4,6.372698
471269.7,6.292619
471301.0,6.204796
471335.0,6.103271
471369.0,5.997702
471437.0,5.781729
471471.0,5.67402
471505.0,5.567779
471539.0,5.46367
471572.9,5.362464
471606.9,5.263896
471640.9,5.168484
471674.9,5.076356
471708.8,4.987824
471742.8,4.902373
471776.8,4.820232
471810.8,4.74134
471844.7,4.665829
471878.7,4.593156
471912.7,4.523438
471946.7,4.456562
471980.7,4.39241
472014.7,4.330864
472048.7,4.271807
472082.7,4.215125
472116.6,4.160861
472150.6,4.10859
472184.6,4.058369
472218.6,4.010098
472252.5,3.963818
472286.5,3.919164
472320.5,3.876188
472354.5,3.83481
472388.4,3.795066
472456.4,3.719607
472524.4,3.649392
472592.4,3.583936
472660.3,3.522891
472728.3,3.465691
472796.2,3.412158
472864.2,3.361825
472932.1,3.314563
473000.1,3.269983
473068.1,3.227933
473136.1,3.188212
473204.0,3.150691
473272.0,3.115096
473339.9,3.081384
473407.9,3.049321
473475.8,3.018879
473543.8,2.989858
473611.8,2.962202
473679.8,2.935819
473747.7,2.91066
473815.7,2.886575
473883.6,2.863563
473951.6,2.841491
474019.5,2.820365
474087.5,2.800066
474155.5,2.780576
474223.5,2.761848
474291.4,2.743864
474427.3,2.709861
474563.2,2.678278
474699.2,2.648846
474835.1,2.62139
474971.0,2.595698
475106.9,2.571604
475242.8,2.548964
475378.7,2.527646
475514.6,2.507539
475650.5,2.48854
475786.5,2.470545
475922.4,2.4535
476058.3,2.43732
476194.2,2.421938
476330.2,2.407285
476466.1,2.39333
476602.0,2.380013
476737.9,2.367289
476873.9,2.355112
477009.8,2.343461
477145.7,2.332294
477281.6,2.321581
477417.5,2.311294
477553.4,2.301407
477825.2,2.282739
478097.1,2.265404
478368.9,2.249269
478640.8,2.234198
478912.6,2.220095
479184.5,2.206855
479456.3,2.194407
479728.1,2.182673
479999.9,2.17159
480000.1,2.33026
500000.0,2.332646
540000.1,2.33715
600000.0,2.34333
615000.0,2.34736
657500.0,2.358284
700000.0,2.36857
750000.0,2.38539
800000.0,2.40124
900000.0,2.43862
1000000.0,2.47867
1187090.0,2.563222
1374180.0,2.63765
1400000.0,2.64727
1500000.0,2.68324
1750000.0,2.77384
2000000.0,2.85479
2148920.0,2.895632
2190160.0,2.90654
2190161.0,2.90654
2196719.0,2.905248
2203276.0,2.903961
2216391.0,2.9014
2229506.0,2.898856
2242620.0,2.89633
2255735.0,2.893818
2268850.0,2.891322
2295080.0,2.88638
2321310.0,2.881499
2347540.0,2.87668
2373770.0,2.871915
2400000.0,2.86721
2450000.0,2.858373
2500000.0,2.84974
2562500.0,2.83921
2625000.0,2.828971
2687500.0,2.819009
2750000.0,2.80931
2875000.0,2.790604
3000000.0,2.77281
3125000.0,2.760375
3250000.0,2.74848
3402110.0,2.73458
3402112.0,2.734579
3414348.0,2.7307
3426584.0,2.726841
3451056.0,2.719179
3475528.0,2.711592
3500000.0,2.70408
3531250.0,2.694399
3562500.0,2.684837
3625000.0,2.666062
3687500.0,2.647735
3750000.0,2.62984
3812500.0,2.611841
3875000.0,2.594256
4000000.0,2.56026
4030220.0,2.5534
4038943.0,2.550794
4047665.0,2.548196
4065110.0,2.543025
4100000.0,2.53278
4146460.0,2.519092
4192920.0,2.50563
4201460.0,2.501753
4210000.0,2.49789
4237190.0,2.48562
4252893.0,2.479575
4268595.0,2.473567
4300000.0,2.46166
4336228.0,2.447893
4372455.0,2.434317
4444910.0,2.40772
4500000.0,2.38769
4566815.0,2.363194
4633610.0,2.339307
4633630.0,2.3393
4650223.0,2.333903
4666815.0,2.328537
4700000.0,2.3179
4737500.0,2.305192
4775000.0,2.292654
4850000.0,2.26807
4900000.0,2.252034
4925000.0,2.24412
5000000.0,2.22078
5046875.0,2.204102
5093750.0,2.187702
5187500.0,2.155706
5281250.0,2.124739
5375000.0,2.09475
5468750.0,2.064006
5562500.0,2.034225
5656250.0,2.00536
5750000.0,1.97737
5875000.0,1.939582
6000000.0,1.90329
6125000.0,1.86415
6218750.0,1.834763
6312500.0,1.806268
6406250.0,1.778626
6500000.0,1.7518
6707260.0,1.698819
6914520.0,1.64898
7000000.0,1.6287
7164525.0,1.586643
7329050.0,1.54659
7496788.0,1.505308
7664525.0,1.466006
7832263.0,1.428547
8000000.0,1.39281
8158100.0,1.35707
8200000.0,1.34774
8400000.0,1.308337
8600000.0,1.270973
8800000.0,1.2355
9000000.0,1.20178
9100000.0,1.18588
9325000.0,1.150135
9550000.0,1.116282
9775000.0,1.08418
10000000.0,1.0537
10125000.0,1.037746
10250000.0,1.022224
10375000.0,1.007119
10459900.0,0.9970881
10500000.0,0.9924133
10625000.0,0.978093
10750000.0,0.9641432
10875000.0,0.9505503
11000000.0,0.937301
11200000.0,0.919591
11204500.0,0.919193
11204530.0,0.9191903
11341880.0,0.9067944
11479220.0,0.8947128
11500000.0,0.8929114
11616560.0,0.882933
11753900.0,0.871444
11876950.0,0.8461466
12000000.0,0.821833
12125000.0,0.8156624
12250000.0,0.8096006
12375000.0,0.8036448
12500000.0,0.797792
12618800.0,0.800732
12625000.0,0.8008849
12750000.0,0.8039592
12875000.0,0.8070152
13000000.0,0.810053
13125000.0,0.8017658
13250000.0,0.7936407
13375000.0,0.7856731
13500000.0,0.7778584
13625000.0,0.7701925
13750000.0,0.7626711
13875000.0,0.7552902
14000000.0,0.748046
14125000.0,0.7450212
14250000.0,0.7420352
14375000.0,0.7390871
14500000.0,0.736176
14625000.0,0.7346794
14750000.0,0.7331986
14875000.0,0.7317332
15000000.0,0.730283
15125000.0,0.7300996
15250000.0,0.7299178
15375000.0,0.7297375
15500000.0,0.7295587
15625000.0,0.7293813
15750000.0,0.7292055
15875000.0,0.729031
16000000.0,0.728858
16125000.0,0.7304679
16250000.0,0.7320689
16375000.0,0.7336611
16500000.0,0.7352446
16625000.0,0.7368195
16750000.0,0.738386
16875000.0,0.7399441
17000000.0,0.741494
17125000.0,0.7441298
17250000.0,0.7467557
17375000.0,0.7493718
17500000.0,0.7519782
17625000.0,0.754575
17750000.0,0.7571623
17875000.0,0.7597403
18000000.0,0.762309
18125000.0,0.7659528
18250000.0,0.7695889
18375000.0,0.7732172
18500000.0,0.7768378
18625000.0,0.7804508
18750000.0,0.7840563
18875000.0,0.7876544
19000000.0,0.791245
19125000.0,0.7955539
19250000.0,0.799858
19375000.0,0.8041573
19500000.0,0.8084518
19625000.0,0.8127416
19750000.0,0.8170267
19875000.0,0.8213072
20000000.0,0.825583
