1e-05,8.823427
1.030118e-05,8.823426
1.060235e-05,8.823424
1.086478e-05,8.823423
1.11272e-05,8.823422
1.12047e-05,8.823422
1.150588e-05,8.823421
1.180705e-05,8.82342
1.23268e-05,8.823418
1.24094e-05,8.823417
1.271059e-05,8.823417
1.301178e-05,8.823417
1.35839e-05,8.823417
1.361415e-05,8.823417
1.368945e-05,8.823417
1.376475e-05,8.823417
1.391534e-05,8.823417
1.421653e-05,8.823417
1.48189e-05,8.823417
1.4909e-05,8.823417
1.516514e-05,8.823417
1.542127e-05,8.823417
1.602363e-05,8.823417
1.6285e-05,8.823417
1.662599e-05,8.823417
1.722835e-05,8.823417
1.77231e-05,8.823417
1.843308e-05,8.823417
1.92043e-05,8.823417
1.96378e-05,8.823417
2e-05,8.823417
2.07401e-05,8.823417
2.111418e-05,8.823417
2.167127e-05,8.823417
2.222835e-05,8.823417
2.28829e-05,8.823417
2.334253e-05,8.823417
2.389962e-05,8.823417
2.44567e-05,8.823417
2.50923e-05,8.823417
2.566143e-05,8.823417
2.686615e-05,8.823417
2.73571e-05,8.823417
2.807088e-05,8.823417
2.92756e-05,8.823417
2.96656e-05,8.823418
3.048033e-05,8.823418
3.168505e-05,8.82342
3.20064e-05,8.82342
3.288978e-05,8.823421
3.40945e-05,8.823422
3.55732e-05,8.823423
3.650395e-05,8.823424
3.770868e-05,8.823426
3.89134e-05,8.823427
3.91136e-05,8.823427
3.966592e-05,8.823426
4.021823e-05,8.823425
4.132285e-05,8.823424
4.26713e-05,8.823423
4.37323e-05,8.823422
4.50042e-05,8.823421
4.614175e-05,8.82342
4.734648e-05,8.823418
4.85512e-05,8.823417
4.97275e-05,8.823417
5e-05,8.823417
5.102363e-05,8.823417
5.204725e-05,8.823417
5.40945e-05,8.823417
5.42652e-05,8.823417
5.473434e-05,8.823417
5.520348e-05,8.823417
5.614175e-05,8.823417
5.8189e-05,8.823417
5.85742e-05,8.823417
5.958632e-05,8.823417
6.059843e-05,8.823417
6.300785e-05,8.823417
6.44832e-05,8.823417
6.541728e-05,8.823417
6.78267e-05,8.823417
6.98846e-05,8.823417
7.26456e-05,8.823417
7.453975e-05,8.823417
7.64339e-05,8.823417
7.74645e-05,8.823417
7.987395e-05,8.823417
8.22834e-05,8.823417
8.41336e-05,8.823417
8.71023e-05,8.823417
9.032673e-05,8.823417
9.172441e-05,8.823417
9.355115e-05,8.823417
9.677558e-05,8.823417
0.0001,8.823417
0.000103189,8.823417
0.000106378,8.823417
0.000110582,8.823417
0.0001111968,8.823417
0.0001136062,8.823417
0.0001160155,8.823417
0.0001208343,8.823417
0.000121518,8.823417
0.0001235855,8.823417
0.000125653,8.823417
0.000130472,8.823417
0.000132751,8.823417
0.000135291,8.823417
0.0001397565,8.823417
0.000144222,8.823417
0.000144929,8.823417
0.0001473385,8.823417
0.000149748,8.823417
0.000154567,8.823417
0.000155876,8.823417
0.0001600405,8.823417
0.000164205,8.823417
0.0001686794,8.823418
0.0001731538,8.823419
0.000173478,8.823419
0.0001745561,8.823419
0.0001756342,8.82342
0.0001777903,8.82342
0.0001821025,8.823421
0.0001865769,8.823422
0.0001910513,8.823423
0.000191373,8.823424
0.0001924514,8.823424
0.0001935298,8.823424
0.0001956865,8.823425
0.0002,8.823426
0.000202756,8.823426
0.000209011,8.823426
0.0002123938,8.823426
0.0002220315,8.823426
0.000226621,8.823426
0.0002316693,8.823426
0.000241307,8.823426
0.000250183,8.823426
0.0002509448,8.823426
0.0002533543,8.823426
0.0002557637,8.823426
0.0002605825,8.823426
0.0002702203,8.823426
0.000272802,8.823426
0.000279858,8.823426
0.0002894958,8.823426
0.0002991335,8.823426
0.000304177,8.823426
0.000318409,8.823426
0.000333195,8.823426
0.0003376848,8.823426
0.0003473227,8.823426
0.0003569605,8.823426
0.000368779,8.823426
0.0003762363,8.823426
0.0003858742,8.823426
0.000395512,8.823426
0.00040946,8.823424
0.0004147875,8.823423
0.000434063,8.823421
0.000439741,8.82342
0.0004533385,8.823419
0.000472614,8.823416
0.000479048,8.823416
0.0005,8.823418
0.0005158524,8.823419
0.0005317048,8.82342
0.000545254,8.82342
0.0005634095,8.823421
0.0005792619,8.823422
0.0005951143,8.823423
0.000608035,8.823424
0.000626819,8.823425
0.0006460945,8.823425
0.00066537,8.823425
0.000666104,8.823425
0.0006684676,8.823425
0.0006708312,8.823425
0.0006755583,8.823425
0.0006850125,8.823425
0.000703921,8.823425
0.000720621,8.823425
0.000737321,8.823425
0.000742472,8.823425
0.0007617475,8.823425
0.000781023,8.823425
0.000799885,8.823425
0.0008187469,8.823425
0.0008195743,8.823425
0.0008219838,8.823425
0.0008243933,8.823425
0.0008292122,8.823425
0.00083885,8.823425
0.0008581256,8.823425
0.000879362,8.823425
0.0008966769,8.823425
0.0009352281,8.823424
0.000958052,8.823424
0.001,8.823424
0.001030455,8.823424
0.00106091,8.823424
0.001091365,8.823424
0.00112182,8.823423
0.001152275,8.823423
0.00118273,8.823423
0.001213185,8.823423
0.00124364,8.823423
0.001282192,8.823422
0.001320743,8.823422
0.001359294,8.823422
0.001397845,8.823422
0.001436397,8.823422
0.001474948,8.823421
0.001513499,8.823421
0.00155205,8.823421
0.001590602,8.823421
0.001629153,8.82342
0.001667704,8.82342
0.001706255,8.82342
0.001783358,8.82342
0.00186046,8.823419
0.00193023,8.823419
0.002,8.823418
0.002059659,8.823418
0.002119318,8.823418
0.002178977,8.823417
0.002238635,8.823417
0.002298294,8.823417
0.002357953,8.823416
0.002417612,8.823416
0.00247727,8.823416
0.002554373,8.823415
0.002631475,8.823415
0.002708578,8.823414
0.00278568,8.823414
0.002862783,8.823414
0.002939885,8.823413
0.003016988,8.823413
0.00309409,8.823412
0.003171193,8.823412
0.003248295,8.823411
0.003325398,8.823411
0.0034025,8.82341
0.003556705,8.82341
0.00371091,8.823409
0.003865115,8.823409
0.00401932,8.82341
0.004173525,8.82341
0.00432773,8.823411
0.004481935,8.823411
0.00463614,8.823412
0.004790345,8.823413
0.00494455,8.823413
0.005,8.823413
0.005147274,8.823412
0.005294548,8.823411
0.005441822,8.823411
0.005589095,8.82341
0.005736369,8.823409
0.005883643,8.823409
0.006030917,8.823408
0.00617819,8.823407
0.006332394,8.823406
0.006486598,8.823406
0.006640802,8.823405
0.006795005,8.823404
0.007103413,8.823403
0.00741182,8.823401
0.00772023,8.823401
0.00802864,8.8234
0.00833705,8.8234
0.00864546,8.8234
0.00904663,8.823399
0.00926228,8.823399
0.00957069,8.823399
0.0098791,8.823399
0.01,8.823398
0.0102933,8.823398
0.0105866,8.823398
0.0108799,8.823398
0.01117319,8.823398
0.01146649,8.823398
0.01175978,8.823397
0.01205308,8.823397
0.01234637,8.823397
0.01265478,8.823395
0.01296319,8.823394
0.0130699,8.823393
0.01332496,8.823392
0.01358001,8.823391
0.01419683,8.823388
0.01481365,8.823385
0.01543047,8.823384
0.01604729,8.823384
0.01666411,8.823383
0.0170933,8.823383
0.01728093,8.823382
0.01789775,8.823382
0.01851457,8.823381
0.01913139,8.82338
0.0197482,8.82338
0.02,8.823379
0.02058535,8.823377
0.02117069,8.823375
0.02175604,8.823374
0.02234138,8.823372
0.02292673,8.82337
0.02351207,8.823368
0.02409741,8.823366
0.02468275,8.823364
0.0251399,8.823363
0.0253,8.823362
0.02583967,8.823361
0.02637933,8.823359
0.02745865,8.823356
0.02853797,8.823353
0.02961729,8.82335
0.03085093,8.823347
0.03208457,8.823345
0.0331865,8.823343
0.03331821,8.823342
0.03362662,8.823342
0.03393503,8.823341
0.03455184,8.82334
0.03578548,8.823337
0.03701912,8.823335
0.03825276,8.823333
0.03948639,8.82333
0.04072003,8.823326
0.04195367,8.823323
0.04318731,8.823319
0.04442094,8.823315
0.04565458,8.823312
0.04688822,8.823308
0.04808401,8.823305
0.0492798,8.823301
0.04935549,8.823301
0.04951662,8.823301
0.04967775,8.8233
0.05,8.8233
0.05115308,8.823297
0.05230615,8.823295
0.0546123,8.823291
0.05691845,8.823287
0.05922459,8.823282
0.06169187,8.823276
0.06415914,8.82327
0.06537301,8.823267
0.06662642,8.823264
0.06909369,8.823258
0.07156097,8.823252
0.07402824,8.823246
0.07649552,8.82324
0.07896279,8.823233
0.08143007,8.823226
0.08389734,8.823219
0.08636462,8.823212
0.08883189,8.823204
0.09129917,8.823197
0.09376644,8.82319
0.0975595,8.823178
0.09870099,8.823175
0.1,8.823173
0.1046098,8.823164
0.1092196,8.823155
0.1138294,8.823146
0.1184392,8.823137
0.1233738,8.823125
0.1283083,8.823112
0.129746,8.823109
0.1332429,8.8231
0.1381774,8.823088
0.143112,8.823076
0.1480465,8.823064
0.1529811,8.823051
0.1579156,8.823039
0.1628502,8.823027
0.1677847,8.823015
0.1727193,8.823003
0.1776538,8.82299
0.1825884,8.822978
0.1875229,8.822966
0.194119,8.82295
0.197392,8.822942
0.2,8.822935
0.2092171,8.822912
0.2184342,8.82289
0.2276513,8.822867
0.2368684,8.822844
0.2467375,8.822821
0.2566066,8.822798
0.258492,8.822793
0.2624839,8.822784
0.2664757,8.822774
0.2763448,8.822751
0.2862139,8.822728
0.296083,8.822705
0.3059521,8.822682
0.3158211,8.822658
0.3256902,8.822634
0.3355593,8.822609
0.3454284,8.822585
0.3552975,8.82256
0.3651666,8.822536
0.3750357,8.822511
0.387238,8.822481
0.3947739,8.822462
0.404643,8.822438
0.4145121,8.822414
0.4243812,8.822389
0.4342503,8.822365
0.4539885,8.822316
0.4737267,8.822267
0.5,8.822204
0.515984,8.822166
0.5329081,8.822125
0.5658162,8.822046
0.5987243,8.821967
0.6316323,8.821887
0.6711087,8.82179
0.7105851,8.821693
0.7500615,8.821596
0.773476,8.821538
0.7895379,8.821498
0.8290143,8.821403
0.8684907,8.821308
0.9079671,8.821213
0.9474434,8.821118
1.0,8.82099
1.03097,8.820914
1.065814,8.82083
1.131628,8.820669
1.197442,8.820509
1.263255,8.820349
1.342208,8.820157
1.421161,8.819964
1.500114,8.819772
1.54595,8.81966
1.579066,8.81958
1.658019,8.819387
1.736972,8.819195
1.815925,8.819003
1.894877,8.81881
2.0,8.818554
2.06094,8.818406
2.131625,8.818234
2.26325,8.817914
2.394875,8.817593
2.526499,8.817273
2.684405,8.816889
2.84231,8.816505
3.000216,8.816121
3.0909,8.8159
3.158121,8.815737
3.316027,8.815353
3.473933,8.814969
3.631839,8.814585
3.789744,8.814201
3.941026,8.813831
4.092308,8.813462
4.12087,8.813392
4.18223,8.813243
4.24359,8.813093
4.394872,8.812724
4.697436,8.811985
5.0,8.811247
5.052988,8.811118
5.210894,8.810734
5.3688,8.81035
5.684611,8.809583
6.000422,8.808816
6.18081,8.808378
6.316233,8.808049
6.632044,8.807279
6.947855,8.80651
7.263666,8.805741
7.579477,8.804972
7.882043,8.804235
8.184608,8.803498
8.24075,8.803362
8.363962,8.803062
8.487174,8.802762
8.789739,8.802026
9.39487,8.800554
10.0,8.799082
10.10597,8.798824
10.42179,8.798054
10.7376,8.797283
11.36922,8.795743
12.00084,8.794204
12.3606,8.793327
12.63246,8.792665
13.26409,8.791126
13.89571,8.789589
14.52733,8.788052
15.15895,8.786515
15.76409,8.78504
16.36922,8.783565
16.4805,8.783294
16.72743,8.782692
16.97435,8.782091
17.57948,8.780617
18.78974,8.777671
20.0,8.774728
20.21192,8.774212
20.84355,8.772673
21.47517,8.771135
22.73841,8.768059
24.00166,8.764986
24.7202,8.763239
25.2649,8.761916
26.52815,8.758837
27.79139,8.755761
29.05464,8.752686
30.31788,8.749614
31.58113,8.746531
32.84437,8.743449
32.96,8.743167
33.24691,8.742468
33.53381,8.741769
34.10762,8.74037
35.37086,8.737293
37.89735,8.731146
40.42384,8.725007
42.81788,8.719166
45.21192,8.713332
47.60596,8.707506
49.4395,8.70305
50.0,8.701688
50.52979,8.700402
51.79304,8.697318
53.05628,8.694237
55.58277,8.688081
58.10926,8.681934
60.63575,8.675795
63.16224,8.669614
65.68873,8.663441
65.919,8.662879
66.49306,8.661478
67.06711,8.660077
68.21522,8.657277
70.74171,8.651122
75.79469,8.638837
80.84766,8.626586
85.63575,8.614881
90.42383,8.603206
95.21192,8.591562
98.878,8.582666
100.0,8.579948
101.0596,8.577381
103.5861,8.571201
106.1126,8.565029
111.1656,8.552711
116.2186,8.540425
121.2715,8.528173
126.3245,8.515756
131.3775,8.503372
131.837,8.502248
132.9854,8.499438
134.1338,8.496631
136.4305,8.491021
141.4834,8.478703
151.5894,8.454163
161.6953,8.429752
170.7103,8.40763
179.7252,8.385609
188.7401,8.363689
197.755,8.341868
200.0,8.336993
202.1191,8.332396
207.1721,8.321208
212.2251,8.310051
222.3311,8.28783
232.4371,8.265731
242.543,8.243754
252.649,8.221182
262.7549,8.19873
263.673,8.196696
265.97,8.191612
268.267,8.186534
272.8609,8.176397
282.9668,8.154182
303.1787,8.110102
323.3906,8.066484
341.4202,8.026336
359.4498,7.986545
377.4794,7.947106
395.509,7.908016
404.2383,7.890761
424.4502,7.849398
444.6621,7.808458
464.874,7.767935
485.0859,7.727824
500.0,7.697289
527.345,7.64187
546.6393,7.606774
565.9336,7.572033
606.3575,7.497306
646.7813,7.424072
682.8403,7.356152
718.8992,7.28936
754.9581,7.223667
791.017,7.159048
808.4765,7.131862
848.9004,7.064629
889.3242,6.998665
929.748,6.933937
970.1718,6.870412
1000.0,6.820826
1054.69,6.731531
1093.279,6.679644
1131.867,6.628746
1212.715,6.51673
1293.563,6.408746
1365.68,6.305701
1437.797,6.205581
1509.914,6.108262
1582.03,6.013631
1616.953,5.977949
1697.801,5.884856
1778.649,5.794794
1859.497,5.707629
1940.344,5.623235
2000.0,5.554823
2109.38,5.432985
2186.557,5.370689
2263.734,5.310511
2344.582,5.240697
2425.43,5.173025
2506.278,5.107407
2587.125,5.043763
2667.973,4.974411
2748.821,4.906881
2910.516,4.777007
3037.288,4.669556
3164.06,4.565862
3233.906,4.526908
3395.602,4.429478
3557.297,4.337243
3718.992,4.240157
3880.687,4.147585
4049.719,4.042622
4218.75,3.941957
4373.11,3.884625
4527.469,3.83044
4645.602,3.781421
4763.735,3.734059
5000.0,3.644022
5174.25,3.581368
5335.946,3.515616
5497.641,3.452274
5659.336,3.391207
5821.031,3.332292
6074.581,3.231134
6328.13,3.13458
6467.813,3.103641
6629.51,3.062739
6791.206,3.023403
6952.902,2.985556
7114.598,2.949127
7437.987,2.869415
7761.375,2.794615
8084.768,2.715314
8408.161,2.640104
8437.5,2.632789
8514.68,2.621436
8591.86,2.610291
8746.219,2.588606
9054.937,2.547543
9378.328,2.501279
9701.718,2.457929
10000.0,2.415358
10348.5,2.368308
10671.89,2.320435
10995.28,2.274703
11318.67,2.230963
11642.06,2.189078
11895.62,2.151985
12149.18,2.115899
12402.74,2.08077
12656.3,2.046549
12935.63,2.026967
13259.02,2.000182
13582.41,1.974644
13905.8,1.950279
14229.19,1.927016
14552.58,1.900612
14875.97,1.875188
15199.36,1.85069
15522.75,1.827066
15846.14,1.800944
16169.53,1.775606
16492.92,1.751009
16816.31,1.727117
16875.0,1.722367
17029.36,1.715467
17183.72,1.708716
17492.44,1.695639
18109.87,1.671104
18756.66,1.643139
19403.44,1.617164
20000.0,1.591468
20697.0,1.563234
21343.78,1.535574
21990.56,1.509304
22637.35,1.481744
23284.13,1.455364
23791.23,1.433006
24298.32,1.411278
24805.41,1.390142
25312.5,1.369566
25871.25,1.356646
26518.04,1.339186
27164.82,1.322477
27811.6,1.306466
28458.38,1.291109
28994.84,1.276798
29531.3,1.262885
30288.4,1.248142
31045.5,1.234095
31692.28,1.220709
32339.06,1.207767
32985.84,1.195242
33632.62,1.183111
33750.0,1.180679
34058.72,1.176488
34367.44,1.172377
34984.88,1.164392
36219.75,1.149304
37513.31,1.132283
38806.87,1.11632
40100.44,1.099398
41394.0,1.083331
42856.6,1.064242
44319.19,1.04603
45781.79,1.027035
47244.38,1.008736
48622.19,0.990427
50000.0,0.9726122
50625.0,0.9646799
51859.88,0.9545236
53094.75,0.9446724
54557.35,0.9317942
56019.94,0.9192552
57482.54,0.9070122
58945.13,0.8950253
60407.73,0.8823713
61870.32,0.8699009
63332.91,0.8575805
64795.5,0.8453781
66147.75,0.8338479
67500.0,0.8223685
70645.88,0.7966562
72108.48,0.7847924
73571.07,0.77287
75033.66,0.7608595
76496.25,0.7487312
77958.85,0.7370534
79421.44,0.7251955
80884.03,0.7131244
82346.62,0.7008055
84375.0,0.6848363
86286.0,0.6635889
88197.0,0.6416663
89367.08,0.6291554
90537.15,0.6163254
91707.22,0.6031478
92877.29,0.5895924
94047.37,0.5772811
95217.45,0.5645242
96387.53,0.5512839
97557.6,0.5375195
98727.68,0.5248091
99897.76,0.5114826
100000.0,0.5104041
100312.5,0.5070755
100625.0,0.503698
101250.0,0.4967918
102237.9,0.4795992
103408.0,0.4600801
104578.0,0.4397142
105748.1,0.4202665
106333.2,0.4101747
106918.2,0.3998271
107503.3,0.3902807
108088.3,0.3804586
108673.4,0.3703476
109258.4,0.3599409
109688.0,0.3530059
110643.3,0.3298205
111120.9,0.3179013
111598.5,0.3057573
112183.6,0.291937
112768.6,0.2777681
113353.7,0.2632401
113938.7,0.2483548
114523.8,0.2345297
115108.8,0.2203497
115693.8,0.2058205
116278.8,0.1909563
116863.9,0.1767444
117448.9,0.162255
117787.0,0.1540359
118125.0,0.1457525
118619.0,0.131624
119204.0,0.1149709
119789.0,0.09835175
120234.0,0.08551905
120596.6,0.07611523
120959.1,0.06690123
121251.6,0.05921508
121544.1,0.05173707
121836.7,0.0439962
121983.0,0.04023914
122129.2,0.03657031
122344.0,0.03079592
122529.1,0.02725952
122714.2,0.02391548
122860.5,0.02104196
123006.7,0.01831627
123153.0,0.01542927
123299.3,0.01271499
123398.0,0.01080384
123445.5,0.01023756
123591.8,0.008427015
123738.0,0.006617714
123884.3,0.00480718
123926.0,0.004263726
124030.5,0.003484923
124103.7,0.002920084
124176.8,0.002356051
124189.0,0.002256564
124250.0,0.002023751
124323.1,0.001738514
124396.2,0.001453183
124453.0,0.001223857
124469.3,0.001219974
124542.5,0.001168208
124579.0,0.001142347
124585.0,0.001136504
124615.6,0.001188196
124652.2,0.001248071
124688.7,0.001307782
124717.0,0.001341949
124761.9,0.001540577
124835.0,0.001844206
124849.0,0.001893759
124908.1,0.002310781
124980.0,0.002806661
124981.2,0.002821349
125054.4,0.003650095
125127.5,0.004477921
125200.6,0.005305755
125244.0,0.005780839
125273.8,0.006334683
125346.9,0.007653572
125493.1,0.01029094
125508.0,0.01053055
125639.4,0.01454632
125712.6,0.01667889
125785.7,0.01898448
125858.8,0.02110698
125931.9,0.02342002
126035.0,0.02646141
126078.2,0.02875698
126151.3,0.03238348
126224.4,0.03623404
126297.6,0.03985573
126370.7,0.04371576
126443.9,0.04732727
126517.0,0.05119791
126563.0,0.05323859
126624.7,0.0578911
126686.3,0.06274373
126747.9,0.06781124
126809.5,0.07310128
126879.7,0.07816108
126949.8,0.08352458
127019.9,0.08921151
127090.0,0.09523517
127102.0,0.09675661
127138.6,0.1006903
127175.2,0.1047223
127248.3,0.113078
127321.4,0.1218516
127394.5,0.1310614
127450.2,0.1369914
127505.8,0.1431832
127617.0,0.1564195
127687.0,0.1689619
127760.2,0.1804333
127833.3,0.1924547
127906.5,0.2050844
127979.6,0.2183145
128062.3,0.2311328
128145.0,0.2448193
128208.6,0.2605065
128272.1,0.2767291
128345.3,0.2930541
128418.4,0.3101645
128491.5,0.3281194
128564.6,0.3469583
128672.0,0.3708708
128764.6,0.4087323
128857.1,0.4482353
128930.3,0.4762774
129003.4,0.5054493
129076.5,0.5358449
129149.6,0.5675236
129222.8,0.5951859
129295.9,0.6242228
129369.1,0.6547831
129442.2,0.6868566
129513.4,0.7132846
129584.6,0.741335
129655.8,0.7710867
129727.0,0.802623
129734.7,0.8092792
129753.0,0.8232133
129771.3,0.8372733
129807.9,0.8657772
129881.0,0.924284
129954.1,0.9849817
130027.2,1.047982
130100.4,1.10376
130173.5,1.16201
130246.6,1.222938
130319.7,1.286683
130392.9,1.341565
130466.0,1.399493
130539.1,1.460703
130612.2,1.525369
130696.6,1.587713
130781.0,1.655203
130904.7,1.868651
130977.9,1.982926
131051.0,2.101754
131124.2,2.22571
131197.3,2.354718
131270.5,2.467337
131343.6,2.585588
131416.7,2.709924
131489.8,2.840661
131563.0,2.951261
131636.1,3.068796
131709.2,3.193772
131782.3,3.326567
131836.0,3.405161
131955.4,3.801441
132074.8,4.222233
132148.0,4.453427
132221.1,4.694658
132294.2,4.946691
132367.3,5.209982
132440.5,5.438457
132513.6,5.678796
132586.8,5.932101
132659.9,6.198107
132660.0,6.198407
132660.3,6.199306
132660.5,6.199905
132661.0,6.201404
132661.9,6.204104
132663.7,6.20951
132667.3,6.220347
132674.5,6.242117
132688.9,6.286053
132717.8,6.375824
132775.5,6.561504
132891.0,6.959578
132952.4,7.347057
133098.7,8.195583
133244.9,9.10287
133391.2,9.904861
133537.4,10.76159
133683.7,11.6683
133829.9,12.61445
133945.0,13.30895
134062.5,14.0269
134180.0,14.74379
134297.5,15.44797
134415.0,16.12669
134561.3,17.04811
134707.5,17.88247
134853.8,18.82637
135000.0,19.63824
135146.3,19.41205
135292.5,19.03142
135438.8,18.80283
135585.0,18.4248
135731.3,18.18231
135877.6,17.81793
136023.9,17.55622
136170.1,17.2113
136316.4,16.96172
136462.6,16.66618
136755.1,15.99799
136986.1,15.50089
137101.6,15.25802
137217.0,15.02339
137340.0,14.68122
137340.2,14.68068
137340.8,14.67875
137341.4,14.67681
137342.5,14.67327
137344.8,14.66587
137349.4,14.65108
137358.5,14.62188
137376.8,14.5634
137413.4,14.4474
137486.5,14.21971
137632.7,13.78114
137779.0,13.36587
137925.2,12.97522
138071.5,12.51294
138217.7,12.07522
138364.0,11.6609
138510.2,11.26975
138656.5,10.81288
138802.8,10.37696
138949.1,9.960915
139095.3,9.563936
139264.7,9.043821
139434.0,8.546127
139557.2,8.397469
139680.3,8.259229
139826.6,8.05227
139972.8,7.858334
140119.1,7.676338
140265.3,7.505761
140411.6,7.303074
140557.9,7.110301
140704.2,6.926814
140850.4,6.752146
140996.7,6.552702
141142.9,6.361037
141289.2,6.176419
141435.4,5.998663
141651.0,5.710431
141835.8,5.593756
142020.5,5.48569
142313.0,5.290592
142605.5,5.11318
142898.0,4.919871
143190.5,4.740669
143483.1,4.548664
143775.6,4.368102
143868.0,4.306734
144114.3,4.231709
144360.6,4.163152
144653.2,4.065582
144945.7,3.975676
145238.2,3.892716
145530.7,3.816095
145823.3,3.721765
146115.8,3.632779
146408.3,3.54867
146700.8,3.469047
146993.3,3.376841
147285.8,3.288454
147578.3,3.203597
147870.8,3.122013
148302.0,2.989161
148671.5,2.931601
149040.9,2.878036
149333.5,2.828993
149626.0,2.782103
149918.5,2.737212
150211.0,2.694195
150519.0,2.643348
150950.1,2.594039
151381.1,2.548008
151966.1,2.47918
152551.1,2.415266
152736.0,2.393214
153228.6,2.361731
153721.2,2.332996
154306.3,2.294992
154891.3,2.260203
155476.4,2.22248
156061.4,2.187405
156646.5,2.147885
157231.5,2.110571
157816.5,2.075271
158401.5,2.041821
158986.6,2.003182
159571.6,1.966118
160156.7,1.930498
160741.7,1.896225
161604.0,1.840546
162342.9,1.816026
163081.8,1.793136
163666.9,1.772305
164251.9,1.752352
164837.0,1.733214
165422.0,1.714847
166038.0,1.693228
166900.1,1.671938
167762.1,1.65199
168932.2,1.622316
170102.3,1.594663
170473.0,1.585135
171457.7,1.571119
172442.4,1.558238
173612.5,1.541333
174782.6,1.525758
175952.7,1.508969
177122.7,1.493281
178292.8,1.475731
179462.9,1.459102
180633.0,1.44332
181803.0,1.428317
183265.6,1.407505
184728.2,1.38771
186190.8,1.366986
187653.4,1.347106
188209.0,1.338924
189532.7,1.327917
190856.4,1.317476
192180.1,1.30756
193503.7,1.298131
195290.4,1.283385
197077.0,1.269391
198215.6,1.278639
199354.1,1.28815
200816.7,1.299071
202279.3,1.310375
203741.9,1.322038
205204.5,1.334034
206667.1,1.345084
208129.7,1.356428
209592.3,1.368048
211054.9,1.379928
212517.5,1.391067
213980.1,1.402437
215442.7,1.414025
216905.3,1.425819
219830.5,1.448412
222755.6,1.471705
225429.8,1.492396
228103.9,1.513568
228606.0,1.517593
229721.6,1.526107
230837.1,1.534692
233068.2,1.552071
235299.3,1.569712
237530.3,1.587596
239761.4,1.604789
241992.4,1.622196
244223.5,1.639804
246454.5,1.657602
248685.6,1.674858
250916.6,1.692281
253147.7,1.709864
255378.7,1.727595
257609.8,1.744901
259840.9,1.762341
264303.0,1.797596
268765.1,1.832389
273227.2,1.867597
277689.4,1.902426
282151.5,1.937598
286613.7,1.972454
291075.8,2.007596
295537.9,2.042476
299999.9,2.077598
300000.1,2.077594
350000.0,2.060324
400000.0,2.053399
500000.0,2.066699
600000.0,2.099099
700000.0,2.145848
800000.0,2.192598
900000.0,2.275905
1000000.0,2.359209
1199999.0,2.609165
1200001.0,2.609171
1350000.0,2.78912
1500000.0,2.96907
1800000.0,3.17894
2000000.0,3.276
2200000.0,3.3
2225605.0,3.265689
2350000.0,3.099
2500000.0,3.028
2650000.0,2.98499
2800000.0,2.952196
3000000.0,2.908471
3200000.0,2.864746
3377500.0,2.82594
3467754.0,2.796787
3500000.0,2.786372
3810000.0,2.68624
3911232.0,2.64474
3936600.0,2.63434
4000000.0,2.60133
4041610.0,2.57198
4480000.0,2.26276
4500000.0,2.255705
4565400.0,2.232636
4585800.0,2.22544
4599034.0,2.21976
4686293.0,2.182311
4707850.0,2.173059
4710300.0,2.172008
4835145.0,2.118427
4876800.0,2.10055
5000000.0,2.055351
5000012.0,2.055347
5006582.0,2.052937
5084400.0,2.024388
5157300.0,1.997643
5219082.0,1.974977
5294022.0,1.947483
5349500.0,1.92713
5492150.0,1.881935
5500000.0,1.879448
5513400.0,1.875203
5552200.0,1.86291
5594700.0,1.850474
5658300.0,1.831863
5659481.0,1.831517
5699520.0,1.819801
5733900.0,1.80974
5743660.0,1.806884
5808333.0,1.78796
5824900.0,1.783112
5857200.0,1.77366
5886353.0,1.765777
5974800.0,1.74186
5979771.0,1.740629
6000000.0,1.73562
6012621.0,1.732495
6056763.0,1.721566
6500000.0,1.61182
7000000.0,1.50768
7500000.0,1.4221
8000000.0,1.33652
8772041.0,1.233653
9000000.0,1.20328
10000000.0,1.09557
10500000.0,1.04964
10999990.0,1.008401
11000000.0,1.0084
11000010.0,1.008399
11838500.0,0.9503112
12000000.0,0.939123
13000000.0,0.879547
14000000.0,0.83213
14500000.0,0.812983
15000000.0,0.796765
16000000.0,0.772828
17000000.0,0.758916
18000000.0,0.752909
19000000.0,0.752805
20000000.0,0.756703
