1e-05,24.79567
1.042326e-05,24.30791
1.084651e-05,23.82016
1.130161e-05,23.35589
1.175671e-05,22.89161
1.224546e-05,22.44979
1.273421e-05,22.00797
1.32584e-05,21.58762
1.378259e-05,21.16726
1.436595e-05,20.75274
1.49493e-05,20.33823
1.557655e-05,19.94375
1.62038e-05,19.54927
1.687742e-05,19.17394
1.755104e-05,18.79861
1.827351e-05,18.4416
1.899598e-05,18.08459
2e-05,17.64507
2.0604e-05,17.38067
2.146852e-05,17.0458
2.233303e-05,16.71093
2.326146e-05,16.39241
2.418988e-05,16.0739
2.518563e-05,15.77102
2.618138e-05,15.46813
2.728952e-05,15.16963
2.839765e-05,14.87113
2.958918e-05,14.58723
3.07807e-05,14.30334
3.206031e-05,14.0334
3.333991e-05,13.76347
3.471232e-05,13.50689
3.608472e-05,13.25032
3.761202e-05,12.99758
3.913932e-05,12.74483
4.078155e-05,12.50456
4.242377e-05,12.2643
4.41874e-05,12.03598
4.595103e-05,11.80765
4.784256e-05,11.59074
4.973408e-05,11.37384
5e-05,11.34686
5.197206e-05,11.14682
5.394412e-05,10.94677
5.620753e-05,10.74392
5.847094e-05,10.54106
6.090168e-05,10.34843
6.333242e-05,10.15579
6.593944e-05,9.972934
6.854645e-05,9.790079
7.144771e-05,9.610211
7.434896e-05,9.430343
7.746853e-05,9.25963
8.05881e-05,9.088917
8.393829e-05,8.926962
8.728848e-05,8.765007
9.088162e-05,8.611433
9.447475e-05,8.457859
0.0001,8.253513
0.0001024721,8.162085
0.0001051379,8.063493
0.0001110713,7.877745
0.0001170046,7.692001
0.0001203061,7.604575
0.0001236077,7.517146
0.0001302107,7.342293
0.000137559,7.177813
0.0001412331,7.095573
0.0001449073,7.013332
0.000153085,6.858735
0.0001612627,6.704138
0.000165813,6.631549
0.0001703634,6.558958
0.000179464,6.41378
0.0001895919,6.277578
0.0001946558,6.209478
0.0001997198,6.141376
0.0002,6.138203
0.0002109907,6.01373
0.0002111309,6.012142
0.0002222617,5.886083
0.0002285332,5.826339
0.0002348048,5.766594
0.0002473479,5.647104
0.0002613067,5.535389
0.0002682861,5.479532
0.0002752655,5.423674
0.0002907999,5.319369
0.0003063342,5.215065
0.000314978,5.166443
0.0003236219,5.117821
0.0003409095,5.020578
0.0003601484,4.930059
0.0003697678,4.884799
0.0003793872,4.83954
0.0004007975,4.755423
0.0004222078,4.671305
0.0004341212,4.63229
0.0004460347,4.593275
0.0004698615,4.515246
0.0005,4.433132
0.0005096357,4.406879
0.0005228938,4.370756
0.0005524028,4.303999
0.0005819117,4.237242
0.0005983315,4.206464
0.0006147513,4.175686
0.0006475909,4.114129
0.000684137,4.057489
0.00070241,4.029168
0.0007206831,4.000848
0.000761354,3.948847
0.0007613541,3.948847
0.000802025,3.896846
0.0008246557,3.873028
0.0008472865,3.84921
0.0008925479,3.801575
0.0009429179,3.758037
0.0009681029,3.736267
0.0009932879,3.714498
0.001,3.709744
0.001049343,3.674792
0.001052699,3.672415
0.001105398,3.635087
0.001136589,3.617021
0.00116778,3.598955
0.001230162,3.562823
0.001284188,3.538598
0.001334296,3.51613
0.001338214,3.514374
0.00139224,3.490149
0.001446266,3.465924
0.00150857,3.445416
0.001566514,3.426343
0.001570874,3.424908
0.001633178,3.4044
0.001695482,3.383892
0.001769944,3.365965
0.001839006,3.349338
0.001844406,3.348038
0.001918868,3.330111
0.00199333,3.312184
0.002,3.311013
0.002084204,3.296227
0.002159062,3.283083
0.002168407,3.281442
0.00225261,3.266656
0.002336813,3.251871
0.002439441,3.238756
0.002534627,3.226591
0.002542069,3.22564
0.002644697,3.212525
0.002747324,3.19941
0.002911116,3.185009
0.002975747,3.179326
0.003074908,3.170608
0.003220734,3.157787
0.0032387,3.156207
0.003402492,3.141806
0.003493372,3.136592
0.003605345,3.130168
0.003786525,3.119774
0.003808197,3.118531
0.00401105,3.106893
0.00410135,3.101712
0.004213902,3.095255
0.004410427,3.088275
0.004439005,3.08726
0.004606951,3.081296
0.004803476,3.074316
0.004814771,3.073915
0.005,3.067336
0.005218811,3.059565
0.005248799,3.0585
0.005497597,3.049664
0.005652722,3.046436
0.005709507,3.045255
0.005921417,3.040845
0.006118099,3.036753
0.006345236,3.032027
0.006636001,3.025977
0.006769055,3.023208
0.007192874,3.01439
0.00753297,3.010466
0.007790915,3.007489
0.007873066,3.006542
0.008213162,3.002617
0.008432324,3.000088
0.008553258,2.998693
0.008893354,2.994769
0.009146128,2.991852
0.00923345,2.990845
0.009573546,2.98692
0.009913642,2.982996
0.01,2.982498
0.01054919,2.979331
0.0107379,2.978243
0.01109837,2.976164
0.01162193,2.973145
0.01164755,2.972998
0.01219673,2.969831
0.01260573,2.967473
0.01274592,2.966664
0.0132951,2.963497
0.01366357,2.961373
0.01384428,2.960331
0.01439346,2.957164
0.0147996,2.956169
0.01509428,2.955446
0.0157951,2.953729
0.01601802,2.953182
0.01649592,2.952011
0.01719673,2.950293
0.01737396,2.949859
0.01789755,2.948575
0.01859837,2.946858
0.01883193,2.946285
0.01929919,2.94514
0.02,2.943422
0.02039769,2.942448
0.02083072,2.941386
0.02166144,2.93935
0.02207699,2.938332
0.02249216,2.937314
0.02332288,2.935278
0.02394582,2.934397
0.02493438,2.932998
0.0253,2.932522
0.02684375,2.931533
0.02744167,2.93115
0.0283875,2.930544
0.02974449,2.929675
0.02993125,2.929555
0.031475,2.928567
0.03221755,2.928091
0.03301875,2.927578
0.0345625,2.926589
0.03486995,2.926392
0.03610625,2.9256
0.03765,2.924611
0.03880565,2.923871
0.03919375,2.923622
0.0407375,2.922634
0.04209058,2.921767
0.04228125,2.921645
0.043825,2.920656
0.04562269,2.919504
0.0469125,2.918678
0.04941593,2.917075
0.05,2.916701
0.05077203,2.916206
0.05348423,2.915909
0.05384878,2.915869
0.05692553,2.915532
0.05801172,2.915413
0.06000228,2.915195
0.06287988,2.91488
0.06307903,2.914858
0.06615578,2.914521
0.06810794,2.914307
0.06923253,2.914184
0.07230928,2.913847
0.07371512,2.913693
0.07538602,2.913509
0.07846277,2.913172
0.07995518,2.913009
0.08153952,2.912835
0.08461627,2.912498
0.08666476,2.912274
0.08769301,2.912161
0.09384651,2.911487
0.09387038,2.911484
0.1,2.910813
0.1015985,2.910638
0.1059915,2.910157
0.1101989,2.909696
0.1119829,2.9095
0.1179744,2.908844
0.1194465,2.908683
0.1239658,2.908187
0.1293777,2.907595
0.1299573,2.907531
0.1359487,2.906875
0.1400291,2.906428
0.1419401,2.906218
0.1479315,2.905562
0.1518827,2.90555
0.1544401,2.905542
0.1609487,2.905522
0.1646282,2.905511
0.1674573,2.905502
0.1739658,2.905483
0.178316,2.905469
0.1804744,2.905463
0.1869829,2.905443
0.1929963,2.905425
0.2,2.905403
0.2093336,2.905375
0.209375,2.905375
0.21875,2.905346
0.2269003,2.905321
0.228125,2.905317
0.2375,2.905289
0.2457656,2.905264
0.246875,2.90526
0.25625,2.905232
0.265625,2.905203
0.2659989,2.905202
0.275,2.905174
0.288516,2.905133
0.29375,2.905117
0.3125,2.90506
0.3127273,2.905059
0.33125,2.905003
0.3387286,2.90498
0.35,2.904946
0.3666154,2.904895
0.36875,2.904888
0.3875,2.904831
0.3976497,2.9048
0.40625,2.904774
0.425,2.904717
0.4310193,2.904698
0.44375,2.90466
0.4625,2.904602
0.4668557,2.904589
0.48125,2.904545
0.5,2.904488
0.505291,2.904472
0.53125,2.904393
0.5480643,2.904341
0.5625,2.904297
0.59375,2.904202
0.6099232,2.904153
0.625,2.904107
0.65625,2.904011
0.661106,2.903996
0.6875,2.903916
0.7160727,2.903829
0.71875,2.903821
0.75,2.903725
0.7750255,2.903649
0.78125,2.90363
0.8125,2.903535
0.8406321,2.903449
0.84375,2.903439
0.875,2.903344
0.9111753,2.903234
0.9375,2.903153
0.9869336,2.903003
1.0,2.902963
1.051458,2.902806
1.098327,2.902663
1.102916,2.902649
1.154374,2.902492
1.18875,2.902387
1.205832,2.902335
1.25729,2.902178
1.289378,2.90208
1.308748,2.902021
1.360206,2.901864
1.397579,2.90175
1.411664,2.901707
1.463122,2.90155
1.513779,2.901395
1.51458,2.901393
1.617496,2.901079
1.638405,2.901015
1.720412,2.900765
1.823328,2.900451
1.911664,2.900451
2.0,2.900451
2.029123,2.900451
2.09375,2.900451
2.1875,2.900451
2.20089,2.900451
2.28125,2.900451
2.375,2.900451
2.385582,2.900451
2.46875,2.900451
2.5625,2.90045
2.583928,2.90045
2.65625,2.90045
2.75,2.90045
2.875571,2.90045
2.9375,2.90045
3.11231,2.90045
3.125,2.90045
3.3125,2.90045
3.37577,2.90045
3.5,2.90045
3.6875,2.90045
3.756786,2.90045
3.875,2.900449
4.0625,2.900449
4.072044,2.900449
4.25,2.900449
4.289569,2.900449
4.4375,2.900449
4.625,2.900449
4.773724,2.900449
4.8125,2.900449
5.0,2.900449
5.177824,2.900448
5.3125,2.900448
5.612331,2.900448
5.625,2.900448
5.912137,2.900448
5.9375,2.900448
6.25,2.900448
6.5625,2.900447
6.579428,2.900447
6.875,2.900447
7.1875,2.900447
7.322034,2.900447
7.5,2.900447
7.8125,2.900446
8.125,2.900446
8.148456,2.900446
8.4375,2.900446
8.75,2.900446
9.068155,2.900445
9.375,2.900445
10.0,2.900445
10.09166,2.900445
10.625,2.900444
11.23068,2.900444
11.25,2.900444
11.875,2.900443
12.18137,2.900443
12.5,2.900443
13.125,2.900442
13.20359,2.900442
13.75,2.900442
14.375,2.900441
14.69385,2.900441
15.0,2.900441
15.625,2.90044
16.25,2.90044
16.35232,2.90044
16.875,2.900439
17.5,2.900439
18.19797,2.900438
18.75,2.900438
20.0,2.900437
20.25194,2.900437
20.9375,2.900436
21.875,2.900436
22.53773,2.900435
22.8125,2.900435
23.75,2.900434
24.4116,2.900434
24.6875,2.900433
25.625,2.900433
26.42135,2.900432
26.5625,2.900432
27.5,2.900431
29.375,2.90043
29.40347,2.90043
31.25,2.900428
32.72218,2.900427
33.125,2.900427
35.0,2.900425
36.41546,2.900424
36.875,2.900424
38.75,2.900423
40.5256,2.900421
40.625,2.900421
42.5,2.90042
43.95613,2.900419
44.375,2.900418
46.25,2.900417
47.64479,2.900416
48.125,2.900415
50.0,2.900414
51.60615,2.900413
53.125,2.900411
55.85477,2.900409
56.25,2.900409
59.00688,2.900407
59.375,2.900407
62.5,2.900404
65.625,2.900402
65.66686,2.900402
68.75,2.900399
71.875,2.900397
73.07854,2.900396
75.0,2.900395
78.125,2.900392
81.25,2.90039
81.32676,2.90039
84.375,2.900387
87.5,2.900385
88.08855,2.900385
93.75,2.90038
95.3407,2.900379
100.0,2.900375
103.4114,2.900373
106.25,2.900371
112.0893,2.900366
112.5,2.900366
118.75,2.900361
121.4088,2.900359
125.0,2.900356
131.25,2.900351
131.4042,2.900351
137.5,2.900346
143.75,2.900342
146.2355,2.90034
150.0,2.900337
156.25,2.900332
162.5,2.900327
162.7408,2.900327
168.75,2.900322
175.0,2.900318
181.109,2.900313
187.5,2.900308
200.0,2.900298
201.5504,2.900297
209.375,2.900291
218.75,2.900284
224.2989,2.90028
228.125,2.900277
237.5,2.900269
243.286,2.900265
246.875,2.900262
256.25,2.900255
263.7018,2.900249
265.625,2.900248
275.0,2.900241
293.4653,2.900226
293.75,2.900226
312.5,2.900212
317.865,2.900208
331.25,2.900197
344.0342,2.900187
350.0,2.900183
368.75,2.900168
373.157,2.900165
387.5,2.900154
404.4712,2.900141
406.25,2.900139
425.0,2.900125
443.75,2.900111
450.123,2.900106
462.5,2.900096
481.25,2.900082
487.5478,2.900077
500.0,2.900067
521.8114,2.90005
527.6866,2.900046
543.6227,2.900034
565.4341,2.900017
587.2454,2.9
620.386,2.9
643.5303,2.9
653.5266,2.9
666.6745,2.9
712.9629,2.9
727.2888,2.9
759.2513,2.9
805.5397,2.9
809.3763,2.9
851.8281,2.9
877.8907,2.9
898.1165,2.9
944.4049,2.9
950.3644,2.9
990.6933,2.9
995.7344,2.902227
996.1222,2.911564
996.2192,2.913899
996.51,2.937943
996.7039,2.971276
996.8493,3.012058
996.8978,3.032432
996.9947,3.073138
997.0917,3.129185
997.1886,3.201061
997.2856,3.292474
997.3825,3.407772
997.4552,3.512922
997.5279,3.636719
997.5764,3.733498
997.6006,3.781788
997.6733,3.950992
997.746,4.147426
997.7703,4.223191
997.8188,4.374409
997.8915,4.63547
997.9642,4.934326
998.0369,5.274853
998.1096,5.661054
998.1581,5.951895
998.1823,6.097015
998.255,6.586855
998.3035,6.952314
998.3277,7.134667
998.4004,7.74446
998.4489,8.195186
998.4731,8.420085
998.5458,9.165163
998.5943,9.710767
998.6185,9.983007
998.6913,10.87654
998.7397,11.52345
998.764,11.84824
998.8367,12.9
998.8851,13.65438
998.9094,14.03313
998.9821,15.24825
999.0306,16.11349
999.0548,16.54522
999.1275,17.92311
999.176,18.90407
999.2244,19.88301
999.3214,21.977
999.4183,24.19577
999.5153,26.52737
999.6122,28.95731
999.7092,31.50164
999.8061,34.04335
1000.0,39.30005
1000.22,45.26434
1062.707,44.62128
1125.193,43.97823
1187.679,43.33518
1250.165,42.69213
1312.652,42.04907
1375.138,41.40602
1437.624,40.76297
1500.11,40.11993
1562.597,39.47687
1625.083,38.83382
1687.569,38.19077
1750.055,37.54772
1875.028,36.26161
2000.0,34.97551
2125.0,34.17182
2250.0,33.36813
2375.0,32.56443
2500.0,31.76074
2625.0,30.95705
2750.0,30.15336
2875.0,29.34966
3000.0,28.54597
3125.0,28.06699
3250.0,27.58802
3375.0,27.10904
3500.0,26.63007
3750.0,25.67211
3762.29,25.62502
4000.0,24.71416
4250.0,24.06113
4500.0,23.40811
4750.0,22.75508
5000.0,22.10205
5250.0,21.62003
5500.0,21.138
5750.0,20.65598
6000.0,20.17395
6250.0,19.79968
6500.0,19.42541
6750.0,19.05114
7000.0,18.67687
7500.0,18.07383
8000.0,17.47079
8500.0,16.97126
9000.0,16.47172
9500.0,16.04969
10000.0,15.62766
10625.0,15.3427
11250.0,15.05774
11875.0,14.77279
12500.0,14.48783
13125.0,14.20287
13750.0,13.91791
14375.0,13.63295
15000.0,13.348
15625.0,13.06304
16250.0,12.77808
16875.0,12.49312
17500.0,12.20816
18750.0,11.63825
18811.5,11.61021
20000.0,11.06833
21250.0,10.8175
22500.0,10.56667
23750.0,10.31584
25000.0,10.06501
26250.0,9.814178
27500.0,9.563347
28750.0,9.312517
30000.0,9.061686
31250.0,8.913064
32500.0,8.764442
33750.0,8.61582
35000.0,8.467198
37500.0,8.169953
40000.0,7.872709
42500.0,7.671038
45000.0,7.469367
47500.0,7.267696
50000.0,7.066025
52500.0,6.918116
55000.0,6.770207
57500.0,6.622297
60000.0,6.474388
62500.0,6.360169
65000.0,6.24595
67500.0,6.131731
70000.0,6.017512
75000.0,5.834612
80000.0,5.651711
85000.0,5.501302
90000.0,5.350892
95000.0,5.224476
100000.0,5.098059
106250.0,4.993352
112500.0,4.888645
118750.0,4.783938
125000.0,4.679232
131250.0,4.574525
137500.0,4.469818
143750.0,4.365111
150000.0,4.260404
156250.0,4.20109
162500.0,4.141776
168750.0,4.082462
175000.0,4.023149
187500.0,3.904521
200000.0,3.785893
212500.0,3.710077
225000.0,3.634261
237500.0,3.558444
250000.0,3.482628
262500.0,3.431185
275000.0,3.379742
287500.0,3.328298
300000.0,3.276855
312500.0,3.240834
325000.0,3.204813
337500.0,3.168792
350000.0,3.132771
375000.0,3.081878
400000.0,3.030984
425000.0,2.995337
450000.0,2.95969
475000.0,2.935443
500000.0,2.911196
525000.0,2.895847
550000.0,2.880497
575000.0,2.872048
600000.0,2.863598
625000.0,2.860747
650000.0,2.857895
675000.0,2.859594
700000.0,2.861293
750000.0,2.872087
800000.0,2.889082
850000.0,2.910975
900000.0,2.937067
950000.0,2.966557
1000000.0,2.998647
1100000.0,3.06872
1200000.0,3.143395
1250000.0,3.181536
1300000.0,3.219677
1337770.0,3.248204
1375540.0,3.27673
1375545.0,3.276686
1400000.0,3.062626
1425000.0,3.053826
1450000.0,3.045026
1475000.0,3.036225
1500000.0,3.027425
1525000.0,3.017565
1550000.0,3.007704
1575000.0,2.997844
1600000.0,2.987983
1700000.0,3.00466
1800000.0,3.015335
1900000.0,3.030743
2000000.0,3.03955
2100000.0,3.047071
2200000.0,3.048491
2300000.0,3.04824
2400000.0,3.042589
2476290.0,3.044006
2500000.0,3.033578
2600000.0,2.986701
2631210.0,2.985808
2631215.0,2.985807
2700000.0,2.968322
2750000.0,2.95408
2800000.0,2.939838
2900000.0,2.919195
3000000.0,2.895652
3039180.0,2.901226
3088940.0,2.907525
3088946.0,2.907519
3100000.0,2.895971
3200000.0,2.79084
3300000.0,2.759858
3400000.0,2.727176
3500000.0,2.700298
3600000.0,2.67202
3693330.0,2.68665
3700000.0,2.684572
3718770.0,2.67882
3718773.0,2.678817
3800000.0,2.584763
3900000.0,2.558214
3944420.0,2.546317
4000000.0,2.517714
4038740.0,2.518001
4038746.0,2.517999
4075530.0,2.507521
4075536.0,2.507518
4200000.0,2.436325
4276350.0,2.420266
4354530.0,2.401831
4400000.0,2.369388
4503730.0,2.365569
4503733.0,2.365568
4527440.0,2.358917
4527442.0,2.358916
4587940.0,2.314155
4587942.0,2.314153
4600000.0,2.300018
4800000.0,2.241442
4832600.0,2.236391
4849050.0,2.233559
4862440.0,2.230189
5000000.0,2.185125
5104330.0,2.174056
5104333.0,2.174055
5123650.0,2.170104
5200000.0,2.129902
5400000.0,2.074147
5600000.0,2.020407
5631930.0,2.012226
5800000.0,1.968977
6000000.0,1.919501
6200000.0,1.871991
6400000.0,1.826153
6600000.0,1.782228
6800000.0,1.739893
7000000.0,1.699155
7085820.0,1.682211
7200000.0,1.659888
7400000.0,1.622071
7410120.0,1.620253
7410127.0,1.620252
7600000.0,1.58561
7686110.0,1.570435
7791880.0,1.551888
7800000.0,1.5505
7990750.0,1.518194
8000000.0,1.516637
8237900.0,1.478268
8485780.0,1.439393
8500000.0,1.437226
8862370.0,1.384119
8862379.0,1.384118
9000000.0,1.364591
9072830.0,1.354624
9270070.0,1.328062
9356590.0,1.316726
9356593.0,1.316726
9500000.0,1.298153
9718525.0,1.271607
9937050.0,1.24506
9937061.0,1.245059
10000000.0,1.237785
10120000.0,1.223762
10298000.0,1.204098
10476000.0,1.184433
10500000.0,1.181888
10543100.0,1.183396
10621800.0,1.186162
10621850.0,1.186155
10810930.0,1.159601
11000000.0,1.133048
11191100.0,1.116054
11382200.0,1.09906
11500000.0,1.089334
11845700.0,1.06212
12000000.0,1.050909
12330600.0,1.028317
12500000.0,1.017609
12888100.0,0.9951965
12888120.0,0.9951954
12950800.0,0.991827
13000000.0,0.9892431
13301300.0,0.9743571
13352000.0,0.9719798
13500000.0,0.9654133
14000000.0,0.9458846
14119100.0,0.9419391
14119160.0,0.9419373
14500000.0,0.9304506
14514900.0,0.9300317
14514960.0,0.9300302
14701500.0,0.9252997
14906200.0,0.9204873
15000000.0,0.9184271
15046300.0,0.9176073
15046380.0,0.9176059
15344300.0,0.9124858
15344380.0,0.9124846
15500000.0,0.9100735
15505000.0,0.9099469
15505030.0,0.9099465
16000000.0,0.9037201
16500000.0,0.9005728
17000000.0,0.8991252
17119800.0,0.8992028
17500000.0,0.9001296
18000000.0,0.9027311
18122000.0,0.9037898
18199400.0,0.9044495
18500000.0,0.9072751
18888400.0,0.9116702
19000000.0,0.9131945
19500000.0,0.9203792
19767300.0,0.9248395
20000000.0,0.9290562
20000010.0,0.9290562
21000000.0,0.94966
22000000.0,0.97417
23000000.0,1.0018
24000000.0,1.0318
25000000.0,1.0633
26000000.0,1.0957
27000000.0,1.1284
28000000.0,1.1608
29000000.0,1.1925
30000000.0,1.2231
31000000.0,1.2524
32000000.0,1.2801
33000000.0,1.3061
34000000.0,1.3304
35000000.0,1.3528
36000000.0,1.3734
37000000.0,1.3921
38000000.0,1.409
39000000.0,1.424
40000000.0,1.4372
41000000.0,1.4486
42000000.0,1.4582
43000000.0,1.4662
44000000.0,1.4726
45000000.0,1.4773
46000000.0,1.4806
47000000.0,1.4825
48000000.0,1.483
49000000.0,1.4822
50000000.0,1.4802
51000000.0,1.4771
52000000.0,1.4729
53000000.0,1.4677
54000000.0,1.4616
55000000.0,1.4545
56000000.0,1.4467
57000000.0,1.4382
58000000.0,1.429
59000000.0,1.4191
60000000.0,1.4087
61000000.0,1.3978
62000000.0,1.3864
63000000.0,1.3745
64000000.0,1.3623
65000000.0,1.3497
66000000.0,1.3368
67000000.0,1.3237
68000000.0,1.3103
69000000.0,1.2967
70000000.0,1.2829
71000000.0,1.269
72000000.0,1.255
73000000.0,1.2409
74000000.0,1.2268
75000000.0,1.2126
76000000.0,1.1983
77000000.0,1.1841
78000000.0,1.1699
79000000.0,1.1558
80000000.0,1.1416
81000000.0,1.1276
82000000.0,1.1135
83000000.0,1.0996
84000000.0,1.0857
85000000.0,1.0721
86000000.0,1.0583
87000000.0,1.0448
88000000.0,1.0314
89000000.0,1.0181
90000000.0,1.005
91000000.0,0.99197
92000000.0,0.9792001
93000000.0,0.9664301
94000000.0,0.95381
95000000.0,0.9415001
96000000.0,0.92919
97000000.0,0.91721
98000000.0,0.90523
99000000.0,0.8935701
100000000.0,0.8819301
102000000.0,0.8593
104000000.0,0.83735
106000000.0,0.81593
108000000.0,0.7953401
110000000.0,0.77543
112000000.0,0.75618
114000000.0,0.7376
116000000.0,0.71951
118000000.0,0.70222
120000000.0,0.68555
122000000.0,0.66949
124000000.0,0.6538801
126000000.0,0.63901
128000000.0,0.6247001
130000000.0,0.6108
132000000.0,0.59759
134000000.0,0.58491
136000000.0,0.57273
138000000.0,0.5609
140000000.0,0.54969
142000000.0,0.53895
144000000.0,0.52852
146000000.0,0.51866
148000000.0,0.50923
150000000.0,0.50006
152000000.0,0.49143
154000000.0,0.48318
156000000.0,0.47517
158000000.0,0.46765
160000000.0,0.46048
162000000.0,0.45351
164000000.0,0.447
166000000.0,0.4408
168000000.0,0.43478
170000000.0,0.42919
172000000.0,0.42388
174000000.0,0.41872
176000000.0,0.41396
178000000.0,0.40946
180000000.0,0.40509
182000000.0,0.40109
184000000.0,0.39721
186000000.0,0.39369
188000000.0,0.3904
190000000.0,0.3872
192000000.0,0.38435
194000000.0,0.3817
196000000.0,0.37915
198000000.0,0.37691
200000000.0,0.37488
