1e-05,6.12
1.03125e-05,6.12
1.0625e-05,6.12
1.09375e-05,6.12
1.125e-05,6.12
1.15625e-05,6.12
1.1875e-05,6.12
1.21875e-05,6.12
1.25e-05,6.12
1.28125e-05,6.12
1.3125e-05,6.12
1.34375e-05,6.12
1.375e-05,6.12
1.4375e-05,6.12
1.5e-05,6.12
1.5625e-05,6.12
1.625e-05,6.12
1.6875e-05,6.12
1.75e-05,6.12
1.8125e-05,6.12
1.875e-05,6.12
1.9375e-05,6.12
2e-05,6.12
2.09375e-05,6.12
2.1875e-05,6.12
2.28125e-05,6.12
2.375e-05,6.12
2.46875e-05,6.12
2.5625e-05,6.12
2.65625e-05,6.12
2.75e-05,6.12
2.84375e-05,6.12
2.9375e-05,6.12
3.03125e-05,6.12
3.125e-05,6.12
3.21875e-05,6.12
3.3125e-05,6.12
3.40625e-05,6.12
3.5e-05,6.12
3.59375e-05,6.12
3.6875e-05,6.12
3.78125e-05,6.12
3.875e-05,6.12
3.96875e-05,6.12
4.0625e-05,6.12
4.25e-05,6.12
4.4375e-05,6.12
4.625e-05,6.12
4.8125e-05,6.12
5e-05,6.12
5.15625e-05,6.12
5.3125e-05,6.12
5.46875e-05,6.12
5.625e-05,6.12
5.78125e-05,6.12
5.9375e-05,6.12
6.09375e-05,6.12
6.25e-05,6.12
6.40625e-05,6.12
6.5625e-05,6.12
6.71875e-05,6.12
6.875e-05,6.12
7.1875e-05,6.12
7.5e-05,6.12
7.8125e-05,6.12
8.125e-05,6.12
8.4375e-05,6.12
8.75e-05,6.12
9.0625e-05,6.12
9.375e-05,6.12
9.6875e-05,6.12
0.0001,6.12
0.000103125,6.12
0.00010625,6.12
0.000109375,6.12
0.0001125,6.12
0.000115625,6.12
0.00011875,6.12
0.000121875,6.12
0.000125,6.12
0.000128125,6.12
0.00013125,6.12
0.000134375,6.12
0.0001375,6.12
0.00014375,6.12
0.00015,6.12
0.00015625,6.12
0.0001625,6.12
0.00016875,6.12
0.000175,6.12
0.00018125,6.12
0.0001875,6.12
0.00019375,6.12
0.0002,6.12
0.000209375,6.12
0.00021875,6.12
0.000228125,6.12
0.0002375,6.12
0.000246875,6.12
0.00025625,6.12
0.000265625,6.12
0.000275,6.12
0.000284375,6.12
0.00029375,6.12
0.000303125,6.12
0.0003125,6.12
0.000321875,6.12
0.00033125,6.12
0.000340625,6.12
0.00035,6.12
0.000359375,6.12
0.00036875,6.12
0.000378125,6.12
0.0003875,6.12
0.000396875,6.12
0.00040625,6.12
0.000425,6.12
0.00044375,6.12
0.0004625,6.12
0.00048125,6.12
0.0005,6.12
0.000515625,6.12
0.00053125,6.12
0.000546875,6.12
0.0005625,6.12
0.000578125,6.12
0.00059375,6.12
0.000609375,6.12
0.000625,6.12
0.000640625,6.12
0.00065625,6.12
0.000671875,6.12
0.0006875,6.12
0.00071875,6.12
0.00075,6.12
0.00078125,6.12
0.0008125,6.12
0.00084375,6.12
0.000875,6.12
0.00090625,6.12
0.0009375,6.12
0.00096875,6.12
0.001,6.12
0.00103125,6.12
0.0010625,6.12
0.00109375,6.12
0.001125,6.12
0.00115625,6.12
0.0011875,6.12
0.00121875,6.12
0.00125,6.12
0.00128125,6.12
0.0013125,6.12
0.00134375,6.12
0.001375,6.12
0.0014375,6.12
0.0015,6.12
0.0015625,6.12
0.001625,6.12
0.0016875,6.12
0.00175,6.12
0.0018125,6.12
0.001875,6.12
0.0019375,6.12
0.002,6.12
0.00209375,6.12
0.0021875,6.12
0.00228125,6.12
0.002375,6.12
0.00246875,6.12
0.0025625,6.12
0.00265625,6.12
0.00275,6.12
0.00284375,6.12
0.0029375,6.12
0.00303125,6.12
0.003125,6.12
0.00321875,6.12
0.0033125,6.12
0.00340625,6.12
0.0035,6.12
0.00359375,6.12
0.0036875,6.12
0.00378125,6.12
0.003875,6.12
0.00396875,6.12
0.0040625,6.12
0.00425,6.12
0.0044375,6.12
0.004625,6.12
0.0048125,6.12
0.005,6.12
0.00515625,6.12
0.0053125,6.12
0.00546875,6.12
0.005625,6.12
0.00578125,6.12
0.0059375,6.12
0.00609375,6.12
0.00625,6.12
0.00640625,6.12
0.0065625,6.12
0.00671875,6.12
0.006875,6.12
0.0071875,6.12
0.0075,6.12
0.0078125,6.12
0.008125,6.12
0.0084375,6.12
0.00875,6.12
0.0090625,6.12
0.009375,6.12
0.0096875,6.12
0.01,6.12
0.0103125,6.12
0.010625,6.12
0.0109375,6.12
0.01125,6.12
0.0115625,6.12
0.011875,6.12
0.0121875,6.12
0.0125,6.12
0.0128125,6.12
0.013125,6.12
0.0134375,6.12
0.01375,6.12
0.014375,6.12
0.015,6.12
0.015625,6.12
0.01625,6.12
0.016875,6.12
0.0175,6.12
0.018125,6.12
0.01875,6.12
0.019375,6.12
0.02,6.12
0.0206625,6.12
0.021325,6.12
0.0219875,6.12
0.02265,6.12
0.0233125,6.12
0.023975,6.12
0.0246375,6.12
0.0253,6.12
0.02607188,6.12
0.02684375,6.12
0.02761563,6.12
0.0283875,6.12
0.02915938,6.12
0.02993125,6.12
0.03070313,6.12
0.031475,6.12
0.03224688,6.12
0.03301875,6.12
0.0345625,6.12
0.03610625,6.12
0.03765,6.12
0.03919375,6.12
0.0407375,6.12
0.04228125,6.12
0.043825,6.12
0.04536875,6.12
0.0469125,6.12
0.04845625,6.12
0.05,6.12
0.0515625,6.12
0.053125,6.12
0.0546875,6.12
0.05625,6.12
0.0578125,6.12
0.059375,6.12
0.0609375,6.12
0.0625,6.12
0.0640625,6.12
0.065625,6.12
0.0671875,6.12
0.06875,6.12
0.071875,6.12
0.075,6.12
0.078125,6.12
0.08125,6.12
0.084375,6.12
0.0875,6.12
0.090625,6.12
0.09375,6.12
0.096875,6.12
0.1,6.12
0.103125,6.12
0.10625,6.12
0.109375,6.12
0.1125,6.12
0.115625,6.12
0.11875,6.12
0.121875,6.12
0.125,6.12
0.128125,6.12
0.13125,6.12
0.134375,6.12
0.1375,6.12
0.14375,6.12
0.15,6.12
0.15625,6.12
0.1625,6.12
0.16875,6.12
0.175,6.12
0.18125,6.12
0.1875,6.12
0.19375,6.12
0.2,6.12
0.209375,6.12
0.21875,6.12
0.228125,6.12
0.2375,6.12
0.246875,6.12
0.25625,6.12
0.265625,6.12
0.275,6.12
0.284375,6.12
0.29375,6.12
0.303125,6.12
0.3125,6.12
0.321875,6.12
0.33125,6.12
0.340625,6.12
0.35,6.12
0.359375,6.12
0.36875,6.12
0.378125,6.12
0.3875,6.12
0.396875,6.12
0.40625,6.12
0.425,6.12
0.44375,6.12
0.4625,6.12
0.5,6.12
0.53125,6.12
0.5625,6.12
0.59375,6.12
0.625,6.12
0.6875,6.12
0.75,6.12
0.8125,6.12
0.875,6.12
0.9375,6.12
1.0,6.12
1.0625,6.12
1.125,6.12
1.1875,6.12
1.25,6.12
1.375,6.12
1.5,6.12
1.625,6.12
1.75,6.12
1.875,6.12
2.0,6.12
2.1875,6.12
2.375,6.12
2.5625,6.12
2.75,6.12
2.9375,6.12
3.125,6.12
3.3125,6.12
3.5,6.12
3.875,6.12
4.25,6.12
4.625,6.12
5.0,6.12
5.3125,6.12
5.625,6.12
5.9375,6.12
6.25,6.12
6.875,6.12
7.5,6.12
8.125,6.12
8.75,6.12
9.375,6.12
10.0,6.12
10.625,6.12
11.25,6.12
11.875,6.12
12.5,6.12
13.75,6.12
15.0,6.12
16.25,6.12
17.5,6.12
18.75,6.12
20.0,6.12
21.875,6.12
23.75,6.12
25.625,6.12
27.5,6.12
29.375,6.12
31.25,6.12
33.125,6.12
35.0,6.12
38.75,6.12
42.5,6.12
46.25,6.12
50.0,6.12
53.125,6.12
56.25,6.12
59.375,6.12
62.5,6.12
68.75,6.12
75.0,6.12
81.25,6.12
87.5,6.12
93.75,6.12
100.0,6.12
110.0,6.12
120.0,6.12
130.0,6.12
139.9999,6.12
140.0001,54.04031
150.0,52.77637
160.0,51.6208
170.0,50.55836
177.5,49.81513
185.0,49.11293
192.5,48.44795
200.0,47.81688
212.5,46.83274
225.0,45.92342
237.5,45.07953
250.0,44.29328
262.5,43.55813
275.0,42.86854
287.5,42.21982
300.0,41.60792
312.5,41.02933
325.0,40.48101
350.0,39.46489
375.0,38.54185
400.0,37.69795
425.0,36.87855
450.0,36.12231
475.0,35.42125
500.0,34.76874
525.0,34.15923
550.0,33.58803
575.0,33.05116
600.0,32.54518
625.0,32.06714
650.0,31.61446
675.0,31.18491
700.0,30.7765
720.0,30.45397
752.5,29.95527
785.0,29.48532
817.5,29.04137
850.0,28.62103
887.5,28.16265
925.0,27.73013
962.5,27.32105
1000.0,26.93331
1062.5,26.39402
1125.0,25.89546
1187.5,25.43254
1250.0,25.00101
1312.5,24.59734
1375.0,24.21853
1437.5,23.86201
1500.0,23.52558
1600.0,23.02444
1700.0,22.56342
1775.0,22.24076
1850.0,21.93578
1925.0,21.64687
2000.0,21.37258
2125.0,20.94464
2250.0,20.54901
2375.0,20.18166
2500.0,19.83923
2625.0,19.51891
2750.0,19.2183
2875.0,18.93539
3000.0,18.66842
3125.0,18.41589
3250.0,18.17649
3375.0,17.94906
3500.0,17.73259
3750.0,17.32908
4000.0,16.95994
4250.0,16.64076
4500.0,16.34534
4750.0,16.07072
5000.0,15.81446
5250.0,15.57449
5500.0,15.34909
5750.0,15.13675
6000.0,14.9362
6250.0,14.74634
6500.0,14.5662
6750.0,14.39494
7000.0,14.23181
7200.0,14.11354
7525.0,13.93016
7850.0,13.75677
8175.0,13.59245
8500.0,13.43638
8875.0,13.26564
9250.0,13.10401
9625.0,12.95065
10000.0,12.80485
10625.0,12.59636
11250.0,12.40289
11875.0,12.22263
12500.0,12.05404
13125.0,11.89583
13750.0,11.74692
14375.0,11.60637
15000.0,11.47338
16000.0,11.27461
17000.0,11.09103
17750.0,10.96213
18500.0,10.83996
19250.0,10.72394
20000.0,10.61352
21250.0,10.44683
22500.0,10.29206
23750.0,10.14778
25000.0,10.01277
26250.0,9.886013
27500.0,9.76665
28750.0,9.653941
30000.0,9.547248
32500.0,9.360697
35000.0,9.191229
37500.0,9.036217
40000.0,8.89358
42500.0,8.760842
45000.0,8.637508
47500.0,8.522442
50000.0,8.414697
54765.8,8.234919
54766.0,8.234912
57383.0,8.143458
60000.0,8.057032
65000.0,7.903106
70000.0,7.763215
74824.9,7.638953
79649.8,7.524265
79650.0,7.52426
80000.0,7.516258
85000.0,7.405972
90000.0,7.303474
95000.0,7.207519
100000.0,7.117652
105000.0,7.032142
105000.3,7.032137
109999.9,6.951388
116915.0,6.846475
116915.6,6.84645
116916.0,6.846434
118448.0,6.787962
120000.0,6.728935
125000.0,6.6379
130000.0,6.551596
140000.0,6.406977
146330.0,6.32504
150000.0,6.279262
160000.0,6.163216
170000.0,6.056336
180000.0,5.957024
190000.0,5.863462
197665.0,5.795913
200000.0,5.775913
210155.0,5.690515
217577.5,5.607599
225000.0,5.528612
237500.0,5.427182
250000.0,5.332677
262500.0,5.244414
275000.0,5.161618
276420.0,5.152399
300000.0,5.00613
324352.8,4.864182
348705.5,4.736117
373058.3,4.61974
397411.0,4.51332
399999.9,4.502
400000.0,4.501997
400000.1,4.501997
404824.0,4.481445
405697.0,4.477752
435909.5,4.3533
466122.0,4.240312
493135.0,4.144103
499999.9,4.120488
500000.0,4.120487
500000.1,4.120487
517000.0,4.065347
523266.0,4.045482
528577.0,4.02883
542896.0,3.984753
545033.0,3.978273
599999.9,3.819668
600000.0,3.819668
600000.1,3.819668
627998.0,3.747608
700000.0,3.575785
715537.0,3.542604
739676.0,3.492441
743860.0,3.483911
751558.0,3.468338
771889.0,3.427946
779993.0,3.412133
780642.0,3.410873
800000.0,3.343581
825824.0,3.284921
855681.0,3.219056
868883.0,3.190561
875890.0,3.175586
877635.0,3.171873
877635.5,3.171868
880387.0,3.144974
880387.6,3.144968
880388.0,3.144964
900000.0,3.080662
915597.0,3.039981
923781.0,3.018842
923781.4,3.018841
959265.0,2.93298
959966.0,2.931309
966374.0,2.916076
996840.0,2.844695
999999.0,2.837388
1000000.0,2.837385
1000001.0,2.837383
1001110.0,2.835251
1008010.0,2.822027
1013090.0,2.812342
1024260.0,2.791196
1063660.0,2.718175
1063662.0,2.71817
1078600.0,2.681743
1078601.0,2.681739
1082060.0,2.668878
1082064.0,2.668865
1091032.0,2.640061
1100000.0,2.611799
1125000.0,2.557923
1150000.0,2.506306
1175000.0,2.456807
1200000.0,2.409298
1236060.0,2.354478
1272120.0,2.302429
1272121.0,2.302427
1283050.0,2.279637
1300000.0,2.237892
1332365.0,2.188514
1364730.0,2.141371
1390350.0,2.103505
1400000.0,2.087806
1446280.0,2.029323
1492560.0,1.974244
1492563.0,1.97424
1500000.0,1.965302
1550000.0,1.928974
1600000.0,1.89444
1601550.0,1.893487
1612750.0,1.885873
1612752.0,1.885871
1627900.0,1.873848
1627903.0,1.873846
1700000.0,1.827247
1750000.0,1.79994
1800000.0,1.773794
1850000.0,1.749235
1900000.0,1.725658
1950000.0,1.704131
2000000.0,1.683407
2062500.0,1.675261
2125000.0,1.667396
2187500.0,1.659794
2250000.0,1.65244
2375000.0,1.650309
2500000.0,1.64829
2625000.0,1.662921
2750000.0,1.676993
3000000.0,1.717051
3125000.0,1.746011
3250000.0,1.774295
3375000.0,1.801944
3500000.0,1.828995
3625000.0,1.859651
3741660.0,1.887763
3750000.0,1.889755
3875000.0,1.919336
4000000.0,1.948419
4179560.0,1.988813
4242640.0,2.002665
4371320.0,2.02922
4500000.0,2.055342
4728070.0,2.096042
4728077.0,2.096043
4743420.0,2.098732
4871710.0,2.119814
5000000.0,2.140551
5200785.0,2.16515
5401570.0,2.189084
5401580.0,2.189085
5500000.0,2.200696
5638010.0,2.210416
5799760.0,2.221775
5920590.0,2.230239
5987250.0,2.2349
6000000.0,2.235791
6005860.0,2.235923
6221560.0,2.240938
6256250.0,2.241772
6311310.0,2.243112
6388540.0,2.245022
6395840.0,2.245204
6500000.0,2.24784
6529930.0,2.247298
6547630.0,2.246983
6579490.0,2.246423
6898380.0,2.24142
6899960.0,2.241398
6945150.0,2.240774
6946620.0,2.240754
6948650.0,2.240726
6956290.0,2.240623
6978850.0,2.240322
7000000.0,2.240044
7013290.0,2.23937
7022390.0,2.238911
7099050.0,2.235085
7122060.0,2.233952
7160480.0,2.232076
7182790.0,2.230996
7212630.0,2.229561
7257000.0,2.22745
7257150.0,2.227443
7270280.0,2.226823
7278810.0,2.226422
7293330.0,2.22574
7311610.0,2.224886
7322570.0,2.224376
7322576.0,2.224376
7347270.0,2.223233
7365070.0,2.222413
7371320.0,2.222127
7371710.0,2.222109
7404880.0,2.220595
7407670.0,2.220468
7414380.0,2.220164
7434480.0,2.219256
7445190.0,2.218774
7460210.0,2.2181
7500000.0,2.216329
7529670.0,2.214104
7897130.0,2.187615
7897135.0,2.187615
7897300.0,2.187603
8000000.0,2.180541
8002650.0,2.180358
8103280.0,2.173516
8299620.0,2.15457
8388360.0,2.146198
8457300.0,2.139774
8500000.0,2.135829
8642240.0,2.121061
8670200.0,2.118196
8683610.0,2.116827
8716320.0,2.113498
8756560.0,2.109426
8845960.0,2.100467
8893650.0,2.095738
9000000.0,2.085313
9054450.0,2.079165
9074760.0,2.076885
9186470.0,2.064469
9212640.0,2.06159
9300210.0,2.052041
9365070.0,2.045047
9416840.0,2.039514
9436300.0,2.037444
9447680.0,2.036237
9500000.0,2.030712
9564750.0,2.023058
9695450.0,2.007832
9696890.0,2.007666
9764730.0,1.99988
9789310.0,1.997078
9858570.0,1.989237
9861410.0,1.988917
9867900.0,1.988187
9873600.0,1.987546
9897770.0,1.984834
9909640.0,1.983506
9993430.0,1.974194
10000000.0,1.973468
10037100.0,1.968911
10041300.0,1.968396
10042800.0,1.968213
10045900.0,1.967833
10061000.0,1.965988
10081500.0,1.96349
10126500.0,1.958035
10142400.0,1.956116
10146300.0,1.955647
10172600.0,1.952485
10176200.0,1.952054
10197700.0,1.94948
10224800.0,1.946249
10236100.0,1.944905
10500000.0,1.914176
11000000.0,1.85491
11500000.0,1.795509
12000000.0,1.736125
12121200.0,1.722072
12121230.0,1.722069
12500000.0,1.679328
12725250.0,1.653259
12950500.0,1.628042
12950520.0,1.62804
13000000.0,1.62253
13250000.0,1.596042
13500000.0,1.57047
13540100.0,1.566227
13540140.0,1.566223
13677000.0,1.55183
13677030.0,1.551827
14000000.0,1.518414
14247800.0,1.495442
14500000.0,1.472446
14747900.0,1.449471
15000000.0,1.426474
15250000.0,1.406501
15500000.0,1.387125
15718050.0,1.369703
15936100.0,1.352735
15936190.0,1.352728
16000000.0,1.347782
16250000.0,1.331177
16500000.0,1.315025
16750000.0,1.298417
17000000.0,1.28226
17250000.0,1.2688
17500000.0,1.255672
17750000.0,1.242212
18000000.0,1.229081
18250000.0,1.21849
18500000.0,1.208133
18750000.0,1.197546
19000000.0,1.18719
19061800.0,1.185195
19123800.0,1.183203
19186000.0,1.181215
19248400.0,1.179229
19311000.0,1.177247
19373800.0,1.175268
19436800.0,1.173293
19500000.0,1.171322
19750000.0,1.16331
20000000.0,1.155452
