1e-05,7.173628
1.03125e-05,7.173628
1.0625e-05,7.173628
1.09375e-05,7.173628
1.125e-05,7.173628
1.15625e-05,7.173628
1.1875e-05,7.173628
1.21875e-05,7.173628
1.25e-05,7.173628
1.28125e-05,7.173628
1.3125e-05,7.173628
1.34375e-05,7.173628
1.375e-05,7.173628
1.4375e-05,7.173628
1.5e-05,7.173628
1.5625e-05,7.173628
1.625e-05,7.173628
1.6875e-05,7.173628
1.75e-05,7.173628
1.8125e-05,7.173628
1.875e-05,7.173628
1.9375e-05,7.173628
2e-05,7.173628
2.09375e-05,7.173628
2.1875e-05,7.173628
2.28125e-05,7.173628
2.375e-05,7.173628
2.46875e-05,7.173628
2.5625e-05,7.173628
2.65625e-05,7.173628
2.75e-05,7.173628
2.84375e-05,7.173628
2.9375e-05,7.173628
3.03125e-05,7.173628
3.125e-05,7.173628
3.21875e-05,7.173628
3.3125e-05,7.173628
3.40625e-05,7.173628
3.5e-05,7.173628
3.59375e-05,7.173628
3.6875e-05,7.173628
3.78125e-05,7.173628
3.875e-05,7.173628
3.96875e-05,7.173628
4.0625e-05,7.173628
4.25e-05,7.173628
4.4375e-05,7.173628
4.625e-05,7.173628
4.8125e-05,7.173628
5e-05,7.173628
5.15625e-05,7.173628
5.3125e-05,7.173628
5.46875e-05,7.173628
5.625e-05,7.173628
5.78125e-05,7.173628
5.9375e-05,7.173628
6.09375e-05,7.173628
6.25e-05,7.173628
6.40625e-05,7.173628
6.5625e-05,7.173628
6.71875e-05,7.173628
6.875e-05,7.173628
7.1875e-05,7.173628
7.5e-05,7.173628
7.8125e-05,7.173628
8.125e-05,7.173628
8.4375e-05,7.173628
8.75e-05,7.173628
9.0625e-05,7.173628
9.375e-05,7.173628
9.6875e-05,7.173628
0.0001,7.173628
0.000103125,7.173628
0.00010625,7.173628
0.000109375,7.173628
0.0001125,7.173628
0.000115625,7.173628
0.00011875,7.173628
0.000121875,7.173628
0.000125,7.173628
0.000128125,7.173628
0.00013125,7.173628
0.000134375,7.173628
0.0001375,7.173628
0.00014375,7.173628
0.00015,7.173628
0.00015625,7.173628
0.0001625,7.173627
0.00016875,7.173627
0.000175,7.173627
0.00018125,7.173627
0.0001875,7.173627
0.00019375,7.173627
0.0002,7.173627
0.000209375,7.173627
0.00021875,7.173627
0.000228125,7.173627
0.0002375,7.173627
0.000246875,7.173627
0.00025625,7.173627
0.000265625,7.173627
0.000275,7.173627
0.000284375,7.173627
0.00029375,7.173627
0.000303125,7.173627
0.0003125,7.173627
0.000321875,7.173627
0.00033125,7.173627
0.000340625,7.173627
0.00035,7.173627
0.000359375,7.173627
0.00036875,7.173627
0.000378125,7.173627
0.0003875,7.173627
0.000396875,7.173627
0.00040625,7.173627
0.000425,7.173627
0.00044375,7.173627
0.0004625,7.173627
0.00048125,7.173627
0.0005,7.173627
0.000515625,7.173627
0.00053125,7.173626
0.000546875,7.173626
0.0005625,7.173626
0.000578125,7.173626
0.00059375,7.173626
0.000609375,7.173626
0.000625,7.173626
0.000640625,7.173626
0.00065625,7.173626
0.000671875,7.173626
0.0006875,7.173626
0.00071875,7.173626
0.00075,7.173626
0.00078125,7.173626
0.0008125,7.173626
0.00084375,7.173626
0.000875,7.173625
0.00090625,7.173625
0.0009375,7.173625
0.00096875,7.173625
0.001,7.173625
0.00103125,7.173625
0.0010625,7.173625
0.00109375,7.173625
0.001125,7.173625
0.00115625,7.173625
0.0011875,7.173625
0.00121875,7.173625
0.00125,7.173624
0.00128125,7.173624
0.0013125,7.173624
0.00134375,7.173624
0.001375,7.173624
0.0014375,7.173624
0.0015,7.173624
0.0015625,7.173624
0.001625,7.173623
0.0016875,7.173623
0.00175,7.173623
0.0018125,7.173623
0.001875,7.173623
0.0019375,7.173623
0.002,7.173622
0.00209375,7.173622
0.0021875,7.173622
0.00228125,7.173622
0.002375,7.173621
0.00246875,7.173621
0.0025625,7.173621
0.00265625,7.173621
0.00275,7.17362
0.00284375,7.17362
0.0029375,7.17362
0.00303125,7.173619
0.003125,7.173619
0.00321875,7.173619
0.0033125,7.173619
0.00340625,7.173618
0.0035,7.173618
0.00359375,7.173618
0.0036875,7.173618
0.00378125,7.173617
0.003875,7.173617
0.00396875,7.173617
0.0040625,7.173617
0.00425,7.173616
0.0044375,7.173616
0.004625,7.173615
0.0048125,7.173614
0.005,7.173614
0.00515625,7.173614
0.0053125,7.173613
0.00546875,7.173613
0.005625,7.173612
0.00578125,7.173612
0.0059375,7.173611
0.00609375,7.173611
0.00625,7.17361
0.00640625,7.17361
0.0065625,7.17361
0.00671875,7.173609
0.006875,7.173609
0.0071875,7.173608
0.0075,7.173607
0.0078125,7.173606
0.008125,7.173605
0.0084375,7.173604
0.00875,7.173603
0.0090625,7.173603
0.009375,7.173602
0.0096875,7.173601
0.01,7.1736
0.0103125,7.173599
0.010625,7.173598
0.0109375,7.173597
0.01125,7.173597
0.0115625,7.173596
0.011875,7.173595
0.0121875,7.173594
0.0125,7.173593
0.0128125,7.173592
0.013125,7.173591
0.0134375,7.17359
0.01375,7.17359
0.014375,7.173588
0.015,7.173586
0.015625,7.173584
0.01625,7.173583
0.016875,7.173581
0.0175,7.173579
0.018125,7.173577
0.01875,7.173576
0.019375,7.173574
0.02,7.173572
0.0206625,7.17357
0.021325,7.173568
0.0219875,7.173567
0.02265,7.173565
0.0233125,7.173563
0.023975,7.173561
0.0246375,7.173559
0.0253,7.173557
0.02607188,7.173555
0.02684375,7.173553
0.02761563,7.173551
0.0283875,7.173549
0.02915938,7.173547
0.02993125,7.173544
0.03070313,7.173542
0.031475,7.17354
0.03224688,7.173538
0.03301875,7.173536
0.0345625,7.173531
0.03610625,7.173527
0.03765,7.173523
0.03919375,7.173518
0.0407375,7.173514
0.04228125,7.17351
0.043825,7.173506
0.04536875,7.173501
0.0469125,7.173497
0.04845625,7.173493
0.05,7.173488
0.0515625,7.173484
0.053125,7.17348
0.0546875,7.173475
0.05625,7.173471
0.0578125,7.173467
0.059375,7.173462
0.0609375,7.173458
0.0625,7.173453
0.0640625,7.173449
0.065625,7.173445
0.0671875,7.17344
0.06875,7.173436
0.071875,7.173427
0.075,7.173419
0.078125,7.17341
0.08125,7.173401
0.084375,7.173392
0.0875,7.173384
0.090625,7.173375
0.09375,7.173366
0.096875,7.173357
0.1,7.173349
0.103125,7.17334
0.10625,7.173331
0.109375,7.173323
0.1125,7.173314
0.115625,7.173305
0.11875,7.173296
0.121875,7.173288
0.125,7.173279
0.128125,7.17327
0.13125,7.173262
0.134375,7.173253
0.1375,7.173244
0.14375,7.173227
0.15,7.173209
0.15625,7.173192
0.1625,7.173174
0.16875,7.173157
0.175,7.173139
0.18125,7.173122
0.1875,7.173105
0.19375,7.173087
0.2,7.17307
0.209375,7.173044
0.21875,7.173017
0.228125,7.172991
0.2375,7.172965
0.246875,7.172939
0.25625,7.172913
0.265625,7.172887
0.275,7.17286
0.284375,7.172834
0.29375,7.172808
0.303125,7.172782
0.3125,7.172756
0.321875,7.17273
0.33125,7.172704
0.340625,7.172677
0.35,7.172651
0.359375,7.172625
0.36875,7.172599
0.378125,7.172573
0.3875,7.172547
0.396875,7.17252
0.40625,7.172494
0.425,7.172442
0.44375,7.17239
0.4625,7.172337
0.48125,7.172285
0.5,7.172233
0.53125,7.172146
0.5625,7.172059
0.59375,7.171971
0.625,7.171884
0.65625,7.171797
0.6875,7.17171
0.71875,7.171623
0.75,7.171536
0.78125,7.171449
0.8125,7.171361
0.84375,7.171274
0.875,7.171187
0.9375,7.171013
1.0,7.170839
1.0625,7.170665
1.125,7.17049
1.1875,7.170316
1.25,7.170142
1.3125,7.169968
1.375,7.169794
1.4375,7.16962
1.5,7.169446
1.5625,7.169272
1.625,7.169098
1.6875,7.168924
1.75,7.168749
1.875,7.168401
2.0,7.168053
2.09375,7.167792
2.1875,7.167532
2.28125,7.167271
2.375,7.16701
2.46875,7.166749
2.5625,7.166488
2.65625,7.166227
2.75,7.165967
2.9375,7.165445
3.125,7.164924
3.3125,7.164403
3.5,7.163882
3.6875,7.163361
3.875,7.16284
4.0625,7.16232
4.25,7.161799
4.4375,7.161279
4.625,7.160758
4.8125,7.160238
5.0,7.159718
5.3125,7.158852
5.625,7.157985
5.9375,7.15712
6.25,7.156254
6.5625,7.155389
6.875,7.154524
7.1875,7.15366
7.5,7.152796
7.8125,7.151932
8.125,7.151068
8.4375,7.150205
8.75,7.149342
9.375,7.147618
10.0,7.145894
10.625,7.144172
11.25,7.142452
11.875,7.140732
12.5,7.139014
13.125,7.137297
13.75,7.135582
14.375,7.133868
15.0,7.132155
15.625,7.130444
16.25,7.128733
16.875,7.127025
17.5,7.125317
18.75,7.121906
20.0,7.1185
20.9375,7.115948
21.875,7.1134
22.8125,7.110855
23.75,7.108312
24.6875,7.105773
25.625,7.103236
26.5625,7.100702
27.5,7.098171
29.375,7.093117
31.25,7.088075
33.125,7.083045
35.0,7.078025
36.875,7.073017
38.75,7.06802
40.625,7.063035
42.5,7.05806
44.375,7.053096
46.25,7.048144
48.125,7.043202
50.0,7.038272
53.125,7.030079
56.25,7.021915
59.375,7.013782
62.5,7.005678
65.625,6.997604
68.75,6.989559
71.875,6.981543
75.0,6.973557
78.125,6.965599
81.25,6.957669
84.375,6.949768
87.5,6.941895
93.75,6.926233
100.0,6.910681
106.25,6.895239
112.5,6.879904
118.75,6.864676
125.0,6.849553
131.25,6.834533
137.5,6.819616
143.75,6.804799
150.0,6.790083
156.25,6.775465
162.5,6.760944
168.75,6.74652
175.0,6.73219
187.5,6.703811
200.0,6.675797
209.375,6.65502
218.75,6.634441
228.125,6.614055
237.5,6.593859
246.875,6.573849
256.25,6.554022
265.625,6.534374
275.0,6.514903
293.75,6.476477
312.5,6.438718
331.25,6.401604
350.0,6.365111
368.75,6.329218
387.5,6.293903
406.25,6.259147
425.0,6.224929
443.75,6.191232
462.5,6.158037
481.25,6.125327
500.0,6.093085
531.25,6.040343
562.5,5.988786
593.75,5.938343
625.0,5.888952
656.25,5.840552
687.5,5.793084
718.75,5.746493
750.0,5.700727
781.25,5.655735
812.5,5.61147
843.75,5.567885
875.0,5.524935
906.25,5.482578
937.5,5.440772
1000.0,5.358654
1062.5,5.278271
1125.0,5.199329
1187.5,5.121541
1250.0,5.044626
1312.5,4.968305
1375.0,4.892293
1437.5,4.816297
1500.0,4.740012
1562.5,4.663108
1625.0,4.585226
1687.5,4.505969
1750.0,4.424884
1812.5,4.341448
1843.75,4.29866
1875.0,4.255043
1906.25,4.210501
1937.5,4.164925
1968.75,4.118196
2000.0,4.070177
2026.683,4.028043
2053.365,3.984754
2080.048,3.940189
2106.73,3.894217
2133.413,3.846685
2160.095,3.797425
2186.778,3.746239
2213.46,3.692907
2240.143,3.637168
2266.825,3.578726
2293.508,3.51723
2306.849,3.485212
2320.19,3.452272
2333.532,3.418343
2346.873,3.383362
2360.214,3.347249
2373.555,3.309923
2386.897,3.271288
2400.238,3.231249
2413.579,3.189693
2426.92,3.146496
2440.262,3.101516
2453.603,3.054609
2466.944,3.005599
2480.285,2.954295
2493.627,2.900477
2506.968,2.843911
2520.309,2.784316
2533.65,2.721381
2540.321,2.688549
2546.992,2.654743
2553.663,2.619912
2560.333,2.584005
2567.004,2.546949
2573.674,2.508691
2580.345,2.469149
2587.015,2.428261
2593.686,2.385933
2600.357,2.342083
2607.028,2.296617
2613.698,2.249442
2620.369,2.200432
2627.039,2.149485
2633.71,2.096457
2640.38,2.041226
2647.051,1.983625
2653.722,1.923503
2660.393,1.860685
2667.063,1.794995
2673.734,1.726214
2680.404,1.654149
2687.075,1.578555
2690.41,1.539371
2693.745,1.499219
2697.081,1.458056
2700.416,1.415875
2703.752,1.372622
2707.087,1.328293
2710.423,1.282831
2713.758,1.236238
2717.093,1.188474
2720.428,1.139517
2723.764,1.089334
2727.099,1.037942
2730.434,0.9853204
2733.769,0.9314733
2737.105,0.8763989
2740.44,0.8201607
2743.775,0.7627922
2747.11,0.7043675
2750.446,0.6449748
2753.781,0.5847953
2757.117,0.5239903
2760.452,0.462859
2763.788,0.4017118
2767.123,0.3410408
2770.458,0.2814234
2772.126,0.252236
2773.793,0.2236384
2775.461,0.1957315
2777.129,0.1686874
2778.797,0.1426833
2779.631,0.1301337
2780.464,0.1179368
2781.298,0.1060936
2782.132,0.09465116
2782.966,0.08364399
2783.799,0.07312154
2784.633,0.0630983
2785.467,0.0536299
2786.301,0.0447622
2787.134,0.03655389
2787.968,0.02903815
2788.802,0.02228214
2789.636,0.01634711
2790.47,0.01129894
2790.887,0.009129401
2791.304,0.007208607
2791.721,0.005546295
2792.138,0.00415257
2792.555,0.003037929
2792.764,0.002587666
2792.972,0.002213272
2793.181,0.001912581
2793.389,0.001689923
2793.597,0.001545151
2793.805,0.001479767
2794.014,0.001495577
2794.222,0.001593995
2794.431,0.001777578
2794.639,0.002046197
2794.848,0.002404107
2795.056,0.002849579
2795.265,0.003388632
2795.473,0.004017871
2795.682,0.004745153
2795.89,0.005565351
2796.307,0.007506867
2796.724,0.009857867
2797.14,0.01262724
2797.557,0.01584498
2797.974,0.01952237
2798.391,0.0236775
2798.808,0.02832926
2799.642,0.03920202
2800.475,0.05229073
2801.309,0.06780821
2801.726,0.07653338
2802.143,0.08593746
2802.56,0.09604786
2802.977,0.1068932
2803.394,0.1185032
2803.811,0.1309091
2804.228,0.1441434
2804.645,0.15824
2805.062,0.1732345
2805.479,0.189164
2805.896,0.2060672
2806.313,0.2239846
2806.73,0.2429588
2807.146,0.2629845
2807.563,0.2842044
2807.98,0.3066202
2808.397,0.330283
2808.814,0.3552459
2809.231,0.381565
2809.648,0.4092986
2810.065,0.4385083
2810.482,0.4692583
2810.899,0.5016163
2811.316,0.5356532
2811.733,0.5714434
2812.15,0.6090651
2812.567,0.6486004
2812.984,0.6901358
2813.401,0.7337618
2813.817,0.7794616
2814.234,0.8275551
2814.651,0.8780407
2815.068,0.93103
2815.485,0.9866402
2815.902,1.044995
2816.319,1.106225
2816.736,1.170467
2817.153,1.237867
2817.57,1.308578
2817.987,1.382762
2818.404,1.46059
2818.821,1.542243
2819.238,1.627912
2819.655,1.7178
2820.072,1.812121
2820.488,1.91086
2820.905,2.014732
2821.322,2.12376
2821.739,2.238216
2822.156,2.358388
2822.573,2.484581
2822.99,2.617122
2823.407,2.756355
2823.823,2.902291
2824.24,3.056022
2824.657,3.217623
2825.074,3.387542
2825.491,3.566254
2825.908,3.754267
2826.325,3.952125
2826.742,4.160409
2827.158,4.379203
2827.575,4.610222
2827.992,4.853669
2828.409,5.110311
2828.826,5.380971
2829.243,5.666535
2829.66,5.967954
2830.077,6.286254
2830.494,6.62254
2830.911,6.978004
2831.328,7.353933
2831.745,7.751718
2832.162,8.172866
2832.579,8.619007
2832.996,9.091909
2833.413,9.593493
2833.829,10.12453
2834.246,10.68984
2834.663,11.29066
2835.08,11.92968
2835.497,12.60985
2835.914,13.33439
2836.331,14.10684
2836.748,14.93106
2837.164,15.80913
2837.581,16.74993
2837.998,17.75657
2838.415,18.83473
2838.832,19.9907
2839.249,21.23142
2839.666,22.56462
2840.083,23.99885
2840.499,25.5398
2840.916,27.2055
2841.333,29.00424
2841.75,30.94932
2842.167,33.05565
2842.584,35.33999
2843.001,37.82123
2843.418,40.52068
2843.835,43.46246
2844.252,46.67395
2844.669,50.18625
2845.086,54.0348
2845.503,58.26009
2845.92,62.90849
2846.337,68.03319
2846.546,70.79972
2846.754,73.69541
2846.962,76.74222
2847.17,79.94988
2847.379,83.34555
2847.587,86.90804
2847.796,90.68385
2848.004,94.64996
2848.213,98.85871
2848.421,103.285
2848.63,107.988
2848.838,112.9403
2849.047,118.2088
2849.255,123.7635
2849.464,129.6801
2849.672,135.926
2849.881,142.587
2850.089,149.6271
2850.297,157.1069
2850.505,165.0582
2850.714,173.5573
2850.922,182.5595
2851.131,192.1909
2851.339,202.4014
2851.548,213.3339
2851.756,224.9309
2851.965,237.3538
2852.173,250.5356
2852.382,264.6572
2852.59,279.6388
2852.799,295.6808
2853.007,312.6857
2853.216,330.8717
2853.424,350.1162
2853.632,370.5497
2853.84,392.2104
2854.1,421.0528
2854.36,451.8746
2854.62,484.6457
2854.88,519.2688
2855.14,555.5608
2855.4,593.2329
2855.92,670.9254
2856.18,709.6934
2856.44,747.3351
2856.7,782.8905
2856.96,815.3221
2857.22,843.578
2857.48,866.6698
2857.74,883.7582
2858.0,894.2331
2858.26,897.7748
2858.52,894.3832
2858.78,884.3722
2859.04,868.3293
2859.3,847.0488
2859.56,821.4532
2859.82,792.5132
2860.08,761.1793
2860.6,694.7327
2861.12,627.765
2861.38,595.315
2861.64,563.9816
2861.9,533.9674
2862.16,505.3998
2862.344,486.0954
2862.528,467.5597
2862.712,449.7924
2862.896,432.7861
2863.08,416.5272
2863.264,400.9976
2863.448,386.1758
2863.631,372.1128
2863.815,358.6294
2863.999,345.7776
2864.183,333.5303
2864.367,321.8601
2864.551,310.74
2864.735,300.1434
2864.919,290.0445
2865.102,280.4692
2865.47,262.5338
2865.838,246.2116
2866.206,231.3373
2866.573,217.7967
2866.941,205.3824
2867.308,194.0429
2867.676,183.6102
2868.043,174.0466
2868.411,165.2159
2868.779,157.0706
2869.147,149.5441
2869.514,142.5955
2869.882,136.1344
2870.249,130.1493
2870.617,124.5658
2870.984,119.3771
2871.352,114.5214
2871.72,109.9836
2872.088,105.7365
2872.455,101.7665
2872.823,98.03023
2873.19,94.52838
2873.558,91.22416
2873.925,88.11953
2874.293,85.18303
2874.661,82.41011
2875.029,79.78875
2875.396,77.31454
2875.764,74.96402
2876.131,72.74088
2876.499,70.62468
2876.866,68.61929
2877.602,64.88634
2878.337,61.50268
2879.072,58.42108
2879.807,55.60584
2880.543,53.02301
2881.278,50.65328
2882.013,48.47027
2882.748,46.4543
2883.484,44.58575
2884.219,42.85472
2884.954,41.24541
2885.689,39.74626
2886.425,38.34523
2887.16,37.03707
2887.895,35.81178
2888.63,34.66221
2889.366,33.58056
2890.101,32.56404
2890.836,31.60601
2891.571,30.70185
2892.307,29.84626
2893.042,29.03782
2893.777,28.27191
2894.512,27.54545
2895.248,26.85471
2895.983,26.19901
2896.718,25.57505
2897.453,24.9807
2898.924,23.87243
2900.394,22.86192
2901.865,21.93612
2903.335,21.08634
2904.806,20.30292
2906.276,19.57962
2907.747,18.90913
2909.217,18.28688
2910.688,17.70723
2912.158,17.16679
2913.629,16.66115
2915.099,16.18775
2916.57,15.74308
2918.04,15.32519
2919.511,14.93125
2920.981,14.55976
2922.452,14.20842
2923.922,13.87607
2925.393,13.56078
2926.863,13.26167
2928.334,12.97713
2929.804,12.70645
2931.275,12.4483
2932.745,12.20211
2934.216,11.96673
2935.686,11.74173
2938.627,11.31955
2941.568,10.93072
2944.509,10.5711
2947.45,10.23717
2950.391,9.925881
2953.332,9.634602
2956.273,9.361026
2959.214,9.103122
2962.155,8.859089
2965.096,8.627313
2968.037,8.406337
2970.978,8.194828
2973.919,7.991554
2976.86,7.795362
2979.801,7.605151
2982.742,7.419858
2985.683,7.238433
2988.624,7.059816
2991.565,6.882913
2994.506,6.706569
2995.977,6.61819
2997.447,6.529532
2998.918,6.440294
3000.388,6.350408
3001.859,6.259547
3003.329,6.167612
3004.8,6.074237
3006.27,5.979287
3007.741,5.882343
3009.211,5.783215
3010.682,5.681413
3012.152,5.576675
3013.623,5.468408
3015.093,5.356251
3015.829,5.298428
3016.564,5.239469
3017.299,5.179209
3018.034,5.117557
3018.77,5.054325
3019.505,4.989579
3020.24,4.92312
3020.975,4.854821
3021.711,4.784452
3022.446,4.712058
3023.181,4.637385
3023.916,4.560262
3024.652,4.48039
3025.387,4.39778
3026.122,4.312104
3026.857,4.223115
3027.593,4.130417
3028.328,4.033968
3029.063,3.933319
3029.798,3.828116
3030.534,3.717813
3031.269,3.602279
3032.004,3.480892
3032.372,3.417756
3032.739,3.353131
3033.107,3.286591
3033.475,3.218233
3033.843,3.147976
3034.21,3.075936
3034.578,3.001632
3034.945,2.925378
3035.313,2.846664
3035.68,2.765821
3036.048,2.682308
3036.416,2.596241
3036.784,2.507515
3037.151,2.416279
3037.519,2.321933
3037.886,2.22489
3038.254,2.124527
3038.621,2.021306
3038.989,1.914591
3039.357,1.804608
3039.725,1.691334
3040.092,1.575102
3040.46,1.455346
3040.827,1.332855
3041.195,1.207194
3041.562,1.07941
3041.93,0.9493475
3042.298,0.818132
3042.482,0.7524225
3042.666,0.6868718
3042.85,0.6216891
3043.033,0.5574701
3043.217,0.4938033
3043.401,0.4313853
3043.585,0.3706222
3043.768,0.3123054
3043.952,0.2563616
3044.136,0.203786
3044.32,0.155373
3044.503,0.1122857
3044.687,0.0751701
3044.779,0.05935387
3044.871,0.04561397
3044.963,0.0341589
3045.009,0.0293587
3045.055,0.02521699
3045.101,0.02176576
3045.147,0.01903851
3045.193,0.01707033
3045.239,0.015898
3045.285,0.01556004
3045.331,0.01609687
3045.377,0.01755083
3045.423,0.01996637
3045.469,0.02339009
3045.515,0.0278709
3045.561,0.03346014
3045.607,0.04021171
3045.653,0.04818221
3045.699,0.05743111
3045.745,0.06802089
3045.791,0.08001723
3045.883,0.1085094
3045.974,0.1430865
3046.066,0.185163
3046.158,0.2351275
3046.25,0.2937928
3046.342,0.3620632
3046.434,0.4409461
3046.526,0.5315649
3046.618,0.6351754
3046.709,0.7518176
3046.801,0.885616
3046.893,1.037138
3046.985,1.208375
3047.077,1.401571
3047.169,1.619266
3047.215,1.738183
3047.261,1.864332
3047.307,1.998134
3047.353,2.140036
3047.399,2.290519
3047.444,2.446523
3047.49,2.61552
3047.536,2.794728
3047.582,2.984771
3047.628,3.186319
3047.674,3.400089
3047.72,3.626852
3047.766,3.867434
3047.812,4.122722
3047.858,4.393671
3047.904,4.681306
3047.95,4.986735
3047.996,5.311147
3048.042,5.655828
3048.088,6.022165
3048.134,6.411659
3048.18,6.825929
3048.226,7.266731
3048.272,7.735967
3048.318,8.235701
3048.364,8.768173
3048.41,9.335816
3048.456,9.941282
3048.502,10.58746
3048.548,11.27748
3048.594,12.0148
3048.64,12.80316
3048.686,13.64667
3048.732,14.54984
3048.778,15.51759
3048.824,16.55536
3048.87,17.6691
3048.915,18.83845
3048.961,20.12247
3049.007,21.50408
3049.053,22.99209
3049.099,24.59626
3049.145,26.32739
3049.191,28.19751
3049.237,30.21994
3049.283,32.40953
3049.329,34.78285
3049.375,37.35835
3049.421,40.15667
3049.467,43.2009
3049.513,46.5169
3049.559,50.13363
3049.605,54.08364
3049.65,58.30531
3049.696,63.02652
3049.742,68.20358
3049.788,73.88817
3049.834,80.13828
3049.88,87.01898
3049.903,90.71825
3049.926,94.60312
3049.949,98.68403
3049.972,102.972
3049.995,107.4786
3050.018,112.216
3050.041,117.197
3050.064,122.4351
3050.087,127.9442
3050.11,133.739
3050.133,139.8345
3050.156,146.2466
3050.179,152.9913
3050.202,160.0853
3050.225,167.5454
3050.248,175.3886
3050.271,183.6319
3050.294,192.2921
3050.317,201.3855
3050.34,210.9277
3050.363,220.933
3050.385,230.9486
3050.424,249.8018
3050.462,269.548
3050.501,291.2289
3050.539,313.6942
3050.578,338.0315
3050.616,362.8342
3050.693,415.3309
3050.732,442.2782
3050.77,468.0947
3050.809,493.5057
3050.847,516.5346
3050.886,537.6728
3050.924,555.1667
3050.962,569.019
3051.0,578.7873
3051.02,582.1892
3051.039,584.2848
3051.077,585.1576
3051.116,581.5896
3051.154,574.0805
3051.193,562.713
3051.231,548.627
3051.27,531.7042
3051.308,513.4138
3051.385,473.1287
3051.462,431.5659
3051.501,410.897
3051.539,391.3099
3051.577,372.4165
3051.615,354.3166
3051.65,338.4007
3051.684,323.657
3051.718,309.6274
3051.752,296.3068
3051.787,283.3201
3051.821,271.3884
3051.855,260.1056
3051.889,249.4436
3051.924,239.0853
3051.958,229.5913
3051.992,220.6266
3052.026,212.1611
3052.06,204.1653
3052.094,196.6112
3052.128,189.4716
3052.162,182.7208
3052.197,176.152
3052.231,170.117
3052.265,164.4014
3052.299,158.9849
3052.333,153.8489
3052.367,148.9755
3052.401,144.3483
3052.435,139.9521
3052.47,135.6525
3052.504,131.6818
3052.538,127.9015
3052.572,124.3002
3052.64,117.592
3052.708,111.4798
3052.777,105.8179
3052.845,100.7112
3052.913,96.02325
3052.981,91.70952
3053.05,87.67508
3053.118,84.00243
3053.186,80.60085
3053.254,77.44403
3053.323,74.4671
3053.391,71.73552
3053.459,69.18635
3053.527,66.80334
3053.596,64.54028
3053.664,62.44968
3053.732,60.48609
3053.8,58.63912
3053.869,56.87461
3053.937,55.23517
3054.005,53.68686
3054.073,52.22281
3054.142,50.81696
3054.21,49.50432
3054.278,48.2588
3054.346,47.07573
3054.415,45.93467
3054.483,44.86474
3054.551,43.84539
3054.619,42.87335
3054.756,41.04656
3054.892,39.38949
3055.029,37.85927
3055.165,36.46257
3055.302,35.16524
3055.438,33.97461
3055.575,32.86298
3055.711,31.83779
3055.848,30.87623
3055.984,29.98559
3056.121,29.14678
3056.257,28.36682
3056.394,27.62954
3056.53,26.94157
3056.667,26.28908
3056.803,25.67829
3056.94,25.09724
3057.076,24.55176
3057.213,24.03141
3057.349,23.54162
3057.486,23.07322
3057.622,22.63126
3057.759,22.20762
3057.895,21.80701
3058.032,21.42219
3058.168,21.05754
3058.305,20.70657
3058.441,20.37338
3058.714,19.74655
3058.987,19.1703
3059.26,18.63889
3059.533,18.14738
3059.806,17.69152
3060.079,17.26765
3060.352,16.87256
3060.625,16.50346
3060.898,16.15791
3061.171,15.83375
3061.444,15.52908
3061.717,15.2422
3061.99,14.97161
3062.263,14.71599
3062.536,14.47412
3062.809,14.24493
3063.082,14.02745
3063.355,13.82081
3063.628,13.62423
3063.901,13.43697
3064.174,13.2584
3064.447,13.08792
3064.72,12.92499
3064.993,12.76911
3065.266,12.61985
3065.539,12.47677
3065.812,12.3395
3066.358,12.08102
3066.904,11.84192
3067.45,11.62005
3067.996,11.4136
3068.542,11.22098
3069.088,11.04081
3069.635,10.87159
3070.181,10.71289
3070.727,10.56348
3071.273,10.42252
3071.819,10.28929
3072.365,10.16316
3072.911,10.04355
3073.457,9.929942
3074.003,9.821874
3074.549,9.718932
3075.095,9.620741
3075.641,9.526961
3076.187,9.437285
3076.733,9.351433
3077.279,9.269149
3077.825,9.190202
3078.371,9.114379
3078.917,9.041484
3080.009,8.903777
3081.101,8.775813
3082.193,8.656513
3083.285,8.54495
3084.377,8.44033
3085.469,8.34196
3086.561,8.249241
3087.654,8.16157
3088.746,8.078645
3089.838,7.999977
3090.93,7.925205
3092.022,7.854011
3093.114,7.786109
3094.206,7.721243
3095.298,7.659186
3096.39,7.599731
3097.482,7.542692
3098.574,7.487901
3099.666,7.435207
3100.758,7.38447
3101.85,7.335564
3102.942,7.288375
3104.034,7.242796
3106.218,7.156091
3108.402,7.074766
3110.586,6.99824
3112.77,6.926017
3114.954,6.857668
3117.138,6.792824
3119.322,6.731162
3121.506,6.6724
3123.691,6.616265
3125.875,6.56259
3128.059,6.511155
3130.243,6.461787
3132.427,6.414332
3134.611,6.368653
3136.795,6.324624
3138.979,6.282134
3141.164,6.241063
3143.348,6.201356
3147.716,6.125653
3152.084,6.054417
3156.452,5.987159
3160.821,5.923446
3165.189,5.862953
3169.557,5.805358
3173.925,5.750397
3178.293,5.697839
3182.661,5.647482
3187.029,5.599147
3191.397,5.552677
3195.766,5.507921
3200.134,5.464775
3204.502,5.423114
3208.87,5.382839
3213.239,5.343848
3217.607,5.306077
3226.343,5.23387
3235.08,5.165672
3243.816,5.101054
3252.552,5.039629
3261.288,4.981074
3270.025,4.925103
3278.761,4.871487
3287.498,4.82
3296.234,4.770466
3304.971,4.72271
3313.707,4.676595
3322.443,4.631984
3331.179,4.588759
3339.916,4.54681
3348.652,4.506049
3366.125,4.427735
3383.598,4.353212
3401.07,4.281975
3418.543,4.213587
3436.016,4.147687
3453.489,4.083959
3470.961,4.022134
3488.434,3.961967
3505.907,3.90325
3523.38,3.845798
3540.852,3.789448
3558.325,3.734045
3575.798,3.679458
3610.743,3.572262
3645.689,3.467002
3680.634,3.362958
3715.58,3.259497
3750.525,3.156067
3785.471,3.052157
3820.416,2.947302
3855.362,2.84105
3890.307,2.73297
3925.253,2.622609
3960.198,2.509493
3977.671,2.451728
3995.144,2.39305
4012.617,2.333355
4030.089,2.272515
4047.562,2.210337
4056.299,2.178663
4065.035,2.146543
4073.772,2.113904
4082.508,2.080665
4091.244,2.046694
4095.612,2.029379
4099.98,2.011804
4104.349,1.993926
4108.717,1.975702
4113.085,1.957061
4117.453,1.937916
4121.821,1.918146
4124.005,1.907977
4126.189,1.897584
4128.373,1.886936
4130.557,1.875992
4132.741,1.864704
4134.925,1.853011
4137.11,1.84083
4139.294,1.828074
4141.478,1.814611
4143.662,1.800268
4145.846,1.784817
4146.938,1.776579
4148.03,1.767934
4149.122,1.75882
4150.214,1.74916
4151.306,1.738862
4152.398,1.727809
4153.49,1.715855
4154.582,1.702814
4155.674,1.688442
4156.766,1.672421
4157.858,1.654316
4158.404,1.644304
4158.95,1.63353
4159.496,1.621879
4160.042,1.60921
4160.588,1.595354
4161.134,1.5801
4161.68,1.563182
4162.226,1.544266
4162.772,1.52292
4163.318,1.498578
4163.864,1.470486
4164.41,1.437612
4164.683,1.418953
4164.956,1.398514
4165.229,1.376012
4165.502,1.351104
4165.775,1.323363
4166.048,1.292259
4166.321,1.257122
4166.594,1.217094
4166.867,1.171061
4167.14,1.117555
4167.277,1.087293
4167.413,1.054604
4167.55,1.018645
4167.686,0.9795176
4167.823,0.9361435
4167.959,0.888565
4168.096,0.8353765
4168.232,0.7765309
4168.301,0.7440722
4168.369,0.7101946
4168.437,0.6743018
4168.505,0.6362496
4168.574,0.5952813
4168.642,0.5524424
4168.71,0.5070323
4168.778,0.458961
4168.847,0.4074342
4168.915,0.3540294
4168.983,0.2982906
4169.017,0.269712
4169.051,0.2408047
4169.086,0.2108709
4169.12,0.1818396
4169.154,0.1531428
4169.188,0.1251608
4169.222,0.09839833
4169.256,0.07352621
4169.29,0.05143727
4169.307,0.04179481
4169.324,0.03332426
4169.342,0.02587086
4169.359,0.02052458
4169.368,0.01845979
4169.376,0.01711971
4169.385,0.01621703
4169.393,0.01599642
4169.402,0.01645854
4169.41,0.01755231
4169.419,0.01961658
4169.427,0.02225318
4169.436,0.02619813
4169.444,0.03064603
4169.453,0.03679941
4169.461,0.04337492
4169.47,0.05212343
4169.478,0.06120029
4169.487,0.07300151
4169.495,0.08502265
4169.512,0.1159117
4169.529,0.1551423
4169.546,0.2042393
4169.563,0.2650326
4169.58,0.3397276
4169.597,0.4309917
4169.615,0.549296
4169.632,0.6856692
4169.649,0.8509616
4169.666,1.051202
4169.683,1.293842
4169.692,1.442533
4169.7,1.588122
4169.709,1.768645
4169.717,1.945551
4169.726,2.165113
4169.734,2.380497
4169.743,2.648112
4169.751,2.910938
4169.76,3.237889
4169.768,3.559373
4169.777,3.959764
4169.785,4.3539
4169.794,4.845277
4169.802,5.329402
4169.811,5.933379
4169.819,6.528686
4169.828,7.271408
4169.836,8.003183
4169.845,8.91528
4169.853,9.812443
4169.862,10.92782
4169.8705,12.09264
4169.879,13.3733
4169.887,14.69011
4169.895,16.11877
4169.903,17.6607
4169.911,19.31415
4169.919,21.07325
4169.927,22.92692
4169.935,24.85793
4169.944,27.09226
4169.952,29.09789
4169.96,31.08087
4169.968,32.99573
4169.976,34.79329
4169.984,36.42375
4169.992,37.84038
4170.0,39.00341
4170.005,39.58793
4170.009,39.97253
4170.017,40.5149
4170.025,40.75529
4170.033,40.70557
4170.041,40.38866
4170.049,39.83566
4170.057,39.08265
4170.065,38.16764
4170.073,37.128
4170.081,35.99852
4170.097,33.58969
4170.105,32.35897
4170.113,31.13573
4170.121,29.93369
4170.1295,28.69115
4170.136,27.77043
4170.142,26.94586
4170.148,26.14709
4170.154,25.37506
4170.161,24.50882
4170.167,23.796
4170.173,23.11042
4170.179,22.45169
4170.186,21.71637
4170.192,21.11378
4170.198,20.53592
4170.204,19.98196
4170.211,19.36472
4170.217,18.85951
4170.229,17.91141
4170.236,17.39444
4170.242,16.97116
4170.254,16.17608
4170.267,15.38608
4170.279,14.7164
4170.292,14.04906
4170.304,13.48157
4170.316,12.95618
4170.328,12.46898
4170.341,11.98021
4170.353,11.56173
4170.366,11.14043
4170.378,10.77846
4170.391,10.41282
4170.403,10.09763
4170.416,9.778215
4170.428,9.501996
4170.441,9.221221
4170.453,8.977697
4170.478,8.513529
4170.503,8.100381
4170.527,7.74482
4170.552,7.411252
4170.577,7.110187
4170.602,6.837344
4170.627,6.589129
4170.652,6.362512
4170.677,6.154918
4170.702,5.964155
4170.726,5.795108
4170.751,5.632118
4170.776,5.481108
4170.825,5.215337
4170.875,4.979005
4170.924,4.775585
4170.974,4.591958
4171.024,4.42866
4171.074,4.282574
4171.123,4.153676
4171.173,4.034676
4171.223,3.926636
4171.273,3.828139
4171.322,3.739726
4171.422,3.580395
4171.521,3.445597
4171.62,3.329051
4171.719,3.227325
4171.819,3.136939
4171.918,3.057638
4172.018,2.98617
4172.117,2.922662
4172.217,2.864767
4172.316,2.812784
4172.514,2.722036
4172.713,2.645117
4172.911,2.579701
4173.11,2.522848
4173.308,2.47344
4173.507,2.429682
4173.706,2.390833
4173.905,2.3561
4174.103,2.325003
4174.302,2.296719
4174.501,2.271
4174.898,2.226052
4175.296,2.187828
4175.693,2.155035
4176.09,2.126486
4176.487,2.101373
4176.885,2.079026
4177.282,2.059081
4177.68,2.04106
4178.077,2.024753
4178.475,2.009836
4178.872,1.996186
4179.666,1.97195
4180.461,1.950979
4181.256,1.93259
4182.051,1.916261
4182.845,1.901618
4183.64,1.888327
4184.435,1.876177
4185.23,1.864984
4186.024,1.854617
4186.819,1.844932
4187.614,1.835847
4189.203,1.819181
4190.793,1.80411
4192.382,1.790306
4193.971,1.777502
4195.56,1.76551
4197.15,1.754176
4198.739,1.743401
4200.329,1.733084
4201.918,1.723164
4203.508,1.713574
4205.097,1.704276
4208.275,1.686394
4211.454,1.669265
4214.633,1.652725
4217.812,1.636648
4220.99,1.620944
4224.169,1.605531
4227.348,1.590358
4230.527,1.575382
4233.706,1.560566
4240.064,1.53131
4246.421,1.50242
4252.779,1.473771
4259.136,1.445284
4271.851,1.388555
4284.567,1.3319
4297.282,1.275139
4309.997,1.218155
4322.712,1.160888
4335.427,1.103308
4348.142,1.04541
4360.857,0.9872084
4373.572,0.9287373
4386.288,0.8700415
4399.003,0.811198
4411.718,0.7522884
4424.433,0.6934193
4437.149,0.6347159
4449.864,0.5763438
4462.579,0.5184846
4475.294,0.4613599
4488.01,0.4052279
4500.725,0.3504079
4513.44,0.2972628
4519.798,0.2714488
4526.155,0.2462261
4532.513,0.2216535
4538.87,0.197811
4545.228,0.1747703
4551.585,0.1526244
4557.943,0.1314599
4561.122,0.1212786
4564.3,0.1113854
4567.479,0.1017885
4570.658,0.09250569
4573.837,0.0835525
4577.015,0.07494772
4580.194,0.06670281
4583.373,0.05883816
4586.552,0.05137219
4589.731,0.04432417
4592.91,0.03771422
4596.089,0.03156339
4599.268,0.02589369
4602.446,0.02072969
4605.625,0.01609221
4608.804,0.01200815
4611.983,0.008503895
4613.572,0.006978222
4615.161,0.00560785
4616.751,0.004395718
4618.34,0.003347087
4619.93,0.002464467
4620.725,0.002086898
4621.519,0.00175288
4622.314,0.001462075
4623.109,0.001215441
4623.904,0.001013495
4624.698,0.0008569268
4625.493,0.0007458705
4626.287,0.0006811385
4627.082,0.0006631083
4627.876,0.0006923708
4628.671,0.0007695532
4629.466,0.0008952086
4630.261,0.001069904
4631.055,0.0012939
4631.85,0.00156834
4632.645,0.001893561
4633.44,0.002270158
4634.234,0.002698159
4635.824,0.003713544
4637.413,0.00494339
4639.003,0.006394318
4640.592,0.008069696
4642.182,0.009976954
4643.771,0.01211914
4646.95,0.01713586
4650.129,0.02316618
4653.307,0.03025631
4656.486,0.03846176
4658.076,0.04300009
4659.665,0.04783411
4661.255,0.05297703
4662.844,0.05842969
4664.433,0.06420272
4666.022,0.07030379
4667.612,0.07674492
4669.201,0.0835261
4670.791,0.09066415
4672.38,0.09815858
4673.97,0.1060275
4675.559,0.1142701
4677.148,0.1229002
4678.737,0.1319273
4680.327,0.1413671
4681.916,0.1512176
4683.506,0.1615014
4685.095,0.1722159
4686.685,0.1833855
4688.274,0.195007
4689.864,0.2071064
4691.453,0.2196799
4693.043,0.2327555
4694.632,0.2463287
4696.222,0.2604293
4697.811,0.2750525
4700.99,0.3059557
4704.168,0.3391379
4707.347,0.3747365
4710.526,0.4128643
4713.705,0.4536513
4716.883,0.4972208
4720.062,0.5437453
4723.241,0.5933653
4726.42,0.6462433
4729.598,0.7025334
4732.777,0.7624534
4735.956,0.8261793
4739.135,0.8939163
4742.313,0.9658585
4745.492,1.042282
4748.671,1.12341
4751.85,1.209503
4755.028,1.300808
4758.207,1.397677
4761.386,1.500396
4764.565,1.609298
4767.743,1.724702
4770.922,1.84706
4774.101,1.976741
4777.28,2.114177
4780.458,2.259781
4783.637,2.414138
4786.816,2.577732
4789.995,2.751127
4793.174,2.934926
4796.353,3.129779
4799.532,3.336381
4802.711,3.555476
4805.889,3.787792
4809.068,4.034337
4812.247,4.295966
4815.426,4.573679
4818.604,4.868455
4821.783,5.181642
4824.962,5.514402
4828.141,5.868089
4831.319,6.244049
4834.498,6.644102
4837.677,7.069854
4840.856,7.523169
4844.034,8.005917
4847.213,8.520602
4850.392,9.069473
4853.571,9.655141
4856.749,10.28025
4859.928,10.9483
4863.107,11.6625
4866.286,12.42657
4869.464,13.24432
4872.643,14.12073
4875.822,15.06047
4879.001,16.06894
4882.179,17.15175
4885.358,18.31612
4888.537,19.56899
4891.716,20.91837
4894.895,22.37313
4898.074,23.94313
4901.253,25.63929
4904.432,27.47377
4907.61,29.45946
4910.789,31.6127
4913.968,33.94974
4917.147,36.48942
4920.325,39.25194
4923.504,42.26266
4926.683,45.54727
4929.862,49.13555
4933.04,53.05968
4936.219,57.35973
4939.398,62.07685
4942.577,67.25862
4945.755,72.95663
4947.345,76.02025
4948.934,79.23449
4950.524,82.61204
4952.113,86.15777
4953.703,89.8858
4955.292,93.80161
4956.881,97.91822
4958.47,102.2469
4960.06,106.8024
4961.649,111.5914
4963.239,116.633
4964.828,121.9344
4966.418,127.5162
4968.007,133.3861
4969.596,139.5624
4971.185,146.0605
4972.775,152.9004
4974.364,160.0893
4975.954,167.6519
4977.543,175.5943
4979.133,183.9416
4980.722,192.6976
4982.311,201.8807
4983.9,211.5024
4985.913,224.3364
4987.925,237.8964
4989.938,252.2007
4991.95,267.2286
4993.963,282.9742
4995.975,299.3843
5000.0,333.973
5006.5,392.8335
5009.75,422.1414
5013.0,450.0677
5014.625,463.1536
5016.25,475.454
5017.875,486.8194
5019.5,497.1063
5021.125,506.1822
5022.75,513.9296
5024.375,520.2512
5026.0,525.0725
5028.632,529.5862
5031.263,529.997
5033.894,526.4432
5036.525,519.2273
5039.157,508.7765
5041.788,495.6153
5044.419,480.2947
5047.05,463.366
5052.313,426.6853
5057.575,388.9773
5060.207,370.4873
5062.838,352.5249
5065.469,335.2183
5068.1,318.6581
5071.741,297.0672
5073.561,286.8691
5075.381,277.0683
5077.201,267.6612
5079.021,258.6414
5080.841,250.0
5082.661,241.7267
5084.482,233.8057
5086.302,226.2332
5088.122,218.9917
5089.942,212.0682
5091.762,205.4491
5093.582,199.1212
5097.222,187.2866
5100.863,176.4604
5104.503,166.5534
5108.143,157.4748
5111.783,149.1444
5115.424,141.4874
5119.064,134.4424
5122.704,127.9484
5126.344,121.9524
5129.985,116.4057
5133.625,111.269
5137.265,106.5029
5140.905,102.0735
5144.546,97.94945
5148.186,94.10584
5151.826,90.51714
5155.466,87.1615
5159.107,84.01842
5162.747,81.07195
5166.387,78.30524
5170.027,75.7039
5173.668,73.25426
5177.308,70.94588
5180.948,68.76739
5184.588,66.70908
5188.229,64.76161
5191.869,62.91801
5195.509,61.17039
5199.149,59.51207
5202.79,57.93649
5206.43,56.4389
5210.07,55.01372
5213.71,53.65622
5220.991,51.12688
5228.271,48.82072
5235.552,46.71085
5242.832,44.77533
5250.113,42.9943
5257.393,41.35152
5264.674,39.83208
5271.954,38.42375
5279.235,37.11513
5286.515,35.89692
5293.795,34.76041
5301.075,33.69809
5308.356,32.70318
5315.636,31.77003
5322.917,30.89314
5330.197,30.06802
5337.478,29.29024
5344.758,28.55623
5352.039,27.86238
5359.319,27.20582
5366.6,26.58357
5373.88,25.99331
5381.161,25.43257
5388.441,24.89943
5395.722,24.39186
5403.002,23.90826
5410.283,23.44692
5417.563,23.00651
5432.124,22.18303
5446.685,21.4284
5461.246,20.73462
5475.807,20.09485
5490.368,19.50321
5504.929,18.95463
5519.49,18.44471
5534.05,17.96964
5548.611,17.526
5563.172,17.11087
5577.733,16.72167
5592.294,16.35608
5606.855,16.01208
5621.416,15.68784
5635.977,15.38175
5650.538,15.09234
5665.099,14.81832
5679.66,14.55852
5694.221,14.31186
5708.782,14.07739
5723.343,13.85425
5737.904,13.64164
5752.465,13.43884
5767.025,13.24521
5781.586,13.06012
5796.147,12.88304
5810.708,12.71346
5825.269,12.55092
5854.391,12.24529
5883.512,11.96311
5912.634,11.70178
5941.756,11.45909
5970.878,11.2331
5999.999,11.02216
6000.001,12.06692
7200.0,11.43215
8000.0,11.09189
10000.0,10.4302
12500.0,9.841447
15000.0,9.40899
17000.0,9.135168
20000.0,8.805403
25000.0,8.395933
30000.0,8.094866
35000.0,7.861417
40000.0,7.673406
50000.0,7.385633
60000.0,7.172161
70000.0,7.004716
80000.0,6.868067
90000.0,6.753273
100000.0,6.654576
125000.0,6.455801
150000.0,6.301212
170000.0,6.197852
200000.0,6.065663
250000.0,5.885466
300000.0,5.73705
350000.0,5.609864
400000.0,5.497187
460195.2,5.380149
500000.0,5.302757
600000.0,5.136009
603930.0,5.12986
603999.9,5.129751
604000.1,5.143479
620047.0,5.04328
700000.0,4.54405
750402.0,4.34762
800000.0,4.15433
900000.0,3.82448
931540.0,3.73651
956678.0,3.66641
956678.4,3.666409
1000000.0,3.54559
1200000.0,3.109
1220630.0,3.0874
1220632.0,3.087395
1400000.0,2.67203
1483770.0,2.56888
1483775.0,2.568873
1503030.0,2.54105
1503034.0,2.541042
1600000.0,2.34811
1720260.0,2.24583
1748440.0,2.20366
1800000.0,2.10425
1939100.0,1.99494
1939104.0,1.994936
2000000.0,1.92883
2194540.0,1.8289
2194543.0,1.828897
2194850.0,1.82854
2200000.0,1.82186
2227890.0,1.82367
2227892.0,1.823669
2258200.0,1.81327
2331380.0,1.77781
2331385.0,1.777806
2400000.0,1.72182
2523980.0,1.71707
2570910.0,1.69885
2600000.0,1.67609
2604360.0,1.67745
2635780.0,1.68461
2635782.0,1.68461
2706030.0,1.68718
2730460.0,1.68622
2733700.0,1.68584
2733701.0,1.68584
2747990.0,1.68017
2747993.0,1.680169
2789550.0,1.6605
2789552.0,1.660499
2800000.0,1.65452
2867100.0,1.67367
2874600.0,1.67533
2880780.0,1.6755
2900040.0,1.67474
2916260.0,1.67297
2965420.0,1.66701
2975560.0,1.66426
2976060.0,1.66402
2976063.0,1.664019
2980120.0,1.66199
2989750.0,1.65515
3000000.0,1.64565
3003430.0,1.64739
3003432.0,1.647391
3014070.0,1.65268
3014075.0,1.652682
3046000.0,1.66477
3046005.0,1.664771
3058170.0,1.66778
3075400.0,1.66973
3090200.0,1.66992
3101860.0,1.66955
3123340.0,1.66701
3123346.0,1.667009
3200000.0,1.65008
3500000.0,1.68605
3700000.0,1.72522
4000000.0,1.79218
4500000.0,1.91691
4648580.0,1.95153
5000000.0,2.03342
6000000.0,2.2035
6373280.0,2.23913
6373285.0,2.23913
7000000.0,2.29896
8000000.0,2.3258
9000000.0,2.30117
10000000.0,2.24021
10335300.0,2.26318
10335340.0,2.263173
11000000.0,2.15345
11157300.0,2.1374
12000000.0,2.0514
12269400.0,2.02083
13000000.0,1.93791
14000000.0,1.81703
15000000.0,1.70012
15714900.0,1.6181
16000000.0,1.58539
17000000.0,1.48101
17210800.0,1.46181
18000000.0,1.38885
19000000.0,1.31096
20000000.0,1.24755
