1e-05,5.8037
1.03125e-05,5.8037
1.0625e-05,5.8037
1.09375e-05,5.8037
1.125e-05,5.8037
1.15625e-05,5.8037
1.1875e-05,5.8037
1.21875e-05,5.8037
1.25e-05,5.8037
1.28125e-05,5.8037
1.3125e-05,5.8037
1.34375e-05,5.8037
1.375e-05,5.8037
1.4375e-05,5.8037
1.5e-05,5.8037
1.5625e-05,5.8037
1.625e-05,5.8037
1.6875e-05,5.8037
1.75e-05,5.8037
1.8125e-05,5.8037
1.875e-05,5.8037
1.9375e-05,5.8037
2e-05,5.8037
2.09375e-05,5.8037
2.1875e-05,5.8037
2.28125e-05,5.8037
2.375e-05,5.8037
2.46875e-05,5.8037
2.5625e-05,5.8037
2.65625e-05,5.8037
2.75e-05,5.8037
2.84375e-05,5.8037
2.9375e-05,5.8037
3.03125e-05,5.8037
3.125e-05,5.8037
3.21875e-05,5.8037
3.3125e-05,5.8037
3.40625e-05,5.8037
3.5e-05,5.8037
3.59375e-05,5.8037
3.6875e-05,5.8037
3.78125e-05,5.8037
3.875e-05,5.8037
3.96875e-05,5.8037
4.0625e-05,5.8037
4.25e-05,5.8037
4.4375e-05,5.8037
4.625e-05,5.8037
4.8125e-05,5.8037
5e-05,5.8037
5.15625e-05,5.8037
5.3125e-05,5.8037
5.46875e-05,5.8037
5.625e-05,5.8037
5.78125e-05,5.8037
5.9375e-05,5.8037
6.09375e-05,5.8037
6.25e-05,5.8037
6.40625e-05,5.8037
6.5625e-05,5.8037
6.71875e-05,5.8037
6.875e-05,5.8037
7.1875e-05,5.8037
7.5e-05,5.8037
7.8125e-05,5.8037
8.125e-05,5.8037
8.4375e-05,5.8037
8.75e-05,5.8037
9.0625e-05,5.8037
9.375e-05,5.8037
9.6875e-05,5.8037
0.0001,5.8037
0.000103125,5.8037
0.00010625,5.8037
0.000109375,5.8037
0.0001125,5.8037
0.000115625,5.8037
0.00011875,5.8037
0.000121875,5.8037
0.000125,5.8037
0.000128125,5.8037
0.00013125,5.8037
0.000134375,5.8037
0.0001375,5.8037
0.00014375,5.8037
0.00015,5.8037
0.00015625,5.8037
0.0001625,5.8037
0.00016875,5.8037
0.000175,5.8037
0.00018125,5.8037
0.0001875,5.8037
0.00019375,5.8037
0.0002,5.8037
0.000209375,5.8037
0.00021875,5.8037
0.000228125,5.8037
0.0002375,5.8037
0.000246875,5.8037
0.00025625,5.8037
0.000265625,5.8037
0.000275,5.8037
0.000284375,5.8037
0.00029375,5.8037
0.000303125,5.8037
0.0003125,5.8037
0.000321875,5.8037
0.00033125,5.8037
0.000340625,5.8037
0.00035,5.8037
0.000359375,5.8037
0.00036875,5.8037
0.000378125,5.8037
0.0003875,5.8037
0.000396875,5.8037
0.00040625,5.8037
0.000425,5.8037
0.00044375,5.8037
0.0004625,5.8037
0.00048125,5.8037
0.0005,5.8037
0.000515625,5.8037
0.00053125,5.8037
0.000546875,5.8037
0.0005625,5.8037
0.000578125,5.8037
0.00059375,5.8037
0.000609375,5.8037
0.000625,5.8037
0.000640625,5.8037
0.00065625,5.8037
0.000671875,5.8037
0.0006875,5.8037
0.00071875,5.8037
0.00075,5.8037
0.00078125,5.8037
0.0008125,5.8037
0.00084375,5.8037
0.000875,5.8037
0.00090625,5.8037
0.0009375,5.8037
0.00096875,5.8037
0.001,5.8037
0.00103125,5.8037
0.0010625,5.8037
0.00109375,5.8037
0.001125,5.8037
0.00115625,5.8037
0.0011875,5.8037
0.00121875,5.8037
0.00125,5.8037
0.00128125,5.8037
0.0013125,5.8037
0.00134375,5.8037
0.001375,5.8037
0.0014375,5.8037
0.0015,5.8037
0.0015625,5.8037
0.001625,5.8037
0.0016875,5.8037
0.00175,5.8037
0.0018125,5.8037
0.001875,5.8037
0.0019375,5.8037
0.002,5.8037
0.00209375,5.8037
0.0021875,5.8037
0.00228125,5.8037
0.002375,5.8037
0.00246875,5.8037
0.0025625,5.8037
0.00265625,5.8037
0.00275,5.8037
0.00284375,5.8037
0.0029375,5.8037
0.00303125,5.8037
0.003125,5.8037
0.00321875,5.8037
0.0033125,5.8037
0.00340625,5.8037
0.0035,5.8037
0.00359375,5.8037
0.0036875,5.8037
0.00378125,5.8037
0.003875,5.8037
0.00396875,5.8037
0.0040625,5.8037
0.00425,5.8037
0.0044375,5.8037
0.004625,5.8037
0.0048125,5.8037
0.005,5.8037
0.00515625,5.8037
0.0053125,5.8037
0.00546875,5.8037
0.005625,5.8037
0.00578125,5.8037
0.0059375,5.8037
0.00609375,5.8037
0.00625,5.8037
0.00640625,5.8037
0.0065625,5.8037
0.00671875,5.8037
0.006875,5.8037
0.0071875,5.8037
0.0075,5.8037
0.0078125,5.8037
0.008125,5.8037
0.0084375,5.8037
0.00875,5.8037
0.0090625,5.8037
0.009375,5.8037
0.0096875,5.8037
0.01,5.8037
0.0103125,5.8037
0.010625,5.8037
0.0109375,5.8037
0.01125,5.8037
0.0115625,5.8037
0.011875,5.8037
0.0121875,5.8037
0.0125,5.8037
0.0128125,5.8037
0.013125,5.8037
0.0134375,5.8037
0.01375,5.8037
0.014375,5.8037
0.015,5.8037
0.015625,5.8037
0.01625,5.8037
0.016875,5.8037
0.0175,5.8037
0.018125,5.8037
0.01875,5.8037
0.019375,5.8037
0.02,5.8037
0.0206625,5.8037
0.021325,5.8037
0.0219875,5.8037
0.02265,5.8037
0.0233125,5.8037
0.023975,5.8037
0.0246375,5.8037
0.0253,5.8037
0.02607188,5.8037
0.02684375,5.8037
0.02761563,5.8037
0.0283875,5.8037
0.02915938,5.8037
0.02993125,5.8037
0.03070313,5.8037
0.031475,5.8037
0.03224688,5.8037
0.03301875,5.8037
0.0345625,5.8037
0.03610625,5.8037
0.03765,5.8037
0.03919375,5.8037
0.0407375,5.8037
0.04228125,5.8037
0.043825,5.8037
0.04536875,5.8037
0.0469125,5.8037
0.04845625,5.8037
0.05,5.8037
0.0515625,5.8037
0.053125,5.8037
0.0546875,5.8037
0.05625,5.8037
0.0578125,5.8037
0.059375,5.8037
0.0609375,5.8037
0.0625,5.8037
0.0640625,5.8037
0.065625,5.8037
0.0671875,5.8037
0.06875,5.8037
0.071875,5.8037
0.075,5.8037
0.078125,5.8037
0.08125,5.8037
0.084375,5.8037
0.0875,5.8037
0.090625,5.8037
0.09375,5.8037
0.096875,5.8037
0.1,5.8037
0.103125,5.8037
0.10625,5.8037
0.109375,5.8037
0.1125,5.8037
0.115625,5.8037
0.11875,5.8037
0.121875,5.8037
0.125,5.8037
0.128125,5.8037
0.13125,5.8037
0.134375,5.8037
0.1375,5.8037
0.14375,5.8037
0.15,5.8037
0.15625,5.8037
0.1625,5.8037
0.16875,5.8037
0.175,5.8037
0.18125,5.8037
0.1875,5.8037
0.19375,5.8037
0.2,5.8037
0.209375,5.8037
0.21875,5.8037
0.228125,5.8037
0.2375,5.8037
0.246875,5.8037
0.25625,5.8037
0.265625,5.8037
0.275,5.8037
0.284375,5.8037
0.29375,5.8037
0.303125,5.8037
0.3125,5.8037
0.321875,5.8037
0.33125,5.8037
0.340625,5.8037
0.35,5.8037
0.359375,5.8037
0.36875,5.8037
0.378125,5.8037
0.3875,5.8037
0.396875,5.8037
0.40625,5.8037
0.425,5.8037
0.44375,5.8037
0.4625,5.8037
0.48125,5.8037
0.5,5.8037
0.53125,5.8037
0.5625,5.8037
0.59375,5.8037
0.625,5.8037
0.65625,5.8037
0.6875,5.8037
0.71875,5.8037
0.75,5.8037
0.78125,5.8037
0.8125,5.8037
0.84375,5.8037
0.875,5.8037
0.9375,5.8037
1.0,5.8037
1.0625,5.8037
1.125,5.8037
1.1875,5.8037
1.25,5.8037
1.3125,5.8037
1.375,5.8037
1.4375,5.8037
1.5,5.8037
1.5625,5.8037
1.625,5.8037
1.6875,5.8037
1.75,5.8037
1.875,5.8037
2.0,5.8037
2.09375,5.8037
2.1875,5.8037
2.28125,5.8037
2.375,5.8037
2.46875,5.8037
2.5625,5.8037
2.65625,5.8037
2.75,5.8037
2.9375,5.8037
3.125,5.8037
3.3125,5.8037
3.5,5.8037
3.6875,5.8037
3.875,5.8037
4.0625,5.8037
4.25,5.8037
4.4375,5.8037
4.625,5.8037
4.8125,5.8037
5.0,5.8037
5.3125,5.8037
5.625,5.8037
5.9375,5.8037
6.25,5.8037
6.5625,5.8037
6.875,5.8037
7.1875,5.8037
7.5,5.8037
7.8125,5.8037
8.125,5.8037
8.4375,5.8037
8.75,5.8037
9.375,5.8037
10.0,5.8037
10.625,5.8037
11.25,5.8037
11.875,5.8037
12.5,5.8037
13.125,5.8037
13.75,5.8037
14.375,5.8037
15.0,5.8037
15.625,5.8037
16.25,5.8037
16.875,5.8037
17.5,5.8037
18.75,5.8037
20.0,5.8037
20.9375,5.8037
21.875,5.8037
22.8125,5.8037
23.75,5.8037
24.6875,5.8037
25.625,5.8037
26.5625,5.8037
27.5,5.8037
29.375,5.8037
31.25,5.8037
33.125,5.8037
35.0,5.8037
36.875,5.8037
38.75,5.8037
40.625,5.8037
42.5,5.8037
44.375,5.8037
46.25,5.8037
48.125,5.8037
50.0,5.8037
53.125,5.8037
56.25,5.8037
59.375,5.8037
62.5,5.8037
65.625,5.8037
68.75,5.8037
71.875,5.8037
75.0,5.8037
78.125,5.8037
81.25,5.8037
84.375,5.8037
87.5,5.8037
93.75,5.8037
100.0,5.8037
106.25,5.8037
112.5,5.8037
118.75,5.8037
125.0,5.8037
131.25,5.8037
137.5,5.8037
143.75,5.8037
150.0,5.8037
156.25,5.8037
162.5,5.8037
168.75,5.8037
175.0,5.8037
187.5,5.8037
200.0,5.8037
209.375,5.8037
218.75,5.8037
228.125,5.8037
237.5,5.8037
246.875,5.8037
256.25,5.8037
265.625,5.8037
275.0,5.8037
293.75,5.8037
312.5,5.8037
331.25,5.8037
350.0,5.8037
368.75,5.8037
387.5,5.8037
406.25,5.8037
425.0,5.8037
443.75,5.8037
462.5,5.8037
481.25,5.8037
500.0,5.8037
531.25,5.8037
562.5,5.8037
593.75,5.8037
625.0,5.8037
656.25,5.8037
687.5,5.8037
718.75,5.8037
750.0,5.8037
781.25,5.8037
812.5,5.8037
843.75,5.8037
875.0,5.8037
937.5,5.8037
1000.0,5.8037
1062.5,5.8037
1125.0,5.8037
1187.5,5.8037
1250.0,5.8037
1312.5,5.8037
1375.0,5.8037
1437.5,5.8037
1500.0,5.8037
1562.5,5.8037
1625.0,5.8037
1687.5,5.8037
1750.0,5.8037
1875.0,5.8037
2000.0,5.8037
2093.75,5.8037
2187.5,5.8037
2281.25,5.8037
2375.0,5.8037
2468.75,5.8037
2562.5,5.8037
2656.25,5.8037
2750.0,5.8037
2937.5,5.8037
3125.0,5.8037
3312.5,5.8037
3500.0,5.8037
3687.5,5.8037
3875.0,5.8037
4062.5,5.8037
4250.0,5.8037
4437.5,5.8037
4625.0,5.8037
4812.5,5.8037
5000.0,5.8037
5250.0,5.8037
5500.0,5.8037
5750.0,5.8037
5999.999,5.8037
6000.001,8.650291
6250.001,8.630758
6500.001,8.612033
6750.001,8.594053
7000.0,8.576762
7500.0,8.550082
8000.0,8.525199
8500.0,8.508235
9000.0,8.492272
9500.0,8.4772
10000.0,8.462926
10625.0,8.453863
11250.0,8.445327
11875.0,8.437261
12500.0,8.429616
13125.0,8.427771
13750.0,8.426011
14375.0,8.424331
15000.0,8.422722
16000.0,8.425485
17000.0,8.428082
17750.0,8.433062
18500.0,8.437838
19250.0,8.442427
20000.0,8.446843
21250.0,8.459419
22500.0,8.471293
23750.0,8.48254
25000.0,8.493224
26250.0,8.507784
27500.0,8.52169
28750.0,8.534998
30000.0,8.54776
32500.0,8.577103
35000.0,8.60436
37500.0,8.633328
40000.0,8.660515
42500.0,8.689398
45000.0,8.716718
47500.0,8.74264
50000.0,8.767303
55000.0,8.817511
60000.0,8.863598
65000.0,8.908225
70000.0,8.949744
80000.0,9.026289
89999.95,9.093282
99999.9,9.15363
100000.1,9.13839
125000.1,9.215748
150000.0,9.27944
200000.0,9.27195
250000.0,9.17648
300000.0,9.02946
350000.0,8.790408
400000.0,8.588453
450000.0,8.414171
500000.0,8.26127
550000.0,8.036885
600000.0,7.837363
650000.0,7.658198
700000.0,7.49597
750000.0,7.315036
800000.0,7.14974
841031.0,7.01547
842873.8,6.999443
844716.6,6.983487
848402.2,6.951787
855773.3,6.889227
863144.4,6.827759
870515.5,6.767355
877886.7,6.707987
885257.8,6.649631
892628.9,6.59226
900000.0,6.53585
925000.0,6.387617
950000.0,6.246567
975000.0,6.112176
1000000.0,5.98397
1007813.0,5.952367
1015625.0,5.921177
1023438.0,5.890384
1031250.0,5.859987
1039063.0,5.829971
1046875.0,5.800336
1054688.0,5.771066
1062500.0,5.742162
1070313.0,5.713609
1078125.0,5.685408
1085938.0,5.657544
1093750.0,5.630019
1101563.0,5.602819
1109375.0,5.575945
1117188.0,5.549383
1125000.0,5.523135
1132813.0,5.497188
1140625.0,5.471544
1148438.0,5.446189
1156250.0,5.421127
1164063.0,5.396343
1171875.0,5.371841
1179688.0,5.347609
1187500.0,5.323648
1195313.0,5.299947
1203125.0,5.276509
1210938.0,5.253321
1218750.0,5.230387
1226563.0,5.207696
1234375.0,5.185249
1242188.0,5.163036
1250000.0,5.14106
1257813.0,5.12039
1265625.0,5.099933
1273438.0,5.07968
1281250.0,5.059633
1289063.0,5.039784
1296875.0,5.020135
1304688.0,5.000677
1312500.0,4.981413
1320313.0,4.962334
1328125.0,4.943442
1335938.0,4.92473
1343750.0,4.9062
1351563.0,4.887844
1359375.0,4.869664
1367188.0,4.851653
1375000.0,4.833813
1382813.0,4.816137
1390625.0,4.798627
1398438.0,4.781275
1406250.0,4.764085
1414063.0,4.747049
1421875.0,4.73017
1429688.0,4.713441
1437500.0,4.696863
1445313.0,4.680431
1453125.0,4.664147
1460938.0,4.648004
1468750.0,4.632005
1476563.0,4.616143
1484375.0,4.600421
1492188.0,4.584833
1500000.0,4.56938
1510905.0,4.547514
1521810.0,4.525908
1532715.0,4.504559
1543620.0,4.48346
1554525.0,4.462608
1565430.0,4.441997
1576335.0,4.421624
1587240.0,4.401484
1598145.0,4.381572
1609050.0,4.361885
1619955.0,4.342419
1630860.0,4.323169
1641765.0,4.304132
1652670.0,4.285304
1663575.0,4.266681
1674480.0,4.24826
1679200.0,4.237578
1683920.0,4.226953
1693360.0,4.205871
1702800.0,4.185011
1712240.0,4.164368
1721680.0,4.143941
1731120.0,4.123724
1740560.0,4.103715
1750000.0,4.08391
1760221.0,4.06426
1770442.0,4.044818
1780663.0,4.025579
1790883.0,4.006544
1801104.0,3.987704
1811324.0,3.969061
1821545.0,3.950606
1831765.0,3.932343
1841986.0,3.914262
1852207.0,3.896364
1862428.0,3.878646
1872648.0,3.861107
1882869.0,3.843739
1893089.0,3.826546
1903310.0,3.809519
1913530.0,3.79266
1913531.0,3.792658
1918936.0,3.779996
1924340.0,3.767414
1935149.0,3.742478
1945958.0,3.717844
1956766.0,3.69351
1967575.0,3.669466
1978383.0,3.645711
1989192.0,3.622236
2000000.0,3.59904
2007243.0,3.586059
2014485.0,3.573173
2021728.0,3.560377
2028970.0,3.547675
2036213.0,3.535061
2043455.0,3.522538
2050698.0,3.510102
2057940.0,3.497756
2065183.0,3.485494
2072425.0,3.473319
2079668.0,3.461228
2086910.0,3.449222
2094153.0,3.437298
2101395.0,3.425457
2108638.0,3.413696
2115880.0,3.402017
2123123.0,3.390416
2130365.0,3.378896
2137608.0,3.367452
2144850.0,3.356087
2152093.0,3.344797
2159335.0,3.333584
2166578.0,3.322445
2173820.0,3.311381
2181063.0,3.300389
2188305.0,3.289472
2195548.0,3.278625
2202790.0,3.267851
2210033.0,3.257145
2217275.0,3.246512
2224518.0,3.235946
2231760.0,3.22545
2231761.0,3.225449
2236348.0,3.218724
2240935.0,3.212027
2250109.0,3.198716
2259283.0,3.185514
2268456.0,3.172421
2277630.0,3.159433
2286803.0,3.146552
2295977.0,3.133773
2305150.0,3.121097
2314324.0,3.108522
2323498.0,3.096047
2332672.0,3.083671
2341845.0,3.071394
2351019.0,3.059212
2360193.0,3.047125
2369367.0,3.035133
2378540.0,3.023236
2387714.0,3.011429
2396888.0,2.999714
2406062.0,2.988088
2415235.0,2.976553
2424409.0,2.965105
2433583.0,2.953743
2442757.0,2.942468
2451930.0,2.931279
2461104.0,2.920173
2470278.0,2.90915
2479452.0,2.898209
2488625.0,2.887351
2497799.0,2.876572
2506973.0,2.865873
2516147.0,2.855252
2525320.0,2.84471
2533055.0,2.835694
2540790.0,2.826734
2548525.0,2.81783
2556260.0,2.80898
2556261.0,2.808979
2563195.0,2.801917
2570128.0,2.794893
2577061.0,2.787905
2583994.0,2.780954
2590928.0,2.774037
2597861.0,2.767158
2604795.0,2.760312
2611728.0,2.753502
2618662.0,2.746727
2625595.0,2.739986
2632529.0,2.73328
2639462.0,2.726608
2646396.0,2.719968
2653329.0,2.713363
2660262.0,2.706792
2667195.0,2.700253
2674129.0,2.693746
2681062.0,2.687273
2687996.0,2.680831
2694929.0,2.674422
2701863.0,2.668043
2708796.0,2.661697
2715730.0,2.655381
2722663.0,2.649098
2729597.0,2.642844
2736530.0,2.636621
2743464.0,2.630428
2750397.0,2.624266
2757331.0,2.618134
2764264.0,2.612031
2771197.0,2.605958
2778130.0,2.599915
2785064.0,2.593899
2791997.0,2.587913
2798931.0,2.581955
2805864.0,2.576026
2812798.0,2.570125
2819731.0,2.564252
2826665.0,2.558407
2833598.0,2.55259
2840532.0,2.546799
2847465.0,2.541036
2854399.0,2.5353
2861332.0,2.529591
2868266.0,2.523908
2875199.0,2.518252
2882132.0,2.512623
2889065.0,2.507019
2895999.0,2.501441
2902932.0,2.495889
2909866.0,2.490362
2916799.0,2.484861
2923733.0,2.479384
2930666.0,2.473934
2937600.0,2.468507
2944533.0,2.463106
2951467.0,2.457728
2958400.0,2.452375
2965334.0,2.447046
2972267.0,2.441742
2979201.0,2.43646
2986134.0,2.431204
2993067.0,2.42597
3000000.0,2.42076
3007813.0,2.417491
3015625.0,2.414235
3023438.0,2.410992
3031250.0,2.407762
3039063.0,2.404544
3046875.0,2.401339
3054688.0,2.398146
3062500.0,2.394966
3070313.0,2.391798
3078125.0,2.388642
3085938.0,2.385498
3093750.0,2.382367
3101563.0,2.379247
3109375.0,2.37614
3117188.0,2.373044
3125000.0,2.36996
3132813.0,2.366887
3140625.0,2.363827
3148438.0,2.360777
3156250.0,2.35774
3164063.0,2.354713
3171875.0,2.351699
3179688.0,2.348695
3187500.0,2.345702
3195313.0,2.342721
3203125.0,2.339751
3210938.0,2.336791
3218750.0,2.333843
3226563.0,2.330905
3234375.0,2.327978
3242188.0,2.325062
3250000.0,2.322157
3257813.0,2.319262
3265625.0,2.316378
3273438.0,2.313504
3281250.0,2.31064
3289063.0,2.307787
3296875.0,2.304945
3304688.0,2.302112
3312500.0,2.29929
3320313.0,2.296477
3328125.0,2.293675
3335938.0,2.290882
3343750.0,2.2881
3351563.0,2.285327
3359375.0,2.282565
3367188.0,2.279812
3375000.0,2.277069
3382813.0,2.274335
3390625.0,2.271611
3398438.0,2.268896
3406250.0,2.266191
3414063.0,2.263495
3421875.0,2.260809
3429688.0,2.258132
3437500.0,2.255464
3445313.0,2.252806
3453125.0,2.250156
3460938.0,2.247516
3468750.0,2.244885
3476563.0,2.242262
3484375.0,2.239649
3492188.0,2.237044
3500000.0,2.234449
3507813.0,2.231862
3515625.0,2.229284
3523438.0,2.226714
3531250.0,2.224154
3539063.0,2.221601
3546875.0,2.219058
3554688.0,2.216523
3562500.0,2.213996
3570313.0,2.211478
3578125.0,2.208968
3585938.0,2.206466
3593750.0,2.203973
3601563.0,2.201488
3609375.0,2.199011
3617188.0,2.196542
3625000.0,2.194081
3632813.0,2.191628
3640625.0,2.189184
3648438.0,2.186747
3656250.0,2.184318
3664063.0,2.181897
3671875.0,2.179484
3679688.0,2.177079
3687500.0,2.174681
3695313.0,2.172291
3703125.0,2.169909
3710938.0,2.167535
3718750.0,2.165168
3726563.0,2.162808
3734375.0,2.160457
3742188.0,2.158112
3750000.0,2.155775
3757813.0,2.153445
3765625.0,2.151123
3773438.0,2.148808
3781250.0,2.1465
3789063.0,2.1442
3796875.0,2.141907
3804688.0,2.13962
3812500.0,2.137341
3820313.0,2.135069
3828125.0,2.132805
3835938.0,2.130547
3843750.0,2.128296
3851563.0,2.126052
3859375.0,2.123815
3867188.0,2.121585
3875000.0,2.119361
3882813.0,2.117145
3890625.0,2.114935
3898438.0,2.112732
3906250.0,2.110536
3914063.0,2.108346
3921875.0,2.106163
3929688.0,2.103986
3937500.0,2.101817
3945313.0,2.099653
3953125.0,2.097496
3960938.0,2.095346
3968750.0,2.093202
3976563.0,2.091064
3984375.0,2.088933
3992188.0,2.086808
4000000.0,2.08469
4015625.0,2.085593
4031250.0,2.086493
4046875.0,2.087389
4062500.0,2.088283
4078125.0,2.089173
4093750.0,2.090061
4109375.0,2.090945
4125000.0,2.091827
4140625.0,2.092705
4156250.0,2.093581
4171875.0,2.094454
4187500.0,2.095323
4203125.0,2.09619
4218750.0,2.097054
4234375.0,2.097915
4250000.0,2.098774
4265625.0,2.099629
4281250.0,2.100482
4296875.0,2.101332
4312500.0,2.102179
4328125.0,2.103024
4343750.0,2.103866
4359375.0,2.104705
4375000.0,2.105542
4390625.0,2.106375
4406250.0,2.107207
4421875.0,2.108035
4437500.0,2.108861
4453125.0,2.109685
4468750.0,2.110505
4484375.0,2.111324
4500000.0,2.112139
4515625.0,2.112953
4531250.0,2.113763
4546875.0,2.114572
4562500.0,2.115378
4578125.0,2.116181
4593750.0,2.116982
4609375.0,2.11778
4625000.0,2.118576
4640625.0,2.11937
4656250.0,2.120162
4671875.0,2.120951
4687500.0,2.121737
4703125.0,2.122522
4718750.0,2.123304
4734375.0,2.124083
4750000.0,2.124861
4765625.0,2.125636
4781250.0,2.126409
4796875.0,2.127179
4812500.0,2.127948
4828125.0,2.128714
4843750.0,2.129478
4859375.0,2.13024
4875000.0,2.131
4890625.0,2.131757
4906250.0,2.132512
4921875.0,2.133266
4937500.0,2.134017
4953125.0,2.134766
4968750.0,2.135512
4984375.0,2.136257
5000000.0,2.137
5018844.0,2.141593
5037688.0,2.146179
5056532.0,2.150757
5075375.0,2.155328
5094219.0,2.159892
5113063.0,2.164449
5131907.0,2.168998
5150750.0,2.17354
5166191.0,2.17722
5181632.0,2.180894
5197073.0,2.184564
5212514.0,2.18823
5227955.0,2.19189
5243396.0,2.195546
5258837.0,2.199197
5274278.0,2.202844
5289719.0,2.206485
5305160.0,2.210123
5320601.0,2.213755
5336042.0,2.217383
5351483.0,2.221007
5366924.0,2.224626
5382365.0,2.22824
5397805.0,2.23185
5413246.0,2.235455
5428687.0,2.239056
5444128.0,2.242653
5459569.0,2.246245
5475010.0,2.249832
5490451.0,2.253416
5505892.0,2.256995
5521333.0,2.260569
5536774.0,2.264139
5552215.0,2.267705
5567656.0,2.271267
5583097.0,2.274824
5598538.0,2.278377
5613979.0,2.281926
5629420.0,2.28547
5644860.0,2.28901
5667057.0,2.29403
5689253.0,2.299041
5711449.0,2.304043
5733645.0,2.309037
5755842.0,2.314022
5778038.0,2.318999
5800234.0,2.323967
5822430.0,2.328927
5844627.0,2.333879
5866823.0,2.338822
5889019.0,2.343757
5911215.0,2.348684
5933412.0,2.353603
5955608.0,2.358513
5977804.0,2.363416
6000000.0,2.36831
6007813.0,2.370425
6015625.0,2.37254
6023438.0,2.374654
6031250.0,2.376766
6039063.0,2.378878
6046875.0,2.380989
6054688.0,2.3831
6062500.0,2.385209
6070313.0,2.387317
6078125.0,2.389425
6085938.0,2.391532
6093750.0,2.393638
6101563.0,2.395743
6109375.0,2.397847
6117188.0,2.399951
6125000.0,2.402053
6132813.0,2.404155
6140625.0,2.406256
6148438.0,2.408356
6156250.0,2.410455
6164063.0,2.412553
6171875.0,2.414651
6179688.0,2.416748
6187500.0,2.418843
6195313.0,2.420939
6203125.0,2.423033
6210938.0,2.425126
6218750.0,2.427219
6226563.0,2.42931
6234375.0,2.431401
6242188.0,2.433491
6250000.0,2.435581
6257813.0,2.437669
6265625.0,2.439757
6273438.0,2.441844
6281250.0,2.443929
6289063.0,2.446015
6296875.0,2.448099
6304688.0,2.450183
6312500.0,2.452265
6320313.0,2.454347
6328125.0,2.456428
6335938.0,2.458509
6343750.0,2.460588
6351563.0,2.462667
6359375.0,2.464745
6367188.0,2.466822
6375000.0,2.468898
6382813.0,2.470974
6390625.0,2.473049
6398438.0,2.475123
6406250.0,2.477196
6414063.0,2.479268
6421875.0,2.481339
6429688.0,2.48341
6437500.0,2.48548
6445313.0,2.487549
6453125.0,2.489618
6460938.0,2.491685
6468750.0,2.493752
6476563.0,2.495818
6484375.0,2.497883
6492188.0,2.499948
6500000.0,2.502012
6507813.0,2.504075
6515625.0,2.506137
6523438.0,2.508198
6531250.0,2.510259
6539063.0,2.512319
6546875.0,2.514377
6554688.0,2.516436
6562500.0,2.518493
6570313.0,2.52055
6578125.0,2.522606
6585938.0,2.524661
6593750.0,2.526715
6601563.0,2.528769
6609375.0,2.530822
6617188.0,2.532874
6625000.0,2.534926
6632813.0,2.536976
6640625.0,2.539026
6648438.0,2.541075
6656250.0,2.543124
6664063.0,2.545171
6671875.0,2.547218
6679688.0,2.549264
6687500.0,2.551309
6695313.0,2.553354
6703125.0,2.555398
6710938.0,2.557441
6718750.0,2.559483
6726563.0,2.561525
6734375.0,2.563566
6742188.0,2.565606
6750000.0,2.567645
6757813.0,2.569684
6765625.0,2.571722
6773438.0,2.573759
6781250.0,2.575795
6789063.0,2.577831
6796875.0,2.579866
6804688.0,2.5819
6812500.0,2.583934
6820313.0,2.585966
6828125.0,2.587998
6835938.0,2.59003
6843750.0,2.59206
6851563.0,2.59409
6859375.0,2.596119
6867188.0,2.598148
6875000.0,2.600175
6882813.0,2.602202
6890625.0,2.604228
6898438.0,2.606254
6906250.0,2.608279
6914063.0,2.610303
6921875.0,2.612326
6929688.0,2.614349
6937500.0,2.61637
6945313.0,2.618392
6953125.0,2.620412
6960938.0,2.622432
6968750.0,2.624451
6976563.0,2.626469
6984375.0,2.628487
6992188.0,2.630504
7000000.0,2.63252
7006996.0,2.634056
7013991.0,2.63559
7020987.0,2.637125
7027982.0,2.638658
7034978.0,2.640191
7041973.0,2.641723
7048969.0,2.643255
7055964.0,2.644786
7062960.0,2.646317
7069955.0,2.647846
7076951.0,2.649375
7083946.0,2.650904
7090942.0,2.652432
7097937.0,2.653959
7104932.0,2.655486
7111927.0,2.657011
7118923.0,2.658537
7125918.0,2.660062
7132914.0,2.661586
7139909.0,2.663109
7146905.0,2.664632
7153900.0,2.666154
7160895.0,2.667676
7167890.0,2.669197
7174886.0,2.670717
7181881.0,2.672237
7188877.0,2.673756
7195872.0,2.675275
7202868.0,2.676793
7209863.0,2.67831
7216858.0,2.679827
7223853.0,2.681343
7230849.0,2.682858
7237844.0,2.684373
7244840.0,2.685888
7251835.0,2.687401
7258831.0,2.688914
7265826.0,2.690427
7272821.0,2.691938
7279816.0,2.69345
7286812.0,2.69496
7293807.0,2.69647
7300803.0,2.69798
7307798.0,2.699489
7314794.0,2.700997
7321789.0,2.702504
7328784.0,2.704011
7335779.0,2.705518
7342775.0,2.707024
7349770.0,2.708529
7356766.0,2.710034
7363761.0,2.711537
7370757.0,2.713041
7377752.0,2.714544
7384747.0,2.716046
7391742.0,2.717548
7398738.0,2.719049
7405733.0,2.720549
7412729.0,2.722049
7419724.0,2.723548
7426720.0,2.725047
7433715.0,2.726545
7440710.0,2.728043
7447705.0,2.72954
7454701.0,2.731036
7461696.0,2.732532
7468692.0,2.734027
7475687.0,2.735522
7482683.0,2.737016
7489678.0,2.738509
7496674.0,2.740002
7503669.0,2.741494
7510665.0,2.742986
7517660.0,2.744477
7524656.0,2.745968
7531651.0,2.747458
7538647.0,2.748947
7545642.0,2.750436
7552637.0,2.751924
7559632.0,2.753412
7566628.0,2.754899
7573623.0,2.756386
7580619.0,2.757872
7587614.0,2.759357
7594610.0,2.760842
7601605.0,2.762326
7608600.0,2.76381
7615595.0,2.765293
7622591.0,2.766775
7629586.0,2.768257
7636582.0,2.769739
7643577.0,2.77122
7650573.0,2.7727
7657568.0,2.77418
7664563.0,2.775659
7671558.0,2.777137
7678554.0,2.778615
7685549.0,2.780093
7692545.0,2.78157
7699540.0,2.783046
7706536.0,2.784522
7713531.0,2.785997
7720526.0,2.787472
7727521.0,2.788946
7734517.0,2.79042
7741512.0,2.791893
7748508.0,2.793365
7755503.0,2.794837
7762499.0,2.796308
7769494.0,2.797779
7776489.0,2.799249
7783484.0,2.800719
7790480.0,2.802188
7797475.0,2.803657
7804471.0,2.805125
7811466.0,2.806592
7818462.0,2.80806
7825457.0,2.809526
7832452.0,2.810992
7839447.0,2.812457
7846443.0,2.813922
7853438.0,2.815386
7860434.0,2.81685
7867429.0,2.818313
7874425.0,2.819776
7881420.0,2.821238
7888415.0,2.822699
7895410.0,2.82416
7908484.0,2.826814
7921558.0,2.829466
7934632.0,2.832117
7947705.0,2.834765
7960779.0,2.837412
7973853.0,2.840056
7986927.0,2.842699
8000000.0,2.84534
8014942.0,2.847527
8029884.0,2.849711
8044826.0,2.851892
8059768.0,2.854072
8074710.0,2.856249
8089652.0,2.858423
8104594.0,2.860595
8119535.0,2.862765
8134477.0,2.864933
8149419.0,2.867098
8164361.0,2.869261
8179303.0,2.871421
8194245.0,2.873579
8209187.0,2.875735
8224129.0,2.877889
8239070.0,2.88004
8254459.0,2.88223
8269847.0,2.884417
8285235.0,2.886602
8300623.0,2.888785
8316011.0,2.890965
8331399.0,2.893142
8346787.0,2.895318
8362175.0,2.897491
8377564.0,2.899662
8392952.0,2.90183
8408340.0,2.903996
8423728.0,2.906159
8439116.0,2.90832
8454504.0,2.910479
8469892.0,2.912636
8485280.0,2.91479
8501129.0,2.916982
8516977.0,2.919171
8532825.0,2.921358
8548673.0,2.923543
8564521.0,2.925725
8580369.0,2.927904
8596217.0,2.930082
8612065.0,2.932256
8627914.0,2.934429
8643762.0,2.936599
8659610.0,2.938767
8675458.0,2.940932
8691306.0,2.943095
8707154.0,2.945256
8723002.0,2.947414
8738850.0,2.94957
8755172.0,2.951765
8771494.0,2.953958
8787816.0,2.956148
8804138.0,2.958336
8820460.0,2.960521
8836782.0,2.962704
8853104.0,2.964884
8869425.0,2.967062
8885747.0,2.969238
8902069.0,2.971411
8918391.0,2.973582
8934713.0,2.97575
8951035.0,2.977916
8967357.0,2.98008
8983679.0,2.982241
9000000.0,2.9844
9015014.0,2.983835
9030027.0,2.983271
9045040.0,2.982707
9060053.0,2.982145
9075066.0,2.981584
9090079.0,2.981024
9105092.0,2.980465
9120105.0,2.979907
9135119.0,2.97935
9150132.0,2.978794
9165145.0,2.978239
9180158.0,2.977686
9195171.0,2.977133
9210184.0,2.976581
9225197.0,2.97603
9240210.0,2.97548
9248240.0,2.975185
9256270.0,2.974891
9264300.0,2.974597
9272330.0,2.974303
9280360.0,2.974009
9288390.0,2.973716
9296420.0,2.973423
9304450.0,2.97313
9315849.0,2.97439
9327248.0,2.975649
9338647.0,2.976907
9350045.0,2.978164
9361444.0,2.97942
9372843.0,2.980675
9384242.0,2.981929
9395640.0,2.983182
9407039.0,2.984434
9418438.0,2.985685
9429837.0,2.986935
9441235.0,2.988184
9452634.0,2.989432
9464033.0,2.990679
9475432.0,2.991925
9486830.0,2.99317
9494743.0,2.994027
9502656.0,2.994883
9510569.0,2.995738
9518482.0,2.996593
9526395.0,2.997448
9534308.0,2.998302
9542221.0,2.999156
9550133.0,3.000009
9558046.0,3.000862
9565959.0,3.001714
9573872.0,3.002566
9581784.0,3.003418
9589697.0,3.004269
9597610.0,3.005119
9605523.0,3.005969
9613435.0,3.006819
9621348.0,3.007668
9629261.0,3.008517
9637174.0,3.009365
9645087.0,3.010213
9653000.0,3.01106
9660913.0,3.011907
9668826.0,3.012753
9676738.0,3.013599
9684651.0,3.014444
9692564.0,3.015289
9700477.0,3.016134
9708389.0,3.016978
9716302.0,3.017822
9724215.0,3.018665
9732128.0,3.019508
9740040.0,3.02035
9748164.0,3.021206
9756288.0,3.022062
9764412.0,3.022917
9772535.0,3.023772
9780659.0,3.024627
9788783.0,3.025481
9796907.0,3.026334
9805030.0,3.027187
9813154.0,3.028039
9821278.0,3.028892
9829402.0,3.029743
9837525.0,3.030594
9845649.0,3.031445
9853773.0,3.032295
9861897.0,3.033145
9870020.0,3.033994
9878144.0,3.034843
9886268.0,3.035691
9894392.0,3.036539
9902515.0,3.037386
9910639.0,3.038233
9918763.0,3.03908
9926887.0,3.039926
9935010.0,3.040772
9943134.0,3.041617
9951258.0,3.042461
9959382.0,3.043306
9967505.0,3.044149
9975629.0,3.044993
9983753.0,3.045836
9991877.0,3.046678
10000000.0,3.04752
10015070.0,3.045804
10030140.0,3.044092
10045210.0,3.042384
10060280.0,3.040679
10075350.0,3.038977
10090420.0,3.037279
10105490.0,3.035584
10120550.0,3.033894
10135620.0,3.032207
10150690.0,3.030523
10165760.0,3.028842
10180830.0,3.027164
10195900.0,3.02549
10210970.0,3.02382
10226040.0,3.022153
10241100.0,3.02049
10261250.0,3.018258
10281400.0,3.016033
10301550.0,3.013814
10321700.0,3.0116
10326900.0,3.011356
10332100.0,3.011111
10337300.0,3.010867
10342500.0,3.010623
10347700.0,3.01038
10352900.0,3.010136
10358100.0,3.009892
10363300.0,3.009649
10368500.0,3.009406
10373700.0,3.009163
10378900.0,3.00892
10384100.0,3.008677
10389300.0,3.008434
10394500.0,3.008192
10399700.0,3.007949
10404900.0,3.007707
10415300.0,3.007223
10425700.0,3.006739
10436100.0,3.006256
10446500.0,3.005774
10456900.0,3.005292
10467300.0,3.004811
10477700.0,3.00433
10488100.0,3.00385
10496100.0,3.003478
10504100.0,3.003106
10512100.0,3.002735
10520100.0,3.002364
10528100.0,3.001993
10536100.0,3.001623
10544100.0,3.001253
10552090.0,3.000884
10560090.0,3.000514
10568090.0,3.000145
10576090.0,2.999777
10584090.0,2.999408
10592090.0,2.99904
10600090.0,2.998673
10608090.0,2.998305
10616080.0,2.997938
10624080.0,2.997572
10632080.0,2.997205
10640080.0,2.996839
10648080.0,2.996473
10656080.0,2.996108
10664080.0,2.995743
10672080.0,2.995378
10680070.0,2.995014
10688070.0,2.994649
10696070.0,2.994286
10704070.0,2.993922
10712060.0,2.993559
10720060.0,2.993196
10728060.0,2.992834
10736060.0,2.992471
10744050.0,2.99211
10752050.0,2.991748
10760050.0,2.991387
10768050.0,2.991025
10776050.0,2.990665
10784050.0,2.990304
10792050.0,2.989944
10800050.0,2.989584
10808040.0,2.989225
10816040.0,2.988866
10824040.0,2.988507
10832040.0,2.988148
10840040.0,2.98779
10848040.0,2.987432
10856040.0,2.987075
10864040.0,2.986717
10872030.0,2.986361
10880030.0,2.986004
10888030.0,2.985647
10896030.0,2.985291
10904030.0,2.984935
10912030.0,2.98458
10920030.0,2.984225
10928030.0,2.98387
10936020.0,2.983515
10944020.0,2.983161
10952020.0,2.982807
10960020.0,2.982453
10968010.0,2.9821
10976010.0,2.981747
10984010.0,2.981394
10992010.0,2.981042
11000000.0,2.98069
11007560.0,2.980779
11015120.0,2.980869
11022680.0,2.980958
11030240.0,2.981047
11037800.0,2.981136
11045360.0,2.981225
11052920.0,2.981314
11060480.0,2.981403
11068040.0,2.981492
11075600.0,2.981581
11083160.0,2.98167
11090720.0,2.981758
11098280.0,2.981847
11105840.0,2.981935
11113400.0,2.982024
11120950.0,2.982112
11128510.0,2.982201
11136070.0,2.982289
11143630.0,2.982377
11151190.0,2.982466
11158750.0,2.982554
11166310.0,2.982642
11173870.0,2.98273
11181430.0,2.982818
11188990.0,2.982906
11196550.0,2.982994
11204110.0,2.983082
11211670.0,2.98317
11219230.0,2.983257
11226790.0,2.983345
11234350.0,2.983433
11241900.0,2.98352
11249630.0,2.983608
11257350.0,2.983696
11265080.0,2.983784
11272800.0,2.983872
11280530.0,2.98396
11288250.0,2.984048
11295980.0,2.984135
11303700.0,2.984223
11311430.0,2.984311
11319150.0,2.984398
11326880.0,2.984486
11334600.0,2.984573
11342330.0,2.984661
11350050.0,2.984748
11357780.0,2.984835
11365500.0,2.984922
11373230.0,2.985009
11380950.0,2.985097
11388680.0,2.985184
11396400.0,2.985271
11404130.0,2.985358
11411850.0,2.985444
11419580.0,2.985531
11427300.0,2.985618
11435030.0,2.985705
11442750.0,2.985791
11450480.0,2.985878
11458200.0,2.985964
11465930.0,2.986051
11473650.0,2.986137
11481380.0,2.986224
11489100.0,2.98631
11498570.0,2.986414
11508030.0,2.986519
11517490.0,2.986623
11526950.0,2.986727
11536420.0,2.986831
11545880.0,2.986935
11555340.0,2.987039
11564800.0,2.987143
11574270.0,2.987246
11583730.0,2.98735
11593190.0,2.987454
11602650.0,2.987557
11612120.0,2.98766
11621580.0,2.987764
11631040.0,2.987867
11640500.0,2.98797
11651740.0,2.988389
11662970.0,2.988806
11674210.0,2.989224
11685440.0,2.989642
11696680.0,2.990059
11707910.0,2.990475
11719150.0,2.990892
11730380.0,2.991308
11741620.0,2.991723
11752850.0,2.992139
11764090.0,2.992554
11775320.0,2.992968
11786560.0,2.993383
11797790.0,2.993796
11809020.0,2.99421
11820250.0,2.994623
11831490.0,2.995036
11842720.0,2.995449
11853960.0,2.995861
11865190.0,2.996273
11876430.0,2.996685
11887660.0,2.997096
11898900.0,2.997507
11910130.0,2.997917
11921370.0,2.998328
11932600.0,2.998738
11943840.0,2.999147
11955070.0,2.999556
11966310.0,2.999966
11977540.0,3.000374
11988770.0,3.000782
12000000.0,3.00119
12007660.0,3.000463
12015320.0,2.999737
12022980.0,2.999011
12030630.0,2.998287
12038290.0,2.997562
12045940.0,2.996839
12053600.0,2.996116
12061250.0,2.995394
12068910.0,2.994672
12076570.0,2.993951
12084230.0,2.99323
12091880.0,2.992511
12099540.0,2.991792
12107190.0,2.991074
12114850.0,2.990355
12122500.0,2.989639
12130160.0,2.988922
12137820.0,2.988206
12145480.0,2.98749
12153130.0,2.986776
12160790.0,2.986061
12168440.0,2.985348
12176100.0,2.984635
12183750.0,2.983923
12191410.0,2.983212
12199070.0,2.9825
12206730.0,2.981789
12214380.0,2.98108
12222040.0,2.980371
12229690.0,2.979663
12237350.0,2.978954
12245000.0,2.978248
12252660.0,2.977541
12260320.0,2.976834
12267980.0,2.976128
12275630.0,2.975424
12283290.0,2.974719
12290940.0,2.974016
12298600.0,2.973313
12306250.0,2.972611
12313910.0,2.971909
12321570.0,2.971207
12329230.0,2.970506
12336880.0,2.969806
12344540.0,2.969107
12352190.0,2.968408
12359850.0,2.96771
12367500.0,2.967013
12375160.0,2.966315
12382820.0,2.965618
12390480.0,2.964922
12398130.0,2.964227
12405790.0,2.963532
12413440.0,2.962839
12421100.0,2.962145
12428750.0,2.961452
12436410.0,2.96076
12444070.0,2.960068
12451730.0,2.959376
12459380.0,2.958686
12467040.0,2.957996
12474690.0,2.957307
12482350.0,2.956618
12490000.0,2.95593
12497970.0,2.955199
12505940.0,2.954468
12513910.0,2.953738
12521880.0,2.953008
12529850.0,2.952279
12537820.0,2.951551
12545790.0,2.950824
12553750.0,2.950097
12561720.0,2.949371
12569690.0,2.948646
12577660.0,2.947921
12585630.0,2.947196
12593600.0,2.946472
12601570.0,2.945749
12609540.0,2.945027
12617500.0,2.944306
12625470.0,2.943585
12633440.0,2.942864
12641410.0,2.942144
12649380.0,2.941425
12657350.0,2.940706
12665320.0,2.939988
12673290.0,2.939271
12681250.0,2.938555
12689220.0,2.937839
12697190.0,2.937123
12705160.0,2.936408
12713130.0,2.935694
12721100.0,2.93498
12729070.0,2.934267
12737040.0,2.933555
12745000.0,2.932844
12752970.0,2.932133
12760940.0,2.931422
12768910.0,2.930712
12776880.0,2.930003
12784850.0,2.929294
12792820.0,2.928586
12800790.0,2.927878
12808750.0,2.927172
12816720.0,2.926466
12824690.0,2.92576
12832660.0,2.925055
12840630.0,2.924351
12848600.0,2.923647
12856570.0,2.922944
12864540.0,2.922241
12872500.0,2.92154
12880470.0,2.920838
12888440.0,2.920137
12896410.0,2.919437
12904380.0,2.918738
12912350.0,2.918038
12920320.0,2.91734
12928290.0,2.916642
12936250.0,2.915946
12944220.0,2.915249
12952190.0,2.914553
12960160.0,2.913858
12968130.0,2.913163
12976100.0,2.912468
12984070.0,2.911775
12992040.0,2.911082
13000000.0,2.91039
13007770.0,2.909747
13015540.0,2.909104
13023310.0,2.908461
13031070.0,2.90782
13038840.0,2.907179
13046600.0,2.906539
13054370.0,2.905899
13062130.0,2.90526
13069900.0,2.904621
13077660.0,2.903983
13085430.0,2.903345
13093190.0,2.902708
13100960.0,2.902071
13108720.0,2.901435
13116490.0,2.900799
13124250.0,2.900164
13132020.0,2.899529
13139790.0,2.898894
13147560.0,2.89826
13155320.0,2.897628
13163090.0,2.896995
13170850.0,2.896363
13178620.0,2.895731
13186380.0,2.8951
13194150.0,2.894469
13201910.0,2.89384
13209680.0,2.89321
13217440.0,2.892581
13225210.0,2.891952
13232970.0,2.891325
13240740.0,2.890697
13248500.0,2.89007
13260250.0,2.889153
13271990.0,2.888237
13283730.0,2.887322
13295470.0,2.886409
13307220.0,2.885496
13318960.0,2.884585
13330700.0,2.883675
13342440.0,2.882766
13354190.0,2.881857
13365930.0,2.88095
13377670.0,2.880044
13389410.0,2.879139
13401160.0,2.878235
13412900.0,2.877332
13424640.0,2.876431
13436380.0,2.875531
13448130.0,2.87463
13459870.0,2.873732
13471610.0,2.872835
13483350.0,2.871939
13495100.0,2.871043
13506840.0,2.870149
13518580.0,2.869256
13530320.0,2.868364
13542070.0,2.867472
13553810.0,2.866582
13565550.0,2.865694
13577290.0,2.864806
13589030.0,2.863919
13600770.0,2.863034
13612510.0,2.862149
13624250.0,2.861265
13636000.0,2.860382
13647740.0,2.859501
13659480.0,2.85862
13671220.0,2.857741
13682970.0,2.856861
13694710.0,2.855984
13706450.0,2.855108
13718190.0,2.854232
13729940.0,2.853357
13741680.0,2.852484
13753420.0,2.851611
13765160.0,2.85074
13776910.0,2.849869
13788650.0,2.849
13800390.0,2.848131
13812130.0,2.847264
13823880.0,2.846397
13835620.0,2.845532
13847360.0,2.844668
13859100.0,2.843804
13870850.0,2.842941
13882590.0,2.84208
13894330.0,2.84122
13906070.0,2.84036
13917820.0,2.839501
13929560.0,2.838644
13941300.0,2.837787
13953040.0,2.836932
13964780.0,2.836077
13976520.0,2.835224
13988260.0,2.834372
14000000.0,2.83352
14010490.0,2.832278
14020970.0,2.831038
14031450.0,2.8298
14041930.0,2.828564
14052410.0,2.827329
14062890.0,2.826095
14073370.0,2.824863
14083850.0,2.823632
14094340.0,2.822402
14104820.0,2.821174
14115300.0,2.819947
14125780.0,2.818722
14136260.0,2.817499
14146740.0,2.816277
14157220.0,2.815056
14167700.0,2.813837
14178190.0,2.812618
14188670.0,2.811402
14199150.0,2.810187
14209630.0,2.808973
14220110.0,2.807761
14230590.0,2.806551
14241070.0,2.805341
14251550.0,2.804133
14262040.0,2.802926
14272520.0,2.801721
14283000.0,2.800517
14293480.0,2.799315
14303960.0,2.798114
14314440.0,2.796915
14324920.0,2.795717
14335400.0,2.79452
14355980.0,2.79228
14376550.0,2.790045
14397130.0,2.787815
14417700.0,2.78559
14438280.0,2.78337
14458850.0,2.781155
14479430.0,2.778945
14500000.0,2.77674
14515630.0,2.77523
14531250.0,2.773724
14546880.0,2.77222
14562500.0,2.770718
14578130.0,2.769219
14593750.0,2.767722
14609380.0,2.766227
14625000.0,2.764736
14640630.0,2.763245
14656250.0,2.761759
14671880.0,2.760273
14687500.0,2.758791
14703130.0,2.75731
14718750.0,2.755833
14734380.0,2.754357
14750000.0,2.752885
14765630.0,2.751413
14781250.0,2.749945
14796880.0,2.748479
14812500.0,2.747016
14828130.0,2.745554
14843750.0,2.744095
14859380.0,2.742638
14875000.0,2.741184
14890630.0,2.739731
14906250.0,2.738282
14921880.0,2.736834
14937500.0,2.735389
14953130.0,2.733945
14968750.0,2.732505
14984380.0,2.731066
15000000.0,2.72963
15025990.0,2.726433
15051970.0,2.723247
15077960.0,2.720069
15103940.0,2.716902
15129930.0,2.713742
15155910.0,2.710592
15181900.0,2.707451
15207880.0,2.704319
15233870.0,2.701196
15259850.0,2.698082
15285840.0,2.694976
15311820.0,2.69188
15337810.0,2.688792
15363790.0,2.685714
15389770.0,2.682644
15415750.0,2.679583
15441740.0,2.67653
15467720.0,2.673486
15493710.0,2.67045
15519690.0,2.667423
15545680.0,2.664404
15571660.0,2.661395
15597650.0,2.658392
15623630.0,2.655399
15649620.0,2.652414
15675600.0,2.649437
15701590.0,2.646468
15727570.0,2.643509
15753560.0,2.640556
15779540.0,2.637612
15805520.0,2.634677
15831500.0,2.63175
15873630.0,2.626841
15915750.0,2.621956
15957880.0,2.617092
16000000.0,2.61225
16029520.0,2.607351
16059040.0,2.60247
16088560.0,2.597606
16118080.0,2.592761
16147600.0,2.587934
16177120.0,2.583125
16206640.0,2.578333
16236150.0,2.57356
16265670.0,2.568804
16295190.0,2.564064
16324710.0,2.559342
16354230.0,2.554637
16383750.0,2.54995
16413270.0,2.545279
16442790.0,2.540625
16472300.0,2.53599
16524250.0,2.528467
16576200.0,2.52099
16629180.0,2.513661
16682150.0,2.506379
16735130.0,2.499139
16788100.0,2.491944
16841080.0,2.484791
16894050.0,2.477682
16947030.0,2.470614
17000000.0,2.46359
17062500.0,2.455643
17125000.0,2.447751
17187500.0,2.439912
17250000.0,2.432128
17312500.0,2.424395
17375000.0,2.416716
17437500.0,2.409088
17500000.0,2.401511
17562500.0,2.393985
17625000.0,2.386509
17687500.0,2.379083
17750000.0,2.371706
17812500.0,2.364378
17875000.0,2.357098
17937500.0,2.349865
18000000.0,2.34268
18015630.0,2.340306
18031250.0,2.337938
18046880.0,2.335572
18062500.0,2.333213
18078130.0,2.330857
18093750.0,2.328506
18109380.0,2.326159
18125000.0,2.323817
18140630.0,2.321478
18156250.0,2.319145
18171880.0,2.316815
18187500.0,2.314491
18203130.0,2.31217
18218750.0,2.309854
18234380.0,2.307541
18250000.0,2.305234
18265630.0,2.30293
18281250.0,2.300632
18296880.0,2.298336
18312500.0,2.296046
18328130.0,2.293759
18343750.0,2.291477
18359380.0,2.289198
18375000.0,2.286925
18390630.0,2.284655
18406250.0,2.28239
18421880.0,2.280128
18437500.0,2.277872
18453130.0,2.275618
18468750.0,2.27337
18484380.0,2.271124
18500000.0,2.268884
18515630.0,2.266647
18531250.0,2.264415
18546880.0,2.262186
18562500.0,2.259963
18578130.0,2.257742
18593750.0,2.255526
18609380.0,2.253313
18625000.0,2.251106
18640630.0,2.248901
18656250.0,2.246702
18671880.0,2.244505
18687500.0,2.242313
18703130.0,2.240124
18718750.0,2.237941
18734380.0,2.23576
18750000.0,2.233584
18765630.0,2.231411
18781250.0,2.229243
18796880.0,2.227078
18812500.0,2.224918
18828130.0,2.222761
18843750.0,2.220608
18859380.0,2.218459
18875000.0,2.216314
18890630.0,2.214172
18906250.0,2.212035
18921880.0,2.209901
18937500.0,2.207772
18953130.0,2.205645
18968750.0,2.203523
18984380.0,2.201404
19000000.0,2.19929
19015630.0,2.197163
19031250.0,2.195042
19046880.0,2.192923
19062500.0,2.190809
19078130.0,2.188698
19093750.0,2.186592
19109380.0,2.184488
19125000.0,2.182389
19140630.0,2.180292
19156250.0,2.178201
19171880.0,2.176112
19187500.0,2.174028
19203130.0,2.171946
19218750.0,2.16987
19234380.0,2.167796
19250000.0,2.165726
19265630.0,2.163659
19281250.0,2.161597
19296880.0,2.159538
19312500.0,2.157483
19328130.0,2.155431
19343750.0,2.153383
19359380.0,2.151338
19375000.0,2.149298
19390630.0,2.14726
19406250.0,2.145227
19421880.0,2.143196
19437500.0,2.14117
19453130.0,2.139146
19468750.0,2.137127
19484380.0,2.13511
19500000.0,2.133098
19515630.0,2.131089
19531250.0,2.129084
19546880.0,2.127081
19562500.0,2.125083
19578130.0,2.123087
19593750.0,2.121096
19609380.0,2.119107
19625000.0,2.117123
19640630.0,2.115141
19656250.0,2.113164
19671880.0,2.111189
19687500.0,2.109218
19703130.0,2.10725
19718750.0,2.105286
19734380.0,2.103325
19750000.0,2.101368
19765630.0,2.099413
19781250.0,2.097463
19796880.0,2.095515
19812500.0,2.093571
19828130.0,2.09163
19843750.0,2.089693
19859380.0,2.087759
19875000.0,2.085828
19890630.0,2.0839
19906250.0,2.081977
19921880.0,2.080055
19937500.0,2.078138
19953130.0,2.076223
19968750.0,2.074313
19984380.0,2.072404
20000000.0,2.0705
