1e-05,6.454811
1.03125e-05,6.454811
1.0625e-05,6.454811
1.09375e-05,6.454811
1.125e-05,6.454811
1.15625e-05,6.454811
1.1875e-05,6.454811
1.21875e-05,6.454811
1.25e-05,6.454811
1.28125e-05,6.454811
1.3125e-05,6.454811
1.34375e-05,6.454811
1.375e-05,6.454811
1.4375e-05,6.454811
1.5e-05,6.454811
1.5625e-05,6.454811
1.625e-05,6.454811
1.6875e-05,6.454811
1.75e-05,6.454811
1.8125e-05,6.454811
1.875e-05,6.454811
1.9375e-05,6.45481
2e-05,6.45481
2.09375e-05,6.45481
2.1875e-05,6.45481
2.28125e-05,6.45481
2.375e-05,6.45481
2.46875e-05,6.45481
2.5625e-05,6.45481
2.65625e-05,6.45481
2.75e-05,6.45481
2.84375e-05,6.45481
2.9375e-05,6.45481
3.03125e-05,6.454809
3.125e-05,6.454809
3.21875e-05,6.454809
3.3125e-05,6.454809
3.40625e-05,6.454809
3.5e-05,6.454809
3.59375e-05,6.454809
3.6875e-05,6.454809
3.78125e-05,6.454809
3.875e-05,6.454809
3.96875e-05,6.454809
4.0625e-05,6.454809
4.25e-05,6.454808
4.4375e-05,6.454808
4.625e-05,6.454808
4.8125e-05,6.454808
5e-05,6.454808
5.15625e-05,6.454808
5.3125e-05,6.454807
5.46875e-05,6.454807
5.625e-05,6.454807
5.78125e-05,6.454807
5.9375e-05,6.454807
6.09375e-05,6.454807
6.25e-05,6.454807
6.40625e-05,6.454806
6.5625e-05,6.454806
6.71875e-05,6.454806
6.875e-05,6.454806
7.1875e-05,6.454806
7.5e-05,6.454805
7.8125e-05,6.454805
8.125e-05,6.454805
8.4375e-05,6.454805
8.75e-05,6.454804
9.0625e-05,6.454804
9.375e-05,6.454804
9.6875e-05,6.454804
0.0001,6.454803
0.000103125,6.454803
0.00010625,6.454803
0.000109375,6.454802
0.0001125,6.454802
0.000115625,6.454802
0.00011875,6.454802
0.000121875,6.454801
0.000125,6.454801
0.000128125,6.454801
0.00013125,6.4548
0.000134375,6.4548
0.0001375,6.4548
0.00014375,6.454799
0.00015,6.454799
0.00015625,6.454798
0.0001625,6.454798
0.00016875,6.454797
0.000175,6.454796
0.00018125,6.454796
0.0001875,6.454795
0.00019375,6.454795
0.0002,6.454794
0.000209375,6.454793
0.00021875,6.454793
0.000228125,6.454792
0.0002375,6.454791
0.000246875,6.45479
0.00025625,6.454789
0.000265625,6.454788
0.000275,6.454788
0.000284375,6.454787
0.00029375,6.454786
0.000303125,6.454785
0.0003125,6.454784
0.000321875,6.454783
0.00033125,6.454782
0.000340625,6.454782
0.00035,6.454781
0.000359375,6.45478
0.00036875,6.454779
0.000378125,6.454778
0.0003875,6.454777
0.000396875,6.454777
0.00040625,6.454776
0.000425,6.454774
0.00044375,6.454772
0.0004625,6.454771
0.00048125,6.454769
0.0005,6.454767
0.000515625,6.454766
0.00053125,6.454765
0.000546875,6.454763
0.0005625,6.454762
0.000578125,6.45476
0.00059375,6.454759
0.000609375,6.454758
0.000625,6.454756
0.000640625,6.454755
0.00065625,6.454753
0.000671875,6.454752
0.0006875,6.454751
0.00071875,6.454748
0.00075,6.454745
0.00078125,6.454742
0.0008125,6.454739
0.00084375,6.454737
0.000875,6.454734
0.00090625,6.454731
0.0009375,6.454728
0.00096875,6.454725
0.001,6.454723
0.00103125,6.45472
0.0010625,6.454717
0.00109375,6.454714
0.001125,6.454711
0.00115625,6.454709
0.0011875,6.454706
0.00121875,6.454703
0.00125,6.4547
0.00128125,6.454698
0.0013125,6.454695
0.00134375,6.454692
0.001375,6.454689
0.0014375,6.454684
0.0015,6.454678
0.0015625,6.454672
0.001625,6.454667
0.0016875,6.454661
0.00175,6.454656
0.0018125,6.45465
0.001875,6.454644
0.0019375,6.454639
0.002,6.454633
0.00209375,6.454625
0.0021875,6.454617
0.00228125,6.454608
0.002375,6.4546
0.00246875,6.454591
0.0025625,6.454583
0.00265625,6.454575
0.00275,6.454566
0.00284375,6.454558
0.0029375,6.45455
0.00303125,6.454541
0.003125,6.454533
0.00321875,6.454524
0.0033125,6.454516
0.00340625,6.454508
0.0035,6.454499
0.00359375,6.454491
0.0036875,6.454483
0.00378125,6.454474
0.003875,6.454466
0.00396875,6.454458
0.0040625,6.454449
0.00425,6.454432
0.0044375,6.454416
0.004625,6.454399
0.0048125,6.454382
0.005,6.454365
0.00515625,6.454352
0.0053125,6.454338
0.00546875,6.454324
0.005625,6.45431
0.00578125,6.454296
0.0059375,6.454282
0.00609375,6.454268
0.00625,6.454254
0.00640625,6.45424
0.0065625,6.454226
0.00671875,6.454212
0.006875,6.454198
0.0071875,6.45417
0.0075,6.454142
0.0078125,6.454115
0.008125,6.454087
0.0084375,6.454059
0.00875,6.454031
0.0090625,6.454003
0.009375,6.453975
0.0096875,6.453947
0.01,6.453919
0.0103125,6.453892
0.010625,6.453864
0.0109375,6.453836
0.01125,6.453808
0.0115625,6.45378
0.011875,6.453752
0.0121875,6.453724
0.0125,6.453697
0.0128125,6.453669
0.013125,6.453641
0.0134375,6.453613
0.01375,6.453585
0.014375,6.453529
0.015,6.453474
0.015625,6.453418
0.01625,6.453362
0.016875,6.453307
0.0175,6.453251
0.018125,6.453195
0.01875,6.45314
0.019375,6.453084
0.02,6.453028
0.0206625,6.452969
0.021325,6.45291
0.0219875,6.452851
0.02265,6.452792
0.0233125,6.452733
0.023975,6.452674
0.0246375,6.452615
0.0253,6.452556
0.02607188,6.452488
0.02684375,6.452419
0.02761563,6.45235
0.0283875,6.452282
0.02915938,6.452213
0.02993125,6.452144
0.03070313,6.452076
0.031475,6.452007
0.03224688,6.451938
0.03301875,6.45187
0.0345625,6.451732
0.03610625,6.451595
0.03765,6.451458
0.03919375,6.451321
0.0407375,6.451183
0.04228125,6.451046
0.043825,6.450909
0.04536875,6.450772
0.0469125,6.450635
0.04845625,6.450498
0.05,6.450361
0.0515625,6.450222
0.053125,6.450083
0.0546875,6.449945
0.05625,6.449806
0.0578125,6.449667
0.059375,6.449529
0.0609375,6.44939
0.0625,6.449252
0.0640625,6.449113
0.065625,6.448974
0.0671875,6.448836
0.06875,6.448698
0.071875,6.448421
0.075,6.448144
0.078125,6.447867
0.08125,6.447591
0.084375,6.447314
0.0875,6.447038
0.090625,6.446761
0.09375,6.446485
0.096875,6.446209
0.1,6.445933
0.103125,6.445657
0.10625,6.445381
0.109375,6.445105
0.1125,6.444829
0.115625,6.444553
0.11875,6.444278
0.121875,6.444002
0.125,6.443727
0.128125,6.443451
0.13125,6.443176
0.134375,6.442901
0.1375,6.442626
0.14375,6.442076
0.15,6.441526
0.15625,6.440977
0.1625,6.440428
0.16875,6.439879
0.175,6.439331
0.18125,6.438783
0.1875,6.438235
0.19375,6.437687
0.2,6.43714
0.2046875,6.43673
0.209375,6.43632
0.21875,6.435501
0.228125,6.434682
0.2375,6.433864
0.246875,6.433047
0.25625,6.43223
0.265625,6.431415
0.275,6.430599
0.284375,6.429785
0.29375,6.428971
0.303125,6.428158
0.3125,6.427345
0.321875,6.426533
0.33125,6.425722
0.340625,6.424911
0.35,6.424101
0.359375,6.423292
0.36875,6.422483
0.378125,6.421675
0.3875,6.420868
0.396875,6.420061
0.40625,6.419255
0.415625,6.418449
0.425,6.417644
0.44375,6.416036
0.4625,6.41443
0.48125,6.412827
0.5,6.411226
0.53125,6.408563
0.5625,6.405906
0.59375,6.403255
0.625,6.40061
0.65625,6.397971
0.6875,6.395338
0.71875,6.39271
0.75,6.390088
0.78125,6.38747
0.8125,6.384859
0.84375,6.382252
0.875,6.37965
0.9375,6.37446
1.0,6.369287
1.0625,6.364132
1.125,6.358993
1.1875,6.353868
1.25,6.348757
1.3125,6.343658
1.375,6.338571
1.4375,6.333495
1.5,6.328428
1.5625,6.32337
1.625,6.31832
1.6875,6.313275
1.75,6.308237
1.875,6.298172
2.0,6.288117
2.09375,6.280577
2.1875,6.273034
2.28125,6.265486
2.375,6.257928
2.46875,6.250357
2.5625,6.242769
2.65625,6.235161
2.75,6.227529
2.9375,6.212177
3.125,6.196684
3.3125,6.181017
3.5,6.165143
3.6875,6.149027
3.875,6.13263
4.0625,6.115915
4.25,6.098837
4.4375,6.081353
4.625,6.063412
4.8125,6.044962
5.0,6.025943
5.15625,6.009615
5.3125,5.992809
5.46875,5.975481
5.625,5.957583
5.78125,5.939064
5.9375,5.919867
6.09375,5.89993
6.25,5.879184
6.40625,5.857554
6.5625,5.834953
6.71875,5.811289
6.875,5.786457
7.03125,5.760339
7.1875,5.732803
7.34375,5.703698
7.5,5.672854
7.65625,5.640079
7.8125,5.605151
7.890625,5.586801
7.96875,5.567815
8.046875,5.548154
8.125,5.527777
8.203125,5.506639
8.28125,5.484694
8.359375,5.46189
8.4375,5.438169
8.515625,5.413472
8.59375,5.387733
8.671875,5.360879
8.75,5.332832
8.828125,5.303507
8.90625,5.27281
8.984375,5.240639
9.0625,5.206881
9.140625,5.171413
9.21875,5.134099
9.296875,5.094791
9.375,5.053323
9.453125,5.009513
9.53125,4.963162
9.609375,4.914047
9.648438,4.888377
9.6875,4.861923
9.726563,4.834649
9.765625,4.80652
9.804688,4.777497
9.84375,4.747542
9.882813,4.71661
9.921875,4.684661
9.960938,4.651647
10.0,4.617523
10.04832,4.573702
10.09663,4.528021
10.14494,4.480374
10.19325,4.430662
10.24157,4.378776
10.28988,4.324643
10.33819,4.268164
10.36235,4.239015
10.3865,4.209265
10.41066,4.178884
10.43482,4.147881
10.45898,4.116254
10.48313,4.084018
10.50729,4.051153
10.53144,4.017695
10.5556,3.983632
10.57975,3.949016
10.60391,3.913847
10.62807,3.878181
10.65223,3.842071
10.67638,3.805597
10.70054,3.768815
10.72469,3.73186
10.74885,3.694833
10.773,3.657929
10.79716,3.621318
10.82132,3.585265
10.84548,3.550078
10.86963,3.516149
10.89379,3.483917
10.91794,3.453988
10.9421,3.427053
10.96625,3.404022
10.99041,3.385984
11.00249,3.379262
11.01457,3.374336
11.02665,3.371435
11.03873,3.370817
11.05081,3.372771
11.06288,3.377618
11.07496,3.385735
11.08704,3.397534
11.09912,3.413487
11.11119,3.434108
11.12327,3.460037
11.13535,3.491951
11.14743,3.530637
11.1595,3.576954
11.17158,3.63201
11.18366,3.696958
11.19574,3.773162
11.20782,3.862201
11.2199,3.965901
11.23198,4.086385
11.24406,4.226127
11.25613,4.387873
11.26821,4.575281
11.28029,4.792219
11.29237,5.043406
11.29841,5.183554
11.30444,5.334182
11.31048,5.49666
11.31652,5.671695
11.32256,5.860329
11.3286,6.063701
11.33464,6.283064
11.34068,6.519793
11.34672,6.775402
11.35275,7.051081
11.35879,7.34958
11.36483,7.67249
11.37087,8.022054
11.37691,8.400755
11.38295,8.811346
11.38899,9.256883
11.39503,9.740761
11.40107,10.26676
11.40711,10.83908
11.41315,11.46243
11.41919,12.14203
11.42523,12.88376
11.43127,13.69417
11.43731,14.5806
11.44335,15.55129
11.44938,16.61363
11.45542,17.78149
11.46146,19.0648
11.4675,20.47663
11.47354,22.0316
11.47958,23.74609
11.48562,25.63844
11.49166,27.72907
11.49468,28.85574
11.49769,30.03665
11.50071,31.28286
11.50373,32.59389
11.50675,33.97328
11.50977,35.42469
11.51279,36.95193
11.51581,38.55895
11.51883,40.24984
11.52185,42.02879
11.52487,43.90007
11.52789,45.86802
11.53091,47.93701
11.53393,50.1114
11.53695,52.39545
11.53997,54.79331
11.54299,57.3089
11.546,59.93691
11.55125,64.81833
11.5565,70.0884
11.56175,75.75225
11.567,81.80469
11.57225,88.2267
11.5775,94.98179
11.588,109.2351
11.59325,116.5413
11.5985,123.7939
11.60375,130.8311
11.609,137.4723
11.61425,143.5276
11.6195,148.8107
11.62475,153.1539
11.63,156.423
11.63525,158.5295
11.6405,159.4385
11.64575,159.17
11.651,157.7946
11.65625,155.4241
11.6615,152.1987
11.66675,148.2738
11.672,143.8078
11.6825,133.8433
11.693,123.3254
11.69825,118.0951
11.7035,112.9723
11.70875,108.0026
11.714,103.2181
11.71805,99.66742
11.7221,96.24561
11.72615,92.95601
11.73019,89.8075
11.73424,86.78406
11.73828,83.89887
11.74233,81.13491
11.74637,78.50232
11.75042,75.98402
11.75447,73.58224
11.75852,71.2923
11.76256,69.11467
11.76661,67.03373
11.77065,65.05496
11.7747,63.16384
11.77874,61.36509
11.78279,59.64535
11.78684,58.00485
11.79089,56.43944
11.79493,54.94877
11.79898,53.5217
11.80302,52.16169
11.81111,49.61572
11.8192,47.28585
11.82729,45.14976
11.83538,43.18757
11.84347,41.38164
11.85157,39.71433
11.85966,38.17588
11.86775,36.75181
11.87584,35.4312
11.88394,34.20285
11.89203,33.06115
11.90012,31.99681
11.90821,31.00296
11.91631,30.07232
11.9244,29.20169
11.93249,28.38494
11.94058,27.61763
11.94867,26.89575
11.95676,26.21571
11.96485,25.57424
11.97294,24.9684
11.98104,24.39482
11.98913,23.8525
11.99722,23.33851
12.00531,22.85082
12.01341,22.38704
12.0215,21.94665
12.02959,21.52753
12.03768,21.12825
12.04578,20.74709
12.05387,20.38378
12.07005,19.70502
12.08623,19.08373
12.10241,18.51328
12.1186,17.9877
12.13478,17.50271
12.15097,17.0535
12.16715,16.63692
12.18334,16.24923
12.19952,15.88811
12.2157,15.55081
12.23188,15.23517
12.24807,14.93907
12.26425,14.66115
12.28044,14.39955
12.29662,14.15321
12.31281,13.92061
12.32899,13.70094
12.34517,13.49306
12.36135,13.29608
12.37754,13.10909
12.39372,12.93157
12.40991,12.76265
12.42609,12.60194
12.44228,12.44867
12.45846,12.30255
12.47464,12.163
12.49082,12.02962
12.50701,11.90193
12.52319,11.77974
12.55556,11.55024
12.58793,11.3388
12.62029,11.14346
12.65266,10.9624
12.68502,10.79424
12.71739,10.63757
12.74975,10.49138
12.78212,10.35458
12.81449,10.22635
12.84686,10.10592
12.87922,9.992659
12.91159,9.88588
12.94396,9.785084
12.97633,9.689789
13.00869,9.59959
13.04106,9.514043
13.07343,9.432827
13.1058,9.355625
13.13816,9.282172
13.17053,9.212162
13.2029,9.145381
13.23527,9.081614
13.26763,9.02068
13.3,8.962363
13.33237,8.906514
13.36474,8.852982
13.3971,8.801642
13.46184,8.704952
13.52657,8.615555
13.59131,8.532635
13.65604,8.455537
13.72077,8.38366
13.7855,8.316493
13.85024,8.253577
13.91497,8.19454
13.97971,8.139017
14.04444,8.086717
14.10918,8.037353
14.17391,7.990698
14.23865,7.946519
14.30338,7.904638
14.36812,7.864865
14.43285,7.827056
14.49759,7.791057
14.56232,7.75675
14.62706,7.724008
14.69179,7.692734
14.75652,7.662826
14.82125,7.634195
14.88599,7.606757
14.95072,7.580444
15.01546,7.555181
15.08019,7.530912
15.14493,7.507572
15.20966,7.485113
15.33913,7.442634
15.4686,7.403119
15.59807,7.366261
15.72754,7.331796
15.857,7.299494
15.98647,7.269148
16.11594,7.240581
16.24541,7.213637
16.37488,7.188176
16.50435,7.164074
16.63382,7.14122
16.76329,7.119516
16.89275,7.098874
17.02222,7.079211
17.15169,7.060455
17.28116,7.042542
17.41063,7.025411
17.5401,7.009008
17.66957,6.993285
17.79904,6.978194
17.9285,6.963696
18.05797,6.94975
18.18744,6.936321
18.31691,6.923377
18.44638,6.910887
18.57585,6.898823
18.70532,6.887157
18.83479,6.875866
18.96425,6.864925
19.09372,6.854311
19.22319,6.844003
19.35266,6.83398
19.48213,6.824222
19.6116,6.81471
19.74107,6.805423
19.87054,6.796341
20.0,6.787446
20.15769,6.77683
20.31538,6.766415
20.47307,6.756156
20.63075,6.745998
20.7096,6.740936
20.78844,6.735875
20.86729,6.730801
20.94613,6.725704
21.02498,6.720568
21.10382,6.715376
21.18266,6.710108
21.2615,6.704739
21.30093,6.702007
21.34035,6.699239
21.37977,6.696429
21.41919,6.693571
21.45862,6.69066
21.49804,6.687689
21.53746,6.684649
21.57688,6.681532
21.61631,6.678328
21.65573,6.675024
21.69515,6.671608
21.73457,6.668064
21.77399,6.664372
21.7937,6.662464
21.81341,6.660512
21.83312,6.65851
21.85283,6.656457
21.87254,6.654347
21.89225,6.652177
21.91197,6.649941
21.93168,6.647635
21.95139,6.645253
21.9711,6.642788
21.99081,6.640233
22.01052,6.637581
22.03023,6.634823
22.04994,6.631949
22.06966,6.628947
22.08937,6.625809
22.10908,6.622518
22.12879,6.619061
22.1485,6.615421
22.16821,6.611579
22.17807,6.609575
22.18792,6.607515
22.19778,6.60539
22.20763,6.603204
22.21749,6.600947
22.22735,6.598618
22.23721,6.596214
22.24706,6.593734
22.25692,6.591168
22.26677,6.588517
22.27663,6.585771
22.28648,6.582932
22.29634,6.579989
22.30619,6.576943
22.31605,6.573783
22.3259,6.570512
22.33576,6.567117
22.34561,6.563602
22.35547,6.559957
22.36532,6.556185
22.37518,6.552278
22.38503,6.548245
22.39489,6.544079
22.40474,6.539795
22.4146,6.535395
22.42445,6.530905
22.43431,6.526339
22.43924,6.52404
22.44416,6.521742
22.44909,6.519441
22.45402,6.517151
22.45895,6.51488
22.46387,6.512643
22.4688,6.510443
22.47373,6.508298
22.47866,6.506224
22.48358,6.504244
22.48851,6.502369
22.49344,6.500627
22.49837,6.499047
22.50329,6.497661
22.50822,6.496498
22.51315,6.4956
22.51808,6.49501
22.523,6.494778
22.52969,6.495127
22.53638,6.496381
22.54307,6.498703
22.54975,6.502266
22.56313,6.513897
22.5765,6.532723
22.58319,6.545215
22.58988,6.559857
22.59657,6.576628
22.60325,6.59538
22.60994,6.615942
22.61663,6.637949
22.62332,6.660959
22.63,6.684424
22.63669,6.707861
22.64338,6.730683
22.65007,6.752385
22.65675,6.772512
22.66344,6.790802
22.67013,6.807013
22.67682,6.821045
22.6835,6.832881
22.69688,6.850412
22.71025,6.860759
22.71694,6.863722
22.72363,6.865466
22.73032,6.866172
22.737,6.866008
22.74214,6.865384
22.74728,6.864393
22.75242,6.86309
22.75756,6.861522
22.7627,6.859734
22.76784,6.857761
22.77298,6.855638
22.77812,6.853393
22.78326,6.851051
22.7884,6.848635
22.79354,6.846162
22.79868,6.843648
22.80382,6.841109
22.80896,6.838555
22.8141,6.835997
22.81924,6.833442
22.82438,6.830899
22.82952,6.828373
22.83466,6.82587
22.8398,6.823393
22.85008,6.818531
22.86036,6.813808
22.87064,6.809236
22.88092,6.804821
22.8912,6.800566
22.90147,6.796474
22.91175,6.792534
22.92203,6.788747
22.93231,6.785107
22.94259,6.781609
22.95287,6.778246
22.96315,6.775014
22.97343,6.771905
22.98371,6.768913
22.99399,6.766033
23.00427,6.763259
23.01455,6.760586
23.02483,6.758007
23.03511,6.75552
23.04539,6.753117
23.05567,6.750796
23.06594,6.748554
23.07622,6.746383
23.0865,6.744281
23.09678,6.742245
23.10706,6.740272
23.11734,6.738357
23.12762,6.7365
23.14818,6.732942
23.16874,6.72958
23.1893,6.726394
23.20986,6.723369
23.23041,6.720492
23.25097,6.717748
23.27153,6.715127
23.29209,6.712619
23.31265,6.710214
23.33321,6.707906
23.35377,6.705686
23.37433,6.703549
23.39488,6.701488
23.41544,6.699497
23.436,6.697572
23.45656,6.695708
23.47712,6.693902
23.49768,6.692149
23.51824,6.690447
23.5388,6.688791
23.55935,6.687181
23.60047,6.684082
23.64159,6.681131
23.68271,6.678312
23.72382,6.675614
23.76494,6.673022
23.80606,6.670527
23.84718,6.668121
23.88829,6.665796
23.92941,6.663544
23.97052,6.661361
24.01164,6.659239
24.05275,6.657176
24.09387,6.655165
24.13499,6.653204
24.21722,6.64942
24.29946,6.645797
24.38169,6.642318
24.46393,6.638965
24.54616,6.635728
24.6284,6.632593
24.71063,6.629552
24.79287,6.626596
24.8751,6.623719
24.95734,6.620914
25.03957,6.618176
25.20404,6.612884
25.3685,6.607811
25.53297,6.602932
25.69744,6.598227
25.86191,6.593681
26.02638,6.589278
26.19085,6.585008
26.35532,6.580862
26.51979,6.576829
26.68425,6.572904
27.01319,6.565349
27.34212,6.558153
27.67106,6.55128
27.99999,6.544702
28.00001,16.59261
30.0,16.40617
32.5,16.1877
35.0,15.98802
37.5,15.7991
40.0,15.6244
42.5,15.4564
45.0,15.29966
47.5,15.15286
50.0,15.01489
52.5,14.87972
55.0,14.75198
60.0,14.51598
63.0,14.38069
66.0,14.25288
72.0,14.01685
78.5,13.77833
85.0,13.56238
92.5,13.32888
100.0,13.11716
106.25,12.99036
112.5,12.87194
118.75,12.76091
125.0,12.65647
131.25,12.55651
137.5,12.46193
143.75,12.37222
150.0,12.28694
160.0,12.1576
170.0,12.03734
185.0,11.87048
200.0,11.71868
212.5,11.60683
225.0,11.50234
237.5,11.40438
250.0,11.31221
262.5,11.22518
275.0,11.14282
287.5,11.06469
300.0,10.9904
325.0,10.85288
350.0,10.7271
375.0,10.61181
400.0,10.50509
425.0,10.40765
450.0,10.31661
475.0,10.23123
500.0,10.15088
525.0,10.07674
550.0,10.00655
600.0,9.876578
630.0,9.806219
660.0,9.7396
720.0,9.616208
760.0,9.541738
800.0,9.471621
850.0,9.392131
900.0,9.317798
950.0,9.248025
1000.0,9.182316
1062.5,9.109216
1125.0,9.040829
1187.5,8.976612
1250.0,8.916112
1375.0,8.810868
1500.0,8.715873
1600.0,8.65008
1700.0,8.58873
1850.0,8.508893
2000.0,8.435942
2125.0,8.385359
2250.0,8.337946
2500.0,8.251251
2750.0,8.183494
3000.0,8.122123
3250.0,8.073909
3500.0,8.029525
3750.0,7.99427
4000.0,7.961432
4250.0,7.937595
4500.0,7.915185
5000.0,7.874044
5500.0,7.849202
6000.0,7.826591
6500.0,7.814368
7000.0,7.803068
7500.0,7.798674
8000.0,7.794565
8500.0,7.797052
9000.0,7.799397
9500.0,7.801616
10000.0,7.803722
10625.0,7.813733
11250.0,7.823184
11875.0,7.832135
12500.0,7.840635
13125.0,7.853639
13750.0,7.866058
15000.0,7.88934
16000.0,7.91126
17000.0,7.931906
18500.0,7.965822
20000.0,7.997221
21250.0,8.026035
22500.0,8.053297
23750.0,8.079169
25000.0,8.103791
26250.0,8.130461
27500.0,8.155973
28750.0,8.180424
30000.0,8.203904
32500.0,8.251675
35000.0,8.296152
37500.0,8.339973
40000.0,8.381174
41440.4,8.403309
41574.15,8.405328
41707.89,8.407341
41975.38,8.411349
42242.87,8.415333
42510.35,8.419295
43045.33,8.427148
43580.3,8.434912
44115.28,8.442589
44650.25,8.450179
45720.2,8.465111
46790.15,8.479723
47860.1,8.494029
48930.05,8.508042
50000.0,8.521774
51166.32,8.535856
52332.63,8.549643
53498.94,8.563148
54665.25,8.576382
56997.88,8.602082
59330.5,8.626823
59497.88,8.628563
59665.25,8.630299
60000.0,8.633757
60625.0,8.637902
61250.0,8.642007
61875.0,8.646072
62500.0,8.650099
63750.0,8.658037
65000.0,8.665828
66250.0,8.673478
67500.0,8.680991
68750.0,8.688373
70000.0,8.695628
72386.33,8.707093
74772.65,8.718201
77158.98,8.728973
79545.3,8.73943
79772.65,8.74041
80000.0,8.741388
80625.0,8.736256
81250.0,8.731167
82499.99,8.721113
83749.99,8.711222
84999.98,8.701488
86249.98,8.691907
87499.97,8.682474
89999.95,8.664036
92499.94,8.646141
94999.93,8.628758
97499.92,8.611861
99999.9,8.595423
100000.1,8.565679
103654.6,8.540417
107309.1,8.516101
110963.6,8.492665
114618.0,8.47005
114618.1,8.470049
115043.0,8.465534
115467.8,8.46104
116317.4,8.452108
117167.1,8.443249
118016.7,8.434464
119716.0,8.417108
121415.3,8.400032
123114.6,8.383228
124813.9,8.366686
128212.5,8.334363
131611.2,8.303005
135009.8,8.27256
138408.4,8.24298
141807.0,8.21422
141807.1,8.214219
142319.2,8.210139
142831.2,8.206076
143855.3,8.197999
144879.4,8.189987
145903.5,8.182039
147951.8,8.166331
150000.0,8.15087
153125.0,8.128805
156250.0,8.107244
159375.0,8.086166
162500.0,8.06555
165625.0,8.045377
168750.0,8.025631
175000.0,7.987352
181250.0,7.950589
187500.0,7.915233
193750.0,7.881186
200000.0,7.84836
206250.0,7.816885
212500.0,7.786471
218750.0,7.757052
225000.0,7.728568
237500.0,7.674192
250000.0,7.62296
262500.0,7.570548
275000.0,7.520911
287500.0,7.473784
300000.0,7.42894
304840.0,7.41108
305490.7,7.408669
306141.3,7.406264
307442.5,7.401472
310045.0,7.391957
312647.5,7.382533
315250.0,7.3732
315250.2,7.373199
315954.6,7.370364
316658.9,7.367537
318067.6,7.361904
320885.0,7.350725
323702.5,7.33966
326520.0,7.328708
332155.0,7.307131
337790.0,7.28598
338770.8,7.281768
339751.5,7.27757
341713.0,7.269219
345635.9,7.252687
349558.9,7.236379
353481.8,7.220289
357404.8,7.204411
361327.7,7.188741
369173.5,7.158006
377019.4,7.128043
384865.3,7.09882
392711.2,7.070302
400557.0,7.04246
401408.3,7.039133
402259.5,7.035814
403962.0,7.029203
407366.9,7.016081
410771.9,7.003093
414176.8,6.990236
420986.7,6.964906
427796.5,6.940072
434606.4,6.915716
441416.3,6.891822
448226.2,6.868375
455036.0,6.84536
456441.2,6.840256
457846.3,6.835172
460656.5,6.825063
463466.8,6.815029
466277.0,6.80507
471897.5,6.785375
477518.0,6.765969
483138.5,6.746845
488759.0,6.727995
500000.0,6.69109
508655.4,6.658869
517310.7,6.627343
534621.3,6.566273
551931.9,6.507685
569242.5,6.451405
586553.2,6.397276
603863.8,6.345156
621174.4,6.294917
638485.0,6.24644
640809.8,6.239082
643134.5,6.23176
647784.0,6.21722
649350.7,6.211542
650917.3,6.205883
654050.5,6.194622
660317.0,6.17232
666583.5,6.150308
672850.0,6.12858
674546.9,6.12235
676243.8,6.116141
679637.5,6.10379
686425.0,6.079346
693212.5,6.055238
700000.0,6.03146
711666.4,5.988729
723332.8,5.946989
734999.2,5.9062
746665.5,5.866328
758331.9,5.827336
769998.3,5.789193
793331.0,5.71533
794998.3,5.710008
796665.5,5.704703
800000.0,5.69414
801417.0,5.6896
804562.9,5.679575
807708.8,5.669607
814000.5,5.649839
820292.3,5.630291
826584.0,5.61096
828878.3,5.603739
831172.5,5.596548
835761.0,5.582252
844938.0,5.554002
854115.0,5.526198
863292.0,5.498828
872469.0,5.471881
881646.0,5.445346
900000.0,5.39347
905321.0,5.37832
908896.5,5.368083
912472.0,5.357906
919623.0,5.337727
926774.0,5.31778
933925.0,5.29806
936755.0,5.2902
939585.0,5.282375
945245.0,5.26683
948201.4,5.258664
951157.8,5.250536
957070.5,5.234393
962983.3,5.218398
968896.0,5.20255
971473.5,5.1952
974051.0,5.187879
979206.0,5.173326
989516.0,5.14457
992137.0,5.13719
994758.0,5.12984
1000000.0,5.11523
1004630.0,5.102161
1009260.0,5.089186
1018520.0,5.06351
1018525.0,5.063496
1021903.0,5.053861
1025280.0,5.044278
1032040.0,5.025246
1038800.0,5.006408
1045560.0,4.987763
1059080.0,4.951036
1072600.0,4.91504
1075695.0,4.906621
1078790.0,4.89824
1084980.0,4.881593
1097360.0,4.84875
1097363.0,4.848742
1099814.0,4.842152
1102264.0,4.835589
1107165.0,4.822531
1116970.0,4.796682
1126775.0,4.771196
1136580.0,4.746065
1156190.0,4.696835
1175800.0,4.64893
1179535.0,4.639792
1183270.0,4.6307
1183276.0,4.630685
1187228.0,4.620988
1191180.0,4.611344
1199090.0,4.592196
1207000.0,4.573252
1214910.0,4.55451
1214912.0,4.554505
1218791.0,4.545248
1222669.0,4.536041
1230425.0,4.517769
1238183.0,4.499681
1245940.0,4.48178
1245942.0,4.481775
1250000.0,4.47251
1255100.0,4.460753
1260200.0,4.449075
1270400.0,4.42595
1270401.0,4.425948
1273941.0,4.41798
1277480.0,4.41005
1280957.0,4.400727
1284434.0,4.391449
1291388.0,4.373026
1305295.0,4.336707
1319203.0,4.301067
1333110.0,4.266091
1347018.0,4.231756
1360925.0,4.198049
1388740.0,4.132436
1416555.0,4.069119
1444370.0,4.007976
1472185.0,3.948892
1500000.0,3.89176
1515625.0,3.853014
1531250.0,3.815046
1562500.0,3.741349
1593750.0,3.670493
1625000.0,3.602316
1656250.0,3.536668
1687500.0,3.473411
1718750.0,3.412414
1750000.0,3.35356
1781250.0,3.294195
1812500.0,3.236886
1843750.0,3.181528
1875000.0,3.128024
1906250.0,3.076282
1937500.0,3.026216
1968750.0,2.977748
2000000.0,2.9308
2041637.0,2.882265
2083273.0,2.83549
2124909.0,2.790378
2166545.0,2.746839
2208182.0,2.704787
2249818.0,2.664148
2291454.0,2.624848
2333090.0,2.58682
2372155.0,2.55012
2411220.0,2.514527
2450285.0,2.479992
2489350.0,2.446465
2528415.0,2.413904
2567480.0,2.382265
2645610.0,2.3216
2689909.0,2.286619
2734208.0,2.252724
2778507.0,2.219863
2822805.0,2.187992
2867104.0,2.157063
2911403.0,2.127035
2955702.0,2.09787
3000000.0,2.06953
3007252.0,2.068201
3014504.0,2.066876
3021756.0,2.065554
3029007.0,2.064237
3036259.0,2.062924
3043510.0,2.061615
3050762.0,2.06031
3058013.0,2.059009
3065265.0,2.057711
3072516.0,2.056418
3079768.0,2.055128
3087019.0,2.053842
3094271.0,2.05256
3101522.0,2.051282
3108774.0,2.050008
3116025.0,2.048737
3123277.0,2.04747
3130529.0,2.046207
3137781.0,2.044948
3145032.0,2.043692
3152284.0,2.04244
3159535.0,2.041191
3166787.0,2.039946
3174038.0,2.038705
3181290.0,2.037467
3188541.0,2.036233
3195793.0,2.035003
3203044.0,2.033776
3210296.0,2.032552
3217547.0,2.031332
3224799.0,2.030116
3232050.0,2.028903
3239302.0,2.027693
3246554.0,2.026486
3253806.0,2.025284
3261057.0,2.024084
3268309.0,2.022888
3275560.0,2.021695
3282812.0,2.020506
3290063.0,2.01932
3297315.0,2.018137
3304566.0,2.016958
3311818.0,2.015782
3319069.0,2.014609
3326321.0,2.013439
3333572.0,2.012273
3340824.0,2.011109
3348075.0,2.009949
3355327.0,2.008792
3362579.0,2.007639
3369831.0,2.006488
3377082.0,2.005341
3384334.0,2.004196
3391585.0,2.003055
3398837.0,2.001917
3406088.0,2.000782
3413340.0,1.99965
3420591.0,1.998521
3427843.0,1.997395
3435094.0,1.996272
3442346.0,1.995152
3449597.0,1.994035
3456849.0,1.992921
3464100.0,1.99181
3472173.0,1.990578
3480245.0,1.98935
3488318.0,1.988126
3496390.0,1.986905
3504463.0,1.985687
3512535.0,1.984473
3520608.0,1.983263
3528680.0,1.982056
3536753.0,1.980853
3544825.0,1.979653
3552898.0,1.978457
3560970.0,1.977264
3569043.0,1.976074
3577115.0,1.974888
3585188.0,1.973705
3593260.0,1.972526
3601333.0,1.97135
3609405.0,1.970177
3617478.0,1.969008
3625550.0,1.967842
3633623.0,1.966679
3641695.0,1.965519
3649768.0,1.964363
3657840.0,1.96321
3665913.0,1.96206
3673985.0,1.960914
3682058.0,1.95977
3690130.0,1.95863
3698203.0,1.957493
3706275.0,1.956359
3714348.0,1.955228
3722420.0,1.9541
3731095.0,1.952892
3739769.0,1.951688
3748444.0,1.950488
3757118.0,1.949291
3765793.0,1.948097
3774467.0,1.946907
3783141.0,1.945721
3791815.0,1.944538
3800490.0,1.943358
3809164.0,1.942182
3817839.0,1.941009
3826513.0,1.939839
3835188.0,1.938673
3843862.0,1.93751
3852536.0,1.936351
3861210.0,1.935194
3869885.0,1.934041
3878559.0,1.932892
3887234.0,1.931745
3895908.0,1.930602
3904583.0,1.929462
3913257.0,1.928325
3921931.0,1.927192
3930605.0,1.926061
3939280.0,1.924934
3947954.0,1.92381
3956629.0,1.922689
3965303.0,1.921571
3973978.0,1.920456
3982652.0,1.919344
3991326.0,1.918236
4000000.0,1.91713
4008732.0,1.918575
4017464.0,1.920018
4026196.0,1.921459
4034927.0,1.922897
4043659.0,1.924334
4052390.0,1.925769
4061122.0,1.927201
4069853.0,1.928632
4078585.0,1.93006
4087316.0,1.931487
4096048.0,1.932912
4104779.0,1.934334
4113511.0,1.935755
4122242.0,1.937173
4130974.0,1.93859
4139705.0,1.940005
4148437.0,1.941418
4157169.0,1.942829
4165901.0,1.944238
4174632.0,1.945645
4183364.0,1.94705
4192095.0,1.948453
4200827.0,1.949854
4209558.0,1.951253
4218290.0,1.952651
4227021.0,1.954046
4235753.0,1.95544
4244484.0,1.956832
4253216.0,1.958222
4261947.0,1.95961
4270679.0,1.960996
4279410.0,1.96238
4288121.0,1.96373
4296831.0,1.965079
4305542.0,1.966425
4314252.0,1.96777
4322963.0,1.969113
4331673.0,1.970454
4340383.0,1.971793
4349093.0,1.973131
4357804.0,1.974467
4366514.0,1.975801
4375224.0,1.977133
4383934.0,1.978464
4392645.0,1.979793
4401355.0,1.98112
4410065.0,1.982445
4418775.0,1.983769
4427486.0,1.98509
4436196.0,1.986411
4444907.0,1.987729
4453617.0,1.989046
4462328.0,1.990361
4471038.0,1.991674
4479748.0,1.992986
4488458.0,1.994296
4497169.0,1.995604
4505879.0,1.996911
4514589.0,1.998215
4523299.0,1.999519
4532010.0,2.00082
4540720.0,2.00212
4549430.0,2.003419
4558140.0,2.004715
4566851.0,2.00601
4575561.0,2.007304
4584272.0,2.008595
4592982.0,2.009886
4601693.0,2.011174
4610403.0,2.012461
4619113.0,2.013746
4627823.0,2.01503
4636534.0,2.016312
4645244.0,2.017592
4653954.0,2.018871
4662664.0,2.020149
4671375.0,2.021424
4680085.0,2.022699
4688795.0,2.023971
4697505.0,2.025242
4706216.0,2.026512
4714926.0,2.02778
4723637.0,2.029046
4732347.0,2.030311
4741058.0,2.031574
4749768.0,2.032836
4758478.0,2.034096
4767188.0,2.035355
4775899.0,2.036612
4784609.0,2.037868
4793319.0,2.039122
4802029.0,2.040374
4810740.0,2.041626
4819450.0,2.042875
4828160.0,2.044123
4836870.0,2.04537
4847066.0,2.046803
4857262.0,2.048234
4867458.0,2.049663
4877653.0,2.05109
4887849.0,2.052515
4898044.0,2.053938
4908240.0,2.055359
4918435.0,2.056778
4928631.0,2.058195
4938827.0,2.05961
4949023.0,2.061023
4959218.0,2.062434
4969414.0,2.063844
4979609.0,2.065251
4989805.0,2.066657
5000000.0,2.06806
5014914.0,2.072326
5029827.0,2.076588
5044741.0,2.080846
5059654.0,2.0851
5074568.0,2.08935
5089481.0,2.093597
5104395.0,2.097839
5119308.0,2.102078
5134222.0,2.106313
5149135.0,2.110544
5164049.0,2.114772
5178962.0,2.118995
5193876.0,2.123216
5208789.0,2.127432
5223702.0,2.131644
5238615.0,2.135853
5253529.0,2.140058
5268442.0,2.144259
5283356.0,2.148457
5298269.0,2.152651
5313183.0,2.156842
5328096.0,2.161028
5343010.0,2.165212
5357923.0,2.169391
5372837.0,2.173567
5387750.0,2.17774
5402664.0,2.181909
5417577.0,2.186074
5432491.0,2.190236
5447404.0,2.194394
5462317.0,2.198549
5477230.0,2.2027
5485399.0,2.204902
5493567.0,2.207103
5501736.0,2.209303
5509904.0,2.211502
5518073.0,2.2137
5526241.0,2.215897
5534409.0,2.218092
5542577.0,2.220287
5550746.0,2.22248
5558914.0,2.224673
5567082.0,2.226864
5575250.0,2.229054
5583419.0,2.231244
5591587.0,2.233432
5599755.0,2.235619
5607923.0,2.237805
5616092.0,2.23999
5624260.0,2.242174
5632428.0,2.244357
5640596.0,2.246539
5648765.0,2.24872
5656933.0,2.2509
5665101.0,2.253078
5673269.0,2.255256
5681438.0,2.257433
5689606.0,2.259609
5697774.0,2.261783
5705942.0,2.263957
5714111.0,2.26613
5722279.0,2.268301
5730447.0,2.270472
5738615.0,2.272641
5746784.0,2.27481
5754952.0,2.276977
5763121.0,2.279144
5771289.0,2.281309
5779458.0,2.283474
5787626.0,2.285637
5795794.0,2.2878
5803962.0,2.289961
5812131.0,2.292122
5820299.0,2.294281
5828467.0,2.29644
5836635.0,2.298597
5844804.0,2.300754
5852972.0,2.302909
5861140.0,2.305064
5869308.0,2.307217
5877477.0,2.30937
5885645.0,2.311521
5893813.0,2.313672
5901981.0,2.315821
5910150.0,2.31797
5918318.0,2.320118
5926486.0,2.322264
5934654.0,2.32441
5942823.0,2.326555
5950991.0,2.328698
5959159.0,2.330841
5967327.0,2.332983
5975496.0,2.335124
5983664.0,2.337263
5991832.0,2.339402
6000000.0,2.34154
6003684.0,2.342622
6007367.0,2.343704
6011051.0,2.344786
6014734.0,2.345867
6018418.0,2.346948
6022101.0,2.348029
6025785.0,2.349111
6029468.0,2.350191
6033152.0,2.351272
6036835.0,2.352352
6040519.0,2.353433
6044202.0,2.354513
6047886.0,2.355593
6051569.0,2.356673
6055252.0,2.357752
6058935.0,2.358832
6062619.0,2.359911
6066302.0,2.36099
6069986.0,2.36207
6073669.0,2.363148
6077353.0,2.364227
6081036.0,2.365306
6084720.0,2.366384
6088403.0,2.367462
6092087.0,2.36854
6095770.0,2.369618
6099454.0,2.370696
6103137.0,2.371774
6106821.0,2.372851
6110504.0,2.373928
6114187.0,2.375005
6117870.0,2.376082
6121554.0,2.377159
6125237.0,2.378236
6128921.0,2.379312
6132604.0,2.380388
6136288.0,2.381465
6139971.0,2.38254
6143655.0,2.383616
6147338.0,2.384692
6151022.0,2.385768
6154705.0,2.386843
6158389.0,2.387918
6162072.0,2.388993
6165756.0,2.390068
6169439.0,2.391143
6173122.0,2.392217
6176805.0,2.393291
6180489.0,2.394366
6184172.0,2.39544
6187856.0,2.396514
6191539.0,2.397587
6195223.0,2.398661
6198906.0,2.399734
6202590.0,2.400808
6206273.0,2.401881
6209957.0,2.402954
6213640.0,2.404027
6217324.0,2.405099
6221007.0,2.406172
6224691.0,2.407244
6228374.0,2.408316
6232057.0,2.409388
6235740.0,2.41046
6239569.0,2.411555
6243397.0,2.412649
6247225.0,2.413743
6251053.0,2.414836
6254881.0,2.41593
6258709.0,2.417023
6262537.0,2.418117
6266365.0,2.41921
6270194.0,2.420303
6274022.0,2.421396
6277850.0,2.422488
6281678.0,2.423581
6285506.0,2.424673
6289334.0,2.425765
6293162.0,2.426857
6296990.0,2.427948
6300819.0,2.42904
6304647.0,2.430131
6308475.0,2.431223
6312303.0,2.432314
6316131.0,2.433404
6319959.0,2.434495
6323787.0,2.435586
6327615.0,2.436676
6331444.0,2.437766
6335272.0,2.438856
6339100.0,2.439946
6342928.0,2.441036
6346756.0,2.442125
6350584.0,2.443214
6354412.0,2.444303
6358240.0,2.445392
6362069.0,2.446481
6365897.0,2.44757
6369725.0,2.448658
6373553.0,2.449747
6377381.0,2.450835
6381209.0,2.451923
6385037.0,2.45301
6388865.0,2.454098
6392694.0,2.455186
6396522.0,2.456273
6400350.0,2.45736
6404178.0,2.458447
6408006.0,2.459534
6411834.0,2.46062
6415662.0,2.461707
6419490.0,2.462793
6423319.0,2.463879
6427147.0,2.464965
6430975.0,2.466051
6434803.0,2.467136
6438631.0,2.468222
6442459.0,2.469307
6446287.0,2.470392
6450115.0,2.471477
6453944.0,2.472562
6457772.0,2.473646
6461600.0,2.474731
6465428.0,2.475815
6469256.0,2.476899
6473084.0,2.477983
6476912.0,2.479066
6480740.0,2.48015
6484915.0,2.481316
6489090.0,2.482482
6493265.0,2.483647
6497440.0,2.484813
6501615.0,2.485978
6505790.0,2.487143
6509965.0,2.488307
6514140.0,2.489472
6518315.0,2.490636
6522490.0,2.4918
6526665.0,2.492964
6530840.0,2.494128
6535015.0,2.495291
6539190.0,2.496455
6543365.0,2.497618
6547540.0,2.498781
6551715.0,2.499943
6555890.0,2.501106
6560065.0,2.502268
6564240.0,2.50343
6568415.0,2.504592
6572590.0,2.505754
6576765.0,2.506915
6580940.0,2.508077
6585115.0,2.509238
6589290.0,2.510399
6593465.0,2.511559
6597640.0,2.51272
6601815.0,2.51388
6605990.0,2.51504
6610165.0,2.5162
6614340.0,2.51736
6620366.0,2.519005
6626392.0,2.520649
6632418.0,2.522293
6638444.0,2.523937
6644470.0,2.52558
6650496.0,2.527223
6656522.0,2.528866
6662548.0,2.530507
6668574.0,2.532149
6674600.0,2.53379
6680626.0,2.535431
6686652.0,2.537071
6692678.0,2.538711
6698704.0,2.54035
6704730.0,2.541989
6710755.0,2.543628
6716781.0,2.545266
6722807.0,2.546904
6728833.0,2.548541
6734859.0,2.550178
6740885.0,2.551815
6746911.0,2.553451
6752937.0,2.555086
6758963.0,2.556722
6764989.0,2.558357
6771015.0,2.559991
6777041.0,2.561625
6783067.0,2.563259
6789093.0,2.564892
6795119.0,2.566525
6801145.0,2.568157
6807170.0,2.569789
6813196.0,2.571421
6819222.0,2.573052
6825248.0,2.574683
6831274.0,2.576313
6837300.0,2.577943
6843326.0,2.579573
6849352.0,2.581202
6855378.0,2.582831
6861404.0,2.584459
6867430.0,2.586087
6873456.0,2.587714
6879482.0,2.589342
6885508.0,2.590968
6891534.0,2.592595
6897560.0,2.594221
6903585.0,2.595846
6909611.0,2.597471
6915637.0,2.599096
6921663.0,2.60072
6927689.0,2.602344
6933715.0,2.603968
6939741.0,2.605591
6945767.0,2.607213
6951793.0,2.608836
6957819.0,2.610458
6963845.0,2.612079
6969871.0,2.6137
6975897.0,2.615321
6981923.0,2.616942
6987949.0,2.618562
6993975.0,2.620181
7000000.0,2.6218
7009748.0,2.627135
7019495.0,2.632473
7029242.0,2.637814
7038989.0,2.643159
7048737.0,2.648508
7058484.0,2.653859
7068231.0,2.659214
7077978.0,2.664573
7087726.0,2.669935
7097473.0,2.6753
7107220.0,2.680669
7116967.0,2.686041
7126714.0,2.691416
7136461.0,2.696795
7146208.0,2.702177
7155955.0,2.707562
7165703.0,2.712952
7175450.0,2.718344
7185197.0,2.72374
7194944.0,2.729139
7204692.0,2.734541
7214439.0,2.739947
7224186.0,2.745356
7233933.0,2.750769
7243681.0,2.756185
7253428.0,2.761604
7263175.0,2.767027
7272922.0,2.772453
7282669.0,2.777882
7292416.0,2.783315
7302163.0,2.788751
7311910.0,2.79419
7317267.0,2.794569
7322623.0,2.794947
7327979.0,2.795325
7333335.0,2.795702
7338692.0,2.79608
7344048.0,2.796457
7349404.0,2.796834
7354760.0,2.797211
7360117.0,2.797588
7365473.0,2.797964
7370829.0,2.798341
7376185.0,2.798717
7381542.0,2.799092
7386898.0,2.799468
7392254.0,2.799843
7397610.0,2.800218
7402967.0,2.800593
7408323.0,2.800968
7413679.0,2.801342
7419035.0,2.801717
7424392.0,2.802091
7429748.0,2.802464
7435104.0,2.802838
7440460.0,2.803211
7445817.0,2.803584
7451173.0,2.803957
7456529.0,2.80433
7461885.0,2.804702
7467242.0,2.805075
7472598.0,2.805447
7477954.0,2.805818
7483310.0,2.80619
7487347.0,2.806472
7491384.0,2.806755
7495421.0,2.807037
7499457.0,2.807319
7503494.0,2.807601
7507531.0,2.807883
7511568.0,2.808164
7515604.0,2.808446
7519641.0,2.808727
7523678.0,2.809009
7527715.0,2.80929
7531751.0,2.809571
7535788.0,2.809852
7539824.0,2.810132
7543861.0,2.810413
7547897.0,2.810694
7551934.0,2.810974
7555971.0,2.811254
7560008.0,2.811535
7564044.0,2.811815
7568081.0,2.812095
7572117.0,2.812374
7576154.0,2.812654
7580190.0,2.812934
7584227.0,2.813213
7588264.0,2.813493
7592301.0,2.813772
7596337.0,2.814051
7600374.0,2.81433
7604410.0,2.814609
7608447.0,2.814887
7612483.0,2.815166
7616520.0,2.815444
7620557.0,2.815723
7624594.0,2.816001
7628630.0,2.816279
7632667.0,2.816557
7636703.0,2.816835
7640740.0,2.817113
7644776.0,2.817391
7648813.0,2.817668
7652850.0,2.817946
7656887.0,2.818223
7660923.0,2.8185
7664960.0,2.818777
7668996.0,2.819054
7673033.0,2.819331
7677069.0,2.819608
7681106.0,2.819884
7685143.0,2.820161
7689180.0,2.820437
7693216.0,2.820713
7697253.0,2.820989
7701289.0,2.821265
7705326.0,2.821541
7709362.0,2.821817
7713399.0,2.822093
7717436.0,2.822368
7721473.0,2.822644
7725509.0,2.822919
7729546.0,2.823194
7733582.0,2.823469
7737619.0,2.823744
7741655.0,2.824019
7745692.0,2.824294
7749729.0,2.824568
7753766.0,2.824843
7757802.0,2.825117
7761839.0,2.825391
7765876.0,2.825665
7769913.0,2.825939
7773949.0,2.826213
7777986.0,2.826487
7782023.0,2.826761
7786060.0,2.827034
7790096.0,2.827308
7794133.0,2.827581
7798169.0,2.827854
7802206.0,2.828127
7806242.0,2.8284
7810279.0,2.828673
7814316.0,2.828946
7818353.0,2.829219
7822389.0,2.829491
7826426.0,2.829763
7830462.0,2.830036
7834499.0,2.830308
7838535.0,2.83058
7842572.0,2.830852
7846609.0,2.831124
7850646.0,2.831396
7854682.0,2.831667
7858719.0,2.831939
7862755.0,2.83221
7866792.0,2.832481
7870828.0,2.832752
7874865.0,2.833023
7878902.0,2.833294
7882939.0,2.833565
7886975.0,2.833836
7891012.0,2.834106
7895048.0,2.834377
7899085.0,2.834647
7903121.0,2.834917
7907158.0,2.835188
7911195.0,2.835458
7915232.0,2.835728
7919268.0,2.835997
7923305.0,2.836267
7927341.0,2.836537
7931378.0,2.836806
7935414.0,2.837075
7939451.0,2.837345
7943488.0,2.837614
7947525.0,2.837883
7951561.0,2.838152
7955598.0,2.838421
7959634.0,2.838689
7963671.0,2.838958
7967707.0,2.839226
7971744.0,2.839495
7975781.0,2.839763
7979818.0,2.840031
7983854.0,2.840299
7987891.0,2.840567
7991927.0,2.840835
7995964.0,2.841102
8000000.0,2.84137
8007583.0,2.841934
8015165.0,2.842498
8022748.0,2.843062
8030330.0,2.843625
8037913.0,2.844188
8045495.0,2.84475
8053078.0,2.845312
8060660.0,2.845874
8068243.0,2.846435
8075825.0,2.846995
8083408.0,2.847556
8090990.0,2.848115
8098573.0,2.848675
8106155.0,2.849234
8113738.0,2.849792
8121320.0,2.85035
8128903.0,2.850908
8136485.0,2.851465
8144068.0,2.852022
8151650.0,2.852579
8159233.0,2.853135
8166815.0,2.853691
8174398.0,2.854246
8181980.0,2.854801
8189563.0,2.855355
8197145.0,2.855909
8204728.0,2.856463
8212310.0,2.857016
8219893.0,2.857569
8227475.0,2.858122
8235058.0,2.858674
8242640.0,2.859225
8250223.0,2.859777
8257805.0,2.860327
8265388.0,2.860878
8272970.0,2.861428
8280553.0,2.861978
8288135.0,2.862527
8295718.0,2.863076
8303300.0,2.863624
8310883.0,2.864172
8318465.0,2.86472
8326048.0,2.865267
8333630.0,2.865814
8341213.0,2.866361
8348795.0,2.866907
8356378.0,2.867452
8363960.0,2.867998
8371543.0,2.868543
8379125.0,2.869087
8386708.0,2.869631
8394290.0,2.870175
8401873.0,2.870718
8409455.0,2.871261
8417038.0,2.871804
8424620.0,2.872346
8432203.0,2.872888
8439785.0,2.873429
8447368.0,2.873971
8454950.0,2.874511
8462533.0,2.875051
8470115.0,2.875591
8477698.0,2.876131
8485280.0,2.87667
8491170.0,2.87709
8499078.0,2.878459
8506985.0,2.879827
8514892.0,2.881195
8522799.0,2.882562
8530707.0,2.883928
8538614.0,2.885294
8546521.0,2.886659
8554428.0,2.888024
8562336.0,2.889388
8570243.0,2.890751
8578150.0,2.892114
8586057.0,2.893476
8593964.0,2.894837
8601871.0,2.896198
8609778.0,2.897558
8617685.0,2.898918
8625593.0,2.900277
8633500.0,2.901636
8641407.0,2.902993
8649314.0,2.904351
8657222.0,2.905707
8665129.0,2.907063
8673036.0,2.908419
8680943.0,2.909773
8688851.0,2.911128
8696758.0,2.912481
8704665.0,2.913834
8712572.0,2.915187
8720479.0,2.916538
8728386.0,2.917889
8736293.0,2.91924
8744200.0,2.92059
8760188.0,2.924324
8776175.0,2.928056
8792163.0,2.931786
8808150.0,2.935513
8824138.0,2.939239
8840125.0,2.942963
8856113.0,2.946685
8872100.0,2.950404
8888088.0,2.954122
8904075.0,2.957838
8920063.0,2.961552
8936050.0,2.965263
8952038.0,2.968973
8968025.0,2.972681
8984013.0,2.976386
9000000.0,2.98009
9015625.0,2.981103
9031250.0,2.982115
9046875.0,2.983125
9062500.0,2.984134
9078125.0,2.985141
9093750.0,2.986147
9109375.0,2.987152
9125000.0,2.988155
9140625.0,2.989157
9156250.0,2.990157
9171875.0,2.991156
9187500.0,2.992154
9203125.0,2.99315
9218750.0,2.994145
9234375.0,2.995139
9250000.0,2.996131
9265625.0,2.997122
9281250.0,2.998112
9296875.0,2.9991
9312500.0,3.000087
9328125.0,3.001073
9343750.0,3.002057
9359375.0,3.00304
9375000.0,3.004022
9390625.0,3.005002
9406250.0,3.005981
9421875.0,3.006959
9437500.0,3.007935
9453125.0,3.00891
9468750.0,3.009884
9484375.0,3.010857
9500000.0,3.011828
9515625.0,3.012798
9531250.0,3.013767
9546875.0,3.014734
9562500.0,3.0157
9578125.0,3.016665
9593750.0,3.017629
9609375.0,3.018591
9625000.0,3.019552
9640625.0,3.020512
9656250.0,3.02147
9671875.0,3.022428
9687500.0,3.023384
9703125.0,3.024339
9718750.0,3.025292
9734375.0,3.026245
9750000.0,3.027196
9765625.0,3.028146
9781250.0,3.029094
9796875.0,3.030042
9812500.0,3.030988
9828125.0,3.031933
9843750.0,3.032877
9859375.0,3.03382
9875000.0,3.034761
9890625.0,3.035701
9906250.0,3.036641
9921875.0,3.037578
9937500.0,3.038515
9953125.0,3.039451
9968750.0,3.040385
9984375.0,3.041318
10000000.0,3.04225
10031250.0,3.040571
10062500.0,3.038899
10093750.0,3.037233
10125000.0,3.035572
10156250.0,3.033918
10187500.0,3.03227
10218750.0,3.030627
10250000.0,3.028991
10281250.0,3.02736
10312500.0,3.025736
10343750.0,3.024117
10375000.0,3.022503
10406250.0,3.020896
10437500.0,3.019294
10468750.0,3.017698
10500000.0,3.016107
10531250.0,3.014522
10562500.0,3.012943
10593750.0,3.011369
10625000.0,3.0098
10656250.0,3.008237
10687500.0,3.006679
10718750.0,3.005127
10750000.0,3.003579
10781250.0,3.002038
10812500.0,3.000501
10843750.0,2.99897
10875000.0,2.997444
10906250.0,2.995922
10937500.0,2.994407
10968750.0,2.992896
11000000.0,2.99139
11005540.0,2.99122
11011070.0,2.99105
11016600.0,2.99088
11022130.0,2.99071
11027660.0,2.99054
11033190.0,2.990371
11038720.0,2.990201
11044250.0,2.990032
11049790.0,2.989862
11055320.0,2.989693
11060850.0,2.989524
11066380.0,2.989355
11077440.0,2.989017
11088500.0,2.98868
11095630.0,2.988728
11102750.0,2.988776
11109870.0,2.988825
11116990.0,2.988873
11124110.0,2.988921
11131230.0,2.988969
11138350.0,2.989017
11145470.0,2.989065
11152600.0,2.989113
11159720.0,2.989161
11166840.0,2.989209
11173960.0,2.989257
11181080.0,2.989305
11188200.0,2.989352
11195320.0,2.9894
11202440.0,2.989448
11209570.0,2.989496
11216690.0,2.989544
11223810.0,2.989591
11230930.0,2.989639
11238050.0,2.989686
11245170.0,2.989734
11252290.0,2.989782
11259410.0,2.989829
11266540.0,2.989877
11273660.0,2.989924
11280780.0,2.989972
11287900.0,2.990019
11295020.0,2.990066
11302140.0,2.990114
11309260.0,2.990161
11316380.0,2.990208
11323510.0,2.990256
11330630.0,2.990303
11337750.0,2.99035
11344870.0,2.990397
11351990.0,2.990445
11359110.0,2.990492
11366230.0,2.990539
11373350.0,2.990586
11380480.0,2.990633
11387600.0,2.99068
11394720.0,2.990727
11401840.0,2.990774
11408960.0,2.990821
11416080.0,2.990868
11423200.0,2.990915
11430320.0,2.990961
11437450.0,2.991008
11444570.0,2.991055
11451690.0,2.991102
11458810.0,2.991149
11465930.0,2.991195
11473050.0,2.991242
11480170.0,2.991289
11487290.0,2.991335
11494410.0,2.991382
11501530.0,2.991428
11508650.0,2.991475
11515770.0,2.991521
11522890.0,2.991568
11530010.0,2.991614
11537130.0,2.991661
11544250.0,2.991707
11551380.0,2.991754
11558500.0,2.9918
11565620.0,2.991846
11572740.0,2.991893
11579860.0,2.991939
11586980.0,2.991985
11594100.0,2.992031
11601220.0,2.992077
11608350.0,2.992124
11615470.0,2.99217
11622590.0,2.992216
11629710.0,2.992262
11636830.0,2.992308
11643950.0,2.992354
11651070.0,2.9924
11658190.0,2.992446
11665320.0,2.992492
11672440.0,2.992538
11679560.0,2.992584
11686680.0,2.992629
11693800.0,2.992675
11700920.0,2.992721
11708040.0,2.992767
11715160.0,2.992812
11722290.0,2.992858
11729410.0,2.992904
11736530.0,2.99295
11743650.0,2.992995
11750770.0,2.993041
11757890.0,2.993086
11765010.0,2.993132
11772130.0,2.993177
11779260.0,2.993223
11786380.0,2.993268
11793500.0,2.993314
11800620.0,2.993359
11807740.0,2.993405
11814860.0,2.99345
11821980.0,2.993495
11829100.0,2.993541
11836230.0,2.993586
11843350.0,2.993631
11850470.0,2.993676
11857590.0,2.993722
11864710.0,2.993767
11871830.0,2.993812
11878950.0,2.993857
11886070.0,2.993902
11893200.0,2.993947
11900320.0,2.993992
11907440.0,2.994037
11914560.0,2.994082
11921680.0,2.994127
11928800.0,2.994172
11935920.0,2.994217
11943040.0,2.994262
11950160.0,2.994307
11957280.0,2.994352
11964400.0,2.994396
11971520.0,2.994441
11978640.0,2.994486
11985760.0,2.994531
11992880.0,2.994575
12000000.0,2.99462
12007820.0,2.993904
12015630.0,2.99319
12023440.0,2.992476
12031250.0,2.991763
12039070.0,2.99105
12046880.0,2.990338
12054690.0,2.989627
12062500.0,2.988917
12070320.0,2.988206
12078130.0,2.987497
12085940.0,2.986788
12093750.0,2.98608
12101570.0,2.985372
12109380.0,2.984665
12117190.0,2.983959
12125000.0,2.983254
12132820.0,2.982548
12140630.0,2.981844
12148440.0,2.98114
12156250.0,2.980437
12164070.0,2.979734
12171880.0,2.979032
12179690.0,2.978331
12187500.0,2.977631
12195320.0,2.97693
12203130.0,2.976231
12210940.0,2.975532
12218750.0,2.974834
12226570.0,2.974136
12234380.0,2.973439
12242190.0,2.972743
12250000.0,2.972047
12257820.0,2.971351
12265630.0,2.970657
12273440.0,2.969963
12281250.0,2.96927
12289070.0,2.968576
12296880.0,2.967884
12304690.0,2.967193
12312500.0,2.966502
12320320.0,2.965811
12328130.0,2.965121
12335940.0,2.964432
12343750.0,2.963744
12351570.0,2.963055
12359380.0,2.962368
12367190.0,2.961681
12375000.0,2.960995
12382820.0,2.960309
12390630.0,2.959624
12398440.0,2.95894
12406250.0,2.958256
12414070.0,2.957572
12421880.0,2.95689
12429690.0,2.956208
12437500.0,2.955526
12445320.0,2.954845
12453130.0,2.954165
12460940.0,2.953485
12468750.0,2.952806
12476570.0,2.952127
12484380.0,2.951449
12492190.0,2.950772
12500000.0,2.950095
12507820.0,2.949418
12515630.0,2.948742
12523440.0,2.948067
12531250.0,2.947393
12539070.0,2.946718
12546880.0,2.946045
12554690.0,2.945373
12562500.0,2.9447
12570320.0,2.944028
12578130.0,2.943357
12585940.0,2.942687
12593750.0,2.942017
12601570.0,2.941347
12609380.0,2.940678
12617190.0,2.94001
12625000.0,2.939343
12632820.0,2.938675
12640630.0,2.938008
12648440.0,2.937343
12656250.0,2.936677
12664070.0,2.936012
12671880.0,2.935348
12679690.0,2.934684
12687500.0,2.934021
12695320.0,2.933358
12703130.0,2.932696
12710940.0,2.932034
12718750.0,2.931374
12726570.0,2.930712
12734380.0,2.930053
12742190.0,2.929394
12750000.0,2.928735
12757820.0,2.928076
12765630.0,2.927419
12773440.0,2.926762
12781250.0,2.926105
12789070.0,2.925449
12796880.0,2.924793
12804690.0,2.924138
12812500.0,2.923484
12820320.0,2.92283
12828130.0,2.922177
12835940.0,2.921524
12843750.0,2.920872
12851570.0,2.92022
12859380.0,2.919569
12867190.0,2.918918
12875000.0,2.918268
12882820.0,2.917618
12890630.0,2.91697
12898440.0,2.916321
12906250.0,2.915674
12914070.0,2.915026
12921880.0,2.914379
12929690.0,2.913733
12937500.0,2.913087
12945320.0,2.912441
12953130.0,2.911797
12960940.0,2.911153
12968750.0,2.910509
12976570.0,2.909866
12984380.0,2.909223
12992190.0,2.908581
13000000.0,2.90794
13008900.0,2.907173
13017800.0,2.906407
13026700.0,2.905641
13035590.0,2.904878
13044490.0,2.904113
13053390.0,2.90335
13062290.0,2.902588
13071180.0,2.901827
13080080.0,2.901065
13088980.0,2.900305
13097880.0,2.899545
13106770.0,2.898787
13115670.0,2.898029
13124560.0,2.897272
13133460.0,2.896515
13142350.0,2.89576
13151250.0,2.895004
13160150.0,2.89425
13169050.0,2.893496
13177940.0,2.892743
13186840.0,2.891991
13195740.0,2.891239
13204640.0,2.890487
13213530.0,2.889738
13222430.0,2.888988
13231330.0,2.888239
13240230.0,2.88749
13249120.0,2.886744
13258020.0,2.885997
13266910.0,2.885251
13275810.0,2.884505
13284700.0,2.883761
13293600.0,2.883017
13302500.0,2.882273
13311400.0,2.881531
13320290.0,2.880789
13329190.0,2.880048
13338090.0,2.879307
13346990.0,2.878567
13355880.0,2.877828
13364780.0,2.877089
13373680.0,2.876351
13382580.0,2.875614
13391470.0,2.874878
13400370.0,2.874142
13409260.0,2.873407
13418160.0,2.872673
13427050.0,2.871939
13435950.0,2.871206
13444850.0,2.870473
13453750.0,2.869741
13462640.0,2.869011
13471540.0,2.86828
13480440.0,2.86755
13489340.0,2.866821
13498230.0,2.866093
13507130.0,2.865365
13516030.0,2.864638
13524930.0,2.863911
13533820.0,2.863186
13542720.0,2.86246
13551610.0,2.861737
13560510.0,2.861013
13569400.0,2.86029
13582860.0,2.859231
13596320.0,2.858174
13609780.0,2.857118
13623230.0,2.856065
13636690.0,2.855012
13650140.0,2.853961
13663600.0,2.852911
13677050.0,2.851863
13690510.0,2.850816
13703970.0,2.84977
13717430.0,2.848726
13730880.0,2.847684
13744340.0,2.846642
13757790.0,2.845603
13771250.0,2.844564
13784700.0,2.843527
13798160.0,2.842491
13811620.0,2.841456
13825080.0,2.840423
13838530.0,2.839392
13851990.0,2.838362
13865440.0,2.837333
13878900.0,2.836306
13892350.0,2.83528
13905810.0,2.834255
13919270.0,2.833231
13932730.0,2.832209
13946180.0,2.831189
13959640.0,2.830169
13973090.0,2.829152
13986550.0,2.828135
14000000.0,2.82712
14015630.0,2.825319
14031250.0,2.823523
14046880.0,2.821729
14062500.0,2.819939
14078130.0,2.818151
14093750.0,2.816367
14109380.0,2.814586
14125000.0,2.812808
14140630.0,2.811032
14156250.0,2.809261
14171880.0,2.807492
14187500.0,2.805726
14203130.0,2.803963
14218750.0,2.802204
14234380.0,2.800447
14250000.0,2.798694
14265630.0,2.796942
14281250.0,2.795195
14296880.0,2.79345
14312500.0,2.791709
14328130.0,2.78997
14343750.0,2.788235
14359380.0,2.786502
14375000.0,2.784772
14390630.0,2.783045
14406250.0,2.781322
14421880.0,2.7796
14437500.0,2.777883
14453130.0,2.776167
14468750.0,2.774456
14484380.0,2.772746
14500000.0,2.77104
14507820.0,2.770287
14515630.0,2.769535
14523440.0,2.768783
14531250.0,2.768033
14539070.0,2.767282
14546880.0,2.766532
14554690.0,2.765783
14562500.0,2.765035
14570320.0,2.764286
14578130.0,2.763539
14585940.0,2.762793
14593750.0,2.762047
14601570.0,2.761301
14609380.0,2.760556
14617190.0,2.759812
14625000.0,2.759069
14632820.0,2.758325
14640630.0,2.757583
14648440.0,2.756841
14656250.0,2.7561
14664070.0,2.755359
14671880.0,2.754619
14679690.0,2.753879
14687500.0,2.753141
14695320.0,2.752402
14703130.0,2.751664
14710940.0,2.750927
14718750.0,2.750191
14726570.0,2.749454
14734380.0,2.748719
14742190.0,2.747985
14750000.0,2.747251
14757820.0,2.746516
14765630.0,2.745783
14773440.0,2.745051
14781250.0,2.744319
14789070.0,2.743587
14796880.0,2.742857
14804690.0,2.742127
14812500.0,2.741398
14820320.0,2.740668
14828130.0,2.73994
14835940.0,2.739212
14843750.0,2.738485
14851570.0,2.737758
14859380.0,2.737032
14867190.0,2.736307
14875000.0,2.735582
14882820.0,2.734857
14890630.0,2.734133
14898440.0,2.73341
14906250.0,2.732688
14914070.0,2.731965
14921880.0,2.731244
14929690.0,2.730523
14937500.0,2.729803
14945320.0,2.729082
14953130.0,2.728363
14960940.0,2.727645
14968750.0,2.726927
14976570.0,2.726209
14984380.0,2.725492
14992190.0,2.724776
15000000.0,2.72406
15007820.0,2.7231
15015630.0,2.722141
15023440.0,2.721184
15031250.0,2.720227
15039070.0,2.71927
15046880.0,2.718315
15054690.0,2.717361
15062500.0,2.716407
15070320.0,2.715453
15078130.0,2.714502
15085940.0,2.713551
15093750.0,2.712601
15101570.0,2.71165
15109380.0,2.710702
15117190.0,2.709754
15125000.0,2.708808
15132820.0,2.70786
15140630.0,2.706915
15148440.0,2.705971
15156250.0,2.705027
15164070.0,2.704083
15171880.0,2.703142
15179690.0,2.702201
15187500.0,2.70126
15195320.0,2.70032
15203130.0,2.699381
15210940.0,2.698443
15218750.0,2.697506
15226570.0,2.696569
15234380.0,2.695633
15242190.0,2.694699
15250000.0,2.693765
15257820.0,2.692831
15265630.0,2.691899
15273440.0,2.690967
15281250.0,2.690036
15289070.0,2.689106
15296880.0,2.688176
15304690.0,2.687248
15312500.0,2.686321
15320320.0,2.685393
15328130.0,2.684467
15335940.0,2.683542
15343750.0,2.682618
15351570.0,2.681693
15359380.0,2.680771
15367190.0,2.679849
15375000.0,2.678928
15382820.0,2.678006
15390630.0,2.677087
15398440.0,2.676168
15406250.0,2.67525
15414070.0,2.674331
15421880.0,2.673415
15429690.0,2.672499
15437500.0,2.671585
15445320.0,2.670669
15453130.0,2.669756
15460940.0,2.668843
15468750.0,2.667932
15476570.0,2.66702
15484380.0,2.666109
15492190.0,2.6652
15500000.0,2.664291
15507820.0,2.663382
15515630.0,2.662475
15523440.0,2.661569
15531250.0,2.660663
15539070.0,2.659757
15546880.0,2.658853
15554690.0,2.65795
15562500.0,2.657047
15570320.0,2.656144
15578130.0,2.655243
15585940.0,2.654343
15593750.0,2.653443
15601570.0,2.652543
15609380.0,2.651645
15617190.0,2.650748
15625000.0,2.649851
15632820.0,2.648954
15640630.0,2.648059
15656250.0,2.646272
15671880.0,2.644486
15687500.0,2.642704
15703130.0,2.640924
15718750.0,2.639148
15734380.0,2.637374
15750000.0,2.635604
15765630.0,2.633836
15781250.0,2.632072
15796880.0,2.630309
15812500.0,2.628551
15828130.0,2.626795
15843750.0,2.625042
15859380.0,2.623291
15875000.0,2.621545
15890630.0,2.6198
15906250.0,2.618059
15921880.0,2.61632
15937500.0,2.614585
15953130.0,2.612851
15968750.0,2.611122
15984380.0,2.609394
16000000.0,2.60767
16015240.0,2.60493
16030480.0,2.602196
16045720.0,2.599467
16060950.0,2.596746
16076190.0,2.594028
16091430.0,2.591315
16106670.0,2.588608
16121900.0,2.585908
16137140.0,2.583212
16152380.0,2.580521
16167620.0,2.577835
16182850.0,2.575157
16198090.0,2.572482
16213330.0,2.569812
16228570.0,2.567147
16243800.0,2.56449
16243830.0,2.564486
16255650.0,2.562792
16267470.0,2.5611
16279290.0,2.559411
16291100.0,2.557725
16302920.0,2.556041
16314730.0,2.55436
16326550.0,2.55268
16338360.0,2.551004
16350180.0,2.549328
16361990.0,2.547657
16373810.0,2.545986
16385620.0,2.544319
16397440.0,2.542653
16409250.0,2.540991
16421070.0,2.539329
16432880.0,2.537671
16444700.0,2.536014
16456510.0,2.534361
16468330.0,2.532708
16480140.0,2.53106
16491960.0,2.529412
16503770.0,2.527767
16515590.0,2.526124
16527400.0,2.524484
16539220.0,2.522845
16551030.0,2.52121
16562850.0,2.519575
16574660.0,2.517944
16586480.0,2.516314
16598290.0,2.514688
16610110.0,2.513062
16621920.0,2.51144
16633740.0,2.509819
16645550.0,2.508201
16657370.0,2.506585
16669180.0,2.504971
16681000.0,2.503359
16692810.0,2.50175
16704630.0,2.500142
16716440.0,2.498537
16728260.0,2.496933
16740070.0,2.495333
16751890.0,2.493734
16763700.0,2.492138
16775520.0,2.490543
16787330.0,2.488951
16799150.0,2.48736
16810960.0,2.485773
16822780.0,2.484186
16834590.0,2.482603
16846410.0,2.481021
16858220.0,2.479442
16870040.0,2.477863
16881850.0,2.476289
16893670.0,2.474715
16905480.0,2.473144
16917300.0,2.471575
16929110.0,2.470008
16940930.0,2.468443
16952740.0,2.466881
16964560.0,2.465319
16976370.0,2.463761
16988190.0,2.462204
17000000.0,2.46065
17015630.0,2.458661
17031250.0,2.456678
17046880.0,2.454696
17062500.0,2.452719
17078130.0,2.450744
17093750.0,2.448774
17109380.0,2.446806
17125000.0,2.444843
17140630.0,2.442881
17156250.0,2.440924
17171880.0,2.43897
17187500.0,2.43702
17203130.0,2.435072
17218750.0,2.433129
17234380.0,2.431187
17250000.0,2.42925
17265630.0,2.427316
17281250.0,2.425386
17296880.0,2.423457
17312500.0,2.421534
17328130.0,2.419612
17343750.0,2.417695
17359380.0,2.41578
17375000.0,2.413869
17390630.0,2.411961
17406250.0,2.410056
17421880.0,2.408154
17437500.0,2.406256
17453130.0,2.404361
17468750.0,2.402469
17484380.0,2.40058
17500000.0,2.398695
17515630.0,2.396812
17531250.0,2.394933
17546880.0,2.393056
17562500.0,2.391184
17578130.0,2.389313
17593750.0,2.387447
17609380.0,2.385583
17625000.0,2.383723
17640630.0,2.381865
17656250.0,2.380011
17671880.0,2.378159
17687500.0,2.376311
17703130.0,2.374465
17718750.0,2.372624
17734380.0,2.370784
17750000.0,2.368949
17765630.0,2.367115
17781250.0,2.365286
17796880.0,2.363458
17812500.0,2.361635
17828130.0,2.359813
17843750.0,2.357996
17859380.0,2.356181
17875000.0,2.354369
17890630.0,2.35256
17906250.0,2.350754
17921880.0,2.348951
17937500.0,2.347151
17953130.0,2.345353
17968750.0,2.34356
17984380.0,2.341768
18000000.0,2.33998
18031250.0,2.335263
18062500.0,2.330564
18093750.0,2.325882
18125000.0,2.321218
18156250.0,2.316571
18187500.0,2.311942
18218750.0,2.307329
18250000.0,2.302734
18281250.0,2.298155
18312500.0,2.293594
18343750.0,2.289049
18375000.0,2.284521
18406250.0,2.28001
18437500.0,2.275515
18468750.0,2.271037
18500000.0,2.266575
18531250.0,2.262129
18562500.0,2.2577
18593750.0,2.253287
18625000.0,2.248889
18656250.0,2.244508
18687500.0,2.240142
18718750.0,2.235792
18750000.0,2.231458
18781250.0,2.22714
18812500.0,2.222837
18843750.0,2.218549
18875000.0,2.214277
18906250.0,2.21002
18937500.0,2.205778
18968750.0,2.201552
19000000.0,2.19734
19062500.0,2.188881
19125000.0,2.180482
19187500.0,2.172142
19250000.0,2.163861
19312500.0,2.155638
19375000.0,2.147473
19437500.0,2.139366
19500000.0,2.131314
19562500.0,2.123319
19625000.0,2.115379
19687500.0,2.107493
19750000.0,2.099662
19812500.0,2.091885
19875000.0,2.084161
19937500.0,2.076489
20000000.0,2.06887
