1e-05,5.1
1.03125e-05,5.1
1.0625e-05,5.1
1.09375e-05,5.1
1.125e-05,5.1
1.15625e-05,5.1
1.1875e-05,5.1
1.21875e-05,5.1
1.25e-05,5.1
1.28125e-05,5.1
1.3125e-05,5.1
1.34375e-05,5.1
1.375e-05,5.1
1.4375e-05,5.1
1.5e-05,5.1
1.5625e-05,5.1
1.625e-05,5.1
1.6875e-05,5.1
1.75e-05,5.1
1.8125e-05,5.1
1.875e-05,5.1
1.9375e-05,5.1
2e-05,5.1
2.09375e-05,5.1
2.1875e-05,5.1
2.28125e-05,5.1
2.375e-05,5.1
2.46875e-05,5.1
2.5625e-05,5.1
2.65625e-05,5.1
2.75e-05,5.1
2.84375e-05,5.1
2.9375e-05,5.1
3.03125e-05,5.1
3.125e-05,5.1
3.21875e-05,5.1
3.3125e-05,5.1
3.40625e-05,5.1
3.5e-05,5.1
3.59375e-05,5.1
3.6875e-05,5.1
3.78125e-05,5.1
3.875e-05,5.1
3.96875e-05,5.1
4.0625e-05,5.1
4.25e-05,5.1
4.4375e-05,5.1
4.625e-05,5.1
4.8125e-05,5.1
5e-05,5.1
5.15625e-05,5.1
5.3125e-05,5.1
5.46875e-05,5.1
5.625e-05,5.1
5.78125e-05,5.1
5.9375e-05,5.1
6.09375e-05,5.1
6.25e-05,5.1
6.40625e-05,5.1
6.5625e-05,5.1
6.71875e-05,5.1
6.875e-05,5.1
7.1875e-05,5.1
7.5e-05,5.1
7.8125e-05,5.1
8.125e-05,5.1
8.4375e-05,5.1
8.75e-05,5.1
9.0625e-05,5.1
9.375e-05,5.1
9.6875e-05,5.1
0.0001,5.1
0.000103125,5.1
0.00010625,5.1
0.000109375,5.1
0.0001125,5.1
0.000115625,5.1
0.00011875,5.1
0.000121875,5.1
0.000125,5.1
0.000128125,5.1
0.00013125,5.1
0.000134375,5.1
0.0001375,5.1
0.00014375,5.1
0.00015,5.1
0.00015625,5.1
0.0001625,5.1
0.00016875,5.1
0.000175,5.1
0.00018125,5.1
0.0001875,5.1
0.00019375,5.1
0.0002,5.1
0.000209375,5.1
0.00021875,5.1
0.000228125,5.1
0.0002375,5.1
0.000246875,5.1
0.00025625,5.1
0.000265625,5.1
0.000275,5.1
0.000284375,5.1
0.00029375,5.1
0.000303125,5.1
0.0003125,5.1
0.000321875,5.1
0.00033125,5.1
0.000340625,5.1
0.00035,5.1
0.000359375,5.1
0.00036875,5.1
0.000378125,5.1
0.0003875,5.1
0.000396875,5.1
0.00040625,5.1
0.000425,5.1
0.00044375,5.1
0.0004625,5.1
0.00048125,5.1
0.0005,5.1
0.000515625,5.1
0.00053125,5.1
0.000546875,5.1
0.0005625,5.1
0.000578125,5.1
0.00059375,5.1
0.000609375,5.1
0.000625,5.1
0.000640625,5.1
0.00065625,5.1
0.000671875,5.1
0.0006875,5.1
0.00071875,5.1
0.00075,5.1
0.00078125,5.1
0.0008125,5.1
0.00084375,5.1
0.000875,5.1
0.00090625,5.1
0.0009375,5.1
0.00096875,5.1
0.001,5.1
0.00103125,5.1
0.0010625,5.1
0.00109375,5.1
0.001125,5.1
0.00115625,5.1
0.0011875,5.1
0.00121875,5.1
0.00125,5.1
0.00128125,5.1
0.0013125,5.1
0.00134375,5.1
0.001375,5.1
0.0014375,5.1
0.0015,5.1
0.0015625,5.1
0.001625,5.1
0.0016875,5.1
0.00175,5.1
0.0018125,5.1
0.001875,5.1
0.0019375,5.1
0.002,5.1
0.00209375,5.1
0.0021875,5.1
0.00228125,5.1
0.002375,5.1
0.00246875,5.1
0.0025625,5.1
0.00265625,5.1
0.00275,5.1
0.00284375,5.1
0.0029375,5.1
0.00303125,5.1
0.003125,5.1
0.00321875,5.1
0.0033125,5.1
0.00340625,5.1
0.0035,5.1
0.00359375,5.1
0.0036875,5.1
0.00378125,5.1
0.003875,5.1
0.00396875,5.1
0.0040625,5.1
0.00425,5.1
0.0044375,5.1
0.004625,5.1
0.0048125,5.1
0.005,5.1
0.00515625,5.1
0.0053125,5.1
0.00546875,5.1
0.005625,5.1
0.00578125,5.1
0.0059375,5.1
0.00609375,5.1
0.00625,5.1
0.00640625,5.1
0.0065625,5.1
0.00671875,5.1
0.006875,5.1
0.0071875,5.1
0.0075,5.1
0.0078125,5.1
0.008125,5.1
0.0084375,5.1
0.00875,5.1
0.0090625,5.1
0.009375,5.1
0.0096875,5.1
0.01,5.1
0.0103125,5.1
0.010625,5.1
0.0109375,5.1
0.01125,5.1
0.0115625,5.1
0.011875,5.1
0.0121875,5.1
0.0125,5.1
0.0128125,5.1
0.013125,5.1
0.0134375,5.1
0.01375,5.1
0.014375,5.1
0.015,5.1
0.015625,5.1
0.01625,5.1
0.016875,5.1
0.0175,5.1
0.018125,5.1
0.01875,5.1
0.019375,5.1
0.02,5.1
0.0206625,5.1
0.021325,5.1
0.0219875,5.1
0.02265,5.1
0.0233125,5.1
0.023975,5.1
0.0246375,5.1
0.0253,5.1
0.02607188,5.1
0.02684375,5.1
0.02761563,5.1
0.0283875,5.1
0.02915938,5.1
0.02993125,5.1
0.03070313,5.1
0.031475,5.1
0.03224688,5.1
0.03301875,5.1
0.0345625,5.1
0.03610625,5.1
0.03765,5.1
0.03919375,5.1
0.0407375,5.1
0.04228125,5.1
0.043825,5.1
0.04536875,5.1
0.0469125,5.1
0.04845625,5.1
0.05,5.1
0.0515625,5.1
0.053125,5.1
0.0546875,5.1
0.05625,5.1
0.0578125,5.1
0.059375,5.1
0.0609375,5.1
0.0625,5.1
0.0640625,5.1
0.065625,5.1
0.0671875,5.1
0.06875,5.1
0.071875,5.1
0.075,5.1
0.078125,5.1
0.08125,5.1
0.084375,5.1
0.0875,5.1
0.090625,5.1
0.09375,5.1
0.096875,5.1
0.1,5.1
0.103125,5.1
0.10625,5.1
0.109375,5.1
0.1125,5.1
0.115625,5.1
0.11875,5.1
0.121875,5.1
0.125,5.1
0.128125,5.1
0.13125,5.1
0.134375,5.1
0.1375,5.1
0.14375,5.1
0.15,5.1
0.15625,5.1
0.1625,5.1
0.16875,5.1
0.175,5.1
0.18125,5.1
0.1875,5.1
0.19375,5.1
0.2,5.1
0.209375,5.1
0.21875,5.1
0.228125,5.1
0.2375,5.1
0.246875,5.1
0.25625,5.1
0.265625,5.1
0.275,5.1
0.284375,5.1
0.29375,5.1
0.303125,5.1
0.3125,5.1
0.321875,5.1
0.33125,5.1
0.340625,5.1
0.35,5.1
0.359375,5.1
0.36875,5.1
0.378125,5.1
0.3875,5.1
0.396875,5.1
0.40625,5.1
0.425,5.1
0.44375,5.1
0.4625,5.1
0.48125,5.1
0.5,5.1
0.53125,5.1
0.5625,5.1
0.59375,5.1
0.625,5.1
0.65625,5.1
0.6875,5.1
0.71875,5.1
0.75,5.1
0.78125,5.1
0.8125,5.1
0.84375,5.1
0.875,5.1
0.9375,5.1
1.0,5.1
1.0625,5.1
1.125,5.1
1.1875,5.1
1.25,5.1
1.3125,5.1
1.375,5.1
1.4375,5.1
1.5,5.1
1.5625,5.1
1.625,5.1
1.6875,5.1
1.75,5.1
1.875,5.1
2.0,5.1
2.09375,5.1
2.1875,5.1
2.28125,5.1
2.375,5.1
2.46875,5.1
2.5625,5.1
2.65625,5.1
2.75,5.1
2.9375,5.1
3.125,5.1
3.3125,5.1
3.5,5.1
3.6875,5.1
3.875,5.1
4.0625,5.1
4.25,5.1
4.4375,5.1
4.625,5.1
4.8125,5.1
5.0,5.1
5.3125,5.1
5.625,5.1
5.9375,5.1
6.25,5.1
6.5625,5.1
6.875,5.1
7.1875,5.1
7.5,5.1
7.8125,5.1
8.125,5.1
8.4375,5.1
8.75,5.1
9.375,5.1
10.0,5.1
10.625,5.1
11.25,5.1
11.875,5.1
12.5,5.1
13.125,5.1
13.75,5.1
14.375,5.1
15.0,5.1
15.625,5.1
16.25,5.1
16.875,5.1
17.5,5.1
18.75,5.1
20.0,5.1
20.9375,5.1
21.875,5.1
22.8125,5.1
23.75,5.1
24.6875,5.1
25.625,5.1
26.5625,5.1
27.5,5.1
29.375,5.1
31.25,5.1
33.125,5.1
35.0,5.1
36.875,5.1
38.75,5.1
40.625,5.1
42.5,5.1
44.375,5.1
46.25,5.1
48.125,5.1
50.0,5.1
53.125,5.1
56.25,5.1
59.375,5.1
62.5,5.1
65.625,5.1
68.75,5.1
71.875,5.1
75.0,5.1
78.125,5.1
81.25,5.1
84.375,5.1
87.5,5.1
93.75,5.1
100.0,5.1
106.25,5.1
112.5,5.1
118.75,5.1
125.0,5.1
131.25,5.1
137.5,5.1
143.75,5.1
150.0,5.1
156.25,5.1
162.5,5.1
168.75,5.1
175.0,5.1
187.5,5.1
199.9999,5.1
200.0001,13.70284
212.5001,13.50745
225.0001,13.32579
237.5001,13.1562
250.0,12.99731
262.5,12.84926
275.0,12.70966
287.5,12.57769
300.0,12.45262
325.0,12.22295
350.0,12.01409
375.0,11.82479
400.0,11.65042
425.0,11.49149
450.0,11.34363
475.0,11.20552
500.0,11.07605
525.0,10.95677
550.0,10.84424
575.0,10.73779
600.0,10.63685
630.0,10.52491
660.0,10.41928
690.0,10.31933
720.0,10.22454
760.0,10.10781
800.0,9.998301
850.0,9.873818
900.0,9.757872
950.0,9.64945
1000.0,9.547704
1062.5,9.434026
1125.0,9.328088
1187.5,9.228974
1250.0,9.135919
1375.0,8.973533
1500.0,8.827808
1600.0,8.725884
1700.0,8.631214
1850.0,8.506853
2000.0,8.39378
2125.0,8.313112
2250.0,8.237766
2500.0,8.100665
2750.0,7.989546
3000.0,7.889434
3250.0,7.806548
3500.0,7.730584
3750.0,7.666786
4000.0,7.607584
4500.0,7.514359
5000.0,7.431934
5500.0,7.369993
6000.0,7.313897
6500.0,7.272012
7000.0,7.233447
7500.0,7.204272
8000.0,7.177088
8500.0,7.158437
9000.0,7.140896
10000.0,7.108676
10625.0,7.098224
11250.0,7.088383
11875.0,7.079087
12500.0,7.070279
13750.0,7.064727
15000.0,7.059663
16000.0,7.06093
17000.0,7.062121
18500.0,7.069616
20000.0,7.076534
21250.0,7.087012
22500.0,7.096905
23750.0,7.106276
25000.0,7.115177
26250.0,7.127698
27500.0,7.139657
28750.0,7.151103
30000.0,7.162079
32500.0,7.186647
35000.0,7.209468
37500.0,7.23361
40000.0,7.256267
42500.0,7.280106
45000.0,7.302654
47500.0,7.324046
50000.0,7.344399
52500.0,7.365351
55000.0,7.385384
60000.0,7.423001
65000.0,7.459044
70000.0,7.49257
75000.0,7.524051
80000.0,7.55362
84999.98,7.580743
89999.95,7.606404
94999.93,7.630757
99999.9,7.653933
100000.1,7.64174
106250.1,7.648777
112500.1,7.655418
125000.1,7.667675
137500.1,7.678779
150000.0,7.68893
175000.0,7.675567
200000.0,7.66401
250000.0,7.60295
300000.0,7.52309
350000.0,7.408382
400000.0,7.310432
450000.0,7.225109
500000.0,7.14963
503125.0,7.142606
506250.0,7.135633
509375.0,7.12871
512500.0,7.121835
515625.0,7.115009
518750.0,7.10823
521875.0,7.101499
525000.0,7.094814
528125.0,7.088175
531250.0,7.081581
534375.0,7.075032
537500.0,7.068528
540625.0,7.062067
543750.0,7.055649
546875.0,7.049273
550000.0,7.04294
553125.0,7.036648
556250.0,7.030397
559375.0,7.024187
562500.0,7.018017
565625.0,7.011886
568750.0,7.005794
571875.0,6.999741
575000.0,6.993726
578125.0,6.987749
581250.0,6.98181
584375.0,6.975907
587500.0,6.97004
590625.0,6.96421
593750.0,6.958415
596875.0,6.952655
600000.0,6.94693
603125.0,6.94124
606250.0,6.935583
609375.0,6.929961
612500.0,6.924371
615625.0,6.918814
618750.0,6.91329
621875.0,6.907799
625000.0,6.902339
628125.0,6.89691
631250.0,6.891513
634375.0,6.886147
637500.0,6.880811
640625.0,6.875505
643750.0,6.870229
646875.0,6.864983
650000.0,6.859766
653125.0,6.854578
656250.0,6.849419
659375.0,6.844288
662500.0,6.839185
665625.0,6.83411
668750.0,6.829062
671875.0,6.824042
675000.0,6.819048
678125.0,6.814081
681250.0,6.809141
684375.0,6.804227
687500.0,6.799339
690625.0,6.794476
693750.0,6.789639
696875.0,6.784827
700000.0,6.78004
703125.0,6.774121
706250.0,6.768234
709375.0,6.762378
712500.0,6.756553
715625.0,6.750758
718750.0,6.744993
721875.0,6.739258
725000.0,6.733553
728125.0,6.727877
731250.0,6.722231
734375.0,6.716613
737500.0,6.711023
740625.0,6.705462
743750.0,6.699929
746875.0,6.694423
750000.0,6.688945
753125.0,6.683494
756250.0,6.678071
759375.0,6.672674
762500.0,6.667303
765625.0,6.661959
768750.0,6.656641
771875.0,6.651348
775000.0,6.646081
778125.0,6.64084
781250.0,6.635623
784375.0,6.630432
787500.0,6.625265
790625.0,6.620122
793750.0,6.615004
796875.0,6.60991
800000.0,6.60484
802584.8,6.6003
805169.5,6.595778
807754.3,6.591274
810339.0,6.586787
812923.8,6.582317
815508.5,6.577864
818093.3,6.573429
820678.0,6.569011
823262.8,6.564609
825847.5,6.560224
828432.3,6.555856
831017.0,6.551504
833601.8,6.547169
836186.5,6.54285
838771.3,6.538547
841356.0,6.53426
843188.7,6.524214
845021.3,6.514205
848686.5,6.494298
852351.8,6.474537
856017.0,6.454922
859682.3,6.435448
863347.5,6.416116
867012.8,6.396924
870678.0,6.37787
874343.3,6.358952
878008.5,6.340169
881673.8,6.321519
885339.0,6.303001
889004.3,6.284614
892669.5,6.266356
896334.8,6.248224
900000.0,6.23022
903125.0,6.218244
906250.0,6.206332
909375.0,6.194484
912500.0,6.182699
915625.0,6.170977
918750.0,6.159316
921875.0,6.147718
925000.0,6.13618
928125.0,6.124702
931250.0,6.113285
934375.0,6.101927
937500.0,6.090628
940625.0,6.079387
943750.0,6.068205
946875.0,6.057079
950000.0,6.046011
953125.0,6.034999
956250.0,6.024043
959375.0,6.013143
962500.0,6.002298
965625.0,5.991507
968750.0,5.980771
971875.0,5.970088
975000.0,5.959459
978125.0,5.948882
981250.0,5.938358
984375.0,5.927886
987500.0,5.917465
990625.0,5.907096
993750.0,5.896777
996875.0,5.886508
1000000.0,5.87629
1007813.0,5.855623
1015625.0,5.835189
1023438.0,5.81498
1031250.0,5.794997
1039063.0,5.77523
1046875.0,5.75568
1054688.0,5.736338
1062500.0,5.717206
1070313.0,5.698275
1078125.0,5.679546
1085938.0,5.66101
1093750.0,5.64267
1101563.0,5.624516
1109375.0,5.606551
1117188.0,5.588767
1125000.0,5.571164
1132813.0,5.553736
1140625.0,5.536484
1148438.0,5.519401
1156250.0,5.502487
1164063.0,5.485737
1171875.0,5.469152
1179688.0,5.452724
1187500.0,5.436455
1195313.0,5.42034
1203125.0,5.404378
1210938.0,5.388565
1218750.0,5.372901
1226563.0,5.35738
1234375.0,5.342004
1242188.0,5.326767
1250000.0,5.31167
1257813.0,5.296404
1265625.0,5.281278
1273438.0,5.266287
1281250.0,5.251431
1289063.0,5.236704
1296875.0,5.22211
1304688.0,5.207642
1312500.0,5.193302
1320313.0,5.179084
1328125.0,5.16499
1335938.0,5.151015
1343750.0,5.137161
1351563.0,5.123423
1359375.0,5.109802
1367188.0,5.096293
1375000.0,5.082898
1382813.0,5.069612
1390625.0,5.056438
1398438.0,5.043369
1406250.0,5.030408
1414063.0,5.017551
1421875.0,5.004798
1429688.0,4.992146
1437500.0,4.979596
1445313.0,4.967144
1453125.0,4.954792
1460938.0,4.942535
1468750.0,4.930374
1476563.0,4.918307
1484375.0,4.906334
1492188.0,4.894451
1500000.0,4.88266
1508490.0,4.869107
1516980.0,4.855666
1525470.0,4.842338
1533960.0,4.82912
1533966.0,4.829109
1539395.0,4.819078
1544823.0,4.809106
1550251.0,4.799188
1555679.0,4.789326
1561107.0,4.779518
1566535.0,4.769765
1571963.0,4.760064
1577391.0,4.750417
1582819.0,4.740823
1588247.0,4.73128
1593675.0,4.72179
1599103.0,4.71235
1604531.0,4.702961
1609959.0,4.693623
1615387.0,4.684334
1620815.0,4.675095
1626244.0,4.665904
1631672.0,4.656762
1637101.0,4.647667
1642529.0,4.638622
1647958.0,4.629622
1653386.0,4.620671
1658815.0,4.611764
1664243.0,4.602906
1669672.0,4.594092
1675100.0,4.585324
1680529.0,4.576601
1685957.0,4.567923
1691386.0,4.559288
1696814.0,4.550699
1702242.0,4.542153
1707670.0,4.53365
1707674.0,4.533644
1718256.0,4.516817
1728837.0,4.500157
1739419.0,4.483658
1750000.0,4.46732
1762589.0,4.447371
1775177.0,4.427654
1787765.0,4.408163
1800353.0,4.388893
1812941.0,4.369841
1825529.0,4.351003
1838117.0,4.332375
1850705.0,4.313952
1863294.0,4.295731
1875882.0,4.27771
1888470.0,4.259884
1901058.0,4.24225
1913646.0,4.224805
1926234.0,4.207546
1938822.0,4.190468
1951410.0,4.17357
1957484.0,4.161245
1963558.0,4.148994
1975705.0,4.124716
1987853.0,4.100725
2000000.0,4.07702
2010707.0,4.057923
2021413.0,4.039018
2032119.0,4.0203
2042825.0,4.001767
2053532.0,3.983413
2064238.0,3.96524
2074944.0,3.947244
2085650.0,3.929421
2096357.0,3.911767
2107063.0,3.894284
2117769.0,3.876967
2128475.0,3.859814
2139182.0,3.84282
2149888.0,3.825987
2160594.0,3.809311
2171300.0,3.79279
2172210.0,3.79084
2180692.0,3.777385
2189174.0,3.76403
2197656.0,3.750773
2206138.0,3.737614
2214620.0,3.724551
2223102.0,3.711584
2231584.0,3.69871
2240065.0,3.685932
2248547.0,3.673244
2257029.0,3.660648
2265511.0,3.648141
2273993.0,3.635724
2282475.0,3.623395
2290957.0,3.611154
2299439.0,3.598998
2307920.0,3.58693
2307921.0,3.586928
2313548.0,3.578043
2319175.0,3.569201
2330429.0,3.551647
2341684.0,3.534261
2352938.0,3.517045
2364193.0,3.499992
2375447.0,3.483104
2386701.0,3.466377
2397955.0,3.449809
2409210.0,3.433395
2420464.0,3.417136
2431719.0,3.401028
2442973.0,3.385072
2454228.0,3.369261
2465482.0,3.353598
2476736.0,3.338078
2487990.0,3.3227
2487995.0,3.322693
2495898.0,3.311209
2503805.0,3.299795
2511713.0,3.288455
2519620.0,3.27719
2527528.0,3.265998
2535435.0,3.254881
2543343.0,3.243834
2551250.0,3.23286
2551253.0,3.232855
2555600.0,3.22543
2561562.0,3.215658
2567523.0,3.205939
2579445.0,3.186657
2591368.0,3.167577
2603290.0,3.1487
2603295.0,3.148691
2609358.0,3.138371
2615420.0,3.12811
2615421.0,3.128108
2623390.0,3.115773
2631360.0,3.103522
2639330.0,3.091355
2647300.0,3.079273
2655270.0,3.067274
2663240.0,3.055358
2671210.0,3.043524
2679180.0,3.03177
2679185.0,3.031763
2684779.0,3.023836
2690373.0,3.015946
2701565.0,3.000271
2712758.0,2.98474
2723950.0,2.969354
2735143.0,2.954109
2746335.0,2.939006
2757528.0,2.924039
2768720.0,2.90921
2778925.0,2.89581
2789130.0,2.88252
2795720.0,2.874637
2802310.0,2.866794
2808900.0,2.858991
2815489.0,2.851228
2822079.0,2.843504
2828669.0,2.835818
2835259.0,2.828171
2841848.0,2.820563
2848438.0,2.812992
2855028.0,2.805459
2861618.0,2.797964
2868207.0,2.790506
2874797.0,2.783085
2881386.0,2.775701
2887976.0,2.768353
2894565.0,2.761041
2901155.0,2.753765
2907745.0,2.746524
2914335.0,2.739319
2920924.0,2.73215
2927514.0,2.725014
2934104.0,2.717913
2940694.0,2.710847
2947283.0,2.703815
2953873.0,2.696817
2960463.0,2.689852
2967053.0,2.682921
2973642.0,2.676024
2980232.0,2.669158
2986821.0,2.662327
2993411.0,2.655527
3000000.0,2.64876
3014504.0,2.637213
3029007.0,2.625771
3043510.0,2.614434
3058013.0,2.603199
3072516.0,2.592066
3087019.0,2.581032
3101522.0,2.570096
3116025.0,2.559257
3130529.0,2.548514
3145032.0,2.537865
3159535.0,2.52731
3174038.0,2.516847
3188541.0,2.506474
3203044.0,2.496191
3217547.0,2.485996
3232050.0,2.475889
3246554.0,2.465867
3261057.0,2.45593
3275560.0,2.446077
3290063.0,2.436308
3304566.0,2.42662
3319069.0,2.417012
3333572.0,2.407485
3348075.0,2.398035
3362579.0,2.388663
3377082.0,2.379369
3391585.0,2.37015
3406088.0,2.361006
3420591.0,2.351936
3435094.0,2.342939
3449597.0,2.334014
3464100.0,2.32516
3480245.0,2.31435
3496390.0,2.303639
3512535.0,2.293028
3528680.0,2.282513
3544825.0,2.272094
3560970.0,2.26177
3577115.0,2.251539
3593260.0,2.241401
3609405.0,2.231353
3625550.0,2.221394
3641695.0,2.211524
3657840.0,2.201742
3673985.0,2.192045
3690130.0,2.182433
3706275.0,2.172905
3722420.0,2.16346
3731095.0,2.157991
3739769.0,2.152549
3748444.0,2.147133
3757118.0,2.141744
3765793.0,2.136379
3774467.0,2.131042
3783141.0,2.125729
3791815.0,2.120443
3800490.0,2.11518
3809164.0,2.109944
3817839.0,2.104731
3826513.0,2.099544
3835188.0,2.09438
3843862.0,2.089242
3852536.0,2.084128
3861210.0,2.079038
3869885.0,2.07397
3878559.0,2.068928
3887234.0,2.063908
3895908.0,2.058912
3904583.0,2.053938
3913257.0,2.048989
3921931.0,2.044062
3930605.0,2.039157
3939280.0,2.034275
3947954.0,2.029416
3956629.0,2.024578
3965303.0,2.019763
3973978.0,2.014969
3982652.0,2.010198
3991326.0,2.005448
4000000.0,2.00072
4017105.0,1.996766
4034209.0,1.992837
4051314.0,1.988932
4068418.0,1.985051
4085523.0,1.981194
4102627.0,1.97736
4119731.0,1.97355
4136835.0,1.969763
4153940.0,1.965999
4171044.0,1.962257
4188149.0,1.958538
4205253.0,1.954841
4222358.0,1.951166
4239462.0,1.947512
4256566.0,1.943881
4273670.0,1.94027
4282808.0,1.93817
4291945.0,1.936077
4301082.0,1.933991
4310219.0,1.931911
4319357.0,1.929838
4328494.0,1.927771
4337631.0,1.925711
4346768.0,1.923658
4355906.0,1.921611
4365043.0,1.919571
4374180.0,1.917537
4383317.0,1.915509
4392454.0,1.913488
4401591.0,1.911473
4410728.0,1.909464
4419865.0,1.907462
4429003.0,1.905466
4438140.0,1.903476
4447277.0,1.901492
4456414.0,1.899515
4465552.0,1.897543
4474689.0,1.895577
4483826.0,1.893618
4492963.0,1.891665
4502101.0,1.889717
4511238.0,1.887776
4520375.0,1.88584
4529512.0,1.88391
4538649.0,1.881987
4547786.0,1.880069
4556923.0,1.878156
4566060.0,1.87625
4577288.0,1.873779
4588515.0,1.871318
4599743.0,1.868866
4610970.0,1.866423
4622198.0,1.863989
4633425.0,1.861564
4644653.0,1.859148
4655880.0,1.856742
4667108.0,1.854344
4678335.0,1.851955
4689563.0,1.849574
4700790.0,1.847203
4712018.0,1.84484
4723245.0,1.842486
4734473.0,1.84014
4745700.0,1.837803
4756928.0,1.835475
4768155.0,1.833155
4779383.0,1.830843
4790610.0,1.828539
4801838.0,1.826244
4813065.0,1.823957
4824293.0,1.821678
4835520.0,1.819408
4846748.0,1.817145
4857975.0,1.814891
4869203.0,1.812644
4880430.0,1.810406
4891658.0,1.808175
4902885.0,1.805952
4914113.0,1.803737
4925340.0,1.80153
4944005.0,1.797772
4962670.0,1.794037
4981335.0,1.790322
5000000.0,1.78663
5012324.0,1.787062
5024648.0,1.787493
5036972.0,1.787923
5049295.0,1.788353
5061619.0,1.788781
5073943.0,1.789208
5086267.0,1.789635
5098590.0,1.79006
5111827.0,1.790577
5125064.0,1.791092
5138301.0,1.791607
5151538.0,1.79212
5164775.0,1.792632
5178012.0,1.793143
5191249.0,1.793653
5204485.0,1.794162
5217722.0,1.794669
5230959.0,1.795176
5244196.0,1.795681
5257433.0,1.796185
5270670.0,1.796688
5283907.0,1.79719
5297144.0,1.79769
5310380.0,1.79819
5324167.0,1.798635
5337953.0,1.799079
5351739.0,1.799522
5365525.0,1.799964
5379312.0,1.800405
5393098.0,1.800845
5406884.0,1.801284
5420670.0,1.801722
5434457.0,1.802159
5448243.0,1.802595
5462029.0,1.80303
5475815.0,1.803464
5489602.0,1.803897
5503388.0,1.804329
5517174.0,1.80476
5530960.0,1.80519
5545320.0,1.805567
5559679.0,1.805942
5574039.0,1.806317
5588398.0,1.806691
5602758.0,1.807064
5617117.0,1.807436
5631476.0,1.807807
5645835.0,1.808178
5660195.0,1.808547
5674554.0,1.808916
5688914.0,1.809284
5703273.0,1.809651
5717633.0,1.810017
5731992.0,1.810382
5746351.0,1.810746
5760710.0,1.81111
5775666.0,1.811417
5790622.0,1.811724
5805578.0,1.81203
5820533.0,1.812335
5835489.0,1.812639
5850444.0,1.812943
5865400.0,1.813246
5880355.0,1.813548
5895311.0,1.813849
5910267.0,1.81415
5925223.0,1.81445
5940178.0,1.81475
5955134.0,1.815048
5970089.0,1.815346
5985045.0,1.815643
6000000.0,1.81594
6003756.0,1.816475
6007512.0,1.817009
6011268.0,1.817543
6015024.0,1.818077
6018780.0,1.818611
6022536.0,1.819144
6026292.0,1.819678
6030047.0,1.820211
6033803.0,1.820744
6037559.0,1.821277
6041315.0,1.82181
6045070.0,1.822342
6048826.0,1.822875
6052582.0,1.823407
6056338.0,1.823939
6060093.0,1.824471
6063849.0,1.825002
6067605.0,1.825534
6071361.0,1.826065
6075116.0,1.826596
6078872.0,1.827127
6082628.0,1.827658
6086384.0,1.828189
6090139.0,1.828719
6093895.0,1.829249
6097651.0,1.82978
6101407.0,1.83031
6105162.0,1.830839
6108918.0,1.831369
6112674.0,1.831898
6116430.0,1.832428
6120185.0,1.832957
6123941.0,1.833485
6127697.0,1.834014
6131453.0,1.834543
6135209.0,1.835071
6138965.0,1.8356
6142721.0,1.836128
6146477.0,1.836655
6150232.0,1.837183
6153988.0,1.837711
6157744.0,1.838238
6161500.0,1.838765
6165255.0,1.839292
6169011.0,1.839819
6172767.0,1.840346
6176523.0,1.840872
6180278.0,1.841399
6184034.0,1.841925
6187790.0,1.842451
6191546.0,1.842977
6195301.0,1.843502
6199057.0,1.844028
6202813.0,1.844553
6206569.0,1.845078
6210324.0,1.845603
6214080.0,1.846128
6217836.0,1.846653
6221592.0,1.847177
6225347.0,1.847701
6229103.0,1.848226
6232859.0,1.84875
6236615.0,1.849273
6240370.0,1.849797
6244126.0,1.850321
6247882.0,1.850844
6251638.0,1.851367
6255394.0,1.85189
6259150.0,1.852413
6262906.0,1.852936
6266662.0,1.853458
6270417.0,1.85398
6274173.0,1.854503
6277929.0,1.855025
6281685.0,1.855546
6285440.0,1.856068
6289196.0,1.856589
6292952.0,1.857111
6296708.0,1.857632
6300463.0,1.858153
6304219.0,1.858674
6307975.0,1.859194
6311731.0,1.859715
6315486.0,1.860235
6319242.0,1.860755
6322998.0,1.861275
6326754.0,1.861795
6330509.0,1.862315
6334265.0,1.862834
6338021.0,1.863354
6341777.0,1.863873
6345532.0,1.864392
6349288.0,1.864911
6353044.0,1.86543
6356800.0,1.865948
6360555.0,1.866467
6364311.0,1.866985
6368067.0,1.867503
6371823.0,1.868021
6375579.0,1.868539
6379335.0,1.869056
6383091.0,1.869574
6386847.0,1.870091
6390602.0,1.870608
6394358.0,1.871125
6398114.0,1.871642
6401870.0,1.872158
6405625.0,1.872675
6409381.0,1.873191
6413137.0,1.873707
6416893.0,1.874223
6420648.0,1.874739
6424404.0,1.875254
6428160.0,1.87577
6431916.0,1.876285
6435671.0,1.8768
6439427.0,1.877315
6443183.0,1.87783
6446939.0,1.878345
6450694.0,1.878859
6454450.0,1.879374
6458206.0,1.879888
6461962.0,1.880402
6465717.0,1.880916
6469473.0,1.88143
6473229.0,1.881943
6476985.0,1.882457
6480740.0,1.88297
6484797.0,1.883485
6488854.0,1.884
6492911.0,1.884515
6496967.0,1.88503
6501024.0,1.885544
6505081.0,1.886059
6509138.0,1.886573
6513194.0,1.887087
6517251.0,1.8876
6521308.0,1.888114
6525365.0,1.888627
6529421.0,1.889141
6533478.0,1.889654
6537535.0,1.890167
6541592.0,1.890679
6545648.0,1.891192
6549705.0,1.891704
6553762.0,1.892216
6557819.0,1.892728
6561875.0,1.89324
6565932.0,1.893752
6569989.0,1.894263
6574046.0,1.894774
6578102.0,1.895285
6582159.0,1.895796
6586216.0,1.896307
6590273.0,1.896818
6594329.0,1.897328
6598386.0,1.897838
6602442.0,1.898348
6606499.0,1.898858
6610555.0,1.899368
6614612.0,1.899877
6618669.0,1.900386
6622726.0,1.900896
6626782.0,1.901404
6630839.0,1.901913
6634896.0,1.902422
6638953.0,1.90293
6643009.0,1.903439
6647066.0,1.903947
6651123.0,1.904455
6655180.0,1.904962
6659236.0,1.90547
6663293.0,1.905977
6667350.0,1.906485
6671407.0,1.906992
6675463.0,1.907498
6679520.0,1.908005
6683577.0,1.908512
6687634.0,1.909018
6691690.0,1.909524
6695747.0,1.91003
6699804.0,1.910536
6703861.0,1.911042
6707917.0,1.911547
6711974.0,1.912053
6716031.0,1.912558
6720088.0,1.913063
6724144.0,1.913567
6728201.0,1.914072
6732257.0,1.914576
6736314.0,1.915081
6740370.0,1.915585
6744427.0,1.916089
6748484.0,1.916593
6752541.0,1.917096
6756597.0,1.9176
6760654.0,1.918103
6764711.0,1.918606
6768768.0,1.919109
6772824.0,1.919612
6776881.0,1.920114
6780938.0,1.920617
6784995.0,1.921119
6789051.0,1.921621
6793108.0,1.922123
6797165.0,1.922625
6801222.0,1.923126
6805278.0,1.923628
6809335.0,1.924129
6813392.0,1.92463
6817449.0,1.925131
6821505.0,1.925632
6825562.0,1.926132
6829619.0,1.926633
6833676.0,1.927133
6837732.0,1.927633
6841789.0,1.928133
6845846.0,1.928633
6849903.0,1.929132
6853959.0,1.929631
6858016.0,1.930131
6862072.0,1.93063
6866129.0,1.931129
6870185.0,1.931627
6874242.0,1.932126
6878299.0,1.932624
6882356.0,1.933123
6886412.0,1.933621
6890469.0,1.934118
6894526.0,1.934616
6898583.0,1.935114
6902639.0,1.935611
6906696.0,1.936108
6910753.0,1.936606
6914810.0,1.937103
6918866.0,1.937599
6922923.0,1.938096
6926980.0,1.938592
6931037.0,1.939089
6935093.0,1.939585
6939150.0,1.940081
6943207.0,1.940576
6947264.0,1.941072
6951320.0,1.941567
6955377.0,1.942063
6959434.0,1.942558
6963491.0,1.943053
6967547.0,1.943548
6971604.0,1.944042
6975661.0,1.944537
6979718.0,1.945031
6983774.0,1.945525
6987831.0,1.946019
6991887.0,1.946513
6995944.0,1.947007
7000000.0,1.9475
7006766.0,1.948669
7013532.0,1.949837
7020298.0,1.951006
7027064.0,1.952173
7033830.0,1.95334
7040596.0,1.954507
7047362.0,1.955674
7054127.0,1.956839
7060893.0,1.958005
7067659.0,1.95917
7074425.0,1.960335
7081190.0,1.961499
7087956.0,1.962663
7094722.0,1.963826
7101488.0,1.964989
7108253.0,1.966151
7115019.0,1.967314
7121785.0,1.968475
7128551.0,1.969637
7135316.0,1.970797
7142082.0,1.971958
7148848.0,1.973118
7155614.0,1.974278
7162379.0,1.975437
7169145.0,1.976595
7175911.0,1.977754
7182677.0,1.978912
7189442.0,1.980069
7196208.0,1.981226
7202974.0,1.982383
7209740.0,1.983539
7216505.0,1.984695
7223271.0,1.985851
7230037.0,1.987006
7236803.0,1.988161
7243569.0,1.989315
7250335.0,1.990469
7257101.0,1.991622
7263867.0,1.992775
7270632.0,1.993928
7277398.0,1.99508
7284164.0,1.996232
7290930.0,1.997383
7297695.0,1.998534
7304461.0,1.999685
7311227.0,2.000835
7317993.0,2.001985
7324758.0,2.003134
7331524.0,2.004283
7338290.0,2.005432
7345056.0,2.00658
7351821.0,2.007728
7358587.0,2.008875
7365353.0,2.010022
7372119.0,2.011169
7378884.0,2.012315
7385650.0,2.013461
7392416.0,2.014606
7399182.0,2.015751
7405947.0,2.016896
7412713.0,2.01804
7419479.0,2.019184
7426245.0,2.020327
7433010.0,2.02147
7437440.0,2.022176
7441870.0,2.022882
7446300.0,2.023587
7450729.0,2.024293
7455159.0,2.024998
7459588.0,2.025703
7464018.0,2.026408
7468447.0,2.027112
7472877.0,2.027817
7477307.0,2.028521
7481737.0,2.029226
7486166.0,2.02993
7490596.0,2.030633
7495025.0,2.031337
7499455.0,2.032041
7503884.0,2.032744
7508314.0,2.033447
7512744.0,2.03415
7517174.0,2.034853
7521603.0,2.035555
7526033.0,2.036258
7530462.0,2.03696
7534892.0,2.037662
7539321.0,2.038364
7543751.0,2.039066
7548181.0,2.039768
7552611.0,2.040469
7557040.0,2.04117
7561470.0,2.041871
7565899.0,2.042572
7570329.0,2.043273
7574758.0,2.043974
7579188.0,2.044674
7583618.0,2.045374
7588048.0,2.046075
7592477.0,2.046774
7596907.0,2.047474
7601336.0,2.048174
7605766.0,2.048873
7610195.0,2.049572
7614625.0,2.050271
7619055.0,2.05097
7623485.0,2.051669
7627914.0,2.052368
7632344.0,2.053066
7636773.0,2.053764
7641203.0,2.054462
7645632.0,2.05516
7650062.0,2.055858
7654492.0,2.056555
7658922.0,2.057253
7663351.0,2.05795
7667781.0,2.058647
7672210.0,2.059344
7676640.0,2.060041
7681069.0,2.060737
7685499.0,2.061434
7689928.0,2.06213
7694358.0,2.062826
7698787.0,2.063522
7703217.0,2.064217
7707646.0,2.064913
7712076.0,2.065608
7716505.0,2.066303
7720935.0,2.066999
7725365.0,2.067694
7729795.0,2.068388
7734224.0,2.069083
7738654.0,2.069777
7743083.0,2.070471
7747513.0,2.071166
7751942.0,2.071859
7756372.0,2.072553
7760802.0,2.073247
7765232.0,2.07394
7769661.0,2.074633
7774091.0,2.075327
7778520.0,2.076019
7782950.0,2.076712
7787379.0,2.077405
7791809.0,2.078097
7796239.0,2.07879
7800669.0,2.079482
7805098.0,2.080174
7809528.0,2.080865
7813957.0,2.081557
7818387.0,2.082248
7822816.0,2.08294
7827246.0,2.083631
7831676.0,2.084322
7836106.0,2.085013
7840535.0,2.085703
7844965.0,2.086394
7849394.0,2.087084
7853824.0,2.087774
7858253.0,2.088464
7862683.0,2.089154
7867113.0,2.089844
7871543.0,2.090533
7875972.0,2.091223
7880402.0,2.091912
7884831.0,2.092601
7889261.0,2.09329
7893690.0,2.093978
7898120.0,2.094667
7902550.0,2.095356
7906980.0,2.096044
7911409.0,2.096732
7915839.0,2.09742
7920268.0,2.098108
7924698.0,2.098795
7929127.0,2.099483
7933557.0,2.10017
7937987.0,2.100857
7942417.0,2.101544
7946846.0,2.102231
7951276.0,2.102918
7955705.0,2.103604
7960135.0,2.10429
7964564.0,2.104976
7968994.0,2.105662
7973423.0,2.106348
7977853.0,2.107034
7982282.0,2.107719
7986712.0,2.108405
7991141.0,2.10909
7995571.0,2.109775
8000000.0,2.11046
8007583.0,2.111712
8015165.0,2.112964
8022748.0,2.114216
8030330.0,2.115467
8037913.0,2.116717
8045495.0,2.117967
8053078.0,2.119217
8060660.0,2.120466
8068243.0,2.121715
8075825.0,2.122964
8083408.0,2.124212
8090990.0,2.125459
8098573.0,2.126706
8106155.0,2.127953
8113738.0,2.129199
8121320.0,2.130445
8128903.0,2.13169
8136485.0,2.132935
8144068.0,2.134179
8151650.0,2.135423
8159233.0,2.136667
8166815.0,2.13791
8174398.0,2.139153
8181980.0,2.140395
8189563.0,2.141637
8197145.0,2.142879
8204728.0,2.14412
8212310.0,2.14536
8219893.0,2.1466
8227475.0,2.14784
8235058.0,2.149079
8242640.0,2.150318
8250223.0,2.151557
8257805.0,2.152795
8265388.0,2.154032
8272970.0,2.155269
8280553.0,2.156506
8288135.0,2.157742
8295718.0,2.158978
8303300.0,2.160214
8310883.0,2.161449
8318465.0,2.162684
8326048.0,2.163918
8333630.0,2.165152
8341213.0,2.166385
8348795.0,2.167618
8356378.0,2.16885
8363960.0,2.170083
8371543.0,2.171314
8379125.0,2.172545
8386708.0,2.173776
8394290.0,2.175007
8401873.0,2.176237
8409455.0,2.177466
8417038.0,2.178696
8424620.0,2.179924
8432203.0,2.181153
8439785.0,2.182381
8447368.0,2.183608
8454950.0,2.184836
8462533.0,2.186062
8470115.0,2.187289
8477698.0,2.188515
8485280.0,2.18974
8491541.0,2.190706
8497801.0,2.191671
8504062.0,2.192637
8510322.0,2.193602
8516583.0,2.194567
8522843.0,2.195531
8529103.0,2.196495
8535363.0,2.197459
8541624.0,2.198423
8547884.0,2.199386
8554144.0,2.200349
8560404.0,2.201312
8566665.0,2.202274
8572925.0,2.203236
8579185.0,2.204198
8585445.0,2.20516
8591706.0,2.206121
8597966.0,2.207082
8604227.0,2.208043
8610487.0,2.209003
8616748.0,2.209964
8623008.0,2.210923
8629268.0,2.211883
8635528.0,2.212842
8641789.0,2.213802
8648049.0,2.21476
8654309.0,2.215719
8660569.0,2.216677
8666830.0,2.217635
8673090.0,2.218593
8679350.0,2.21955
8685610.0,2.220507
8691871.0,2.221464
8698131.0,2.22242
8704392.0,2.223377
8710652.0,2.224333
8716913.0,2.225289
8723173.0,2.226244
8729433.0,2.227199
8735693.0,2.228154
8741954.0,2.229109
8748214.0,2.230063
8754474.0,2.231017
8760734.0,2.231971
8766995.0,2.232925
8773255.0,2.233878
8779515.0,2.234831
8785775.0,2.235783
8792036.0,2.236736
8798296.0,2.237688
8804557.0,2.23864
8810817.0,2.239592
8817078.0,2.240543
8823338.0,2.241494
8829598.0,2.242445
8835858.0,2.243395
8842119.0,2.244346
8848379.0,2.245296
8854639.0,2.246245
8860899.0,2.247195
8867160.0,2.248144
8873420.0,2.249093
8879680.0,2.250042
8885940.0,2.25099
8893069.0,2.252038
8900198.0,2.253086
8907327.0,2.254134
8914455.0,2.255181
8921584.0,2.256228
8928713.0,2.257274
8935842.0,2.258321
8942970.0,2.259366
8950099.0,2.260412
8957228.0,2.261457
8964357.0,2.262502
8971485.0,2.263546
8978614.0,2.26459
8985743.0,2.265634
8992872.0,2.266677
9000000.0,2.26772
9007607.0,2.268829
9015214.0,2.269937
9022821.0,2.271045
9030427.0,2.272153
9038034.0,2.27326
9045641.0,2.274367
9053248.0,2.275474
9060854.0,2.27658
9068461.0,2.277686
9076068.0,2.278791
9083675.0,2.279896
9091281.0,2.281
9098888.0,2.282104
9106495.0,2.283208
9114102.0,2.284312
9121708.0,2.285415
9129315.0,2.286517
9136922.0,2.287619
9144529.0,2.288721
9152135.0,2.289823
9159742.0,2.290924
9167349.0,2.292024
9174956.0,2.293125
9182562.0,2.294224
9190169.0,2.295324
9197776.0,2.296423
9205383.0,2.297522
9212989.0,2.29862
9220596.0,2.299718
9228202.0,2.300816
9235809.0,2.301913
9243415.0,2.30301
9251022.0,2.304106
9258629.0,2.305202
9266236.0,2.306298
9273842.0,2.307393
9281449.0,2.308488
9289056.0,2.309583
9296663.0,2.310677
9304269.0,2.311771
9311876.0,2.312864
9319483.0,2.313957
9327090.0,2.31505
9334696.0,2.316142
9342303.0,2.317234
9349910.0,2.318326
9357517.0,2.319417
9365123.0,2.320508
9372730.0,2.321598
9380337.0,2.322688
9387944.0,2.323778
9395550.0,2.324867
9403157.0,2.325956
9410764.0,2.327045
9418371.0,2.328133
9425977.0,2.329221
9433584.0,2.330308
9441191.0,2.331395
9448798.0,2.332482
9456404.0,2.333568
9464011.0,2.334654
9471617.0,2.33574
9479224.0,2.336825
9486830.0,2.33791
9494849.0,2.339003
9502867.0,2.340096
9510886.0,2.341189
9518904.0,2.342281
9526923.0,2.343373
9534941.0,2.344464
9542959.0,2.345555
9550977.0,2.346645
9558996.0,2.347735
9567014.0,2.348825
9575032.0,2.349914
9583050.0,2.351003
9591069.0,2.352091
9599087.0,2.353179
9607105.0,2.354266
9615123.0,2.355354
9623142.0,2.35644
9631160.0,2.357527
9639178.0,2.358613
9647196.0,2.359698
9655215.0,2.360783
9663233.0,2.361868
9671251.0,2.362952
9679269.0,2.364036
9687288.0,2.36512
9695306.0,2.366203
9703324.0,2.367286
9711342.0,2.368368
9719361.0,2.36945
9727379.0,2.370532
9735397.0,2.371613
9743415.0,2.372693
9751434.0,2.373774
9759452.0,2.374854
9767471.0,2.375933
9775489.0,2.377012
9783508.0,2.378091
9791526.0,2.37917
9799544.0,2.380248
9807562.0,2.381325
9815581.0,2.382402
9823599.0,2.383479
9831617.0,2.384556
9839635.0,2.385632
9847654.0,2.386707
9855672.0,2.387782
9863690.0,2.388857
9871708.0,2.389932
9879727.0,2.391006
9887745.0,2.392079
9895763.0,2.393153
9903781.0,2.394226
9911800.0,2.395298
9919818.0,2.39637
9927836.0,2.397442
9935854.0,2.398513
9943873.0,2.399584
9951891.0,2.400655
9959909.0,2.401725
9967927.0,2.402795
9975946.0,2.403864
9983964.0,2.404933
9991982.0,2.406002
10000000.0,2.40707
10007630.0,2.4089
10015260.0,2.410729
10022890.0,2.412559
10030510.0,2.414386
10038140.0,2.416215
10045770.0,2.418045
10053400.0,2.419875
10061020.0,2.421702
10068650.0,2.423531
10076280.0,2.425361
10083910.0,2.42719
10091530.0,2.429017
10099160.0,2.430847
10106780.0,2.432674
10114410.0,2.434504
10122030.0,2.436331
10129660.0,2.43816
10137290.0,2.43999
10144920.0,2.441819
10152540.0,2.443646
10160170.0,2.445476
10167790.0,2.447303
10175420.0,2.449132
10183040.0,2.450959
10190670.0,2.452789
10198300.0,2.454618
10205930.0,2.456448
10213550.0,2.458275
10221180.0,2.460104
10228800.0,2.461931
10236430.0,2.463761
10244050.0,2.465588
10251680.0,2.467417
10259310.0,2.469246
10266940.0,2.471076
10274560.0,2.472903
10282190.0,2.474732
10289820.0,2.476562
10297450.0,2.478391
10305070.0,2.480218
10312700.0,2.482047
10320330.0,2.483877
10327960.0,2.485706
10335580.0,2.487533
10343210.0,2.489362
10350830.0,2.491189
10358460.0,2.493019
10366080.0,2.494846
10373710.0,2.496675
10381340.0,2.498504
10388970.0,2.500334
10396590.0,2.502161
10404220.0,2.50399
10411840.0,2.505817
10419470.0,2.507646
10427090.0,2.509473
10434720.0,2.511302
10442350.0,2.513132
10449980.0,2.514961
10457600.0,2.516788
10465230.0,2.518617
10472850.0,2.520444
10480480.0,2.522273
10488100.0,2.5241
10498210.0,2.526409
10508320.0,2.528719
10518430.0,2.531028
10528540.0,2.533337
10538650.0,2.535646
10548760.0,2.537955
10558870.0,2.540263
10568980.0,2.542572
10579090.0,2.54488
10589200.0,2.547189
10599310.0,2.549497
10609420.0,2.551805
10619530.0,2.554113
10629640.0,2.556421
10639750.0,2.558729
10649850.0,2.561034
10659960.0,2.563342
10670070.0,2.565649
10680180.0,2.567957
10690290.0,2.570264
10700400.0,2.572571
10710510.0,2.574878
10720620.0,2.577185
10730730.0,2.579492
10740840.0,2.581798
10750950.0,2.584105
10761060.0,2.586412
10771170.0,2.588718
10781280.0,2.591024
10791390.0,2.59333
10801500.0,2.595636
10811600.0,2.59794
10811630.0,2.597945
10817520.0,2.598899
10823410.0,2.599854
10829300.0,2.600808
10835180.0,2.60176
10841070.0,2.602714
10846960.0,2.603668
10852850.0,2.604622
10858730.0,2.605573
10864620.0,2.606527
10870510.0,2.60748
10876400.0,2.608433
10882280.0,2.609384
10888170.0,2.610336
10894050.0,2.611287
10899940.0,2.612239
10905820.0,2.61319
10911710.0,2.614142
10917600.0,2.615093
10923490.0,2.616045
10929370.0,2.616995
10935260.0,2.617946
10941140.0,2.618895
10947030.0,2.619846
10952910.0,2.620795
10958800.0,2.621746
10964690.0,2.622696
10970580.0,2.623646
10976460.0,2.624595
10982350.0,2.625545
10988230.0,2.626493
10994120.0,2.627442
11000000.0,2.62839
11007820.0,2.628556
11015630.0,2.628722
11023440.0,2.628887
11031250.0,2.629052
11039070.0,2.629218
11046880.0,2.629383
11054690.0,2.629548
11062500.0,2.629713
11070320.0,2.629878
11078130.0,2.630043
11085940.0,2.630208
11093750.0,2.630372
11101570.0,2.630537
11109380.0,2.630701
11117190.0,2.630866
11125000.0,2.63103
11132820.0,2.631194
11140630.0,2.631358
11148440.0,2.631522
11156250.0,2.631685
11164070.0,2.631849
11171880.0,2.632013
11179690.0,2.632176
11187500.0,2.63234
11195320.0,2.632503
11203130.0,2.632666
11210940.0,2.632829
11218750.0,2.632992
11226570.0,2.633155
11234380.0,2.633318
11242190.0,2.63348
11250000.0,2.633643
11257820.0,2.633805
11265630.0,2.633968
11273440.0,2.63413
11281250.0,2.634292
11289070.0,2.634454
11296880.0,2.634616
11304690.0,2.634778
11312500.0,2.634939
11320320.0,2.635101
11328130.0,2.635262
11335940.0,2.635424
11343750.0,2.635585
11351570.0,2.635746
11359380.0,2.635907
11367190.0,2.636068
11375000.0,2.636229
11382820.0,2.63639
11390630.0,2.636551
11398440.0,2.636711
11406250.0,2.636872
11414070.0,2.637032
11421880.0,2.637193
11429690.0,2.637353
11437500.0,2.637513
11445320.0,2.637673
11453130.0,2.637833
11460940.0,2.637993
11468750.0,2.638152
11476570.0,2.638312
11484380.0,2.638471
11492190.0,2.638631
11500000.0,2.63879
11507820.0,2.637893
11515630.0,2.636997
11523440.0,2.636103
11531250.0,2.635209
11539070.0,2.634316
11546880.0,2.633424
11554690.0,2.632533
11562500.0,2.631643
11570320.0,2.630753
11578130.0,2.629865
11585940.0,2.628978
11593750.0,2.628092
11601570.0,2.627205
11609380.0,2.626321
11617190.0,2.625437
11625000.0,2.624554
11632820.0,2.623671
11640630.0,2.62279
11648440.0,2.62191
11656250.0,2.621031
11664070.0,2.620152
11671880.0,2.619274
11679690.0,2.618398
11687500.0,2.617522
11695320.0,2.616646
11703130.0,2.615772
11710940.0,2.614899
11718750.0,2.614027
11726570.0,2.613155
11734380.0,2.612284
11742190.0,2.611415
11750000.0,2.610546
11757820.0,2.609677
11765630.0,2.60881
11773440.0,2.607944
11781250.0,2.607079
11789070.0,2.606214
11796880.0,2.60535
11804690.0,2.604488
11812500.0,2.603626
11820320.0,2.602764
11828130.0,2.601904
11835940.0,2.601045
11843750.0,2.600186
11851570.0,2.599328
11859380.0,2.598471
11867190.0,2.597615
11875000.0,2.59676
11882820.0,2.595905
11890630.0,2.595052
11898440.0,2.594199
11906250.0,2.593348
11914070.0,2.592496
11921880.0,2.591646
11929690.0,2.590797
11937500.0,2.589948
11945320.0,2.5891
11953130.0,2.588253
11960940.0,2.587408
11968750.0,2.586563
11976570.0,2.585717
11984380.0,2.584874
11992190.0,2.584032
12000000.0,2.58319
12015630.0,2.582183
12031250.0,2.581179
12046880.0,2.580176
12062500.0,2.579175
12078130.0,2.578176
12093750.0,2.577178
12109380.0,2.576182
12125000.0,2.575188
12140630.0,2.574195
12156250.0,2.573204
12171880.0,2.572214
12187500.0,2.571227
12203130.0,2.57024
12218750.0,2.569256
12234380.0,2.568273
12250000.0,2.567292
12265630.0,2.566312
12281250.0,2.565334
12296880.0,2.564358
12312500.0,2.563383
12328130.0,2.56241
12343750.0,2.561439
12359380.0,2.560468
12375000.0,2.5595
12390630.0,2.558533
12406250.0,2.557568
12421880.0,2.556604
12437500.0,2.555643
12453130.0,2.554682
12468750.0,2.553723
12484380.0,2.552765
12500000.0,2.55181
12515630.0,2.550888
12531250.0,2.549969
12546880.0,2.54905
12562500.0,2.548133
12578130.0,2.547218
12593750.0,2.546304
12609380.0,2.545391
12625000.0,2.54448
12640630.0,2.54357
12656250.0,2.542662
12671880.0,2.541755
12687500.0,2.54085
12703130.0,2.539946
12718750.0,2.539044
12734380.0,2.538143
12750000.0,2.537243
12765630.0,2.536345
12781250.0,2.535448
12796880.0,2.534553
12812500.0,2.533659
12828130.0,2.532766
12843750.0,2.531875
12859380.0,2.530985
12875000.0,2.530097
12890630.0,2.52921
12906250.0,2.528325
12921880.0,2.52744
12937500.0,2.526558
12953130.0,2.525676
12968750.0,2.524796
12984380.0,2.523917
13000000.0,2.52304
13015630.0,2.522918
13031250.0,2.522797
13046880.0,2.522675
13062500.0,2.522554
13078130.0,2.522433
13093750.0,2.522312
13109380.0,2.522191
13125000.0,2.522071
13140630.0,2.52195
13156250.0,2.52183
13171880.0,2.52171
13187500.0,2.52159
13203130.0,2.52147
13218750.0,2.52135
13234380.0,2.521231
13250000.0,2.521111
13265630.0,2.520992
13281250.0,2.520873
13296880.0,2.520754
13312500.0,2.520635
13328130.0,2.520516
13343750.0,2.520398
13359380.0,2.520279
13375000.0,2.520161
13390630.0,2.520043
13406250.0,2.519925
13421880.0,2.519807
13437500.0,2.519689
13453130.0,2.519572
13468750.0,2.519454
13484380.0,2.519337
13500000.0,2.51922
13515630.0,2.518801
13531250.0,2.518383
13546880.0,2.517965
13562500.0,2.517549
13578130.0,2.517132
13593750.0,2.516716
13609380.0,2.516301
13625000.0,2.515886
13640630.0,2.515472
13656250.0,2.515058
13671880.0,2.514645
13687500.0,2.514232
13703130.0,2.51382
13718750.0,2.513408
13734380.0,2.512997
13750000.0,2.512587
13765630.0,2.512177
13781250.0,2.511767
13796880.0,2.511358
13812500.0,2.51095
13828130.0,2.510542
13843750.0,2.510135
13859380.0,2.509728
13875000.0,2.509322
13890630.0,2.508916
13906250.0,2.508511
13921880.0,2.508106
13937500.0,2.507702
13953130.0,2.507298
13968750.0,2.506895
13984380.0,2.506492
14000000.0,2.50609
14031250.0,2.502014
14062500.0,2.497953
14093750.0,2.493908
14125000.0,2.489879
14156250.0,2.485865
14187500.0,2.481866
14218750.0,2.477882
14250000.0,2.473914
14281250.0,2.469961
14312500.0,2.466022
14343750.0,2.462098
14375000.0,2.45819
14406250.0,2.454295
14437500.0,2.450416
14468750.0,2.446551
14500000.0,2.4427
14531250.0,2.440136
14562500.0,2.437581
14593750.0,2.435033
14625000.0,2.432494
14656250.0,2.429963
14687500.0,2.42744
14718750.0,2.424925
14750000.0,2.422417
14781250.0,2.419918
14812500.0,2.417427
14843750.0,2.414943
14875000.0,2.412467
14906250.0,2.409999
14937500.0,2.407538
14968750.0,2.405085
15000000.0,2.40264
15034050.0,2.399151
15068100.0,2.395674
15102150.0,2.392211
15136200.0,2.38876
15190190.0,2.383395
15244180.0,2.378061
15298170.0,2.372758
15352150.0,2.367486
15406140.0,2.362243
15460130.0,2.35703
15514120.0,2.351847
15568100.0,2.346694
15622090.0,2.341569
15676080.0,2.336473
15730070.0,2.331406
15784050.0,2.326368
15838040.0,2.321357
15892030.0,2.316373
15946020.0,2.311418
16000000.0,2.30649
16015630.0,2.305199
16031250.0,2.30391
16046880.0,2.302623
16062500.0,2.301338
16078130.0,2.300055
16093750.0,2.298774
16109380.0,2.297495
16125000.0,2.296218
16140630.0,2.294943
16156250.0,2.29367
16171880.0,2.292398
16187500.0,2.291129
16203130.0,2.289861
16218750.0,2.288596
16234380.0,2.287332
16250000.0,2.286071
16265630.0,2.284811
16281250.0,2.283553
16296880.0,2.282297
16312500.0,2.281043
16328130.0,2.279791
16343750.0,2.278541
16359380.0,2.277292
16375000.0,2.276046
16390630.0,2.274801
16406250.0,2.273558
16421880.0,2.272317
16437500.0,2.271078
16453130.0,2.269841
16468750.0,2.268606
16484380.0,2.267372
16500000.0,2.26614
16515630.0,2.26491
16531250.0,2.263682
16546880.0,2.262456
16562500.0,2.261232
16578130.0,2.260009
16593750.0,2.258788
16609380.0,2.257569
16625000.0,2.256352
16640630.0,2.255136
16656250.0,2.253923
16671880.0,2.252711
16687500.0,2.251502
16703130.0,2.250293
16718750.0,2.249087
16734380.0,2.247882
16750000.0,2.246679
16765630.0,2.245478
16781250.0,2.244279
16796880.0,2.243081
16812500.0,2.241885
16828130.0,2.240691
16843750.0,2.239499
16859380.0,2.238308
16875000.0,2.237119
16890630.0,2.235932
16906250.0,2.234747
16921880.0,2.233563
16937500.0,2.232381
16953130.0,2.2312
16968750.0,2.230022
16984380.0,2.228845
17000000.0,2.22767
17009360.0,2.22712
17018710.0,2.22657
17028070.0,2.226021
17037420.0,2.225473
17046780.0,2.224924
17056130.0,2.224377
17065490.0,2.223829
17074840.0,2.223282
17084200.0,2.222735
17093550.0,2.22219
17102910.0,2.221644
17112260.0,2.221099
17121620.0,2.220554
17130970.0,2.22001
17140330.0,2.219465
17149680.0,2.218922
17159040.0,2.218379
17168390.0,2.217836
17177750.0,2.217294
17187100.0,2.216752
17196460.0,2.216211
17205810.0,2.21567
17215170.0,2.215129
17224520.0,2.21459
17233880.0,2.21405
17243230.0,2.213511
17252590.0,2.212972
17261940.0,2.212433
17271300.0,2.211895
17280650.0,2.211358
17290000.0,2.210821
17299350.0,2.210285
17308710.0,2.209748
17318060.0,2.209213
17327420.0,2.208677
17336770.0,2.208142
17346130.0,2.207607
17355480.0,2.207073
17364840.0,2.206539
17374190.0,2.206006
17383550.0,2.205473
17392900.0,2.204941
17402260.0,2.204408
17411610.0,2.203877
17420970.0,2.203345
17430320.0,2.202815
17439680.0,2.202284
17449030.0,2.201754
17458390.0,2.201225
17467740.0,2.200696
17477100.0,2.200166
17486450.0,2.199638
17495810.0,2.19911
17505160.0,2.198583
17514520.0,2.198055
17523870.0,2.197529
17533230.0,2.197002
17542580.0,2.196477
17551940.0,2.195951
17561290.0,2.195426
17570650.0,2.194901
17580000.0,2.194377
17589350.0,2.193853
17598700.0,2.19333
17611250.0,2.192665
17623790.0,2.192001
17636330.0,2.191338
17648870.0,2.190675
17661410.0,2.190013
17673950.0,2.189352
17686490.0,2.188691
17699030.0,2.188031
17711570.0,2.187372
17724110.0,2.186714
17736650.0,2.186056
17749190.0,2.185398
17761730.0,2.184742
17774270.0,2.184086
17786810.0,2.18343
17799350.0,2.182776
17811900.0,2.182121
17824440.0,2.181468
17836980.0,2.180815
17849520.0,2.180163
17862060.0,2.179512
17874600.0,2.178861
17887140.0,2.178211
17899680.0,2.177562
17912220.0,2.176913
17924760.0,2.176265
17937300.0,2.175618
17949840.0,2.174971
17962380.0,2.174325
17974920.0,2.173679
17987460.0,2.173034
18000000.0,2.17239
18015630.0,2.171606
18031250.0,2.170823
18046880.0,2.17004
18062500.0,2.169259
18078130.0,2.168478
18093750.0,2.167699
18109380.0,2.16692
18125000.0,2.166143
18140630.0,2.165366
18156250.0,2.164591
18171880.0,2.163816
18187500.0,2.163042
18203130.0,2.162269
18218750.0,2.161498
18234380.0,2.160727
18250000.0,2.159957
18265630.0,2.159188
18281250.0,2.15842
18296880.0,2.157652
18312500.0,2.156886
18328130.0,2.156121
18343750.0,2.155356
18359380.0,2.154593
18375000.0,2.15383
18390630.0,2.153068
18406250.0,2.152308
18421880.0,2.151548
18437500.0,2.150789
18453130.0,2.150031
18468750.0,2.149274
18484380.0,2.148518
18500000.0,2.147763
18515630.0,2.147008
18531250.0,2.146255
18546880.0,2.145502
18562500.0,2.14475
18578130.0,2.143999
18593750.0,2.14325
18609380.0,2.1425
18625000.0,2.141753
18640630.0,2.141005
18656250.0,2.140259
18671880.0,2.139513
18687500.0,2.138769
18703130.0,2.138025
18718750.0,2.137282
18734380.0,2.13654
18750000.0,2.135799
18765630.0,2.135059
18781250.0,2.13432
18796880.0,2.133581
18812500.0,2.132844
18828130.0,2.132107
18843750.0,2.131371
18859380.0,2.130636
18875000.0,2.129902
18890630.0,2.129169
18906250.0,2.128436
18921880.0,2.127705
18937500.0,2.126974
18953130.0,2.126244
18968750.0,2.125515
18984380.0,2.124787
19000000.0,2.12406
19026970.0,2.123107
19053940.0,2.122155
19080910.0,2.121205
19107870.0,2.120257
19134840.0,2.119311
19161800.0,2.118367
19188770.0,2.117424
19215730.0,2.116483
19242700.0,2.115544
19269660.0,2.114607
19296630.0,2.113671
19323590.0,2.112737
19350560.0,2.111805
19377520.0,2.110874
19404490.0,2.109945
19431450.0,2.109018
19458420.0,2.108093
19485390.0,2.107169
19512360.0,2.106246
19539320.0,2.105326
19566290.0,2.104407
19593250.0,2.10349
19620220.0,2.102575
19647180.0,2.101661
19674150.0,2.100749
19701110.0,2.099839
19728080.0,2.09893
19755040.0,2.098023
19782010.0,2.097117
19808970.0,2.096213
19835940.0,2.095311
19862900.0,2.09441
19897180.0,2.093384
19931450.0,2.09236
19965730.0,2.091339
20000000.0,2.09032
