1e-05,5.1
1.03125e-05,5.1
1.0625e-05,5.1
1.09375e-05,5.1
1.125e-05,5.1
1.15625e-05,5.1
1.1875e-05,5.1
1.21875e-05,5.1
1.25e-05,5.1
1.28125e-05,5.1
1.3125e-05,5.1
1.34375e-05,5.1
1.375e-05,5.1
1.4375e-05,5.1
1.5e-05,5.1
1.5625e-05,5.1
1.625e-05,5.1
1.6875e-05,5.1
1.75e-05,5.1
1.8125e-05,5.1
1.875e-05,5.1
1.9375e-05,5.1
2e-05,5.1
2.09375e-05,5.1
2.1875e-05,5.1
2.28125e-05,5.1
2.375e-05,5.1
2.46875e-05,5.1
2.5625e-05,5.1
2.65625e-05,5.1
2.75e-05,5.1
2.84375e-05,5.1
2.9375e-05,5.1
3.03125e-05,5.1
3.125e-05,5.1
3.21875e-05,5.1
3.3125e-05,5.1
3.40625e-05,5.1
3.5e-05,5.1
3.59375e-05,5.1
3.6875e-05,5.1
3.78125e-05,5.1
3.875e-05,5.1
3.96875e-05,5.1
4.0625e-05,5.1
4.25e-05,5.1
4.4375e-05,5.1
4.625e-05,5.1
4.8125e-05,5.1
5e-05,5.1
5.15625e-05,5.1
5.3125e-05,5.1
5.46875e-05,5.1
5.625e-05,5.1
5.78125e-05,5.1
5.9375e-05,5.1
6.09375e-05,5.1
6.25e-05,5.1
6.40625e-05,5.1
6.5625e-05,5.1
6.71875e-05,5.1
6.875e-05,5.1
7.1875e-05,5.1
7.5e-05,5.1
7.8125e-05,5.1
8.125e-05,5.1
8.4375e-05,5.1
8.75e-05,5.1
9.0625e-05,5.1
9.375e-05,5.1
9.6875e-05,5.1
0.0001,5.1
0.000103125,5.1
0.00010625,5.1
0.000109375,5.1
0.0001125,5.1
0.000115625,5.1
0.00011875,5.1
0.000121875,5.1
0.000125,5.1
0.000128125,5.1
0.00013125,5.1
0.000134375,5.1
0.0001375,5.1
0.00014375,5.1
0.00015,5.1
0.00015625,5.1
0.0001625,5.1
0.00016875,5.1
0.000175,5.1
0.00018125,5.1
0.0001875,5.1
0.00019375,5.1
0.0002,5.1
0.000209375,5.1
0.00021875,5.1
0.000228125,5.1
0.0002375,5.1
0.000246875,5.1
0.00025625,5.1
0.000265625,5.1
0.000275,5.1
0.000284375,5.1
0.00029375,5.1
0.000303125,5.1
0.0003125,5.1
0.000321875,5.1
0.00033125,5.1
0.000340625,5.1
0.00035,5.1
0.000359375,5.1
0.00036875,5.1
0.000378125,5.1
0.0003875,5.1
0.000396875,5.1
0.00040625,5.1
0.000425,5.1
0.00044375,5.1
0.0004625,5.1
0.00048125,5.1
0.0005,5.1
0.000515625,5.1
0.00053125,5.1
0.000546875,5.1
0.0005625,5.1
0.000578125,5.1
0.00059375,5.1
0.000609375,5.1
0.000625,5.1
0.000640625,5.1
0.00065625,5.1
0.000671875,5.1
0.0006875,5.1
0.00071875,5.1
0.00075,5.1
0.00078125,5.1
0.0008125,5.1
0.00084375,5.1
0.000875,5.1
0.00090625,5.1
0.0009375,5.1
0.00096875,5.1
0.001,5.1
0.00103125,5.1
0.0010625,5.1
0.00109375,5.1
0.001125,5.1
0.00115625,5.1
0.0011875,5.1
0.00121875,5.1
0.00125,5.1
0.00128125,5.1
0.0013125,5.1
0.00134375,5.1
0.001375,5.1
0.0014375,5.1
0.0015,5.1
0.0015625,5.1
0.001625,5.1
0.0016875,5.1
0.00175,5.1
0.0018125,5.1
0.001875,5.1
0.0019375,5.1
0.002,5.1
0.00209375,5.1
0.0021875,5.1
0.00228125,5.1
0.002375,5.1
0.00246875,5.1
0.0025625,5.1
0.00265625,5.1
0.00275,5.1
0.00284375,5.1
0.0029375,5.1
0.00303125,5.1
0.003125,5.1
0.00321875,5.1
0.0033125,5.1
0.00340625,5.1
0.0035,5.1
0.00359375,5.1
0.0036875,5.1
0.00378125,5.1
0.003875,5.1
0.00396875,5.1
0.0040625,5.1
0.00425,5.1
0.0044375,5.1
0.004625,5.1
0.0048125,5.1
0.005,5.1
0.00515625,5.1
0.0053125,5.1
0.00546875,5.1
0.005625,5.1
0.00578125,5.1
0.0059375,5.1
0.00609375,5.1
0.00625,5.1
0.00640625,5.1
0.0065625,5.1
0.00671875,5.1
0.006875,5.1
0.0071875,5.1
0.0075,5.1
0.0078125,5.1
0.008125,5.1
0.0084375,5.1
0.00875,5.1
0.0090625,5.1
0.009375,5.1
0.0096875,5.1
0.01,5.1
0.0103125,5.1
0.010625,5.1
0.0109375,5.1
0.01125,5.1
0.0115625,5.1
0.011875,5.1
0.0121875,5.1
0.0125,5.1
0.0128125,5.1
0.013125,5.1
0.0134375,5.1
0.01375,5.1
0.014375,5.1
0.015,5.1
0.015625,5.1
0.01625,5.1
0.016875,5.1
0.0175,5.1
0.018125,5.1
0.01875,5.1
0.019375,5.1
0.02,5.1
0.0206625,5.1
0.021325,5.1
0.0219875,5.1
0.02265,5.1
0.0233125,5.1
0.023975,5.1
0.0246375,5.1
0.0253,5.1
0.02607188,5.1
0.02684375,5.1
0.02761563,5.1
0.0283875,5.1
0.02915938,5.1
0.02993125,5.1
0.03070313,5.1
0.031475,5.1
0.03224688,5.1
0.03301875,5.1
0.0345625,5.1
0.03610625,5.1
0.03765,5.1
0.03919375,5.1
0.0407375,5.1
0.04228125,5.1
0.043825,5.1
0.04536875,5.1
0.0469125,5.1
0.04845625,5.1
0.05,5.1
0.0515625,5.1
0.053125,5.1
0.0546875,5.1
0.05625,5.1
0.0578125,5.1
0.059375,5.1
0.0609375,5.1
0.0625,5.1
0.0640625,5.1
0.065625,5.1
0.0671875,5.1
0.06875,5.1
0.071875,5.1
0.075,5.1
0.078125,5.1
0.08125,5.1
0.084375,5.1
0.0875,5.1
0.090625,5.1
0.09375,5.1
0.096875,5.1
0.1,5.1
0.103125,5.1
0.10625,5.1
0.109375,5.1
0.1125,5.1
0.115625,5.1
0.11875,5.1
0.121875,5.1
0.125,5.1
0.128125,5.1
0.13125,5.1
0.134375,5.1
0.1375,5.1
0.14375,5.1
0.15,5.1
0.15625,5.1
0.1625,5.1
0.16875,5.1
0.175,5.1
0.18125,5.1
0.1875,5.1
0.19375,5.1
0.2,5.1
0.209375,5.1
0.21875,5.1
0.228125,5.1
0.2375,5.1
0.246875,5.1
0.25625,5.1
0.265625,5.1
0.275,5.1
0.284375,5.1
0.29375,5.1
0.303125,5.1
0.3125,5.1
0.321875,5.1
0.33125,5.1
0.340625,5.1
0.35,5.1
0.359375,5.1
0.36875,5.1
0.378125,5.1
0.3875,5.1
0.396875,5.1
0.40625,5.1
0.425,5.1
0.44375,5.1
0.4625,5.1
0.48125,5.1
0.5,5.1
0.53125,5.1
0.5625,5.1
0.59375,5.1
0.625,5.1
0.65625,5.1
0.6875,5.1
0.71875,5.1
0.75,5.1
0.78125,5.1
0.8125,5.1
0.84375,5.1
0.875,5.1
0.9375,5.1
1.0,5.1
1.0625,5.1
1.125,5.1
1.1875,5.1
1.25,5.1
1.3125,5.1
1.375,5.1
1.4375,5.1
1.5,5.1
1.5625,5.1
1.625,5.1
1.6875,5.1
1.75,5.1
1.875,5.1
2.0,5.1
2.09375,5.1
2.1875,5.1
2.28125,5.1
2.375,5.1
2.46875,5.1
2.5625,5.1
2.65625,5.1
2.75,5.1
2.9375,5.1
3.125,5.1
3.3125,5.1
3.5,5.1
3.6875,5.1
3.875,5.1
4.0625,5.1
4.25,5.1
4.4375,5.1
4.625,5.1
4.8125,5.1
5.0,5.1
5.3125,5.1
5.625,5.1
5.9375,5.1
6.25,5.1
6.5625,5.1
6.875,5.1
7.1875,5.1
7.5,5.1
7.8125,5.1
8.125,5.1
8.4375,5.1
8.75,5.1
9.375,5.1
10.0,5.1
10.625,5.1
11.25,5.1
11.875,5.1
12.5,5.1
13.125,5.1
13.75,5.1
14.375,5.1
15.0,5.1
15.625,5.1
16.25,5.1
16.875,5.1
17.5,5.1
18.75,5.1
20.0,5.1
20.9375,5.1
21.875,5.1
22.8125,5.1
23.75,5.1
24.6875,5.1
25.625,5.1
26.5625,5.1
27.5,5.1
29.375,5.1
31.25,5.1
33.125,5.1
35.0,5.1
36.875,5.1
38.75,5.1
40.625,5.1
42.5,5.1
44.375,5.1
46.25,5.1
48.125,5.1
50.0,5.1
53.125,5.1
56.25,5.1
59.375,5.1
62.5,5.1
65.625,5.1
68.75,5.1
71.875,5.1
75.0,5.1
78.125,5.1
81.25,5.1
84.375,5.1
87.5,5.1
93.75,5.1
100.0,5.1
105.0,5.1
110.0,5.1
115.0,5.1
120.0,5.1
125.0,5.1
130.0,5.1
135.0,5.1
139.9999,5.1
140.0001,15.33188
150.0,15.06862
160.0,14.82684
170.0,14.60325
177.5,14.44665
185.0,14.29812
200.0,14.02244
212.5,13.81327
225.0,13.61892
237.5,13.43759
250.0,13.2678
262.5,13.10997
275.0,12.96123
287.5,12.82068
300.0,12.68754
312.5,12.56258
325.0,12.44368
350.0,12.22208
375.0,12.02165
400.0,11.83713
425.0,11.66922
450.0,11.5131
475.0,11.36734
500.0,11.23076
525.0,11.10533
550.0,10.98704
575.0,10.87519
600.0,10.76916
630.0,10.65178
660.0,10.54105
690.0,10.43633
720.0,10.33703
760.0,10.21499
800.0,10.10054
850.0,9.970872
900.0,9.850144
950.0,9.73729
1000.0,9.631421
1062.5,9.51299
1125.0,9.402664
1187.5,9.299482
1250.0,9.202641
1375.0,9.034183
1500.0,8.883087
1600.0,8.778236
1700.0,8.680872
1850.0,8.553344
2000.0,8.437424
2125.0,8.355058
2250.0,8.278137
2500.0,8.1382
2750.0,8.025322
3000.0,7.923641
3250.0,7.839392
3500.0,7.762189
3750.0,7.697525
4000.0,7.637524
4500.0,7.543049
5000.0,7.459529
5500.0,7.397783
6000.0,7.341859
6500.0,7.299492
7000.0,7.260484
7500.0,7.230867
8000.0,7.203271
8500.0,7.184192
9000.0,7.16625
10000.0,7.133294
10625.0,7.122423
11250.0,7.112189
11875.0,7.102521
12500.0,7.093362
13750.0,7.08705
15000.0,7.081292
16000.0,7.082053
17000.0,7.082768
18500.0,7.089561
20000.0,7.09583
21250.0,7.105789
22500.0,7.115192
23750.0,7.124097
25000.0,7.132556
26250.0,7.144389
27500.0,7.15569
28750.0,7.166505
30000.0,7.176875
32500.0,7.200955
35000.0,7.223322
37500.0,7.247087
40000.0,7.269389
42500.0,7.29295
45000.0,7.315234
47500.0,7.336376
50000.0,7.356489
52500.0,7.377292
55000.0,7.397182
57500.0,7.416237
60000.0,7.434528
65000.0,7.470384
70000.0,7.503735
75000.0,7.535186
80000.0,7.564725
84999.98,7.591506
89999.95,7.616842
94999.93,7.640886
99999.9,7.663766
100000.1,7.65163
112500.1,7.66431
125000.1,7.675671
137500.1,7.685963
150000.0,7.69537
175000.0,7.681229
200000.0,7.669
250000.0,7.60737
300000.0,7.52737
350000.0,7.412941
400000.0,7.315226
450000.0,7.230104
500000.0,7.1548
519890.2,7.112335
539780.3,7.071702
559670.4,7.03276
579560.5,6.995381
599450.7,6.959452
619340.8,6.924872
639230.9,6.891549
659121.0,6.8594
661676.0,6.843545
664230.9,6.827788
669340.8,6.796563
674450.7,6.765716
679560.5,6.735241
689780.3,6.675375
700000.0,6.61691
712500.0,6.560009
725000.0,6.504574
737500.0,6.450544
750000.0,6.397859
762500.0,6.346465
775000.0,6.296309
787500.0,6.247343
800000.0,6.19952
812500.0,6.160828
825000.0,6.122962
837500.0,6.085893
850000.0,6.049593
862500.0,6.014034
875000.0,5.979192
887500.0,5.945042
900000.0,5.91156
912500.0,5.880745
925000.0,5.850506
937500.0,5.820826
950000.0,5.791686
962500.0,5.76307
975000.0,5.734963
987500.0,5.707347
1000000.0,5.68021
1019940.0,5.63729
1019942.0,5.637286
1048699.0,5.576013
1077456.0,5.517037
1106213.0,5.460214
1134970.0,5.405412
1163728.0,5.35251
1192485.0,5.3014
1221243.0,5.251976
1250000.0,5.20415
1271178.0,5.166876
1292355.0,5.13048
1313533.0,5.094925
1334710.0,5.06018
1334712.0,5.060176
1339555.0,5.049596
1344398.0,5.039077
1354084.0,5.018218
1363770.0,4.997592
1373456.0,4.977196
1392828.0,4.937078
1412200.0,4.89783
1412202.0,4.897826
1416444.0,4.888602
1420686.0,4.879424
1429170.0,4.8612
1429175.0,4.861185
1433601.0,4.848123
1438027.0,4.835136
1446878.0,4.809387
1455732.0,4.783923
1464585.0,4.75875
1482293.0,4.709242
1500000.0,4.66083
1531250.0,4.591847
1562500.0,4.525248
1593750.0,4.460906
1625000.0,4.398701
1656250.0,4.338525
1687500.0,4.280273
1718750.0,4.223851
1750000.0,4.16917
1782860.0,4.11624
1815720.0,4.06493
1820695.0,4.055818
1825670.0,4.04675
1835620.0,4.02875
1840757.0,4.01863
1845894.0,4.008564
1856168.0,3.988591
1876715.0,3.949269
1897263.0,3.910755
1917810.0,3.873028
1938358.0,3.836059
1958905.0,3.799829
1979453.0,3.764312
2000000.0,3.72949
2002128.0,3.726145
2004255.0,3.722808
2006383.0,3.719477
2008510.0,3.716153
2010638.0,3.712834
2012765.0,3.709524
2014893.0,3.706218
2017020.0,3.70292
2019148.0,3.699627
2021275.0,3.696342
2023403.0,3.693062
2025530.0,3.689789
2027658.0,3.686522
2029785.0,3.683262
2031913.0,3.680007
2034040.0,3.67676
2034043.0,3.676755
2037347.0,3.671513
2040651.0,3.666287
2043955.0,3.661077
2047259.0,3.655882
2050563.0,3.650703
2053867.0,3.64554
2057171.0,3.640393
2060475.0,3.635261
2063779.0,3.630144
2067083.0,3.625043
2070387.0,3.619957
2073691.0,3.614886
2076995.0,3.609831
2080299.0,3.60479
2083603.0,3.599765
2086907.0,3.594754
2090211.0,3.589759
2093515.0,3.584778
2096819.0,3.579812
2100123.0,3.574861
2103427.0,3.569924
2106731.0,3.565002
2110035.0,3.560094
2113339.0,3.555201
2116643.0,3.550322
2119947.0,3.545457
2123251.0,3.540607
2126555.0,3.535771
2129859.0,3.530949
2133163.0,3.526141
2136467.0,3.521346
2139770.0,3.516568
2143075.0,3.5118
2146379.0,3.507047
2149683.0,3.502308
2152987.0,3.497583
2156291.0,3.492872
2159595.0,3.488174
2162899.0,3.483489
2166203.0,3.478818
2169507.0,3.47416
2172811.0,3.469516
2176115.0,3.464885
2179419.0,3.460267
2182723.0,3.455662
2186027.0,3.45107
2189331.0,3.446491
2192635.0,3.441925
2195940.0,3.437371
2199244.0,3.432831
2202548.0,3.428304
2205852.0,3.423789
2209156.0,3.419288
2212460.0,3.414798
2215764.0,3.410322
2219068.0,3.405858
2222372.0,3.401406
2225676.0,3.396967
2228980.0,3.39254
2232284.0,3.388126
2235588.0,3.383724
2238892.0,3.379334
2242196.0,3.374956
2245500.0,3.37059
2248783.0,3.366405
2252065.0,3.362233
2255348.0,3.35807
2258630.0,3.35392
2258633.0,3.353916
2262599.0,3.348891
2266565.0,3.343883
2270531.0,3.33889
2274497.0,3.333914
2278463.0,3.328954
2282429.0,3.32401
2286395.0,3.319081
2290360.0,3.31417
2294905.0,3.308426
2299450.0,3.302703
2303995.0,3.297001
2308540.0,3.29132
2308542.0,3.291317
2313278.0,3.285338
2318013.0,3.279383
2322749.0,3.273449
2327484.0,3.26754
2332220.0,3.261652
2336956.0,3.255786
2341692.0,3.249943
2346428.0,3.244122
2351164.0,3.238324
2355900.0,3.232547
2360636.0,3.226792
2365372.0,3.221059
2370108.0,3.215348
2374844.0,3.209658
2379580.0,3.203989
2384315.0,3.198343
2389051.0,3.192717
2393787.0,3.187111
2398523.0,3.181527
2403259.0,3.175963
2407995.0,3.170421
2412731.0,3.164898
2417467.0,3.159396
2422203.0,3.153915
2426939.0,3.148453
2431675.0,3.143012
2436411.0,3.13759
2441147.0,3.132189
2445883.0,3.126807
2450619.0,3.121445
2455355.0,3.116102
2460090.0,3.11078
2463623.0,3.106438
2467156.0,3.102108
2470689.0,3.09779
2474222.0,3.093484
2477755.0,3.089191
2481288.0,3.084909
2484821.0,3.08064
2488353.0,3.076383
2491886.0,3.072138
2495419.0,3.067904
2498952.0,3.063682
2502484.0,3.059473
2506017.0,3.055274
2509550.0,3.051088
2513083.0,3.046912
2516615.0,3.04275
2520148.0,3.038598
2523681.0,3.034457
2527214.0,3.030328
2530747.0,3.02621
2534280.0,3.022104
2537813.0,3.018009
2541346.0,3.013925
2544878.0,3.009853
2548411.0,3.005791
2551944.0,3.001741
2555477.0,2.997701
2559009.0,2.993674
2562542.0,2.989656
2566075.0,2.98565
2569608.0,2.981654
2573140.0,2.97767
2576616.0,2.973787
2580092.0,2.969914
2583568.0,2.966052
2587044.0,2.962199
2590520.0,2.958357
2593996.0,2.954525
2597472.0,2.950703
2600948.0,2.946891
2604424.0,2.943089
2607900.0,2.939297
2611376.0,2.935515
2614852.0,2.931743
2618328.0,2.927981
2621804.0,2.924228
2625280.0,2.920485
2628755.0,2.916754
2632231.0,2.91303
2635707.0,2.909317
2639183.0,2.905613
2642659.0,2.901918
2646135.0,2.898233
2649611.0,2.894558
2653087.0,2.890892
2656563.0,2.887236
2660039.0,2.883588
2663515.0,2.879951
2666991.0,2.876322
2670467.0,2.872703
2673943.0,2.869093
2677419.0,2.865493
2680895.0,2.861901
2684370.0,2.85832
2684375.0,2.858315
2687912.0,2.854719
2691448.0,2.851134
2694984.0,2.847557
2698520.0,2.84399
2703231.0,2.838917
2707942.0,2.833862
2712653.0,2.828825
2717363.0,2.823806
2722074.0,2.818805
2726784.0,2.813821
2731495.0,2.808854
2736205.0,2.803905
2740916.0,2.798973
2745627.0,2.794057
2750338.0,2.789159
2755048.0,2.784278
2759759.0,2.779414
2764469.0,2.774567
2769180.0,2.769736
2773890.0,2.764922
2778601.0,2.760124
2783312.0,2.755343
2788023.0,2.750577
2792733.0,2.745829
2797444.0,2.741097
2802154.0,2.736381
2806865.0,2.73168
2811575.0,2.726996
2816286.0,2.722328
2820997.0,2.717674
2825708.0,2.713037
2830418.0,2.708416
2835129.0,2.70381
2839839.0,2.69922
2844550.0,2.694645
2849260.0,2.690086
2853971.0,2.685541
2858682.0,2.681011
2863393.0,2.676496
2868103.0,2.671998
2872814.0,2.667513
2877524.0,2.663044
2882235.0,2.658589
2886945.0,2.654149
2891656.0,2.649724
2896367.0,2.645313
2901078.0,2.640916
2905788.0,2.636535
2910499.0,2.632167
2915209.0,2.627814
2919920.0,2.623475
2924630.0,2.61915
2929341.0,2.614839
2934052.0,2.610542
2938763.0,2.606259
2943473.0,2.60199
2948184.0,2.597735
2952894.0,2.593494
2957605.0,2.589265
2962315.0,2.585052
2967026.0,2.580851
2971737.0,2.576663
2976448.0,2.572489
2981158.0,2.568329
2985869.0,2.564182
2990579.0,2.560048
2995290.0,2.555927
3000000.0,2.55182
3007813.0,2.545325
3015625.0,2.538863
3023438.0,2.532434
3031250.0,2.526039
3039063.0,2.519675
3046875.0,2.513345
3054688.0,2.507046
3062500.0,2.500779
3070313.0,2.494543
3078125.0,2.488339
3085938.0,2.482166
3093750.0,2.476024
3101563.0,2.469912
3109375.0,2.463831
3117188.0,2.45778
3125000.0,2.451759
3132813.0,2.445768
3140625.0,2.439806
3148438.0,2.433873
3156250.0,2.42797
3164063.0,2.422095
3171875.0,2.41625
3179688.0,2.410432
3187500.0,2.404643
3195313.0,2.398881
3203125.0,2.393148
3210938.0,2.387442
3218750.0,2.381764
3226563.0,2.376113
3234375.0,2.370489
3242188.0,2.364891
3250000.0,2.359321
3257813.0,2.353776
3265625.0,2.348259
3273438.0,2.342767
3281250.0,2.337301
3289063.0,2.33186
3296875.0,2.326446
3304688.0,2.321056
3312500.0,2.315692
3320313.0,2.310353
3328125.0,2.305039
3335938.0,2.299749
3343750.0,2.294484
3351563.0,2.289242
3359375.0,2.284026
3367188.0,2.278833
3375000.0,2.273664
3382813.0,2.268518
3390625.0,2.263396
3398438.0,2.258297
3406250.0,2.253222
3414063.0,2.248169
3421875.0,2.24314
3429688.0,2.238133
3437500.0,2.233148
3445313.0,2.228186
3453125.0,2.223246
3460938.0,2.218328
3468750.0,2.213433
3476563.0,2.208558
3484375.0,2.203706
3492188.0,2.198875
3500000.0,2.194066
3507813.0,2.189277
3515625.0,2.18451
3523438.0,2.179763
3531250.0,2.175038
3539063.0,2.170333
3546875.0,2.165649
3554688.0,2.160984
3562500.0,2.156341
3570313.0,2.151717
3578125.0,2.147113
3585938.0,2.142529
3593750.0,2.137965
3601563.0,2.133421
3609375.0,2.128896
3617188.0,2.12439
3625000.0,2.119904
3632813.0,2.115436
3640625.0,2.110988
3648438.0,2.106558
3656250.0,2.102148
3664063.0,2.097755
3671875.0,2.093382
3679688.0,2.089027
3687500.0,2.08469
3695313.0,2.080371
3703125.0,2.07607
3710938.0,2.071787
3718750.0,2.067522
3726563.0,2.063275
3734375.0,2.059045
3742188.0,2.054833
3750000.0,2.050638
3757813.0,2.04646
3765625.0,2.0423
3773438.0,2.038156
3781250.0,2.03403
3789063.0,2.02992
3796875.0,2.025828
3804688.0,2.021751
3812500.0,2.017692
3820313.0,2.013648
3828125.0,2.009621
3835938.0,2.00561
3843750.0,2.001616
3851563.0,1.997637
3859375.0,1.993675
3867188.0,1.989728
3875000.0,1.985797
3882813.0,1.981882
3890625.0,1.977982
3898438.0,1.974098
3906250.0,1.970229
3914063.0,1.966375
3921875.0,1.962537
3929688.0,1.958714
3937500.0,1.954906
3945313.0,1.951112
3953125.0,1.947334
3960938.0,1.94357
3968750.0,1.939821
3976563.0,1.936087
3984375.0,1.932367
3992188.0,1.928661
4000000.0,1.92497
4014755.0,1.921509
4029509.0,1.918068
4044264.0,1.914645
4059018.0,1.911241
4073773.0,1.907854
4088527.0,1.904487
4103281.0,1.901137
4118035.0,1.897805
4132790.0,1.894491
4147544.0,1.891195
4162299.0,1.887915
4177053.0,1.884653
4191808.0,1.881409
4206562.0,1.878181
4221316.0,1.87497
4236070.0,1.871776
4250825.0,1.868598
4265579.0,1.865436
4280334.0,1.862291
4295088.0,1.859162
4309843.0,1.856049
4324597.0,1.852951
4339351.0,1.84987
4354105.0,1.846804
4368860.0,1.843753
4383614.0,1.840718
4398369.0,1.837698
4413123.0,1.834692
4427878.0,1.831702
4442632.0,1.828727
4457386.0,1.825766
4472140.0,1.82282
4488636.0,1.819309
4505132.0,1.815818
4521628.0,1.812346
4538123.0,1.808894
4554619.0,1.80546
4571114.0,1.802046
4587610.0,1.79865
4604105.0,1.795273
4620601.0,1.791914
4637097.0,1.788574
4653593.0,1.785251
4670088.0,1.781946
4686584.0,1.778659
4703079.0,1.77539
4719575.0,1.772138
4736070.0,1.768904
4752566.0,1.765686
4769062.0,1.762485
4785558.0,1.759302
4802053.0,1.756135
4818549.0,1.752984
4835044.0,1.74985
4851540.0,1.746732
4868035.0,1.74363
4884531.0,1.740545
4901027.0,1.737474
4917523.0,1.73442
4934018.0,1.731382
4950514.0,1.728358
4967009.0,1.72535
4983505.0,1.722358
5000000.0,1.71938
5014914.0,1.719908
5029827.0,1.720434
5044741.0,1.720959
5059654.0,1.721483
5074568.0,1.722005
5089481.0,1.722526
5104395.0,1.723046
5119308.0,1.723564
5134222.0,1.724081
5149135.0,1.724596
5164049.0,1.72511
5178962.0,1.725623
5193876.0,1.726134
5208789.0,1.726644
5223702.0,1.727153
5238615.0,1.727661
5253529.0,1.728167
5268442.0,1.728672
5283356.0,1.729176
5298269.0,1.729678
5313183.0,1.730179
5328096.0,1.730679
5343010.0,1.731178
5357923.0,1.731675
5372837.0,1.732171
5387750.0,1.732666
5402664.0,1.73316
5417577.0,1.733652
5432491.0,1.734144
5447404.0,1.734634
5462317.0,1.735122
5477230.0,1.73561
5493195.0,1.736036
5509159.0,1.736462
5525124.0,1.736886
5541088.0,1.737309
5557053.0,1.737731
5573017.0,1.738152
5588981.0,1.738571
5604945.0,1.73899
5620910.0,1.739407
5636874.0,1.739824
5652839.0,1.740239
5668803.0,1.740653
5684768.0,1.741067
5700732.0,1.741479
5716696.0,1.74189
5732660.0,1.7423
5749369.0,1.742653
5766078.0,1.743006
5782787.0,1.743357
5799495.0,1.743707
5816204.0,1.744057
5832913.0,1.744405
5849622.0,1.744753
5866330.0,1.745099
5883039.0,1.745445
5899748.0,1.74579
5916457.0,1.746134
5933165.0,1.746477
5949874.0,1.746819
5966583.0,1.74716
5983292.0,1.747501
6000000.0,1.74784
6011800.0,1.749595
6023600.0,1.751348
6035400.0,1.7531
6047200.0,1.75485
6056717.0,1.756225
6066233.0,1.757599
6075749.0,1.758971
6085265.0,1.760343
6094782.0,1.761714
6104298.0,1.763083
6113814.0,1.764451
6123330.0,1.765819
6132847.0,1.767185
6142363.0,1.76855
6151879.0,1.769914
6161395.0,1.771277
6170912.0,1.772639
6180428.0,1.774
6189944.0,1.77536
6199460.0,1.776719
6208977.0,1.778077
6218493.0,1.779434
6228009.0,1.780789
6237525.0,1.782144
6247042.0,1.783498
6256558.0,1.78485
6266074.0,1.786202
6275590.0,1.787552
6285107.0,1.788902
6294623.0,1.79025
6304139.0,1.791598
6313655.0,1.792944
6323172.0,1.79429
6332688.0,1.795634
6342204.0,1.796978
6351720.0,1.79832
6361604.0,1.799666
6371487.0,1.801011
6381371.0,1.802354
6391254.0,1.803697
6401138.0,1.805038
6411021.0,1.806379
6420905.0,1.807718
6430788.0,1.809056
6440672.0,1.810394
6450555.0,1.81173
6460439.0,1.813065
6470322.0,1.814399
6480206.0,1.815732
6490089.0,1.817064
6499972.0,1.818394
6509855.0,1.819724
6519739.0,1.821053
6529622.0,1.822381
6539506.0,1.823707
6549389.0,1.825033
6559273.0,1.826357
6569156.0,1.827681
6579040.0,1.829004
6588923.0,1.830325
6598807.0,1.831646
6608690.0,1.832965
6618574.0,1.834283
6628457.0,1.835601
6638341.0,1.836917
6648224.0,1.838232
6658107.0,1.839547
6667990.0,1.84086
6678366.0,1.842173
6688741.0,1.843485
6699117.0,1.844796
6709492.0,1.846105
6719868.0,1.847414
6730243.0,1.848721
6740618.0,1.850028
6750993.0,1.851333
6761369.0,1.852637
6771744.0,1.85394
6782119.0,1.855242
6792494.0,1.856543
6802870.0,1.857843
6813245.0,1.859142
6823620.0,1.86044
6833995.0,1.861736
6844371.0,1.863032
6854746.0,1.864327
6865122.0,1.86562
6875497.0,1.866913
6885873.0,1.868204
6896248.0,1.869494
6906623.0,1.870784
6916998.0,1.872072
6927374.0,1.873359
6937749.0,1.874645
6948124.0,1.87593
6958499.0,1.877214
6968875.0,1.878497
6979250.0,1.879779
6989625.0,1.88106
7000000.0,1.88234
7004169.0,1.883065
7008338.0,1.88379
7012507.0,1.884515
7016675.0,1.88524
7020844.0,1.885965
7025012.0,1.886689
7029181.0,1.887413
7033349.0,1.888137
7037518.0,1.888861
7041687.0,1.889585
7045856.0,1.890309
7050024.0,1.891032
7054193.0,1.891756
7058361.0,1.892479
7062530.0,1.893202
7066698.0,1.893925
7070867.0,1.894648
7075036.0,1.89537
7079205.0,1.896093
7083373.0,1.896815
7087542.0,1.897537
7091710.0,1.898259
7095879.0,1.898981
7100047.0,1.899703
7104216.0,1.900425
7108384.0,1.901146
7112553.0,1.901867
7116721.0,1.902588
7120890.0,1.903309
7125058.0,1.90403
7129227.0,1.904751
7133395.0,1.905471
7137564.0,1.906192
7141733.0,1.906912
7145902.0,1.907632
7150070.0,1.908352
7154239.0,1.909072
7158407.0,1.909791
7162576.0,1.910511
7166744.0,1.91123
7170913.0,1.911949
7175082.0,1.912668
7179251.0,1.913387
7183419.0,1.914106
7187588.0,1.914825
7191756.0,1.915543
7195925.0,1.916261
7200093.0,1.916979
7204262.0,1.917698
7208431.0,1.918415
7212600.0,1.919133
7216768.0,1.919851
7220937.0,1.920568
7225105.0,1.921285
7229274.0,1.922003
7233442.0,1.922719
7237611.0,1.923436
7241779.0,1.924153
7245948.0,1.92487
7250116.0,1.925586
7254285.0,1.926302
7258453.0,1.927018
7262622.0,1.927734
7266790.0,1.92845
7272381.0,1.929387
7277972.0,1.930325
7283563.0,1.931262
7289153.0,1.932198
7294744.0,1.933134
7300334.0,1.93407
7305925.0,1.935006
7311515.0,1.935942
7317106.0,1.936877
7322697.0,1.937812
7328288.0,1.938747
7333878.0,1.939681
7339469.0,1.940616
7345059.0,1.94155
7350650.0,1.942483
7356240.0,1.943417
7361831.0,1.94435
7367422.0,1.945283
7373013.0,1.946216
7378603.0,1.947148
7384194.0,1.94808
7389784.0,1.949012
7395375.0,1.949944
7400965.0,1.950875
7406556.0,1.951806
7412147.0,1.952737
7417738.0,1.953668
7423328.0,1.954598
7428919.0,1.955528
7434509.0,1.956458
7440100.0,1.957387
7445690.0,1.958317
7451281.0,1.959246
7456872.0,1.960174
7462463.0,1.961103
7468053.0,1.962031
7473644.0,1.962959
7479234.0,1.963887
7484825.0,1.964815
7490415.0,1.965742
7496006.0,1.966669
7501597.0,1.967596
7507188.0,1.968522
7512778.0,1.969448
7518369.0,1.970374
7523959.0,1.9713
7529550.0,1.972225
7535140.0,1.973151
7540731.0,1.974076
7546322.0,1.975
7551913.0,1.975925
7557503.0,1.976849
7563094.0,1.977773
7568684.0,1.978697
7574275.0,1.97962
7579865.0,1.980543
7585456.0,1.981466
7591047.0,1.982389
7596638.0,1.983312
7602228.0,1.984234
7607819.0,1.985156
7613409.0,1.986077
7619000.0,1.986999
7624590.0,1.98792
7630456.0,1.98885
7636322.0,1.989779
7642188.0,1.990708
7648054.0,1.991637
7653920.0,1.992565
7659786.0,1.993493
7665652.0,1.994421
7671517.0,1.995349
7677383.0,1.996276
7683249.0,1.997203
7689115.0,1.99813
7694980.0,1.999057
7700846.0,1.999983
7706712.0,2.000909
7712578.0,2.001835
7718443.0,2.00276
7724309.0,2.003685
7730175.0,2.00461
7736041.0,2.005534
7741906.0,2.006459
7747772.0,2.007383
7753638.0,2.008306
7759504.0,2.00923
7765369.0,2.010153
7771235.0,2.011076
7777101.0,2.011999
7782967.0,2.012921
7788832.0,2.013843
7794698.0,2.014765
7800564.0,2.015687
7806430.0,2.016608
7812295.0,2.017529
7818161.0,2.01845
7824027.0,2.01937
7829893.0,2.02029
7835759.0,2.02121
7841625.0,2.02213
7847491.0,2.023049
7853357.0,2.023969
7859222.0,2.024887
7865088.0,2.025806
7870954.0,2.026724
7876820.0,2.027642
7882685.0,2.02856
7888551.0,2.029478
7894417.0,2.030395
7900283.0,2.031312
7906148.0,2.032229
7912014.0,2.033145
7917880.0,2.034061
7923746.0,2.034977
7929611.0,2.035893
7935477.0,2.036808
7941343.0,2.037723
7947209.0,2.038638
7953074.0,2.039553
7958940.0,2.040467
7964806.0,2.041381
7970672.0,2.042295
7976537.0,2.043208
7982403.0,2.044122
7988269.0,2.045035
7994135.0,2.045948
8000000.0,2.04686
8005955.0,2.047848
8011910.0,2.048836
8017865.0,2.049824
8023820.0,2.050812
8029775.0,2.051799
8035730.0,2.052786
8041685.0,2.053773
8047640.0,2.054759
8053595.0,2.055745
8059550.0,2.056731
8065505.0,2.057717
8071460.0,2.058702
8077415.0,2.059688
8083370.0,2.060673
8089325.0,2.061657
8095280.0,2.062642
8101235.0,2.063626
8107190.0,2.06461
8113145.0,2.065593
8119100.0,2.066577
8125055.0,2.06756
8131010.0,2.068543
8136965.0,2.069526
8142920.0,2.070508
8148875.0,2.07149
8154830.0,2.072472
8160785.0,2.073454
8166740.0,2.074435
8172695.0,2.075416
8178650.0,2.076397
8184605.0,2.077378
8190560.0,2.078358
8196515.0,2.079338
8202470.0,2.080318
8208425.0,2.081298
8214380.0,2.082277
8220335.0,2.083256
8226290.0,2.084235
8232245.0,2.085214
8238200.0,2.086192
8244155.0,2.087171
8250110.0,2.088148
8256065.0,2.089126
8262020.0,2.090103
8267975.0,2.091081
8273930.0,2.092058
8279885.0,2.093034
8285840.0,2.094011
8291795.0,2.094987
8297750.0,2.095963
8303705.0,2.096938
8309660.0,2.097914
8315615.0,2.098889
8321570.0,2.099864
8327525.0,2.100839
8333480.0,2.101813
8339435.0,2.102787
8345390.0,2.103761
8351345.0,2.104735
8357300.0,2.105709
8363255.0,2.106682
8369210.0,2.107655
8375165.0,2.108627
8381120.0,2.1096
8390790.0,2.11112
8400460.0,2.112639
8410130.0,2.114157
8419800.0,2.115674
8429470.0,2.117191
8439140.0,2.118708
8448810.0,2.120223
8458480.0,2.121738
8468150.0,2.123253
8477820.0,2.124766
8487490.0,2.12628
8497160.0,2.127792
8506830.0,2.129304
8516500.0,2.130815
8526170.0,2.132325
8535840.0,2.133835
8545510.0,2.135344
8555180.0,2.136853
8564850.0,2.138361
8574520.0,2.139868
8584190.0,2.141375
8593860.0,2.142881
8603530.0,2.144386
8613200.0,2.145891
8622870.0,2.147395
8632540.0,2.148898
8642210.0,2.150401
8651880.0,2.151903
8661550.0,2.153405
8671220.0,2.154906
8680890.0,2.156406
8690560.0,2.157906
8700230.0,2.159405
8709900.0,2.160903
8719570.0,2.162401
8729240.0,2.163898
8738910.0,2.165395
8748580.0,2.166891
8758250.0,2.168386
8767920.0,2.169881
8777590.0,2.171375
8787260.0,2.172868
8796930.0,2.174361
8806600.0,2.175853
8816270.0,2.177345
8825940.0,2.178836
8835610.0,2.180326
8845280.0,2.181816
8854950.0,2.183305
8864620.0,2.184794
8874290.0,2.186282
8883960.0,2.187769
8893630.0,2.189256
8903300.0,2.190742
8912970.0,2.192228
8922640.0,2.193712
8932310.0,2.195197
8941980.0,2.19668
8951650.0,2.198164
8961320.0,2.199646
8970990.0,2.201128
8980660.0,2.202609
8990330.0,2.20409
9000000.0,2.20557
9005861.0,2.206422
9011721.0,2.207273
9017582.0,2.208124
9023442.0,2.208975
9029303.0,2.209825
9035163.0,2.210676
9041024.0,2.211526
9046884.0,2.212376
9052745.0,2.213226
9058605.0,2.214075
9064466.0,2.214924
9070326.0,2.215773
9076187.0,2.216622
9082047.0,2.217471
9087908.0,2.218319
9093768.0,2.219167
9099629.0,2.220015
9105489.0,2.220863
9111350.0,2.22171
9117210.0,2.222558
9123071.0,2.223405
9128931.0,2.224251
9134792.0,2.225098
9140652.0,2.225944
9146513.0,2.226791
9152373.0,2.227636
9158234.0,2.228482
9164094.0,2.229328
9169955.0,2.230173
9175815.0,2.231018
9181675.0,2.231863
9187535.0,2.232707
9193396.0,2.233552
9199256.0,2.234396
9205117.0,2.23524
9210977.0,2.236084
9216838.0,2.236927
9222698.0,2.23777
9228559.0,2.238614
9234419.0,2.239456
9240280.0,2.240299
9246140.0,2.241141
9252001.0,2.241984
9257861.0,2.242826
9263722.0,2.243667
9269582.0,2.244509
9275443.0,2.24535
9281303.0,2.246191
9287164.0,2.247032
9293024.0,2.247873
9298885.0,2.248714
9304745.0,2.249554
9310606.0,2.250394
9316466.0,2.251234
9322327.0,2.252073
9328187.0,2.252913
9334048.0,2.253752
9339908.0,2.254591
9345769.0,2.25543
9351629.0,2.256268
9357490.0,2.257106
9363350.0,2.257945
9369210.0,2.258782
9375070.0,2.25962
9379953.0,2.260293
9384835.0,2.260966
9389718.0,2.261639
9394600.0,2.262312
9399483.0,2.262985
9404365.0,2.263657
9409247.0,2.26433
9414129.0,2.265002
9419012.0,2.265674
9423894.0,2.266346
9428776.0,2.267017
9433658.0,2.267689
9438541.0,2.26836
9443423.0,2.269032
9448305.0,2.269703
9453187.0,2.270374
9458070.0,2.271045
9462952.0,2.271715
9467834.0,2.272386
9472716.0,2.273056
9477599.0,2.273726
9482481.0,2.274396
9487363.0,2.275066
9492245.0,2.275736
9497128.0,2.276406
9502010.0,2.277075
9506892.0,2.277745
9511774.0,2.278414
9516657.0,2.279083
9521539.0,2.279752
9526421.0,2.280421
9531303.0,2.281089
9536186.0,2.281758
9541068.0,2.282426
9545950.0,2.283094
9550832.0,2.283762
9555715.0,2.28443
9560597.0,2.285098
9565479.0,2.285765
9570361.0,2.286433
9575244.0,2.2871
9580126.0,2.287767
9585008.0,2.288434
9589890.0,2.289101
9594773.0,2.289768
9599655.0,2.290435
9604537.0,2.291101
9609419.0,2.291767
9614302.0,2.292434
9619184.0,2.293099
9624066.0,2.293765
9628948.0,2.294431
9633831.0,2.295097
9638713.0,2.295762
9643595.0,2.296427
9648477.0,2.297092
9653360.0,2.297757
9658242.0,2.298422
9663124.0,2.299087
9668006.0,2.299751
9672889.0,2.300416
9677771.0,2.30108
9682653.0,2.301744
9687535.0,2.302408
9692418.0,2.303072
9697300.0,2.303736
9702183.0,2.3044
9707065.0,2.305063
9711948.0,2.305726
9716830.0,2.306389
9721712.0,2.307052
9726594.0,2.307715
9731477.0,2.308378
9736359.0,2.30904
9741241.0,2.309703
9746123.0,2.310365
9751006.0,2.311027
9755888.0,2.311689
9760770.0,2.312351
9765652.0,2.313013
9775417.0,2.314336
9785181.0,2.315658
9794946.0,2.31698
9804710.0,2.318301
9814475.0,2.319622
9824239.0,2.320942
9834004.0,2.322262
9843768.0,2.323581
9853533.0,2.324899
9863297.0,2.326217
9873062.0,2.327535
9882826.0,2.328851
9892591.0,2.330168
9902355.0,2.331483
9912120.0,2.332799
9921884.0,2.334113
9931649.0,2.335427
9941413.0,2.336741
9951178.0,2.338054
9960942.0,2.339366
9970707.0,2.340678
9980471.0,2.341989
9990236.0,2.3433
10000000.0,2.34461
10005280.0,2.346953
10010550.0,2.349292
10015830.0,2.351637
10021100.0,2.353979
10026380.0,2.356326
10031650.0,2.35867
10036920.0,2.361015
10042190.0,2.363361
10047470.0,2.365713
10052740.0,2.368061
10058020.0,2.370415
10063290.0,2.372765
10068570.0,2.375121
10073840.0,2.377474
10079110.0,2.379828
10084380.0,2.382183
10089660.0,2.384543
10094930.0,2.3869
10100210.0,2.389263
10105480.0,2.391622
10110760.0,2.393987
10116030.0,2.396349
10121300.0,2.398711
10126570.0,2.401075
10131850.0,2.403444
10137120.0,2.40581
10142390.0,2.408177
10147660.0,2.410545
10152940.0,2.412919
10158210.0,2.415289
10163480.0,2.41766
10168750.0,2.420033
10174030.0,2.422411
10179300.0,2.424785
10184580.0,2.427166
10189850.0,2.429542
10195130.0,2.431925
10200400.0,2.434304
10205670.0,2.436684
10210940.0,2.439065
10216220.0,2.441452
10221490.0,2.443835
10226770.0,2.446224
10232040.0,2.44861
10237320.0,2.451001
10242590.0,2.453389
10247860.0,2.455778
10253130.0,2.458168
10258410.0,2.460564
10263680.0,2.462956
10268960.0,2.465354
10274230.0,2.467748
10279510.0,2.470148
10284780.0,2.472545
10290050.0,2.474942
10295320.0,2.477341
10300600.0,2.479746
10305870.0,2.482147
10311140.0,2.484549
10316410.0,2.486952
10321690.0,2.489361
10326960.0,2.491766
10332230.0,2.494172
10337500.0,2.49658
10337530.0,2.496586
10346950.0,2.498583
10356360.0,2.500577
10365770.0,2.502571
10375180.0,2.504564
10384590.0,2.506558
10394000.0,2.508551
10403410.0,2.510544
10412820.0,2.512536
10422230.0,2.514529
10431640.0,2.516521
10441050.0,2.518513
10450460.0,2.520505
10459870.0,2.522497
10469280.0,2.524488
10478690.0,2.526479
10488100.0,2.52847
10496100.0,2.530105
10504100.0,2.53174
10512100.0,2.533375
10520100.0,2.535009
10528100.0,2.536644
10536100.0,2.538278
10544100.0,2.539912
10552090.0,2.541543
10560090.0,2.543177
10568090.0,2.54481
10576090.0,2.546444
10584090.0,2.548077
10592090.0,2.549709
10600090.0,2.551342
10608090.0,2.552974
10616080.0,2.554605
10624080.0,2.556237
10632080.0,2.557869
10640080.0,2.5595
10648080.0,2.561132
10656080.0,2.562763
10664080.0,2.564394
10672080.0,2.566025
10680070.0,2.567654
10688070.0,2.569285
10696070.0,2.570915
10704070.0,2.572545
10712060.0,2.574173
10720060.0,2.575803
10728060.0,2.577433
10736060.0,2.579062
10744050.0,2.580689
10752050.0,2.582319
10760050.0,2.583948
10768050.0,2.585576
10776050.0,2.587205
10784050.0,2.588833
10792050.0,2.590461
10800050.0,2.592089
10808040.0,2.593715
10816040.0,2.595343
10824040.0,2.59697
10832040.0,2.598597
10840040.0,2.600225
10848040.0,2.601851
10856040.0,2.603478
10864040.0,2.605105
10872030.0,2.606729
10880030.0,2.608355
10888030.0,2.609981
10896030.0,2.611607
10904030.0,2.613233
10912030.0,2.614858
10920030.0,2.616483
10928030.0,2.618108
10936020.0,2.619731
10944020.0,2.621356
10952020.0,2.622981
10960020.0,2.624605
10968010.0,2.626227
10976010.0,2.627851
10984010.0,2.629475
10992010.0,2.631099
11000000.0,2.63272
11007820.0,2.632051
11015630.0,2.631383
11023440.0,2.630716
11031250.0,2.630049
11039070.0,2.629383
11046880.0,2.628718
11054690.0,2.628053
11062500.0,2.627389
11070320.0,2.626725
11078130.0,2.626062
11085940.0,2.6254
11093750.0,2.624739
11101570.0,2.624077
11109380.0,2.623417
11117190.0,2.622758
11125000.0,2.622099
11132820.0,2.62144
11140630.0,2.620782
11148440.0,2.620125
11156250.0,2.619469
11164070.0,2.618812
11171880.0,2.618157
11179690.0,2.617503
11187500.0,2.616849
11195320.0,2.616195
11203130.0,2.615542
11210940.0,2.61489
11218750.0,2.614239
11226570.0,2.613587
11234380.0,2.612937
11242190.0,2.612288
11250000.0,2.611639
11257820.0,2.610989
11265630.0,2.610342
11273440.0,2.609695
11281250.0,2.609048
11289070.0,2.608401
11296880.0,2.607756
11304690.0,2.607112
11312500.0,2.606467
11320320.0,2.605823
11328130.0,2.60518
11335940.0,2.604538
11343750.0,2.603896
11351570.0,2.603255
11359380.0,2.602614
11367190.0,2.601974
11375000.0,2.601335
11382820.0,2.600695
11390630.0,2.600057
11398440.0,2.59942
11406250.0,2.598783
11414070.0,2.598146
11421880.0,2.59751
11429690.0,2.596875
11437500.0,2.596241
11445320.0,2.595606
11453130.0,2.594972
11460940.0,2.59434
11468750.0,2.593708
11476570.0,2.593075
11484380.0,2.592444
11492190.0,2.591814
11500000.0,2.591184
11507820.0,2.590554
11515630.0,2.589925
11523440.0,2.589297
11531250.0,2.588669
11539070.0,2.588042
11546880.0,2.587415
11554690.0,2.58679
11562500.0,2.586164
11570320.0,2.585539
11578130.0,2.584915
11585940.0,2.584291
11593750.0,2.583668
11601570.0,2.583045
11609380.0,2.582423
11617190.0,2.581802
11625000.0,2.581182
11632820.0,2.580561
11640630.0,2.579941
11648440.0,2.579322
11656250.0,2.578704
11664070.0,2.578085
11671880.0,2.577468
11679690.0,2.576851
11687500.0,2.576235
11695320.0,2.575619
11703130.0,2.575004
11710940.0,2.574389
11718750.0,2.573775
11726570.0,2.573161
11734380.0,2.572548
11742190.0,2.571936
11750000.0,2.571324
11757820.0,2.570712
11765630.0,2.570102
11773440.0,2.569492
11781250.0,2.568882
11789070.0,2.568272
11796880.0,2.567664
11804690.0,2.567056
11812500.0,2.566449
11820320.0,2.565841
11828130.0,2.565235
11835940.0,2.564629
11843750.0,2.564024
11851570.0,2.563419
11859380.0,2.562815
11867190.0,2.562211
11875000.0,2.561608
11882820.0,2.561005
11890630.0,2.560403
11898440.0,2.559802
11906250.0,2.559201
11914070.0,2.5586
11921880.0,2.558
11929690.0,2.557401
11937500.0,2.556802
11945320.0,2.556203
11953130.0,2.555605
11960940.0,2.555008
11968750.0,2.554412
11976570.0,2.553815
11984380.0,2.553219
11992190.0,2.552624
12000000.0,2.55203
12007820.0,2.55185
12015630.0,2.55167
12023440.0,2.55149
12031250.0,2.551311
12039070.0,2.551131
12046880.0,2.550951
12054690.0,2.550772
12062500.0,2.550593
12070320.0,2.550414
12078130.0,2.550235
12085940.0,2.550056
12093750.0,2.549878
12101570.0,2.549699
12109380.0,2.549521
12117190.0,2.549343
12125000.0,2.549164
12132820.0,2.548986
12140630.0,2.548808
12148440.0,2.548631
12156250.0,2.548453
12164070.0,2.548276
12171880.0,2.548098
12179690.0,2.547921
12187500.0,2.547744
12195320.0,2.547567
12203130.0,2.54739
12210940.0,2.547213
12218750.0,2.547037
12226570.0,2.54686
12234380.0,2.546684
12242190.0,2.546508
12250000.0,2.546332
12257820.0,2.546155
12265630.0,2.54598
12273440.0,2.545804
12281250.0,2.545628
12289070.0,2.545453
12296880.0,2.545277
12304690.0,2.545102
12312500.0,2.544927
12320320.0,2.544752
12328130.0,2.544577
12335940.0,2.544402
12343750.0,2.544228
12351570.0,2.544053
12359380.0,2.543879
12367190.0,2.543705
12375000.0,2.54353
12382820.0,2.543356
12390630.0,2.543182
12398440.0,2.543009
12406250.0,2.542835
12414070.0,2.542661
12421880.0,2.542488
12429690.0,2.542315
12437500.0,2.542142
12445320.0,2.541968
12453130.0,2.541796
12460940.0,2.541623
12468750.0,2.54145
12476570.0,2.541277
12484380.0,2.541105
12492190.0,2.540933
12500000.0,2.540761
12507820.0,2.540588
12515630.0,2.540416
12523440.0,2.540245
12531250.0,2.540073
12539070.0,2.539901
12546880.0,2.53973
12554690.0,2.539558
12562500.0,2.539387
12570320.0,2.539216
12578130.0,2.539045
12585940.0,2.538874
12593750.0,2.538703
12601570.0,2.538532
12609380.0,2.538362
12617190.0,2.538191
12625000.0,2.538021
12632820.0,2.537851
12640630.0,2.537681
12648440.0,2.537511
12656250.0,2.537341
12664070.0,2.537171
12671880.0,2.537002
12679690.0,2.536832
12687500.0,2.536663
12695320.0,2.536493
12703130.0,2.536324
12710940.0,2.536155
12718750.0,2.535986
12726570.0,2.535817
12734380.0,2.535649
12742190.0,2.53548
12750000.0,2.535312
12757820.0,2.535143
12765630.0,2.534975
12773440.0,2.534807
12781250.0,2.534639
12789070.0,2.534471
12796880.0,2.534303
12804690.0,2.534135
12812500.0,2.533968
12820320.0,2.5338
12828130.0,2.533633
12835940.0,2.533466
12843750.0,2.533299
12851570.0,2.533132
12859380.0,2.532965
12867190.0,2.532798
12875000.0,2.532632
12882820.0,2.532465
12890630.0,2.532298
12898440.0,2.532132
12906250.0,2.531966
12914070.0,2.5318
12921880.0,2.531634
12929690.0,2.531468
12937500.0,2.531302
12945320.0,2.531136
12953130.0,2.530971
12960940.0,2.530805
12968750.0,2.53064
12976570.0,2.530475
12984380.0,2.53031
12992190.0,2.530145
13000000.0,2.52998
13015630.0,2.531932
13031250.0,2.533882
13046880.0,2.535832
13062500.0,2.53778
13078130.0,2.539729
13093750.0,2.541676
13109380.0,2.543623
13125000.0,2.545567
13140630.0,2.547513
13156250.0,2.549456
13171880.0,2.5514
13187500.0,2.553341
13203130.0,2.555283
13218750.0,2.557223
13234380.0,2.559163
13250000.0,2.561102
13265630.0,2.56304
13281250.0,2.564977
13296880.0,2.566914
13312500.0,2.568849
13328130.0,2.570785
13343750.0,2.572718
13359380.0,2.574652
13375000.0,2.576584
13390630.0,2.578516
13406250.0,2.580446
13421880.0,2.582377
13437500.0,2.584305
13453130.0,2.586234
13468750.0,2.588161
13484380.0,2.590088
13500000.0,2.592014
13515630.0,2.59394
13531250.0,2.595863
13546880.0,2.597788
13562500.0,2.59971
13578130.0,2.601632
13593750.0,2.603553
13609380.0,2.605474
13625000.0,2.607393
13640630.0,2.609312
13656250.0,2.61123
13671880.0,2.613148
13687500.0,2.615064
13703130.0,2.61698
13718750.0,2.618894
13734380.0,2.620809
13750000.0,2.622722
13765630.0,2.624635
13781250.0,2.626546
13796880.0,2.628458
13812500.0,2.630367
13828130.0,2.632277
13843750.0,2.634185
13859380.0,2.636094
13875000.0,2.638
13890630.0,2.639907
13906250.0,2.641812
13921880.0,2.643718
13937500.0,2.645621
13953130.0,2.647525
13968750.0,2.649427
13984380.0,2.65133
14000000.0,2.65323
14031250.0,2.652953
14062500.0,2.652676
14093750.0,2.6524
14125000.0,2.652125
14156250.0,2.65185
14187500.0,2.651576
14218750.0,2.651303
14250000.0,2.65103
14281250.0,2.650758
14312500.0,2.650486
14343750.0,2.650215
14375000.0,2.649945
14406250.0,2.649675
14437500.0,2.649406
14468750.0,2.649138
14500000.0,2.64887
14531250.0,2.649695
14562500.0,2.650518
14593750.0,2.65134
14625000.0,2.652161
14656250.0,2.652979
14687500.0,2.653797
14718750.0,2.654613
14750000.0,2.655427
14781250.0,2.65624
14812500.0,2.657052
14843750.0,2.657862
14875000.0,2.65867
14906250.0,2.659477
14937500.0,2.660283
14968750.0,2.661087
15000000.0,2.66189
15019500.0,2.661493
15039000.0,2.661096
15058500.0,2.660699
15078000.0,2.660304
15097500.0,2.659909
15117000.0,2.659514
15136500.0,2.65912
15156000.0,2.658727
15175500.0,2.658334
15195000.0,2.657941
15214500.0,2.65755
15234000.0,2.657159
15253500.0,2.656768
15273000.0,2.656378
15292500.0,2.655988
15312000.0,2.655599
15331500.0,2.655211
15351000.0,2.654823
15370500.0,2.654436
15390000.0,2.654049
15409500.0,2.653663
15429000.0,2.653277
15448500.0,2.652892
15468000.0,2.652507
15487500.0,2.652123
15507000.0,2.65174
15526500.0,2.651357
15546000.0,2.650974
15565500.0,2.650593
15585000.0,2.650211
15604500.0,2.64983
15624000.0,2.64945
15647500.0,2.649308
15671000.0,2.649166
15694500.0,2.649024
15718000.0,2.648882
15741500.0,2.648741
15765000.0,2.6486
15788500.0,2.648459
15812000.0,2.648318
15835500.0,2.648178
15859000.0,2.648037
15882500.0,2.647897
15906000.0,2.647757
15929500.0,2.647618
15953000.0,2.647478
15976500.0,2.647339
16000000.0,2.6472
16031250.0,2.645898
16062500.0,2.644598
16093750.0,2.643302
16125000.0,2.642009
16156250.0,2.640719
16187500.0,2.639433
16218750.0,2.638149
16250000.0,2.636868
16281250.0,2.635591
16312500.0,2.634317
16343750.0,2.633045
16375000.0,2.631777
16406250.0,2.630512
16437500.0,2.629249
16468750.0,2.62799
16500000.0,2.626734
16531250.0,2.625481
16562500.0,2.62423
16593750.0,2.622983
16625000.0,2.621738
16656250.0,2.620497
16687500.0,2.619258
16718750.0,2.618023
16750000.0,2.61679
16781250.0,2.61556
16812500.0,2.614333
16843750.0,2.613109
16875000.0,2.611887
16906250.0,2.610669
16937500.0,2.609453
16968750.0,2.60824
17000000.0,2.60703
17010640.0,2.606636
17021280.0,2.606243
17031920.0,2.60585
17042550.0,2.605458
17053190.0,2.605066
17063830.0,2.604674
17074470.0,2.604282
17085100.0,2.603891
17095740.0,2.6035
17106380.0,2.603109
17117020.0,2.602719
17127650.0,2.602329
17138290.0,2.601939
17148930.0,2.60155
17159570.0,2.60116
17170200.0,2.600772
17180840.0,2.600383
17191480.0,2.599995
17202120.0,2.599607
17212750.0,2.599219
17223390.0,2.598832
17234030.0,2.598445
17244670.0,2.598058
17255300.0,2.597671
17265940.0,2.597285
17276580.0,2.596899
17287220.0,2.596513
17297850.0,2.596128
17308490.0,2.595743
17319130.0,2.595358
17329770.0,2.594974
17340400.0,2.59459
17350710.0,2.594238
17361020.0,2.593886
17371330.0,2.593534
17381630.0,2.593183
17391940.0,2.592832
17402240.0,2.592481
17412550.0,2.592131
17422850.0,2.59178
17433160.0,2.59143
17443470.0,2.59108
17453780.0,2.590731
17464080.0,2.590382
17474390.0,2.590032
17484690.0,2.589684
17495000.0,2.589335
17505300.0,2.588987
17515610.0,2.588639
17525920.0,2.588291
17536230.0,2.587943
17546530.0,2.587596
17556840.0,2.587249
17567140.0,2.586903
17577450.0,2.586556
17587750.0,2.58621
17598060.0,2.585864
17608370.0,2.585518
17618680.0,2.585172
17628980.0,2.584827
17639290.0,2.584482
17649590.0,2.584137
17659900.0,2.583793
17670200.0,2.583449
17680510.0,2.583105
17690820.0,2.582761
17701130.0,2.582417
17711430.0,2.582074
17721740.0,2.581731
17732040.0,2.581388
17742350.0,2.581045
17752650.0,2.580703
17762960.0,2.580361
17773270.0,2.580019
17783580.0,2.579677
17793880.0,2.579336
17804190.0,2.578995
17814490.0,2.578654
17824800.0,2.578314
17835100.0,2.577973
17845410.0,2.577633
17855720.0,2.577293
17866030.0,2.576953
17876330.0,2.576614
17886640.0,2.576275
17896940.0,2.575936
17907250.0,2.575597
17917550.0,2.575259
17927860.0,2.574921
17938170.0,2.574583
17948480.0,2.574245
17958780.0,2.573907
17969090.0,2.57357
17979390.0,2.573233
17989700.0,2.572896
18000000.0,2.57256
18015370.0,2.571949
18030740.0,2.571339
18046110.0,2.57073
18061480.0,2.570121
18076850.0,2.569513
18092220.0,2.568905
18107590.0,2.568298
18122950.0,2.567693
18138320.0,2.567087
18153690.0,2.566482
18169060.0,2.565878
18184430.0,2.565275
18199800.0,2.564672
18215170.0,2.564069
18230540.0,2.563468
18245900.0,2.562867
18261270.0,2.562267
18276640.0,2.561667
18292010.0,2.561068
18307380.0,2.56047
18322750.0,2.559872
18338120.0,2.559275
18353490.0,2.558679
18368850.0,2.558083
18384220.0,2.557488
18399590.0,2.556894
18414960.0,2.5563
18430330.0,2.555706
18445700.0,2.555114
18461070.0,2.554522
18476440.0,2.55393
18491800.0,2.55334
18507690.0,2.552634
18523570.0,2.551929
18539450.0,2.551225
18555330.0,2.550522
18571210.0,2.54982
18587090.0,2.549118
18602970.0,2.548418
18618850.0,2.547718
18634740.0,2.547018
18650620.0,2.54632
18666500.0,2.545622
18682380.0,2.544925
18698260.0,2.544229
18714140.0,2.543534
18730020.0,2.542839
18745900.0,2.542146
18761790.0,2.541452
18777670.0,2.54076
18793550.0,2.540069
18809430.0,2.539378
18825310.0,2.538688
18841190.0,2.537999
18857070.0,2.537311
18872950.0,2.536623
18888840.0,2.535936
18904720.0,2.53525
18920600.0,2.534565
18936480.0,2.53388
18952360.0,2.533197
18968240.0,2.532514
18984120.0,2.531831
19000000.0,2.53115
19015630.0,2.530208
19031250.0,2.529269
19046880.0,2.528329
19062500.0,2.527392
19078130.0,2.526454
19093750.0,2.525519
19109380.0,2.524584
19125000.0,2.523651
19140630.0,2.522718
19156250.0,2.521787
19171880.0,2.520857
19187500.0,2.519928
19203130.0,2.519
19218750.0,2.518073
19234380.0,2.517147
19250000.0,2.516223
19265630.0,2.515299
19281250.0,2.514377
19296880.0,2.513455
19312500.0,2.512535
19328130.0,2.511615
19343750.0,2.510697
19359380.0,2.50978
19375000.0,2.508864
19390630.0,2.507949
19406250.0,2.507035
19421880.0,2.506122
19437500.0,2.505211
19453130.0,2.5043
19468750.0,2.50339
19484380.0,2.502482
19500000.0,2.501574
19515630.0,2.500668
19531250.0,2.499762
19546880.0,2.498858
19562500.0,2.497955
19578130.0,2.497052
19593750.0,2.496151
19609380.0,2.495251
19625000.0,2.494352
19640630.0,2.493454
19656250.0,2.492557
19671880.0,2.491661
19687500.0,2.490766
19703130.0,2.489872
19718750.0,2.488979
19734380.0,2.488087
19750000.0,2.487196
19765630.0,2.486306
19781250.0,2.485417
19796880.0,2.484529
19812500.0,2.483643
19828130.0,2.482757
19843750.0,2.481872
19859380.0,2.480988
19875000.0,2.480106
19890630.0,2.479224
19906250.0,2.478343
19921880.0,2.477463
19937500.0,2.476585
19953130.0,2.475707
19968750.0,2.47483
19984380.0,2.473954
20000000.0,2.47308
