1e-05,5.032875
1.03125e-05,5.032875
1.0625e-05,5.032875
1.09375e-05,5.032875
1.125e-05,5.032875
1.15625e-05,5.032875
1.1875e-05,5.032875
1.21875e-05,5.032875
1.25e-05,5.032875
1.28125e-05,5.032875
1.3125e-05,5.032875
1.34375e-05,5.032875
1.375e-05,5.032875
1.4375e-05,5.032875
1.5e-05,5.032875
1.5625e-05,5.032875
1.625e-05,5.032875
1.6875e-05,5.032875
1.75e-05,5.032875
1.8125e-05,5.032875
1.875e-05,5.032875
1.9375e-05,5.032875
2e-05,5.032875
2.09375e-05,5.032875
2.1875e-05,5.032875
2.28125e-05,5.032875
2.375e-05,5.032875
2.46875e-05,5.032875
2.5625e-05,5.032875
2.65625e-05,5.032875
2.75e-05,5.032875
2.84375e-05,5.032875
2.9375e-05,5.032875
3.03125e-05,5.032875
3.125e-05,5.032875
3.21875e-05,5.032875
3.3125e-05,5.032875
3.40625e-05,5.032875
3.5e-05,5.032875
3.59375e-05,5.032875
3.6875e-05,5.032875
3.78125e-05,5.032875
3.875e-05,5.032875
3.96875e-05,5.032875
4.0625e-05,5.032875
4.25e-05,5.032875
4.4375e-05,5.032875
4.625e-05,5.032875
4.8125e-05,5.032875
5e-05,5.032875
5.15625e-05,5.032875
5.3125e-05,5.032875
5.46875e-05,5.032875
5.625e-05,5.032875
5.78125e-05,5.032875
5.9375e-05,5.032875
6.09375e-05,5.032875
6.25e-05,5.032875
6.40625e-05,5.032875
6.5625e-05,5.032875
6.71875e-05,5.032875
6.875e-05,5.032875
7.1875e-05,5.032875
7.5e-05,5.032875
7.8125e-05,5.032875
8.125e-05,5.032875
8.4375e-05,5.032875
8.75e-05,5.032875
9.0625e-05,5.032875
9.375e-05,5.032875
9.6875e-05,5.032875
0.0001,5.032875
0.000103125,5.032875
0.00010625,5.032875
0.000109375,5.032875
0.0001125,5.032875
0.000115625,5.032875
0.00011875,5.032875
0.000121875,5.032875
0.000125,5.032875
0.000128125,5.032875
0.00013125,5.032875
0.000134375,5.032875
0.0001375,5.032875
0.00014375,5.032875
0.00015,5.032875
0.00015625,5.032875
0.0001625,5.032874
0.00016875,5.032874
0.000175,5.032874
0.00018125,5.032874
0.0001875,5.032874
0.00019375,5.032874
0.0002,5.032874
0.000209375,5.032874
0.00021875,5.032874
0.000228125,5.032874
0.0002375,5.032874
0.000246875,5.032874
0.00025625,5.032874
0.000265625,5.032874
0.000275,5.032874
0.000284375,5.032874
0.00029375,5.032874
0.000303125,5.032874
0.0003125,5.032874
0.000321875,5.032873
0.00033125,5.032873
0.000340625,5.032873
0.00035,5.032873
0.000359375,5.032873
0.00036875,5.032873
0.000378125,5.032873
0.0003875,5.032873
0.000396875,5.032873
0.00040625,5.032873
0.000425,5.032873
0.00044375,5.032873
0.0004625,5.032873
0.00048125,5.032873
0.0005,5.032872
0.000515625,5.032872
0.00053125,5.032872
0.000546875,5.032872
0.0005625,5.032872
0.000578125,5.032872
0.00059375,5.032872
0.000609375,5.032872
0.000625,5.032872
0.000640625,5.032872
0.00065625,5.032871
0.000671875,5.032871
0.0006875,5.032871
0.00071875,5.032871
0.00075,5.032871
0.00078125,5.032871
0.0008125,5.032871
0.00084375,5.03287
0.000875,5.03287
0.00090625,5.03287
0.0009375,5.03287
0.00096875,5.03287
0.001,5.032869
0.00103125,5.032869
0.0010625,5.032869
0.00109375,5.032869
0.001125,5.032869
0.00115625,5.032868
0.0011875,5.032868
0.00121875,5.032868
0.00125,5.032868
0.00128125,5.032868
0.0013125,5.032867
0.00134375,5.032867
0.001375,5.032867
0.0014375,5.032867
0.0015,5.032866
0.0015625,5.032866
0.001625,5.032866
0.0016875,5.032865
0.00175,5.032865
0.0018125,5.032864
0.001875,5.032864
0.0019375,5.032864
0.002,5.032863
0.00209375,5.032863
0.0021875,5.032862
0.00228125,5.032862
0.002375,5.032861
0.00246875,5.03286
0.0025625,5.03286
0.00265625,5.032859
0.00275,5.032859
0.00284375,5.032858
0.0029375,5.032858
0.00303125,5.032857
0.003125,5.032857
0.00321875,5.032856
0.0033125,5.032855
0.00340625,5.032855
0.0035,5.032854
0.00359375,5.032854
0.0036875,5.032853
0.00378125,5.032853
0.003875,5.032852
0.00396875,5.032851
0.0040625,5.032851
0.00425,5.03285
0.0044375,5.032849
0.004625,5.032847
0.0048125,5.032846
0.005,5.032845
0.00515625,5.032844
0.0053125,5.032843
0.00546875,5.032842
0.005625,5.032841
0.00578125,5.03284
0.0059375,5.032839
0.00609375,5.032839
0.00625,5.032838
0.00640625,5.032837
0.0065625,5.032836
0.00671875,5.032835
0.006875,5.032834
0.0071875,5.032832
0.0075,5.03283
0.0078125,5.032828
0.008125,5.032826
0.0084375,5.032824
0.00875,5.032822
0.0090625,5.032821
0.009375,5.032819
0.0096875,5.032817
0.01,5.032815
0.0103125,5.032813
0.010625,5.032811
0.0109375,5.032809
0.01125,5.032807
0.0115625,5.032805
0.011875,5.032804
0.0121875,5.032802
0.0125,5.0328
0.0128125,5.032798
0.013125,5.032796
0.0134375,5.032794
0.01375,5.032792
0.014375,5.032788
0.015,5.032785
0.015625,5.032781
0.01625,5.032777
0.016875,5.032773
0.0175,5.032769
0.018125,5.032766
0.01875,5.032762
0.019375,5.032758
0.02,5.032754
0.0206625,5.03275
0.021325,5.032746
0.0219875,5.032742
0.02265,5.032738
0.0233125,5.032734
0.023975,5.03273
0.0246375,5.032726
0.0253,5.032722
0.02607188,5.032718
0.02684375,5.032713
0.02761563,5.032708
0.0283875,5.032703
0.02915938,5.032699
0.02993125,5.032694
0.03070313,5.032689
0.031475,5.032685
0.03224688,5.03268
0.03301875,5.032675
0.0345625,5.032666
0.03610625,5.032657
0.03765,5.032647
0.03919375,5.032638
0.0407375,5.032629
0.04228125,5.032619
0.043825,5.03261
0.04536875,5.0326
0.0469125,5.032591
0.04845625,5.032582
0.05,5.032572
0.0515625,5.032563
0.053125,5.032553
0.0546875,5.032544
0.05625,5.032534
0.0578125,5.032525
0.059375,5.032515
0.0609375,5.032506
0.0625,5.032496
0.0640625,5.032487
0.065625,5.032477
0.0671875,5.032468
0.06875,5.032458
0.071875,5.032439
0.075,5.03242
0.078125,5.032401
0.08125,5.032382
0.084375,5.032363
0.0875,5.032344
0.090625,5.032325
0.09375,5.032306
0.096875,5.032287
0.1,5.032268
0.103125,5.032249
0.10625,5.032229
0.109375,5.03221
0.1125,5.032191
0.115625,5.032172
0.11875,5.032153
0.121875,5.032134
0.125,5.032115
0.128125,5.032096
0.13125,5.032076
0.1375,5.032038
0.14375,5.032
0.15,5.031961
0.15625,5.031923
0.1625,5.031885
0.16875,5.031846
0.175,5.031808
0.18125,5.031769
0.1875,5.031731
0.19375,5.031692
0.2,5.031654
0.209375,5.031596
0.21875,5.031538
0.228125,5.03148
0.2375,5.031422
0.246875,5.031364
0.25625,5.031305
0.265625,5.031247
0.275,5.031189
0.284375,5.031131
0.29375,5.031072
0.303125,5.031014
0.3125,5.030955
0.321875,5.030897
0.33125,5.030838
0.340625,5.030779
0.35,5.030721
0.359375,5.030662
0.36875,5.030603
0.378125,5.030544
0.3875,5.030485
0.40625,5.030367
0.425,5.030248
0.44375,5.03013
0.4625,5.030011
0.48125,5.029892
0.5,5.029773
0.53125,5.029573
0.5625,5.029373
0.59375,5.029172
0.625,5.028971
0.65625,5.028768
0.6875,5.028565
0.71875,5.028362
0.75,5.028158
0.78125,5.027952
0.8125,5.027747
0.84375,5.02754
0.875,5.027333
0.9375,5.026916
1.0,5.026496
1.0625,5.026073
1.125,5.025647
1.1875,5.025218
1.25,5.024786
1.3125,5.02435
1.375,5.023911
1.4375,5.023468
1.5,5.023022
1.5625,5.022573
1.625,5.02212
1.6875,5.021663
1.75,5.021202
1.875,5.020269
2.0,5.01932
2.09375,5.018598
2.1875,5.017866
2.28125,5.017124
2.375,5.016372
2.46875,5.015609
2.5625,5.014835
2.65625,5.01405
2.75,5.013253
2.9375,5.011623
3.125,5.009941
3.3125,5.008203
3.5,5.006404
3.6875,5.00454
3.875,5.002603
4.0625,5.000589
4.25,4.998489
4.4375,4.996294
4.625,4.993993
4.8125,4.991576
5.0,4.989027
5.118904,4.987334
5.237807,4.985577
5.35671,4.98375
5.475613,4.981845
5.594516,4.979857
5.713419,4.977775
5.832322,4.975592
5.951225,4.973295
6.070129,4.970871
6.189032,4.968305
6.307935,4.96558
6.426838,4.962673
6.48629,4.961144
6.545741,4.95956
6.605193,4.957916
6.664644,4.956209
6.724096,4.954433
6.783547,4.952583
6.842999,4.950652
6.90245,4.948634
6.961902,4.946522
7.021354,4.944306
7.080806,4.941977
7.140257,4.939524
7.199709,4.936934
7.25916,4.934194
7.318612,4.931286
7.378063,4.928192
7.437515,4.924891
7.467241,4.923154
7.496966,4.921356
7.526692,4.919491
7.556418,4.917557
7.586144,4.915548
7.615869,4.91346
7.645595,4.911287
7.675321,4.909022
7.705047,4.90666
7.734772,4.904194
7.764498,4.901615
7.794224,4.898914
7.82395,4.896082
7.853675,4.893109
7.883401,4.889981
7.913127,4.886687
7.942853,4.88321
7.972579,4.879535
8.002305,4.875642
8.032031,4.871511
8.061757,4.867117
8.091482,4.862433
8.121208,4.857427
8.136071,4.854792
8.150934,4.852063
8.165797,4.849235
8.18066,4.846302
8.195523,4.843257
8.210385,4.840093
8.225248,4.836805
8.240111,4.833383
8.254974,4.82982
8.269837,4.826105
8.2847,4.822231
8.299563,4.818185
8.314426,4.813955
8.329288,4.80953
8.344151,4.804895
8.359014,4.800035
8.373877,4.794933
8.38874,4.789571
8.403603,4.783929
8.418466,4.777985
8.433329,4.771715
8.448191,4.765092
8.463054,4.758086
8.477917,4.750666
8.49278,4.742795
8.507643,4.734435
8.515075,4.730058
8.522506,4.725543
8.529938,4.720882
8.537369,4.71607
8.544801,4.7111
8.552232,4.705966
8.559663,4.70066
8.567094,4.695175
8.574526,4.689502
8.581957,4.683635
8.589389,4.677565
8.59682,4.671283
8.604252,4.664782
8.611683,4.658053
8.619115,4.651087
8.626546,4.643879
8.633978,4.636417
8.641409,4.628699
8.648841,4.620715
8.656272,4.612464
8.663704,4.603941
8.671135,4.595149
8.678566,4.586091
8.685997,4.576775
8.693429,4.567215
8.70086,4.557435
8.708292,4.547466
8.715723,4.537357
8.723155,4.527167
8.730586,4.516983
8.738018,4.506914
8.745449,4.497108
8.752881,4.487754
8.756597,4.483321
8.760312,4.479099
8.764028,4.475128
8.767744,4.471457
8.77146,4.468137
8.775175,4.46523
8.778891,4.462801
8.782607,4.460925
8.786323,4.459685
8.790038,4.459174
8.793754,4.459495
8.797469,4.460761
8.8049,4.466634
8.810219,4.474091
8.815538,4.48479
8.820857,4.499243
8.826175,4.517988
8.836813,4.570579
8.84745,4.646595
8.852769,4.694259
8.858088,4.748459
8.863407,4.808946
8.868725,4.875133
8.874044,4.946128
8.879363,5.020665
8.884682,5.097211
8.89,5.174027
8.895319,5.249351
8.900638,5.321445
8.905957,5.388787
8.911275,5.450141
8.916594,5.504665
8.921913,5.551859
8.927232,5.591585
8.93255,5.624003
8.943188,5.66869
8.953825,5.690638
8.959144,5.694803
8.964463,5.695316
8.969782,5.692787
8.9751,5.687761
8.979104,5.682623
8.983108,5.676524
8.987112,5.669626
8.991115,5.662072
8.995119,5.653984
8.999122,5.645476
9.003126,5.636637
9.007129,5.627554
9.011133,5.618293
9.015136,5.608921
9.01914,5.599482
9.023143,5.590027
9.027147,5.580588
9.03115,5.5712
9.035154,5.561884
9.039157,5.552667
9.043161,5.543562
9.047164,5.534587
9.051168,5.52575
9.055171,5.517064
9.063178,5.500161
9.071185,5.483915
9.079192,5.468339
9.087199,5.453434
9.095206,5.439189
9.103213,5.425585
9.11122,5.412601
9.119227,5.400212
9.127234,5.38839
9.135241,5.377108
9.143248,5.366339
9.151255,5.356055
9.159262,5.346231
9.167269,5.336841
9.175276,5.327862
9.183283,5.31927
9.19129,5.311044
9.199297,5.303163
9.207304,5.295609
9.215311,5.288362
9.223318,5.281407
9.231325,5.274727
9.239333,5.268307
9.24734,5.262134
9.255347,5.256194
9.263354,5.250475
9.271361,5.244965
9.279368,5.239653
9.287375,5.23453
9.295382,5.229586
9.303389,5.224812
9.311396,5.2202
9.32741,5.211429
9.343424,5.203216
9.359438,5.19551
9.375452,5.188266
9.391466,5.181444
9.40748,5.175008
9.423494,5.168926
9.439508,5.163169
9.455522,5.157712
9.471536,5.152531
9.48755,5.147606
9.503565,5.142918
9.519579,5.138449
9.535593,5.134184
9.551607,5.130109
9.567621,5.126211
9.583635,5.122479
9.599649,5.1189
9.615663,5.115467
9.631677,5.112169
9.647691,5.108997
9.663705,5.105946
9.679719,5.103007
9.695733,5.100173
9.711747,5.09744
9.727761,5.0948
9.743775,5.09225
9.775804,5.087397
9.807832,5.082846
9.83986,5.078567
9.871888,5.074533
9.903916,5.070722
9.935944,5.067113
9.967972,5.063687
10.0,5.06043
10.03108,5.057416
10.06215,5.054536
10.09322,5.051779
10.12429,5.049135
10.15536,5.046595
10.18643,5.044153
10.2175,5.041801
10.24857,5.039532
10.27964,5.037342
10.31071,5.035224
10.34178,5.033173
10.37285,5.031186
10.43499,5.027386
10.49713,5.023794
10.55927,5.020385
10.62141,5.017138
10.68355,5.014035
10.74569,5.01106
10.80783,5.008199
10.86997,5.005438
10.93211,5.002769
10.99425,5.000181
11.0564,4.997664
11.11854,4.995213
11.18068,4.99282
11.24282,4.990478
11.30496,4.988182
11.3671,4.985928
11.49138,4.981523
11.61566,4.977232
11.73994,4.973024
11.86422,4.968877
11.9885,4.964769
12.11279,4.960679
12.23707,4.956592
12.36135,4.95249
12.48563,4.948358
12.60991,4.944182
12.73419,4.939947
12.85847,4.93564
12.98275,4.931245
13.10704,4.926749
13.23132,4.922137
13.3556,4.917392
13.47988,4.9125
13.60416,4.907442
13.72844,4.902199
13.85272,4.896751
13.977,4.891075
14.10129,4.885148
14.22557,4.878941
14.34985,4.872425
14.47413,4.865565
14.59841,4.858323
14.72269,4.850654
14.84697,4.842508
14.97125,4.833828
15.0334,4.829267
15.09554,4.824547
15.15768,4.819657
15.21982,4.814586
15.28196,4.809324
15.3441,4.803856
15.40624,4.798168
15.46838,4.792246
15.53052,4.786072
15.59266,4.779629
15.6548,4.772895
15.71694,4.765848
15.77908,4.758465
15.84122,4.750718
15.90336,4.742575
15.9655,4.734005
16.02765,4.724968
16.08979,4.715425
16.15193,4.705326
16.21407,4.69462
16.27621,4.683246
16.33835,4.671135
16.40049,4.65821
16.43156,4.651415
16.46263,4.644382
16.4937,4.637097
16.52477,4.629547
16.55584,4.621716
16.58691,4.613588
16.61798,4.605144
16.64905,4.596366
16.68012,4.587232
16.71119,4.57772
16.74226,4.567806
16.77333,4.557462
16.8044,4.54666
16.83547,4.535367
16.86654,4.523549
16.89761,4.511169
16.92868,4.498184
16.95975,4.484548
16.99083,4.470207
17.0219,4.455113
17.05297,4.439202
17.08404,4.422404
17.11511,4.404645
17.14618,4.38584
17.17725,4.365895
17.20832,4.344707
17.22386,4.333606
17.23939,4.322157
17.25493,4.310327
17.27046,4.298115
17.286,4.285485
17.30153,4.272433
17.31707,4.258923
17.3326,4.244948
17.34814,4.230467
17.36367,4.215473
17.37921,4.199921
17.39474,4.183801
17.41028,4.167064
17.42581,4.149699
17.44135,4.131652
17.45688,4.112909
17.47242,4.093411
17.48795,4.073145
17.50349,4.052044
17.51902,4.030096
17.53456,4.007229
17.55009,3.983432
17.56563,3.958633
17.58116,3.932822
17.5967,3.905931
17.61223,3.87796
17.62777,3.84885
17.6433,3.818627
17.65107,3.803081
17.65884,3.787255
17.66661,3.771154
17.67437,3.754806
17.68214,3.738178
17.68991,3.721303
17.69768,3.704198
17.70544,3.686905
17.71321,3.669405
17.72098,3.651752
17.72875,3.633986
17.73651,3.616175
17.74428,3.598333
17.75205,3.580551
17.75982,3.562914
17.76758,3.545546
17.77535,3.528523
17.78312,3.512015
17.79089,3.496196
17.79865,3.481296
17.80642,3.46753
17.81419,3.45522
17.82196,3.44473
17.82972,3.436509
17.83749,3.431061
17.84526,3.429032
17.85303,3.431186
17.86079,3.438432
17.86856,3.451901
17.87633,3.472927
17.8841,3.503135
17.89186,3.544418
17.89575,3.570013
17.89963,3.599242
17.90352,3.632625
17.9074,3.670397
17.91129,3.713196
17.91517,3.761286
17.91905,3.815294
17.92293,3.875794
17.92682,3.943588
17.9307,4.018999
17.93459,4.103141
17.93847,4.196354
17.94236,4.299948
17.94624,4.414261
17.95012,4.54046
17.954,4.679491
17.95938,4.895318
17.96475,5.139798
17.97013,5.416342
17.9755,5.726171
17.98088,6.072237
17.98625,6.454329
17.99163,6.87392
17.997,7.328136
18.00238,7.815639
18.00775,8.329602
18.01313,8.864734
18.0185,9.409699
18.02388,9.955246
18.02925,10.48673
18.03463,10.99291
18.04,11.45912
18.04538,11.87571
18.05075,12.23212
18.05613,12.52359
18.0615,12.74623
18.06688,12.90121
18.07225,12.99108
18.07763,13.02143
18.083,12.99883
18.08838,12.93071
18.09375,12.82496
18.1045,12.52899
18.10988,12.35159
18.11525,12.16232
18.12063,11.9649
18.126,11.7637
18.13333,11.48756
18.14065,11.21504
18.14431,11.08126
18.14797,10.94963
18.15163,10.82043
18.15529,10.69388
18.15895,10.57015
18.16261,10.44935
18.16993,10.21686
18.17725,9.996715
18.18457,9.788849
18.19189,9.592962
18.19921,9.408596
18.20653,9.235195
18.21385,9.072155
18.22117,8.918853
18.22849,8.774667
18.23581,8.638992
18.24313,8.511247
18.25045,8.390882
18.25777,8.277379
18.26509,8.170254
18.27241,8.069058
18.27973,7.973372
18.28705,7.882812
18.29437,7.797021
18.30169,7.715668
18.30901,7.638452
18.31633,7.565092
18.32365,7.49533
18.33097,7.42893
18.33829,7.365672
18.34561,7.305354
18.35293,7.247789
18.36025,7.192806
18.36758,7.140175
18.3749,7.089892
18.38222,7.041747
18.38954,6.995615
18.39686,6.951378
18.40418,6.908927
18.4115,6.868161
18.41882,6.828987
18.43346,6.755071
18.4481,6.686547
18.46274,6.622868
18.47738,6.563554
18.49202,6.508185
18.50666,6.456391
18.5213,6.407847
18.53594,6.362262
18.55058,6.319381
18.56522,6.278975
18.57986,6.240841
18.5945,6.204794
18.60915,6.170649
18.62379,6.138304
18.63843,6.107602
18.65307,6.078422
18.66771,6.050656
18.68235,6.024204
18.69699,5.998975
18.71163,5.974888
18.72627,5.951867
18.74091,5.929843
18.75555,5.908753
18.77019,5.888539
18.78483,5.869148
18.79947,5.85053
18.81411,5.83264
18.82875,5.815436
18.85804,5.782923
18.88732,5.752734
18.9166,5.724618
18.94588,5.698366
18.97516,5.673798
19.00444,5.650752
19.03372,5.629091
19.063,5.608689
19.09229,5.589432
19.12157,5.571235
19.15085,5.554005
19.18013,5.537664
19.20941,5.522143
19.23869,5.507379
19.26797,5.493316
19.29725,5.479902
19.32654,5.467087
19.35582,5.454838
19.3851,5.443112
19.41438,5.431873
19.44366,5.421091
19.47294,5.410735
19.50222,5.400779
19.5315,5.391197
19.56079,5.381965
19.59007,5.373067
19.64863,5.356189
19.70719,5.34042
19.76575,5.32564
19.82432,5.311744
19.88288,5.298645
19.94144,5.286262
20.0,5.274526
20.06211,5.262715
20.12422,5.251497
20.18633,5.240814
20.24844,5.230615
20.31055,5.220853
20.37266,5.211488
20.43477,5.202483
20.49688,5.193802
20.55899,5.185417
20.6211,5.177299
20.68321,5.169422
20.74532,5.161762
20.80743,5.154297
20.86954,5.147006
20.93165,5.139871
20.99375,5.132873
21.05586,5.125992
21.11797,5.119214
21.18008,5.112522
21.24219,5.1059
21.3043,5.099333
21.36641,5.092805
21.42852,5.086301
21.49063,5.079807
21.55274,5.073306
21.61485,5.066782
21.67696,5.060219
21.73907,5.053601
21.80118,5.046909
21.86329,5.040124
21.9254,5.033226
21.9875,5.026195
22.04961,5.019004
22.11172,5.011629
22.17383,5.004042
22.23594,4.996211
22.29805,4.988101
22.36016,4.979673
22.42227,4.970883
22.48438,4.961679
22.54649,4.952005
22.57755,4.946969
22.6086,4.941792
22.63966,4.936459
22.67071,4.930963
22.70177,4.925289
22.73282,4.919427
22.76388,4.91336
22.79493,4.907077
22.82599,4.900555
22.85704,4.893783
22.8881,4.886734
22.91915,4.879392
22.9502,4.87173
22.98125,4.863721
23.01231,4.855332
23.04336,4.846536
23.07442,4.83729
23.10547,4.827558
23.13653,4.817288
23.16758,4.806434
23.19864,4.79493
23.22969,4.782716
23.26075,4.769708
23.27628,4.762882
23.2918,4.755829
23.30733,4.748527
23.32286,4.740968
23.33839,4.733137
23.35391,4.725022
23.36944,4.716597
23.38497,4.707848
23.4005,4.698755
23.41602,4.689303
23.43155,4.679456
23.44708,4.669196
23.46261,4.658495
23.47813,4.64733
23.49366,4.635657
23.50919,4.623446
23.52472,4.610661
23.54024,4.597268
23.55577,4.583207
23.5713,4.568438
23.58683,4.552906
23.60235,4.536566
23.61788,4.519335
23.63341,4.501156
23.64894,4.481955
23.66446,4.461668
23.67223,4.451072
23.67999,4.440184
23.68776,4.428964
23.69552,4.417428
23.70329,4.405537
23.71105,4.393308
23.71881,4.380715
23.72657,4.367746
23.73434,4.354372
23.7421,4.340616
23.74987,4.326432
23.75763,4.311847
23.7654,4.296815
23.77316,4.281368
23.78092,4.265482
23.78868,4.249155
23.79645,4.232368
23.80421,4.215171
23.81198,4.197533
23.81974,4.179521
23.82751,4.161119
23.83527,4.142418
23.84303,4.123455
23.85079,4.104308
23.85856,4.085059
23.86632,4.065894
23.87409,4.046938
23.88185,4.028469
23.88962,4.010726
23.89738,3.994125
23.90514,3.979107
23.90902,3.972371
23.9129,3.966262
23.91679,3.960866
23.92067,3.95632
23.92455,3.952732
23.92843,3.95024
23.93231,3.948996
23.93619,3.949172
23.94007,3.950957
23.94395,3.954564
23.94784,3.960245
23.95172,3.96823
23.9556,3.978817
23.95948,3.992322
23.96336,4.009087
23.96724,4.029488
23.97112,4.053929
23.975,4.082847
23.98032,4.130623
23.98563,4.188835
23.99094,4.258883
23.99625,4.342101
24.00157,4.439971
24.00688,4.553268
24.01219,4.683051
24.0175,4.829816
24.02282,4.993839
24.02813,5.173753
24.03344,5.368271
24.03875,5.5749
24.04407,5.790646
24.04938,6.010473
24.05469,6.229967
24.06,6.444031
24.06532,6.648035
24.07063,6.836679
24.07594,7.006637
24.08125,7.155221
24.08657,7.281085
24.09188,7.383299
24.09719,7.462633
24.1025,7.520376
24.10782,7.558416
24.11313,7.578783
24.12375,7.576016
24.12907,7.557342
24.13438,7.52995
24.13969,7.495613
24.145,7.455903
24.15077,7.408224
24.15654,7.357226
24.16231,7.304085
24.16807,7.249842
24.17384,7.195056
24.1796,7.1405
24.18537,7.086433
24.19113,7.033378
24.1969,6.981402
24.20267,6.930774
24.20844,6.881616
24.2142,6.834085
24.21997,6.788059
24.22573,6.743711
24.2315,6.700883
24.23726,6.659703
24.24303,6.619994
24.2488,6.58179
24.25457,6.545045
24.26033,6.509768
24.2661,6.475785
24.27186,6.443161
24.27763,6.411728
24.28339,6.381543
24.28916,6.352449
24.29492,6.324496
24.30069,6.297537
24.30645,6.271619
24.31222,6.246606
24.31798,6.222541
24.32375,6.199297
24.32951,6.176917
24.33528,6.155285
24.34105,6.134403
24.35258,6.094787
24.36411,6.057778
24.37564,6.023146
24.38717,5.990685
24.3987,5.96021
24.41023,5.931554
24.42176,5.904566
24.4333,5.879091
24.44483,5.85505
24.45636,5.832311
24.46789,5.810774
24.47942,5.790349
24.49095,5.770955
24.50248,5.752517
24.51401,5.734967
24.52555,5.718231
24.53708,5.70228
24.54861,5.687049
24.56014,5.672489
24.57168,5.658547
24.58321,5.645207
24.59474,5.63242
24.60627,5.620152
24.61781,5.608363
24.62934,5.597044
24.64087,5.586158
24.6524,5.575681
24.66393,5.565589
24.67546,5.555863
24.69852,5.537427
24.72159,5.520225
24.74465,5.504148
24.76771,5.489082
24.79077,5.474931
24.81384,5.461607
24.8369,5.449048
24.85996,5.437183
24.88302,5.425954
24.90609,5.415305
24.92915,5.405199
24.95222,5.395585
24.97528,5.386434
24.99835,5.377705
25.02141,5.369374
25.04447,5.36141
25.06753,5.353787
25.0906,5.34648
25.11366,5.339474
25.13672,5.332746
25.15978,5.326279
25.18285,5.320054
25.20591,5.314062
25.22897,5.308286
25.25203,5.302714
25.29816,5.292132
25.34428,5.282238
25.39041,5.272956
25.43653,5.264228
25.48266,5.255995
25.52878,5.248214
25.57491,5.240841
25.62103,5.233842
25.66716,5.227181
25.71329,5.220831
25.75942,5.214767
25.80554,5.208967
25.85167,5.203407
25.89779,5.198072
25.94392,5.192943
25.99004,5.188006
26.03617,5.183246
26.08229,5.178653
26.12842,5.174213
26.17454,5.169918
26.22067,5.165756
26.26679,5.16172
26.35904,5.153993
26.4513,5.146679
26.54355,5.139732
26.6358,5.133108
26.72805,5.126772
26.8203,5.120692
26.91255,5.114842
27.0048,5.109195
27.09705,5.103732
27.18931,5.098433
27.28156,5.093281
27.37381,5.088261
27.46606,5.083359
27.55832,5.078562
27.65057,5.073859
27.83507,5.064695
28.01958,5.055791
28.20408,5.047085
28.38858,5.038519
28.57308,5.030043
28.75759,5.021611
28.94209,5.013181
29.12659,5.004711
29.31109,4.996162
29.4956,4.987495
29.6801,4.97867
29.8646,4.969647
30.0491,4.960385
30.23361,4.950836
30.41811,4.940956
30.60262,4.93069
30.78712,4.919983
30.97163,4.90877
31.15613,4.896982
31.34063,4.884537
31.43288,4.87804
31.52513,4.871343
31.61739,4.864433
31.70964,4.857295
31.80189,4.849913
31.89414,4.84227
31.98639,4.834347
32.07864,4.826125
32.17089,4.817579
32.26314,4.808688
32.3554,4.799423
32.44765,4.789757
32.5399,4.779658
32.63215,4.76909
32.7244,4.758015
32.81665,4.746389
32.9089,4.734166
33.00115,4.72129
33.09341,4.707703
33.18566,4.693339
33.27791,4.678121
33.37016,4.661965
33.46242,4.644773
33.55467,4.626437
33.6008,4.6168
33.64692,4.60683
33.69305,4.596504
33.73917,4.585807
33.7853,4.574712
33.83143,4.563198
33.87756,4.55124
33.92368,4.538814
33.96981,4.525884
34.01593,4.512424
34.06206,4.498395
34.10818,4.483763
34.15431,4.468481
34.20043,4.452513
34.24656,4.4358
34.29268,4.418297
34.33881,4.399938
34.38493,4.380665
34.43106,4.360398
34.47718,4.339067
34.52331,4.316575
34.56944,4.292829
34.61557,4.267722
34.66169,4.241137
34.70782,4.212928
34.75394,4.182956
34.80007,4.151037
34.82313,4.134294
34.84619,4.116992
34.86926,4.099095
34.89232,4.080588
34.91538,4.061432
34.93844,4.041593
34.96151,4.021026
34.98457,3.999708
35.00763,3.977591
35.03069,3.95463
35.05376,3.930766
35.07682,3.905969
35.09988,3.880175
35.12294,3.853325
35.14601,3.825343
35.16907,3.796187
35.19213,3.765773
35.21519,3.734023
35.23826,3.700839
35.26132,3.666162
35.28439,3.629867
35.30745,3.591884
35.33052,3.552073
35.35358,3.510355
35.37664,3.466594
35.3997,3.420666
35.42277,3.372423
35.4343,3.34741
35.44583,3.321777
35.45736,3.295505
35.46889,3.268581
35.48042,3.240991
35.49195,3.212719
35.50349,3.18373
35.51502,3.154062
35.52655,3.123682
35.53808,3.092586
35.54961,3.060771
35.56114,3.02824
35.57267,2.995002
35.5842,2.961071
35.59574,2.926441
35.60727,2.891206
35.6188,2.855385
35.63033,2.819041
35.64186,2.782257
35.65339,2.745142
35.66492,2.707834
35.67645,2.67051
35.68799,2.63336
35.69952,2.596729
35.71105,2.560937
35.72258,2.526427
35.73411,2.493755
35.74564,2.463616
35.75717,2.436885
35.76294,2.425122
35.7687,2.414663
35.77447,2.405656
35.78024,2.398327
35.78601,2.392906
35.79177,2.389659
35.79754,2.388868
35.8033,2.390866
35.80907,2.396034
35.81483,2.404775
35.8206,2.417596
35.82636,2.434991
35.83213,2.457633
35.83789,2.486134
35.84366,2.521378
35.84942,2.564132
35.85519,2.615559
35.86095,2.676628
35.86672,2.748861
35.87249,2.833651
35.87826,2.932693
35.88402,3.047702
35.88979,3.181266
35.89555,3.335402
35.90132,3.513464
35.90708,3.718016
35.90997,3.831845
35.91285,3.953367
35.91573,4.083482
35.91861,4.222736
35.9215,4.372242
35.92438,4.531577
35.92726,4.701881
35.93014,4.883825
35.93303,5.078811
35.93591,5.286222
35.93879,5.507473
35.94167,5.743352
35.94456,5.995568
35.94744,6.263208
35.95032,6.547958
35.9532,6.850667
35.95592,7.15381
35.95863,7.473215
35.96134,7.810642
35.96405,8.166735
35.96677,8.543518
35.96948,8.938769
35.97219,9.354311
35.9749,9.790526
35.97762,10.24941
35.98033,10.72774
35.98575,11.74742
35.99118,12.85091
35.9966,14.02804
36.00203,15.27264
36.00745,16.56461
36.01288,17.88797
36.0183,19.2122
36.02373,20.51246
36.02915,21.75185
36.03458,22.90249
36.04,23.93003
36.04543,24.81276
36.05085,25.5288
36.05628,26.07014
36.0617,26.43256
36.06713,26.62298
36.07255,26.65273
36.07798,26.53874
36.0834,26.30105
36.08883,25.95964
36.09425,25.53627
36.1051,24.51589
36.11053,23.95103
36.11595,23.3688
36.12138,22.77745
36.1268,22.18742
36.13061,21.77635
36.13442,21.37039
36.13823,20.97096
36.14204,20.5792
36.14585,20.196
36.14966,19.82202
36.15347,19.45774
36.15727,19.10441
36.16108,18.76038
36.16489,18.42666
36.1687,18.10326
36.1725,17.79093
36.17631,17.48788
36.18012,17.19479
36.18773,16.6383
36.19535,16.11803
36.20296,15.63316
36.21058,15.18012
36.21819,14.75782
36.22581,14.36292
36.23342,13.99436
36.24104,13.64916
36.24865,13.32638
36.25627,13.02345
36.26388,12.73958
36.2715,12.47256
36.27911,12.22178
36.28673,11.98534
36.29434,11.76275
36.30196,11.5524
36.30957,11.35393
36.31719,11.16594
36.3248,10.98817
36.33242,10.81943
36.34003,10.65952
36.34765,10.50741
36.35526,10.36297
36.36288,10.2253
36.37049,10.09432
36.37811,9.969258
36.38573,9.849894
36.39335,9.735873
36.40096,9.627003
36.40858,9.522692
36.41619,9.422931
36.42381,9.327198
36.43142,9.235501
36.44665,9.062845
36.46188,8.903353
36.47711,8.755633
36.49234,8.618475
36.50757,8.490824
36.5228,8.371757
36.53803,8.260464
36.55326,8.156229
36.56849,8.058422
36.58372,7.96648
36.59895,7.879906
36.61418,7.798253
36.62942,7.721076
36.64465,7.648117
36.65988,7.579002
36.67511,7.513443
36.69034,7.451176
36.70557,7.391965
36.7208,7.335594
36.73603,7.281868
36.75126,7.230606
36.76649,7.181647
36.78172,7.134841
36.79695,7.090051
36.81218,7.047151
36.82741,7.006025
36.84264,6.966568
36.85787,6.928681
36.88833,6.85726
36.91879,6.791114
36.94925,6.729685
36.97971,6.672489
37.01017,6.619107
37.04063,6.569171
37.07109,6.522361
37.10155,6.478394
37.13202,6.437005
37.16248,6.398
37.19294,6.361168
37.2234,6.326331
37.25386,6.293334
37.28432,6.262032
37.31478,6.2323
37.34524,6.204021
37.37571,6.177083
37.40617,6.151409
37.43663,6.126904
37.46709,6.103488
37.49755,6.081092
37.52801,6.059648
37.55847,6.039098
37.58893,6.019385
37.6194,6.000454
37.64986,5.98227
37.68032,5.964783
37.71078,5.947954
37.7717,5.916124
37.83262,5.886516
37.89354,5.8589
37.95446,5.833079
38.01538,5.808881
38.0763,5.786153
38.13723,5.764758
38.19815,5.744587
38.25907,5.72553
38.31999,5.707494
38.38092,5.690395
38.44184,5.674163
38.50276,5.658728
38.56368,5.64403
38.62461,5.630013
38.68553,5.616631
38.74645,5.603839
38.80737,5.591594
38.86829,5.579861
38.92921,5.568604
38.99013,5.557793
39.05105,5.5474
39.11198,5.537396
39.1729,5.52776
39.23382,5.518469
39.29474,5.509502
39.41659,5.492461
39.53843,5.476504
39.66028,5.461508
39.78212,5.44737
39.90396,5.433998
40.0258,5.42131
40.14765,5.409232
40.26949,5.3977
40.39134,5.386652
40.51318,5.376035
40.63503,5.365796
40.75687,5.355888
40.87871,5.346265
41.00055,5.336883
41.1224,5.327695
41.24424,5.318659
41.36609,5.309727
41.48793,5.300854
41.60978,5.291985
41.73162,5.283064
41.79254,5.278564
41.85346,5.274025
41.91438,5.269438
41.9753,5.264792
42.03623,5.260075
42.09715,5.255275
42.15807,5.250377
42.21899,5.245365
42.27992,5.240221
42.34084,5.234925
42.40176,5.229453
42.46268,5.22378
42.52361,5.217874
42.58453,5.211701
42.64545,5.20522
42.67591,5.201849
42.70637,5.198382
42.73683,5.194812
42.76729,5.19113
42.79775,5.187327
42.82821,5.183394
42.85867,5.179321
42.88913,5.175094
42.91959,5.170701
42.95005,5.166127
42.98052,5.161355
43.01098,5.156369
43.04144,5.151148
43.0719,5.145668
43.10236,5.139905
43.13282,5.133829
43.16328,5.127407
43.19374,5.120602
43.22421,5.113368
43.23944,5.109578
43.25467,5.105662
43.2699,5.101614
43.28513,5.097424
43.30036,5.093086
43.31559,5.088589
43.33082,5.083924
43.34605,5.079079
43.36128,5.074044
43.37651,5.068806
43.39174,5.06335
43.40697,5.057663
43.4222,5.051727
43.43743,5.045524
43.45267,5.039032
43.4679,5.032237
43.48313,5.025112
43.49836,5.01763
43.51359,5.009765
43.52882,5.001484
43.54405,4.992753
43.55928,4.983535
43.57451,4.973787
43.58974,4.963463
43.60497,4.952511
43.6202,4.940875
43.62782,4.934777
43.63543,4.928492
43.64305,4.921994
43.65066,4.915291
43.65828,4.908356
43.66589,4.901196
43.67351,4.893782
43.68112,4.886123
43.68874,4.878185
43.69635,4.869978
43.70397,4.861468
43.71158,4.852663
43.7192,4.843527
43.72681,4.834071
43.73443,4.824255
43.74204,4.814093
43.74966,4.803543
43.75727,4.79262
43.76489,4.781285
43.7725,4.769555
43.78012,4.757392
43.78773,4.744822
43.79535,4.731812
43.80296,4.718399
43.81058,4.70456
43.81819,4.690353
43.82581,4.675775
43.83342,4.660916
43.84104,4.645809
43.84865,4.630597
43.85627,4.615377
43.86388,4.600374
43.86769,4.593011
43.8715,4.585796
43.87531,4.578772
43.87911,4.572004
43.88292,4.565514
43.88673,4.559383
43.89054,4.553683
43.89434,4.548509
43.89815,4.543925
43.90196,4.54005
43.90577,4.536999
43.90957,4.534907
43.91338,4.533908
43.91719,4.53417
43.921,4.535869
43.9248,4.539191
43.93013,4.546995
43.93545,4.559025
43.94078,4.576023
43.9461,4.59867
43.95675,4.664119
43.9674,4.761085
43.97273,4.822738
43.97805,4.893231
43.98338,4.972563
43.9887,5.05974
43.99403,5.153925
43.99935,5.253145
44.00468,5.355751
44.01,5.45907
44.01533,5.561079
44.02065,5.659061
44.02598,5.751288
44.0313,5.835708
44.03663,5.911402
44.04195,5.977349
44.04728,6.033538
44.0526,6.079905
44.06325,6.145666
44.0739,6.180605
44.07923,6.188755
44.08455,6.191853
44.08988,6.19072
44.0952,6.186091
44.10097,6.177866
44.10674,6.167001
44.11251,6.154097
44.11827,6.139687
44.12404,6.124136
44.12981,6.10781
44.13558,6.090985
44.14134,6.073913
44.14711,6.056713
44.15288,6.039552
44.15865,6.022542
44.16441,6.005793
44.17018,5.989313
44.17594,5.973205
44.18171,5.957447
44.18747,5.942118
44.19324,5.927178
44.19901,5.912664
44.20478,5.898577
44.21054,5.884941
44.21631,5.871704
44.22207,5.858903
44.22784,5.846488
44.2336,5.834489
44.23937,5.822855
44.24514,5.811596
44.25091,5.800699
44.25667,5.79017
44.26244,5.77996
44.2682,5.770092
44.27397,5.76052
44.27973,5.751266
44.2855,5.742285
44.29127,5.733583
44.3028,5.716987
44.31433,5.701378
44.32586,5.686682
44.3374,5.672815
44.34893,5.659737
44.36046,5.647377
44.37199,5.635682
44.38353,5.624591
44.39506,5.61408
44.40659,5.604097
44.41812,5.594606
44.42966,5.585563
44.44119,5.576954
44.45272,5.568741
44.46425,5.560898
44.47579,5.553395
44.48732,5.546222
44.49886,5.539347
44.51039,5.532762
44.52193,5.526439
44.53346,5.520373
44.54499,5.514543
44.55652,5.508935
44.56806,5.503533
44.57959,5.498334
44.59112,5.493322
44.60265,5.488487
44.62572,5.479307
44.64878,5.470735
44.67185,5.462703
44.69491,5.455166
44.71798,5.448072
44.74104,5.441387
44.76411,5.43507
44.78717,5.429095
44.81024,5.423428
44.8333,5.418049
44.85637,5.412931
44.87944,5.408056
44.90251,5.403407
44.92557,5.398967
44.94864,5.394719
44.9717,5.390653
44.99477,5.386753
45.01783,5.383012
45.0409,5.379415
45.06396,5.375957
45.08703,5.372626
45.11009,5.369417
45.13316,5.366321
45.15622,5.363332
45.20235,5.35765
45.24849,5.352327
45.29462,5.347326
45.34075,5.342615
45.38688,5.338166
45.43301,5.333953
45.47914,5.329955
45.52527,5.326153
45.5714,5.322531
45.61754,5.319073
45.66367,5.315767
45.7098,5.3126
45.75593,5.309562
45.80206,5.306644
45.84819,5.303836
45.89432,5.301132
45.94045,5.298524
45.98659,5.296005
46.03272,5.29357
46.07885,5.291214
46.12498,5.288933
46.21724,5.284573
46.3095,5.280461
46.40177,5.276568
46.49403,5.272874
46.58629,5.269358
46.67855,5.266004
46.77082,5.262796
46.86308,5.259722
46.95534,5.256771
47.0476,5.253933
47.13987,5.251198
47.23213,5.24856
47.32439,5.246011
47.41665,5.243545
47.50892,5.241156
47.60118,5.23884
47.7857,5.234405
47.97023,5.230209
48.15475,5.226225
48.33928,5.22243
48.5238,5.218806
48.70833,5.215336
48.89285,5.212007
49.07738,5.208805
49.2619,5.205721
49.44643,5.202745
49.63095,5.199868
49.81548,5.197084
50.0,5.194386
50.19532,5.191617
50.39063,5.188932
50.78125,5.183789
51.17188,5.17892
51.5625,5.174291
51.95313,5.169877
52.34375,5.165655
52.73438,5.161606
53.125,5.157712
53.51563,5.15396
53.90625,5.150338
54.29688,5.146833
54.6875,5.143436
55.07813,5.140138
55.46875,5.136932
55.85938,5.133811
56.25,5.130768
57.03125,5.124894
57.8125,5.119271
58.59375,5.113865
59.375,5.108647
60.15625,5.103595
60.9375,5.098686
61.71875,5.093904
62.5,5.089231
63.28125,5.084655
64.0625,5.080162
64.84375,5.075742
65.625,5.071384
66.40625,5.06708
67.1875,5.062821
68.75,5.05441
70.3125,5.046096
71.875,5.037834
73.4375,5.029581
75.0,5.021301
76.5625,5.012959
78.125,5.004521
79.6875,4.995956
81.25,4.987233
82.8125,4.978321
84.375,4.969187
85.9375,4.959797
87.5,4.950118
89.0625,4.940111
90.625,4.929736
92.1875,4.918949
93.75,4.907702
95.3125,4.895939
96.875,4.8836
98.4375,4.870616
100.0,4.856909
101.1551,4.846257
102.3102,4.835119
103.4653,4.823446
104.6203,4.811189
105.7754,4.798284
106.9304,4.784665
108.0855,4.770252
109.2405,4.754958
110.3956,4.738675
110.9732,4.730126
111.5507,4.721283
112.1283,4.712127
112.7058,4.702639
113.2833,4.692796
113.8608,4.682574
114.4384,4.671946
115.0159,4.660885
115.5934,4.649357
116.1709,4.63733
116.7485,4.62476
117.326,4.61161
117.9035,4.59783
118.481,4.583367
119.0586,4.568159
119.6361,4.552144
120.2137,4.535243
120.7912,4.517377
121.3688,4.498444
121.9463,4.478341
122.5238,4.456941
122.8126,4.445709
123.1013,4.434101
123.3901,4.422087
123.6789,4.40965
123.9677,4.396764
124.2564,4.383407
124.5452,4.369542
124.8339,4.355145
125.1227,4.340173
125.4114,4.324601
125.7002,4.308376
125.989,4.29146
126.2778,4.273806
126.5665,4.255368
126.8553,4.236075
127.144,4.21588
127.4328,4.194697
127.7215,4.172467
128.0103,4.14909
128.2991,4.124481
128.5879,4.098537
128.8766,4.071154
129.1654,4.042187
129.4542,4.011502
129.5986,3.995468
129.743,3.978944
129.8874,3.961909
130.0317,3.94435
130.1761,3.926218
130.3205,3.907498
130.4649,3.888163
130.6093,3.868183
130.7537,3.847526
130.8981,3.82616
131.0425,3.80405
131.1868,3.781174
131.3312,3.757464
131.4756,3.732895
131.62,3.707424
131.7643,3.681026
131.9087,3.65362
132.0531,3.625177
132.1975,3.59565
132.3418,3.565014
132.4862,3.533178
132.6306,3.50012
132.775,3.465797
132.9194,3.430176
133.0638,3.39323
133.2082,3.354947
133.2804,3.335306
133.3526,3.315335
133.4248,3.295041
133.4969,3.27446
133.5691,3.253545
133.6413,3.232341
133.7135,3.210864
133.7857,3.18914
133.8579,3.167197
133.9301,3.145073
134.0023,3.122811
134.0744,3.100498
134.1466,3.07814
134.2188,3.055846
134.291,3.033717
134.3632,3.011871
134.4354,2.99045
134.5076,2.969629
134.5798,2.949617
134.6519,2.930693
134.7241,2.913112
134.7963,2.897274
134.8685,2.883636
134.9407,2.872752
135.0129,2.865303
135.0851,2.862129
135.1212,2.86246
135.1573,2.864265
135.1934,2.867715
135.2295,2.872998
135.2656,2.880325
135.3017,2.889933
135.3378,2.902088
135.3739,2.917088
135.41,2.935271
135.4461,2.957016
135.4822,2.982753
135.5183,3.012968
135.5544,3.048213
135.5905,3.089119
135.6266,3.136403
135.6627,3.190885
135.6988,3.253508
135.7349,3.325356
135.771,3.407678
135.807,3.501642
135.8431,3.609448
135.8792,3.73281
135.9153,3.874018
135.9514,4.035765
135.9875,4.221225
136.0236,4.434161
136.0597,4.679054
136.0778,4.815511
136.0958,4.961267
136.1139,5.118787
136.1319,5.287256
136.15,5.469569
136.168,5.664835
136.1861,5.876476
136.2041,6.103528
136.2222,6.35005
136.2402,6.615013
136.2583,6.903263
136.2763,7.213722
136.2944,7.552212
136.3124,7.91763
136.3305,8.317021
136.3485,8.749309
136.3665,9.220354
136.3845,9.734393
136.4026,10.29949
136.4206,10.91489
136.4387,11.59374
136.4567,12.3357
136.4748,13.15728
136.4928,14.05888
136.5109,15.06151
136.5289,16.16677
136.547,17.40181
136.556,18.06735
136.565,18.77021
136.5741,19.5215
136.5831,20.30755
136.5921,21.13948
136.6011,22.02065
136.6102,22.96539
136.6192,23.95696
136.6282,25.00978
136.6372,26.1286
136.6463,27.33227
136.6553,28.60006
136.6643,29.95106
136.6733,31.39213
136.6824,32.94849
136.6914,34.59433
136.7004,36.35537
136.7094,38.24174
136.7185,40.28794
136.7275,42.46153
136.7365,44.79797
136.7455,47.31257
136.7546,50.05359
136.7636,52.97991
136.7726,56.14164
136.7816,59.56235
136.7907,63.31125
136.7997,67.33569
136.8087,71.70821
136.8177,76.46575
136.8268,81.70986
136.8358,87.37212
136.8448,93.5597
136.8538,100.3308
136.8629,107.8368
136.8719,115.9859
136.8809,124.9376
136.8899,134.7811
136.899,145.7407
136.908,157.6833
136.917,170.8384
136.926,185.3273
136.935,201.2749
136.944,218.805
136.953,238.0332
136.962,259.0568
136.9694,277.7345
136.9768,297.68
136.9842,318.8705
136.9915,340.929
136.9989,364.3386
137.0063,388.6137
137.021,438.2437
137.0284,463.1252
137.0358,487.2425
137.0432,509.9737
137.0505,530.386
137.0579,548.3689
137.0653,562.9922
137.0727,573.7192
137.08,580.1049
137.0874,582.126
137.0948,579.6709
137.1022,572.9474
137.1095,562.507
137.1169,548.5746
137.1243,531.8662
137.1317,513.0112
137.139,492.9084
137.1538,449.7584
137.1685,406.607
137.1759,385.5647
137.1833,365.2538
137.1907,345.8053
137.198,327.5445
137.2034,314.6536
137.2087,302.5193
137.2141,290.6835
137.2194,279.5788
137.2248,268.7763
137.2301,258.6632
137.2354,249.0199
137.2407,239.8299
137.2461,230.9146
137.2514,222.5857
137.2568,214.5096
137.2621,206.9668
137.2675,199.6535
137.2728,192.8224
137.2781,186.3174
137.2834,180.1217
137.2888,174.1104
137.2941,168.4905
137.3048,157.9304
137.3155,148.3284
137.3261,139.6613
137.3368,131.6757
137.3474,124.4418
137.3581,117.7522
137.3687,111.6696
137.3794,106.0235
137.3901,100.824
137.4008,96.02671
137.4114,91.63251
137.4221,87.52391
137.4327,83.74741
137.4434,80.2044
137.454,76.93703
137.4647,73.86187
137.4754,70.99121
137.4861,68.30745
137.4967,65.81753
137.5074,63.46038
137.518,61.26751
137.5287,59.18609
137.5393,57.2448
137.55,55.39761
137.5607,53.65484
137.5714,52.00868
137.582,50.46622
137.5927,48.99196
137.6033,47.60766
137.614,46.28189
137.6246,45.03458
137.6353,43.83774
137.646,42.69928
137.6673,40.59202
137.6886,38.67473
137.7099,36.92479
137.7313,35.31563
137.7526,33.8456
137.7739,32.49251
137.7952,31.24394
137.8166,30.08386
137.8379,29.01366
137.8592,28.01943
137.8805,27.09391
137.9019,26.22678
137.9232,25.42045
137.9446,24.66228
137.9659,23.95485
137.9873,23.28749
138.0086,22.66285
138.0299,22.07451
138.0512,21.5196
138.0726,20.99312
138.0939,20.49764
138.1152,20.02852
138.1365,19.58383
138.1579,19.15988
138.1792,18.75905
138.2005,18.37785
138.2218,18.01495
138.2645,17.33781
138.3071,16.72222
138.3498,16.15803
138.3924,15.64171
138.4351,15.16555
138.4777,14.72727
138.5204,14.32089
138.563,13.94491
138.6057,13.5946
138.6484,13.2683
138.6911,12.96372
138.7337,12.6795
138.7764,12.41252
138.819,12.16249
138.8617,11.92682
138.9043,11.70537
138.947,11.496
138.9896,11.29867
139.0323,11.11157
139.0749,10.93476
139.1176,10.76667
139.1602,10.60744
139.2029,10.4557
139.2455,10.31163
139.2882,10.17404
139.3308,10.04313
139.3735,9.917855
139.4161,9.798428
139.5014,9.574587
139.5867,9.369119
139.672,9.179909
139.7573,9.005149
139.8426,8.843284
139.9279,8.692968
140.0133,8.552878
140.0986,8.422321
140.1839,8.300237
140.2692,8.185841
140.3545,8.078443
140.4398,7.977429
140.5251,7.882255
140.6104,7.792435
140.6957,7.707537
140.781,7.627171
140.8663,7.550987
140.9516,7.478671
141.0369,7.409937
141.1222,7.344528
141.2075,7.282209
141.2928,7.222768
141.3782,7.165946
141.4635,7.111697
141.5488,7.059792
141.6341,7.010082
141.8047,6.916712
141.9753,6.83062
142.1459,6.75098
142.3165,6.677089
142.4871,6.608337
142.6577,6.5442
142.8284,6.484186
142.999,6.427966
143.1696,6.375152
143.3402,6.325435
143.5108,6.278543
143.6814,6.234232
143.852,6.192288
144.0226,6.152517
144.1933,6.114725
144.3639,6.078801
144.5345,6.044583
144.7051,6.011944
144.8757,5.980771
145.0463,5.950958
145.2169,5.922413
145.3875,5.895049
145.5582,5.868771
145.7288,5.84354
145.8994,5.819273
146.07,5.79591
146.4112,5.751676
146.7524,5.710441
147.0937,5.671856
147.4349,5.635651
147.7761,5.601562
148.1173,5.569369
148.4586,5.538871
148.7998,5.509919
149.141,5.482353
149.4822,5.456042
149.8235,5.430861
150.1647,5.406721
150.5059,5.383519
150.8471,5.361171
151.1884,5.339595
151.5296,5.318734
151.8708,5.298518
152.212,5.27889
152.5533,5.259791
152.8945,5.241185
153.5769,5.205256
154.2594,5.170771
154.9418,5.137463
155.6243,5.105074
156.3067,5.073394
156.9892,5.042211
157.6716,5.011348
158.3541,4.980618
159.0365,4.94986
159.719,4.918897
160.4015,4.887567
161.084,4.855697
161.7664,4.823116
162.4489,4.789627
163.1313,4.75504
163.8138,4.719125
164.155,4.7006
164.4962,4.681652
164.8375,4.662241
165.1787,4.642341
165.5199,4.621908
165.8611,4.600899
166.2024,4.579264
166.5436,4.556966
166.8848,4.533948
167.226,4.510153
167.5673,4.485513
167.9085,4.459976
168.2497,4.433464
168.5909,4.405898
168.9322,4.377184
169.2734,4.347245
169.6146,4.315969
169.9558,4.283243
170.2971,4.248931
170.6383,4.212915
170.9795,4.175031
171.3207,4.135107
171.662,4.092941
172.0032,4.048344
172.1738,4.025056
172.3444,4.001065
172.515,3.976338
172.6856,3.950837
172.8563,3.924509
173.0269,3.897344
173.1975,3.869282
173.3681,3.840278
173.5387,3.810283
173.7093,3.779244
173.8799,3.747107
174.0505,3.713814
174.2212,3.679281
174.3918,3.643485
174.5624,3.606336
174.733,3.567762
174.9036,3.527687
175.0742,3.486029
175.2448,3.442708
175.4154,3.397636
175.5861,3.350697
175.7567,3.301859
175.9273,3.251005
176.0979,3.198051
176.2685,3.14292
176.4391,3.085545
176.5244,3.056
176.6097,3.025878
176.695,2.995178
176.7803,2.9639
176.8657,2.932012
176.951,2.899596
177.0363,2.866628
177.1216,2.833126
177.2069,2.799116
177.2922,2.76463
177.3775,2.729711
177.4628,2.694413
177.5481,2.658805
177.6334,2.622972
177.7187,2.58702
177.804,2.55108
177.8893,2.515313
177.9746,2.479915
178.0599,2.44513
178.1452,2.411253
178.2306,2.378611
178.3159,2.347729
178.4012,2.319116
178.4865,2.29345
178.5718,2.271568
178.6571,2.254506
178.6998,2.248168
178.7424,2.243556
178.7851,2.240862
178.8277,2.240334
178.8704,2.24224
178.913,2.246869
178.9557,2.254583
178.9983,2.265726
179.041,2.280784
179.0836,2.300172
179.1263,2.324536
179.1689,2.354391
179.2116,2.390593
179.2542,2.433791
179.2969,2.485124
179.3395,2.545424
179.3822,2.616213
179.4248,2.698582
179.4675,2.79457
179.5101,2.905641
179.5528,3.034551
179.5955,3.183678
179.6382,3.356097
179.6595,3.451916
179.6808,3.554931
179.7022,3.666236
179.7235,3.785397
179.7448,3.913575
179.7661,4.051492
179.7875,4.200661
179.8088,4.360555
179.8301,4.532798
179.8514,4.718432
179.8728,4.919582
179.8941,5.135642
179.9154,5.368916
179.9367,5.62095
179.9581,5.89479
179.9794,6.189788
180.0007,6.509291
180.022,6.855658
180.0434,7.233361
180.0647,7.641826
180.086,8.086051
180.1073,8.569748
180.1287,9.099684
180.15,9.675647
180.1713,10.30535
180.1926,10.99487
180.214,11.75482
180.2353,12.58602
180.2566,13.5009
180.2779,14.50983
180.2993,15.63027
180.3206,16.86565
180.3313,17.53644
180.3419,18.23701
180.3526,18.983
180.3632,19.76309
180.3739,20.59485
180.3846,21.47425
180.3953,22.40469
180.4059,23.38039
180.4166,24.42373
180.4272,25.5195
180.4379,26.6931
180.4485,27.9277
180.4592,29.25224
180.4699,30.66165
180.4806,32.16274
180.4912,33.7476
180.5019,35.45429
180.5125,37.25982
180.5232,39.20816
180.5338,41.27374
180.5445,43.50764
180.5552,45.90458
180.5659,48.47956
180.5765,51.22244
180.5872,54.20343
180.5978,57.38711
180.6085,60.8565
180.6191,64.57215
180.6298,68.63295
180.6405,73.03779
180.6512,77.82333
180.6618,82.98013
180.6725,88.65173
180.6831,94.78373
180.6938,101.551
180.7044,108.8931
180.7151,117.0246
180.7258,125.9662
180.7365,135.8168
180.7471,146.5816
180.7578,158.5902
180.7631,165.007
180.7684,171.7594
180.7738,179.0057
180.7791,186.4993
180.7844,194.3942
180.7897,202.7144
180.7951,211.6557
180.8004,220.9143
180.8058,230.8694
180.8111,241.1823
180.8165,252.2748
180.8218,263.7688
180.8271,275.8977
180.8324,288.6959
180.8378,302.4599
180.8431,316.7159
180.8484,331.7469
180.8537,347.5872
180.8591,364.5926
180.8644,382.1642
180.8697,400.6356
180.875,420.0291
180.8829,450.6797
180.8907,483.0014
180.8985,517.332
180.9063,553.5641
180.9141,591.5001
180.9219,630.8321
180.9375,711.7884
180.9454,752.606
180.9532,791.6507
180.961,828.4388
180.9688,861.8883
180.9766,890.9052
180.9844,914.4651
180.9922,931.7027
181.0,941.9937
181.0079,945.0096
181.0157,940.6905
181.0235,929.4668
181.0313,911.9669
181.0391,889.0326
181.0469,861.6359
181.0547,830.7964
181.0625,797.5096
181.0782,726.6921
181.0938,656.0006
181.1016,621.8096
181.1094,588.8281
181.1172,557.2628
181.125,527.242
181.1343,493.5554
181.1435,462.5072
181.1527,433.682
181.1619,406.9952
181.1712,382.0777
181.1804,359.3375
181.1896,338.3624
181.1988,319.0187
181.2081,300.9902
181.2173,284.5392
181.2265,269.3475
181.2357,255.3068
181.2449,242.3172
181.2541,230.287
181.2633,219.1327
181.2725,208.7781
181.2818,199.0532
181.291,190.1039
181.3002,181.765
181.3094,173.9852
181.3187,166.6414
181.3279,159.8491
181.3371,153.4885
181.3463,147.5249
181.3556,141.868
181.3648,136.6106
181.374,131.6642
181.3832,127.0051
181.3924,122.6118
181.4016,118.465
181.4108,114.5465
181.42,110.8403
181.4293,107.2941
181.4385,103.9706
181.4477,100.818
181.4569,97.82472
181.4662,94.95019
181.4754,92.24638
181.4938,87.22077
181.5123,82.62894
181.5307,78.46605
181.5491,74.65962
181.5675,71.16961
181.586,67.94472
181.6044,64.98967
181.6228,62.2602
181.6412,59.73348
181.6597,57.37724
181.6781,55.1993
181.6965,53.17091
181.7149,51.27837
181.7334,49.5002
181.7518,47.84473
181.7703,46.2842
181.7887,44.82679
181.8072,43.44884
181.8256,42.15825
181.844,40.94108
181.8624,39.79167
181.8809,38.69917
181.8993,37.67072
181.9177,36.69606
181.9361,35.77134
181.9546,34.88844
181.973,34.0537
182.0098,32.50259
182.0467,31.08896
182.0836,29.79978
182.1205,28.62026
182.1573,27.54057
182.1942,26.54403
182.231,25.62677
182.2679,24.77571
182.3047,23.98849
182.3416,23.2547
182.3785,22.57118
182.4154,21.93319
182.4522,21.33813
182.4891,20.77908
182.526,20.25441
182.5629,19.7612
182.5997,19.29806
182.6366,18.86014
182.6735,18.44663
182.7104,18.05563
182.7472,17.68642
182.7841,17.33545
182.8209,17.00322
182.8578,16.68666
182.8946,16.38634
182.9315,16.09957
182.9684,15.82622
183.0053,15.56542
183.0421,15.317
183.1158,14.85167
183.1895,14.425
183.2633,14.03202
183.337,13.66998
183.4107,13.33503
183.4844,13.02435
183.5582,12.73509
183.6319,12.46589
183.7057,12.21413
183.7794,11.97884
183.8532,11.75792
183.9269,11.55067
184.0006,11.35565
184.0743,11.17182
184.1481,10.99805
184.2218,10.83398
184.2955,10.67865
184.3692,10.53138
184.443,10.3914
184.5167,10.25853
184.5904,10.13211
184.6641,10.01167
184.7379,9.896661
184.8116,9.787021
184.8854,9.682111
184.9591,9.581905
185.0329,9.485843
185.1066,9.393923
185.254,9.22116
185.4015,9.061658
185.5489,8.914161
185.6964,8.777202
185.8438,8.649869
185.9913,8.531038
186.1388,8.419966
186.2863,8.315924
186.4337,8.218336
186.5812,8.126501
186.7286,8.040044
186.8761,7.958399
187.0235,7.881281
187.171,7.808227
187.3185,7.738972
187.466,7.673227
187.6134,7.610774
187.7609,7.551292
187.9083,7.494651
188.0558,7.440578
188.2032,7.388971
188.3507,7.3396
188.4982,7.292353
188.6457,7.247095
188.7931,7.203732
188.9406,7.162089
189.088,7.122121
189.3829,7.046715
189.6778,6.976825
189.9727,6.911862
190.2676,6.851315
190.5625,6.794743
190.8575,6.741743
191.1524,6.692013
191.4473,6.64524
191.7422,6.60116
192.0372,6.559529
192.3321,6.520169
192.627,6.482881
192.9219,6.447502
193.2169,6.413873
193.5118,6.381883
193.8067,6.351402
194.1016,6.32232
194.3966,6.294532
194.6915,6.267965
194.9864,6.24253
195.2813,6.218151
195.5763,6.194754
195.8712,6.172293
196.1661,6.1507
196.461,6.129926
197.0509,6.090632
197.6407,6.05408
198.2306,6.019963
198.8204,5.988037
199.4102,5.958078
200.0,5.929892
200.5185,5.906446
201.0369,5.884145
201.5554,5.862889
202.0738,5.842607
202.5923,5.823216
203.1107,5.80466
203.6291,5.786875
204.1475,5.769806
204.666,5.753401
205.1844,5.737622
205.7029,5.722421
206.2213,5.707767
206.7398,5.69362
207.2582,5.679954
208.295,5.65394
209.3319,5.629514
210.3688,5.606501
211.4057,5.584747
212.4425,5.564121
213.4794,5.544505
214.5162,5.525801
215.5531,5.507917
216.5899,5.490776
217.6268,5.474306
218.6637,5.458447
219.7006,5.443141
220.7374,5.428341
221.7743,5.413999
222.8112,5.400074
223.8481,5.38653
224.8849,5.373334
225.9218,5.360452
226.9587,5.347857
229.0324,5.323426
231.1061,5.299851
233.1798,5.27697
235.2536,5.254639
237.3273,5.232734
239.4011,5.211137
241.4748,5.189745
243.5486,5.168459
245.6223,5.147189
247.696,5.125846
249.7697,5.104343
251.8435,5.082596
253.9172,5.060522
255.9909,5.038033
258.0646,5.015042
260.1384,4.991456
262.2121,4.96718
264.2858,4.94211
266.3595,4.916137
268.4333,4.889138
270.507,4.860985
272.5808,4.831533
274.6545,4.800623
276.7283,4.768074
278.802,4.733688
279.8389,4.715735
280.8757,4.697236
281.9126,4.678155
282.9494,4.658459
283.9863,4.638106
285.0232,4.617058
286.0601,4.595268
287.0969,4.572693
288.1338,4.549276
289.1707,4.524963
290.2076,4.499695
291.2444,4.473408
292.2813,4.446026
293.3182,4.417475
294.3551,4.38767
295.3919,4.356522
296.4288,4.323925
297.4656,4.289774
298.5025,4.253942
299.5393,4.216303
300.5762,4.176702
301.6131,4.134981
302.65,4.090961
303.6868,4.044448
304.7237,3.995212
305.7606,3.943014
306.2791,3.915717
306.7975,3.887581
307.3159,3.858562
307.8343,3.828618
308.3528,3.7977
308.8712,3.765776
309.3897,3.732784
309.9081,3.698687
310.4266,3.663418
310.945,3.626937
311.4634,3.589177
311.9818,3.550077
312.5003,3.509566
313.0187,3.467592
313.5371,3.42408
314.0555,3.378958
314.574,3.332146
315.0924,3.283588
315.6108,3.233202
316.1292,3.180918
316.6477,3.126659
317.1661,3.070385
317.6846,3.012023
318.203,2.951564
318.7215,2.888971
318.9807,2.85689
319.2399,2.82429
319.4991,2.791181
319.7583,2.757577
320.0175,2.723495
320.2767,2.688961
320.536,2.653991
320.7952,2.618651
321.0544,2.582973
321.3136,2.547018
321.5728,2.510854
321.832,2.474569
322.0912,2.438266
322.3504,2.402071
322.6097,2.366119
322.8689,2.330621
323.1281,2.29578
323.3873,2.261856
323.6465,2.229164
323.9057,2.19808
324.1649,2.169059
324.4241,2.142649
324.6834,2.119505
324.9426,2.100448
325.2018,2.086445
325.461,2.078688
325.7203,2.07864
325.9795,2.0881
326.1091,2.097069
326.2387,2.109286
326.3683,2.125116
326.4979,2.144964
326.6276,2.169306
326.7572,2.198614
326.8868,2.233479
327.0164,2.274547
327.146,2.322547
327.2756,2.378301
327.4052,2.442743
327.5348,2.516932
327.6644,2.602075
327.794,2.699547
327.9236,2.810923
328.0532,2.938008
328.1828,3.082883
328.3124,3.247947
328.442,3.435979
328.5716,3.65021
328.6365,3.768491
328.7013,3.894608
328.7661,4.029308
328.8309,4.173213
328.8957,4.326997
328.9605,4.491393
329.0253,4.667197
329.0901,4.855279
329.1549,5.056585
329.2197,5.27215
329.2845,5.503105
329.3493,5.750688
329.4141,6.016258
329.4789,6.301307
329.5437,6.607475
329.6085,6.936569
329.6733,7.290584
329.7381,7.671723
329.8029,8.082428
329.8677,8.525406
329.9325,9.003665
329.9973,9.520556
330.0621,10.07982
330.1269,10.68563
330.1917,11.34268
330.2565,12.05623
330.3213,12.8322
330.3861,13.6773
330.4509,14.59909
330.5157,15.60618
330.5805,16.70835
330.6453,17.91679
330.7102,19.24646
330.775,20.708
330.8398,22.32035
330.9046,24.10321
330.937,25.06558
330.9694,26.07943
331.0018,27.14823
331.0342,28.27573
331.0666,29.466
331.099,30.72343
331.1314,32.05284
331.1638,33.45942
331.1962,34.94887
331.2286,36.52738
331.261,38.20173
331.2934,39.97931
331.3258,41.86824
331.3582,43.87742
331.3906,46.01663
331.423,48.29664
331.4554,50.7293
331.4878,53.32773
331.5202,56.10642
331.5526,59.08142
331.585,62.27059
331.6174,65.69376
331.6498,69.37305
331.6822,73.33317
331.7146,77.60178
331.747,82.20991
331.7794,87.19246
331.8118,92.58876
331.8442,98.44328
331.8766,104.8063
331.909,111.7352
331.9414,119.2949
331.9738,127.5598
332.0062,136.6153
332.0386,146.559
332.071,157.5037
332.1034,169.5797
332.1358,182.9381
332.152,190.1518
332.1682,197.7542
332.1844,205.7717
332.2006,214.2329
332.2168,223.1691
332.233,232.6138
332.2492,242.6034
332.2654,253.1777
332.2816,264.3794
332.2978,276.2553
332.314,288.856
332.3302,302.2366
332.3464,316.4569
332.3626,331.5822
332.3788,347.6833
332.395,364.8374
332.4112,383.1285
332.4274,402.6479
332.4436,423.4949
332.4598,445.7776
332.476,469.613
332.4922,495.1281
332.5084,522.4604
332.5246,551.758
332.5408,583.1806
332.557,616.899
332.5732,653.0954
332.5894,691.9626
332.6056,733.7032
332.6218,778.5273
332.638,826.6502
332.6542,878.2879
332.6704,933.6513
332.6866,992.9385
332.7028,1056.324
332.719,1123.947
332.7366,1202.311
332.7542,1285.78
332.7718,1374.216
332.7893,1466.754
332.8069,1563.891
332.8244,1663.681
332.8595,1868.383
332.8771,1969.813
332.8947,2067.467
332.9123,2158.727
332.9298,2240.357
332.9474,2310.502
332.9649,2365.801
332.9825,2404.744
333.0,2425.403
333.0176,2427.32
333.0352,2410.502
333.0528,2375.97
333.0703,2325.802
333.0879,2261.692
333.1054,2186.931
333.123,2103.343
333.1405,2014.448
333.1757,1827.357
333.2108,1641.722
333.2284,1552.189
333.2459,1466.589
333.2635,1384.437
333.281,1306.955
333.2974,1238.271
333.3137,1173.787
333.3301,1112.658
333.3464,1055.528
333.3628,1001.559
333.3791,951.25
333.3954,904.0903
333.4117,859.9024
333.4281,818.2618
333.4444,779.4993
333.4607,743.1815
333.477,709.1442
333.4934,677.0417
333.5097,647.1175
333.526,619.0309
333.5423,592.6525
333.5587,567.7142
333.575,544.4073
333.5913,522.4711
333.6076,501.809
333.624,482.2159
333.6403,463.8479
333.6566,446.5057
333.6729,430.119
333.6893,414.5304
333.7056,399.8697
333.7219,385.9838
333.7382,372.8213
333.7546,360.2605
333.7709,348.4105
333.8035,326.4482
333.8362,306.5088
333.8689,288.4127
333.9016,271.9443
333.9342,256.9616
333.9669,243.212
333.9995,230.6407
334.0322,219.0493
334.0648,208.403
334.0975,198.5436
334.1301,189.4503
334.1628,180.9954
334.1954,173.1675
334.2281,165.8624
334.2607,159.0752
334.2934,152.72
334.326,146.7961
334.3587,141.2319
334.3914,136.0145
334.4241,131.1153
334.4567,126.5224
334.4894,122.1844
334.522,118.1072
334.5547,114.247
334.5873,110.6101
334.62,107.1589
334.6526,103.9003
334.6853,100.8014
334.7179,97.86949
334.7832,92.42748
334.8485,87.49858
334.9138,83.01893
334.9791,78.93433
335.0444,75.1986
335.1097,71.77212
335.175,68.62079
335.2403,65.71513
335.3056,63.02953
335.3709,60.54166
335.4363,58.22857
335.5016,56.08017
335.5669,54.07766
335.6322,52.20769
335.6975,50.45841
335.7628,48.81928
335.8281,47.2809
335.8934,45.83489
335.9588,44.47167
336.0241,43.18864
336.0894,41.97757
336.1547,40.83295
336.22,39.7498
336.2853,38.72362
336.3506,37.75029
336.4159,36.8261
336.4813,35.94633
336.5466,35.11056
336.6772,33.55574
336.8078,32.14026
336.9384,30.84719
337.069,29.66215
337.1996,28.57286
337.3302,27.56876
337.4608,26.64075
337.5915,25.78029
337.7221,24.98182
337.8527,24.23865
337.9833,23.5455
338.114,22.89725
338.2446,22.29078
338.3752,21.72194
338.5058,21.18749
338.6365,20.68418
338.7671,20.21018
338.8977,19.7628
339.0283,19.33993
339.1589,18.93972
339.2895,18.56046
339.4201,18.20062
339.5507,17.8588
339.6814,17.5335
339.812,17.22406
339.9426,16.92917
340.0732,16.64786
340.3344,16.12257
340.5956,15.64195
340.8569,15.20056
341.1181,14.79426
341.3793,14.41901
341.6405,14.07149
341.9018,13.74872
342.163,13.44845
342.4243,13.16825
342.6855,12.90645
342.9468,12.66115
343.208,12.43105
343.4692,12.21474
343.7304,12.01105
343.9917,11.81887
344.2529,11.63739
344.5141,11.46572
344.7753,11.30309
345.0366,11.14878
345.2978,11.00227
345.559,10.86296
345.8202,10.73033
346.0815,10.60389
346.3427,10.4833
346.604,10.3681
346.8652,10.25802
347.1265,10.15265
347.3877,10.05177
347.9101,9.86233
348.4326,9.687686
348.955,9.526259
349.4775,9.37657
349.9999,9.237453
350.0001,7.525475
375.0001,7.469173
400.0,7.416888
425.0,7.36747
450.0,7.321179
475.0,7.277659
500.0,7.236611
525.0,7.197374
550.0,7.16016
600.0,7.091071
650.0,7.027823
700.0,6.969768
720.0,6.947809
785.0,6.880944
850.0,6.819971
925.0,6.756128
1000.0,6.697795
1062.5,6.653466
1125.0,6.611941
1187.5,6.5729
1250.0,6.536075
1375.0,6.470052
1500.0,6.41036
1600.0,6.367809
1700.0,6.328096
1850.0,6.27532
2000.0,6.227051
2125.0,6.181983
2250.0,6.13979
2375.0,6.100144
2500.0,6.062769
2726.5,6.00735
2794.8,5.991633
2863.2,5.976313
3000.0,5.946852
3250.0,5.902923
3500.0,5.86254
3750.0,5.82998
4000.0,5.799686
4250.0,5.77714
4500.0,5.755963
5000.0,5.717131
5500.0,5.697046
6000.0,5.678771
6500.0,5.669249
7000.0,5.660447
7200.0,5.658617
8000.0,5.657244
8500.0,5.656454
9250.0,5.6629
10000.0,5.66885
10625.0,5.678102
11250.0,5.686838
11875.0,5.695114
12500.0,5.702977
13125.0,5.715339
13750.0,5.72715
15000.0,5.749308
16000.0,5.770549
17000.0,5.790573
18500.0,5.824202
20000.0,5.855381
21250.0,5.880998
22500.0,5.905253
23750.0,5.928288
25000.0,5.950224
26250.0,5.975022
27500.0,5.998763
28750.0,6.021537
30000.0,6.043422
32500.0,6.082872
35000.0,6.119626
37500.0,6.156477
40000.0,6.19115
42500.0,6.22574
45000.0,6.25853
47500.0,6.289705
50000.0,6.319424
52500.0,6.348175
55000.0,6.375711
57500.0,6.402133
60000.0,6.427534
65000.0,6.475825
70000.0,6.520858
72000.0,6.559597
76000.0,6.640415
80000.0,6.718007
85000.0,6.810884
92499.95,6.960294
99999.9,7.100951
100000.1,7.12257
112500.0,7.10541
125000.0,7.02804
127500.0,7.037285
130000.0,7.04653
137430.0,7.08903
137434.2,7.089018
150000.0,7.05461
176010.0,6.98979
215690.0,6.86853
215693.8,6.868517
240530.0,6.78192
240534.9,6.781898
300420.0,6.51545
349800.0,6.33382
408060.0,6.10223
408061.1,6.102224
410080.0,6.09165
410080.7,6.091647
436340.0,5.96437
506110.0,5.67051
506112.9,5.6705
540650.0,5.54897
553570.0,5.50313
553573.6,5.503116
560040.0,5.47845
563170.0,5.46602
568420.0,5.44678
573770.0,5.42573
597800.0,5.33399
597802.9,5.33398
628100.0,5.2277
660110.0,5.12554
667980.0,5.10235
667984.1,5.102338
704030.0,5.0002
704034.1,5.00019
800000.0,4.76556
900000.0,4.55005
1000000.0,4.3471
1250000.0,3.87789
1500000.0,3.46101
1750000.0,3.09896
1895500.0,2.9133
2000000.0,2.79119
2250000.0,2.53432
2500000.0,2.32349
2750000.0,2.15365
3000000.0,2.01949
3250000.0,1.91652
3500000.0,1.84032
3754200.0,1.78663
4000000.0,1.7467
4250000.0,1.70478
4500000.0,1.68218
4750000.0,1.6804
5000000.0,1.69465
5250000.0,1.71654
5500000.0,1.74638
5750000.0,1.7844
6000000.0,1.8241
6250000.0,1.862
6293500.0,1.868
6500000.0,1.8971
6750000.0,1.9306
7000000.0,1.9635
7250000.0,1.9968
7500000.0,2.0303
7750000.0,2.0633
7831400.0,2.074
7877900.0,2.0801
8000000.0,2.0963
8250000.0,2.1283
8500000.0,2.1591
8750000.0,2.1857
9000000.0,2.2082
9250000.0,2.2264
9500000.0,2.2474
9750000.0,2.2653
10078000.0,2.2718
10200000.0,2.273
10307000.0,2.2739
10500000.0,2.2741
10711000.0,2.2728
11000000.0,2.2687
11250000.0,2.2629
11500000.0,2.2553
11750000.0,2.2461
12000000.0,2.2353
12250000.0,2.2228
12500000.0,2.2093
12750000.0,2.1944
13000000.0,2.1786
13250000.0,2.1617
13500000.0,2.1441
13750000.0,2.1257
14000000.0,2.1068
14250000.0,2.0875
14500000.0,2.0675
14750000.0,2.0473
15000000.0,2.0269
15250000.0,2.0065
15605000.0,1.9772
15750000.0,1.9653
16000000.0,1.9448
16250000.0,1.9245
16500000.0,1.9044
16750000.0,1.8846
17000000.0,1.8651
17250000.0,1.846
17500000.0,1.8272
17750000.0,1.809
18000000.0,1.7913
18250000.0,1.774
18500000.0,1.7574
18750000.0,1.7413
19000000.0,1.7258
19250000.0,1.711
19500000.0,1.6968
19750000.0,1.68318
20000000.0,1.67039
