1e-05,4.069
1.03125e-05,4.069
1.0625e-05,4.069
1.09375e-05,4.069
1.125e-05,4.069
1.15625e-05,4.069
1.1875e-05,4.069
1.25e-05,4.069
1.3125e-05,4.069
1.375e-05,4.069
1.4375e-05,4.069
1.5e-05,4.069
1.5625e-05,4.069
1.625e-05,4.069
1.6875e-05,4.069
1.75e-05,4.069
1.8125e-05,4.069
1.875e-05,4.069
1.9375e-05,4.069
2e-05,4.069
2.09375e-05,4.069
2.1875e-05,4.069
2.28125e-05,4.069
2.375e-05,4.069
2.46875e-05,4.069
2.5625e-05,4.069
2.65625e-05,4.069
2.75e-05,4.069
2.84375e-05,4.069
2.9375e-05,4.069
3.03125e-05,4.069
3.125e-05,4.069
3.21875e-05,4.069
3.3125e-05,4.069
3.40625e-05,4.069
3.5e-05,4.069
3.6875e-05,4.069
3.875e-05,4.069
4.0625e-05,4.069
4.25e-05,4.069
4.4375e-05,4.069
4.625e-05,4.069
4.8125e-05,4.069
5e-05,4.069
5.15625e-05,4.069
5.3125e-05,4.069
5.46875e-05,4.069
5.625e-05,4.069
5.78125e-05,4.069
5.9375e-05,4.069
6.25e-05,4.069
6.5625e-05,4.069
6.875e-05,4.069
7.1875e-05,4.069
7.5e-05,4.069
7.8125e-05,4.069
8.125e-05,4.069
8.4375e-05,4.069
8.75e-05,4.069
9.0625e-05,4.069
9.375e-05,4.069
9.6875e-05,4.069
0.0001,4.069
0.000103125,4.069
0.00010625,4.069
0.000109375,4.069
0.0001125,4.069
0.000115625,4.069
0.00011875,4.069
0.000125,4.069
0.00013125,4.069
0.0001375,4.069
0.00014375,4.069
0.00015,4.069
0.00015625,4.069
0.0001625,4.069
0.00016875,4.069
0.000175,4.069
0.00018125,4.069
0.0001875,4.069
0.00019375,4.069
0.0002,4.069
0.000209375,4.069
0.00021875,4.069
0.000228125,4.069
0.0002375,4.069
0.000246875,4.069
0.00025625,4.069
0.000265625,4.069
0.000275,4.069
0.000284375,4.069
0.00029375,4.069
0.000303125,4.069
0.0003125,4.069
0.000321875,4.069
0.00033125,4.069
0.000340625,4.069
0.00035,4.069
0.00036875,4.069
0.0003875,4.069
0.00040625,4.069
0.000425,4.069
0.00044375,4.069
0.0004625,4.069
0.00048125,4.069
0.0005,4.069
0.000515625,4.069
0.00053125,4.069
0.000546875,4.069
0.0005625,4.069
0.000578125,4.069
0.00059375,4.069
0.000625,4.069
0.00065625,4.069
0.0006875,4.069
0.00071875,4.069
0.00075,4.069
0.00078125,4.069
0.0008125,4.069
0.00084375,4.069
0.000875,4.069
0.00090625,4.069
0.0009375,4.069
0.00096875,4.069
0.001,4.069
0.00103125,4.069
0.0010625,4.069
0.00109375,4.069
0.001125,4.069
0.00115625,4.069
0.0011875,4.069
0.00125,4.069
0.0013125,4.069
0.001375,4.069
0.0014375,4.069
0.0015,4.069
0.0015625,4.069
0.001625,4.069
0.0016875,4.069
0.00175,4.069
0.0018125,4.069
0.001875,4.069
0.0019375,4.069
0.002,4.069
0.00209375,4.069
0.0021875,4.069
0.00228125,4.069
0.002375,4.069
0.00246875,4.069
0.0025625,4.069
0.00265625,4.069
0.00275,4.069
0.00284375,4.069
0.0029375,4.069
0.00303125,4.069
0.003125,4.069
0.00321875,4.069
0.0033125,4.069
0.00340625,4.069
0.0035,4.069
0.0036875,4.069
0.003875,4.069
0.0040625,4.069
0.00425,4.069
0.0044375,4.069
0.004625,4.069
0.0048125,4.069
0.005,4.069
0.00515625,4.069
0.0053125,4.069
0.00546875,4.069
0.005625,4.069
0.00578125,4.069
0.0059375,4.069
0.00625,4.069
0.0065625,4.069
0.006875,4.069
0.0071875,4.069
0.0075,4.069
0.0078125,4.069
0.008125,4.069
0.0084375,4.069
0.00875,4.069
0.0090625,4.069
0.009375,4.069
0.0096875,4.069
0.01,4.069
0.0103125,4.069
0.010625,4.069
0.0109375,4.069
0.01125,4.069
0.0115625,4.069
0.011875,4.069
0.0125,4.069
0.013125,4.069
0.01375,4.069
0.014375,4.069
0.015,4.069
0.015625,4.069
0.01625,4.069
0.016875,4.069
0.0175,4.069
0.018125,4.069
0.01875,4.069
0.019375,4.069
0.02,4.069
0.0206625,4.069
0.021325,4.069
0.0219875,4.069
0.02265,4.069
0.0233125,4.069
0.023975,4.069
0.0246375,4.069
0.0253,4.069
0.02607188,4.069
0.02684375,4.069
0.02761563,4.069
0.0283875,4.069
0.02915938,4.069
0.02993125,4.069
0.03070313,4.069
0.031475,4.069
0.03224688,4.069
0.03301875,4.069
0.03379063,4.069
0.0345625,4.069
0.03533438,4.069
0.03610625,4.069
0.03765,4.069
0.03919375,4.069
0.0407375,4.069
0.04228125,4.069
0.043825,4.069
0.04536875,4.069
0.0469125,4.069
0.04845625,4.069
0.05,4.069
0.0515625,4.069
0.053125,4.069
0.0546875,4.069
0.05625,4.069
0.0578125,4.069
0.059375,4.069
0.0609375,4.069
0.0625,4.069
0.0640625,4.069
0.065625,4.069
0.0671875,4.069
0.06875,4.069
0.0703125,4.069
0.071875,4.069
0.0734375,4.069
0.075,4.069
0.078125,4.069
0.08125,4.069
0.084375,4.069
0.0875,4.069
0.090625,4.069
0.09375,4.069
0.096875,4.069
0.1,4.069
0.103125,4.069
0.10625,4.069
0.109375,4.069
0.1125,4.069
0.115625,4.069
0.11875,4.069
0.121875,4.069
0.125,4.069
0.128125,4.069
0.13125,4.069
0.134375,4.069
0.1375,4.069
0.140625,4.069
0.14375,4.069
0.146875,4.069
0.15,4.069
0.15625,4.069
0.1625,4.069
0.16875,4.069
0.175,4.069
0.18125,4.069
0.1875,4.069
0.19375,4.069
0.2,4.069
0.2046875,4.069
0.209375,4.069
0.2140625,4.069
0.21875,4.069
0.2234375,4.069
0.228125,4.069
0.2375,4.069
0.246875,4.069
0.25625,4.069
0.265625,4.069
0.275,4.069
0.284375,4.069
0.29375,4.069
0.303125,4.069
0.3125,4.069
0.321875,4.069
0.33125,4.069
0.340625,4.069
0.35,4.069
0.359375,4.069
0.36875,4.069
0.378125,4.069
0.3875,4.069
0.396875,4.069
0.40625,4.069
0.415625,4.069
0.425,4.069
0.434375,4.069
0.44375,4.069
0.4625,4.069
0.5,4.069
0.53125,4.069
0.5625,4.069
0.59375,4.069
0.625,4.069
0.65625,4.069
0.6875,4.069
0.75,4.069
0.8125,4.069
0.875,4.069
0.9375,4.069
1.0,4.069
1.0625,4.069
1.125,4.069
1.1875,4.069
1.25,4.069
1.3125,4.069
1.375,4.069
1.5,4.069
1.625,4.069
1.75,4.069
1.875,4.069
2.0,4.069
2.1875,4.069
2.375,4.069
2.5625,4.069
2.75,4.069
2.9375,4.069
3.125,4.069
3.3125,4.069
3.5,4.069
3.6875,4.069
3.875,4.069
4.25,4.069
4.625,4.069
5.0,4.069
5.3125,4.069
5.625,4.069
5.9375,4.069
6.25,4.069
6.5625,4.069
6.875,4.069
7.5,4.069
8.125,4.069
8.75,4.069
9.375,4.069
10.0,4.069
10.625,4.069
11.25,4.069
11.875,4.069
12.5,4.069
13.125,4.069
13.75,4.069
15.0,4.069
16.25,4.069
17.5,4.069
18.75,4.069
20.0,4.069
21.875,4.069
23.75,4.069
25.625,4.069
27.5,4.069
29.375,4.069
31.25,4.069
33.125,4.069
35.0,4.069
36.875,4.069
38.75,4.069
42.5,4.069
46.25,4.069
50.0,4.069
53.125,4.069
56.25,4.069
59.375,4.069
62.5,4.069
65.625,4.069
68.75,4.069
75.0,4.069
81.25,4.069
87.5,4.069
93.75,4.069
100.0,4.069
107.17,4.069
114.34,4.069
121.51,4.069
128.6799,4.069
128.6801,6.272
146.5101,6.255467
164.3401,6.240872
182.1701,6.22781
200.0,6.215993
218.75,6.204673
237.5,6.194303
256.25,6.184737
275.0,6.17586
312.5,6.159823
350.0,6.14564
387.5,6.13293
425.0,6.121418
462.5,6.110898
500.0,6.101216
562.5,6.086616
625.0,6.073586
687.5,6.061823
750.0,6.051105
812.5,6.041261
875.0,6.032161
1000.0,6.0158
1250.0,5.988565
1500.0,5.966405
2000.0,5.931604
2500.0,5.904751
3000.0,5.8829
5000.0,5.960693
7500.0,6.023173
10000.0,6.0679
10625.0,6.102878
11250.0,6.137855
11875.0,6.172833
12500.0,6.20781
13125.0,6.242788
13750.0,6.277765
14375.0,6.312743
15000.0,6.34772
15625.0,6.382698
16250.0,6.417675
16875.0,6.452653
17500.0,6.487631
18750.0,6.557586
20000.0,6.627541
20798.0,6.6722
20798.07,6.672201
21948.25,6.681888
23098.5,6.691575
24248.75,6.701263
25399.0,6.71095
26549.25,6.720638
27699.5,6.730325
28849.75,6.740013
30000.0,6.7497
31250.0,6.762313
32500.0,6.774925
33750.0,6.787538
35000.0,6.80015
37500.0,6.825375
40000.0,6.8506
42500.0,6.8758
45000.0,6.901
47500.0,6.9262
50000.0,6.9514
52500.0,6.970763
55000.0,6.990125
57500.0,7.009488
60000.0,7.02885
62500.0,7.048213
65000.0,7.067575
67500.0,7.086938
70000.0,7.1063
73750.0,7.132908
77500.0,7.159516
81250.0,7.186125
85000.0,7.212733
88750.0,7.239341
92500.0,7.265949
96250.0,7.292558
100000.0,7.319166
104470.0,7.350883
108940.0,7.3826
112955.0,7.374
116970.0,7.3654
125000.0,7.3482
134007.5,7.3134
143015.0,7.2786
152022.5,7.2438
161030.0,7.209
161033.6,7.208969
165370.0,7.1718
165374.9,7.171746
175000.0,7.066
187500.0,6.9592
200000.0,6.8524
210610.0,6.7776
221160.0,6.715
231710.0,6.6524
240855.0,6.5994
250000.0,6.5464
262500.0,6.483
275000.0,6.4196
287500.0,6.3562
300000.0,6.2928
312500.0,6.240925
325000.0,6.18905
337500.0,6.137175
350000.0,6.0853
375000.0,5.99655
400000.0,5.9078
425000.0,5.8293
450000.0,5.7508
475000.0,5.679
500000.0,5.6072
525000.0,5.541675
550000.0,5.47615
575000.0,5.410625
600000.0,5.3451
625000.0,5.28415
650000.0,5.2232
675000.0,5.16225
700000.0,5.1013
750000.0,4.98565
800000.0,4.87
850000.0,4.7592
900000.0,4.6484
950000.0,4.5426
1000000.0,4.4368
1250000.0,3.949
1500000.0,3.5209
1750000.0,3.1511
2000000.0,2.8366
2250000.0,2.5734
2500000.0,2.357
2826100.0,2.1361
3000000.0,2.0435
3250000.0,1.937
3500000.0,1.8268
3750000.0,1.772
3754200.0,1.7711
4000000.0,1.7295
4250000.0,1.686
4500000.0,1.6624
4750000.0,1.6598
4890500.0,1.6676
5000000.0,1.6742
5250000.0,1.696
5500000.0,1.7263
5750000.0,1.765
5967000.0,1.8001
6000000.0,1.8056
6250000.0,1.8436
6500000.0,1.8803
6750000.0,1.9147
7000000.0,1.9486
7250000.0,1.9825
7500000.0,2.0165
7750000.0,2.06
7831400.0,2.0676
7877900.0,2.072
8000000.0,2.0834
8250000.0,2.1244
8288400.0,2.1306
8500000.0,2.1495
8587900.0,2.1562
8750000.0,2.1735
9000000.0,2.196
9250000.0,2.2142
9500000.0,2.2554
9750000.0,2.2532
10000000.0,2.2382
10078000.0,2.2459
10200000.0,2.2568
10250000.0,2.2612
10307000.0,2.2639
10500000.0,2.2718
10711000.0,2.2641
10834000.0,2.2587
11000000.0,2.2562
11250000.0,2.2404
11500000.0,2.2326
11750000.0,2.2332
12000000.0,2.2221
12147000.0,2.2148
12184000.0,2.213
12250000.0,2.2096
12500000.0,2.196
12750000.0,2.181
13000000.0,2.165
13250000.0,2.148
13500000.0,2.1302
13750000.0,2.1118
14000000.0,2.0928
14250000.0,2.0733
14500000.0,2.0532
14750000.0,2.033
14956000.0,2.0161
14956440.0,2.016064
15000000.0,2.0125
15250000.0,1.9919
15500000.0,1.9713
15605000.0,1.9627
15750000.0,1.9507
16000000.0,1.9301
16250000.0,1.9097
16500000.0,1.8895
16750000.0,1.8697
17000000.0,1.8502
17250000.0,1.831
17500000.0,1.8121
17750000.0,1.7939
18000000.0,1.776
18250000.0,1.7588
18500000.0,1.742
18750000.0,1.7258
19000000.0,1.7103
19250000.0,1.6954
19500000.0,1.6812
19750000.0,1.66752
20000000.0,1.6546
