1e-05,4.0
1.03125e-05,4.0
1.0625e-05,4.0
1.09375e-05,4.0
1.125e-05,4.0
1.15625e-05,4.0
1.1875e-05,4.0
1.21875e-05,4.0
1.25e-05,4.0
1.28125e-05,4.0
1.3125e-05,4.0
1.34375e-05,4.0
1.375e-05,4.0
1.4375e-05,4.0
1.5e-05,4.0
1.5625e-05,4.0
1.625e-05,4.0
1.6875e-05,4.0
1.75e-05,4.0
1.8125e-05,4.0
1.875e-05,4.0
1.9375e-05,4.0
2e-05,4.0
2.09375e-05,4.0
2.1875e-05,4.0
2.28125e-05,4.0
2.375e-05,4.0
2.46875e-05,4.0
2.5625e-05,4.0
2.65625e-05,4.0
2.75e-05,4.0
2.84375e-05,4.0
2.9375e-05,4.0
3.03125e-05,4.0
3.125e-05,4.0
3.21875e-05,4.0
3.3125e-05,4.0
3.40625e-05,4.0
3.5e-05,4.0
3.59375e-05,4.0
3.6875e-05,4.0
3.78125e-05,4.0
3.875e-05,4.0
3.96875e-05,4.0
4.0625e-05,4.0
4.25e-05,4.0
4.4375e-05,4.0
4.625e-05,4.0
4.8125e-05,4.0
5e-05,4.0
5.15625e-05,4.0
5.3125e-05,4.0
5.46875e-05,4.0
5.625e-05,4.0
5.78125e-05,4.0
5.9375e-05,4.0
6.09375e-05,4.0
6.25e-05,4.0
6.40625e-05,4.0
6.5625e-05,4.0
6.71875e-05,4.0
6.875e-05,4.0
7.1875e-05,4.0
7.5e-05,4.0
7.8125e-05,4.0
8.125e-05,4.0
8.4375e-05,4.0
8.75e-05,4.0
9.0625e-05,4.0
9.375e-05,4.0
9.6875e-05,4.0
0.0001,4.0
0.000103125,4.0
0.00010625,4.0
0.000109375,4.0
0.0001125,4.0
0.000115625,4.0
0.00011875,4.0
0.000121875,4.0
0.000125,4.0
0.000128125,4.0
0.00013125,4.0
0.000134375,4.0
0.0001375,4.0
0.00014375,4.0
0.00015,4.0
0.00015625,4.0
0.0001625,4.0
0.00016875,4.0
0.000175,4.0
0.00018125,4.0
0.0001875,4.0
0.00019375,4.0
0.0002,4.0
0.000209375,4.0
0.00021875,4.0
0.000228125,4.0
0.0002375,4.0
0.000246875,4.0
0.00025625,4.0
0.000265625,4.0
0.000275,4.0
0.000284375,4.0
0.00029375,4.0
0.000303125,4.0
0.0003125,4.0
0.000321875,4.0
0.00033125,4.0
0.000340625,4.0
0.00035,4.0
0.000359375,4.0
0.00036875,4.0
0.000378125,4.0
0.0003875,4.0
0.000396875,4.0
0.00040625,4.0
0.000425,4.0
0.00044375,4.0
0.0004625,4.0
0.00048125,4.0
0.0005,4.0
0.000515625,4.0
0.00053125,4.0
0.000546875,4.0
0.0005625,4.0
0.000578125,4.0
0.00059375,4.0
0.000609375,4.0
0.000625,4.0
0.000640625,4.0
0.00065625,4.0
0.000671875,4.0
0.0006875,4.0
0.00071875,4.0
0.00075,4.0
0.00078125,4.0
0.0008125,4.0
0.00084375,4.0
0.000875,4.0
0.00090625,4.0
0.0009375,4.0
0.00096875,4.0
0.001,4.0
0.00103125,4.0
0.0010625,4.0
0.00109375,4.0
0.001125,4.0
0.00115625,4.0
0.0011875,4.0
0.00121875,4.0
0.00125,4.0
0.00128125,4.0
0.0013125,4.0
0.00134375,4.0
0.001375,4.0
0.0014375,4.0
0.0015,4.0
0.0015625,4.0
0.001625,4.0
0.0016875,4.0
0.00175,4.0
0.0018125,4.0
0.001875,4.0
0.0019375,4.0
0.002,4.0
0.00209375,4.0
0.0021875,4.0
0.00228125,4.0
0.002375,4.0
0.00246875,4.0
0.0025625,4.0
0.00265625,4.0
0.00275,4.0
0.00284375,4.0
0.0029375,4.0
0.00303125,4.0
0.003125,4.0
0.00321875,4.0
0.0033125,4.0
0.00340625,4.0
0.0035,4.0
0.00359375,4.0
0.0036875,4.0
0.00378125,4.0
0.003875,4.0
0.00396875,4.0
0.0040625,4.0
0.00425,4.0
0.0044375,4.0
0.004625,4.0
0.0048125,4.0
0.005,4.0
0.00515625,4.0
0.0053125,4.0
0.00546875,4.0
0.005625,4.0
0.00578125,4.0
0.0059375,4.0
0.00609375,4.0
0.00625,4.0
0.00640625,4.0
0.0065625,4.0
0.00671875,4.0
0.006875,4.0
0.0071875,4.0
0.0075,4.0
0.0078125,4.0
0.008125,4.0
0.0084375,4.0
0.00875,4.0
0.0090625,4.0
0.009375,4.0
0.0096875,4.0
0.01,4.0
0.0103125,4.0
0.010625,4.0
0.0109375,4.0
0.01125,4.0
0.0115625,4.0
0.011875,4.0
0.0121875,4.0
0.0125,4.0
0.0128125,4.0
0.013125,4.0
0.0134375,4.0
0.01375,4.0
0.014375,4.0
0.015,4.0
0.015625,4.0
0.01625,4.0
0.016875,4.0
0.0175,4.0
0.018125,4.0
0.01875,4.0
0.019375,4.0
0.02,4.0
0.0206625,4.0
0.021325,4.0
0.0219875,4.0
0.02265,4.0
0.0233125,4.0
0.023975,4.0
0.0246375,4.0
0.0253,4.0
0.02607188,4.0
0.02684375,4.0
0.02761563,4.0
0.0283875,4.0
0.02915938,4.0
0.02993125,4.0
0.03070313,4.0
0.031475,4.0
0.03224688,4.0
0.03301875,4.0
0.0345625,4.0
0.03610625,4.0
0.03765,4.0
0.03919375,4.0
0.0407375,4.0
0.04228125,4.0
0.043825,4.0
0.04536875,4.0
0.0469125,4.0
0.04845625,4.0
0.05,4.0
0.0515625,4.0
0.053125,4.0
0.0546875,4.0
0.05625,4.0
0.0578125,4.0
0.059375,4.0
0.0609375,4.0
0.0625,4.0
0.0640625,4.0
0.065625,4.0
0.0671875,4.0
0.06875,4.0
0.071875,4.0
0.075,4.0
0.078125,4.0
0.08125,4.0
0.084375,4.0
0.0875,4.0
0.090625,4.0
0.09375,4.0
0.096875,4.0
0.1,4.0
0.103125,4.0
0.10625,4.0
0.109375,4.0
0.1125,4.0
0.115625,4.0
0.11875,4.0
0.121875,4.0
0.125,4.0
0.128125,4.0
0.13125,4.0
0.134375,4.0
0.1375,4.0
0.14375,4.0
0.15,4.0
0.15625,4.0
0.1625,4.0
0.16875,4.0
0.175,4.0
0.18125,4.0
0.1875,4.0
0.19375,4.0
0.2,4.0
0.209375,4.0
0.21875,4.0
0.228125,4.0
0.2375,4.0
0.246875,4.0
0.25625,4.0
0.265625,4.0
0.275,4.0
0.284375,4.0
0.29375,4.0
0.303125,4.0
0.3125,4.0
0.321875,4.0
0.33125,4.0
0.340625,4.0
0.35,4.0
0.359375,4.0
0.36875,4.0
0.378125,4.0
0.3875,4.0
0.396875,4.0
0.40625,4.0
0.425,4.0
0.44375,4.0
0.4625,4.0
0.48125,4.0
0.5,4.0
0.53125,4.0
0.5625,4.0
0.59375,4.0
0.625,4.0
0.65625,4.0
0.6875,4.0
0.71875,4.0
0.75,4.0
0.78125,4.0
0.8125,4.0
0.84375,4.0
0.875,4.0
0.9375,4.0
1.0,4.0
1.0625,4.0
1.125,4.0
1.1875,4.0
1.25,4.0
1.3125,4.0
1.375,4.0
1.4375,4.0
1.5,4.0
1.5625,4.0
1.625,4.0
1.6875,4.0
1.75,4.0
1.875,4.0
2.0,4.0
2.09375,4.0
2.1875,4.0
2.28125,4.0
2.375,4.0
2.46875,4.0
2.5625,4.0
2.65625,4.0
2.75,4.0
2.9375,4.0
3.125,4.0
3.3125,4.0
3.5,4.0
3.6875,4.0
3.875,4.0
4.0625,4.0
4.25,4.0
4.4375,4.0
4.625,4.0
4.8125,4.0
5.0,4.0
5.3125,4.0
5.625,4.0
5.9375,4.0
6.25,4.0
6.5625,4.0
6.875,4.0
7.1875,4.0
7.5,4.0
7.8125,4.0
8.125,4.0
8.4375,4.0
8.75,4.0
9.375,4.0
10.0,4.0
10.625,4.0
11.25,4.0
11.875,4.0
12.5,4.0
13.125,4.0
13.75,4.0
14.375,4.0
15.0,4.0
15.625,4.0
16.25,4.0
16.875,4.0
17.5,4.0
18.75,4.0
20.0,4.0
20.9375,4.0
21.875,4.0
22.8125,4.0
23.75,4.0
24.6875,4.0
25.625,4.0
26.5625,4.0
27.5,4.0
29.375,4.0
31.25,4.0
33.125,4.0
35.0,4.0
36.875,4.0
38.75,4.0
40.625,4.0
42.5,4.0
44.375,4.0
46.25,4.0
48.125,4.0
50.0,4.0
53.125,4.0
56.25,4.0
59.375,4.0
62.5,4.0
65.625,4.0
68.75,4.0
71.875,4.0
75.0,4.0
78.125,4.0
81.25,4.0
84.375,4.0
87.5,4.0
93.75,4.0
100.0,4.0
106.25,4.0
112.5,4.0
118.75,4.0
125.0,4.0
131.25,4.0
137.5,4.0
143.75,4.0
150.0,4.0
156.25,4.0
162.5,4.0
168.75,4.0
175.0,4.0
187.5,4.0
200.0,4.0
209.375,4.0
218.75,4.0
228.125,4.0
237.5,4.0
246.875,4.0
256.25,4.0
265.625,4.0
275.0,4.0
293.75,4.0
312.5,4.0
331.25,4.0
350.0,4.0
368.75,4.0
387.5,4.0
406.25,4.0
425.0,4.0
443.75,4.0
462.5,4.0
481.25,4.0
500.0,4.0
531.25,4.0
562.5,4.0
593.75,4.0
625.0,4.0
656.25,4.0
687.5,4.0
718.75,4.0
750.0,4.0
781.25,4.0
812.5,4.0
843.75,4.0
875.0,4.0
937.5,4.0
1000.0,4.0
1062.5,4.0
1125.0,4.0
1187.5,4.0
1250.0,4.0
1312.5,4.0
1375.0,4.0
1437.5,4.0
1500.0,4.0
1562.5,4.0
1625.0,4.0
1687.5,4.0
1750.0,4.0
1875.0,4.0
1999.999,4.0
2000.001,11.0919
2125.001,10.89876
2250.001,10.71975
2375.001,10.55313
2500.0,10.39745
2625.0,10.25912
2750.0,10.12895
2875.0,10.0061
3000.0,9.889882
3125.0,9.784912
3250.0,9.685109
3500.0,9.4993
3750.0,9.33689
4000.0,9.18748
4250.0,9.057217
4500.0,8.936094
4750.0,8.823012
5000.0,8.717055
5250.0,8.624598
5500.0,8.537356
5750.0,8.454818
6000.0,8.376541
6500.0,8.240427
7000.0,8.116378
7500.0,8.009548
8000.0,7.910888
8500.0,7.826532
9000.0,7.747824
9500.0,7.6741
10000.0,7.604808
10625.0,7.532575
11250.0,7.4651
11875.0,7.401831
12500.0,7.342304
13125.0,7.292333
13750.0,7.245004
14375.0,7.200066
15000.0,7.157302
16000.0,7.098931
17000.0,7.044533
18500.0,6.976436
20000.0,6.914235
21250.0,6.872758
22500.0,6.83388
23750.0,6.797307
25000.0,6.762791
27500.0,6.709204
30000.0,6.660653
32500.0,6.622736
35000.0,6.587822
37500.0,6.559881
40000.0,6.533851
42500.0,6.513789
45000.0,6.49493
50000.0,6.46031
55000.0,6.435668
60000.0,6.413254
70000.0,6.380533
80000.0,6.356285
89999.95,6.337628
99999.9,6.320986
100000.1,6.32279
112500.1,6.314754
125000.1,6.307575
137500.1,6.301087
150000.0,6.29517
175000.0,6.293771
200000.0,6.29256
225000.0,6.296723
250000.0,6.30045
300000.0,6.31314
400000.0,6.344942
500000.0,6.36972
600000.0,6.380869
700000.0,6.39031
800000.0,6.38065
900000.0,6.35722
1000000.0,6.32042
1150240.0,6.24226
1150243.0,6.242248
1153361.0,6.229823
1156478.0,6.217459
1162713.0,6.192902
1175182.0,6.14447
1187651.0,6.096922
1200120.0,6.050233
1212590.0,6.004375
1225060.0,5.959328
1237530.0,5.91507
1250000.0,5.87158
1281250.0,5.812653
1312500.0,5.755715
1375000.0,5.647372
1437500.0,5.545751
1500000.0,5.45017
1562500.0,5.35555
1625000.0,5.266189
1750000.0,5.10139
1875000.0,4.924614
2000000.0,4.7648
2066120.0,4.67836
2066121.0,4.678358
2073820.0,4.664405
2081519.0,4.650545
2096916.0,4.623101
2112313.0,4.596019
2127710.0,4.56929
2127711.0,4.569287
2132574.0,4.555884
2137436.0,4.542554
2147160.0,4.5161
2147166.0,4.516085
2155078.0,4.496069
2162990.0,4.476215
2178820.0,4.43697
2187060.0,4.418467
2195300.0,4.400111
2211780.0,4.36383
2218005.0,4.349624
2224230.0,4.335505
2236680.0,4.30752
2244518.0,4.291653
2252355.0,4.275901
2268030.0,4.24473
2276489.0,4.22558
2284947.0,4.206589
2301864.0,4.169069
2318781.0,4.132155
2335697.0,4.095834
2369530.0,4.024911
2403363.0,3.956196
2437196.0,3.88959
2471029.0,3.825
2538695.0,3.701527
2606362.0,3.58513
2674028.0,3.475241
2741694.0,3.371342
2809360.0,3.27297
2857020.0,3.196431
2904680.0,3.122905
3000000.0,2.98424
3058013.0,2.920613
3116025.0,2.859501
3174038.0,2.800759
3232050.0,2.744257
3290063.0,2.689868
3348075.0,2.637481
3406088.0,2.586988
3464100.0,2.53829
3531088.0,2.47603
3598075.0,2.416426
3665063.0,2.359316
3732050.0,2.304554
3799038.0,2.252004
3866025.0,2.20154
3933013.0,2.153044
4000000.0,2.10641
4062500.0,2.087131
4125000.0,2.068319
4187500.0,2.049956
4250000.0,2.032024
4312500.0,2.014508
4375000.0,1.997391
4437500.0,1.980659
4500000.0,1.964299
4562500.0,1.948297
4625000.0,1.93264
4687500.0,1.917316
4750000.0,1.902315
4812500.0,1.887625
4875000.0,1.873235
4937500.0,1.859137
5000000.0,1.84532
5062500.0,1.84894
5125000.0,1.852523
5187500.0,1.856069
5250000.0,1.859579
5312500.0,1.863054
5375000.0,1.866495
5437500.0,1.869903
5500000.0,1.873277
5562500.0,1.87662
5625000.0,1.879931
5687500.0,1.883211
5750000.0,1.886461
5812500.0,1.889681
5875000.0,1.892872
5937500.0,1.896035
6000000.0,1.89917
6015024.0,1.902319
6030047.0,1.905465
6045070.0,1.908608
6060093.0,1.911748
6075116.0,1.914886
6090139.0,1.918022
6105162.0,1.921155
6120185.0,1.924285
6135209.0,1.927412
6150232.0,1.930537
6165255.0,1.93366
6180278.0,1.93678
6195301.0,1.939897
6210324.0,1.943012
6225347.0,1.946124
6240370.0,1.949233
6255394.0,1.952341
6270417.0,1.955445
6285440.0,1.958547
6300463.0,1.961647
6315486.0,1.964744
6330509.0,1.967839
6345532.0,1.970931
6360555.0,1.974021
6375579.0,1.977108
6390602.0,1.980193
6405625.0,1.983275
6420648.0,1.986355
6435671.0,1.989432
6450694.0,1.992507
6465717.0,1.99558
6480740.0,1.99865
6496655.0,2.001798
6512569.0,2.004943
6528484.0,2.008086
6544398.0,2.011225
6560313.0,2.014362
6576227.0,2.017496
6592141.0,2.020628
6608055.0,2.023756
6623970.0,2.026883
6639884.0,2.030006
6655799.0,2.033127
6671713.0,2.036245
6687628.0,2.03936
6703542.0,2.042473
6719456.0,2.045583
6735370.0,2.04869
6751910.0,2.05185
6768449.0,2.055007
6784989.0,2.058161
6801528.0,2.061313
6818068.0,2.064461
6834607.0,2.067607
6851146.0,2.07075
6867685.0,2.07389
6884225.0,2.077027
6900764.0,2.080162
6917304.0,2.083293
6933843.0,2.086422
6950383.0,2.089548
6966922.0,2.092672
6983461.0,2.095792
7000000.0,2.09891
7014852.0,2.102751
7029703.0,2.106591
7044554.0,2.110429
7059405.0,2.114266
7074257.0,2.118103
7089108.0,2.121938
7103959.0,2.125772
7118810.0,2.129605
7133662.0,2.133437
7148513.0,2.137268
7163364.0,2.141098
7178215.0,2.144926
7193067.0,2.148754
7207918.0,2.15258
7222769.0,2.156406
7237620.0,2.16023
7257960.0,2.165379
7278300.0,2.170526
7298640.0,2.17567
7318980.0,2.180812
7339320.0,2.185952
7359660.0,2.19109
7380000.0,2.196226
7400340.0,2.20136
7421083.0,2.206546
7441825.0,2.21173
7462568.0,2.216911
7483310.0,2.22209
7500488.0,2.226318
7517665.0,2.230544
7534843.0,2.234769
7552020.0,2.238992
7569198.0,2.243213
7586375.0,2.247433
7603553.0,2.251651
7620730.0,2.255867
7637908.0,2.260082
7655085.0,2.264295
7672263.0,2.268507
7689440.0,2.272716
7706618.0,2.276925
7723795.0,2.281131
7740973.0,2.285337
7758150.0,2.28954
7773266.0,2.29317
7788382.0,2.2968
7803498.0,2.300427
7818613.0,2.304054
7833729.0,2.307679
7848844.0,2.311303
7863960.0,2.314925
7879075.0,2.318546
7894191.0,2.322166
7909307.0,2.325785
7924423.0,2.329403
7939538.0,2.333019
7954654.0,2.336633
7969769.0,2.340247
7984885.0,2.343859
8000000.0,2.34747
8014942.0,2.357243
8029884.0,2.367038
8044826.0,2.376855
8059768.0,2.386695
8074710.0,2.396557
8089652.0,2.406441
8104594.0,2.416348
8119535.0,2.426277
8134477.0,2.436229
8149419.0,2.446203
8164361.0,2.4562
8179303.0,2.466219
8194245.0,2.476261
8209187.0,2.486325
8224129.0,2.496412
8239070.0,2.50652
8251425.0,2.514618
8263780.0,2.52273
8277624.0,2.523954
8291468.0,2.525176
8305312.0,2.526397
8319155.0,2.527617
8332999.0,2.528835
8346843.0,2.530052
8360687.0,2.531267
8374530.0,2.532481
8388374.0,2.533693
8402218.0,2.534904
8416062.0,2.536113
8429905.0,2.537322
8443749.0,2.538528
8457593.0,2.539734
8471437.0,2.540938
8485280.0,2.54214
8501365.0,2.543581
8517450.0,2.54502
8533535.0,2.546458
8549620.0,2.547893
8565705.0,2.549327
8581790.0,2.550759
8597875.0,2.552188
8613960.0,2.553616
8630045.0,2.555042
8646130.0,2.556467
8662215.0,2.557889
8678300.0,2.559309
8694385.0,2.560728
8710470.0,2.562145
8726555.0,2.56356
8742640.0,2.564973
8758725.0,2.566384
8774810.0,2.567794
8790895.0,2.569202
8806980.0,2.570608
8823065.0,2.572012
8839150.0,2.573414
8855235.0,2.574815
8871320.0,2.576213
8887405.0,2.57761
8903490.0,2.579006
8919575.0,2.580399
8935660.0,2.581791
8951745.0,2.583181
8967830.0,2.584569
8983915.0,2.585955
9000000.0,2.58734
9015014.0,2.590381
9030027.0,2.593421
9045040.0,2.596459
9060053.0,2.599496
9075066.0,2.602531
9090079.0,2.605564
9105092.0,2.608596
9120105.0,2.611627
9135119.0,2.614657
9150132.0,2.617684
9165145.0,2.620711
9180158.0,2.623735
9195171.0,2.626759
9210184.0,2.629781
9225197.0,2.632801
9240210.0,2.63582
9255624.0,2.638893
9271038.0,2.641965
9286452.0,2.645035
9301865.0,2.648104
9317279.0,2.651171
9332693.0,2.654237
9348107.0,2.657301
9363520.0,2.660364
9378934.0,2.663425
9394348.0,2.666484
9409762.0,2.669542
9425175.0,2.672599
9440589.0,2.675654
9456003.0,2.678707
9471417.0,2.68176
9486830.0,2.68481
9502867.0,2.687945
9518904.0,2.691079
9534941.0,2.694211
9550977.0,2.697341
9567014.0,2.700469
9583050.0,2.703596
9599087.0,2.706722
9615123.0,2.709845
9631160.0,2.712968
9647196.0,2.716088
9663233.0,2.719207
9679269.0,2.722324
9695306.0,2.72544
9711342.0,2.728554
9727379.0,2.731667
9743415.0,2.734778
9759452.0,2.737887
9775489.0,2.740995
9791526.0,2.744101
9807562.0,2.747206
9823599.0,2.750309
9839635.0,2.75341
9855672.0,2.75651
9871708.0,2.759609
9887745.0,2.762706
9903781.0,2.765801
9919818.0,2.768895
9935854.0,2.771987
9951891.0,2.775077
9967927.0,2.778166
9983964.0,2.781254
10000000.0,2.78434
10007630.0,2.784164
10015260.0,2.783988
10022890.0,2.783812
10030510.0,2.783636
10038140.0,2.783461
10045770.0,2.783285
10053400.0,2.78311
10061020.0,2.782935
10068650.0,2.78276
10076280.0,2.782585
10083910.0,2.78241
10091530.0,2.782235
10099160.0,2.782061
10106780.0,2.781887
10114410.0,2.781713
10122030.0,2.781539
10129660.0,2.781365
10137290.0,2.781191
10144920.0,2.781017
10152540.0,2.780844
10160170.0,2.780671
10167790.0,2.780498
10175420.0,2.780325
10183040.0,2.780152
10190670.0,2.779979
10198300.0,2.779806
10205930.0,2.779634
10213550.0,2.779462
10221180.0,2.77929
10228800.0,2.779118
10236430.0,2.778946
10244050.0,2.778774
10251680.0,2.778602
10259310.0,2.778431
10266940.0,2.778259
10274560.0,2.778088
10282190.0,2.777917
10289820.0,2.777746
10297450.0,2.777575
10305070.0,2.777405
10312700.0,2.777234
10320330.0,2.777064
10327960.0,2.776894
10335580.0,2.776724
10343210.0,2.776554
10350830.0,2.776384
10358460.0,2.776214
10366080.0,2.776045
10373710.0,2.775875
10381340.0,2.775706
10388970.0,2.775537
10396590.0,2.775368
10404220.0,2.775199
10411840.0,2.77503
10419470.0,2.774861
10427090.0,2.774693
10434720.0,2.774525
10442350.0,2.774356
10449980.0,2.774188
10457600.0,2.77402
10465230.0,2.773852
10472850.0,2.773685
10480480.0,2.773517
10488100.0,2.77335
10494580.0,2.773212
10501050.0,2.773074
10507530.0,2.772936
10514000.0,2.772798
10520480.0,2.77266
10526950.0,2.772522
10533430.0,2.772385
10539900.0,2.772247
10546380.0,2.77211
10552850.0,2.771972
10559330.0,2.771835
10565800.0,2.771698
10572280.0,2.771561
10578750.0,2.771424
10585230.0,2.771287
10591700.0,2.77115
10598080.0,2.771721
10604460.0,2.772291
10610840.0,2.772862
10617220.0,2.773432
10623600.0,2.774002
10629980.0,2.774571
10636360.0,2.775141
10642740.0,2.77571
10649120.0,2.776279
10655500.0,2.776847
10661880.0,2.777416
10668260.0,2.777984
10674640.0,2.778552
10681020.0,2.77912
10687400.0,2.779688
10693780.0,2.780255
10700160.0,2.780822
10706540.0,2.781389
10712920.0,2.781956
10719300.0,2.782522
10725680.0,2.783089
10732060.0,2.783655
10738440.0,2.784221
10744820.0,2.784786
10751200.0,2.785352
10757580.0,2.785917
10763960.0,2.786482
10770340.0,2.787046
10776720.0,2.787611
10783100.0,2.788175
10789480.0,2.788739
10795850.0,2.789302
10802230.0,2.789866
10808610.0,2.790429
10814990.0,2.790992
10821370.0,2.791555
10827750.0,2.792118
10834130.0,2.792681
10840510.0,2.793243
10846890.0,2.793805
10853270.0,2.794367
10859650.0,2.794929
10866030.0,2.79549
10872410.0,2.796051
10878790.0,2.796612
10885170.0,2.797173
10891550.0,2.797734
10897930.0,2.798294
10904310.0,2.798854
10910690.0,2.799414
10917070.0,2.799974
10923450.0,2.800534
10929830.0,2.801093
10936210.0,2.801652
10942590.0,2.802211
10948970.0,2.802769
10955350.0,2.803328
10961730.0,2.803886
10968110.0,2.804444
10974490.0,2.805002
10980870.0,2.805559
10987250.0,2.806117
10993630.0,2.806674
11000000.0,2.80723
11006980.0,2.808469
11013960.0,2.809708
11020940.0,2.810946
11027910.0,2.812183
11034890.0,2.813421
11041870.0,2.814659
11048850.0,2.815896
11055820.0,2.817132
11062800.0,2.818369
11069780.0,2.819606
11076760.0,2.820843
11083730.0,2.822077
11090710.0,2.823313
11097680.0,2.824548
11104660.0,2.825783
11111630.0,2.827017
11118610.0,2.828252
11125590.0,2.829487
11132570.0,2.830722
11139540.0,2.831955
11146520.0,2.833189
11153490.0,2.834421
11160470.0,2.835655
11167440.0,2.836887
11174420.0,2.83812
11181400.0,2.839353
11188380.0,2.840586
11195350.0,2.841817
11202330.0,2.843049
11209300.0,2.84428
11216280.0,2.845512
11223250.0,2.846742
11230230.0,2.847973
11237210.0,2.849205
11244190.0,2.850436
11251160.0,2.851665
11258140.0,2.852895
11265120.0,2.854125
11272100.0,2.855355
11279070.0,2.856584
11286050.0,2.857813
11293030.0,2.859043
11300010.0,2.860272
11306980.0,2.861499
11313960.0,2.862728
11320930.0,2.863954
11327910.0,2.865182
11334880.0,2.866409
11341860.0,2.867637
11348840.0,2.868864
11355820.0,2.870091
11362790.0,2.871317
11369770.0,2.872544
11376740.0,2.873768
11383720.0,2.874995
11390690.0,2.876219
11397670.0,2.877445
11404650.0,2.878671
11411630.0,2.879896
11418600.0,2.88112
11425580.0,2.882345
11432550.0,2.883568
11439530.0,2.884792
11446500.0,2.886015
11453480.0,2.887239
11460460.0,2.888463
11467440.0,2.889687
11474410.0,2.890908
11481390.0,2.892132
11488370.0,2.893355
11495350.0,2.894577
11502320.0,2.895798
11509300.0,2.89702
11516280.0,2.898243
11523260.0,2.899464
11530230.0,2.900684
11537210.0,2.901906
11544180.0,2.903125
11551160.0,2.904346
11558130.0,2.905565
11565110.0,2.906786
11572090.0,2.908006
11579070.0,2.909226
11586040.0,2.910444
11593020.0,2.911664
11599990.0,2.912881
11606970.0,2.9141
11613940.0,2.915318
11620920.0,2.916536
11627900.0,2.917755
11634880.0,2.918973
11641850.0,2.920189
11648830.0,2.921407
11655800.0,2.922623
11662780.0,2.92384
11669750.0,2.925056
11676730.0,2.926273
11683710.0,2.92749
11690690.0,2.928706
11697660.0,2.929921
11704640.0,2.931137
11711620.0,2.932352
11718600.0,2.933568
11725570.0,2.934782
11732550.0,2.935997
11739530.0,2.937212
11746510.0,2.938427
11753480.0,2.939639
11760460.0,2.940854
11767430.0,2.942066
11774410.0,2.94328
11781380.0,2.944492
11788360.0,2.945705
11795340.0,2.946918
11802320.0,2.948131
11809290.0,2.949342
11816270.0,2.950555
11823240.0,2.951766
11830220.0,2.952978
11837190.0,2.954188
11844170.0,2.9554
11851150.0,2.956611
11858130.0,2.957822
11865100.0,2.959032
11872080.0,2.960242
11879050.0,2.961451
11886030.0,2.962662
11893000.0,2.96387
11899690.0,2.965315
11906380.0,2.96676
11913070.0,2.968205
11919750.0,2.969648
11926440.0,2.971092
11933130.0,2.972537
11939820.0,2.973981
11946500.0,2.975423
11953190.0,2.976868
11959880.0,2.978312
11966570.0,2.979756
11973250.0,2.981198
11979940.0,2.982641
11986630.0,2.984085
11993320.0,2.985529
12000000.0,2.98697
12007190.0,2.986616
12014380.0,2.986263
12021570.0,2.985909
12028760.0,2.985556
12035950.0,2.985204
12043140.0,2.984851
12050330.0,2.984499
12057520.0,2.984147
12064710.0,2.983795
12071900.0,2.983443
12079090.0,2.983092
12086280.0,2.982741
12093470.0,2.98239
12100660.0,2.98204
12107850.0,2.98169
12115040.0,2.98134
12122230.0,2.98099
12129420.0,2.98064
12136610.0,2.980291
12143800.0,2.979942
12150990.0,2.979593
12158180.0,2.979245
12165370.0,2.978896
12172560.0,2.978548
12179750.0,2.978201
12186940.0,2.977853
12194130.0,2.977506
12201320.0,2.977159
12208510.0,2.976812
12215700.0,2.976465
12222890.0,2.976119
12230080.0,2.975773
12237270.0,2.975427
12244460.0,2.975081
12251650.0,2.974736
12258840.0,2.974391
12266030.0,2.974046
12273220.0,2.973702
12280410.0,2.973357
12287600.0,2.973013
12294790.0,2.972669
12301980.0,2.972325
12309170.0,2.971982
12316360.0,2.971639
12323550.0,2.971296
12330740.0,2.970953
12337930.0,2.970611
12345120.0,2.970269
12352310.0,2.969927
12359500.0,2.969585
12366690.0,2.969243
12373880.0,2.968902
12381070.0,2.968561
12388260.0,2.96822
12395450.0,2.96788
12402640.0,2.967539
12409830.0,2.967199
12417020.0,2.966859
12424210.0,2.96652
12431400.0,2.96618
12438590.0,2.965841
12445780.0,2.965502
12452970.0,2.965164
12460150.0,2.964826
12467340.0,2.964488
12474530.0,2.96415
12481720.0,2.963812
12488910.0,2.963474
12496100.0,2.963137
12503290.0,2.9628
12510480.0,2.962463
12517670.0,2.962127
12524860.0,2.96179
12532050.0,2.961454
12539240.0,2.961118
12546430.0,2.960783
12553620.0,2.960447
12560810.0,2.960112
12568000.0,2.959777
12575190.0,2.959442
12582380.0,2.959108
12589570.0,2.958774
12596760.0,2.95844
12603950.0,2.958106
12611140.0,2.957772
12618330.0,2.957439
12625520.0,2.957106
12632710.0,2.956773
12639900.0,2.95644
12647090.0,2.956108
12654280.0,2.955775
12661470.0,2.955443
12668660.0,2.955112
12675850.0,2.95478
12683040.0,2.954449
12690230.0,2.954118
12697420.0,2.953787
12704610.0,2.953456
12711800.0,2.953126
12718990.0,2.952795
12726180.0,2.952465
12733370.0,2.952136
12740560.0,2.951806
12747750.0,2.951477
12754940.0,2.951148
12762130.0,2.950819
12769320.0,2.95049
12776510.0,2.950162
12783700.0,2.949834
12790890.0,2.949506
12798080.0,2.949178
12805270.0,2.94885
12812460.0,2.948523
12819650.0,2.948196
12826840.0,2.947869
12834030.0,2.947542
12841220.0,2.947216
12848410.0,2.94689
12855600.0,2.946564
12862790.0,2.946238
12869980.0,2.945912
12877170.0,2.945587
12884360.0,2.945262
12891550.0,2.944937
12898740.0,2.944612
12905930.0,2.944288
12913120.0,2.943964
12920300.0,2.94364
12930270.0,2.943437
12940230.0,2.943234
12950190.0,2.943031
12960150.0,2.942829
12970120.0,2.942626
12980080.0,2.942424
12990040.0,2.942222
13000000.0,2.94202
13015340.0,2.941818
13030670.0,2.941617
13046010.0,2.941416
13061340.0,2.941215
13076680.0,2.941014
13092010.0,2.940814
13107350.0,2.940614
13122680.0,2.940414
13138020.0,2.940214
13153350.0,2.940015
13168690.0,2.939816
13184020.0,2.939617
13199360.0,2.939418
13214690.0,2.93922
13230020.0,2.939022
13245350.0,2.938824
13260690.0,2.938626
13276020.0,2.938429
13291360.0,2.938232
13306690.0,2.938035
13322030.0,2.937838
13337360.0,2.937642
13352700.0,2.937445
13368030.0,2.937249
13383370.0,2.937053
13398700.0,2.936858
13414040.0,2.936663
13429370.0,2.936468
13444710.0,2.936273
13460040.0,2.936078
13475370.0,2.935884
13490700.0,2.93569
13506620.0,2.935493
13522540.0,2.935297
13538460.0,2.935101
13554370.0,2.934905
13570290.0,2.93471
13586200.0,2.934514
13602120.0,2.934319
13618030.0,2.934125
13633950.0,2.93393
13649860.0,2.933736
13665780.0,2.933542
13681690.0,2.933348
13697610.0,2.933154
13713520.0,2.932961
13729440.0,2.932768
13745350.0,2.932575
13761270.0,2.932382
13777190.0,2.93219
13793110.0,2.931997
13809020.0,2.931805
13824940.0,2.931614
13840850.0,2.931422
13856770.0,2.931231
13872680.0,2.93104
13888600.0,2.930849
13904510.0,2.930659
13920430.0,2.930468
13936340.0,2.930278
13952260.0,2.930088
13968170.0,2.929899
13984090.0,2.929709
14000000.0,2.92952
14011980.0,2.928129
14023950.0,2.926741
14035930.0,2.925354
14047900.0,2.92397
14054970.0,2.923188
14062030.0,2.922409
14069100.0,2.921628
14076160.0,2.920849
14083230.0,2.92007
14090290.0,2.919293
14097360.0,2.918515
14104420.0,2.917738
14111490.0,2.916962
14118550.0,2.916186
14125620.0,2.915411
14132680.0,2.914637
14146810.0,2.91309
14160930.0,2.911546
14175060.0,2.910004
14189190.0,2.908464
14203320.0,2.906926
14217440.0,2.905391
14231570.0,2.903858
14245700.0,2.902328
14259830.0,2.900799
14273950.0,2.899274
14288080.0,2.89775
14302210.0,2.896229
14316340.0,2.89471
14330470.0,2.893193
14344600.0,2.891678
14358730.0,2.890166
14372860.0,2.888656
14386980.0,2.887149
14401110.0,2.885644
14415240.0,2.88414
14429370.0,2.882639
14443490.0,2.881142
14457620.0,2.879645
14471750.0,2.878151
14485880.0,2.876659
14500000.0,2.87517
14507820.0,2.87437
14515630.0,2.873571
14523440.0,2.872773
14531250.0,2.871976
14539070.0,2.871178
14546880.0,2.870382
14554690.0,2.869587
14562500.0,2.868792
14570320.0,2.867997
14578130.0,2.867203
14585940.0,2.866411
14593750.0,2.865619
14601570.0,2.864826
14609380.0,2.864035
14617190.0,2.863245
14625000.0,2.862455
14632820.0,2.861665
14640630.0,2.860877
14648440.0,2.860089
14656250.0,2.859302
14664070.0,2.858515
14671880.0,2.857729
14679690.0,2.856944
14687500.0,2.85616
14695320.0,2.855375
14703130.0,2.854592
14710940.0,2.853809
14718750.0,2.853027
14726570.0,2.852245
14734380.0,2.851464
14742190.0,2.850684
14750000.0,2.849904
14757820.0,2.849125
14765630.0,2.848346
14773440.0,2.847569
14781250.0,2.846792
14789070.0,2.846015
14796880.0,2.845239
14804690.0,2.844464
14812500.0,2.843689
14820320.0,2.842914
14828130.0,2.842141
14835940.0,2.841369
14843750.0,2.840597
14851570.0,2.839824
14859380.0,2.839053
14867190.0,2.838283
14875000.0,2.837514
14882820.0,2.836744
14890630.0,2.835976
14898440.0,2.835208
14906250.0,2.834441
14914070.0,2.833673
14921880.0,2.832907
14929690.0,2.832142
14937500.0,2.831377
14945320.0,2.830612
14953130.0,2.829849
14960940.0,2.829086
14968750.0,2.828324
14976570.0,2.827561
14984380.0,2.8268
14992190.0,2.82604
15000000.0,2.82528
15007690.0,2.824166
15015380.0,2.823053
15023070.0,2.821941
15030750.0,2.820831
15038440.0,2.819721
15046120.0,2.818613
15053810.0,2.817505
15061490.0,2.8164
15069180.0,2.815294
15076870.0,2.814188
15084560.0,2.813084
15092240.0,2.811983
15099930.0,2.810881
15107610.0,2.809781
15115300.0,2.808681
15122980.0,2.807583
15130670.0,2.806485
15138360.0,2.805388
15146050.0,2.804292
15153730.0,2.803198
15161420.0,2.802104
15169100.0,2.801012
15176790.0,2.79992
15184470.0,2.79883
15192160.0,2.79774
15199840.0,2.796652
15207530.0,2.795563
15215210.0,2.794477
15222900.0,2.793391
15230580.0,2.792307
15238270.0,2.791223
15245950.0,2.79014
15253640.0,2.789058
15261330.0,2.787976
15269020.0,2.786896
15276700.0,2.785818
15284390.0,2.784739
15292070.0,2.783663
15299760.0,2.782586
15307440.0,2.781512
15315130.0,2.780437
15322820.0,2.779363
15330510.0,2.77829
15338190.0,2.777219
15345880.0,2.776148
15353560.0,2.77508
15361250.0,2.77401
15368930.0,2.772944
15376620.0,2.771876
15384310.0,2.77081
15399680.0,2.768682
15415050.0,2.766557
15430420.0,2.764436
15445790.0,2.762319
15461160.0,2.760206
15476530.0,2.758096
15491900.0,2.75599
15499840.0,2.754898
15507780.0,2.753808
15515720.0,2.752718
15523660.0,2.75163
15531600.0,2.750542
15539540.0,2.749456
15547480.0,2.74837
15555420.0,2.747285
15563360.0,2.746202
15571300.0,2.745119
15579240.0,2.744037
15587180.0,2.742957
15595120.0,2.741877
15603060.0,2.740798
15611000.0,2.73972
15618930.0,2.738645
15626870.0,2.737569
15634810.0,2.736494
15642750.0,2.73542
15650690.0,2.734347
15658630.0,2.733275
15666570.0,2.732204
15674510.0,2.731134
15682440.0,2.730066
15690380.0,2.728998
15698320.0,2.727931
15706260.0,2.726865
15714200.0,2.7258
15722140.0,2.724735
15730080.0,2.723672
15738020.0,2.722609
15745950.0,2.721549
15753890.0,2.720489
15761830.0,2.719429
15769770.0,2.718371
15777710.0,2.717313
15785650.0,2.716256
15793590.0,2.7152
15801530.0,2.714146
15809470.0,2.713092
15817410.0,2.712039
15825350.0,2.710987
15833290.0,2.709935
15841230.0,2.708885
15849170.0,2.707836
15857110.0,2.706788
15865050.0,2.70574
15872980.0,2.704695
15880920.0,2.70365
15888860.0,2.702605
15904740.0,2.700519
15920620.0,2.698436
15936490.0,2.696358
15952370.0,2.694283
15968250.0,2.692211
15984130.0,2.690143
16000000.0,2.68808
16009800.0,2.686373
16019600.0,2.684668
16029400.0,2.682965
16039190.0,2.681265
16048990.0,2.679567
16058790.0,2.67787
16068590.0,2.676175
16078380.0,2.674485
16088180.0,2.672794
16097980.0,2.671106
16107780.0,2.66942
16117570.0,2.667737
16127370.0,2.666055
16137160.0,2.664377
16146960.0,2.662699
16156750.0,2.661025
16166550.0,2.659351
16176350.0,2.65768
16186150.0,2.65601
16195940.0,2.654344
16205740.0,2.652679
16215540.0,2.651016
16225340.0,2.649354
16235130.0,2.647697
16244930.0,2.646039
16254730.0,2.644384
16264530.0,2.642731
16274320.0,2.641081
16284120.0,2.639432
16293910.0,2.637787
16303710.0,2.636141
16313500.0,2.6345
16324230.0,2.632636
16334960.0,2.630775
16345690.0,2.628916
16356410.0,2.627061
16367140.0,2.625207
16377870.0,2.623356
16388600.0,2.621507
16399320.0,2.619662
16410050.0,2.617819
16420780.0,2.615977
16431510.0,2.614139
16442230.0,2.612304
16452960.0,2.61047
16463680.0,2.608641
16474410.0,2.606812
16485130.0,2.604987
16495860.0,2.603163
16506590.0,2.601342
16517320.0,2.599523
16528040.0,2.597708
16538770.0,2.595894
16549490.0,2.594084
16560220.0,2.592274
16570940.0,2.590469
16581670.0,2.588665
16592400.0,2.586863
16603130.0,2.585063
16613850.0,2.583268
16624580.0,2.581473
16635300.0,2.579683
16646030.0,2.577893
16656750.0,2.576107
16667480.0,2.574322
16678210.0,2.572539
16688940.0,2.570759
16699660.0,2.568982
16710390.0,2.567207
16721120.0,2.565433
16731850.0,2.563662
16742570.0,2.561896
16753300.0,2.560129
16764030.0,2.558366
16774760.0,2.556604
16785480.0,2.554847
16796210.0,2.55309
16806930.0,2.551337
16817660.0,2.549585
16828380.0,2.547836
16839110.0,2.546089
16849840.0,2.544344
16860570.0,2.542601
16871290.0,2.540862
16882020.0,2.539123
16892740.0,2.537389
16903470.0,2.535655
16914190.0,2.533925
16924920.0,2.532196
16935650.0,2.530469
16946380.0,2.528745
16957100.0,2.527024
16967830.0,2.525304
16978550.0,2.523587
16989280.0,2.521872
17000000.0,2.52016
17010550.0,2.518448
17021100.0,2.516738
17031650.0,2.515031
17042190.0,2.513327
17052740.0,2.511624
17063290.0,2.509923
17073840.0,2.508224
17084380.0,2.506529
17094930.0,2.504834
17105480.0,2.503142
17116030.0,2.501452
17126570.0,2.499766
17137120.0,2.49808
17147660.0,2.496398
17158210.0,2.494717
17168750.0,2.49304
17179300.0,2.491363
17189850.0,2.489688
17200400.0,2.488015
17210940.0,2.486346
17221490.0,2.484678
17232040.0,2.483011
17242590.0,2.481347
17253130.0,2.479687
17263680.0,2.478027
17274230.0,2.476369
17284780.0,2.474714
17295320.0,2.473062
17305870.0,2.47141
17316410.0,2.469763
17326960.0,2.468115
17337500.0,2.466472
17348050.0,2.464829
17358600.0,2.463188
17369150.0,2.461549
17379690.0,2.459914
17390240.0,2.458279
17400790.0,2.456647
17411340.0,2.455016
17421880.0,2.45339
17432430.0,2.451763
17442980.0,2.450139
17453530.0,2.448517
17464070.0,2.446898
17474620.0,2.44528
17485160.0,2.443665
17495710.0,2.442051
17506250.0,2.440441
17516800.0,2.438831
17527350.0,2.437223
17537900.0,2.435617
17548440.0,2.434014
17558990.0,2.432413
17569540.0,2.430813
17580090.0,2.429215
17590630.0,2.42762
17601180.0,2.426027
17611730.0,2.424435
17622280.0,2.422845
17632820.0,2.421259
17643370.0,2.419673
17653910.0,2.41809
17664460.0,2.416508
17675000.0,2.41493
17685160.0,2.413415
17695320.0,2.411902
17705480.0,2.410391
17715630.0,2.408883
17725790.0,2.407376
17735940.0,2.405871
17746100.0,2.404367
17756250.0,2.402867
17766410.0,2.401366
17776570.0,2.399868
17786730.0,2.398371
17796880.0,2.396878
17807040.0,2.395384
17817190.0,2.393894
17827350.0,2.392405
17837500.0,2.390918
17847660.0,2.389432
17857820.0,2.387948
17867980.0,2.386465
17878130.0,2.384986
17888290.0,2.383507
17898440.0,2.382031
17908600.0,2.380556
17918750.0,2.379083
17928910.0,2.377611
17939070.0,2.376141
17949230.0,2.374672
17959380.0,2.373207
17969540.0,2.371742
17979690.0,2.37028
17989850.0,2.368818
18000000.0,2.36736
18015970.0,2.364637
18031930.0,2.361921
18047890.0,2.359211
18063850.0,2.356506
18079820.0,2.353805
18095780.0,2.351111
18111740.0,2.348423
18127700.0,2.34574
18154960.0,2.340985
18182220.0,2.336246
18209480.0,2.331524
18236740.0,2.326818
18264000.0,2.322129
18291260.0,2.317457
18318520.0,2.312801
18345780.0,2.308161
18373040.0,2.303537
18400300.0,2.298929
18427560.0,2.294338
18454820.0,2.289762
18482080.0,2.285202
18509340.0,2.280658
18536600.0,2.27613
18563850.0,2.271618
18591110.0,2.267121
18618370.0,2.26264
18645630.0,2.258173
18672890.0,2.253722
18700150.0,2.249286
18727410.0,2.244866
18754670.0,2.24046
18781930.0,2.23607
18809190.0,2.231694
18836450.0,2.227334
18863710.0,2.222988
18890970.0,2.218657
18918230.0,2.21434
18945490.0,2.210039
18972750.0,2.205751
19000000.0,2.20148
19036720.0,2.195584
19073440.0,2.189715
19110160.0,2.183872
19146880.0,2.178057
19183600.0,2.172268
19220320.0,2.166506
19257040.0,2.160769
19293750.0,2.155061
19330470.0,2.149377
19367190.0,2.143718
19403910.0,2.138085
19440630.0,2.132478
19477350.0,2.126895
19514070.0,2.121338
19550790.0,2.115806
19587500.0,2.1103
19639070.0,2.102611
19690630.0,2.094972
19742190.0,2.08738
19793750.0,2.079836
19845320.0,2.072336
19896880.0,2.064885
19948440.0,2.05748
20000000.0,2.05012
