1e-05,3.63
1.03125e-05,3.63
1.0625e-05,3.63
1.09375e-05,3.63
1.125e-05,3.63
1.15625e-05,3.63
1.1875e-05,3.63
1.21875e-05,3.63
1.25e-05,3.63
1.28125e-05,3.63
1.3125e-05,3.63
1.34375e-05,3.63
1.375e-05,3.63
1.4375e-05,3.63
1.5e-05,3.63
1.5625e-05,3.63
1.625e-05,3.63
1.6875e-05,3.63
1.75e-05,3.63
1.8125e-05,3.63
1.875e-05,3.63
1.9375e-05,3.63
2e-05,3.63
2.09375e-05,3.63
2.1875e-05,3.63
2.28125e-05,3.63
2.375e-05,3.63
2.46875e-05,3.63
2.5625e-05,3.63
2.65625e-05,3.63
2.75e-05,3.63
2.84375e-05,3.63
2.9375e-05,3.63
3.03125e-05,3.63
3.125e-05,3.63
3.21875e-05,3.63
3.3125e-05,3.63
3.40625e-05,3.63
3.5e-05,3.63
3.59375e-05,3.63
3.6875e-05,3.63
3.78125e-05,3.63
3.875e-05,3.63
3.96875e-05,3.63
4.0625e-05,3.63
4.25e-05,3.63
4.4375e-05,3.63
4.625e-05,3.63
4.8125e-05,3.63
5e-05,3.63
5.15625e-05,3.63
5.3125e-05,3.63
5.46875e-05,3.63
5.625e-05,3.63
5.78125e-05,3.63
5.9375e-05,3.63
6.09375e-05,3.63
6.25e-05,3.63
6.40625e-05,3.63
6.5625e-05,3.63
6.71875e-05,3.63
6.875e-05,3.63
7.1875e-05,3.63
7.5e-05,3.63
7.8125e-05,3.63
8.125e-05,3.63
8.4375e-05,3.63
8.75e-05,3.63
9.0625e-05,3.63
9.375e-05,3.63
9.6875e-05,3.63
0.0001,3.63
0.000103125,3.63
0.00010625,3.63
0.000109375,3.63
0.0001125,3.63
0.000115625,3.63
0.00011875,3.63
0.000121875,3.63
0.000125,3.63
0.000128125,3.63
0.00013125,3.63
0.000134375,3.63
0.0001375,3.63
0.00014375,3.63
0.00015,3.63
0.00015625,3.63
0.0001625,3.63
0.00016875,3.63
0.000175,3.63
0.00018125,3.63
0.0001875,3.63
0.00019375,3.63
0.0002,3.63
0.000209375,3.63
0.00021875,3.63
0.000228125,3.63
0.0002375,3.63
0.000246875,3.63
0.00025625,3.63
0.000265625,3.63
0.000275,3.63
0.000284375,3.63
0.00029375,3.63
0.000303125,3.63
0.0003125,3.63
0.000321875,3.63
0.00033125,3.63
0.000340625,3.63
0.00035,3.63
0.000359375,3.63
0.00036875,3.63
0.000378125,3.63
0.0003875,3.63
0.000396875,3.63
0.00040625,3.63
0.000425,3.63
0.00044375,3.63
0.0004625,3.63
0.00048125,3.63
0.0005,3.63
0.000515625,3.63
0.00053125,3.63
0.000546875,3.63
0.0005625,3.63
0.000578125,3.63
0.00059375,3.63
0.000609375,3.63
0.000625,3.63
0.000640625,3.63
0.00065625,3.63
0.000671875,3.63
0.0006875,3.63
0.00071875,3.63
0.00075,3.63
0.00078125,3.63
0.0008125,3.63
0.00084375,3.63
0.000875,3.63
0.00090625,3.63
0.0009375,3.63
0.00096875,3.63
0.001,3.63
0.00103125,3.63
0.0010625,3.63
0.00109375,3.63
0.001125,3.63
0.00115625,3.63
0.0011875,3.63
0.00121875,3.63
0.00125,3.63
0.00128125,3.63
0.0013125,3.63
0.00134375,3.63
0.001375,3.63
0.0014375,3.63
0.0015,3.63
0.0015625,3.63
0.001625,3.63
0.0016875,3.63
0.00175,3.63
0.0018125,3.63
0.001875,3.63
0.0019375,3.63
0.002,3.63
0.00209375,3.63
0.0021875,3.63
0.00228125,3.63
0.002375,3.63
0.00246875,3.63
0.0025625,3.63
0.00265625,3.63
0.00275,3.63
0.00284375,3.63
0.0029375,3.63
0.00303125,3.63
0.003125,3.63
0.00321875,3.63
0.0033125,3.63
0.00340625,3.63
0.0035,3.63
0.00359375,3.63
0.0036875,3.63
0.00378125,3.63
0.003875,3.63
0.00396875,3.63
0.0040625,3.63
0.00425,3.63
0.0044375,3.63
0.004625,3.63
0.0048125,3.63
0.005,3.63
0.00515625,3.63
0.0053125,3.63
0.00546875,3.63
0.005625,3.63
0.00578125,3.63
0.0059375,3.63
0.00609375,3.63
0.00625,3.63
0.00640625,3.63
0.0065625,3.63
0.00671875,3.63
0.006875,3.63
0.0071875,3.63
0.0075,3.63
0.0078125,3.63
0.008125,3.63
0.0084375,3.63
0.00875,3.63
0.0090625,3.63
0.009375,3.63
0.0096875,3.63
0.01,3.63
0.0103125,3.63
0.010625,3.63
0.0109375,3.63
0.01125,3.63
0.0115625,3.63
0.011875,3.63
0.0121875,3.63
0.0125,3.63
0.0128125,3.63
0.013125,3.63
0.0134375,3.63
0.01375,3.63
0.014375,3.63
0.015,3.63
0.015625,3.63
0.01625,3.63
0.016875,3.63
0.0175,3.63
0.018125,3.63
0.01875,3.63
0.019375,3.63
0.02,3.63
0.0206625,3.63
0.021325,3.63
0.0219875,3.63
0.02265,3.63
0.0233125,3.63
0.023975,3.63
0.0246375,3.63
0.0253,3.63
0.02607188,3.63
0.02684375,3.63
0.02761563,3.63
0.0283875,3.63
0.02915938,3.63
0.02993125,3.63
0.03070313,3.63
0.031475,3.63
0.03224688,3.63
0.03301875,3.63
0.0345625,3.63
0.03610625,3.63
0.03765,3.63
0.03919375,3.63
0.0407375,3.63
0.04228125,3.63
0.043825,3.63
0.04536875,3.63
0.0469125,3.63
0.04845625,3.63
0.05,3.63
0.0515625,3.63
0.053125,3.63
0.0546875,3.63
0.05625,3.63
0.0578125,3.63
0.059375,3.63
0.0609375,3.63
0.0625,3.63
0.0640625,3.63
0.065625,3.63
0.0671875,3.63
0.06875,3.63
0.071875,3.63
0.075,3.63
0.078125,3.63
0.08125,3.63
0.084375,3.63
0.0875,3.63
0.090625,3.63
0.09375,3.63
0.096875,3.63
0.1,3.63
0.103125,3.63
0.10625,3.63
0.109375,3.63
0.1125,3.63
0.115625,3.63
0.11875,3.63
0.121875,3.63
0.125,3.63
0.128125,3.63
0.13125,3.63
0.134375,3.63
0.1375,3.63
0.14375,3.63
0.15,3.63
0.15625,3.63
0.1625,3.63
0.16875,3.63
0.175,3.63
0.18125,3.63
0.1875,3.63
0.19375,3.63
0.2,3.63
0.209375,3.63
0.21875,3.63
0.228125,3.63
0.2375,3.63
0.246875,3.63
0.25625,3.63
0.265625,3.63
0.275,3.63
0.284375,3.63
0.29375,3.63
0.303125,3.63
0.3125,3.63
0.321875,3.63
0.33125,3.63
0.340625,3.63
0.35,3.63
0.359375,3.63
0.36875,3.63
0.378125,3.63
0.3875,3.63
0.396875,3.63
0.40625,3.63
0.425,3.63
0.44375,3.63
0.4625,3.63
0.48125,3.63
0.5,3.63
0.53125,3.63
0.5625,3.63
0.59375,3.63
0.625,3.63
0.65625,3.63
0.6875,3.63
0.71875,3.63
0.75,3.63
0.78125,3.63
0.8125,3.63
0.84375,3.63
0.875,3.63
0.9375,3.63
1.0,3.63
1.0625,3.63
1.125,3.63
1.1875,3.63
1.25,3.63
1.3125,3.63
1.375,3.63
1.4375,3.63
1.5,3.63
1.5625,3.63
1.625,3.63
1.6875,3.63
1.75,3.63
1.875,3.63
2.0,3.63
2.09375,3.63
2.1875,3.63
2.28125,3.63
2.375,3.63
2.46875,3.63
2.5625,3.63
2.65625,3.63
2.75,3.63
2.9375,3.63
3.0,3.63
3.007813,3.63
3.015625,3.63
3.03125,3.63
3.0625,3.63
3.09375,3.63
3.125,3.63
3.171875,3.63
3.21875,3.63
3.265625,3.63
3.3125,3.63
3.40625,3.63
3.5,3.63
3.59375,3.63
3.6875,3.63
3.78125,3.63
3.875,3.63
4.0625,3.63
4.25,3.63
4.4375,3.63
4.625,3.63
4.8125,3.63
5.0,3.63
5.299999,3.63
5.300001,17.17878
5.593751,17.08782
5.887501,17.00196
6.181251,16.92069
6.475001,16.84355
6.768751,16.77016
7.062501,16.70019
7.650001,16.56937
8.237501,16.44915
8.825001,16.338
9.412501,16.23469
10.0,16.13824
10.625,16.09193
11.25,16.04839
11.875,16.00731
12.5,15.96844
13.75,15.89286
15.0,15.82418
16.0,15.77168
17.0,15.72253
18.5,15.65224
20.0,15.58771
21.25,15.53599
22.5,15.48738
23.75,15.44153
25.0,15.39817
26.25,15.35578
27.5,15.31547
30.0,15.24036
32.5,15.1702
35.0,15.10553
37.5,15.04475
40.0,14.98812
42.5,14.9345
45.0,14.88412
47.5,14.83662
50.0,14.7917
52.5,14.7488
55.0,14.708
60.0,14.63201
63.0,14.58955
66.0,14.54918
72.0,14.47397
78.5,14.39996
85.0,14.33217
92.5,14.261
100.0,14.19569
106.25,14.09133
112.5,13.99364
118.75,13.90186
125.0,13.81534
131.25,13.73046
137.5,13.65002
150.0,13.50083
160.0,13.38836
170.0,13.28356
185.0,13.1355
200.0,13.00045
212.5,12.88671
225.0,12.78038
237.5,12.68061
250.0,12.58668
262.5,12.4953
275.0,12.4088
287.5,12.3267
300.0,12.2486
312.5,12.17059
325.0,12.0961
337.5,12.02486
350.0,11.9566
375.0,11.82579
400.0,11.70473
425.0,11.58761
450.0,11.47825
475.0,11.37576
500.0,11.27938
525.0,11.18574
550.0,11.09717
575.0,11.0132
600.0,10.9334
630.0,10.84006
660.0,10.7518
690.0,10.66813
720.0,10.58864
760.0,10.48726
800.0,10.39197
850.0,10.27831
900.0,10.17228
950.0,10.07299
1000.0,9.979695
1062.5,9.868114
1125.0,9.764056
1187.5,9.666636
1250.0,9.575112
1312.5,9.48802
1375.0,9.405717
1437.5,9.327741
1500.0,9.25369
1600.0,9.141231
1700.0,9.036838
1775.0,8.962987
1850.0,8.89276
2000.0,8.761956
2125.0,8.660839
2250.0,8.566572
2375.0,8.478347
2500.0,8.395489
2625.0,8.317565
2750.0,8.243941
2875.0,8.174199
3000.0,8.107979
3250.0,7.985032
3500.0,7.872863
3750.0,7.770528
4000.0,7.676005
4250.0,7.589217
4500.0,7.508291
4750.0,7.432535
5000.0,7.361373
5250.0,7.295414
5500.0,7.233075
6000.0,7.117901
6500.0,7.016065
7000.0,6.923079
7500.0,6.839621
8000.0,6.762463
8500.0,6.693412
9000.0,6.628956
9500.0,6.568556
10000.0,6.511764
10625.0,6.449187
11250.0,6.390739
11875.0,6.33594
12500.0,6.284386
13750.0,6.196339
15000.0,6.117036
16000.0,6.062324
17000.0,6.011375
18500.0,5.946003
20000.0,5.886361
21250.0,5.845417
22500.0,5.807076
25000.0,5.737058
27500.0,5.68217
30000.0,5.632519
32500.0,5.592409
35000.0,5.555527
37500.0,5.525287
40000.0,5.497148
42500.0,5.474336
45000.0,5.452915
47500.0,5.432729
50000.0,5.413648
50156.25,5.412661
50312.5,5.411677
50625.0,5.409719
50937.5,5.407774
51250.0,5.405842
51875.0,5.402014
52500.0,5.398234
53125.0,5.394502
53750.0,5.390816
55000.0,5.383578
56250.0,5.376513
57500.0,5.369611
58750.0,5.362867
60000.0,5.356273
61250.0,5.350518
62500.0,5.344886
65000.0,5.333968
67500.0,5.323483
70000.0,5.313399
72500.0,5.304436
75000.0,5.295792
77500.0,5.287444
80000.0,5.279374
82499.99,5.271954
84999.98,5.264766
87499.97,5.257796
89999.95,5.25103
92499.94,5.244459
94999.93,5.23807
99999.9,5.225805
100000.1,5.21392
103125.1,5.213674
106250.1,5.213435
109375.1,5.213204
112500.1,5.212979
115625.1,5.21276
118750.1,5.212547
121875.1,5.212339
125000.1,5.212137
131250.1,5.211747
137500.1,5.211375
143750.1,5.21102
150000.0,5.21068
153125.0,5.213745
156250.0,5.21675
162500.0,5.222589
168750.0,5.228214
175000.0,5.23364
181250.0,5.23888
187500.0,5.243948
193750.0,5.248855
200000.0,5.25361
206250.0,5.262683
212500.0,5.2715
218750.0,5.280076
225000.0,5.288423
231250.0,5.296554
237500.0,5.304481
250000.0,5.31976
253801.0,5.3254
253801.5,5.3254
254466.3,5.325285
255131.0,5.32517
256467.0,5.32494
259162.0,5.32446
261885.0,5.32397
264637.0,5.32345
267432.0,5.322907
270227.0,5.32237
275935.0,5.32121
281764.0,5.31998
287716.0,5.31868
293858.0,5.31727
300000.0,5.31589
309969.0,5.326523
319938.0,5.33684
330569.5,5.347453
341201.0,5.35775
352915.8,5.36866
364630.5,5.379235
376345.3,5.389496
388060.0,5.39946
388992.4,5.40064
389924.7,5.401817
391789.4,5.404164
395518.8,5.408828
399248.2,5.413453
402977.5,5.418037
410436.3,5.427093
417895.0,5.436
419177.9,5.43778
420460.8,5.439555
423026.6,5.443091
428158.2,5.450105
433289.8,5.457045
438421.3,5.463911
443552.9,5.470706
448684.4,5.477431
458947.5,5.490678
469210.7,5.503663
479473.8,5.516397
489736.9,5.528889
500000.0,5.54115
511728.3,5.556356
523456.5,5.571259
535184.8,5.585869
546913.0,5.6002
548198.0,5.601208
549483.0,5.602214
552053.0,5.60422
553612.2,5.60587
555171.4,5.607515
558289.8,5.610794
564526.5,5.617302
570763.3,5.623746
577000.0,5.630127
583236.8,5.636447
589473.5,5.642707
601947.0,5.65505
603178.6,5.656241
604410.2,5.657429
606873.4,5.6598
611799.7,5.664516
616726.0,5.669198
621652.3,5.673846
631504.9,5.683044
641357.5,5.692115
651210.2,5.701061
661062.8,5.709887
680768.0,5.72719
683172.0,5.729188
685576.0,5.73118
690384.0,5.735145
695192.0,5.739085
700000.0,5.743
700625.0,5.74372
702439.0,5.74517
703963.4,5.745662
705487.8,5.746153
708536.6,5.747131
714634.2,5.749076
720731.8,5.751005
726829.3,5.752919
739024.4,5.7567
751219.5,5.760422
763414.7,5.764086
775609.8,5.767694
787804.9,5.771248
800000.0,5.77475
804885.0,5.77646
823714.5,5.782621
842544.0,5.78865
844339.5,5.788995
846135.0,5.789339
849726.0,5.790024
856908.0,5.791387
864090.0,5.79274
871272.0,5.794081
885636.0,5.796731
900000.0,5.79934
924139.5,5.800944
948279.0,5.802508
972418.5,5.804032
996558.0,5.80552
1000000.0,5.80538
1003811.0,5.805026
1007622.0,5.804674
1015243.0,5.803974
1022864.0,5.803279
1030485.0,5.802589
1045728.0,5.801224
1060970.0,5.79988
1064623.0,5.799262
1068275.0,5.798646
1075580.0,5.79742
1075583.0,5.797419
1078179.0,5.796867
1080774.0,5.796316
1085965.0,5.795219
1096350.0,5.79304
1098751.0,5.791279
1101152.0,5.789522
1105954.0,5.786021
1115557.0,5.779073
1125160.0,5.772192
1134763.0,5.765378
1153969.0,5.751944
1173175.0,5.738762
1192382.0,5.725824
1211588.0,5.713121
1230794.0,5.700646
1250000.0,5.68839
1264914.0,5.667232
1279828.0,5.646399
1294742.0,5.625882
1309655.0,5.605676
1324569.0,5.585768
1339483.0,5.566152
1354397.0,5.546822
1369310.0,5.52777
1385647.0,5.506346
1401983.0,5.485255
1418319.0,5.464489
1434655.0,5.444037
1450992.0,5.423891
1467328.0,5.404046
1483664.0,5.384491
1500000.0,5.36522
1515625.0,5.338668
1531250.0,5.312517
1546875.0,5.286758
1562500.0,5.261381
1578125.0,5.236376
1593750.0,5.211735
1609375.0,5.187449
1625000.0,5.163508
1640625.0,5.139906
1656250.0,5.116634
1671875.0,5.093684
1687500.0,5.071049
1703125.0,5.048722
1718750.0,5.026696
1734375.0,5.004964
1750000.0,4.98352
1765625.0,4.957451
1781250.0,4.931747
1796875.0,4.906398
1812500.0,4.881397
1828125.0,4.856737
1843750.0,4.83241
1859375.0,4.808408
1875000.0,4.784725
1890625.0,4.761354
1906250.0,4.738288
1921875.0,4.71552
1937500.0,4.693045
1953125.0,4.670856
1968750.0,4.648948
1984375.0,4.627314
2000000.0,4.60595
2026670.0,4.563783
2053340.0,4.522547
2080010.0,4.482208
2106680.0,4.442735
2133350.0,4.404101
2160020.0,4.366276
2186690.0,4.329234
2213360.0,4.29295
2242877.0,4.251085
2272393.0,4.210169
2301909.0,4.170167
2331425.0,4.131048
2360942.0,4.09278
2390458.0,4.055336
2419974.0,4.018688
2449490.0,3.98281
2481328.0,3.943067
2513165.0,3.90422
2545003.0,3.866237
2576840.0,3.82909
2593587.0,3.809222
2610333.0,3.789586
2627079.0,3.770175
2643825.0,3.750986
2660572.0,3.732014
2677318.0,3.713257
2694064.0,3.69471
2710810.0,3.67637
2728427.0,3.656629
2746043.0,3.637122
2763659.0,3.617842
2781275.0,3.598786
2798892.0,3.579949
2816508.0,3.561328
2834124.0,3.54292
2851740.0,3.52472
2880290.0,3.49503
2908840.0,3.46588
2914538.0,3.459993
2920235.0,3.454128
2925933.0,3.448283
2931630.0,3.442461
2937328.0,3.436658
2943025.0,3.430878
2948723.0,3.425118
2954420.0,3.419379
2960118.0,3.41366
2965815.0,3.407963
2971513.0,3.402285
2977210.0,3.396628
2982908.0,3.390991
2988605.0,3.385374
2994303.0,3.379777
3000000.0,3.3742
3006991.0,3.367588
3013982.0,3.361005
3020973.0,3.35445
3027964.0,3.347922
3034955.0,3.341422
3041946.0,3.33495
3048937.0,3.328505
3055928.0,3.322088
3062919.0,3.315697
3069910.0,3.309333
3076901.0,3.302996
3083892.0,3.296685
3090883.0,3.290401
3097874.0,3.284142
3104865.0,3.27791
3111855.0,3.271704
3118846.0,3.265523
3125837.0,3.259368
3132828.0,3.253238
3139819.0,3.247133
3146810.0,3.241053
3153801.0,3.234998
3160792.0,3.228967
3167783.0,3.222962
3174774.0,3.21698
3181765.0,3.211023
3188756.0,3.205089
3195747.0,3.19918
3202738.0,3.193295
3209729.0,3.187433
3216720.0,3.181594
3223710.0,3.17578
3231223.0,3.169317
3238735.0,3.162884
3246247.0,3.156478
3253759.0,3.1501
3261272.0,3.143749
3268784.0,3.137426
3276296.0,3.13113
3283808.0,3.124861
3291321.0,3.118618
3298833.0,3.112403
3306345.0,3.106214
3313857.0,3.100051
3321369.0,3.093915
3328881.0,3.087805
3336393.0,3.08172
3343905.0,3.075661
3351418.0,3.069627
3358930.0,3.063618
3366442.0,3.057635
3373954.0,3.051677
3381467.0,3.045743
3388979.0,3.039834
3396491.0,3.03395
3404003.0,3.02809
3411516.0,3.022254
3419028.0,3.016443
3426540.0,3.010655
3434052.0,3.004891
3441564.0,2.999151
3449076.0,2.993434
3456588.0,2.98774
3464100.0,2.98207
3472028.0,2.975942
3479955.0,2.969841
3487883.0,2.963765
3495810.0,2.957716
3503738.0,2.951693
3511665.0,2.945696
3519593.0,2.939725
3527520.0,2.933779
3535448.0,2.927858
3543375.0,2.921963
3551303.0,2.916092
3559230.0,2.910247
3567158.0,2.904426
3575085.0,2.89863
3583013.0,2.892857
3590940.0,2.88711
3599158.0,2.881064
3607375.0,2.875045
3615593.0,2.869051
3623810.0,2.863084
3632028.0,2.857143
3640245.0,2.851228
3648463.0,2.845337
3656680.0,2.839473
3664898.0,2.833633
3673115.0,2.827819
3681333.0,2.822029
3689550.0,2.816265
3697768.0,2.810524
3705985.0,2.804809
3714203.0,2.799117
3722420.0,2.79345
3730939.0,2.787488
3739457.0,2.781554
3747975.0,2.775645
3756493.0,2.769762
3765011.0,2.763905
3773529.0,2.758074
3782047.0,2.752268
3790565.0,2.746487
3799084.0,2.740731
3807602.0,2.735
3816120.0,2.729294
3824638.0,2.723613
3833156.0,2.717956
3841674.0,2.712323
3850192.0,2.706715
3858710.0,2.70113
3867462.0,2.695333
3876213.0,2.689562
3884964.0,2.683816
3893715.0,2.678095
3902467.0,2.672399
3911218.0,2.666728
3919969.0,2.661082
3928720.0,2.65546
3937630.0,2.649707
3946540.0,2.64398
3955450.0,2.638278
3964360.0,2.632601
3973270.0,2.626949
3982180.0,2.621321
3991090.0,2.615718
4000000.0,2.61014
4007172.0,2.60695
4014344.0,2.603769
4021516.0,2.600598
4028687.0,2.597437
4035859.0,2.594285
4043030.0,2.591143
4050202.0,2.588009
4057373.0,2.584886
4064545.0,2.581771
4071716.0,2.578666
4078888.0,2.57557
4086059.0,2.572483
4093231.0,2.569405
4100402.0,2.566336
4107574.0,2.563276
4114745.0,2.560226
4121917.0,2.557184
4129089.0,2.55415
4136261.0,2.551126
4143432.0,2.548111
4150604.0,2.545104
4157775.0,2.542107
4164947.0,2.539117
4172118.0,2.536137
4179290.0,2.533165
4186461.0,2.530202
4193633.0,2.527247
4200804.0,2.524301
4207976.0,2.521363
4215147.0,2.518434
4222319.0,2.515512
4229490.0,2.5126
4237073.0,2.509488
4244656.0,2.506385
4252239.0,2.503291
4259822.0,2.500207
4267405.0,2.497132
4274988.0,2.494066
4282571.0,2.491009
4290153.0,2.487962
4297736.0,2.484924
4305319.0,2.481895
4312902.0,2.478875
4320484.0,2.475864
4328067.0,2.472861
4335650.0,2.469868
4343233.0,2.466883
4350815.0,2.463908
4358398.0,2.460941
4365981.0,2.457982
4373564.0,2.455033
4381147.0,2.452092
4388730.0,2.449159
4396313.0,2.446235
4403896.0,2.44332
4411478.0,2.440414
4419061.0,2.437515
4426644.0,2.434625
4434227.0,2.431743
4441809.0,2.42887
4449392.0,2.426005
4456975.0,2.423149
4464558.0,2.4203
4472140.0,2.41746
4480047.0,2.414481
4487953.0,2.411512
4495859.0,2.408551
4503765.0,2.405599
4511672.0,2.402656
4519578.0,2.399722
4527484.0,2.396796
4535390.0,2.393879
4543297.0,2.39097
4551203.0,2.388071
4559109.0,2.38518
4567015.0,2.382297
4574922.0,2.379422
4582828.0,2.376556
4590734.0,2.373699
4598640.0,2.37085
4606770.0,2.367913
4614899.0,2.364984
4623029.0,2.362065
4631158.0,2.359154
4639288.0,2.356252
4647417.0,2.353358
4655546.0,2.350474
4663675.0,2.347597
4671805.0,2.344729
4679934.0,2.34187
4688064.0,2.339019
4696193.0,2.336177
4704323.0,2.333342
4712452.0,2.330517
4720581.0,2.327699
4728710.0,2.32489
4737012.0,2.322019
4745313.0,2.319157
4753614.0,2.316303
4761915.0,2.313457
4770217.0,2.31062
4778518.0,2.307792
4786819.0,2.304972
4795120.0,2.30216
4803538.0,2.299309
4811955.0,2.296467
4820373.0,2.293633
4828790.0,2.290808
4837208.0,2.287991
4845625.0,2.285182
4854043.0,2.282382
4862460.0,2.27959
4870997.0,2.27676
4879533.0,2.27394
4888069.0,2.271127
4896605.0,2.268323
4905142.0,2.265527
4913678.0,2.26274
4922214.0,2.259961
4930750.0,2.25719
4939407.0,2.254382
4948063.0,2.251582
4956719.0,2.248791
4965375.0,2.246009
4974032.0,2.243234
4982688.0,2.240468
4991344.0,2.23771
5000000.0,2.23496
5007287.0,2.234202
5014574.0,2.233445
5021861.0,2.232689
5029148.0,2.231935
5036435.0,2.231182
5043722.0,2.230431
5051009.0,2.229681
5058295.0,2.228932
5065582.0,2.228185
5072869.0,2.227438
5080156.0,2.226694
5087443.0,2.22595
5094730.0,2.225208
5102017.0,2.224467
5109304.0,2.223727
5116590.0,2.222989
5123877.0,2.222252
5131164.0,2.221516
5138451.0,2.220782
5145738.0,2.220049
5153025.0,2.219317
5160312.0,2.218586
5167599.0,2.217857
5174885.0,2.217129
5182172.0,2.216402
5189459.0,2.215677
5196746.0,2.214953
5204033.0,2.21423
5211320.0,2.213508
5218607.0,2.212787
5225894.0,2.212068
5233180.0,2.21135
5240807.0,2.210598
5248434.0,2.209848
5256061.0,2.209099
5263687.0,2.208352
5271314.0,2.207606
5278940.0,2.206861
5286567.0,2.206118
5294193.0,2.205376
5301820.0,2.204635
5309446.0,2.203895
5317073.0,2.203157
5324699.0,2.20242
5332326.0,2.201685
5339952.0,2.20095
5347579.0,2.200217
5355205.0,2.199486
5362832.0,2.198755
5370459.0,2.198026
5378086.0,2.197298
5385712.0,2.196571
5393339.0,2.195846
5400965.0,2.195122
5408592.0,2.194399
5416218.0,2.193678
5423845.0,2.192957
5431471.0,2.192238
5439098.0,2.19152
5446724.0,2.190804
5454351.0,2.190089
5461977.0,2.189375
5469604.0,2.188662
5477230.0,2.18795
5485122.0,2.187214
5493013.0,2.186479
5500904.0,2.185746
5508795.0,2.185014
5516687.0,2.184283
5524578.0,2.183554
5532469.0,2.182826
5540360.0,2.182099
5548252.0,2.181374
5556143.0,2.180649
5564034.0,2.179926
5571925.0,2.179205
5579817.0,2.178484
5587708.0,2.177765
5595599.0,2.177047
5603490.0,2.17633
5611564.0,2.175599
5619637.0,2.17487
5627710.0,2.174141
5635783.0,2.173414
5643856.0,2.172689
5651929.0,2.171964
5660002.0,2.171241
5668075.0,2.170519
5676149.0,2.169799
5684222.0,2.16908
5692295.0,2.168361
5700368.0,2.167645
5708441.0,2.166929
5716514.0,2.166215
5724587.0,2.165502
5732660.0,2.16479
5740873.0,2.164067
5749085.0,2.163345
5757298.0,2.162624
5765510.0,2.161905
5773723.0,2.161187
5781935.0,2.16047
5790148.0,2.159754
5798360.0,2.15904
5806667.0,2.158321
5814973.0,2.157602
5823279.0,2.156886
5831585.0,2.15617
5839892.0,2.155456
5848198.0,2.154742
5856504.0,2.154031
5864810.0,2.15332
5873212.0,2.152603
5881613.0,2.151887
5890014.0,2.151173
5898415.0,2.15046
5906817.0,2.149748
5915218.0,2.149037
5923619.0,2.148328
5932020.0,2.14762
5940518.0,2.146906
5949015.0,2.146193
5957513.0,2.145481
5966010.0,2.14477
5974508.0,2.144061
5983005.0,2.143353
5991503.0,2.142646
6000000.0,2.14194
6014734.0,2.145869
6029468.0,2.149795
6044202.0,2.153719
6058935.0,2.15764
6073669.0,2.161559
6088403.0,2.165475
6103137.0,2.16939
6117870.0,2.173301
6132604.0,2.177211
6147338.0,2.181118
6162072.0,2.185022
6176805.0,2.188924
6191539.0,2.192824
6206273.0,2.196722
6221007.0,2.200617
6235740.0,2.20451
6249417.0,2.208061
6263093.0,2.21161
6276769.0,2.215157
6290445.0,2.218701
6304122.0,2.222244
6317798.0,2.225785
6331474.0,2.229323
6345150.0,2.23286
6362099.0,2.233543
6379048.0,2.234225
6395997.0,2.234904
6412945.0,2.235583
6429894.0,2.236259
6446843.0,2.236935
6463792.0,2.237608
6480740.0,2.23828
6496502.0,2.238848
6512263.0,2.239415
6528024.0,2.23998
6543785.0,2.240545
6559547.0,2.241108
6575308.0,2.24167
6591069.0,2.24223
6606830.0,2.24279
6622898.0,2.243294
6638965.0,2.243797
6655033.0,2.244298
6671100.0,2.244799
6687168.0,2.245298
6703235.0,2.245797
6719303.0,2.246294
6735370.0,2.24679
6751670.0,2.247241
6767970.0,2.247692
6784270.0,2.248141
6800570.0,2.24859
6817030.0,2.249009
6833490.0,2.249427
6849950.0,2.249844
6866410.0,2.25026
6893755.0,2.250901
6921100.0,2.25154
6932880.0,2.24633
6962380.0,2.2333
6981190.0,2.234787
7000000.0,2.23627
7029703.0,2.243696
7059405.0,2.251115
7089108.0,2.258528
7118810.0,2.265934
7148513.0,2.273333
7178215.0,2.280725
7207918.0,2.288111
7237620.0,2.29549
7268332.0,2.302373
7299043.0,2.309248
7329754.0,2.316114
7360465.0,2.322972
7391177.0,2.329822
7421888.0,2.336663
7452599.0,2.343495
7483310.0,2.35032
7514798.0,2.356767
7546285.0,2.363204
7577773.0,2.369632
7609260.0,2.37605
7641280.0,2.38221
7673300.0,2.38836
7705320.0,2.3945
7737340.0,2.40063
7753550.0,2.403594
7769760.0,2.406555
7785970.0,2.409514
7802180.0,2.41247
7818528.0,2.415364
7834875.0,2.418255
7851223.0,2.421144
7867570.0,2.42403
7884055.0,2.426849
7900540.0,2.429665
7917025.0,2.432479
7933510.0,2.43529
7950133.0,2.438034
7966755.0,2.440775
7983378.0,2.443514
8000000.0,2.44625
8014942.0,2.449993
8029884.0,2.453735
8044826.0,2.457476
8059768.0,2.461215
8074710.0,2.464953
8089652.0,2.46869
8104594.0,2.472426
8119535.0,2.47616
8134477.0,2.479893
8149419.0,2.483625
8164361.0,2.487355
8179303.0,2.491085
8194245.0,2.494813
8209187.0,2.49854
8224129.0,2.502266
8239070.0,2.50599
8254459.0,2.509597
8269847.0,2.513203
8285235.0,2.516807
8300623.0,2.520409
8316011.0,2.52401
8331399.0,2.527609
8346787.0,2.531207
8362175.0,2.534804
8377564.0,2.538399
8392952.0,2.541992
8408340.0,2.545584
8423728.0,2.549174
8439116.0,2.552763
8454504.0,2.55635
8469892.0,2.559936
8485280.0,2.56352
8501012.0,2.567014
8516743.0,2.570505
8532474.0,2.573995
8548205.0,2.577484
8563937.0,2.58097
8579668.0,2.584455
8595399.0,2.587938
8611130.0,2.59142
8627095.0,2.594841
8643060.0,2.598261
8659025.0,2.601679
8674990.0,2.605094
8690955.0,2.608509
8706920.0,2.611921
8722885.0,2.615331
8738850.0,2.61874
8754993.0,2.622103
8771135.0,2.625464
8787278.0,2.628823
8803420.0,2.63218
8822665.0,2.636186
8841910.0,2.64019
8848548.0,2.642757
8855185.0,2.645324
8861823.0,2.647892
8868460.0,2.65046
8876652.0,2.653638
8884843.0,2.656817
8893034.0,2.659997
8901225.0,2.663178
8909417.0,2.66636
8917608.0,2.669542
8925799.0,2.672726
8933990.0,2.67591
8942242.0,2.679081
8950493.0,2.682253
8958744.0,2.685425
8966995.0,2.688598
8975247.0,2.691773
8983498.0,2.694948
8991749.0,2.698123
9000000.0,2.7013
9007507.0,2.702791
9015014.0,2.704282
9022521.0,2.705772
9030027.0,2.707262
9037534.0,2.708752
9045040.0,2.710241
9052547.0,2.711729
9060053.0,2.713217
9067560.0,2.714705
9075066.0,2.716192
9082573.0,2.71768
9090079.0,2.719166
9097586.0,2.720652
9105092.0,2.722138
9112599.0,2.723623
9120105.0,2.725108
9127612.0,2.726592
9135119.0,2.728077
9142626.0,2.72956
9150132.0,2.731043
9157639.0,2.732526
9165145.0,2.734009
9172652.0,2.735491
9180158.0,2.736972
9187665.0,2.738453
9195171.0,2.739934
9202678.0,2.741414
9210184.0,2.742894
9217691.0,2.744374
9225197.0,2.745853
9232704.0,2.747332
9240210.0,2.74881
9244895.0,2.749765
9249580.0,2.75072
9257417.0,2.752268
9265253.0,2.753815
9273089.0,2.755362
9280925.0,2.756909
9288762.0,2.758455
9296598.0,2.76
9304434.0,2.761545
9312270.0,2.76309
9317725.0,2.764563
9323180.0,2.766037
9328635.0,2.76751
9334090.0,2.768983
9339545.0,2.770456
9345000.0,2.771929
9350455.0,2.773402
9355910.0,2.774875
9361365.0,2.776348
9366820.0,2.77782
9372275.0,2.779293
9377730.0,2.780765
9383185.0,2.782238
9388640.0,2.78371
9394095.0,2.785183
9399550.0,2.786655
9405005.0,2.788127
9410460.0,2.789599
9415915.0,2.791071
9421370.0,2.792543
9426825.0,2.794015
9432280.0,2.795487
9437735.0,2.796958
9443190.0,2.79843
9448645.0,2.799901
9454100.0,2.801373
9459555.0,2.802844
9465010.0,2.804316
9470465.0,2.805787
9475920.0,2.807258
9481375.0,2.808729
9486830.0,2.8102
9494691.0,2.812308
9502552.0,2.814415
9510413.0,2.816522
9518273.0,2.818629
9526134.0,2.820736
9533994.0,2.822843
9541855.0,2.824949
9549715.0,2.827055
9557576.0,2.829162
9565437.0,2.831268
9573298.0,2.833374
9581158.0,2.835479
9589019.0,2.837585
9596879.0,2.83969
9604740.0,2.841795
9612600.0,2.8439
9620565.0,2.846002
9628530.0,2.848104
9636495.0,2.850206
9644460.0,2.852307
9652425.0,2.854408
9660390.0,2.856509
9668355.0,2.85861
9676320.0,2.860711
9684285.0,2.862812
9692250.0,2.864912
9700215.0,2.867012
9708180.0,2.869112
9716145.0,2.871212
9724110.0,2.873311
9732075.0,2.875411
9740040.0,2.87751
9748110.0,2.879607
9756180.0,2.881703
9764250.0,2.883799
9772320.0,2.885895
9780390.0,2.887991
9788460.0,2.890086
9796530.0,2.892182
9804600.0,2.894277
9812670.0,2.896372
9820740.0,2.898466
9828810.0,2.900561
9836880.0,2.902655
9844950.0,2.904749
9853020.0,2.906843
9861090.0,2.908937
9869160.0,2.91103
9877310.0,2.913122
9885460.0,2.915214
9893610.0,2.917305
9901760.0,2.919397
9909910.0,2.921488
9918060.0,2.923579
9926210.0,2.92567
9934360.0,2.92776
9942565.0,2.92985
9950770.0,2.931939
9958975.0,2.934028
9967180.0,2.936117
9975385.0,2.938206
9983590.0,2.940294
9991795.0,2.942382
10000000.0,2.94447
10007290.0,2.945712
10014580.0,2.946954
10021870.0,2.948196
10029150.0,2.949435
10036440.0,2.950676
10043730.0,2.951917
10051020.0,2.953157
10058300.0,2.954395
10065590.0,2.955634
10072880.0,2.956873
10080170.0,2.958111
10087450.0,2.959348
10094740.0,2.960586
10102030.0,2.961823
10109320.0,2.96306
10116600.0,2.964295
10123890.0,2.965531
10131180.0,2.966767
10138470.0,2.968003
10145750.0,2.969236
10153040.0,2.970471
10160330.0,2.971705
10167620.0,2.972939
10174900.0,2.974171
10182190.0,2.975405
10189480.0,2.976638
10196770.0,2.97787
10204050.0,2.979101
10211340.0,2.980332
10218630.0,2.981564
10225920.0,2.982795
10233200.0,2.984024
10240490.0,2.985254
10247780.0,2.986484
10255070.0,2.987714
10262350.0,2.988941
10269640.0,2.99017
10276930.0,2.991399
10284220.0,2.992627
10291500.0,2.993853
10298790.0,2.99508
10306080.0,2.996307
10313370.0,2.997534
10320650.0,2.998759
10327940.0,2.999985
10335230.0,3.00121
10342520.0,3.002435
10349800.0,3.003658
10357090.0,3.004883
10364380.0,3.006107
10371670.0,3.007331
10378950.0,3.008552
10386240.0,3.009776
10393530.0,3.010998
10400820.0,3.01222
10408100.0,3.013441
10415390.0,3.014662
10422680.0,3.015884
10429970.0,3.017104
10437250.0,3.018323
10444540.0,3.019543
10451830.0,3.020763
10459120.0,3.021983
10466400.0,3.0232
10471830.0,3.024091
10477250.0,3.02498
10482680.0,3.025871
10488100.0,3.02676
10495390.0,3.027941
10502680.0,3.029123
10509970.0,3.030303
10517250.0,3.031482
10524540.0,3.032662
10531830.0,3.033842
10539120.0,3.035021
10546400.0,3.036199
10553690.0,3.037377
10560980.0,3.038556
10568270.0,3.039734
10575550.0,3.040909
10582840.0,3.042087
10590130.0,3.043264
10597420.0,3.04444
10604700.0,3.045615
10611990.0,3.04679
10619280.0,3.047966
10626570.0,3.049141
10633850.0,3.050314
10641140.0,3.051488
10648430.0,3.052662
10655720.0,3.053836
10663000.0,3.055008
10670290.0,3.056181
10677580.0,3.057353
10684870.0,3.058526
10692150.0,3.059696
10699440.0,3.060867
10706730.0,3.062039
10714020.0,3.06321
10721300.0,3.064378
10728590.0,3.065549
10735880.0,3.066718
10743170.0,3.067888
10750450.0,3.069055
10757740.0,3.070224
10765030.0,3.071393
10772320.0,3.072561
10779600.0,3.073727
10786890.0,3.074894
10794180.0,3.076061
10801470.0,3.077228
10808750.0,3.078393
10816040.0,3.079559
10823330.0,3.080724
10830620.0,3.08189
10837900.0,3.083053
10845190.0,3.084218
10852480.0,3.085382
10859770.0,3.086546
10867050.0,3.087708
10874340.0,3.088871
10881630.0,3.090034
10888920.0,3.091197
10896200.0,3.092357
10903490.0,3.093519
10910780.0,3.094681
10918070.0,3.095842
10925350.0,3.097001
10932640.0,3.098162
10939930.0,3.099322
10947220.0,3.100482
10954500.0,3.10164
10960190.0,3.102545
10965880.0,3.10345
10971570.0,3.104354
10977250.0,3.105257
10982940.0,3.106161
10988630.0,3.107065
10994320.0,3.107968
11000000.0,3.10887
11006470.0,3.110116
11012940.0,3.111362
11019410.0,3.112608
11025880.0,3.113854
11032350.0,3.115099
11038820.0,3.116344
11045290.0,3.117589
11051750.0,3.118832
11058220.0,3.120077
11064690.0,3.121321
11071160.0,3.122565
11077630.0,3.123809
11084100.0,3.125052
11090570.0,3.126295
11097040.0,3.127539
11103500.0,3.128779
11109970.0,3.130022
11116440.0,3.131265
11122910.0,3.132507
11129380.0,3.133749
11135850.0,3.13499
11142320.0,3.136232
11148790.0,3.137473
11155250.0,3.138712
11161720.0,3.139953
11168190.0,3.141193
11174660.0,3.142434
11181130.0,3.143674
11187600.0,3.144914
11194070.0,3.146153
11200540.0,3.147393
11207000.0,3.14863
11215030.0,3.150159
11223050.0,3.151686
11231080.0,3.153215
11239100.0,3.154741
11247130.0,3.156269
11255150.0,3.157794
11263180.0,3.159321
11271200.0,3.160846
11279230.0,3.162373
11287250.0,3.163897
11295280.0,3.165422
11303300.0,3.166946
11311330.0,3.168471
11319350.0,3.169994
11327380.0,3.171518
11335400.0,3.17304
11343520.0,3.174572
11351640.0,3.176103
11359760.0,3.177634
11367880.0,3.179164
11376000.0,3.180695
11384120.0,3.182225
11392240.0,3.183754
11400350.0,3.185281
11408470.0,3.18681
11416590.0,3.188339
11424710.0,3.189867
11432830.0,3.191394
11440950.0,3.192922
11449070.0,3.194449
11457190.0,3.195976
11465300.0,3.1975
11471250.0,3.198615
11477200.0,3.19973
11483150.0,3.200845
11489100.0,3.20196
11495830.0,3.203213
11502550.0,3.204465
11509280.0,3.205718
11516000.0,3.206968
11522730.0,3.208221
11529450.0,3.209471
11536180.0,3.210723
11542900.0,3.211973
11549630.0,3.213224
11556350.0,3.214473
11563080.0,3.215724
11569800.0,3.216973
11576530.0,3.218224
11583250.0,3.219472
11589980.0,3.220722
11596700.0,3.22197
11605010.0,3.223505
11613320.0,3.22504
11621630.0,3.226575
11629930.0,3.228107
11638240.0,3.229641
11646540.0,3.231173
11654850.0,3.232706
11663150.0,3.234237
11671460.0,3.235769
11679770.0,3.237301
11688080.0,3.238833
11696380.0,3.240362
11704690.0,3.241893
11712990.0,3.243422
11721300.0,3.244952
11729600.0,3.24648
11737980.0,3.248016
11746350.0,3.24955
11754730.0,3.251085
11763100.0,3.252618
11771480.0,3.254152
11779850.0,3.255685
11788230.0,3.257218
11796600.0,3.25875
11805030.0,3.260286
11813450.0,3.26182
11821880.0,3.263355
11830300.0,3.264888
11838730.0,3.266422
11847150.0,3.267955
11855580.0,3.269488
11864000.0,3.27102
11872480.0,3.272558
11880950.0,3.274095
11889430.0,3.275632
11897900.0,3.277168
11906380.0,3.278705
11914850.0,3.28024
11923330.0,3.281776
11931800.0,3.28331
11940330.0,3.284851
11948850.0,3.286391
11957380.0,3.287931
11965900.0,3.28947
11974430.0,3.291006
11982950.0,3.292541
11991480.0,3.294076
12000000.0,3.29561
12007370.0,3.29625
12014740.0,3.29689
12022110.0,3.297529
12029470.0,3.298168
12036840.0,3.298807
12044210.0,3.299446
12051580.0,3.300084
12058940.0,3.300721
12066310.0,3.301359
12073680.0,3.301997
12081050.0,3.302634
12088410.0,3.303271
12095780.0,3.303908
12103150.0,3.304544
12110520.0,3.305181
12117880.0,3.305816
12125250.0,3.306452
12132620.0,3.307087
12139990.0,3.307722
12147350.0,3.308357
12154720.0,3.308991
12162090.0,3.309626
12169460.0,3.31026
12176820.0,3.310893
12184190.0,3.311527
12191560.0,3.31216
12198930.0,3.312794
12206290.0,3.313426
12213660.0,3.314058
12221020.0,3.31469
12228390.0,3.315322
12235750.0,3.315953
12243120.0,3.316585
12250490.0,3.317216
12257860.0,3.317847
12265220.0,3.318477
12272590.0,3.319108
12279960.0,3.319738
12287330.0,3.320368
12294690.0,3.320997
12302060.0,3.321627
12309430.0,3.322256
12316800.0,3.322885
12324160.0,3.323513
12331530.0,3.324142
12338900.0,3.32477
12346270.0,3.325398
12353630.0,3.326025
12361000.0,3.326652
12368370.0,3.327279
12375740.0,3.327906
12383100.0,3.328532
12390470.0,3.329159
12397840.0,3.329785
12405210.0,3.330411
12412570.0,3.331036
12419940.0,3.331661
12427310.0,3.332287
12434680.0,3.332912
12442040.0,3.333535
12449410.0,3.33416
12456770.0,3.334783
12464140.0,3.335407
12471500.0,3.33603
12480750.0,3.336795
12490000.0,3.33756
12497370.0,3.338168
12504740.0,3.338775
12512110.0,3.339382
12519470.0,3.339989
12526840.0,3.340595
12534210.0,3.341202
12541580.0,3.341808
12548940.0,3.342413
12556310.0,3.343019
12563680.0,3.343624
12571050.0,3.34423
12578410.0,3.344834
12585780.0,3.345439
12593150.0,3.346043
12600520.0,3.346647
12607880.0,3.347251
12615250.0,3.347854
12622620.0,3.348458
12629990.0,3.349061
12637350.0,3.349663
12644720.0,3.350266
12652090.0,3.350869
12659460.0,3.351471
12666820.0,3.352072
12674190.0,3.352674
12681560.0,3.353276
12688930.0,3.353877
12696290.0,3.354478
12703660.0,3.355078
12711020.0,3.355678
12718390.0,3.356279
12725750.0,3.356878
12733120.0,3.357478
12740490.0,3.358078
12747860.0,3.358677
12755220.0,3.359275
12762590.0,3.359874
12769960.0,3.360473
12777330.0,3.361071
12784690.0,3.361669
12792060.0,3.362267
12799430.0,3.362865
12806800.0,3.363462
12814160.0,3.364059
12821530.0,3.364656
12828900.0,3.365253
12836270.0,3.365849
12843630.0,3.366445
12851000.0,3.367041
12858370.0,3.367637
12865740.0,3.368232
12873100.0,3.368827
12880470.0,3.369422
12887840.0,3.370017
12895210.0,3.370612
12902570.0,3.371205
12909940.0,3.371799
12917310.0,3.372393
12924680.0,3.372987
12932040.0,3.37358
12939410.0,3.374173
12946770.0,3.374765
12954140.0,3.375358
12961500.0,3.37595
12971130.0,3.376721
12980750.0,3.377491
12990380.0,3.378261
13000000.0,3.37903
13012300.0,3.380026
13024590.0,3.38102
13036890.0,3.382015
13049180.0,3.383008
13061480.0,3.384002
13073770.0,3.384994
13086060.0,3.385985
13098350.0,3.386975
13110650.0,3.387966
13122940.0,3.388956
13135240.0,3.389945
13147530.0,3.390933
13159830.0,3.391921
13172120.0,3.392908
13184410.0,3.393894
13196700.0,3.39488
13205150.0,3.39555
13213600.0,3.39622
13221600.0,3.396861
13229590.0,3.3975
13237590.0,3.39814
13245580.0,3.398779
13253580.0,3.399419
13261570.0,3.400057
13269560.0,3.400696
13277550.0,3.401333
13285550.0,3.401972
13293540.0,3.402609
13301540.0,3.403247
13309530.0,3.403884
13317530.0,3.404522
13325520.0,3.405158
13333510.0,3.405794
13341500.0,3.40643
13349580.0,3.407068
13357650.0,3.407705
13365730.0,3.408342
13373800.0,3.408979
13381880.0,3.409616
13389950.0,3.410252
13398030.0,3.410888
13406100.0,3.411523
13414180.0,3.412159
13422250.0,3.412794
13430330.0,3.41343
13438400.0,3.414064
13446480.0,3.414699
13454550.0,3.415332
13462630.0,3.415967
13470700.0,3.4166
13478850.0,3.417236
13487000.0,3.417872
13495150.0,3.418508
13503300.0,3.419144
13511450.0,3.419779
13519600.0,3.420414
13527750.0,3.421049
13535900.0,3.421683
13544050.0,3.422318
13552200.0,3.422952
13560350.0,3.423585
13568500.0,3.424219
13576650.0,3.424852
13584800.0,3.425485
13592950.0,3.426118
13601100.0,3.42675
13609340.0,3.427385
13617570.0,3.428019
13625800.0,3.428653
13634030.0,3.429287
13642260.0,3.42992
13650490.0,3.430553
13658720.0,3.431186
13666950.0,3.431818
13675190.0,3.432451
13683420.0,3.433084
13691650.0,3.433715
13699880.0,3.434347
13708110.0,3.434978
13716340.0,3.435609
13724570.0,3.43624
13732800.0,3.43687
13741090.0,3.437501
13749380.0,3.438132
13757670.0,3.438763
13765950.0,3.439392
13774240.0,3.440022
13782530.0,3.440652
13790820.0,3.441281
13799100.0,3.44191
13807440.0,3.442542
13815780.0,3.443174
13824120.0,3.443806
13832450.0,3.444437
13840790.0,3.445068
13849130.0,3.445699
13857470.0,3.44633
13865800.0,3.44696
13874170.0,3.447589
13882530.0,3.448217
13890890.0,3.448845
13899250.0,3.449472
13907620.0,3.4501
13915980.0,3.450727
13924340.0,3.451354
13932700.0,3.45198
13941120.0,3.45261
13949530.0,3.453239
13957940.0,3.453868
13966350.0,3.454497
13974770.0,3.455126
13983180.0,3.455754
13991590.0,3.456382
14000000.0,3.45701
14007620.0,3.457289
14015230.0,3.457568
14022840.0,3.457847
14030450.0,3.458126
14038070.0,3.458405
14045680.0,3.458683
14053290.0,3.458962
14060900.0,3.45924
14068520.0,3.459518
14076130.0,3.459796
14083740.0,3.460074
14091350.0,3.460352
14098970.0,3.460629
14106580.0,3.460907
14114190.0,3.461184
14121800.0,3.461461
14129420.0,3.461739
14137030.0,3.462016
14144640.0,3.462292
14152250.0,3.462569
14159870.0,3.462846
14167480.0,3.463122
14175090.0,3.463399
14182700.0,3.463675
14190320.0,3.463951
14197930.0,3.464227
14205540.0,3.464503
14213150.0,3.464778
14220770.0,3.465054
14228380.0,3.46533
14235990.0,3.465605
14243600.0,3.46588
14251350.0,3.466152
14259090.0,3.466424
14266840.0,3.466696
14274580.0,3.466967
14282330.0,3.467239
14290070.0,3.46751
14297810.0,3.467781
14305550.0,3.468052
14313300.0,3.468323
14321040.0,3.468594
14328790.0,3.468865
14336530.0,3.469135
14344280.0,3.469406
14352020.0,3.469676
14359760.0,3.469946
14367500.0,3.470216
14375250.0,3.470486
14382990.0,3.470756
14390740.0,3.471026
14398480.0,3.471295
14406230.0,3.471565
14413970.0,3.471834
14421710.0,3.472103
14429450.0,3.472372
14437200.0,3.472641
14444940.0,3.47291
14452690.0,3.473179
14460430.0,3.473447
14468180.0,3.473716
14475920.0,3.473984
14483660.0,3.474252
14491400.0,3.47452
14500000.0,3.47481
14515220.0,3.475197
14530440.0,3.475584
14545660.0,3.47597
14560880.0,3.476356
14576100.0,3.476742
14591320.0,3.477127
14606540.0,3.477512
14621750.0,3.477896
14636970.0,3.478281
14652190.0,3.478665
14667410.0,3.479048
14682630.0,3.479431
14697850.0,3.479814
14713070.0,3.480196
14728290.0,3.480579
14743500.0,3.48096
14759470.0,3.481346
14775430.0,3.481732
14791390.0,3.482118
14807350.0,3.482503
14823320.0,3.482888
14839280.0,3.483272
14855240.0,3.483656
14871200.0,3.48404
14887300.0,3.484415
14903400.0,3.48479
14919500.0,3.485164
14935600.0,3.485538
14951700.0,3.485911
14967800.0,3.486285
14983900.0,3.486658
15000000.0,3.48703
15007630.0,3.487086
15015250.0,3.487142
15022880.0,3.487198
15030500.0,3.487254
15038130.0,3.48731
15045750.0,3.487366
15053380.0,3.487422
15061000.0,3.487478
15068630.0,3.487533
15076250.0,3.487589
15083880.0,3.487645
15091500.0,3.487701
15099130.0,3.487757
15106750.0,3.487812
15114380.0,3.487868
15122000.0,3.487923
15129630.0,3.487979
15137250.0,3.488035
15144880.0,3.48809
15152500.0,3.488146
15160130.0,3.488201
15167750.0,3.488257
15175380.0,3.488312
15183000.0,3.488368
15190630.0,3.488423
15198250.0,3.488478
15205880.0,3.488534
15213500.0,3.488589
15221130.0,3.488644
15228750.0,3.4887
15236380.0,3.488755
15244000.0,3.48881
15251750.0,3.488856
15259500.0,3.488903
15267250.0,3.488949
15274990.0,3.488995
15282740.0,3.489041
15290490.0,3.489087
15298240.0,3.489134
15305980.0,3.48918
15313730.0,3.489226
15321480.0,3.489272
15329230.0,3.489318
15336970.0,3.489364
15344720.0,3.48941
15352460.0,3.489456
15360210.0,3.489502
15367950.0,3.489548
15375700.0,3.489594
15383450.0,3.48964
15391200.0,3.489686
15398940.0,3.489731
15406690.0,3.489777
15414440.0,3.489823
15422190.0,3.489869
15429930.0,3.489915
15437680.0,3.48996
15445430.0,3.490006
15453180.0,3.490052
15460920.0,3.490098
15468670.0,3.490143
15476410.0,3.490189
15484160.0,3.490234
15491900.0,3.49028
15504130.0,3.490343
15516350.0,3.490405
15528580.0,3.490468
15540800.0,3.49053
15553500.0,3.490639
15566190.0,3.490749
15578890.0,3.490858
15591580.0,3.490967
15604280.0,3.491076
15616970.0,3.491185
15629660.0,3.491294
15642350.0,3.491403
15655050.0,3.491511
15667740.0,3.49162
15680440.0,3.491729
15693130.0,3.491837
15705830.0,3.491945
15718520.0,3.492054
15731210.0,3.492162
15743900.0,3.49227
15746300.0,3.49229
15761940.0,3.492379
15777580.0,3.492468
15793220.0,3.492557
15808850.0,3.492646
15824490.0,3.492734
15840130.0,3.492823
15855770.0,3.492912
15871400.0,3.493
15879440.0,3.49304
15887480.0,3.493079
15895520.0,3.493119
15903550.0,3.493158
15911590.0,3.493197
15919630.0,3.493237
15927670.0,3.493276
15935700.0,3.493316
15943740.0,3.493355
15951780.0,3.493394
15959820.0,3.493434
15967850.0,3.493473
15975890.0,3.493512
15983930.0,3.493552
15991970.0,3.493591
16000000.0,3.49363
16014950.0,3.49299
16029890.0,3.49235
16044840.0,3.491711
16059780.0,3.491073
16074730.0,3.490436
16089670.0,3.489799
16104610.0,3.489163
16119550.0,3.488528
16134500.0,3.487893
16149440.0,3.48726
16164390.0,3.486626
16179330.0,3.485994
16194280.0,3.485362
16209220.0,3.484731
16224160.0,3.484101
16239100.0,3.483471
16254050.0,3.482842
16268990.0,3.482214
16283940.0,3.481586
16298880.0,3.480959
16313830.0,3.480333
16328770.0,3.479708
16343710.0,3.479083
16358650.0,3.478459
16373600.0,3.477835
16388540.0,3.477212
16403490.0,3.47659
16418430.0,3.475969
16433380.0,3.475348
16448320.0,3.474728
16463260.0,3.474109
16478200.0,3.47349
16493590.0,3.472831
16508980.0,3.472173
16524370.0,3.471516
16539750.0,3.47086
16555140.0,3.470204
16570530.0,3.469548
16585920.0,3.468894
16601300.0,3.468241
16616690.0,3.467588
16632080.0,3.466936
16647470.0,3.466284
16662850.0,3.465634
16678240.0,3.464984
16693630.0,3.464334
16709020.0,3.463686
16724400.0,3.463038
16739790.0,3.462391
16755180.0,3.461745
16770570.0,3.461099
16785950.0,3.460454
16801340.0,3.45981
16816730.0,3.459166
16832120.0,3.458523
16847500.0,3.457882
16862890.0,3.45724
16878280.0,3.456599
16893670.0,3.455959
16909050.0,3.45532
16924440.0,3.454681
16939830.0,3.454043
16955220.0,3.453406
16970600.0,3.45277
16985300.0,3.45215
17000000.0,3.45153
17013900.0,3.451126
17027790.0,3.450722
17041690.0,3.450319
17055580.0,3.449916
17069480.0,3.449513
17083370.0,3.449111
17097260.0,3.448709
17111150.0,3.448308
17125050.0,3.447907
17138940.0,3.447506
17152840.0,3.447106
17166730.0,3.446706
17180630.0,3.446306
17194520.0,3.445907
17208410.0,3.445508
17222300.0,3.44511
17238270.0,3.444645
17254230.0,3.444181
17270190.0,3.443717
17286150.0,3.443253
17302120.0,3.44279
17318080.0,3.442328
17334040.0,3.441866
17350000.0,3.441404
17365970.0,3.440943
17381930.0,3.440483
17397890.0,3.440023
17413850.0,3.439563
17429820.0,3.439104
17445780.0,3.438646
17461740.0,3.438188
17477700.0,3.43773
17493840.0,3.437262
17509980.0,3.436794
17526120.0,3.436327
17542250.0,3.435861
17558390.0,3.435395
17574530.0,3.434929
17590670.0,3.434464
17606800.0,3.434
17623070.0,3.433527
17639330.0,3.433054
17655590.0,3.432582
17671850.0,3.432111
17688120.0,3.43164
17704380.0,3.431169
17720640.0,3.430699
17736900.0,3.43023
17753290.0,3.429752
17769680.0,3.429274
17786070.0,3.428797
17802450.0,3.428321
17818840.0,3.427845
17835230.0,3.427369
17851620.0,3.426894
17868000.0,3.42642
17884480.0,3.425939
17900950.0,3.425459
17917430.0,3.424979
17933900.0,3.4245
17950430.0,3.424017
17966950.0,3.423534
17983480.0,3.423052
18000000.0,3.42257
18015020.0,3.420887
18030030.0,3.419208
18045040.0,3.417531
18060050.0,3.415856
18075070.0,3.414182
18090080.0,3.412511
18105090.0,3.410843
18120100.0,3.409177
18135120.0,3.407512
18150130.0,3.40585
18165140.0,3.40419
18180150.0,3.402533
18195170.0,3.400877
18210180.0,3.399224
18225190.0,3.397573
18240200.0,3.395924
18255220.0,3.394276
18270230.0,3.392632
18285240.0,3.39099
18300250.0,3.389349
18315270.0,3.38771
18330280.0,3.386075
18345290.0,3.384441
18360300.0,3.382809
18375320.0,3.381179
18390330.0,3.379551
18405340.0,3.377926
18420350.0,3.376303
18435370.0,3.374681
18450380.0,3.373062
18465390.0,3.371445
18480400.0,3.36983
18495820.0,3.368184
18511240.0,3.366541
18526660.0,3.3649
18542070.0,3.363262
18557490.0,3.361625
18572900.0,3.359991
18588320.0,3.358358
18603730.0,3.356729
18619150.0,3.3551
18634560.0,3.353475
18649980.0,3.351851
18665390.0,3.35023
18680810.0,3.34861
18696220.0,3.346994
18711640.0,3.345378
18727050.0,3.343766
18742470.0,3.342154
18757890.0,3.340545
18773310.0,3.338938
18788720.0,3.337334
18804140.0,3.335731
18819550.0,3.334131
18834970.0,3.332532
18850380.0,3.330936
18865800.0,3.329341
18881210.0,3.32775
18896630.0,3.326159
18912040.0,3.324572
18927460.0,3.322985
18942870.0,3.321402
18958290.0,3.319819
18973700.0,3.31824
18986850.0,3.316894
19000000.0,3.31555
19028150.0,3.312941
19056300.0,3.310337
19084450.0,3.30774
19112600.0,3.305148
19140750.0,3.302563
19168900.0,3.299983
19197050.0,3.297408
19225200.0,3.29484
19257070.0,3.291958
19288930.0,3.289084
19320790.0,3.286217
19352650.0,3.283358
19384520.0,3.280504
19416380.0,3.277659
19448240.0,3.274821
19480100.0,3.27199
19512280.0,3.269151
19544450.0,3.266321
19576630.0,3.263496
19608800.0,3.26068
19641180.0,3.257859
19673550.0,3.255046
19705930.0,3.252239
19738300.0,3.24944
19770900.0,3.246629
19803500.0,3.243826
19836100.0,3.241029
19868700.0,3.23824
19901450.0,3.235452
19934200.0,3.23267
19967100.0,3.229882
20000000.0,3.2271
