1e-05,4.84
1.0625e-05,4.84
1.125e-05,4.84
1.15478e-05,4.84
1.1875e-05,4.84
1.25e-05,4.84
1.3125e-05,4.84
1.32158e-05,4.84
1.375e-05,4.84
1.4375e-05,4.84
1.49977e-05,4.84
1.5e-05,4.84
1.5625e-05,4.84
1.625e-05,4.84
1.6875e-05,4.84
1.68859e-05,4.84
1.75e-05,4.84
1.875e-05,4.84
1.88714e-05,4.84
2e-05,4.84
2.09375e-05,4.84
2.09443e-05,4.84
2.1875e-05,4.84
2.28125e-05,4.84
2.3094e-05,4.84
2.375e-05,4.84
2.46875e-05,4.84
2.53093e-05,4.84
2.5625e-05,4.84
2.65625e-05,4.84
2.75e-05,4.84
2.9375e-05,4.84
3.00518e-05,4.84
3.125e-05,4.84
3.3125e-05,4.84
3.4925e-05,4.84
3.5e-05,4.84
3.6875e-05,4.84
3.875e-05,4.84
3.98331e-05,4.84
4.0625e-05,4.84
4.25e-05,4.84
4.4375e-05,4.84
4.46904e-05,4.84
4.625e-05,4.84
4.8125e-05,4.84
4.94239e-05,4.84
5e-05,4.84
5.3125e-05,4.84
5.625e-05,4.84
5.89458e-05,4.84
5.9375e-05,4.84
6.25e-05,4.84
6.5625e-05,4.84
6.72728e-05,4.84
6.875e-05,4.84
7.1875e-05,4.84
7.42813e-05,4.84
7.5e-05,4.84
7.8125e-05,4.84
8.125e-05,4.84
8.4375e-05,4.84
8.61866e-05,4.84
8.75e-05,4.84
9.375e-05,4.84
0.0001,4.84
0.00010625,4.84
0.0001125,4.84
0.000115478,4.84
0.00011875,4.84
0.000125,4.84
0.00013125,4.84
0.000132158,4.84
0.0001375,4.84
0.00014375,4.84
0.000149977,4.84
0.00015,4.84
0.00015625,4.84
0.0001625,4.84
0.00016875,4.84
0.000168859,4.84
0.000175,4.84
0.0001875,4.84
0.000188714,4.84
0.0002,4.84
0.000209375,4.84
0.000209443,4.84
0.00021875,4.84
0.000228125,4.84
0.00023094,4.84
0.0002375,4.84
0.000246875,4.84
0.000253093,4.84
0.00025625,4.84
0.000265625,4.84
0.000275,4.84
0.00029375,4.84
0.000300518,4.84
0.0003125,4.84
0.00033125,4.84
0.00034925,4.84
0.00035,4.84
0.00036875,4.84
0.0003875,4.84
0.000398331,4.84
0.00040625,4.84
0.000425,4.84
0.00044375,4.84
0.000446904,4.84
0.0004625,4.84
0.00048125,4.84
0.000494239,4.84
0.0005,4.84
0.00053125,4.84
0.0005625,4.84
0.000589458,4.84
0.00059375,4.84
0.000625,4.84
0.00065625,4.84
0.000672728,4.84
0.0006875,4.84
0.00071875,4.84
0.000742813,4.84
0.00075,4.84
0.00078125,4.84
0.0008125,4.84
0.00084375,4.84
0.000861866,4.84
0.000875,4.84
0.0009375,4.84
0.001,4.84
0.0010625,4.84
0.001125,4.84
0.00115478,4.84
0.0011875,4.84
0.00125,4.84
0.0013125,4.84
0.00132158,4.84
0.001375,4.84
0.0014375,4.84
0.00149977,4.84
0.0015,4.84
0.0015625,4.84
0.001625,4.84
0.0016875,4.84
0.00168859,4.84
0.00175,4.84
0.001875,4.84
0.00188714,4.84
0.002,4.84
0.00209375,4.84
0.00209443,4.84
0.0021875,4.84
0.00228125,4.84
0.0023094,4.84
0.002375,4.84
0.00246875,4.84
0.00253093,4.84
0.0025625,4.84
0.00265625,4.84
0.00275,4.84
0.0029375,4.84
0.00300518,4.84
0.003125,4.84
0.0033125,4.84
0.0034925,4.84
0.0035,4.84
0.0036875,4.84
0.003875,4.84
0.00398331,4.84
0.0040625,4.84
0.00425,4.84
0.0044375,4.84
0.00446904,4.84
0.004625,4.84
0.0048125,4.84
0.00494239,4.84
0.005,4.84
0.0053125,4.84
0.005625,4.84
0.00589458,4.84
0.0059375,4.84
0.00625,4.84
0.0065625,4.84
0.00672728,4.84
0.006875,4.84
0.0071875,4.84
0.00742813,4.84
0.0075,4.84
0.0078125,4.84
0.008125,4.84
0.0084375,4.84
0.00861866,4.84
0.00875,4.84
0.009375,4.84
0.01,4.84
0.010625,4.84
0.01123027,4.84
0.01125,4.84
0.011875,4.84
0.01243029,4.84
0.0125,4.84
0.013125,4.84
0.01375,4.84
0.014375,4.84
0.01484708,4.84
0.015,4.84
0.015625,4.84
0.01625,4.84
0.016875,4.84
0.01696333,4.84
0.0175,4.84
0.01874621,4.84
0.01875,4.84
0.02,4.84
0.021325,4.84
0.02177795,4.84
0.02265,4.84
0.023975,4.84
0.0253,4.84
0.02684375,4.84
0.0283875,4.84
0.02993125,4.84
0.03004211,4.84
0.031475,4.84
0.03301875,4.84
0.0345625,4.84
0.03491517,4.84
0.03610625,4.84
0.03765,4.84
0.03919375,4.84
0.03982331,4.84
0.0407375,4.84
0.04228125,4.84
0.043825,4.84
0.04468072,4.84
0.0469125,4.84
0.04941459,4.84
0.05,4.84
0.053125,4.84
0.05625,4.84
0.05893746,4.84
0.059375,4.84
0.0625,4.84
0.065625,4.84
0.06726568,4.84
0.06875,4.84
0.071875,4.84
0.07427543,4.84
0.075,4.84
0.078125,4.84
0.08125,4.84
0.084375,4.84
0.08618319,4.84
0.0875,4.84
0.09375,4.84
0.1,4.84
0.10625,4.84
0.1125,4.84
0.1154782,4.84
0.11875,4.84
0.125,4.84
0.13125,4.84
0.1321581,4.84
0.1375,4.84
0.14375,4.84
0.1499773,4.84
0.15,4.84
0.15625,4.84
0.1625,4.84
0.16875,4.84
0.1688588,4.84
0.175,4.84
0.1875,4.84
0.1887138,4.84
0.2,4.84
0.209375,4.84
0.209443,4.84
0.21875,4.84
0.228125,4.84
0.23094,4.84
0.2375,4.84
0.246875,4.84
0.2530932,4.84
0.25625,4.84
0.265625,4.84
0.275,4.84
0.29375,4.84
0.300518,4.84
0.3125,4.84
0.33125,4.84
0.3492502,4.84
0.35,4.84
0.36875,4.84
0.3875,4.84
0.3983314,4.84
0.40625,4.84
0.425,4.84
0.44375,4.84
0.4469037,4.84
0.4625,4.84
0.48125,4.84
0.4942393,4.84
0.5,4.84
0.53125,4.84
0.5625,4.84
0.5894581,4.84
0.59375,4.84
0.625,4.84
0.65625,4.84
0.6727283,4.84
0.6875,4.84
0.71875,4.84
0.7428135,4.84
0.75,4.84
0.78125,4.84
0.8125,4.84
0.84375,4.84
0.8618663,4.84
0.875,4.84
0.9375,4.84
1.0,4.84
1.0625,4.84
1.125,4.84
1.154782,4.84
1.1875,4.84
1.25,4.84
1.3125,4.84
1.321581,4.84
1.375,4.84
1.4375,4.84
1.499773,4.84
1.5,4.84
1.5625,4.84
1.625,4.84
1.6875,4.84
1.688588,4.84
1.75,4.84
1.875,4.84
1.887138,4.84
2.0,4.84
2.09375,4.84
2.09443,4.84
2.1875,4.84
2.28125,4.84
2.3094,4.84
2.375,4.84
2.46875,4.84
2.530932,4.84
2.5625,4.84
2.65625,4.84
2.75,4.84
2.9375,4.84
3.00518,4.84
3.125,4.84
3.3125,4.84
3.492502,4.84
3.5,4.84
3.6875,4.84
3.875,4.84
3.983314,4.84
4.0625,4.84
4.25,4.84
4.4375,4.84
4.469038,4.84
4.625,4.84
4.8125,4.84
4.942393,4.84
5.0,4.84
5.3125,4.84
5.625,4.84
5.894581,4.84
5.9375,4.84
6.25,4.84
6.5625,4.84
6.727283,4.84
6.875,4.84
7.1875,4.84
7.428135,4.84
7.5,4.84
7.8125,4.84
8.125,4.84
8.4375,4.84
8.618663,4.84
8.75,4.84
9.375,4.84
10.0,4.84
10.625,4.84
11.12142,4.84
11.25,4.84
11.875,4.84
12.32757,4.84
12.5,4.84
13.125,4.84
13.62065,4.84
13.75,4.84
14.375,4.84
15.0,4.84
15.00252,4.84
15.625,4.84
16.25,4.84
16.47475,4.84
16.875,4.84
17.5,4.84
18.03862,4.84
18.75,4.84
20.0,4.84
21.25,4.84
21.50358,4.84
22.5,4.84
23.75,4.84
25.0,4.84
25.35414,4.84
26.25,4.84
27.5,4.84
28.75,4.84
29.58802,4.84
30.0,4.84
31.25,4.84
32.5,4.84
33.75,4.84
34.19726,4.84
35.0,4.84
37.5,4.84
39.1685,4.84
40.0,4.84
42.5,4.84
44.48345,4.84
45.0,4.84
47.5,4.84
50.0,4.84
50.11943,4.84
53.125,4.84
56.05002,4.84
56.25,4.84
59.375,4.84
62.24578,4.84
62.5,4.84
65.625,4.84
68.67491,4.84
68.75,4.84
71.875,4.84
75.0,4.84
75.30405,4.84
78.125,4.84
81.25,4.84
84.375,4.84
87.5,4.84
89.50683,4.84
93.75,4.84
100.0,4.84
104.1152,4.84
106.25,4.84
112.5,4.84
118.75,4.84
118.8407,4.84
125.0,4.84
131.25,4.84
133.4242,4.84
137.5,4.84
143.75,4.84
147.6456,4.84
150.0,4.84
156.25,4.84
162.5,4.84
168.75,4.84
175.0,4.84
176.277,4.84
187.5,4.84
200.0,4.84
201.3386,4.84
212.5,4.84
222.4465,4.84
225.0,4.84
237.5,4.84
250.0,4.84
258.3292,4.84
262.5,4.84
275.0,4.84
287.5,4.84
300.0,4.84
312.5,4.84
325.0,4.84
337.5,4.84
348.7234,4.84
350.0,4.84
375.0,4.84
397.8057,4.84
400.0,4.84
425.0,4.84
446.3876,4.84
450.0,4.84
475.0,4.84
493.7397,4.84
500.0,4.84
531.25,4.84
562.5,4.84
589.0112,4.84
593.75,4.84
625.0,4.84
656.25,4.84
672.3457,4.84
687.5,4.84
718.75,4.84
742.4966,4.84
750.0,4.84
781.25,4.84
812.5,4.84
843.75,4.84
861.6824,4.84
875.0,4.84
937.5,4.84
1000.0,4.84
1062.5,4.84
1125.0,4.84
1147.203,4.84
1187.5,4.84
1250.0,4.84
1293.675,4.84
1312.5,4.84
1375.0,4.84
1437.101,4.84
1437.5,4.84
1500.0,4.84
1562.5,4.84
1625.0,4.84
1687.5,4.84
1727.411,4.84
1750.0,4.84
1875.0,4.84
1983.02,4.84
2000.0,4.84
2125.0,4.84
2199.255,4.84
2250.0,4.84
2375.0,4.84
2500.0,4.84
2568.612,4.84
2625.0,4.84
2750.0,4.84
2875.0,4.84
3000.0,4.84
3125.0,4.84
3250.0,4.84
3375.0,4.84
3487.234,4.84
3500.0,4.84
3750.0,4.84
3978.057,4.84
4000.0,4.84
4250.0,4.84
4463.876,4.84
4500.0,4.84
4750.0,4.84
4937.398,4.84
5000.0,4.84
5312.5,4.84
5625.0,4.84
5890.113,4.84
5937.5,4.84
6250.0,4.84
6562.5,4.84
6723.458,4.84
6875.0,4.84
7187.5,4.84
7424.967,4.84
7500.0,4.84
7812.5,4.84
8125.0,4.84
8437.5,4.84
8616.825,4.84
8750.0,4.84
9375.0,4.84
10000.0,4.84
10427.76,4.842241
10596.63,4.843125
10845.39,4.844428
11193.25,4.84625
11252.1,4.846558
11647.23,4.848628
11789.88,4.849375
12030.25,4.850634
12386.5,4.8525
12400.77,4.852575
12758.49,4.854448
12983.13,4.855625
13103.22,4.856254
13434.85,4.857991
13579.75,4.85875
14079.46,4.861367
14176.38,4.861875
14668.82,4.864454
14773.0,4.865
15204.7,4.867261
15369.63,4.868125
15689.64,4.869801
15966.25,4.87125
16126.63,4.87209
16518.96,4.874145
16562.88,4.874375
17159.5,4.8775
17228.66,4.877862
17780.88,4.880755
18206.62,4.882985
18352.75,4.88375
18864.43,4.88643
19546.0,4.89
19568.71,4.914956
19585.76,4.933692
19611.36,4.961824
19637.0,4.99
19659.71,5.044903
19676.76,5.086123
19689.56,5.117068
19708.77,5.16351
19728.0,5.21
19736.47,5.265304
19744.42,5.317213
19759.33,5.414566
19772.38,5.499775
19783.81,5.574406
19793.82,5.639766
19802.58,5.696964
19817.91,5.797059
19829.43,5.872278
19838.06,5.928627
19851.03,6.013314
19864.0,6.098
19868.24,6.301551
19872.22,6.49262
19879.68,6.850755
19886.22,7.164723
19891.93,7.438845
19896.94,7.679362
19901.32,7.889634
19908.98,8.257371
19914.73,8.533413
19919.05,8.740805
19925.52,9.051412
19932.0,9.3625
19934.25,10.17747
19936.35,10.93811
19940.31,12.37245
19943.77,13.62569
19946.79,14.71956
19949.44,15.67941
19951.76,16.51974
19955.82,17.9903
19958.86,19.09142
19961.15,19.92087
19964.57,21.15963
19968.0,22.402
19969.31,25.13903
19971.77,30.27879
19973.92,34.77085
19975.81,38.71969
19977.46,42.16709
19978.9,45.17573
19981.42,50.44085
19983.32,54.41059
19984.74,57.37744
19986.87,61.82772
19989.0,66.278
19991.75,75.1485
19993.81,81.79331
19996.91,91.79278
20000.0,101.76
20002.75,92.94075
20004.81,86.33433
20007.91,76.39263
20011.0,66.483
20012.31,63.74803
20014.77,58.61214
20016.92,54.12345
20018.81,50.17758
20020.46,46.73277
20021.9,43.7264
20024.42,38.46524
20026.32,34.49849
20027.74,31.53387
20029.87,27.08693
20032.0,22.64
20034.25,21.81899
20036.35,21.05271
20040.31,19.60773
20043.77,18.34519
20046.79,17.24321
20049.44,16.27624
20051.76,15.42969
20055.82,13.94821
20058.86,12.83894
20061.15,12.00333
20064.57,10.75539
20068.0,9.5038
20072.24,9.296065
20076.22,9.101068
20083.69,8.735082
20090.22,8.415151
20095.93,8.135394
20100.94,7.889934
20105.32,7.67534
20112.98,7.300045
20118.73,7.018328
20123.05,6.806674
20129.52,6.489682
20136.0,6.1722
20144.47,6.117369
20152.42,6.065905
20167.33,5.969384
20180.38,5.884905
20191.81,5.810912
20201.82,5.746112
20210.58,5.689404
20225.92,5.5901
20237.43,5.51559
20246.06,5.459723
20259.03,5.375762
20272.0,5.2918
20294.71,5.258883
20311.76,5.23417
20324.56,5.215617
20343.77,5.187773
20363.0,5.1599
20385.71,5.144427
20402.76,5.132811
20428.36,5.115369
20454.0,5.0979
20684.67,5.094298
20910.61,5.090769
21131.85,5.087314
21348.41,5.083932
21557.75,5.080663
21560.31,5.080623
21767.6,5.077385
21970.3,5.07422
22168.48,5.071125
22362.17,5.0681
22551.41,5.065144
22661.5,5.063425
22922.65,5.059347
23276.23,5.053825
23612.66,5.048571
23765.25,5.046188
23932.49,5.043576
24236.25,5.038832
24524.54,5.03433
24797.91,5.03006
24869.0,5.02895
25056.97,5.026014
25302.3,5.022183
25534.47,5.018557
25754.07,5.015128
25972.75,5.011713
26170.92,5.008618
26541.19,5.002835
26869.47,4.997708
27076.5,4.994475
27160.05,4.99317
27416.88,4.989159
27872.19,4.982049
28180.25,4.977238
28218.63,4.976638
28481.28,4.972536
28879.85,4.966312
29284.0,4.96
30578.75,4.945784
31798.84,4.932389
31873.5,4.931569
33168.25,4.917353
34463.0,4.903138
35757.75,4.888922
36730.59,4.878241
37052.5,4.874707
39642.0,4.846276
40925.16,4.832188
42231.5,4.817845
44821.0,4.789414
47410.5,4.760983
48132.02,4.753061
50000.0,4.732552
53304.0,4.696276
56608.0,4.66
59320.0,4.644334
62032.0,4.628669
64744.0,4.613003
66748.65,4.601423
67456.0,4.597338
70168.0,4.581672
72880.0,4.566006
75529.38,4.550702
75592.0,4.550341
78304.0,4.534675
82864.98,4.508329
83728.0,4.503344
89152.0,4.472013
94576.0,4.440681
95225.6,4.436929
100000.0,4.40935
104715.0,4.389675
109430.0,4.37
114715.0,4.34589
120000.0,4.32178
125000.0,4.2954
125543.6,4.292532
130000.0,4.26902
135000.0,4.24264
140000.0,4.21626
150000.0,4.16603
154270.2,4.144581
160000.0,4.1158
170000.0,4.07416
180000.0,4.03252
189570.0,4.0
200000.0,3.9808
210000.0,3.975175
220000.0,3.96955
229505.0,3.944775
239010.0,3.92
240000.0,3.91543
250000.0,3.860015
260000.0,3.8046
270000.0,3.743205
280000.0,3.68181
300000.0,3.57
320000.0,3.46178
329848.4,3.470895
340000.0,3.48029
349857.1,3.504849
360000.0,3.53012
364899.1,3.538507
372373.0,3.551303
380000.0,3.56436
384904.2,3.66779
385000.0,3.66981
388623.9,3.785456
390000.0,3.82937
391437.2,3.889252
395000.0,4.0377
395695.5,4.072794
400000.0,4.28999
402447.0,4.459229
404600.3,4.608156
405000.0,4.6358
406494.0,4.778979
409829.2,5.098611
410000.0,5.11498
412348.6,5.437363
414248.3,5.698127
415000.0,5.80131
417114.2,6.117873
420000.0,6.54997
425000.0,7.02497
430000.0,7.23997
435000.0,6.88497
440000.0,6.31997
442451.6,5.957138
444608.1,5.63798
445000.0,5.57998
446503.5,5.417602
449840.1,5.057249
450000.0,5.03998
452358.8,4.833675
454257.1,4.667646
455000.0,4.60267
457119.5,4.457408
460000.0,4.25999
462453.7,4.13729
465000.0,4.00996
466779.2,3.938803
470000.0,3.80999
470049.9,3.808241
472517.9,3.721717
475000.0,3.6347
476244.2,3.59869
480000.0,3.48999
484923.7,3.376115
485000.0,3.37435
488649.6,3.30427
490000.0,3.27834
494292.2,3.213811
495000.0,3.20317
500000.0,3.15
509901.9,3.076162
520000.0,3.00086
529905.6,2.943001
540000.0,2.88404
549909.0,2.83177
560000.0,2.77854
580000.0,2.6815
600000.0,2.59358
620000.0,2.5132
640000.0,2.46125
660000.0,2.38664
680000.0,2.29245
700000.0,2.22
720000.0,2.16218
740000.0,2.08793
760000.0,2.01274
780000.0,1.94334
800000.0,1.88
820000.0,1.83096
840000.0,1.80292
860000.0,1.77667
880000.0,1.73917
900000.0,1.68
920000.0,1.64064
940000.0,1.63524
960000.0,1.64455
969948.4,1.666163
980000.0,1.688
984962.2,1.669903
988700.3,1.65627
994334.1,1.635724
1000000.0,1.61506
1002000.0,1.60171
1004000.0,1.58638
1006000.0,1.55432
1008000.0,1.33914
1010000.0,1.22817
1011985.0,1.181354
1012000.0,1.181
1014000.0,1.066
1016000.0,1.14023
1018000.0,1.29542
1020000.0,1.49523
1022000.0,1.62408
1024000.0,1.758
1026000.0,1.85576
1028000.0,1.8908
1030000.0,1.91286
1033305.0,1.924385
1040000.0,1.94773
1049590.0,1.940912
1050000.0,1.94062
1061972.0,1.996829
1080819.0,2.085315
1100000.0,2.17537
1124190.0,2.340043
1140000.0,2.44767
1150000.0,2.54806
1160000.0,2.69856
1161477.0,2.720318
1180000.0,2.99319
1200000.0,3.39401
1220000.0,3.97235
1224255.0,4.080753
1240000.0,4.48188
1242767.0,4.554456
1250000.0,4.74417
1255000.0,4.87713
1260000.0,4.99569
1265000.0,5.03924
1270000.0,5.0
1271061.0,4.982513
1275000.0,4.91759
1280000.0,4.83188
1285000.0,4.74478
1290000.0,4.6602
1300000.0,4.49195
1312098.0,4.224028
1320000.0,4.04903
1322777.0,3.996398
1332192.0,3.817955
1340000.0,3.66997
1340485.0,3.662491
1350000.0,3.51576
1355122.0,3.445712
1360000.0,3.379
1366205.0,3.30804
1374576.0,3.212309
1380000.0,3.15028
1387230.0,3.08893
1400000.0,2.98057
1424357.0,2.844093
1450000.0,2.70041
1461689.0,2.659987
1500000.0,2.5275
1550000.0,2.42465
1600000.0,2.33554
1612171.0,2.32202
1633693.0,2.298114
1650000.0,2.28
1650024.0,2.280008
1662378.0,2.284001
1681084.0,2.290046
1700000.0,2.29616
1712190.0,2.344932
1720000.0,2.37618
1722927.0,2.39427
1732378.0,2.452682
1740000.0,2.49979
1740690.0,2.50704
1747995.0,2.583793
1750000.0,2.60486
1760000.0,2.7554
1760854.0,2.752355
1770560.0,2.717754
1777874.0,2.691679
1780000.0,2.6841
1788903.0,2.618752
1800000.0,2.5373
1806093.0,2.470801
1811824.0,2.408253
1817213.0,2.349437
1820000.0,2.31902
1822280.0,2.313355
1827043.0,2.301522
1836007.0,2.279251
1840000.0,2.26933
1843887.0,2.255963
1850000.0,2.23494
1850809.0,2.231928
1856888.0,2.209292
1862223.0,2.189426
1866903.0,2.172
1875123.0,2.141392
1881312.0,2.118347
1890633.0,2.083639
1900000.0,2.04876
1924521.0,2.034033
1943119.0,2.022863
1950000.0,2.01873
1971355.0,1.990678
2000000.0,1.95305
2050000.0,1.87258
2100000.0,1.84297
2150000.0,1.84125
2200000.0,1.79496
2224059.0,1.798011
2245326.0,1.800707
2250000.0,1.8013
2264101.0,1.817511
2280658.0,1.836544
2295245.0,1.853314
2300000.0,1.85878
2319350.0,1.93533
2319354.0,1.935349
2320000.0,1.9384
2320997.0,1.944821
2340000.0,2.06721
2340501.0,2.070027
2350000.0,2.12344
2355236.0,2.163396
2360000.0,2.19975
2377513.0,2.357428
2380000.0,2.37982
2400000.0,2.54184
2401547.0,2.553766
2403046.0,2.565322
2404500.0,2.576531
2405909.0,2.587392
2407275.0,2.597923
2408599.0,2.60813
2409882.0,2.61802
2411125.0,2.627603
2412331.0,2.6369
2413499.0,2.645904
2414632.0,2.654638
2415729.0,2.663095
2416793.0,2.671297
2417824.0,2.679245
2418823.0,2.686947
2419791.0,2.694409
2420000.0,2.69602
2420729.0,2.696513
2421639.0,2.697129
2422520.0,2.697725
2423374.0,2.698303
2424133.0,2.698816
2424202.0,2.698863
2425806.0,2.699948
2427311.0,2.700966
2428723.0,2.701921
2430047.0,2.702817
2431290.0,2.703658
2432455.0,2.704446
2433548.0,2.705185
2434573.0,2.705879
2435534.0,2.706529
2436436.0,2.707139
2437281.0,2.707711
2438867.0,2.708784
2440000.0,2.70955
2440256.0,2.708797
2441472.0,2.705222
2442536.0,2.702094
2443468.0,2.699354
2445099.0,2.694559
2445449.0,2.69353
2446324.0,2.690957
2447242.0,2.688259
2448621.0,2.684204
2450000.0,2.68015
2456195.0,2.641865
2460000.0,2.61835
2461628.0,2.609244
2464254.0,2.594555
2466392.0,2.582596
2470568.0,2.559238
2477894.0,2.51826
2480000.0,2.50648
2483402.0,2.484888
2487541.0,2.458617
2493763.0,2.419126
2497511.0,2.395338
2500000.0,2.37954
2506196.0,2.356633
2510000.0,2.34257
2511630.0,2.338974
2520000.0,2.32051
2521168.0,2.327039
2522748.0,2.335871
2528345.0,2.367159
2530000.0,2.37641
2533742.0,2.411536
2540000.0,2.47028
2541843.0,2.505153
2541858.0,2.505437
2550000.0,2.6595
2555000.0,2.72309
2558000.0,2.80457
2560000.0,2.91131
2563000.0,3.01091
2567000.0,2.90253
2570000.0,2.88266
2570757.0,2.869934
2574879.0,2.800639
2580000.0,2.71455
2590000.0,2.5288
2600000.0,2.36929
2606198.0,2.278192
2610000.0,2.22231
2612070.0,2.210401
2617080.0,2.181579
2620000.0,2.16478
2623437.0,2.143955
2625271.0,2.132843
2631432.0,2.095514
2634139.0,2.079112
2640000.0,2.0436
2640700.0,2.041639
2644211.0,2.031801
2650000.0,2.01558
2653689.0,2.005561
2660000.0,1.98842
2662605.0,1.983653
2670991.0,1.968306
2678877.0,1.953875
2680000.0,1.95182
2686291.0,1.946344
2693261.0,1.940276
2700000.0,1.93441
2706377.0,1.92693
2717907.0,1.913405
2724885.0,1.90522
2728035.0,1.901525
2736929.0,1.891092
2744734.0,1.881937
2750000.0,1.87576
2758448.0,1.874094
2768778.0,1.872057
2776550.0,1.870524
2788250.0,1.868217
2800000.0,1.8659
2850000.0,1.87009
2898275.0,1.870273
2900000.0,1.87028
2950000.0,1.77063
3000000.0,1.72565
3050000.0,1.66118
3100000.0,1.62735
3150000.0,1.60108
3200000.0,1.55342
3224903.0,1.537034
3248869.0,1.521264
3250000.0,1.52052
3274904.0,1.500188
3300000.0,1.4797
3323575.0,1.480652
3324906.0,1.480706
3350000.0,1.48172
3374907.0,1.469262
3400000.0,1.45671
3420000.0,1.47598
3424909.0,1.481581
3440000.0,1.4988
3450000.0,1.50373
3460000.0,1.50804
3474910.0,1.522592
3480000.0,1.52756
3500000.0,1.55963
3520000.0,1.58712
3530000.0,1.59636
3540000.0,1.6009
3550000.0,1.59942
3560000.0,1.59751
3574912.0,1.59531
3580000.0,1.59456
3600000.0,1.59455
3620000.0,1.58744
3640000.0,1.56422
3648991.0,1.556704
3650000.0,1.55586
3660000.0,1.55014
3680000.0,1.53945
3686171.0,1.536584
3700000.0,1.53016
3742653.0,1.508757
3750000.0,1.50507
3800000.0,1.47234
3850000.0,1.44664
3898718.0,1.40637
3900000.0,1.40531
3950000.0,1.36144
4000000.0,1.30291
4050000.0,1.21625
4100000.0,1.1836
4150000.0,1.18851
4200000.0,1.21882
4250000.0,1.21488
4300000.0,1.21548
4310000.0,1.2107
4320000.0,1.20676
4330000.0,1.20509
4340000.0,1.20502
4350000.0,1.20594
4360000.0,1.20781
4370000.0,1.21087
4380000.0,1.21527
4390000.0,1.22199
4400000.0,1.22943
4410000.0,1.2348
4420000.0,1.23778
4424516.0,1.238606
4430000.0,1.23961
4440000.0,1.24158
4446080.0,1.243629
4450000.0,1.24495
4460000.0,1.25108
4465035.0,1.257595
4470000.0,1.26402
4480000.0,1.27986
4490000.0,1.28965
4498400.0,1.288911
4500000.0,1.28877
4510000.0,1.30039
4520000.0,1.33997
4523588.0,1.356715
4530000.0,1.38664
4540000.0,1.54674
4542571.0,1.56649
4550000.0,1.62356
4560000.0,1.54694
4570000.0,1.46281
4571195.0,1.458518
4580000.0,1.42689
4590000.0,1.42421
4600000.0,1.47184
4610000.0,1.5081
4620000.0,1.53764
4630000.0,1.55887
4640000.0,1.57687
4649205.0,1.587704
4650000.0,1.58864
4660000.0,1.59353
4670000.0,1.59475
4680000.0,1.59032
4690000.0,1.58134
4700000.0,1.57129
4710000.0,1.56059
4720000.0,1.54739
4724001.0,1.544125
4730000.0,1.53923
4740000.0,1.55063
4750000.0,1.57436
4760000.0,1.60018
4770000.0,1.61759
4780000.0,1.61576
4790000.0,1.59866
4800000.0,1.57735
4810000.0,1.60356
4820000.0,1.64589
4830000.0,1.65292
4840000.0,1.62178
4849237.0,1.581562
4850000.0,1.57824
4852130.0,1.569
4860000.0,1.5365
4870000.0,1.49522
4880000.0,1.45741
4886496.0,1.44052
4890000.0,1.43141
4900000.0,1.41859
4906222.0,1.416406
4910000.0,1.41508
4911673.0,1.414797
4914628.0,1.414298
4916448.0,1.41399
4920000.0,1.41339
4920629.0,1.413216
4927955.0,1.411194
4930000.0,1.41063
4933457.0,1.409766
4937588.0,1.408733
4940000.0,1.40813
4943790.0,1.407736
4950000.0,1.40709
4957130.0,1.414313
4960000.0,1.41722
4970000.0,1.4303
4974937.0,1.436264
4980000.0,1.44238
4990000.0,1.45098
5000000.0,1.45883
5010000.0,1.46326
5012271.0,1.464116
5012453.0,1.464185
5020000.0,1.46703
5021814.0,1.46748
5023803.0,1.467973
5030000.0,1.46951
5034638.0,1.470915
5035887.0,1.471294
5040000.0,1.47254
5044818.0,1.475272
5050000.0,1.47821
5060000.0,1.47798
5062454.0,1.477946
5063959.0,1.477925
5070000.0,1.47784
5071814.0,1.477807
5080000.0,1.47766
5080768.0,1.477639
5085887.0,1.477501
5090000.0,1.47739
5095521.0,1.477224
5100000.0,1.47709
5108465.0,1.474161
5110000.0,1.47363
5112454.0,1.473043
5119818.0,1.471283
5120000.0,1.47124
5121815.0,1.471311
5128847.0,1.471585
5129773.0,1.471621
5130000.0,1.47163
5139412.0,1.472938
5140000.0,1.47302
5147240.0,1.472376
5150000.0,1.47213
5160000.0,1.48131
5160380.0,1.483603
5162455.0,1.496123
5170000.0,1.54165
5180000.0,1.58758
5180152.0,1.587111
5181193.0,1.583896
5190000.0,1.5567
5200000.0,1.46525
5210000.0,1.46354
5220000.0,1.4456
5230000.0,1.42968
5240000.0,1.44394
5250000.0,1.47228
5260000.0,1.50911
5262455.0,1.518444
5270000.0,1.54713
5280000.0,1.58293
5281194.0,1.58676
5290000.0,1.61501
5299056.0,1.643428
5300000.0,1.64639
5310000.0,1.67742
5312456.0,1.685156
5320000.0,1.70892
5330000.0,1.73386
5331195.0,1.731666
5340000.0,1.7155
5350000.0,1.67068
5360000.0,1.62729
5362456.0,1.616749
5370000.0,1.58437
5380000.0,1.54013
5381195.0,1.534517
5390000.0,1.49316
5400000.0,1.44204
5410000.0,1.39076
5420000.0,1.34402
5424604.0,1.326267
5430000.0,1.30546
5440000.0,1.27322
5446224.0,1.254112
5450000.0,1.24252
5460000.0,1.20595
5465213.0,1.185333
5470000.0,1.1664
5480000.0,1.12671
5480270.0,1.12565
5481882.0,1.119368
5490000.0,1.08773
5500000.0,1.04859
5501555.0,1.042061
5503063.0,1.035728
5504524.0,1.029594
5505939.0,1.023652
5507311.0,1.017891
5508640.0,1.012311
5509928.0,1.006902
5510000.0,1.0066
5511175.0,1.007285
5511176.0,1.007286
5512385.0,1.00799
5513556.0,1.008673
5514691.0,1.009335
5515791.0,1.009976
5516857.0,1.010598
5517890.0,1.0112
5518891.0,1.011783
5519860.0,1.012348
5520000.0,1.01243
5521739.0,1.023678
5523501.0,1.035074
5525153.0,1.04576
5526703.0,1.055785
5528156.0,1.065183
5529519.0,1.073999
5530000.0,1.07711
5530797.0,1.082549
5531995.0,1.090724
5533119.0,1.098394
5533249.0,1.099281
5534172.0,1.10558
5535160.0,1.112322
5537013.0,1.124967
5538635.0,1.136035
5540000.0,1.14535
5540054.0,1.145757
5541296.0,1.155106
5542383.0,1.163289
5543335.0,1.170456
5545000.0,1.18299
5546250.0,1.1924
5548124.0,1.206507
5549862.0,1.219591
5550000.0,1.22063
5551555.0,1.232924
5553063.0,1.244846
5554524.0,1.256397
5555939.0,1.267584
5557311.0,1.278431
5558640.0,1.288938
5559928.0,1.299121
5560000.0,1.29969
5561176.0,1.308682
5562385.0,1.317926
5563557.0,1.326887
5564692.0,1.335565
5565792.0,1.343976
5566858.0,1.352126
5567890.0,1.360017
5568891.0,1.367671
5570000.0,1.37615
5570830.0,1.381933
5572649.0,1.394606
5574354.0,1.406484
5574874.0,1.410107
5575954.0,1.417632
5577454.0,1.428082
5578860.0,1.437878
5580000.0,1.44582
5580179.0,1.446932
5581416.0,1.454616
5582575.0,1.461816
5583663.0,1.468575
5584682.0,1.474905
5586595.0,1.486788
5588269.0,1.497187
5589734.0,1.506288
5590000.0,1.50794
5591016.0,1.513092
5592138.0,1.518782
5594103.0,1.528746
5595576.0,1.536216
5596682.0,1.541824
5598341.0,1.550237
5600000.0,1.55865
5601556.0,1.564136
5603063.0,1.56945
5604524.0,1.574602
5605940.0,1.579594
5607311.0,1.584429
5608640.0,1.589115
5609928.0,1.593656
5610000.0,1.59391
5611176.0,1.596591
5612295.0,1.599143
5612385.0,1.599348
5613557.0,1.60202
5614692.0,1.604608
5615792.0,1.607116
5617924.0,1.611977
5619924.0,1.616537
5620000.0,1.61671
5621799.0,1.618919
5623557.0,1.621078
5623847.0,1.621434
5625206.0,1.623103
5626752.0,1.625001
5628203.0,1.626783
5629562.0,1.628452
5630000.0,1.62899
5630838.0,1.62904
5632033.0,1.629112
5633155.0,1.629179
5634698.0,1.629272
5635257.0,1.629305
5637098.0,1.629416
5638709.0,1.629513
5640000.0,1.62959
5640119.0,1.629447
5641353.0,1.627965
5642434.0,1.626667
5644324.0,1.624397
5644890.0,1.623717
5645742.0,1.622694
5647871.0,1.620137
5650000.0,1.61758
5651556.0,1.61437
5653063.0,1.611261
5654461.0,1.608377
5654524.0,1.608247
5655940.0,1.605326
5657311.0,1.602497
5658641.0,1.599754
5659929.0,1.597096
5660000.0,1.59695
5661176.0,1.594482
5662386.0,1.591942
5664729.0,1.587024
5666927.0,1.58241
5668989.0,1.578082
5670000.0,1.57596
5670922.0,1.574013
5672452.0,1.570781
5672735.0,1.570184
5674435.0,1.566593
5676030.0,1.563225
5677525.0,1.560067
5678927.0,1.557106
5680000.0,1.55484
5680242.0,1.554302
5681474.0,1.551562
5683787.0,1.546418
5685811.0,1.541916
5687583.0,1.537975
5688241.0,1.536512
5689133.0,1.534528
5690000.0,1.5326
5690490.0,1.531252
5692866.0,1.524713
5694649.0,1.519806
5695986.0,1.516127
5697993.0,1.510603
5700000.0,1.50508
5701556.0,1.500692
5702092.0,1.499181
5703063.0,1.496442
5704524.0,1.492322
5705940.0,1.488329
5708684.0,1.480591
5710000.0,1.47688
5711257.0,1.47398
5713671.0,1.468411
5714240.0,1.467098
5715935.0,1.463188
5718058.0,1.45829
5720000.0,1.45381
5720049.0,1.453748
5721916.0,1.451398
5723668.0,1.449192
5724890.0,1.447653
5725310.0,1.447125
5726850.0,1.445186
5728294.0,1.443368
5730000.0,1.44122
5731003.0,1.441302
5733374.0,1.441497
5735450.0,1.441667
5737266.0,1.441816
5738856.0,1.441946
5740000.0,1.44204
5740248.0,1.442251
5742685.0,1.44432
5743576.0,1.445076
5744512.0,1.445871
5747255.0,1.448199
5750000.0,1.45053
5753112.0,1.454703
5756031.0,1.458618
5757630.0,1.460762
5758770.0,1.462291
5760000.0,1.46394
5761338.0,1.466241
5763747.0,1.470385
5766006.0,1.47427
5768125.0,1.477915
5768193.0,1.478032
5770000.0,1.48114
5770112.0,1.481356
5771975.0,1.484946
5773723.0,1.488314
5777001.0,1.494631
5779871.0,1.500161
5780000.0,1.50041
5782383.0,1.505085
5784075.0,1.508405
5784582.0,1.5094
5786507.0,1.513177
5789877.0,1.519789
5790000.0,1.52003
5792406.0,1.524397
5794304.0,1.527842
5797151.0,1.533009
5800000.0,1.53818
5803112.0,1.542705
5806032.0,1.546951
5808770.0,1.550932
5810000.0,1.55272
5811338.0,1.554789
5813747.0,1.558513
5818266.0,1.565499
5820000.0,1.56818
5822224.0,1.571598
5825688.0,1.576922
5828722.0,1.581586
5830000.0,1.58355
5831377.0,1.585471
5836027.0,1.591958
5839517.0,1.596826
5840000.0,1.5975
5842136.0,1.599247
5846067.0,1.602463
5850000.0,1.60568
5856227.0,1.600555
5860000.0,1.59745
5861680.0,1.594502
5866457.0,1.586118
5870000.0,1.5799
5870639.0,1.578562
5877966.0,1.563219
5880000.0,1.55896
5883466.0,1.552118
5887595.0,1.543967
5890000.0,1.53922
5893794.0,1.531788
5900000.0,1.51963
5910000.0,1.50148
5920000.0,1.4828
5924947.0,1.473119
5930000.0,1.46323
5940000.0,1.44238
5950000.0,1.42115
5960000.0,1.40112
5970000.0,1.38263
5980000.0,1.36618
5990000.0,1.35163
6000000.0,1.33877
6010000.0,1.32705
6020000.0,1.31667
6024643.0,1.312394
6030000.0,1.30746
6040000.0,1.29926
6046288.0,1.294821
6050000.0,1.2922
6060000.0,1.28782
6065292.0,1.287624
6070000.0,1.28745
6080000.0,1.29183
6081969.0,1.293779
6090000.0,1.30173
6100000.0,1.31664
6110000.0,1.33244
6111264.0,1.334572
6120000.0,1.34931
6130000.0,1.36714
6133328.0,1.37335
6140000.0,1.3858
6149929.0,1.405013
6150000.0,1.40515
6160000.0,1.42444
6170000.0,1.44413
6174913.0,1.453931
6180000.0,1.46408
6190000.0,1.48805
6200000.0,1.50978
6210000.0,1.51593
6220000.0,1.50681
6224654.0,1.497753
6230000.0,1.48735
6240000.0,1.46651
6246307.0,1.452603
6250000.0,1.44446
6260000.0,1.42591
6265315.0,1.417475
6270000.0,1.41004
6274950.0,1.403402
6280000.0,1.39663
6281994.0,1.394088
6290000.0,1.38388
6296625.0,1.376202
6300000.0,1.37229
6310000.0,1.35705
6320000.0,1.34357
6322311.0,1.340667
6330000.0,1.33101
6340000.0,1.31948
6341644.0,1.317788
6350000.0,1.30919
6356183.0,1.302982
6360000.0,1.29915
6370000.0,1.28985
6378054.0,1.282464
6380000.0,1.28068
6390000.0,1.27164
6400000.0,1.26276
6410000.0,1.25384
6420000.0,1.24503
6430000.0,1.23629
6440000.0,1.22763
6450000.0,1.21904
6460000.0,1.21065
6470000.0,1.20275
6480000.0,1.19526
6490000.0,1.18803
6499230.0,1.181504
6500000.0,1.18096
6510000.0,1.17472
6520000.0,1.16971
6530000.0,1.16659
6540000.0,1.16598
6550000.0,1.16841
6560000.0,1.17243
6570000.0,1.17712
6580000.0,1.18206
6590000.0,1.18685
6600000.0,1.1914
6610000.0,1.19656
6620000.0,1.20007
6630000.0,1.19858
6640000.0,1.18834
6650000.0,1.17545
6660000.0,1.1659
6670000.0,1.15748
6680000.0,1.14945
6690000.0,1.14188
6700000.0,1.13629
6710000.0,1.13619
6720000.0,1.14409
6730000.0,1.15786
6740000.0,1.16004
6750000.0,1.17089
6760000.0,1.18415
6770000.0,1.20093
6780000.0,1.20937
6790000.0,1.17389
6800000.0,1.14728
6810000.0,1.13071
6820000.0,1.12004
6830000.0,1.11648
6840000.0,1.11715
6850000.0,1.12243
6860000.0,1.12907
6870000.0,1.1362
6880000.0,1.1433
6890000.0,1.14978
6900000.0,1.15535
6910000.0,1.16111
6920000.0,1.16649
6930000.0,1.17092
6940000.0,1.17384
6950000.0,1.17467
6960000.0,1.17301
6970000.0,1.16964
6980000.0,1.16554
6990000.0,1.1617
7000000.0,1.15908
7024693.0,1.156853
7046371.0,1.154897
7050000.0,1.15457
7065393.0,1.143115
7098807.0,1.118248
7100000.0,1.11736
7123971.0,1.110135
7142903.0,1.104429
7150000.0,1.10229
7171394.0,1.106218
7200000.0,1.11147
7224701.0,1.1037
7238500.0,1.09936
7246384.0,1.092175
7250000.0,1.08888
7265410.0,1.084161
7282099.0,1.079051
7300000.0,1.07357
7303104.0,1.073268
7306113.0,1.072976
7309029.0,1.072692
7311397.0,1.072462
7311855.0,1.072418
7314593.0,1.072152
7317247.0,1.071894
7319819.0,1.071644
7322312.0,1.071401
7324727.0,1.071167
7327068.0,1.070939
7329336.0,1.070719
7331534.0,1.070505
7333448.0,1.070319
7333664.0,1.070298
7335728.0,1.070097
7339728.0,1.069708
7343481.0,1.069344
7347001.0,1.069002
7350000.0,1.06871
7350030.0,1.068706
7350302.0,1.068669
7353398.0,1.06825
7356302.0,1.067856
7359026.0,1.067487
7360700.0,1.06726
7361580.0,1.067245
7363975.0,1.067203
7366222.0,1.067163
7368328.0,1.067126
7372280.0,1.067057
7374972.0,1.067009
7375739.0,1.066996
7378767.0,1.066943
7381418.0,1.066896
7383738.0,1.066856
7387800.0,1.066784
7390848.0,1.066731
7393135.0,1.066691
7396567.0,1.06663
7400000.0,1.06657
7400880.0,1.0669
7401706.0,1.06721
7402480.0,1.0675
7403104.0,1.067735
7403205.0,1.067772
7403886.0,1.068028
7404524.0,1.068267
7405122.0,1.068492
7405683.0,1.068702
7406113.0,1.068863
7406209.0,1.068899
7406702.0,1.069084
7407164.0,1.069258
7408030.0,1.069583
7408789.0,1.069867
7409030.0,1.069958
7409452.0,1.070116
7410033.0,1.070334
7410541.0,1.070525
7411431.0,1.070859
7411856.0,1.071018
7412098.0,1.071109
7412598.0,1.071296
7413349.0,1.071578
7414100.0,1.07186
7414594.0,1.072035
7414767.0,1.072097
7415429.0,1.072332
7416086.0,1.072565
7416738.0,1.072797
7417248.0,1.072978
7417385.0,1.073027
7418027.0,1.073255
7418664.0,1.073481
7419296.0,1.073705
7419821.0,1.073892
7419923.0,1.073928
7420545.0,1.074149
7421163.0,1.074368
7421775.0,1.074586
7422313.0,1.074777
7422383.0,1.074802
7422987.0,1.075016
7423585.0,1.075229
7424179.0,1.07544
7424729.0,1.075635
7424768.0,1.075649
7425938.0,1.076064
7427069.0,1.076466
7427090.0,1.076473
7428223.0,1.076876
7429338.0,1.077272
7429340.0,1.077273
7430439.0,1.077663
7431520.0,1.078047
7431536.0,1.078052
7432586.0,1.078425
7433634.0,1.078798
7434667.0,1.079164
7435683.0,1.079525
7435796.0,1.079565
7436684.0,1.079881
7437669.0,1.080231
7438639.0,1.080575
7439594.0,1.080914
7439793.0,1.080985
7440534.0,1.081248
7441459.0,1.081577
7442371.0,1.081901
7443268.0,1.082219
7443542.0,1.082316
7444151.0,1.082533
7445020.0,1.082841
7445876.0,1.083145
7446719.0,1.083445
7447058.0,1.083565
7447548.0,1.083739
7448365.0,1.084029
7449169.0,1.084315
7449961.0,1.084596
7450000.0,1.08461
7450356.0,1.084621
7450740.0,1.084633
7451507.0,1.084657
7452263.0,1.08468
7453006.0,1.084703
7453449.0,1.084717
7453738.0,1.084726
7454459.0,1.084748
7455168.0,1.08477
7455867.0,1.084792
7456350.0,1.084807
7456554.0,1.084813
7457231.0,1.084834
7457897.0,1.084855
7458554.0,1.084875
7459070.0,1.084891
7459199.0,1.084895
7459835.0,1.084915
7460461.0,1.084934
7461077.0,1.084953
7461622.0,1.08497
7461684.0,1.084972
7462281.0,1.084991
7463457.0,1.085027
7464015.0,1.085044
7464596.0,1.085062
7465700.0,1.085097
7466259.0,1.085114
7466769.0,1.08513
7467806.0,1.085162
7468810.0,1.085193
7469782.0,1.085223
7470468.0,1.085245
7470725.0,1.085252
7471638.0,1.085281
7472523.0,1.085308
7473380.0,1.085335
7474153.0,1.085359
7474210.0,1.085361
7475015.0,1.085385
7475794.0,1.08541
7476550.0,1.085433
7477281.0,1.085456
7477379.0,1.085459
7477990.0,1.085478
7478677.0,1.085499
7479342.0,1.08552
7479987.0,1.08554
7480203.0,1.085546
7480612.0,1.085559
7481217.0,1.085578
7482389.0,1.085614
7482675.0,1.085623
7483489.0,1.085648
7484520.0,1.08568
7485486.0,1.08571
7486392.0,1.085738
7487002.0,1.085757
7487242.0,1.085765
7488039.0,1.085789
7488786.0,1.085812
7489486.0,1.085834
7490143.0,1.085854
7490249.0,1.085858
7490759.0,1.085874
7491913.0,1.085909
7492686.0,1.085933
7492923.0,1.085941
7493808.0,1.085968
7494581.0,1.085992
7495258.0,1.086013
7496342.0,1.086047
7496444.0,1.08605
7497332.0,1.086077
7497999.0,1.086098
7498999.0,1.086129
7500000.0,1.08616
7503105.0,1.083732
7506114.0,1.081379
7506211.0,1.081303
7509030.0,1.079099
7511856.0,1.076889
7512039.0,1.076746
7514595.0,1.074747
7517250.0,1.072671
7517506.0,1.07247
7519822.0,1.070659
7522315.0,1.06871
7522636.0,1.068459
7524730.0,1.066821
7527071.0,1.06499
7527147.0,1.064931
7527448.0,1.064696
7529340.0,1.063216
7531538.0,1.061497
7531679.0,1.061387
7531962.0,1.061166
7533668.0,1.059832
7535732.0,1.058218
7535931.0,1.058062
7536197.0,1.057854
7537732.0,1.056654
7539670.0,1.055138
7539920.0,1.054943
7540169.0,1.054748
7543427.0,1.0522
7543661.0,1.052017
7543894.0,1.051835
7546950.0,1.049445
7547170.0,1.049273
7547389.0,1.049102
7550000.0,1.04706
7550255.0,1.046969
7550461.0,1.046896
7553354.0,1.045867
7553548.0,1.045798
7553945.0,1.045657
7556261.0,1.044834
7556442.0,1.044769
7558987.0,1.043864
7559157.0,1.043804
7559687.0,1.043615
7561544.0,1.042955
7561704.0,1.042898
7563942.0,1.042102
7564714.0,1.041828
7566191.0,1.041302
7566480.0,1.0412
7568299.0,1.040553
7569116.0,1.040262
7570277.0,1.039849
7570662.0,1.039713
7572969.0,1.038892
7573986.0,1.038531
7574323.0,1.038411
7576343.0,1.037692
7577233.0,1.037376
7577528.0,1.037271
7580075.0,1.036365
7580333.0,1.036274
7582250.0,1.035592
7582563.0,1.035481
7584740.0,1.034706
7585245.0,1.034527
7586646.0,1.034029
7586684.0,1.034015
7588931.0,1.033216
7589982.0,1.032842
7590011.0,1.032832
7591697.0,1.032233
7592485.0,1.031952
7595003.0,1.031057
7595847.0,1.030757
7596242.0,1.030616
7600000.0,1.02928
7603105.0,1.029625
7606114.0,1.02996
7609031.0,1.030284
7612348.0,1.030653
7614685.0,1.030913
7619989.0,1.031503
7623943.0,1.031942
7624877.0,1.032046
7624965.0,1.032056
7629634.0,1.032575
7634013.0,1.033062
7634829.0,1.033153
7638120.0,1.033519
7641973.0,1.033947
7643589.0,1.034127
7645049.0,1.034289
7645587.0,1.034349
7648976.0,1.034726
7649836.0,1.034822
7650000.0,1.03484
7652155.0,1.035732
7654643.0,1.036761
7655137.0,1.036966
7660730.0,1.03928
7663648.0,1.040488
7665628.0,1.041307
7669916.0,1.043081
7671743.0,1.043837
7673670.0,1.044635
7676956.0,1.045994
7680560.0,1.047486
7682711.0,1.048376
7687029.0,1.050163
7690270.0,1.051504
7695133.0,1.053516
7695390.0,1.053622
7700000.0,1.05553
7706212.0,1.060374
7708389.0,1.062071
7712041.0,1.064919
7717509.0,1.069183
7719781.0,1.070954
7722639.0,1.073183
7724879.0,1.074929
7727451.0,1.076935
7729763.0,1.078738
7731966.0,1.080455
7736200.0,1.083757
7740000.0,1.08672
7740173.0,1.08689
7743898.0,1.09056
7747263.0,1.093874
7749838.0,1.09641
7750000.0,1.09657
7750889.0,1.097645
7757011.0,1.105046
7760000.0,1.10866
7760414.0,1.1093
7762348.0,1.112292
7762371.0,1.112328
7767065.0,1.11959
7770291.0,1.12458
7771174.0,1.125946
7778371.0,1.13708
7780000.0,1.1396
7783772.0,1.147106
7785131.0,1.149811
7787826.0,1.155174
7793910.0,1.167281
7800000.0,1.1794
7806213.0,1.197384
7812041.0,1.214253
7812352.0,1.215153
7817510.0,1.230083
7820000.0,1.23729
7823950.0,1.249896
7827774.0,1.262101
7834839.0,1.284649
7836766.0,1.290799
7840000.0,1.30112
7844642.0,1.309471
7845061.0,1.310225
7849841.0,1.318824
7850000.0,1.31911
7851541.0,1.313495
7854656.0,1.302144
7857582.0,1.291481
7860000.0,1.28267
7868165.0,1.247687
7872678.0,1.228351
7876112.0,1.213638
7880000.0,1.19698
7882077.0,1.194541
7888482.0,1.187018
7891033.0,1.184022
7900000.0,1.17349
7902336.0,1.168368
7912431.0,1.146235
7914479.0,1.141745
7920000.0,1.12964
7923325.0,1.134905
7925119.0,1.137746
7934440.0,1.152506
7940000.0,1.16131
7942424.0,1.16306
7950000.0,1.16853
7950780.0,1.168371
7953000.0,1.16792
7953006.0,1.167913
7956779.0,1.16372
7960000.0,1.16014
7963056.0,1.156322
7978360.0,1.137199
7980000.0,1.13515
7981507.0,1.133321
8000000.0,1.11087
8020000.0,1.09163
8024883.0,1.087113
8040000.0,1.07313
8050000.0,1.06468
8060000.0,1.05705
8062354.0,1.055759
8080000.0,1.04608
8099382.0,1.039432
8100000.0,1.03922
8149846.0,1.018833
8150000.0,1.01877
8200000.0,0.993766
8249848.0,0.9715458
8250000.0,0.971478
8300000.0,0.955133
8309100.0,0.952699
8349850.0,0.9432269
8350000.0,0.943192
8400000.0,0.9334
8449852.0,0.925658
8450000.0,0.925635
8500000.0,0.924424
8520000.0,0.926067
8540000.0,0.927852
8549854.0,0.928929
8550000.0,0.928945
8560000.0,0.93052
8580000.0,0.935014
8600000.0,0.941126
8620000.0,0.951344
8640000.0,0.979909
8649855.0,0.9964486
8650000.0,0.996692
8660000.0,1.01166
8680000.0,1.02603
8700000.0,1.02242
8708800.0,1.01913
8720000.0,1.01472
8740000.0,1.00694
8749857.0,1.003322
8750000.0,1.00327
8760000.0,0.999849
8780000.0,0.992848
8800000.0,0.985588
8801554.0,0.9849885
8803084.0,0.9843982
8804590.0,0.9838172
8806073.0,0.983245
8807533.0,0.9826818
8808970.0,0.9821274
8810385.0,0.9815815
8811778.0,0.981044
8813150.0,0.9805147
8814501.0,0.9799935
8815830.0,0.9794808
8817139.0,0.9789758
8818428.0,0.9784785
8819697.0,0.9779889
8820000.0,0.977872
8820946.0,0.9775253
8822176.0,0.9770746
8823387.0,0.9766308
8824579.0,0.976194
8825752.0,0.9757642
8826907.0,0.9753409
8828045.0,0.9749239
8829165.0,0.9745135
8830267.0,0.9741097
8831352.0,0.9737121
8832421.0,0.9733203
8833473.0,0.9729348
8834509.0,0.9725552
8835528.0,0.9721818
8836532.0,0.9718138
8837520.0,0.9714518
8838493.0,0.9710952
8839451.0,0.9707442
8840000.0,0.970543
8840394.0,0.9704081
8841322.0,0.9700905
8842236.0,0.9697776
8843136.0,0.9694695
8844021.0,0.9691666
8845765.0,0.9685696
8847455.0,0.9679912
8849092.0,0.9674308
8849859.0,0.9671683
8850000.0,0.96712
8850679.0,0.9669019
8852216.0,0.9664082
8853705.0,0.96593
8855148.0,0.9654665
8856547.0,0.9650171
8857901.0,0.9645822
8859214.0,0.9641605
8860000.0,0.963908
8860486.0,0.9637709
8861718.0,0.9634233
8862912.0,0.9630864
8864068.0,0.9627602
8865189.0,0.9624439
8866275.0,0.9621375
8867327.0,0.9618407
8868346.0,0.9615532
8869333.0,0.9612747
8870290.0,0.9610047
8871217.0,0.9607431
8872115.0,0.9604898
8873855.0,0.9599988
8875487.0,0.9595383
8877017.0,0.9591067
8878452.0,0.9587018
8879797.0,0.9583223
8880000.0,0.958265
8881058.0,0.9580344
8882241.0,0.9577765
8883350.0,0.9575347
8884390.0,0.957308
8885365.0,0.9570954
8886279.0,0.9568962
8887993.0,0.9565225
8889493.0,0.9561955
8890805.0,0.9559095
8891954.0,0.955659
8892960.0,0.9554397
8893839.0,0.9552481
8895379.0,0.9549124
8896534.0,0.9546606
8898267.0,0.9542828
8900000.0,0.953905
8903108.0,0.9531167
8906120.0,0.9523527
8909039.0,0.9516123
8911868.0,0.9508948
8914609.0,0.9501996
8917265.0,0.9495259
8919839.0,0.948873
8922333.0,0.9482405
8924750.0,0.9476274
8927092.0,0.9470334
8929361.0,0.9464579
8931560.0,0.9459001
8933691.0,0.9453596
8937821.0,0.9443121
8941695.0,0.9433295
8945328.0,0.942408
8948735.0,0.9415439
8950000.0,0.941223
8951930.0,0.9408244
8954927.0,0.9402054
8957738.0,0.9396248
8960373.0,0.9390806
8962845.0,0.93857
8965162.0,0.9380914
8967336.0,0.9376424
8971412.0,0.9368006
8974981.0,0.9360634
8978104.0,0.9354184
8980838.0,0.9348537
8983231.0,0.9343595
8987421.0,0.9334941
8990564.0,0.9328449
8992922.0,0.9323579
8996460.0,0.9316272
9000000.0,0.930896
9049862.0,0.9210353
9050000.0,0.921008
9100000.0,0.909703
9149863.0,0.895127
9150000.0,0.895087
9200000.0,0.880655
9249865.0,0.8657154
9250000.0,0.865675
9300000.0,0.854974
9344600.0,0.846404
9350000.0,0.845358
9400000.0,0.834671
9401554.0,0.8342345
9403085.0,0.8338044
9404591.0,0.8333814
9406075.0,0.8329645
9407535.0,0.8325544
9408973.0,0.8321505
9410389.0,0.8317527
9411782.0,0.8313614
9413154.0,0.830976
9414505.0,0.8305965
9415835.0,0.8302229
9417144.0,0.8298553
9418433.0,0.8294932
9419703.0,0.8291364
9420952.0,0.8287856
9422182.0,0.8284401
9423393.0,0.8280999
9424585.0,0.8277651
9425759.0,0.8274353
9426914.0,0.8271109
9428052.0,0.8267912
9429172.0,0.8264766
9430275.0,0.8261668
9431360.0,0.825862
9432429.0,0.8255617
9433481.0,0.8252662
9434517.0,0.8249752
9435536.0,0.8246889
9436540.0,0.8244069
9437529.0,0.8241291
9438502.0,0.8238558
9439459.0,0.823587
9440402.0,0.8233221
9441331.0,0.8230611
9442245.0,0.8228044
9443144.0,0.8225519
9444030.0,0.822303
9444902.0,0.822058
9445761.0,0.8218167
9446606.0,0.8215794
9448270.0,0.821112
9449606.0,0.8207367
9449882.0,0.8206591
9450000.0,0.820626
9451444.0,0.8202977
9452958.0,0.8199535
9454424.0,0.8196203
9455845.0,0.8192972
9457222.0,0.8189842
9457500.0,0.818921
9458556.0,0.818828
9459848.0,0.8187143
9461100.0,0.818604
9462314.0,0.8184971
9463489.0,0.8183937
9464628.0,0.8182934
9465731.0,0.8181963
9466800.0,0.8181022
9467836.0,0.8180109
9468839.0,0.8179226
9469812.0,0.817837
9470754.0,0.817754
9471666.0,0.8176737
9472550.0,0.8175959
9473407.0,0.8175204
9475067.0,0.8173743
9476623.0,0.8172373
9478083.0,0.8171087
9479451.0,0.8169883
9480734.0,0.8168753
9481937.0,0.8167694
9483065.0,0.8166701
9484122.0,0.816577
9485114.0,0.8164897
9486044.0,0.8164078
9486915.0,0.8163311
9486982.0,0.8163252
9488550.0,0.8161871
9489980.0,0.8160612
9491232.0,0.815951
9492328.0,0.8158545
9493287.0,0.8157701
9494125.0,0.8156963
9495594.0,0.8155669
9496695.0,0.81547
9498347.0,0.8153245
9500000.0,0.815179
9501554.0,0.8156774
9503085.0,0.8161684
9504592.0,0.8166517
9506075.0,0.8171273
9507536.0,0.8175958
9508973.0,0.8180566
9510389.0,0.8185108
9511783.0,0.8189578
9513155.0,0.8193978
9514506.0,0.8198311
9515836.0,0.8202576
9517145.0,0.8206774
9518434.0,0.8210908
9519703.0,0.8214978
9520953.0,0.8218986
9522183.0,0.8222931
9523394.0,0.8226815
9524586.0,0.8230637
9525760.0,0.8234402
9528071.0,0.8241814
9530311.0,0.8248997
9532481.0,0.8255957
9534584.0,0.8262701
9536621.0,0.8269234
9538595.0,0.8275564
9540508.0,0.8281699
9542362.0,0.8287645
9543324.0,0.829073
9544158.0,0.8293405
9545898.0,0.8298985
9547584.0,0.8304392
9549218.0,0.8309632
9550000.0,0.831214
9550801.0,0.8318771
9552334.0,0.8331463
9553820.0,0.8343765
9555260.0,0.8355686
9556655.0,0.8367235
9558007.0,0.8378428
9559316.0,0.8389265
9560585.0,0.8399771
9561814.0,0.8409946
9563005.0,0.8419806
9565313.0,0.8438913
9567477.0,0.8456829
9569507.0,0.8473635
9571410.0,0.8489389
9573194.0,0.8504158
9574867.0,0.8518009
9576436.0,0.8530998
9577907.0,0.8543176
9579287.0,0.8554601
9580580.0,0.8565306
9581792.0,0.857534
9584066.0,0.8594166
9586057.0,0.8610649
9587799.0,0.862507
9589323.0,0.8637687
9590657.0,0.8648731
9592992.0,0.8668062
9594743.0,0.8682558
9596057.0,0.8693437
9598028.0,0.8709754
9600000.0,0.872608
9603109.0,0.8750655
9609137.0,0.8798303
9614791.0,0.8842995
9620000.0,0.888417
9620094.0,0.888492
9625069.0,0.8924636
9629735.0,0.8961885
9634112.0,0.8996826
9638217.0,0.9029596
9640000.0,0.904383
9642066.0,0.9060346
9645677.0,0.9089212
9649063.0,0.911628
9650000.0,0.912377
9652239.0,0.9142548
9658196.0,0.919251
9660000.0,0.920764
9663412.0,0.9241867
9667978.0,0.9287671
9671975.0,0.9327767
9675474.0,0.9362867
9680000.0,0.940827
9681599.0,0.9426494
9686196.0,0.9478886
9689645.0,0.9518194
9694821.0,0.9577185
9699485.0,0.9630341
9700000.0,0.963621
9720000.0,1.00991
9737500.0,1.03862
9740000.0,1.04168
9750000.0,1.04771
9753088.0,1.047293
9760000.0,1.04636
9768700.0,1.031453
9776516.0,1.01806
9780000.0,1.01209
9800000.0,0.972112
9800777.0,0.971518
9801549.0,0.9709278
9802314.0,0.9703429
9803073.0,0.9697627
9803827.0,0.9691863
9804575.0,0.9686144
9805317.0,0.9680472
9806053.0,0.9674845
9806783.0,0.9669264
9808233.0,0.9658179
9809660.0,0.9647269
9811066.0,0.963652
9812449.0,0.9625947
9813811.0,0.9615535
9815152.0,0.9605283
9816472.0,0.9595192
9817772.0,0.9585253
9819051.0,0.9575475
9820000.0,0.956822
9820311.0,0.956718
9821551.0,0.9563034
9822772.0,0.9558952
9823974.0,0.9554933
9824780.0,0.9552238
9824905.0,0.955182
9825158.0,0.9550974
9826323.0,0.9547079
9827470.0,0.9543244
9828599.0,0.9539469
9829710.0,0.9535755
9830805.0,0.9532093
9831882.0,0.9528493
9832943.0,0.9524945
9833987.0,0.9521454
9835015.0,0.9518017
9836028.0,0.951463
9837024.0,0.95113
9838005.0,0.950802
9838970.0,0.9504794
9839921.0,0.9501614
9840000.0,0.950135
9840857.0,0.9499642
9841778.0,0.9497806
9842686.0,0.9495997
9843579.0,0.9494217
9844458.0,0.9492465
9845323.0,0.9490741
9846175.0,0.9489043
9846513.0,0.948837
9847014.0,0.9487371
9847840.0,0.9485725
9848652.0,0.9484107
9849453.0,0.948251
9850000.0,0.948142
9850241.0,0.948119
9851016.0,0.9480452
9851780.0,0.9479724
9852531.0,0.9479008
9853271.0,0.9478303
9854728.0,0.9476914
9856140.0,0.9475569
9857507.0,0.9474266
9858833.0,0.9473002
9860000.0,0.947189
9860116.0,0.9471984
9861360.0,0.9472994
9862381.0,0.9473822
9862566.0,0.9473972
9863733.0,0.9474919
9864865.0,0.9475838
9865961.0,0.9476727
9867023.0,0.9477589
9868051.0,0.9478423
9869048.0,0.9479232
9870014.0,0.9480016
9870950.0,0.9480776
9871856.0,0.9481511
9872735.0,0.9482224
9873585.0,0.9482914
9874410.0,0.9483584
9875209.0,0.9484232
9875982.0,0.9484859
9876732.0,0.9485468
9878185.0,0.9486647
9879547.0,0.9487752
9880000.0,0.948812
9880824.0,0.9490985
9882021.0,0.9495147
9883144.0,0.9499052
9884197.0,0.9502713
9884663.0,0.9504333
9885184.0,0.9506145
9886109.0,0.9509361
9886977.0,0.9512379
9887790.0,0.9515206
9888553.0,0.9517859
9889983.0,0.9522831
9891234.0,0.9527181
9892330.0,0.9530991
9893288.0,0.9534322
9894127.0,0.953724
9894861.0,0.9539792
9896145.0,0.9544256
9897109.0,0.9547608
9898554.0,0.9552632
9900000.0,0.955766
9913372.0,0.9542889
9934958.0,0.9519045
9950000.0,0.950243
9967426.0,0.9492366
9978900.0,0.948574
10000000.0,0.948473
10027000.0,0.948049
10036100.0,0.948227
10044060.0,0.9483828
10050000.0,0.948499
10051040.0,0.9486696
10057150.0,0.9496716
10062490.0,0.9505474
10071860.0,0.952084
10078880.0,0.9532353
10084160.0,0.9541012
10092080.0,0.9554001
10099510.0,0.9566186
10100000.0,0.956699
10106220.0,0.9613113
10112060.0,0.9656417
10113130.0,0.9664352
10117530.0,0.9696978
10127800.0,0.9773133
10136800.0,0.9839869
10144680.0,0.9898301
10150000.0,0.993775
10151580.0,0.9942727
10157620.0,0.9961753
10168200.0,0.999508
10176140.0,1.002009
10182100.0,1.003887
10185000.0,1.0048
10191050.0,1.002214
10200000.0,0.998388
10203100.0,0.9953878
10206140.0,0.9924457
10206220.0,0.9923683
10209140.0,0.9895423
10212060.0,0.9867163
10212100.0,0.9866776
10215010.0,0.9838613
10217870.0,0.9810934
10220700.0,0.9783545
10223010.0,0.9761189
10223470.0,0.9756737
10226210.0,0.973022
10228900.0,0.9704186
10231550.0,0.9678539
10232600.0,0.9668377
10234160.0,0.965328
10236730.0,0.9628407
10239270.0,0.9603825
10241000.0,0.9587082
10241760.0,0.9579727
10244210.0,0.9556016
10246630.0,0.9532595
10246950.0,0.9529498
10248360.0,0.9515852
10249010.0,0.9509561
10250000.0,0.949998
10251350.0,0.949103
10253660.0,0.9475715
10254800.0,0.9468157
10255930.0,0.9460665
10258160.0,0.9445881
10262570.0,0.9416643
10266080.0,0.9393373
10266830.0,0.93884
10270970.0,0.9360953
10274550.0,0.9337218
10274980.0,0.9334368
10278860.0,0.9308644
10280910.0,0.9295053
10282620.0,0.9283716
10286270.0,0.9259517
10289810.0,0.9236048
10290450.0,0.9231805
10293230.0,0.9213374
10296550.0,0.9191363
10299520.0,0.9171672
10299770.0,0.9170015
10300000.0,0.916849
10302890.0,0.9152502
10305910.0,0.9135795
10308840.0,0.9119585
10311670.0,0.9103929
10312450.0,0.9099614
10314420.0,0.9088716
10317090.0,0.9073945
10319670.0,0.9059672
10322170.0,0.9045841
10323350.0,0.9039313
10324590.0,0.9032453
10326940.0,0.9019453
10329210.0,0.9006894
10332900.0,0.8986481
10333620.0,0.8982497
10337760.0,0.8959594
10341270.0,0.8940176
10341640.0,0.8938129
10345280.0,0.8917992
10348590.0,0.889968
10348690.0,0.8899127
10350000.0,0.889188
10351890.0,0.8882794
10354890.0,0.8868372
10355000.0,0.8867843
10357700.0,0.8854863
10360340.0,0.8842171
10362820.0,0.8830249
10365140.0,0.8819096
10366230.0,0.8813856
10369490.0,0.8798184
10373300.0,0.8779868
10374660.0,0.877333
10376630.0,0.8763859
10379550.0,0.8749821
10382100.0,0.8737562
10386570.0,0.8716073
10387320.0,0.8712468
10389930.0,0.8699921
10392450.0,0.8687806
10396220.0,0.8669682
10400000.0,0.865151
10403100.0,0.8637686
10406140.0,0.8624129
10409150.0,0.8610706
10412100.0,0.8597551
10412450.0,0.859599
10415010.0,0.8584574
10417880.0,0.8571776
10420700.0,0.85592
10423350.0,0.8547383
10423480.0,0.8546803
10428950.0,0.852241
10432900.0,0.8504795
10434000.0,0.849989
10434250.0,0.8498962
10439390.0,0.8479886
10441270.0,0.8472909
10444370.0,0.8461404
10448590.0,0.8445743
10449200.0,0.8443479
10450000.0,0.844051
10453880.0,0.8432323
10458420.0,0.8422744
10461420.0,0.8416414
10462810.0,0.8413481
10467070.0,0.8404492
10471050.0,0.8396095
10471200.0,0.8395778
10475200.0,0.8387338
10478280.0,0.8380839
10479080.0,0.8379151
10482840.0,0.8371218
10486480.0,0.8363537
10489140.0,0.8357925
10490010.0,0.8356089
10493430.0,0.8348873
10496740.0,0.8341889
10499520.0,0.8336023
10499960.0,0.8335094
10500000.0,0.833501
10503070.0,0.8337193
10506080.0,0.8339334
10509010.0,0.8341418
10511840.0,0.8343431
10512450.0,0.8343864
10517330.0,0.8347335
10522470.0,0.8350991
10523350.0,0.8351617
10527300.0,0.8354426
10531830.0,0.8357647
10532900.0,0.8358408
10536080.0,0.836067
10540060.0,0.8363501
10543800.0,0.8366161
10547300.0,0.836865
10549640.0,0.8370314
10550000.0,0.837057
10550590.0,0.8371136
10553670.0,0.837409
10556560.0,0.8376862
10561980.0,0.8382061
10562210.0,0.8382282
10566730.0,0.8386617
10570880.0,0.8390598
10571640.0,0.8391327
10574510.0,0.839408
10577700.0,0.839714
10583270.0,0.8402483
10585810.0,0.8404919
10587450.0,0.8406492
10590590.0,0.8409504
10595290.0,0.8414012
10600000.0,0.841853
10606190.0,0.8424727
10612200.0,0.8430745
10612450.0,0.8430995
10618020.0,0.8436572
10623350.0,0.8441908
10623660.0,0.8442218
10629120.0,0.8447685
10634420.0,0.8452991
10639560.0,0.8458137
10642460.0,0.8461041
10644540.0,0.8463123
10649360.0,0.8467949
10650000.0,0.846859
10654040.0,0.8470976
10656820.0,0.8472618
10658570.0,0.8473651
10662960.0,0.8476244
10667210.0,0.8478754
10667600.0,0.8478985
10675470.0,0.8483633
10683210.0,0.8488204
10683790.0,0.8488546
10690470.0,0.8492492
10697280.0,0.8496514
10700000.0,0.849812
10703670.0,0.8500077
10709670.0,0.8503276
10715290.0,0.8506273
10720570.0,0.8509088
10724910.0,0.8511402
10725510.0,0.8511722
10730150.0,0.8514196
10734510.0,0.8516521
10742670.0,0.8520872
10743640.0,0.8521389
10749820.0,0.8524684
10750000.0,0.852478
10756080.0,0.8527421
10757700.0,0.8528125
10761560.0,0.8529802
10766360.0,0.8531887
10774760.0,0.8535536
10778830.0,0.8537304
10781060.0,0.8538272
10785800.0,0.8540332
10792900.0,0.8543416
10800000.0,0.85465
10806200.0,0.8556141
10812200.0,0.8565471
10812390.0,0.8565766
10818020.0,0.8574521
10823660.0,0.8583291
10824020.0,0.8583851
10824910.0,0.8585235
10829130.0,0.8591797
10834430.0,0.8600039
10839560.0,0.8608016
10844540.0,0.861576
10845870.0,0.8617828
10849370.0,0.862327
10850000.0,0.862425
10854040.0,0.8627017
10862390.0,0.8632735
10863110.0,0.8633228
10865010.0,0.8634529
10871610.0,0.8639049
10879590.0,0.8644513
10881800.0,0.8646027
10887080.0,0.8649642
10894100.0,0.865445
10896500.0,0.8656093
10900000.0,0.865849
10900690.0,0.865875
10906870.0,0.8661083
10909390.0,0.8662034
10912670.0,0.8663272
10918110.0,0.8665325
10923210.0,0.8667249
10927990.0,0.8669053
10931970.0,0.8670555
10936970.0,0.8672442
10944830.0,0.8675409
10948940.0,0.867696
10949890.0,0.8677318
10950000.0,0.867736
10951710.0,0.8673953
10957730.0,0.866196
10961680.0,0.8654091
10963010.0,0.8651441
10972240.0,0.8633053
10979180.0,0.8619228
10980820.0,0.861596
10984380.0,0.8608868
10992190.0,0.8593309
11000000.0,0.857775
11006200.0,0.8571707
11012200.0,0.856586
11018020.0,0.8560188
11023660.0,0.8554691
11029130.0,0.854936
11034430.0,0.8544195
11044710.0,0.8534176
11050000.0,0.852902
11054350.0,0.8521445
11063400.0,0.8505685
11071890.0,0.8490901
11079850.0,0.8477039
11087320.0,0.8464031
11094330.0,0.8451824
11100000.0,0.844195
11100910.0,0.8440551
11107070.0,0.8431082
11112860.0,0.8422182
11118290.0,0.8413835
11128470.0,0.8398186
11137380.0,0.8384489
11145190.0,0.8372484
11150000.0,0.836509
11152030.0,0.8363542
11158010.0,0.835898
11163250.0,0.8354983
11172430.0,0.834798
11179320.0,0.8342725
11189650.0,0.8334845
11200000.0,0.832695
11206200.0,0.8323674
11212200.0,0.8320504
11223850.0,0.8314348
11234780.0,0.8308572
11245030.0,0.8303156
11250000.0,0.830053
11254660.0,0.8298181
11263690.0,0.829363
11272160.0,0.8289361
11280110.0,0.8285355
11287560.0,0.82816
11294560.0,0.8278072
11300000.0,0.827533
11301120.0,0.8274818
11307270.0,0.8272005
11318820.0,0.8266722
11328940.0,0.8262093
11337800.0,0.825804
11345550.0,0.8254495
11350000.0,0.825246
11352350.0,0.8251553
11364240.0,0.8246963
11373170.0,0.8243516
11379870.0,0.824093
11389930.0,0.8237047
11400000.0,0.823316
11412400.0,0.8229095
11424030.0,0.8225283
11434950.0,0.8221703
11445200.0,0.8218343
11450000.0,0.821677
11454810.0,0.8216274
11463840.0,0.8215342
11472300.0,0.8214469
11480240.0,0.8213649
11487690.0,0.821288
11500000.0,0.821161
11501670.0,0.8211898
11513910.0,0.8214011
11524640.0,0.8215863
11534030.0,0.8217484
11542260.0,0.8218904
11550000.0,0.822024
11556670.0,0.8223656
11567480.0,0.8229193
11575610.0,0.8233357
11587800.0,0.8239601
11600000.0,0.824585
11612400.0,0.825358
11624040.0,0.8260837
11634960.0,0.8267644
11645210.0,0.8274034
11650000.0,0.827702
11654820.0,0.8281352
11672870.0,0.8297576
11688690.0,0.8311795
11700000.0,0.832196
11702540.0,0.8324561
11706200.0,0.832831
11706210.0,0.8328321
11714680.0,0.8337706
11725310.0,0.8349484
11743940.0,0.8370126
11750000.0,0.837684
11757930.0,0.8386532
11768430.0,0.8399365
11784210.0,0.8418651
11800000.0,0.843795
11801550.0,0.8439397
11803090.0,0.8440834
11806140.0,0.8443681
11809140.0,0.8446481
11812100.0,0.8449244
11815020.0,0.845197
11817880.0,0.8454639
11820710.0,0.8457281
11823490.0,0.8459876
11824820.0,0.8461117
11826230.0,0.8462433
11828920.0,0.8464944
11831580.0,0.8467427
11834190.0,0.8469863
11836760.0,0.8472262
11839300.0,0.8474633
11841790.0,0.8476957
11844250.0,0.8479253
11846570.0,0.8481418
11846670.0,0.8481512
11849050.0,0.8483733
11850000.0,0.848462
11851390.0,0.8485896
11853700.0,0.8488016
11855970.0,0.8490099
11858210.0,0.8492155
11860410.0,0.8494174
11862580.0,0.8496166
11864710.0,0.8498121
11865640.0,0.8498974
11866820.0,0.8500057
11868890.0,0.8501957
11870920.0,0.850382
11872930.0,0.8505665
11874900.0,0.8507473
11876850.0,0.8509263
11878760.0,0.8511016
11880650.0,0.8512751
11882360.0,0.851432
11882500.0,0.8514449
11884330.0,0.8516128
11886130.0,0.851778
11887900.0,0.8519405
11889640.0,0.8521002
11891360.0,0.852258
11893050.0,0.8524131
11894710.0,0.8525655
11896350.0,0.852716
11897000.0,0.8527757
11897960.0,0.8528638
11899550.0,0.8530097
11900000.0,0.853051
11901120.0,0.8531441
11904190.0,0.8533992
11907180.0,0.8536477
11910070.0,0.8538878
11912870.0,0.8541205
11915580.0,0.8543457
11918210.0,0.8545643
11920760.0,0.8547762
11922670.0,0.8549349
11923220.0,0.8549806
11925620.0,0.85518
11927930.0,0.855372
11930180.0,0.855559
11932350.0,0.8557393
11934460.0,0.8559146
11936510.0,0.856085
11938480.0,0.8562487
11940400.0,0.8564082
11941950.0,0.856537
11942260.0,0.8565628
11944060.0,0.8567124
11945800.0,0.856857
11947490.0,0.8569974
11949130.0,0.8571337
11950000.0,0.857206
11950720.0,0.8572534
11953790.0,0.8574555
11956440.0,0.8576299
11956680.0,0.8576457
11959380.0,0.8578234
11961910.0,0.8579899
11964290.0,0.8581466
11966520.0,0.8582933
11968610.0,0.8584309
11970570.0,0.8585599
11972410.0,0.858681
11974130.0,0.8587942
11975740.0,0.8589002
11978200.0,0.8590621
11978770.0,0.8590996
11981420.0,0.8592741
11983750.0,0.8594274
11985780.0,0.859561
11987550.0,0.8596775
11989110.0,0.8597802
11991830.0,0.8599593
11993870.0,0.8600935
11996940.0,0.8602956
12000000.0,0.860497
12012400.0,0.860683
12024820.0,0.8608693
12035690.0,0.8610324
12046580.0,0.8611957
12055000.0,0.861322
12056110.0,0.8613013
12074000.0,0.8609682
12084750.0,0.860768
12089680.0,0.8606762
12103420.0,0.8604204
12113460.0,0.8602334
12127490.0,0.8599722
12135040.0,0.8598316
12145580.0,0.8596353
12159160.0,0.8593825
12167480.0,0.8592275
12179560.0,0.8590026
12200000.0,0.858622
12224820.0,0.8576384
12246580.0,0.8567761
12256700.0,0.856375
12256710.0,0.8563745
12265660.0,0.8559514
12268380.0,0.8558229
12282370.0,0.8551615
12301160.0,0.8542733
12311670.0,0.8537765
12333700.0,0.8527351
12350240.0,0.8519532
12350480.0,0.8519419
12375090.0,0.8507785
12400000.0,0.849601
12406200.0,0.8492351
12412210.0,0.8488804
12418040.0,0.8485363
12423690.0,0.8482028
12424830.0,0.8481355
12429160.0,0.84788
12434460.0,0.8475672
12439600.0,0.8472638
12444580.0,0.8469699
12446590.0,0.8468513
12449410.0,0.8466848
12449700.0,0.8466677
12454090.0,0.8464086
12463160.0,0.8458733
12471670.0,0.845371
12479650.0,0.8449001
12484770.0,0.8445979
12487110.0,0.8444598
12487140.0,0.844458
12494160.0,0.8440437
12500000.0,0.843699
12500750.0,0.8436523
12503600.0,0.843475
12506930.0,0.8432528
12512730.0,0.8428657
12513480.0,0.8428157
12518160.0,0.8425034
12523260.0,0.842163
12528050.0,0.8418434
12535050.0,0.8413763
12537020.0,0.8412448
12543430.0,0.840817
12544870.0,0.840721
12551750.0,0.8402618
12557770.0,0.8398601
12563040.0,0.8395084
12567480.0,0.8392121
12567660.0,0.8392001
12575730.0,0.8386616
12581800.0,0.8382565
12590900.0,0.8376493
12600000.0,0.837042
12601550.0,0.8369372
12603090.0,0.8368331
12604620.0,0.8367296
12606130.0,0.8366275
12606200.0,0.8366228
12607630.0,0.8365261
12609130.0,0.8364247
12610610.0,0.8363246
12612070.0,0.8362259
12612210.0,0.8362164
12613530.0,0.8361272
12614980.0,0.8360291
12616410.0,0.8359324
12617840.0,0.8358357
12618040.0,0.8358222
12619250.0,0.8357404
12622050.0,0.8355511
12623690.0,0.8354402
12624820.0,0.8353638
12627530.0,0.8351806
12629160.0,0.8350703
12630210.0,0.8349994
12632850.0,0.8348208
12634460.0,0.834712
12635440.0,0.8346457
12638000.0,0.8344726
12639610.0,0.8343638
12640510.0,0.8343029
12642990.0,0.8341352
12644590.0,0.834027
12645430.0,0.8339703
12647830.0,0.833808
12649710.0,0.8336809
12650190.0,0.8336484
12652520.0,0.8334909
12654240.0,0.8333746
12654810.0,0.833336
12657070.0,0.8331832
12659290.0,0.8330331
12661470.0,0.8328857
12663310.0,0.8327613
12663630.0,0.8327397
12665750.0,0.8325963
12667830.0,0.8324557
12669890.0,0.8323164
12671810.0,0.8321866
12671910.0,0.8321798
12673900.0,0.8320453
12675860.0,0.8319127
12677790.0,0.8317822
12679690.0,0.8316538
12679780.0,0.8316477
12681560.0,0.8315273
12683410.0,0.8314022
12685220.0,0.8312798
12687010.0,0.8311588
12687110.0,0.8311521
12687260.0,0.8311419
12688760.0,0.8310405
12690490.0,0.8309235
12692200.0,0.8308079
12693880.0,0.8306943
12694280.0,0.8306673
12695530.0,0.8305827
12697150.0,0.8304732
12698750.0,0.830365
12700330.0,0.8302582
12700860.0,0.8302224
12701880.0,0.8301534
12703410.0,0.8300499
12704910.0,0.8299485
12706390.0,0.8298484
12707030.0,0.8298052
12707850.0,0.8297497
12709280.0,0.829653
12712110.0,0.8294617
12712820.0,0.8294137
12714850.0,0.8292764
12717500.0,0.8290972
12718260.0,0.8290459
12720070.0,0.8289235
12722560.0,0.8287551
12723350.0,0.8287017
12724630.0,0.8286151
12724970.0,0.8285922
12727310.0,0.8284339
12729580.0,0.8282804
12731770.0,0.8281324
12732910.0,0.8280553
12733900.0,0.8279884
12735960.0,0.8278491
12737950.0,0.8277145
12739890.0,0.8275833
12741270.0,0.82749
12741760.0,0.8274569
12743430.0,0.827344
12743580.0,0.8273338
12745340.0,0.8272148
12747040.0,0.8270999
12748600.0,0.8269944
12748690.0,0.8269883
12750290.0,0.8268801
12751850.0,0.8267747
12753350.0,0.8266732
12754800.0,0.8265752
12755010.0,0.826561
12757620.0,0.8263845
12760270.0,0.8262053
12760630.0,0.826181
12762750.0,0.8260377
12765070.0,0.8258808
12767250.0,0.8257334
12769300.0,0.8255948
12770460.0,0.8255163
12771210.0,0.8254656
12773010.0,0.8253439
12774700.0,0.8252297
12776280.0,0.8251228
12777760.0,0.8250228
12777840.0,0.8250173
12780540.0,0.8248348
12782970.0,0.8246705
12783380.0,0.8246428
12785100.0,0.8245265
12786960.0,0.8244007
12788590.0,0.8242905
12791440.0,0.8240978
12791690.0,0.8240809
12793580.0,0.8239531
12795180.0,0.8238449
12797590.0,0.823682
12800000.0,0.823519
12806200.0,0.8230524
12812220.0,0.8225994
12818040.0,0.8221614
12823690.0,0.8217362
12829160.0,0.8213246
12834470.0,0.820925
12839610.0,0.8205381
12839770.0,0.8205261
12844590.0,0.8201634
12849420.0,0.8197999
12849730.0,0.8197766
12854100.0,0.8194477
12858630.0,0.8191068
12859070.0,0.8190737
12863030.0,0.8187757
12867290.0,0.8184551
12867830.0,0.8184145
12871410.0,0.818145
12875410.0,0.817844
12876060.0,0.8177951
12879290.0,0.817552
12883040.0,0.8172698
12883770.0,0.8172149
12886680.0,0.8169959
12890210.0,0.8167302
12891000.0,0.8166708
12893620.0,0.8164736
12896940.0,0.8162238
12897790.0,0.8161598
12899610.0,0.8160228
12903350.0,0.8157414
12904150.0,0.8156812
12909370.0,0.8152884
12910120.0,0.8152319
12915020.0,0.8148632
12915720.0,0.8148105
12920310.0,0.8144651
12925280.0,0.8140911
12926230.0,0.8140196
12929940.0,0.8137404
12934300.0,0.8134123
12935420.0,0.813328
12938400.0,0.8131037
12942240.0,0.8128147
12943480.0,0.8127214
12945840.0,0.8125438
12949220.0,0.8122894
12950530.0,0.8121909
12955560.0,0.8118123
12956700.0,0.8117265
12961110.0,0.8113947
12962110.0,0.8113194
12965960.0,0.8110297
12970210.0,0.8107098
12971570.0,0.8106075
12973930.0,0.8104299
12978670.0,0.8100732
12980440.0,0.80994
12985330.0,0.809572
12989000.0,0.8092958
12989330.0,0.809271
12994500.0,0.8088819
13000000.0,0.808468
13006200.0,0.8081488
13018230.0,0.8075293
13029520.0,0.806948
13040110.0,0.8064027
13049710.0,0.8059084
13050050.0,0.8058909
13059370.0,0.805411
13068110.0,0.804961
13076320.0,0.8045383
13084010.0,0.8041423
13087120.0,0.8039822
13091230.0,0.8037706
13098000.0,0.803422
13104360.0,0.8030945
13116270.0,0.8024813
13126710.0,0.8019437
13135850.0,0.8014731
13143440.0,0.8010823
13143850.0,0.8010612
13150860.0,0.8007002
13156990.0,0.8003846
13167730.0,0.7998316
13175790.0,0.7994166
13187890.0,0.7987935
13200000.0,0.79817
13212410.0,0.7977431
13224060.0,0.7973424
13234990.0,0.7969664
13245240.0,0.7966138
13249720.0,0.7964597
13254860.0,0.7962829
13263890.0,0.7959723
13272350.0,0.7956813
13280290.0,0.7954082
13287750.0,0.7951516
13288000.0,0.795143
13301730.0,0.7946015
13313970.0,0.7941188
13324650.0,0.7936976
13324690.0,0.793696
13334080.0,0.7933257
13342310.0,0.7930011
13349500.0,0.7927176
13362110.0,0.7922203
13371570.0,0.7918472
13385780.0,0.7912868
13400000.0,0.790726
13412410.0,0.7905013
13424060.0,0.7902903
13434990.0,0.7900923
13445250.0,0.7899065
13454870.0,0.7897323
13463890.0,0.789569
13480830.0,0.7892622
13495670.0,0.7889934
13499630.0,0.7889217
13500000.0,0.788915
13508670.0,0.7887307
13520050.0,0.7884887
13530020.0,0.7882768
13547480.0,0.7879056
13560590.0,0.7876269
13570430.0,0.7874177
13585210.0,0.7871034
13600000.0,0.786789
13612420.0,0.7867881
13635720.0,0.7867865
13656150.0,0.7867851
13674050.0,0.7867838
13689730.0,0.7867827
13699640.0,0.786782
13703470.0,0.7867818
13727540.0,0.7867801
13745620.0,0.7867788
13759190.0,0.7867779
13779580.0,0.7867764
13800000.0,0.786775
13824840.0,0.7872969
13846620.0,0.7877545
13884810.0,0.7885569
13913510.0,0.7891598
13935090.0,0.7896132
13967510.0,0.7902944
14000000.0,0.790977
14049730.0,0.7925251
14087150.0,0.79369
14143460.0,0.7954429
14200000.0,0.797203
14249740.0,0.7986462
14324670.0,0.8008203
14400000.0,0.803006
14403000.0,0.803086
14449740.0,0.804293
14500000.0,0.805591
14524680.0,0.8061927
14600000.0,0.808029
14699660.0,0.8100187
14800000.0,0.812022
14855000.0,0.812836
14899660.0,0.8134489
15000000.0,0.814826
15099670.0,0.8154365
15200000.0,0.816051
15299670.0,0.8158507
15400000.0,0.815649
15600000.0,0.81433
15800000.0,0.812824
15933000.0,0.812249
16000000.0,0.811893
16200000.0,0.811769
16400000.0,0.812105
16419000.0,0.812184
16600000.0,0.812781
16800000.0,0.813681
17000000.0,0.814704
17200000.0,0.815838
17400000.0,0.817091
17600000.0,0.818373
17800000.0,0.819606
18000000.0,0.820721
18200000.0,0.82172
18400000.0,0.822668
18600000.0,0.82358
18800000.0,0.82447
19000000.0,0.825357
19200000.0,0.826252
19400000.0,0.827176
19600000.0,0.828147
19800000.0,0.829182
20000000.0,0.830297
