1e-05,140.42
1.03125e-05,138.4005
1.0625e-05,136.4691
1.09375e-05,134.6195
1.125e-05,132.846
1.15625e-05,131.1436
1.1875e-05,129.5074
1.21875e-05,127.9334
1.25e-05,126.4177
1.28125e-05,124.9567
1.3125e-05,123.5472
1.34375e-05,122.1862
1.375e-05,120.871
1.4375e-05,118.3679
1.5e-05,116.02
1.5625e-05,113.8364
1.625e-05,111.7771
1.6875e-05,109.8308
1.75e-05,107.9873
1.8125e-05,106.2378
1.875e-05,104.5746
1.9375e-05,102.9907
2e-05,101.48
2.0625e-05,100.0555
2.125e-05,98.69262
2.1875e-05,97.38702
2.25e-05,96.13476
2.3125e-05,94.93226
2.375e-05,93.77628
2.4375e-05,92.66386
2.5e-05,91.5923
2.5625e-05,90.55915
2.625e-05,89.56212
2.6875e-05,88.59916
2.75e-05,87.66833
2.875e-05,85.89616
3e-05,84.233
3.125e-05,82.69972
3.25e-05,81.25288
3.375e-05,79.88455
3.5e-05,78.5878
3.625e-05,77.35652
3.75e-05,76.18531
3.875e-05,75.06937
4e-05,74.00445
4.125e-05,72.98672
4.25e-05,72.01275
4.375e-05,71.07945
4.5e-05,70.18404
4.625e-05,69.32399
4.75e-05,68.49699
4.875e-05,67.70097
5e-05,66.934
5.125e-05,66.21129
5.25e-05,65.51351
5.375e-05,64.83926
5.5e-05,64.18721
5.75e-05,62.94496
6e-05,61.77813
6.25e-05,60.67926
6.5e-05,59.64191
6.75e-05,58.66047
7e-05,57.73
7.1875e-05,57.07767
7.375e-05,56.44922
7.5625e-05,55.84322
7.75e-05,55.25833
7.9375e-05,54.69333
8.125e-05,54.1471
8.5e-05,53.10688
8.875e-05,52.13029
9.25e-05,51.21098
9.625e-05,50.34348
0.0001,49.523
0.000103125,48.89068
0.00010625,48.28495
0.000109375,47.70396
0.0001125,47.14604
0.000115625,46.60967
0.00011875,46.09346
0.000121875,45.59616
0.000125,45.11662
0.000128125,44.65377
0.00013125,44.20666
0.000134375,43.77439
0.0001375,43.35614
0.00014375,42.55872
0.00015,41.809
0.00015625,41.12348
0.0001625,40.47544
0.00016875,39.86151
0.000175,39.27871
0.00018125,38.72445
0.0001875,38.19641
0.00019375,37.69254
0.0002,37.211
0.00020625,36.76601
0.0002125,36.33939
0.00021875,35.92988
0.000225,35.53632
0.00023125,35.15769
0.0002375,34.79303
0.00024375,34.44147
0.00025,34.10224
0.00025625,33.7746
0.0002625,33.4579
0.00026875,33.15151
0.000275,32.85487
0.0002875,32.28882
0.0003,31.756
0.0003125,31.27986
0.000325,30.82912
0.0003375,30.40153
0.00035,29.9951
0.0003625,29.60808
0.000375,29.23894
0.0003875,28.88627
0.0004,28.54886
0.0004125,28.22559
0.000425,27.91547
0.0004375,27.61761
0.00045,27.33118
0.0004625,27.05545
0.000475,26.78974
0.0004875,26.53345
0.0005,26.286
0.0005125,26.06056
0.000525,25.84242
0.0005375,25.63117
0.00055,25.42645
0.000575,25.03524
0.0006,24.66631
0.000625,24.31756
0.00065,23.98714
0.000675,23.67342
0.0007,23.375
0.00071875,23.17203
0.0007375,22.97599
0.00075625,22.78646
0.000775,22.60308
0.00079375,22.42551
0.0008125,22.25344
0.00085,21.92462
0.0008875,21.61455
0.000925,21.32143
0.0009625,21.0437
0.001,20.78
0.00103125,20.58403
0.0010625,20.39568
0.00109375,20.21444
0.001125,20.03985
0.00115625,19.87149
0.0011875,19.70898
0.00121875,19.55197
0.00125,19.40013
0.00128125,19.25319
0.0013125,19.11085
0.00134375,18.97288
0.001375,18.83905
0.0014375,18.58294
0.0015,18.341
0.0015625,18.12729
0.001625,17.92432
0.0016875,17.73115
0.00175,17.54698
0.0018125,17.37108
0.001875,17.20282
0.0019375,17.04163
0.002,16.887
0.0020625,16.74947
0.002125,16.61711
0.0021875,16.4896
0.00225,16.36661
0.0023125,16.24788
0.002375,16.13313
0.0024375,16.02215
0.0025,15.91471
0.0025625,15.81062
0.002625,15.7097
0.0026875,15.61177
0.00275,15.51668
0.002875,15.33446
0.003,15.162
0.003125,15.01591
0.00325,14.87688
0.003375,14.74432
0.0035,14.61769
0.003625,14.49654
0.00375,14.38045
0.003875,14.26905
0.004,14.16201
0.004125,14.05903
0.00425,13.95984
0.004375,13.86419
0.0045,13.77187
0.004625,13.68267
0.00475,13.5964
0.004875,13.5129
0.005,13.432
0.005125,13.36216
0.00525,13.29436
0.005375,13.22849
0.0055,13.16444
0.00575,13.04148
0.006,12.92483
0.00625,12.81393
0.0065,12.70827
0.00675,12.60742
0.007,12.511
0.0071875,12.4483
0.007375,12.38753
0.0075625,12.32856
0.00775,12.27131
0.0079375,12.21568
0.008125,12.16159
0.0085,12.05775
0.008875,11.95922
0.00925,11.86552
0.009625,11.77624
0.01,11.691
0.0103125,11.63054
0.010625,11.57219
0.0109375,11.51581
0.01125,11.46128
0.0115625,11.4085
0.011875,11.35735
0.0121875,11.30775
0.0125,11.25962
0.0128125,11.21287
0.013125,11.16744
0.0134375,11.12325
0.01375,11.08025
0.014375,10.99758
0.015,10.919
0.015625,10.85266
0.01625,10.78931
0.016875,10.72869
0.0175,10.6706
0.018125,10.61485
0.01875,10.56126
0.019375,10.50969
0.02,10.46
0.0206625,10.41362
0.021325,10.3689
0.0219875,10.32573
0.02265,10.28401
0.0233125,10.24366
0.023975,10.20458
0.0246375,10.16672
0.0253,10.13
0.026475,10.07205
0.02765,10.01693
0.028825,9.964385
0.03,9.9142
0.03125,9.869328
0.0325,9.826408
0.03375,9.785284
0.035,9.745819
0.03625,9.70789
0.0375,9.671386
0.03875,9.636211
0.04,9.602274
0.04125,9.569496
0.0425,9.537803
0.04375,9.507129
0.045,9.477414
0.04625,9.448603
0.0475,9.420644
0.04875,9.39349
0.05,9.3671
0.05125,9.345423
0.0525,9.324317
0.05375,9.303754
0.055,9.283707
0.0575,9.245068
0.06,9.208224
0.0625,9.173022
0.065,9.139328
0.0675,9.107022
0.07,9.076
0.071875,9.056509
0.07375,9.03756
0.075625,9.019126
0.0775,9.001179
0.079375,8.983695
0.08125,8.966652
0.085,8.933808
0.08875,8.902494
0.0925,8.87258
0.09625,8.843949
0.1,8.8165
0.103125,8.797749
0.10625,8.779596
0.109375,8.762005
0.1125,8.744943
0.115625,8.728381
0.11875,8.712291
0.121875,8.696647
0.125,8.681426
0.128125,8.666607
0.13125,8.652169
0.134375,8.638094
0.1375,8.624365
0.14375,8.597881
0.15,8.5726
0.15625,8.551816
0.1625,8.531895
0.16875,8.512769
0.175,8.49438
0.18125,8.476674
0.1875,8.459603
0.19375,8.443125
0.2,8.4272
0.20625,8.413983
0.2125,8.401181
0.21875,8.388768
0.225,8.376723
0.23125,8.365024
0.2375,8.353653
0.24375,8.342592
0.25,8.331825
0.25625,8.321338
0.2625,8.311116
0.26875,8.301146
0.275,8.291418
0.2875,8.272639
0.3,8.2547
0.3125,8.24074
0.325,8.227349
0.3375,8.214485
0.35,8.202108
0.3625,8.190182
0.375,8.178678
0.3875,8.167566
0.4,8.156821
0.4125,8.14642
0.425,8.136343
0.4375,8.12657
0.45,8.117083
0.4625,8.107867
0.475,8.098906
0.5,8.0817
0.55,8.055504
0.6,8.031663
0.65,8.009794
0.7,7.9896
0.775,7.966114
0.85,7.944858
0.925,7.925451
1.0,7.9076
1.0625,7.896009
1.125,7.885096
1.1875,7.874787
1.25,7.86502
1.375,7.846903
1.5,7.8304
1.625,7.817574
1.75,7.805718
1.875,7.794696
2.0,7.7844
2.125,7.776212
2.25,7.7685
2.375,7.761212
2.5,7.754304
2.75,7.741485
3.0,7.7298
3.25,7.721187
3.5,7.713222
3.75,7.705814
4.0,7.69889
4.25,7.692392
4.5,7.686271
4.75,7.680485
5.0,7.675
5.5,7.666717
6.0,7.659164
6.5,7.652222
7.0,7.6458
7.375,7.64199
7.75,7.638371
8.5,7.631636
9.25,7.625475
10.0,7.6198
10.625,7.616117
11.25,7.612646
11.875,7.609364
12.5,7.606252
13.75,7.600472
15.0,7.5952
16.25,7.591079
17.5,7.587266
18.75,7.583718
20.0,7.5804
21.25,7.577766
22.5,7.575283
23.75,7.572936
25.0,7.570709
27.5,7.566573
30.0,7.5628
32.5,7.559961
35.0,7.557333
37.5,7.554888
40.0,7.552601
42.5,7.550454
45.0,7.54843
47.5,7.546516
50.0,7.5447
55.0,7.541866
60.0,7.53928
65.0,7.536901
70.0,7.5347
73.75,7.533324
77.5,7.532016
85.0,7.529582
92.5,7.527354
100.0,7.5253
106.25,7.523849
112.5,7.522481
118.75,7.521187
125.0,7.51996
137.5,7.517681
150.0,7.5156
162.5,7.513763
175.0,7.512063
187.5,7.51048
200.0,7.509
212.5,7.507594
225.0,7.506268
237.5,7.505015
250.0,7.503825
262.5,7.502694
275.0,7.501616
300.0,7.4996
325.0,7.497499
350.0,7.495554
375.0,7.493744
400.0,7.492051
425.0,7.490461
450.0,7.488962
475.0,7.487544
500.0,7.4862
525.0,7.484618
550.0,7.483111
575.0,7.48167
600.0,7.480292
650.0,7.477699
700.0,7.4753
737.5,7.473177
775.0,7.471159
812.5,7.469238
850.0,7.467403
887.5,7.465649
925.0,7.463967
1000.0,7.4608
1062.5,7.457461
1125.0,7.454315
1187.5,7.45134
1250.0,7.448519
1312.5,7.445837
1375.0,7.44328
1437.5,7.440838
1500.0,7.4385
1562.5,7.435474
1625.0,7.432567
1687.5,7.429772
1750.0,7.427079
1875.0,7.421973
2000.0,7.4172
2125.0,7.41098
2250.0,7.405121
2375.0,7.399582
2500.0,7.394332
2625.0,7.389341
2750.0,7.384586
2875.0,7.380045
3000.0,7.3757
3125.0,7.369178
3250.0,7.362917
3375.0,7.356898
3500.0,7.351102
3625.0,7.345514
3750.0,7.340119
3875.0,7.334905
4000.0,7.32986
4125.0,7.324974
4250.0,7.320236
4500.0,7.311174
4750.0,7.302613
5000.0,7.2945
5250.0,7.282786
5500.0,7.271635
5750.0,7.260996
6000.0,7.250824
6250.0,7.24108
6500.0,7.231732
6750.0,7.222747
7000.0,7.2141
7187.5,7.205138
7375.0,7.196417
7562.5,7.187925
7750.0,7.179651
7937.5,7.171583
8125.0,7.163713
8312.5,7.156031
8500.0,7.148528
8687.5,7.141197
8875.0,7.134029
9062.5,7.127018
9250.0,7.120158
9625.0,7.106863
10000.0,7.0941
10312.5,7.078767
10625.0,7.063923
10937.5,7.04954
11250.0,7.03559
11562.5,7.022048
11875.0,7.008893
12187.5,6.996103
12500.0,6.983659
12812.5,6.971544
13125.0,6.959741
13437.5,6.948236
13750.0,6.937013
14062.5,6.92606
14375.0,6.915364
14687.5,6.904914
15000.0,6.8947
15625.0,6.866077
16250.0,6.838688
16875.0,6.812437
17500.0,6.787235
18750.0,6.739682
20000.0,6.6955
21250.0,6.645744
22500.0,6.595988
23750.0,6.546231
25000.0,6.496475
26250.0,6.446719
27500.0,6.396963
28750.0,6.347206
30000.0,6.29745
31250.0,6.247694
32500.0,6.197938
33750.0,6.148181
35000.0,6.098425
37500.0,5.998913
40000.0,5.8994
42500.0,5.85645
45000.0,5.8135
47500.0,5.77055
50000.0,5.7276
52500.0,5.6993
55000.0,5.671
57500.0,5.6427
60000.0,5.6144
62500.0,5.594975
65000.0,5.57555
67500.0,5.556125
70000.0,5.5367
73750.0,5.51815
77500.0,5.4996
81250.0,5.48105
85000.0,5.4625
88750.0,5.452
92500.0,5.4415
96250.0,5.431
100000.0,5.4205
106250.0,5.418063
112500.0,5.415625
118750.0,5.413188
125000.0,5.41075
131250.0,5.408313
137500.0,5.405875
143750.0,5.403438
150000.0,5.401
156250.0,5.4095
162500.0,5.418
168750.0,5.4265
175000.0,5.435
187500.0,5.452
200000.0,5.469
212500.0,5.49755
225000.0,5.5261
237500.0,5.55465
250000.0,5.5832
262500.0,5.61175
275000.0,5.6403
287500.0,5.66885
300000.0,5.6974
312500.0,5.729963
325000.0,5.762525
337500.0,5.795088
350000.0,5.82765
375000.0,5.892775
400000.0,5.9579
425000.0,6.0208
450000.0,6.0837
475000.0,6.1466
500000.0,6.2095
527002.5,6.270625
554005.0,6.33175
581007.5,6.392875
608010.0,6.454
608012.2,6.454
631007.5,6.458775
654005.0,6.46355
700000.0,6.4731
744202.5,6.509575
788405.0,6.54605
832607.5,6.582525
876810.0,6.619
900000.0,6.5866
950000.0,6.5663
1000000.0,6.546
1100000.0,6.4806
1200000.0,6.3864
1300000.0,6.2664
1400000.0,6.1253
1500000.0,5.9678
1600000.0,5.8004
1700000.0,5.625
1800000.0,5.4448
1900000.0,5.2626
2000000.0,5.081
2250000.0,4.6418
2500000.0,4.2407
2750000.0,3.8796
3000000.0,3.5608
3250000.0,3.2847
3500000.0,3.0468
3750000.0,2.8413
4000000.0,2.6715
4257900.0,2.5299
4500000.0,2.4249
4750000.0,2.3423
5000000.0,2.2825
5207500.0,2.2483
5500000.0,2.2207
5750000.0,2.2126
6000000.0,2.2174
6250000.0,2.2327
6503300.0,2.2572
6750000.0,2.288
7000000.0,2.3247
7250000.0,2.3655
7500000.0,2.4091
7787500.0,2.4612
7961700.0,2.4932
8250000.0,2.5461
8500000.0,2.5913
8744400.0,2.634
9000000.0,2.6768
9250000.0,2.7163
9500000.0,2.7533
9750000.0,2.7874
10000000.0,2.8184
10250000.0,2.8465
10500000.0,2.8713
10750000.0,2.8929
11000000.0,2.9113
11250000.0,2.9264
11500000.0,2.9385
11748000.0,2.9474
12000000.0,2.9535
12250000.0,2.9566
12500000.0,2.9569
12750000.0,2.9546
13000000.0,2.9499
13250000.0,2.9427
13500000.0,2.9334
13750000.0,2.922
14000000.0,2.9086
14181000.0,2.8979
14500000.0,2.8768
14750000.0,2.8586
15000000.0,2.8391
15250000.0,2.8185
15500000.0,2.7967
15750000.0,2.774
16000000.0,2.7506
16250000.0,2.7265
16430000.0,2.7087
16750000.0,2.6764
17000000.0,2.6507
17250000.0,2.6247
17500000.0,2.5985
17750000.0,2.5722
18000000.0,2.5457
18250000.0,2.5192
18500000.0,2.4929
18750000.0,2.4665
19000000.0,2.4403
19250000.0,2.4144
19500000.0,2.3887
19750000.0,2.3633
20000000.0,2.33839
