1e-05,5.043418
1.03125e-05,5.043418
1.0625e-05,5.043418
1.09375e-05,5.043418
1.125e-05,5.043418
1.15625e-05,5.043418
1.1875e-05,5.043418
1.21875e-05,5.043418
1.25e-05,5.043418
1.28125e-05,5.043418
1.3125e-05,5.043418
1.34375e-05,5.043418
1.375e-05,5.043418
1.4375e-05,5.043418
1.5e-05,5.043418
1.5625e-05,5.043418
1.625e-05,5.043417
1.6875e-05,5.043417
1.75e-05,5.043417
1.8125e-05,5.043417
1.875e-05,5.043417
1.9375e-05,5.043417
2e-05,5.043417
2.09375e-05,5.043417
2.1875e-05,5.043417
2.28125e-05,5.043417
2.375e-05,5.043417
2.46875e-05,5.043417
2.5625e-05,5.043417
2.65625e-05,5.043417
2.75e-05,5.043417
2.84375e-05,5.043417
2.9375e-05,5.043417
3.03125e-05,5.043417
3.125e-05,5.043417
3.21875e-05,5.043417
3.3125e-05,5.043417
3.40625e-05,5.043417
3.5e-05,5.043417
3.59375e-05,5.043417
3.6875e-05,5.043417
3.78125e-05,5.043417
3.875e-05,5.043417
3.96875e-05,5.043417
4.0625e-05,5.043417
4.25e-05,5.043417
4.4375e-05,5.043417
4.625e-05,5.043417
4.8125e-05,5.043416
5e-05,5.043416
5.15625e-05,5.043416
5.3125e-05,5.043416
5.46875e-05,5.043416
5.625e-05,5.043416
5.78125e-05,5.043416
5.9375e-05,5.043416
6.09375e-05,5.043416
6.25e-05,5.043416
6.40625e-05,5.043416
6.5625e-05,5.043416
6.71875e-05,5.043416
6.875e-05,5.043416
7.1875e-05,5.043416
7.5e-05,5.043416
7.8125e-05,5.043415
8.125e-05,5.043415
8.4375e-05,5.043415
8.75e-05,5.043415
9.0625e-05,5.043415
9.375e-05,5.043415
9.6875e-05,5.043415
0.0001,5.043415
0.000103125,5.043415
0.00010625,5.043415
0.000109375,5.043414
0.0001125,5.043414
0.000115625,5.043414
0.00011875,5.043414
0.000121875,5.043414
0.000125,5.043414
0.000128125,5.043414
0.00013125,5.043414
0.000134375,5.043414
0.0001375,5.043413
0.00014375,5.043413
0.00015,5.043413
0.00015625,5.043413
0.0001625,5.043413
0.00016875,5.043412
0.000175,5.043412
0.00018125,5.043412
0.0001875,5.043412
0.00019375,5.043412
0.0002,5.043411
0.000209375,5.043411
0.00021875,5.043411
0.000228125,5.043411
0.0002375,5.04341
0.000246875,5.04341
0.00025625,5.04341
0.000265625,5.043409
0.000275,5.043409
0.000284375,5.043409
0.00029375,5.043408
0.000303125,5.043408
0.0003125,5.043408
0.000321875,5.043407
0.00033125,5.043407
0.000340625,5.043407
0.00035,5.043406
0.000359375,5.043406
0.00036875,5.043406
0.000378125,5.043406
0.0003875,5.043405
0.000396875,5.043405
0.00040625,5.043405
0.000425,5.043404
0.00044375,5.043403
0.0004625,5.043403
0.00048125,5.043402
0.0005,5.043402
0.000515625,5.043401
0.00053125,5.043401
0.000546875,5.0434
0.0005625,5.0434
0.000578125,5.043399
0.00059375,5.043398
0.000609375,5.043398
0.000625,5.043397
0.000640625,5.043397
0.00065625,5.043396
0.000671875,5.043396
0.0006875,5.043395
0.00071875,5.043394
0.00075,5.043393
0.00078125,5.043392
0.0008125,5.043391
0.00084375,5.04339
0.000875,5.043389
0.00090625,5.043388
0.0009375,5.043387
0.00096875,5.043386
0.001,5.043385
0.00103125,5.043384
0.0010625,5.043383
0.00109375,5.043382
0.001125,5.043381
0.00115625,5.04338
0.0011875,5.043379
0.00121875,5.043378
0.00125,5.043377
0.00128125,5.043376
0.0013125,5.043375
0.00134375,5.043374
0.001375,5.043373
0.0014375,5.043371
0.0015,5.043369
0.0015625,5.043367
0.001625,5.043365
0.0016875,5.043362
0.00175,5.04336
0.0018125,5.043358
0.001875,5.043356
0.0019375,5.043354
0.002,5.043352
0.00209375,5.043349
0.0021875,5.043346
0.00228125,5.043343
0.002375,5.04334
0.00246875,5.043337
0.0025625,5.043334
0.00265625,5.043331
0.00275,5.043328
0.00284375,5.043324
0.0029375,5.043321
0.00303125,5.043318
0.003125,5.043315
0.00321875,5.043312
0.0033125,5.043309
0.00340625,5.043306
0.0035,5.043303
0.00359375,5.0433
0.0036875,5.043297
0.00378125,5.043294
0.003875,5.043291
0.00396875,5.043287
0.0040625,5.043284
0.00425,5.043278
0.0044375,5.043272
0.004625,5.043266
0.0048125,5.04326
0.005,5.043254
0.00515625,5.043248
0.0053125,5.043243
0.00546875,5.043238
0.005625,5.043233
0.00578125,5.043228
0.0059375,5.043223
0.00609375,5.043218
0.00625,5.043212
0.00640625,5.043207
0.0065625,5.043202
0.00671875,5.043197
0.006875,5.043192
0.0071875,5.043182
0.0075,5.043171
0.0078125,5.043161
0.008125,5.043151
0.0084375,5.043141
0.00875,5.04313
0.0090625,5.04312
0.009375,5.04311
0.0096875,5.043099
0.01,5.043089
0.0103125,5.043079
0.010625,5.043069
0.0109375,5.043058
0.01125,5.043048
0.0115625,5.043038
0.011875,5.043027
0.0121875,5.043017
0.0125,5.043007
0.0128125,5.042997
0.013125,5.042986
0.0134375,5.042976
0.01375,5.042966
0.014375,5.042945
0.015,5.042925
0.015625,5.042904
0.01625,5.042883
0.016875,5.042863
0.0175,5.042842
0.018125,5.042822
0.01875,5.042801
0.019375,5.042781
0.02,5.04276
0.0206625,5.042738
0.021325,5.042716
0.0219875,5.042695
0.02265,5.042673
0.0233125,5.042651
0.023975,5.042629
0.0246375,5.042607
0.0253,5.042585
0.02607188,5.04256
0.02684375,5.042535
0.02761563,5.042509
0.0283875,5.042484
0.02915938,5.042458
0.02993125,5.042433
0.03070313,5.042407
0.031475,5.042382
0.03224688,5.042357
0.03301875,5.042331
0.0345625,5.04228
0.03610625,5.042229
0.03765,5.042179
0.03919375,5.042128
0.0407375,5.042077
0.04228125,5.042026
0.043825,5.041975
0.04536875,5.041924
0.0469125,5.041873
0.04845625,5.041822
0.05,5.041771
0.0515625,5.04172
0.053125,5.041668
0.0546875,5.041616
0.05625,5.041565
0.0578125,5.041513
0.059375,5.041462
0.0609375,5.04141
0.0625,5.041358
0.0640625,5.041307
0.065625,5.041255
0.0671875,5.041203
0.06875,5.041152
0.071875,5.041049
0.075,5.040945
0.078125,5.040842
0.08125,5.040738
0.084375,5.040635
0.0875,5.040532
0.090625,5.040428
0.09375,5.040325
0.096875,5.040221
0.1,5.040117
0.103125,5.040014
0.10625,5.03991
0.109375,5.039807
0.1125,5.039703
0.115625,5.039599
0.11875,5.039496
0.121875,5.039392
0.125,5.039288
0.128125,5.039184
0.13125,5.03908
0.1375,5.038873
0.14375,5.038665
0.15,5.038457
0.15625,5.038249
0.1625,5.03804
0.16875,5.037832
0.175,5.037624
0.18125,5.037415
0.1875,5.037206
0.19375,5.036998
0.2,5.036789
0.209375,5.036475
0.21875,5.036161
0.228125,5.035847
0.2375,5.035533
0.246875,5.035218
0.25625,5.034903
0.265625,5.034588
0.275,5.034273
0.284375,5.033957
0.29375,5.033641
0.303125,5.033325
0.3125,5.033009
0.321875,5.032692
0.33125,5.032375
0.340625,5.032057
0.35,5.03174
0.359375,5.031422
0.36875,5.031104
0.378125,5.030785
0.3875,5.030467
0.396875,5.030148
0.40625,5.029829
0.425,5.029189
0.44375,5.028549
0.4625,5.027907
0.48125,5.027265
0.5,5.026621
0.53125,5.025545
0.5625,5.024466
0.59375,5.023384
0.625,5.022298
0.65625,5.021209
0.6875,5.020117
0.71875,5.019021
0.75,5.017922
0.78125,5.016819
0.8125,5.015713
0.84375,5.014603
0.875,5.013489
0.9375,5.011251
1.0,5.008997
1.0625,5.006729
1.125,5.004444
1.1875,5.002143
1.25,4.999825
1.3125,4.997491
1.375,4.995139
1.4375,4.992769
1.5,4.990381
1.5625,4.987974
1.625,4.985548
1.6875,4.983102
1.75,4.980636
1.875,4.975642
2.0,4.970562
2.09375,4.966692
2.1875,4.962768
2.28125,4.958789
2.375,4.954753
2.46875,4.950657
2.5625,4.946498
2.65625,4.942275
2.75,4.937984
2.9375,4.929188
3.125,4.920086
3.3125,4.910651
3.5,4.900854
3.6875,4.890659
3.875,4.88003
4.0625,4.868922
4.25,4.857289
4.4375,4.845075
4.625,4.832217
4.8125,4.818644
5.0,4.804273
5.151025,4.792053
5.30205,4.779197
5.453075,4.76564
5.6041,4.751307
5.755125,4.736116
5.90615,4.719969
6.057175,4.702754
6.2082,4.684342
6.283713,4.67464
6.359225,4.664581
6.434738,4.654141
6.51025,4.643294
6.585763,4.632014
6.661275,4.62027
6.736788,4.608031
6.8123,4.595259
6.887813,4.581917
6.963325,4.567961
7.038838,4.553343
7.11435,4.53801
7.189863,4.521905
7.265375,4.504962
7.340888,4.48711
7.4164,4.468267
7.491913,4.448342
7.567425,4.427234
7.642938,4.404828
7.71845,4.380993
7.793963,4.355579
7.869475,4.328419
7.944988,4.299316
7.982744,4.283966
8.0205,4.268045
8.058257,4.251516
8.096013,4.234345
8.133769,4.216491
8.171525,4.197911
8.209282,4.17856
8.247038,4.158387
8.284794,4.137337
8.32255,4.11535
8.360307,4.09236
8.398063,4.068297
8.435819,4.043082
8.473575,4.016628
8.511332,3.988839
8.549088,3.959612
8.586844,3.928831
8.6246,3.896365
8.662357,3.862071
8.700113,3.82579
8.737869,3.787343
8.775625,3.746527
8.813382,3.703117
8.851138,3.656858
8.888894,3.60746
8.907772,3.581482
8.92665,3.554593
8.945529,3.526741
8.964407,3.497879
8.983285,3.467948
9.002163,3.436889
9.021041,3.404637
9.039919,3.371125
9.058797,3.336276
9.077675,3.300013
9.096554,3.262245
9.115432,3.222883
9.13431,3.181826
9.153188,3.138963
9.172066,3.094178
9.190944,3.047341
9.209822,2.998314
9.2287,2.946946
9.247579,2.893071
9.266457,2.836515
9.285335,2.777082
9.304213,2.714562
9.323091,2.648725
9.341969,2.579323
9.360847,2.506087
9.379725,2.428724
9.389165,2.388394
9.398604,2.346917
9.408043,2.304247
9.417482,2.26034
9.426921,2.21515
9.43636,2.168632
9.445799,2.120739
9.455238,2.071424
9.464677,2.020639
9.474116,1.968336
9.483555,1.914471
9.492994,1.858996
9.502433,1.801872
9.511872,1.743059
9.521311,1.682524
9.53075,1.620243
9.54019,1.556193
9.549629,1.490387
9.559068,1.422832
9.568507,1.353567
9.577946,1.282661
9.587385,1.210218
9.596824,1.136395
9.606263,1.06141
9.615702,0.9855638
9.625141,0.9092638
9.63458,0.8330551
9.6393,0.7951991
9.644019,0.7576624
9.648739,0.7205569
9.653458,0.6840448
9.658178,0.6482793
9.662897,0.6134692
9.667617,0.5798222
9.672336,0.5476086
9.677056,0.5171091
9.681775,0.4886755
9.686495,0.4626863
9.691215,0.4395982
9.693575,0.4293017
9.695935,0.4199315
9.698295,0.4115656
9.700654,0.4042904
9.703014,0.39819
9.705374,0.3933646
9.707734,0.3899187
9.710093,0.3879656
9.712453,0.3876249
9.714813,0.3890287
9.717173,0.3923185
9.719532,0.397644
9.721892,0.4051746
9.724252,0.4150866
9.726612,0.4275724
9.728971,0.4428334
9.731331,0.4611079
9.733691,0.4826341
9.736051,0.5076766
9.73841,0.5365093
9.74077,0.5694674
9.74313,0.6068774
9.74549,0.6491058
9.74667,0.6721502
9.747849,0.6965301
9.749029,0.7223419
9.750209,0.7496234
9.751389,0.7784345
9.752569,0.8088381
9.753749,0.8408997
9.754929,0.8746875
9.756109,0.9102728
9.757288,0.9476976
9.758468,0.9871031
9.759648,1.028539
9.760828,1.072091
9.762008,1.117848
9.763188,1.1659
9.764368,1.216347
9.765548,1.269287
9.766727,1.32478
9.767907,1.383028
9.769087,1.444102
9.770267,1.508122
9.771447,1.575214
9.772627,1.64551
9.773807,1.719148
9.774987,1.796272
9.776166,1.876963
9.777346,1.961515
9.778526,2.050027
9.779706,2.142671
9.780886,2.239628
9.782066,2.341087
9.783246,2.447247
9.784426,2.558313
9.785605,2.674403
9.787965,2.923062
9.790325,3.195077
9.792685,3.492574
9.795044,3.817739
9.797404,4.173393
9.799764,4.562189
9.802124,4.987169
9.804483,5.451446
9.806843,5.959024
9.809203,6.513641
9.811563,7.119554
9.813922,7.781069
9.816282,8.503695
9.818642,9.292467
9.821002,10.15303
9.823361,11.09094
9.825721,12.11322
9.828081,13.22597
9.830441,14.43576
9.8328,15.74861
9.834275,16.62494
9.83575,17.54576
9.837225,18.51245
9.8387,19.5263
9.840175,20.58844
9.84165,21.69981
9.843125,22.86112
9.8446,24.07277
9.84755,26.6471
9.8505,29.41843
9.85345,32.37422
9.8564,35.4919
9.85935,38.73717
9.8623,42.06296
9.86525,45.40938
9.8682,48.70503
9.87115,51.87004
9.8741,54.82074
9.87705,57.47563
9.88,59.76203
9.88295,61.6222
9.8859,63.01809
9.88885,63.93386
9.8918,64.37579
9.89475,64.36988
9.8977,63.95772
9.90065,63.19141
9.9036,62.12853
9.90655,60.82765
9.9095,59.34484
9.9154,56.03169
9.91835,54.28415
9.9213,52.5198
9.92425,50.76349
9.9272,49.03445
9.929475,47.72889
9.93175,46.45311
9.934025,45.21081
9.9363,44.00465
9.938575,42.83646
9.94085,41.70733
9.943125,40.61777
9.9454,39.56784
9.947675,38.55723
9.94995,37.58532
9.952225,36.65129
9.9545,35.75414
9.956775,34.89275
9.95905,34.06592
9.961325,33.2724
9.9636,32.5109
9.965875,31.78014
9.96815,31.07883
9.970425,30.40569
9.9727,29.75949
9.974975,29.13901
9.97725,28.5431
9.9818,27.42045
9.98635,26.38303
9.9909,25.42303
9.99545,24.53337
10.0,23.70761
10.00489,22.88479
10.00977,22.12414
10.01466,21.4168
10.01954,20.76053
10.02443,20.14806
10.02931,19.57783
10.03419,19.0449
10.03907,18.54601
10.04396,18.07732
10.04884,17.63813
10.05372,17.2251
10.0586,16.83611
10.06349,16.46853
10.06837,16.12213
10.07325,15.79459
10.07813,15.48449
10.08302,15.18996
10.0879,14.91104
10.09278,14.64606
10.09766,14.39404
10.10255,14.15363
10.10743,13.925
10.11231,13.7069
10.11719,13.49866
10.12208,13.29924
10.12696,13.1089
10.13184,12.92668
10.13672,12.75209
10.14649,12.42373
10.15625,12.12126
10.16602,11.84128
10.17579,11.58171
10.18556,11.34047
10.19532,11.11594
10.20509,10.9061
10.21485,10.70996
10.22462,10.52591
10.23438,10.35322
10.24415,10.19058
10.25391,10.03746
10.26368,9.892772
10.27344,9.756134
10.28321,9.626645
10.29297,9.504015
10.30274,9.387489
10.3125,9.276854
10.32227,9.17147
10.33204,9.071079
10.34181,8.975341
10.35157,8.884036
10.36134,8.796692
10.3711,8.713229
10.38087,8.633237
10.39063,8.556661
10.4004,8.483142
10.41016,8.412645
10.42969,8.279746
10.44922,8.156739
10.46875,8.042571
10.48829,7.936277
10.50782,7.837177
10.52735,7.744524
10.54688,7.657712
10.56641,7.576211
10.58594,7.49955
10.60547,7.427314
10.625,7.359132
10.64454,7.294641
10.66407,7.233613
10.6836,7.175746
10.70313,7.120804
10.72266,7.06857
10.74219,7.018849
10.76172,6.971464
10.78125,6.926255
10.80079,6.883054
10.82032,6.841772
10.83985,6.802263
10.85938,6.764415
10.87891,6.728127
10.89844,6.693303
10.91797,6.659857
10.9375,6.627707
10.95704,6.596765
10.97657,6.566993
11.01563,6.510661
11.05469,6.45824
11.09375,6.409333
11.13282,6.363585
11.17188,6.32072
11.21094,6.280461
11.25,6.242575
11.28907,6.206848
11.32813,6.173116
11.36719,6.141206
11.40625,6.110973
11.44532,6.082279
11.48438,6.055022
11.52344,6.029087
11.5625,6.004381
11.60157,5.98081
11.64063,5.958308
11.67969,5.936797
11.71875,5.916211
11.75782,5.896486
11.79688,5.877577
11.83594,5.85943
11.875,5.841997
11.91407,5.825233
11.95313,5.809106
11.99219,5.793576
12.03125,5.778609
12.10938,5.750242
12.1875,5.723788
12.26563,5.699047
12.34375,5.675859
12.42188,5.654072
12.5,5.633561
12.57813,5.614209
12.65625,5.59592
12.73438,5.578601
12.8125,5.562176
12.89063,5.546571
12.96875,5.531725
13.04688,5.517578
13.125,5.504082
13.20313,5.491187
13.28125,5.478854
13.35938,5.46704
13.4375,5.455716
13.51563,5.444844
13.59375,5.4344
13.67188,5.424354
13.75,5.414683
13.82813,5.405364
13.90625,5.396376
13.98438,5.3877
14.0625,5.379319
14.21875,5.363376
14.375,5.348428
14.53125,5.334375
14.6875,5.321128
14.84375,5.308612
15.0,5.296758
15.15625,5.285508
15.3125,5.274809
15.46875,5.264615
15.625,5.254885
15.78125,5.245581
15.9375,5.236671
16.09375,5.228126
16.25,5.219918
16.40625,5.212023
16.5625,5.20442
16.71875,5.197088
16.875,5.19001
17.03125,5.183169
17.1875,5.176551
17.34375,5.170141
17.5,5.163926
17.8125,5.152039
18.125,5.140808
18.4375,5.130161
18.75,5.120039
19.0625,5.110391
19.375,5.101169
19.6875,5.092336
20.0,5.083857
20.23438,5.077712
20.46875,5.071736
20.9375,5.060256
21.40625,5.049343
21.875,5.038934
22.34375,5.028976
22.8125,5.019425
23.28125,5.010242
23.75,5.001391
24.21875,4.992846
24.6875,4.984578
25.15625,4.976567
25.625,4.968791
26.09375,4.961234
26.5625,4.953879
27.03125,4.946713
27.5,4.939723
28.4375,4.926225
29.375,4.913308
30.3125,4.900908
31.25,4.88897
32.1875,4.87745
33.125,4.866309
34.0625,4.855516
35.0,4.84504
35.9375,4.834859
36.875,4.82495
37.8125,4.815295
38.75,4.805877
39.6875,4.796681
40.625,4.787695
42.5,4.770301
44.375,4.753613
46.25,4.737564
48.125,4.722094
50.0,4.707157
51.5625,4.695084
53.125,4.683329
54.6875,4.671872
56.25,4.660697
57.8125,4.649788
59.375,4.639129
60.9375,4.628708
62.5,4.618513
65.625,4.598754
68.75,4.579772
71.875,4.561498
75.0,4.543868
78.125,4.526829
81.25,4.510331
84.375,4.49433
87.5,4.478785
90.625,4.463661
93.75,4.448924
96.875,4.434541
100.0,4.420485
103.125,4.406728
106.25,4.393245
109.375,4.380012
112.5,4.367007
115.625,4.354206
118.75,4.341591
121.875,4.32914
125.0,4.316833
128.125,4.304653
131.25,4.29258
134.375,4.280594
137.5,4.268679
140.625,4.256813
143.75,4.244979
146.875,4.233157
150.0,4.221325
153.125,4.209462
156.25,4.197547
159.375,4.185554
162.5,4.173457
165.625,4.161229
168.75,4.148837
171.875,4.136248
175.0,4.123422
178.125,4.110315
181.25,4.096876
184.375,4.083046
187.5,4.068757
190.625,4.053927
193.75,4.038456
195.3125,4.030444
196.875,4.022226
198.4375,4.01378
200.0,4.005087
201.545,3.996223
203.0899,3.987066
204.6348,3.977586
206.1797,3.967748
207.7246,3.957513
209.2695,3.946836
210.8144,3.935665
212.3593,3.92394
213.9042,3.91159
215.4491,3.898531
216.2216,3.891706
216.994,3.884666
217.7665,3.877394
218.5389,3.869876
219.3114,3.862091
220.0838,3.85402
220.8563,3.845639
221.6287,3.836925
222.4012,3.827847
223.1736,3.818378
223.9461,3.80848
224.7185,3.798116
225.491,3.78724
226.2635,3.775804
227.036,3.763751
227.8084,3.75102
228.5809,3.737533
229.3533,3.72321
230.1258,3.70795
230.512,3.699936
230.8982,3.691644
231.2845,3.683055
231.6707,3.674155
232.0569,3.664922
232.4431,3.655333
232.8294,3.645362
233.2156,3.634988
233.6018,3.62418
233.988,3.612907
234.3743,3.60113
234.7605,3.588819
235.1467,3.575928
235.5329,3.562411
235.9192,3.548212
236.3054,3.533283
236.6916,3.517554
237.0778,3.500956
237.4641,3.483402
237.8503,3.464811
238.2365,3.445077
238.6227,3.424082
239.009,3.40169
239.3952,3.377759
239.5883,3.36516
239.7814,3.352108
239.9745,3.338577
240.1676,3.324537
240.3608,3.309951
240.5539,3.294802
240.747,3.279045
240.9401,3.262643
241.1332,3.245553
241.3263,3.227729
241.5194,3.209123
241.7125,3.189678
241.9057,3.169326
242.0988,3.148022
242.2919,3.125682
242.485,3.10223
242.6781,3.077576
242.8712,3.051624
243.0643,3.024268
243.2574,2.995387
243.4506,2.964833
243.6437,2.932488
243.8368,2.898169
244.0299,2.861689
244.223,2.822835
244.3196,2.802433
244.4161,2.781367
244.5127,2.759556
244.6092,2.737009
244.7058,2.713638
244.8023,2.689449
244.8989,2.664346
244.9955,2.638302
245.0921,2.611264
245.1886,2.583205
245.2852,2.554005
245.3817,2.523656
245.4783,2.492025
245.5748,2.4591
245.6714,2.424727
245.7679,2.388887
245.8645,2.351407
245.961,2.312258
246.0576,2.271242
246.1541,2.228318
246.2507,2.183259
246.3472,2.136009
246.4438,2.086306
246.5404,2.03402
246.637,1.978957
246.7335,1.920967
246.8301,1.859699
246.8784,1.82778
246.9266,1.795029
246.9749,1.761277
247.0232,1.726554
247.0715,1.690823
247.1197,1.654123
247.168,1.616261
247.2163,1.577272
247.2646,1.537114
247.3128,1.49583
247.3611,1.453206
247.4094,1.409281
247.4577,1.364013
247.5059,1.317454
247.5542,1.269371
247.6025,1.219816
247.6508,1.168754
247.699,1.116262
247.7473,1.062095
247.7956,1.006344
247.8439,0.9490037
247.8921,0.8902068
247.9404,0.8297405
247.9887,0.7677835
248.037,0.7044297
248.0853,0.6398201
248.1336,0.574157
248.1819,0.5077229
248.2061,0.474264
248.2302,0.4409064
248.2543,0.4075821
248.2784,0.3743727
248.3026,0.3412362
248.3267,0.3085566
248.3509,0.2761909
248.375,0.2445544
248.3992,0.213557
248.4233,0.1836536
248.4474,0.1549445
248.4595,0.1410631
248.4715,0.1276968
248.4836,0.1146632
248.4957,0.1021194
248.5078,0.09011296
248.5198,0.07878686
248.5319,0.06800735
248.544,0.0579312
248.5561,0.04862313
248.5681,0.04021957
248.5802,0.03265579
248.5923,0.02608753
248.6044,0.02060381
248.6164,0.01633168
248.6225,0.0146378
248.6285,0.013304
248.6345,0.01231402
248.6405,0.01168259
248.6466,0.01142408
248.6526,0.01156323
248.6586,0.01210936
248.6646,0.01307993
248.6707,0.01452055
248.6767,0.01640327
248.6828,0.01881141
248.6888,0.021687
248.6949,0.02514835
248.7009,0.02910487
248.7069,0.03363249
248.7129,0.03875589
248.719,0.04460203
248.725,0.05100657
248.7311,0.05821221
248.7371,0.06601264
248.7432,0.07469985
248.7492,0.0840218
248.7552,0.09414848
248.7612,0.1051153
248.7673,0.1171644
248.7733,0.1299402
248.7794,0.1439107
248.7854,0.1586611
248.7915,0.1747296
248.7975,0.1916371
248.8035,0.2096872
248.8095,0.2289319
248.8156,0.2497778
248.8216,0.2715994
248.8276,0.2947877
248.8336,0.3194058
248.8397,0.3459681
248.8457,0.3736743
248.8517,0.4030204
248.8577,0.4340837
248.8638,0.4675085
248.8698,0.5022857
248.8759,0.539668
248.8819,0.5785259
248.888,0.6202585
248.894,0.6636047
248.9,0.7093419
248.906,0.7575877
248.9121,0.8093376
248.9181,0.8630282
248.9242,0.9205932
248.9302,0.9802943
248.9363,1.044283
248.9423,1.110628
248.9483,1.180527
248.9543,1.254164
248.9604,1.333063
248.9664,1.414847
248.9725,1.502474
248.9785,1.593307
248.9846,1.690633
248.9906,1.791531
248.9966,1.897837
249.0026,2.009853
249.0087,2.129919
249.0147,2.254446
249.0207,2.385714
249.0267,2.524113
249.0328,2.672557
249.0388,2.82663
249.0448,2.989176
249.0508,3.160704
249.0569,3.34486
249.0629,3.536199
249.069,3.741749
249.075,3.955453
249.0811,4.185184
249.0871,4.424202
249.0931,4.677007
249.0991,4.944503
249.1052,5.232523
249.1112,5.53269
249.1173,5.856189
249.1233,6.193661
249.1294,6.557739
249.1354,6.937951
249.1414,7.341659
249.1474,7.77057
249.1535,8.234376
249.1595,8.719916
249.1656,9.245658
249.1716,9.796801
249.1777,10.39444
249.1837,11.0219
249.1897,11.69183
249.1957,12.40767
249.2018,13.18645
249.2078,14.00686
249.2138,14.88587
249.2198,15.82857
249.2259,16.85808
249.2319,17.94698
249.2379,19.11847
249.2439,20.38024
249.25,21.76443
249.256,23.23535
249.2621,24.85309
249.2681,26.57676
249.2742,28.47774
249.2802,30.50902
249.2862,32.71757
249.2922,35.12259
249.2983,37.79155
249.3043,40.66193
249.3104,43.85849
249.3164,47.30881
249.3225,51.16574
249.3285,55.34514
249.3345,59.9552
249.3375,62.43859
249.3405,65.05087
249.3436,67.89432
249.3466,70.7945
249.3496,73.85025
249.3526,77.07168
249.3557,80.58613
249.3587,84.17889
249.3617,87.97292
249.3647,91.98176
249.3678,96.36536
249.3708,100.857
249.3738,105.611
249.3768,110.6456
249.3798,115.98
249.3828,121.6351
249.3858,127.6333
249.3888,133.9985
249.3919,140.9886
249.3949,148.1806
249.3979,155.8225
249.4009,163.9452
249.4039,172.5813
249.4069,181.7655
249.4099,191.5338
249.4129,201.9239
249.416,213.3551
249.419,225.131
249.422,237.6494
249.425,250.9508
249.428,265.0744
249.431,280.0575
249.434,295.9338
249.437,312.7322
249.441,336.6002
249.4449,361.508
249.4489,388.7144
249.4528,416.787
249.4568,447.0198
249.4607,477.6744
249.4685,541.0701
249.4725,573.6387
249.4764,604.5691
249.4804,634.6443
249.4843,661.5176
249.4883,685.6791
249.4922,705.1097
249.4961,719.7804
249.5,729.1898
249.502,731.8748
249.504,733.0878
249.5079,731.2574
249.5119,723.8467
249.5158,711.6847
249.5198,694.7994
249.5237,674.7726
249.5276,651.9979
249.5315,627.2265
249.5394,573.7116
249.5473,519.4748
249.5513,492.7863
249.5552,467.6219
249.5591,443.4715
249.563,420.442
249.5663,401.8759
249.5695,384.694
249.5727,368.3213
249.5759,352.7477
249.5791,337.9551
249.5823,323.9201
249.5855,310.615
249.5887,298.0096
249.5919,286.0719
249.5951,274.7694
249.5983,264.0694
249.6015,253.9395
249.6047,244.3482
249.6079,235.265
249.6111,226.6604
249.6143,218.5065
249.6176,210.5416
249.6208,203.2224
249.624,196.2773
249.6272,189.6839
249.6304,183.4209
249.6336,177.4687
249.6368,171.8086
249.64,166.4231
249.6464,156.4122
249.6528,147.3176
249.6592,139.036
249.6656,131.4772
249.6721,124.4588
249.6785,118.127
249.6849,112.3083
249.6913,106.9499
249.6977,102.005
249.7041,97.43269
249.7105,93.19664
249.7169,89.2648
249.7234,85.55366
249.7298,82.15187
249.7362,78.9778
249.7426,76.01145
249.749,73.23492
249.7554,70.63217
249.7618,68.18882
249.7682,65.89193
249.7747,63.69705
249.7811,61.66107
249.7875,59.73968
249.7939,57.92425
249.8003,56.20698
249.8067,54.58073
249.8131,53.03902
249.8195,51.57595
249.826,50.16494
249.8324,48.8444
249.8452,46.39021
249.858,44.15913
249.8708,42.12407
249.8837,40.24805
249.8965,38.54031
249.9093,36.96869
249.9221,35.51856
249.9349,34.1772
249.9477,32.93357
249.9605,31.77798
249.9733,30.70194
249.9862,29.69042
249.999,28.75246
250.0118,27.87409
250.0246,27.05012
250.0375,26.27007
250.0503,25.54186
250.0631,24.85555
250.0759,24.20782
250.0888,23.59101
250.1016,23.01198
250.1144,22.46335
250.1272,21.94292
250.14,21.44867
250.1528,20.97876
250.1656,20.53153
250.1784,20.10545
250.1913,19.69602
250.2041,19.3083
250.2297,18.58367
250.2554,17.91748
250.281,17.30784
250.3067,16.74389
250.3323,16.22481
250.3579,15.74382
250.3835,15.29704
250.4092,14.8795
250.4348,14.49147
250.4605,14.12729
250.4861,13.78749
250.5118,13.46736
250.5374,13.16759
250.563,12.88527
250.5886,12.61898
250.6143,12.36648
250.6399,12.12856
250.6656,11.90233
250.6912,11.68861
250.7169,11.48486
250.7425,11.2919
250.7681,11.10823
250.7937,10.9332
250.8194,10.76559
250.845,10.60618
250.8707,10.45324
250.8963,10.3075
250.9476,10.0337
250.9988,9.782334
251.0501,9.549938
251.1014,9.334892
251.1527,9.13536
251.2039,8.950101
251.2552,8.777012
251.3065,8.615259
251.3578,8.463783
251.4091,8.321648
251.4604,8.188032
251.5117,8.062201
251.563,7.943503
251.6142,7.831571
251.6655,7.725447
251.7168,7.624887
251.7681,7.529471
251.8193,7.438991
251.8706,7.35275
251.9219,7.270617
251.9732,7.192309
252.0244,7.117709
252.0757,7.046291
252.127,6.977988
252.1783,6.912603
252.2295,6.850073
252.2808,6.789988
252.3321,6.732319
252.4346,6.623774
252.5372,6.523217
252.6397,6.429978
252.7423,6.343127
252.8448,6.262184
252.9474,6.186427
253.05,6.11544
253.1526,6.04879
253.2551,5.986149
253.3577,5.927056
253.4602,5.871324
253.5628,5.818573
253.6653,5.768666
253.7679,5.721289
253.8704,5.67634
253.973,5.633554
254.0755,5.592857
254.1781,5.554024
254.2806,5.517001
254.3832,5.481597
254.4857,5.44777
254.5883,5.415356
254.6908,5.384328
254.7934,5.354539
254.8959,5.325973
254.9985,5.298501
255.101,5.272112
255.3061,5.222243
255.5112,5.175931
255.7163,5.132807
255.9214,5.092547
256.1265,5.054872
256.3317,5.01952
256.5368,4.98631
256.7419,4.955035
256.947,4.925529
257.1521,4.89764
257.3572,4.871238
257.5623,4.846204
257.7674,4.822431
257.9726,4.799812
258.1777,4.778284
258.3828,4.757758
258.5879,4.738162
258.793,4.719433
258.9981,4.701513
259.2032,4.684347
259.4083,4.667888
259.6135,4.652083
259.8186,4.636907
260.0237,4.622313
260.2288,4.608268
260.4339,4.59474
260.639,4.581698
261.0492,4.556968
261.4594,4.533882
261.8696,4.512272
262.2798,4.49199
262.69,4.47291
263.1003,4.454913
263.5105,4.437912
263.9207,4.421813
264.3309,4.406539
264.7412,4.39202
265.1514,4.378199
265.5616,4.36502
265.9718,4.352431
266.3821,4.340387
266.7923,4.328852
267.2025,4.317788
267.6127,4.307162
268.0229,4.296943
268.4331,4.287104
268.8433,4.277621
269.2535,4.268469
269.6638,4.259627
270.074,4.251079
270.8944,4.234791
271.7148,4.219474
272.5352,4.205023
273.3557,4.191341
274.1761,4.178353
274.9965,4.165986
275.8169,4.154181
276.6374,4.14288
277.4578,4.132041
278.2783,4.121618
279.0987,4.111577
279.9192,4.101882
280.7396,4.092507
281.56,4.083422
282.3804,4.074604
283.2009,4.066031
284.0213,4.057685
285.6622,4.041599
287.3031,4.026223
288.9439,4.011452
290.5848,3.997198
292.2257,3.983386
293.8666,3.969953
295.5074,3.956842
297.1483,3.944005
298.7891,3.9314
300.43,3.918987
302.0708,3.906736
303.7117,3.894613
305.3526,3.882594
308.6343,3.858766
311.9161,3.835078
315.1978,3.811378
318.4796,3.787535
321.7613,3.763427
325.043,3.738942
328.3247,3.713973
331.6065,3.688414
334.8882,3.662163
338.1699,3.635112
341.4516,3.607152
344.7334,3.578168
348.0151,3.54804
351.2968,3.516637
354.5785,3.483816
357.8603,3.449424
361.142,3.413291
364.4238,3.375228
367.7055,3.335027
370.9873,3.292448
374.269,3.24723
375.9099,3.223537
377.5507,3.199068
379.1916,3.173777
380.8324,3.147618
382.4733,3.120538
384.1142,3.092483
385.7551,3.063394
387.3959,3.03321
389.0368,3.001859
390.6777,2.969267
392.3186,2.935356
393.9594,2.900041
395.6003,2.863224
397.2412,2.824804
398.8821,2.78467
400.5229,2.742705
402.1638,2.698771
403.8046,2.652729
405.4455,2.604415
407.0863,2.553663
408.7272,2.500277
410.3681,2.44405
412.009,2.384754
413.6498,2.322141
415.2907,2.255923
416.1112,2.221368
416.9316,2.1858
417.7521,2.149168
418.5725,2.111435
419.3929,2.072549
420.2133,2.032461
421.0338,1.991113
421.8542,1.948463
422.6747,1.904443
423.4951,1.859004
424.3156,1.812075
425.136,1.763603
425.9564,1.713519
426.7768,1.661754
427.5973,1.608235
428.4177,1.552904
429.2381,1.495688
430.0585,1.436518
430.879,1.375322
431.6994,1.312053
432.5198,1.246649
433.3402,1.179068
434.1607,1.109271
434.9811,1.037267
435.8016,0.9630554
436.622,0.8867132
437.4425,0.8083303
437.8527,0.7684346
438.2629,0.728105
438.6731,0.6873791
439.0833,0.646302
439.4935,0.6049285
439.9037,0.5633237
440.314,0.5215553
440.7242,0.4797364
441.1344,0.4379662
441.5446,0.3963746
441.9548,0.3551148
442.365,0.3143678
442.7752,0.2743471
443.1854,0.2353047
443.5957,0.1975294
443.8008,0.1792325
444.0059,0.1613913
444.211,0.1440599
444.4161,0.1272972
444.6212,0.1111673
444.8263,0.09574013
445.0314,0.0810918
445.2365,0.06730534
445.4416,0.05447134
445.6467,0.0426887
445.8518,0.03206549
446.0569,0.02271982
446.262,0.01478092
446.3646,0.01138114
446.4671,0.008390258
446.5697,0.005822253
446.621,0.004704454
446.6723,0.003701023
446.7236,0.002814709
446.7749,0.002048329
446.8262,0.001404767
446.8518,0.001130467
446.8774,0.0008878586
446.9031,0.0006765604
446.9287,0.0004986004
446.9544,0.0003529779
446.9672,0.0002929197
446.98,0.0002412188
446.9929,0.0001976199
447.0057,0.0001628491
447.0185,0.0001365859
447.0313,0.0001188806
447.0441,0.0001097843
447.0505,0.0001084803
447.0569,0.0001093478
447.0697,0.0001176228
447.0825,0.0001346608
447.0954,0.0001607508
447.1082,0.000195541
447.121,0.0002392516
447.1338,0.0002919359
447.1467,0.0003541647
447.1595,0.0004250272
447.1851,0.0005942109
447.2108,0.0008012476
447.2364,0.001044968
447.262,0.001326551
447.2876,0.001646449
447.3389,0.002404648
447.3902,0.003322284
447.4415,0.004403188
447.4927,0.005648689
447.544,0.007067668
447.5953,0.008661979
447.6978,0.01238959
447.8004,0.01687383
447.9029,0.02214271
448.0055,0.02824514
448.108,0.03520983
448.2106,0.04309306
448.3132,0.05193344
448.4158,0.06177825
448.5183,0.07266611
448.6209,0.08467061
448.7234,0.09782341
448.826,0.1122082
448.9285,0.1278582
449.0311,0.1448682
449.1336,0.1632732
449.2362,0.1831808
449.3387,0.2046278
449.4413,0.227736
449.5438,0.2525449
449.6464,0.2791919
449.7489,0.3077194
449.8515,0.3382828
449.9541,0.370961
450.0567,0.4058657
450.1592,0.443078
450.2618,0.4827958
450.3643,0.5250745
450.4669,0.5701377
450.5694,0.6180469
450.672,0.6690544
450.7745,0.7232294
450.8771,0.780857
450.9796,0.8420154
451.0822,0.9070268
451.1847,0.9759805
451.2873,1.049241
451.3898,1.126911
451.4924,1.209404
451.5949,1.296838
451.6975,1.389683
451.8,1.488075
451.9026,1.59255
452.0051,1.703266
452.1077,1.820834
452.2102,1.945442
452.3128,2.077783
452.4153,2.218083
452.5179,2.367135
452.6204,2.525207
452.723,2.693209
452.8255,2.871461
452.9281,3.06101
453.0306,3.262241
453.1332,3.476361
453.2358,3.704065
453.3384,3.946307
453.4409,4.203867
453.5435,4.478371
453.646,4.770504
453.7486,5.082165
453.8511,5.414192
453.9537,5.768811
454.0562,6.147053
454.1588,6.551541
454.2613,6.983546
454.3639,7.446175
454.4664,7.941009
454.569,8.471746
454.6715,9.040359
454.7741,9.651281
454.8766,10.30699
454.9792,11.01284
455.0817,11.77195
455.1843,12.59083
455.2868,13.47347
455.3894,14.42783
455.4919,15.45901
455.5945,16.57688
455.697,17.78802
455.7996,19.10473
455.9021,20.53563
456.0047,22.09621
456.1072,23.79783
456.2098,25.66025
456.3123,27.6986
456.4149,29.93843
456.5175,32.40267
456.6201,35.12001
456.6714,36.58379
456.7226,38.12066
456.7739,39.74163
456.8252,41.4492
456.8765,43.24927
456.9277,45.1444
456.979,47.14891
457.0303,49.2667
457.0816,51.50597
457.1328,53.87085
457.1841,56.38031
457.2354,59.04046
457.2867,61.86291
457.3379,64.85438
457.3892,68.04047
457.4405,71.43087
457.4918,75.04247
457.543,78.88613
457.5943,82.99741
457.6456,87.39179
457.6969,92.09451
457.7481,97.12342
457.7994,102.5293
457.8507,108.3375
457.902,114.5869
457.9532,121.3075
458.0045,128.5742
458.0558,136.4296
458.1071,144.9357
458.1583,154.1442
458.2096,164.1706
458.2609,175.0882
458.3122,187.0006
458.3634,199.9996
458.4147,214.2714
458.466,229.9483
458.5173,247.2109
458.5685,266.2295
458.6198,287.3215
458.6455,298.7417
458.6711,310.7359
458.6968,323.4413
458.7224,336.8057
458.748,350.9277
458.7736,365.8623
458.7993,381.7327
458.8249,398.4806
458.8506,416.3083
458.8762,435.1543
458.9019,455.2508
458.9275,476.5337
458.9531,499.1792
458.9787,523.2973
459.0044,549.112
459.03,576.5544
459.0557,605.9843
459.0813,637.3314
459.107,671.0155
459.1326,706.9649
459.1582,745.5146
459.1838,786.893
459.2095,831.5298
459.2351,879.352
459.2608,931.0341
459.2864,986.5002
459.3121,1046.54
459.3377,1111.071
459.3633,1180.729
459.3889,1255.955
459.4146,1337.548
459.4402,1425.366
459.4659,1520.606
459.4915,1623.044
459.5172,1733.992
459.5428,1853.067
459.5684,1981.105
459.594,2118.436
459.6194,2264.059
459.6448,2418.997
459.6702,2582.965
459.6955,2754.634
459.7463,3119.657
459.797,3497.155
459.8224,3683.488
459.8478,3862.453
459.8732,4029.207
459.8985,4178.047
459.9239,4305.021
459.9493,4404.763
459.9747,4473.362
460.0,4508.058
460.0255,4507.856
460.0509,4472.971
460.0764,4405.116
460.1018,4308.131
460.1273,4185.556
460.1527,4043.198
460.1781,3885.611
460.2035,3717.605
460.2544,3366.574
460.3053,3018.53
460.3308,2851.182
460.3562,2691.111
460.3816,2538.528
460.407,2393.947
460.4264,2289.054
460.4457,2189.478
460.4651,2094.138
460.4844,2003.926
460.5038,1917.778
460.5231,1836.433
460.5424,1759.268
460.5617,1686.105
460.5811,1616.411
460.6004,1550.717
460.6198,1488.157
460.6391,1429.191
460.6585,1373.03
460.6778,1320.08
460.6971,1269.88
460.7164,1222.273
460.7358,1176.88
460.7551,1134.027
460.7745,1093.135
460.7938,1054.497
460.8325,982.6873
460.8711,917.8799
460.9098,858.9653
460.9484,805.5704
460.9871,756.822
461.0257,712.4504
461.0644,671.7664
461.1031,634.4862
461.1418,600.2549
461.1804,568.8379
461.2191,539.7979
461.2577,513.0431
461.2964,488.2203
461.335,465.2682
461.3737,443.8992
461.4124,424.0243
461.4511,405.5094
461.4897,388.2778
461.5284,372.1332
461.567,357.0634
461.6057,342.9043
461.6443,329.6516
461.683,317.1668
461.7217,305.4219
461.7604,294.3598
461.799,283.9546
461.8377,274.1055
461.8764,264.7974
461.9151,255.9911
461.9537,247.6721
461.9924,239.7649
462.0311,232.2617
462.1084,218.3778
462.1857,205.8079
462.263,194.3896
462.3404,183.9721
462.4177,174.4643
462.495,165.7506
462.5723,157.7439
462.6497,150.3592
462.727,143.5499
462.8043,137.2485
462.8816,131.4049
462.959,125.968
463.0363,120.913
463.1137,116.1922
463.191,111.7873
463.2684,107.6596
463.3457,103.7955
463.423,100.1679
463.5003,96.75738
463.5777,93.5424
463.655,90.51557
463.7323,87.65842
463.8096,84.95814
463.887,82.39988
463.9643,79.97969
464.0416,77.68456
464.1189,75.50575
464.1963,73.43266
464.2736,71.46332
464.4283,67.79921
464.583,64.4661
464.7376,61.4258
464.8923,58.64032
465.0469,56.08412
465.2016,53.72881
465.3562,51.55579
465.5109,49.54345
465.6656,47.67686
465.8203,45.94168
465.9749,44.32635
466.1296,42.81768
466.2842,41.40784
466.4389,40.08633
466.5935,38.84713
466.7482,37.68174
466.9029,36.58484
467.0576,35.55088
467.2122,34.57551
467.3669,33.65299
467.5215,32.78048
467.6762,31.95318
467.8308,31.16886
467.9855,30.42347
468.1402,29.71479
468.2949,29.04031
468.4495,28.39814
468.7588,27.20084
469.0681,26.1081
469.3774,25.1074
469.6867,24.18809
469.996,23.34106
470.3053,22.55847
470.6147,21.83331
470.924,21.16017
471.2333,20.53368
471.5426,19.94933
471.852,19.40301
472.1613,18.89159
472.4706,18.4118
472.7799,17.9609
473.0893,17.53632
473.3986,17.13616
473.7079,16.75833
474.0172,16.40106
474.3265,16.06279
474.6358,15.74208
474.9451,15.43765
475.2544,15.14833
475.5638,14.87298
475.8731,14.61079
476.1824,14.36081
476.4917,14.12222
476.8011,13.89421
477.1104,13.67625
477.729,13.26782
478.3477,12.89239
478.9663,12.54633
479.5849,12.22634
480.2035,11.92967
480.8222,11.65387
481.4408,11.39693
482.0595,11.15696
482.6781,10.93244
483.2968,10.72187
483.9154,10.5241
484.5341,10.33794
485.1527,10.16249
485.7714,9.9968
486.39,9.840151
487.0087,9.691785
487.6273,9.551118
488.246,9.417533
488.8646,9.290557
489.4832,9.169699
490.1018,9.054534
490.7205,8.944657
491.3391,8.83975
491.9578,8.739457
492.5764,8.643513
493.1951,8.551616
493.8137,8.463546
495.0509,8.297942
496.2882,8.145041
497.5255,8.003459
498.7628,7.871997
500.0,7.749624
500.9766,7.658843
501.9532,7.572762
502.9298,7.491028
503.9063,7.41333
504.8829,7.339363
505.8594,7.268879
506.836,7.201627
507.8125,7.137403
508.7891,7.075995
509.7657,7.017229
510.7423,6.960939
511.7188,6.906976
512.6954,6.85519
513.6719,6.805462
515.625,6.71169
517.5782,6.624802
519.5313,6.544077
521.4844,6.468876
523.4375,6.398652
525.3907,6.332921
527.3438,6.271271
529.2969,6.21333
531.25,6.158772
533.2032,6.107304
535.1563,6.058675
537.1094,6.012654
539.0625,5.969034
541.0157,5.927629
542.9688,5.888277
544.9219,5.850827
546.875,5.815142
548.8282,5.781098
550.7813,5.748586
552.7344,5.717503
554.6875,5.687755
556.6407,5.659256
558.5938,5.631931
560.5469,5.605706
562.5,5.580516
564.4532,5.556298
566.4063,5.532999
568.3594,5.510565
570.3125,5.488949
574.2188,5.447993
578.125,5.409813
582.0313,5.37413
585.9375,5.340704
589.8438,5.309322
593.75,5.279801
597.6563,5.251974
601.5625,5.225699
605.4688,5.200844
609.375,5.177297
613.2813,5.154954
617.1875,5.133723
621.0938,5.113519
625.0,5.09427
628.9063,5.075907
632.8125,5.058368
636.7188,5.041598
640.625,5.025545
644.5313,5.010164
648.4375,4.995411
652.3438,4.981248
656.25,4.967638
660.1563,4.95455
664.0625,4.941952
667.9688,4.929816
671.875,4.918117
675.7813,4.906831
679.6875,4.895935
687.5,4.875233
695.3125,4.855862
703.125,4.837694
710.9375,4.820614
718.75,4.804525
726.5625,4.789339
734.375,4.774979
742.1875,4.761376
750.0,4.748469
757.8125,4.736204
765.625,4.724531
773.4375,4.713407
781.25,4.702792
789.0625,4.69265
796.875,4.682948
804.6875,4.673657
812.5,4.66475
820.3125,4.656202
828.125,4.647991
835.9375,4.640096
843.75,4.632497
851.5625,4.625179
859.375,4.618123
867.1875,4.611316
875.0,4.604744
882.8125,4.598394
890.625,4.592255
906.25,4.580563
921.875,4.569589
937.5,4.559265
953.125,4.54953
968.75,4.540332
984.375,4.531624
1000.0,4.523363
1015.625,4.515514
1031.25,4.508043
1046.875,4.500922
1062.5,4.494122
1078.125,4.487621
1093.75,4.481397
1109.375,4.475429
1125.0,4.469701
1140.625,4.464196
1156.25,4.458899
1171.875,4.453797
1187.5,4.448876
1203.125,4.444125
1218.75,4.439534
1234.375,4.435093
1250.0,4.430792
1265.625,4.426623
1281.25,4.422578
1296.875,4.41865
1312.5,4.414831
1328.125,4.411115
1343.75,4.407497
1375.0,4.400527
1406.25,4.393879
1437.5,4.387514
1468.75,4.381398
1500.0,4.375496
1531.25,4.369777
1562.5,4.364213
1593.75,4.358773
1625.0,4.353428
1656.25,4.348149
1687.5,4.342904
1718.75,4.337659
1734.375,4.335025
1750.0,4.332377
1765.625,4.32971
1781.25,4.327017
1796.875,4.324293
1812.5,4.32153
1828.125,4.31872
1843.75,4.315856
1859.375,4.312928
1875.0,4.309926
1890.625,4.306838
1906.25,4.30365
1921.875,4.300349
1937.5,4.296915
1953.125,4.29333
1968.75,4.28957
1984.375,4.285608
1992.188,4.283541
2000.0,4.281411
2010.385,4.278473
2020.769,4.275403
2031.153,4.272183
2041.537,4.268799
2051.922,4.265229
2062.306,4.261453
2072.69,4.257443
2077.882,4.255342
2083.074,4.25317
2088.267,4.250924
2093.459,4.248599
2098.651,4.246188
2103.843,4.243687
2109.035,4.241089
2114.227,4.238386
2119.419,4.235571
2124.611,4.232636
2129.803,4.22957
2134.995,4.226365
2140.187,4.223007
2145.379,4.219485
2150.571,4.215784
2155.763,4.211889
2160.955,4.207782
2166.147,4.203443
2171.34,4.198848
2176.532,4.193974
2181.724,4.188792
2186.916,4.183268
2192.108,4.177364
2197.3,4.171038
2199.896,4.1677
2202.492,4.164238
2205.088,4.160643
2207.684,4.156906
2210.281,4.153019
2212.877,4.148973
2215.473,4.144756
2218.069,4.140358
2220.665,4.135766
2223.261,4.130966
2225.857,4.125943
2228.453,4.120681
2231.049,4.115161
2233.645,4.109363
2236.241,4.103266
2238.837,4.096844
2241.433,4.09007
2244.029,4.082914
2246.625,4.075341
2249.221,4.067313
2251.818,4.058784
2254.414,4.049711
2257.01,4.040036
2259.606,4.029695
2262.202,4.018615
2263.5,4.012773
2264.798,4.006715
2266.096,4.000427
2267.394,3.993897
2268.692,3.98711
2269.99,3.980049
2271.288,3.9727
2272.586,3.965042
2273.884,3.957056
2275.182,3.94872
2276.48,3.940011
2277.778,3.930902
2279.076,3.921365
2280.374,3.91137
2281.672,3.900881
2282.97,3.889861
2284.268,3.878269
2285.566,3.866058
2286.864,3.853177
2288.162,3.83957
2289.46,3.825172
2290.758,3.809913
2292.056,3.793712
2293.354,3.776479
2294.652,3.758112
2295.95,3.738494
2297.248,3.717494
2297.897,3.706429
2298.546,3.69496
2299.195,3.683063
2299.844,3.670716
2300.493,3.657891
2301.142,3.64456
2301.791,3.630693
2302.44,3.616256
2303.089,3.601215
2303.738,3.58553
2304.387,3.569158
2305.036,3.552054
2305.685,3.534168
2306.334,3.515445
2306.983,3.495824
2307.632,3.47524
2308.281,3.45362
2308.93,3.430884
2309.579,3.406943
2310.228,3.381701
2310.877,3.355047
2311.526,3.32686
2312.175,3.297006
2312.824,3.265332
2313.473,3.231667
2314.122,3.19582
2314.771,3.157573
2315.42,3.116678
2315.745,3.095117
2316.069,3.072853
2316.394,3.049706
2316.718,3.025774
2317.043,3.000862
2317.367,2.975071
2317.692,2.948186
2318.016,2.920314
2318.341,2.891216
2318.665,2.861003
2318.99,2.829412
2319.314,2.796556
2319.639,2.762144
2319.963,2.726291
2320.288,2.688671
2320.612,2.649402
2320.937,2.608116
2321.261,2.564932
2321.586,2.519434
2321.91,2.471741
2322.235,2.421378
2322.559,2.36846
2322.884,2.312446
2323.208,2.253443
2323.533,2.190827
2323.857,2.124696
2324.182,2.054327
2324.506,1.979809
2324.831,1.9003
2325.155,1.815877
2325.318,1.771319
2325.48,1.725572
2325.642,1.678306
2325.804,1.629459
2325.967,1.578651
2326.129,1.526439
2326.291,1.472453
2326.453,1.416628
2326.616,1.35854
2326.778,1.298841
2326.94,1.237128
2327.102,1.173356
2327.265,1.107077
2327.427,1.039087
2327.589,0.9689919
2327.751,0.8968273
2327.914,0.8222078
2328.076,0.7461845
2328.238,0.6685168
2328.4,0.5895184
2328.563,0.5091469
2328.725,0.4290317
2328.887,0.3495781
2329.049,0.2720314
2329.212,0.1976782
2329.293,0.1628214
2329.374,0.1298429
2329.455,0.09919227
2329.536,0.07140161
2329.617,0.04710172
2329.658,0.03636579
2329.698,0.02704208
2329.739,0.01878263
2329.76,0.0151027
2329.78,0.01196742
2329.801,0.009082303
2329.821,0.006740829
2329.841,0.004814786
2329.851,0.004013656
2329.861,0.003323823
2329.872,0.002696656
2329.882,0.002249072
2329.892,0.001921036
2329.902,0.001715334
2329.912,0.001634821
2329.922,0.001682414
2329.932,0.001861102
2329.942,0.00217394
2329.953,0.002676742
2329.963,0.003281566
2329.973,0.004030478
2329.983,0.004926841
2329.993,0.005974095
2330.003,0.007175763
2330.023,0.01005685
2330.044,0.01379509
2330.064,0.01806717
2330.084,0.02306721
2330.104,0.02882979
2330.125,0.03574088
2330.145,0.04318202
2330.185,0.0607431
2330.226,0.08275561
2330.266,0.1085358
2330.307,0.1398189
2330.347,0.1755578
2330.388,0.2180889
2330.429,0.2672104
2330.47,0.3236178
2330.51,0.3864128
2330.551,0.4595856
2330.591,0.5404879
2330.632,0.6342323
2330.672,0.7374066
2330.713,0.8565198
2330.753,0.9872359
2330.794,1.137813
2330.834,1.302796
2330.875,1.492651
2330.915,1.700562
2330.956,1.939809
2330.996,2.201919
2331.037,2.503791
2331.078,2.843711
2331.099,3.034196
2331.119,3.226847
2331.139,3.431194
2331.159,3.648017
2331.18,3.890028
2331.2,4.135126
2331.22,4.395479
2331.24,4.672152
2331.261,4.981488
2331.281,5.295331
2331.301,5.629327
2331.321,5.984958
2331.342,6.383419
2331.362,6.788596
2331.382,7.220788
2331.402,7.682093
2331.423,8.20031
2331.443,8.728708
2331.463,9.293922
2331.483,9.898986
2331.504,10.58085
2331.524,11.27841
2331.544,12.0271
2331.564,12.8314
2331.585,13.74123
2331.605,14.67569
2331.625,15.68268
2331.645,16.76905
2331.666,18.00349
2331.686,19.27732
2331.707,20.72855
2331.727,22.23014
2331.748,23.9457
2331.768,25.72603
2331.788,27.66492
2331.808,29.77978
2331.829,32.21139
2331.849,34.75157
2331.869,37.53665
2331.889,40.59585
2331.9,42.40717
2331.91,44.13964
2331.92,45.95896
2331.93,47.87048
2331.94,49.87989
2331.95,51.99332
2331.96,54.21733
2331.97,56.55898
2331.981,59.27973
2331.991,61.89375
2332.001,64.65078
2332.011,67.5603
2332.021,70.63251
2332.031,73.87838
2332.041,77.30971
2332.051,80.93921
2332.062,85.17692
2332.072,89.26839
2332.082,93.60395
2332.092,98.20079
2332.102,103.0774
2332.112,108.2536
2332.122,113.7509
2332.132,119.592
2332.143,126.4437
2332.153,133.0889
2332.163,140.1597
2332.173,147.686
2332.183,155.6999
2332.193,164.2349
2332.203,173.3265
2332.213,183.0117
2332.224,194.397
2332.234,205.4552
2332.244,217.2292
2332.254,229.7592
2332.264,243.0845
2332.274,257.2424
2332.284,272.2672
2332.294,288.1879
2332.307,310.2593
2332.32,333.9046
2332.333,359.1083
2332.346,385.8031
2332.359,413.8546
2332.372,443.0454
2332.397,501.1285
2332.41,531.4257
2332.423,560.9738
2332.436,589.0275
2332.449,614.7764
2332.462,637.3938
2332.475,656.0984
2332.488,670.2223
2332.5,678.766
2332.513,682.8963
2332.526,681.6674
2332.539,675.2922
2332.552,664.2011
2332.565,648.9911
2332.578,630.3645
2332.591,609.0665
2332.604,585.8303
2332.63,536.1826
2332.656,485.8213
2332.669,461.3362
2332.682,437.6525
2332.695,414.9317
2332.707,394.9037
2332.721,372.7462
2332.735,351.9151
2332.749,332.4016
2332.763,314.1715
2332.777,297.1732
2332.791,281.3442
2332.805,266.6161
2332.819,252.9181
2332.833,240.1792
2332.847,228.3302
2332.861,217.3047
2332.875,207.0399
2332.889,197.4767
2332.903,188.5603
2332.917,180.2397
2332.931,172.4678
2332.945,165.2015
2332.959,158.4011
2332.973,152.0301
2332.987,146.0554
2333.001,140.4463
2333.015,135.175
2333.029,130.2162
2333.043,125.5463
2333.057,121.1442
2333.071,116.9904
2333.085,113.0669
2333.099,109.3574
2333.113,105.8469
2333.127,102.5216
2333.141,99.36884
2333.155,96.37706
2333.169,93.53554
2333.183,90.83442
2333.211,85.81781
2333.239,81.26267
2333.267,77.1139
2333.295,73.32421
2333.323,69.85293
2333.351,66.66492
2333.379,63.72972
2333.407,61.02083
2333.435,58.51511
2333.463,56.1923
2333.491,54.03462
2333.519,52.02638
2333.547,50.15371
2333.575,48.40434
2333.603,46.76735
2333.631,45.233
2333.659,43.79261
2333.687,42.4384
2333.715,41.16337
2333.743,39.96125
2333.771,38.82636
2333.799,37.75358
2333.827,36.73828
2333.855,35.77625
2333.883,34.86367
2333.911,33.99705
2333.939,33.17322
2333.967,32.38929
2333.995,31.64258
2334.051,30.25132
2334.107,28.98225
2334.163,27.82079
2334.219,26.75451
2334.275,25.77275
2334.331,24.86635
2334.387,24.02736
2334.443,23.2489
2334.499,22.52494
2334.501,9.752249
2500.0,9.588215
2625.0,9.473969
2750.0,9.366306
2875.0,9.264574
3000.0,9.168207
3250.0,8.991741
3500.0,8.831389
3750.0,8.686617
4000.0,8.553341
4250.0,8.432569
4500.0,8.320264
4750.0,8.21541
5000.0,8.117157
5250.0,8.027265
5500.0,7.942483
6000.0,7.786303
6500.0,7.649598
7000.0,7.52517
7500.0,7.414482
8000.0,7.312414
8500.0,7.2218
9000.0,7.137396
10000.0,6.98439
10625.0,6.903276
11250.0,6.827663
12500.0,6.690448
13750.0,6.577336
15000.0,6.475743
16000.0,6.405542
17000.0,6.340291
18500.0,6.256431
20000.0,6.180095
22500.0,6.078014
25000.0,5.988129
27500.0,5.9166
30000.0,5.852045
32500.0,5.799131
35000.0,5.750567
37500.0,5.710123
40000.0,5.672548
45000.0,5.612191
50000.0,5.558745
55000.0,5.516159
60000.0,5.477566
65000.0,5.446827
70000.0,5.418521
75000.0,5.393574
80000.0,5.370341
89999.95,5.330562
99999.9,5.295228
100000.1,5.29069
112500.1,5.279702
125000.1,5.269892
137500.1,5.261034
150000.0,5.25296
175000.0,5.263603
200000.0,5.27284
250000.0,5.32123
300000.0,5.38489
391713.0,5.51909
392972.2,5.519029
394231.3,5.518968
396749.6,5.518846
399267.9,5.518725
401786.2,5.518605
406822.8,5.518368
411859.3,5.518133
416895.9,5.517901
421932.4,5.517672
432005.5,5.517221
442078.7,5.516782
452151.8,5.516352
462224.9,5.515931
472298.0,5.51552
486149.0,5.514151
500000.0,5.51282
525000.0,5.530932
550000.0,5.548256
575000.0,5.564861
600000.0,5.580805
625000.0,5.596142
650000.0,5.610917
675000.0,5.62517
700000.0,5.63894
725000.0,5.652314
750000.0,5.665264
775000.0,5.677818
800000.0,5.69
821737.3,5.697487
843474.5,5.704789
865211.8,5.711914
886949.0,5.71887
890211.8,5.714075
893474.5,5.709302
900000.0,5.69982
912361.5,5.694405
924723.0,5.689068
937084.5,5.683807
949446.0,5.67862
952605.7,5.677533
955765.3,5.67645
962084.5,5.674295
968403.8,5.672154
974723.0,5.670029
987361.5,5.665821
1000000.0,5.66167
1015625.0,5.653859
1031250.0,5.646179
1046875.0,5.638624
1062500.0,5.631191
1078125.0,5.623875
1093750.0,5.616675
1109375.0,5.609585
1125000.0,5.602604
1140625.0,5.595727
1156250.0,5.588953
1171875.0,5.582277
1187500.0,5.575697
1203125.0,5.569211
1218750.0,5.562816
1234375.0,5.55651
1250000.0,5.55029
1270080.0,5.536727
1290160.0,5.52341
1290165.0,5.523407
1298707.0,5.517779
1307248.0,5.512194
1315789.0,5.506651
1324330.0,5.50115
1327950.0,5.49517
1327955.0,5.495164
1330643.0,5.492069
1333330.0,5.488983
1338704.0,5.482835
1344081.0,5.476716
1349457.0,5.470628
1354834.0,5.46457
1360210.0,5.458544
1365587.0,5.452548
1370963.0,5.446582
1376340.0,5.440646
1381716.0,5.43474
1387093.0,5.428862
1392469.0,5.423014
1397846.0,5.417194
1403222.0,5.411404
1408599.0,5.405641
1413975.0,5.399907
1419352.0,5.3942
1424729.0,5.38852
1430106.0,5.382868
1435482.0,5.377243
1440859.0,5.371645
1446235.0,5.366074
1451612.0,5.360529
1456988.0,5.355011
1462365.0,5.349518
1467741.0,5.344052
1473118.0,5.33861
1478494.0,5.333195
1483871.0,5.327803
1489247.0,5.322438
1494624.0,5.317096
1500000.0,5.31178
1500320.0,5.3114
1500325.0,5.311394
1504940.0,5.306225
1509555.0,5.301076
1518784.0,5.290842
1528014.0,5.280688
1537243.0,5.270616
1546473.0,5.260622
1555702.0,5.250707
1564931.0,5.24087
1574160.0,5.231108
1583390.0,5.221421
1592620.0,5.211808
1601850.0,5.202268
1611080.0,5.1928
1620310.0,5.183403
1629540.0,5.174076
1638770.0,5.164819
1648000.0,5.15563
1653482.0,5.149465
1658963.0,5.143329
1664444.0,5.13722
1669925.0,5.131138
1675407.0,5.125083
1680888.0,5.119055
1686369.0,5.113054
1691850.0,5.10708
1695485.0,5.102085
1699119.0,5.097106
1706388.0,5.087194
1713657.0,5.077343
1720925.0,5.067555
1728194.0,5.057825
1735463.0,5.048154
1742732.0,5.038542
1750000.0,5.02899
1756025.0,5.021455
1762050.0,5.013957
1768075.0,5.006495
1774100.0,4.99907
1774101.0,4.999069
1778612.0,4.992895
1783123.0,4.986745
1792144.0,4.974516
1801166.0,4.962376
1810188.0,4.950326
1819210.0,4.938365
1828232.0,4.926492
1837254.0,4.914706
1846275.0,4.903007
1855297.0,4.891391
1864319.0,4.879859
1873341.0,4.86841
1882363.0,4.857042
1891385.0,4.845755
1900407.0,4.834548
1909429.0,4.823419
1918450.0,4.81237
1923547.0,4.805757
1928644.0,4.79917
1933741.0,4.79261
1938838.0,4.786075
1943935.0,4.779567
1949032.0,4.773085
1954129.0,4.766628
1959225.0,4.760199
1964322.0,4.753793
1969419.0,4.747412
1974516.0,4.741057
1979613.0,4.734726
1984710.0,4.72842
1989807.0,4.722139
1994904.0,4.715882
2000000.0,4.70965
2009954.0,4.696895
2019908.0,4.684237
2029862.0,4.671676
2039815.0,4.65921
2049769.0,4.646837
2059723.0,4.634557
2069677.0,4.622368
2079630.0,4.61027
2084396.0,4.60402
2089162.0,4.597792
2098694.0,4.585404
2108226.0,4.573106
2117758.0,4.560895
2127290.0,4.548772
2136822.0,4.536735
2146354.0,4.524784
2155885.0,4.512918
2165417.0,4.501134
2174949.0,4.489432
2184481.0,4.477811
2194013.0,4.466272
2203545.0,4.454811
2213077.0,4.44343
2222609.0,4.432126
2232140.0,4.4209
2232141.0,4.420899
2240507.0,4.410249
2248873.0,4.399664
2257239.0,4.389144
2265605.0,4.378688
2273972.0,4.368294
2282338.0,4.357964
2290704.0,4.347696
2299070.0,4.33749
2307437.0,4.327343
2315803.0,4.317258
2324169.0,4.307232
2332535.0,4.297266
2340902.0,4.287357
2349268.0,4.277507
2357634.0,4.267715
2366000.0,4.25798
2366005.0,4.257974
2371572.0,4.250853
2377139.0,4.243761
2382709.0,4.236693
2388278.0,4.229655
2393848.0,4.222643
2399417.0,4.215661
2404986.0,4.208707
2410555.0,4.20178
2416125.0,4.194879
2421694.0,4.188006
2427264.0,4.181159
2432833.0,4.174341
2438403.0,4.167548
2443972.0,4.160782
2449541.0,4.154043
2455110.0,4.14733
2455114.0,4.147325
2460231.0,4.141118
2465347.0,4.134934
2475580.0,4.12263
2483618.0,4.112478
2491655.0,4.102386
2499693.0,4.092349
2507730.0,4.08237
2507732.0,4.082367
2515422.0,4.071711
2523114.0,4.061112
2530806.0,4.050573
2538497.0,4.040095
2546189.0,4.029673
2553881.0,4.01931
2561573.0,4.009005
2569264.0,3.998758
2576956.0,3.988567
2584648.0,3.978432
2592340.0,3.968352
2600031.0,3.95833
2607723.0,3.94836
2615415.0,3.938445
2623107.0,3.928584
2630798.0,3.918778
2638490.0,3.909023
2646182.0,3.899321
2653874.0,3.889672
2661565.0,3.880075
2669257.0,3.870528
2676949.0,3.861032
2684641.0,3.851586
2692332.0,3.842192
2700024.0,3.832846
2707716.0,3.823549
2715408.0,3.814301
2723099.0,3.805103
2730791.0,3.795952
2738482.0,3.786849
2746174.0,3.777793
2753865.0,3.768784
2761557.0,3.759821
2769249.0,3.750904
2776941.0,3.742033
2784632.0,3.733209
2792324.0,3.724428
2800016.0,3.715692
2807708.0,3.707001
2815399.0,3.698354
2823091.0,3.689751
2830783.0,3.68119
2838475.0,3.672673
2846166.0,3.664199
2853858.0,3.655767
2861550.0,3.647376
2869242.0,3.639027
2876933.0,3.630721
2884625.0,3.622455
2892317.0,3.61423
2900009.0,3.606044
2907700.0,3.597901
2915392.0,3.589796
2923084.0,3.58173
2930776.0,3.573704
2938467.0,3.565717
2946159.0,3.557769
2953851.0,3.549859
2961543.0,3.541986
2969234.0,3.534153
2976926.0,3.526356
2984617.0,3.518598
2992309.0,3.510875
3000000.0,3.50319
3007813.0,3.494338
3015625.0,3.485532
3023438.0,3.476769
3031250.0,3.468053
3039063.0,3.459379
3046875.0,3.450751
3054688.0,3.442165
3062500.0,3.433623
3070313.0,3.425123
3078125.0,3.416667
3085938.0,3.408252
3093750.0,3.39988
3101563.0,3.391548
3109375.0,3.383259
3117188.0,3.375009
3125000.0,3.366802
3132813.0,3.358634
3140625.0,3.350506
3148438.0,3.342418
3156250.0,3.33437
3164063.0,3.326361
3171875.0,3.318391
3179688.0,3.310459
3187500.0,3.302566
3195313.0,3.29471
3203125.0,3.286893
3210938.0,3.279113
3218750.0,3.271371
3226563.0,3.263665
3234375.0,3.255997
3242188.0,3.248364
3250000.0,3.240768
3257813.0,3.233207
3265625.0,3.225683
3273438.0,3.218193
3281250.0,3.21074
3289063.0,3.20332
3296875.0,3.195936
3304688.0,3.188586
3312500.0,3.18127
3320313.0,3.173988
3328125.0,3.166741
3335938.0,3.159526
3343750.0,3.152345
3351563.0,3.145196
3359375.0,3.138081
3367188.0,3.130997
3375000.0,3.123947
3382813.0,3.116928
3390625.0,3.109942
3398438.0,3.102987
3406250.0,3.096064
3414063.0,3.089171
3421875.0,3.082311
3429688.0,3.07548
3437500.0,3.068681
3445313.0,3.061911
3453125.0,3.055173
3460938.0,3.048463
3468750.0,3.041784
3476563.0,3.035134
3484375.0,3.028515
3492188.0,3.021923
3500000.0,3.015362
3507813.0,3.008828
3515625.0,3.002324
3523438.0,2.995848
3531250.0,2.9894
3539063.0,2.98298
3546875.0,2.976589
3554688.0,2.970224
3562500.0,2.963888
3570313.0,2.957579
3578125.0,2.951297
3585938.0,2.945042
3593750.0,2.938814
3601563.0,2.932612
3609375.0,2.926437
3617188.0,2.920288
3625000.0,2.914166
3632813.0,2.908069
3640625.0,2.901999
3648438.0,2.895953
3656250.0,2.889934
3664063.0,2.883939
3671875.0,2.877971
3679688.0,2.872026
3687500.0,2.866107
3695313.0,2.860212
3703125.0,2.854342
3710938.0,2.848496
3718750.0,2.842675
3726563.0,2.836877
3734375.0,2.831104
3742188.0,2.825354
3750000.0,2.819628
3757813.0,2.813925
3765625.0,2.808247
3773438.0,2.80259
3781250.0,2.796957
3789063.0,2.791347
3796875.0,2.78576
3804688.0,2.780195
3812500.0,2.774653
3820313.0,2.769133
3828125.0,2.763636
3835938.0,2.75816
3843750.0,2.752707
3851563.0,2.747275
3859375.0,2.741865
3867188.0,2.736476
3875000.0,2.731109
3882813.0,2.725763
3890625.0,2.720439
3898438.0,2.715135
3906250.0,2.709853
3914063.0,2.704591
3921875.0,2.69935
3929688.0,2.694129
3937500.0,2.688929
3945313.0,2.683749
3953125.0,2.67859
3960938.0,2.67345
3968750.0,2.668331
3976563.0,2.663231
3984375.0,2.658151
3992188.0,2.653091
4000000.0,2.64805
4007813.0,2.644213
4015625.0,2.64039
4023438.0,2.636579
4031250.0,2.632782
4039063.0,2.628996
4046875.0,2.625225
4054688.0,2.621465
4062500.0,2.617718
4070313.0,2.613984
4078125.0,2.610262
4085938.0,2.606552
4093750.0,2.602855
4101563.0,2.59917
4109375.0,2.595498
4117188.0,2.591837
4125000.0,2.588189
4132813.0,2.584552
4140625.0,2.580928
4148438.0,2.577315
4156250.0,2.573715
4164063.0,2.570126
4171875.0,2.566549
4179688.0,2.562983
4187500.0,2.559429
4195313.0,2.555887
4203125.0,2.552356
4210938.0,2.548836
4218750.0,2.545329
4226563.0,2.541832
4234375.0,2.538346
4242188.0,2.534872
4250000.0,2.531409
4257813.0,2.527956
4265625.0,2.524515
4273438.0,2.521085
4281250.0,2.517666
4289063.0,2.514257
4296875.0,2.51086
4304688.0,2.507473
4312500.0,2.504097
4320313.0,2.500731
4328125.0,2.497376
4335938.0,2.494032
4343750.0,2.490698
4351563.0,2.487375
4359375.0,2.484062
4367188.0,2.480759
4375000.0,2.477466
4382813.0,2.474184
4390625.0,2.470912
4398438.0,2.46765
4406250.0,2.464399
4414063.0,2.461157
4421875.0,2.457925
4429688.0,2.454703
4437500.0,2.451491
4445313.0,2.448289
4453125.0,2.445097
4460938.0,2.441914
4468750.0,2.438741
4476563.0,2.435578
4484375.0,2.432424
4492188.0,2.42928
4500000.0,2.426146
4507813.0,2.42302
4515625.0,2.419905
4523438.0,2.416798
4531250.0,2.413702
4539063.0,2.410614
4546875.0,2.407536
4554688.0,2.404466
4562500.0,2.401407
4570313.0,2.398355
4578125.0,2.395314
4585938.0,2.392281
4593750.0,2.389257
4601563.0,2.386242
4609375.0,2.383236
4617188.0,2.380239
4625000.0,2.377251
4632813.0,2.374271
4640625.0,2.371301
4648438.0,2.368339
4656250.0,2.365386
4664063.0,2.362441
4671875.0,2.359505
4679688.0,2.356577
4687500.0,2.353658
4695313.0,2.350747
4703125.0,2.347845
4710938.0,2.344951
4718750.0,2.342066
4726563.0,2.339189
4734375.0,2.33632
4742188.0,2.333459
4750000.0,2.330607
4757813.0,2.327763
4765625.0,2.324927
4773438.0,2.322098
4781250.0,2.319279
4789063.0,2.316467
4796875.0,2.313663
4804688.0,2.310867
4812500.0,2.308079
4820313.0,2.305298
4828125.0,2.302526
4835938.0,2.299761
4843750.0,2.297005
4851563.0,2.294256
4859375.0,2.291514
4867188.0,2.288781
4875000.0,2.286055
4882813.0,2.283336
4890625.0,2.280625
4898438.0,2.277922
4906250.0,2.275226
4914063.0,2.272538
4921875.0,2.269857
4929688.0,2.267183
4937500.0,2.264517
4945313.0,2.261858
4953125.0,2.259207
4960938.0,2.256563
4968750.0,2.253926
4976563.0,2.251296
4984375.0,2.248674
4992188.0,2.246058
5000000.0,2.24345
5010845.0,2.242319
5021690.0,2.241191
5032535.0,2.240067
5043379.0,2.238945
5054224.0,2.237826
5065069.0,2.23671
5075914.0,2.235597
5086758.0,2.234487
5097603.0,2.23338
5108448.0,2.232276
5119293.0,2.231174
5130137.0,2.230076
5140982.0,2.22898
5151826.0,2.227888
5162671.0,2.226798
5173515.0,2.225711
5184360.0,2.224626
5195205.0,2.223545
5206050.0,2.222466
5216894.0,2.22139
5227739.0,2.220317
5238584.0,2.219246
5249429.0,2.218179
5260273.0,2.217114
5271118.0,2.216051
5281963.0,2.214992
5292808.0,2.213935
5303652.0,2.212881
5314497.0,2.211829
5325341.0,2.21078
5336186.0,2.209734
5347030.0,2.20869
5353174.0,2.208059
5359317.0,2.207429
5365460.0,2.2068
5371603.0,2.206172
5377746.0,2.205545
5383889.0,2.204918
5390032.0,2.204293
5396175.0,2.203668
5402319.0,2.203045
5408462.0,2.202422
5414605.0,2.2018
5420748.0,2.201179
5426891.0,2.200559
5433034.0,2.19994
5439177.0,2.199321
5445320.0,2.198704
5451464.0,2.198087
5457607.0,2.197471
5463750.0,2.196856
5469893.0,2.196242
5476036.0,2.195629
5482179.0,2.195017
5488322.0,2.194405
5494465.0,2.193795
5500609.0,2.193185
5506752.0,2.192576
5512895.0,2.191968
5519038.0,2.19136
5525181.0,2.190754
5531324.0,2.190149
5537467.0,2.189544
5543610.0,2.18894
5557873.0,2.187449
5572135.0,2.185964
5586397.0,2.184483
5600659.0,2.183007
5614922.0,2.181536
5629184.0,2.180069
5643446.0,2.178607
5657708.0,2.17715
5671971.0,2.175697
5686233.0,2.174249
5700495.0,2.172806
5714757.0,2.171367
5729019.0,2.169933
5743281.0,2.168503
5757543.0,2.167078
5771805.0,2.165657
5786068.0,2.16424
5800330.0,2.162828
5814592.0,2.161421
5828854.0,2.160017
5843117.0,2.158618
5857379.0,2.157224
5871641.0,2.155834
5885903.0,2.154448
5900166.0,2.153066
5914428.0,2.151688
5928690.0,2.150315
5942952.0,2.148946
5957214.0,2.14758
5971476.0,2.14622
5985738.0,2.144863
6000000.0,2.14351
6022110.0,2.145726
6044219.0,2.147936
6066329.0,2.15014
6088438.0,2.152339
6110548.0,2.154531
6132657.0,2.156718
6154766.0,2.1589
6176875.0,2.161075
6198985.0,2.163246
6221094.0,2.16541
6243204.0,2.167569
6265313.0,2.169723
6287423.0,2.171871
6309532.0,2.174014
6331641.0,2.176151
6353750.0,2.178283
6375860.0,2.180409
6397969.0,2.182531
6420079.0,2.184647
6442188.0,2.186758
6464298.0,2.188863
6486407.0,2.190964
6508516.0,2.193059
6530625.0,2.195149
6552735.0,2.197234
6574844.0,2.199314
6596954.0,2.201389
6619063.0,2.203459
6641173.0,2.205524
6663282.0,2.207585
6685391.0,2.20964
6707500.0,2.21169
6725782.0,2.213228
6744063.0,2.214763
6762344.0,2.216294
6780625.0,2.217823
6798907.0,2.219348
6817188.0,2.220871
6835469.0,2.22239
6853750.0,2.223906
6872032.0,2.22542
6890313.0,2.22693
6908594.0,2.228437
6926875.0,2.229942
6945157.0,2.231443
6963438.0,2.232942
6981719.0,2.234437
7000000.0,2.23593
7021115.0,2.240522
7042229.0,2.245109
7063343.0,2.249692
7084457.0,2.25427
7105571.0,2.258844
7126685.0,2.263414
7147799.0,2.267979
7168913.0,2.27254
7190027.0,2.277097
7211141.0,2.28165
7232255.0,2.286198
7253369.0,2.290742
7274483.0,2.295282
7295597.0,2.299818
7316711.0,2.304349
7337825.0,2.308877
7358940.0,2.3134
7380054.0,2.317919
7401168.0,2.322434
7422282.0,2.326945
7443396.0,2.331452
7464510.0,2.335954
7485624.0,2.340453
7506738.0,2.344947
7527852.0,2.349438
7548966.0,2.353924
7570080.0,2.358407
7591194.0,2.362885
7612308.0,2.36736
7633422.0,2.371831
7654536.0,2.376297
7675650.0,2.38076
7685786.0,2.382779
7695922.0,2.384796
7706058.0,2.386813
7716194.0,2.388829
7726330.0,2.390843
7736466.0,2.392857
7746602.0,2.39487
7756738.0,2.396882
7766874.0,2.398893
7777010.0,2.400903
7787146.0,2.402912
7797282.0,2.40492
7807418.0,2.406928
7817554.0,2.408934
7827690.0,2.410939
7837825.0,2.412944
7847961.0,2.414947
7858097.0,2.41695
7868233.0,2.418952
7878369.0,2.420952
7888505.0,2.422952
7898641.0,2.424951
7908777.0,2.426949
7918913.0,2.428946
7929049.0,2.430942
7939185.0,2.432938
7949321.0,2.434932
7959457.0,2.436925
7969593.0,2.438918
7979729.0,2.44091
7989865.0,2.4429
8000000.0,2.44489
8005821.0,2.446404
8011641.0,2.447917
8017461.0,2.44943
8023281.0,2.450944
8029101.0,2.452456
8034921.0,2.453969
8040741.0,2.455482
8046561.0,2.456994
8052382.0,2.458507
8058202.0,2.460019
8064022.0,2.461531
8069842.0,2.463042
8075662.0,2.464554
8081482.0,2.466065
8087302.0,2.467577
8093122.0,2.469088
8098943.0,2.470599
8104763.0,2.47211
8110583.0,2.47362
8116403.0,2.475131
8122223.0,2.476641
8128043.0,2.478151
8133863.0,2.479661
8139683.0,2.481171
8145503.0,2.482681
8151323.0,2.48419
8157143.0,2.4857
8162963.0,2.487209
8168783.0,2.488718
8174603.0,2.490227
8180423.0,2.491735
8186243.0,2.493244
8192064.0,2.494753
8197884.0,2.496261
8203704.0,2.497769
8209524.0,2.499277
8215344.0,2.500785
8221164.0,2.502292
8226984.0,2.5038
8232804.0,2.505307
8238624.0,2.506814
8244444.0,2.508321
8250264.0,2.509828
8256084.0,2.511334
8261904.0,2.512841
8267724.0,2.514347
8273544.0,2.515853
8279364.0,2.517359
8285185.0,2.518865
8291005.0,2.520371
8296825.0,2.521877
8302645.0,2.523382
8308465.0,2.524887
8314285.0,2.526392
8320105.0,2.527897
8325925.0,2.529402
8331745.0,2.530906
8337565.0,2.532411
8343385.0,2.533915
8349205.0,2.535419
8355025.0,2.536923
8360845.0,2.538427
8366665.0,2.539931
8372485.0,2.541434
8378306.0,2.542938
8384126.0,2.544441
8389946.0,2.545944
8395766.0,2.547447
8401586.0,2.548949
8407406.0,2.550452
8413226.0,2.551954
8419046.0,2.553457
8424867.0,2.554959
8430687.0,2.556461
8436507.0,2.557963
8442327.0,2.559464
8448147.0,2.560966
8453967.0,2.562467
8459787.0,2.563968
8465607.0,2.565469
8471428.0,2.56697
8477248.0,2.568471
8483068.0,2.569972
8488888.0,2.571472
8494708.0,2.572972
8500528.0,2.574472
8506348.0,2.575972
8512168.0,2.577472
8517988.0,2.578972
8523808.0,2.580471
8529628.0,2.581971
8535448.0,2.58347
8541268.0,2.584969
8547088.0,2.586468
8552908.0,2.587966
8558728.0,2.589465
8564549.0,2.590964
8570369.0,2.592462
8576189.0,2.59396
8582009.0,2.595458
8587829.0,2.596956
8593649.0,2.598453
8599469.0,2.599951
8605289.0,2.601448
8611109.0,2.602945
8616929.0,2.604442
8622749.0,2.605939
8628569.0,2.607436
8634389.0,2.608933
8640209.0,2.610429
8646029.0,2.611925
8651849.0,2.613422
8657670.0,2.614918
8663490.0,2.616414
8669310.0,2.617909
8675130.0,2.619405
8680950.0,2.6209
8686770.0,2.622396
8692590.0,2.623891
8698410.0,2.625386
8704230.0,2.626881
8710050.0,2.628375
8715870.0,2.62987
8721690.0,2.631364
8727510.0,2.632858
8733330.0,2.634352
8739150.0,2.635846
8744970.0,2.63734
8752940.0,2.639269
8760910.0,2.641197
8768880.0,2.643125
8776849.0,2.645052
8784819.0,2.646979
8792789.0,2.648906
8800759.0,2.650832
8808728.0,2.652758
8816698.0,2.654684
8824668.0,2.656609
8832638.0,2.658534
8840607.0,2.660459
8848577.0,2.662383
8856546.0,2.664307
8864516.0,2.666231
8872485.0,2.668154
8880455.0,2.670077
8888425.0,2.671999
8896395.0,2.673922
8904364.0,2.675843
8912334.0,2.677765
8920304.0,2.679686
8928274.0,2.681607
8936243.0,2.683528
8944213.0,2.685448
8952183.0,2.687368
8960153.0,2.689288
8968122.0,2.691207
8976092.0,2.693126
8984061.0,2.695044
8992031.0,2.696962
9000000.0,2.69888
9007607.0,2.700784
9015214.0,2.702688
9022821.0,2.704591
9030427.0,2.706494
9038034.0,2.708397
9045641.0,2.710299
9053248.0,2.712201
9060854.0,2.714103
9068461.0,2.716005
9076068.0,2.717907
9083675.0,2.719808
9091281.0,2.721709
9098888.0,2.723609
9106495.0,2.72551
9114102.0,2.72741
9121708.0,2.72931
9129315.0,2.731209
9136922.0,2.733109
9144529.0,2.735008
9152135.0,2.736907
9159742.0,2.738805
9167349.0,2.740704
9174956.0,2.742602
9182562.0,2.744499
9190169.0,2.746397
9197776.0,2.748294
9205383.0,2.750191
9212989.0,2.752088
9220596.0,2.753984
9228202.0,2.75588
9235809.0,2.757777
9243415.0,2.759672
9251022.0,2.761568
9258629.0,2.763463
9266236.0,2.765358
9273842.0,2.767252
9281449.0,2.769147
9289056.0,2.771041
9296663.0,2.772935
9304269.0,2.774829
9311876.0,2.776722
9319483.0,2.778615
9327090.0,2.780508
9334696.0,2.782401
9342303.0,2.784293
9349910.0,2.786185
9357517.0,2.788077
9365123.0,2.789969
9372730.0,2.79186
9380337.0,2.793751
9387944.0,2.795642
9395550.0,2.797533
9403157.0,2.799423
9410764.0,2.801313
9418371.0,2.803203
9425977.0,2.805093
9433584.0,2.806982
9441191.0,2.808871
9448798.0,2.81076
9456404.0,2.812648
9464011.0,2.814537
9471617.0,2.816425
9479224.0,2.818313
9486830.0,2.8202
9494849.0,2.822093
9502867.0,2.823985
9510886.0,2.825878
9518904.0,2.827769
9526923.0,2.829661
9534941.0,2.831552
9542959.0,2.833443
9550977.0,2.835333
9558996.0,2.837224
9567014.0,2.839114
9575032.0,2.841003
9583050.0,2.842892
9591069.0,2.844781
9599087.0,2.84667
9607105.0,2.848558
9615123.0,2.850446
9623142.0,2.852334
9631160.0,2.854221
9639178.0,2.856108
9647196.0,2.857994
9655215.0,2.859881
9663233.0,2.861766
9671251.0,2.863652
9679269.0,2.865537
9687288.0,2.867422
9695306.0,2.869307
9703324.0,2.871191
9711342.0,2.873075
9719361.0,2.874959
9727379.0,2.876843
9735397.0,2.878726
9743415.0,2.880608
9751434.0,2.882491
9759452.0,2.884373
9767471.0,2.886255
9775489.0,2.888136
9783508.0,2.890018
9791526.0,2.891899
9799544.0,2.893779
9807562.0,2.895659
9815581.0,2.897539
9823599.0,2.899419
9831617.0,2.901298
9839635.0,2.903177
9847654.0,2.905056
9855672.0,2.906934
9863690.0,2.908812
9871708.0,2.910689
9879727.0,2.912567
9887745.0,2.914444
9895763.0,2.916321
9903781.0,2.918197
9911800.0,2.920073
9919818.0,2.921949
9927836.0,2.923825
9935854.0,2.9257
9943873.0,2.927575
9951891.0,2.929449
9959909.0,2.931323
9967927.0,2.933197
9975946.0,2.935071
9983964.0,2.936944
9991982.0,2.938817
10000000.0,2.94069
10006540.0,2.943775
10013080.0,2.946862
10019620.0,2.949949
10026150.0,2.953033
10032690.0,2.956123
10039230.0,2.959215
10045770.0,2.962307
10052300.0,2.965396
10058840.0,2.968491
10065380.0,2.971587
10071920.0,2.974684
10078450.0,2.977778
10084990.0,2.980878
10091530.0,2.983979
10098070.0,2.987081
10104600.0,2.99018
10111140.0,2.993284
10117680.0,2.99639
10124220.0,2.999497
10130750.0,3.002601
10137290.0,3.00571
10143830.0,3.008821
10150370.0,3.011933
10156900.0,3.015041
10163440.0,3.018156
10169980.0,3.021271
10176520.0,3.024388
10183050.0,3.027501
10189590.0,3.03062
10196130.0,3.03374
10202670.0,3.036862
10209200.0,3.03998
10209250.0,3.039995
10215320.0,3.041781
10221380.0,3.043565
10227440.0,3.045349
10233500.0,3.047132
10239570.0,3.048919
10245630.0,3.050703
10251690.0,3.052486
10257750.0,3.05427
10263820.0,3.056056
10269880.0,3.05784
10275940.0,3.059624
10282000.0,3.061407
10288060.0,3.063191
10294120.0,3.064974
10300180.0,3.066758
10306240.0,3.068541
10312310.0,3.070328
10318370.0,3.072111
10324430.0,3.073895
10330490.0,3.075678
10336560.0,3.077465
10342620.0,3.079248
10348680.0,3.081032
10354740.0,3.082815
10360810.0,3.084601
10366870.0,3.086385
10372930.0,3.088168
10378990.0,3.089952
10385050.0,3.091735
10391110.0,3.093518
10397170.0,3.095302
10403230.0,3.097085
10409300.0,3.098871
10415360.0,3.100655
10421420.0,3.102438
10427480.0,3.104221
10433550.0,3.106007
10439610.0,3.107791
10445670.0,3.109574
10451730.0,3.111357
10457800.0,3.113143
10463860.0,3.114926
10469920.0,3.11671
10475980.0,3.118493
10482040.0,3.120276
10488100.0,3.122059
10494160.0,3.123842
10500220.0,3.125625
10506290.0,3.127412
10512350.0,3.129195
10518410.0,3.130978
10524470.0,3.132761
10530530.0,3.134544
10536590.0,3.136327
10542650.0,3.13811
10548710.0,3.139893
10554780.0,3.141679
10560840.0,3.143462
10566900.0,3.145245
10572960.0,3.147028
10579020.0,3.148811
10585080.0,3.150594
10591140.0,3.152377
10597200.0,3.15416
10603500.0,3.155937
10609790.0,3.157711
10616090.0,3.159488
10622380.0,3.161262
10628680.0,3.163039
10634970.0,3.164813
10641260.0,3.166587
10647550.0,3.168361
10653850.0,3.170138
10660140.0,3.171911
10666440.0,3.173688
10672730.0,3.175461
10679030.0,3.177238
10685320.0,3.179011
10691610.0,3.180785
10697900.0,3.182558
10704200.0,3.184335
10710490.0,3.186108
10716790.0,3.187884
10723080.0,3.189657
10729380.0,3.191433
10735670.0,3.193206
10741960.0,3.194979
10748250.0,3.196752
10754550.0,3.198528
10760840.0,3.200301
10767140.0,3.202077
10773430.0,3.203849
10779730.0,3.205625
10786020.0,3.207398
10792310.0,3.20917
10798600.0,3.210943
10804900.0,3.212718
10811190.0,3.21449
10817490.0,3.216266
10823780.0,3.218038
10830080.0,3.219813
10836370.0,3.221585
10842660.0,3.223358
10848950.0,3.22513
10855250.0,3.226905
10861540.0,3.228677
10867840.0,3.230451
10874130.0,3.232223
10880430.0,3.233998
10886720.0,3.23577
10893010.0,3.237541
10899300.0,3.239313
10905600.0,3.241088
10911890.0,3.242859
10918190.0,3.244634
10924480.0,3.246405
10930780.0,3.248179
10937070.0,3.249951
10943360.0,3.251722
10949650.0,3.253493
10955950.0,3.255267
10962240.0,3.257038
10968540.0,3.258812
10974830.0,3.260583
10981130.0,3.262357
10987420.0,3.264128
10993710.0,3.265899
11000000.0,3.26767
11007650.0,3.267083
11015290.0,3.266496
11022930.0,3.265911
11030570.0,3.265325
11038220.0,3.26474
11045860.0,3.264156
11053500.0,3.263572
11061140.0,3.262989
11068790.0,3.262406
11076430.0,3.261823
11084070.0,3.261242
11091710.0,3.260661
11099360.0,3.260079
11107000.0,3.259499
11114640.0,3.25892
11122280.0,3.25834
11129930.0,3.257761
11137570.0,3.257183
11145210.0,3.256605
11152850.0,3.256028
11160500.0,3.255451
11168140.0,3.254875
11175780.0,3.254299
11183420.0,3.253724
11191070.0,3.253149
11198710.0,3.252574
11206350.0,3.252001
11213990.0,3.251428
11221630.0,3.250855
11229270.0,3.250283
11236910.0,3.249711
11244550.0,3.24914
11252200.0,3.248568
11259840.0,3.247998
11267480.0,3.247428
11275120.0,3.246859
11282770.0,3.24629
11290410.0,3.245721
11298050.0,3.245154
11305690.0,3.244586
11313340.0,3.244019
11320980.0,3.243452
11328620.0,3.242886
11336260.0,3.242321
11343910.0,3.241755
11351550.0,3.241191
11359190.0,3.240627
11366830.0,3.240063
11374480.0,3.2395
11382120.0,3.238937
11389760.0,3.238375
11397400.0,3.237814
11405050.0,3.237252
11412690.0,3.236691
11420330.0,3.236131
11427970.0,3.235571
11435620.0,3.235011
11443260.0,3.234453
11450900.0,3.233894
11458540.0,3.233337
11466180.0,3.232779
11473820.0,3.232222
11481460.0,3.231666
11489100.0,3.23111
11497090.0,3.230515
11505070.0,3.229922
11513060.0,3.229329
11521040.0,3.228736
11529030.0,3.228144
11537010.0,3.227553
11544990.0,3.226962
11552970.0,3.226372
11560960.0,3.225781
11568940.0,3.225192
11576920.0,3.224603
11584900.0,3.224015
11592890.0,3.223427
11600870.0,3.22284
11608850.0,3.222253
11616830.0,3.221667
11624820.0,3.221081
11632800.0,3.220496
11640780.0,3.219911
11648760.0,3.219327
11656750.0,3.218743
11664730.0,3.21816
11672710.0,3.217577
11680690.0,3.216995
11688680.0,3.216413
11696660.0,3.215832
11704640.0,3.215251
11712620.0,3.214671
11720610.0,3.214091
11728590.0,3.213512
11736570.0,3.212934
11744550.0,3.212356
11752540.0,3.211777
11760520.0,3.2112
11768510.0,3.210623
11776490.0,3.210047
11784480.0,3.209471
11792460.0,3.208896
11800440.0,3.208321
11808420.0,3.207747
11816410.0,3.207173
11824390.0,3.206599
11832370.0,3.206027
11840350.0,3.205455
11848340.0,3.204882
11856320.0,3.204311
11864300.0,3.203741
11872280.0,3.20317
11880270.0,3.2026
11888250.0,3.202031
11896230.0,3.201462
11904210.0,3.200894
11912200.0,3.200325
11920180.0,3.199758
11928160.0,3.199191
11936140.0,3.198625
11944130.0,3.198058
11952110.0,3.197493
11960090.0,3.196928
11968070.0,3.196364
11976060.0,3.195799
11984040.0,3.195236
11992020.0,3.194673
12000000.0,3.19411
12007660.0,3.193769
12015320.0,3.193429
12022980.0,3.193089
12030630.0,3.192749
12038290.0,3.192409
12045940.0,3.19207
12053600.0,3.191731
12061250.0,3.191392
12068910.0,3.191054
12076570.0,3.190715
12084230.0,3.190377
12091880.0,3.19004
12099540.0,3.189702
12107190.0,3.189365
12114850.0,3.189028
12122500.0,3.188691
12130160.0,3.188354
12137820.0,3.188018
12145480.0,3.187682
12153130.0,3.187346
12160790.0,3.18701
12168440.0,3.186675
12176100.0,3.18634
12183750.0,3.186005
12191410.0,3.185671
12199070.0,3.185336
12206730.0,3.185002
12214380.0,3.184668
12222040.0,3.184335
12229690.0,3.184002
12237350.0,3.183668
12245000.0,3.183336
12252660.0,3.183003
12260320.0,3.18267
12267980.0,3.182338
12275630.0,3.182006
12283290.0,3.181675
12290940.0,3.181343
12298600.0,3.181012
12306250.0,3.180681
12313910.0,3.18035
12321570.0,3.18002
12329230.0,3.179689
12336880.0,3.17936
12344540.0,3.17903
12352190.0,3.178701
12359850.0,3.178371
12367500.0,3.178042
12375160.0,3.177713
12382820.0,3.177385
12390480.0,3.177056
12398130.0,3.176728
12405790.0,3.1764
12413440.0,3.176073
12421100.0,3.175746
12428750.0,3.175419
12436410.0,3.175092
12444070.0,3.174765
12451730.0,3.174438
12459380.0,3.174112
12467040.0,3.173786
12474690.0,3.173461
12482350.0,3.173135
12490000.0,3.17281
12497970.0,3.172459
12505940.0,3.172107
12513910.0,3.171757
12521880.0,3.171406
12529850.0,3.171056
12537820.0,3.170706
12545790.0,3.170356
12553750.0,3.170007
12561720.0,3.169657
12569690.0,3.169308
12577660.0,3.16896
12585630.0,3.168611
12593600.0,3.168263
12601570.0,3.167915
12609540.0,3.167567
12617500.0,3.16722
12625470.0,3.166873
12633440.0,3.166526
12641410.0,3.166179
12649380.0,3.165833
12657350.0,3.165487
12665320.0,3.165141
12673290.0,3.164795
12681250.0,3.16445
12689220.0,3.164105
12697190.0,3.16376
12705160.0,3.163415
12713130.0,3.163071
12721100.0,3.162727
12729070.0,3.162383
12737040.0,3.162039
12745000.0,3.161696
12752970.0,3.161353
12760940.0,3.16101
12768910.0,3.160667
12776880.0,3.160325
12784850.0,3.159983
12792820.0,3.159641
12800790.0,3.159299
12808750.0,3.158958
12816720.0,3.158617
12824690.0,3.158276
12832660.0,3.157936
12840630.0,3.157595
12848600.0,3.157255
12856570.0,3.156915
12864540.0,3.156575
12872500.0,3.156236
12880470.0,3.155897
12888440.0,3.155558
12896410.0,3.15522
12904380.0,3.154881
12912350.0,3.154543
12920320.0,3.154205
12928290.0,3.153867
12936250.0,3.15353
12944220.0,3.153193
12952190.0,3.152856
12960160.0,3.15252
12968130.0,3.152183
12976100.0,3.151847
12984070.0,3.151511
12992040.0,3.151175
13000000.0,3.15084
13007670.0,3.151585
13015340.0,3.152331
13023010.0,3.153076
13030670.0,3.153819
13038340.0,3.154564
13046010.0,3.155308
13053680.0,3.156052
13061340.0,3.156794
13069010.0,3.157537
13076680.0,3.158281
13084350.0,3.159023
13092010.0,3.159765
13099680.0,3.160507
13107350.0,3.161249
13115020.0,3.161991
13122680.0,3.162732
13130350.0,3.163473
13138020.0,3.164214
13145690.0,3.164955
13153350.0,3.165694
13161020.0,3.166434
13168690.0,3.167174
13176360.0,3.167914
13184020.0,3.168652
13191690.0,3.169392
13199360.0,3.170131
13207030.0,3.170869
13214690.0,3.171607
13222360.0,3.172345
13230020.0,3.173082
13237690.0,3.173819
13245350.0,3.174556
13253020.0,3.175293
13260690.0,3.17603
13268360.0,3.176766
13276020.0,3.177502
13283690.0,3.178238
13291360.0,3.178974
13299030.0,3.179709
13306690.0,3.180444
13314360.0,3.181179
13322030.0,3.181914
13329700.0,3.182648
13337360.0,3.183382
13345030.0,3.184116
13352700.0,3.18485
13360370.0,3.185583
13368030.0,3.186316
13375700.0,3.187049
13383370.0,3.187782
13391040.0,3.188514
13398700.0,3.189245
13406370.0,3.189978
13414040.0,3.190709
13421710.0,3.191441
13429370.0,3.192171
13437040.0,3.192902
13444710.0,3.193633
13452380.0,3.194364
13460040.0,3.195093
13467710.0,3.195823
13475370.0,3.196552
13483040.0,3.197282
13490700.0,3.19801
13498660.0,3.19875
13506620.0,3.19949
13514580.0,3.200229
13522540.0,3.200968
13530500.0,3.201707
13538460.0,3.202446
13546420.0,3.203184
13554370.0,3.203921
13562330.0,3.204659
13570290.0,3.205397
13578250.0,3.206134
13586200.0,3.20687
13594160.0,3.207607
13602120.0,3.208343
13610080.0,3.20908
13618030.0,3.209815
13625990.0,3.210551
13633950.0,3.211286
13641910.0,3.212021
13649860.0,3.212755
13657820.0,3.21349
13665780.0,3.214224
13673740.0,3.214959
13681690.0,3.215692
13689650.0,3.216425
13697610.0,3.217159
13705570.0,3.217892
13713520.0,3.218624
13721480.0,3.219356
13729440.0,3.220089
13737400.0,3.220821
13745350.0,3.221552
13753310.0,3.222283
13761270.0,3.223015
13769230.0,3.223746
13777190.0,3.224477
13785150.0,3.225207
13793110.0,3.225938
13801070.0,3.226668
13809020.0,3.227396
13816980.0,3.228126
13824940.0,3.228855
13832900.0,3.229584
13840850.0,3.230312
13848810.0,3.231041
13856770.0,3.231769
13864730.0,3.232497
13872680.0,3.233224
13880640.0,3.233951
13888600.0,3.234679
13896560.0,3.235406
13904510.0,3.236131
13912470.0,3.236858
13920430.0,3.237584
13928390.0,3.23831
13936340.0,3.239035
13944300.0,3.23976
13952260.0,3.240486
13960220.0,3.241211
13968170.0,3.241934
13976130.0,3.242659
13984090.0,3.243383
13992050.0,3.244107
14000000.0,3.24483
14015360.0,3.244634
14030720.0,3.244439
14046080.0,3.244244
14061430.0,3.244049
14076790.0,3.243854
14092140.0,3.24366
14107500.0,3.243465
14122850.0,3.243271
14138210.0,3.243078
14153570.0,3.242884
14168930.0,3.24269
14184280.0,3.242497
14199640.0,3.242304
14214990.0,3.242112
14230350.0,3.241919
14245700.0,3.241727
14261060.0,3.241535
14276420.0,3.241343
14291780.0,3.241151
14307130.0,3.24096
14322490.0,3.240769
14337840.0,3.240578
14353200.0,3.240387
14368550.0,3.240197
14383910.0,3.240006
14399270.0,3.239816
14414630.0,3.239626
14429980.0,3.239437
14445340.0,3.239247
14460690.0,3.239058
14476050.0,3.238869
14491400.0,3.23868
14500000.0,3.23858
14529990.0,3.238742
14559970.0,3.238903
14589950.0,3.239064
14619930.0,3.239225
14649910.0,3.239386
14679890.0,3.239546
14709870.0,3.239706
14739850.0,3.239865
14769840.0,3.240024
14799820.0,3.240183
14829800.0,3.240342
14859780.0,3.2405
14889760.0,3.240658
14919740.0,3.240816
14949720.0,3.240973
14979700.0,3.24113
15000000.0,3.24286
15015630.0,3.242578
15031250.0,3.242296
15046880.0,3.242015
15062500.0,3.241734
15078130.0,3.241453
15093750.0,3.241172
15109380.0,3.240892
15125000.0,3.240612
15140630.0,3.240333
15156250.0,3.240053
15171880.0,3.239774
15187500.0,3.239496
15203130.0,3.239217
15218750.0,3.238939
15234380.0,3.238662
15250000.0,3.238384
15265630.0,3.238107
15281250.0,3.237831
15296880.0,3.237554
15312500.0,3.237278
15328130.0,3.237002
15343750.0,3.236726
15359380.0,3.236451
15375000.0,3.236176
15390630.0,3.235902
15406250.0,3.235627
15421880.0,3.235353
15437500.0,3.23508
15453130.0,3.234806
15468750.0,3.234533
15484380.0,3.23426
15500000.0,3.233988
15515630.0,3.233715
15531250.0,3.233443
15546880.0,3.233172
15562500.0,3.2329
15578130.0,3.232629
15593750.0,3.232359
15609380.0,3.232088
15625000.0,3.231818
15640630.0,3.231548
15656250.0,3.231278
15671880.0,3.231009
15687500.0,3.23074
15703130.0,3.230471
15718750.0,3.230203
15734380.0,3.229935
15750000.0,3.229667
15765630.0,3.229399
15781250.0,3.229132
15796880.0,3.228865
15812500.0,3.228598
15828130.0,3.228332
15843750.0,3.228066
15859380.0,3.2278
15875000.0,3.227534
15890630.0,3.227269
15906250.0,3.227004
15921880.0,3.226739
15937500.0,3.226475
15953130.0,3.226211
15968750.0,3.225947
15984380.0,3.225683
16000000.0,3.22542
16017000.0,3.223937
16033990.0,3.222456
16050990.0,3.220977
16067980.0,3.219501
16084980.0,3.218027
16101970.0,3.216555
16118960.0,3.215086
16135950.0,3.213619
16152950.0,3.212154
16169940.0,3.210691
16186940.0,3.20923
16203930.0,3.207772
16220930.0,3.206315
16237920.0,3.204861
16254910.0,3.203409
16271900.0,3.20196
16294660.0,3.200879
16317410.0,3.1998
16340170.0,3.198722
16362920.0,3.197647
16385680.0,3.196573
16408430.0,3.195502
16431180.0,3.194432
16453930.0,3.193364
16476690.0,3.192298
16499440.0,3.191234
16522190.0,3.190171
16544940.0,3.189111
16567700.0,3.188052
16590450.0,3.186995
16613200.0,3.185939
16635950.0,3.184886
16658710.0,3.183834
16681460.0,3.182784
16704220.0,3.181736
16726970.0,3.18069
16749730.0,3.179645
16772480.0,3.178602
16795230.0,3.177561
16817980.0,3.176522
16840740.0,3.175484
16863490.0,3.174448
16886240.0,3.173414
16908990.0,3.172382
16931750.0,3.171351
16954500.0,3.170322
16977250.0,3.169295
17000000.0,3.16827
17031250.0,3.167383
17062500.0,3.166499
17093750.0,3.165616
17125000.0,3.164734
17156250.0,3.163855
17187500.0,3.162978
17218750.0,3.162102
17250000.0,3.161229
17281250.0,3.160357
17312500.0,3.159487
17343750.0,3.158618
17375000.0,3.157752
17406250.0,3.156887
17437500.0,3.156024
17468750.0,3.155163
17500000.0,3.154304
17531250.0,3.153446
17562500.0,3.15259
17593750.0,3.151736
17625000.0,3.150884
17656250.0,3.150033
17687500.0,3.149185
17718750.0,3.148337
17750000.0,3.147492
17781250.0,3.146648
17812500.0,3.145806
17843750.0,3.144966
17875000.0,3.144128
17906250.0,3.143291
17937500.0,3.142455
17968750.0,3.141622
18000000.0,3.14079
18007300.0,3.13956
18007330.0,3.139557
18038360.0,3.136551
18069380.0,3.133553
18100400.0,3.130564
18131420.0,3.127583
18162440.0,3.124609
18193460.0,3.121644
18224480.0,3.118686
18255500.0,3.115736
18286530.0,3.112793
18317550.0,3.109859
18348570.0,3.106932
18379590.0,3.104013
18410610.0,3.101102
18441630.0,3.098199
18472650.0,3.095303
18503670.0,3.092414
18534700.0,3.089532
18565720.0,3.086659
18596740.0,3.083793
18627760.0,3.080934
18658780.0,3.078083
18689800.0,3.075239
18720820.0,3.072403
18751840.0,3.069574
18782860.0,3.066752
18813880.0,3.063937
18844900.0,3.06113
18875920.0,3.05833
18906940.0,3.055537
18937960.0,3.052751
18968980.0,3.049972
19000000.0,3.0472
19062500.0,3.045076
19125000.0,3.042961
19187500.0,3.040854
19250000.0,3.038756
19312500.0,3.036666
19375000.0,3.034583
19437500.0,3.032509
19500000.0,3.030444
19562500.0,3.028386
19625000.0,3.026336
19687500.0,3.024294
19750000.0,3.022259
19812500.0,3.020233
19875000.0,3.018214
19937500.0,3.016203
20000000.0,3.0142
