1e-05,4.497812
1.03125e-05,4.497812
1.0625e-05,4.497812
1.09375e-05,4.497812
1.125e-05,4.497812
1.15625e-05,4.497812
1.1875e-05,4.497812
1.21875e-05,4.497812
1.25e-05,4.497812
1.28125e-05,4.497812
1.3125e-05,4.497812
1.34375e-05,4.497812
1.375e-05,4.497812
1.4375e-05,4.497812
1.5e-05,4.497812
1.5625e-05,4.497812
1.625e-05,4.497812
1.6875e-05,4.497812
1.75e-05,4.497812
1.8125e-05,4.497812
1.875e-05,4.497812
1.9375e-05,4.497812
2e-05,4.497812
2.09375e-05,4.497812
2.1875e-05,4.497812
2.28125e-05,4.497812
2.375e-05,4.497812
2.46875e-05,4.497812
2.5625e-05,4.497812
2.65625e-05,4.497812
2.75e-05,4.497812
2.84375e-05,4.497812
2.9375e-05,4.497812
3.03125e-05,4.497812
3.125e-05,4.497812
3.21875e-05,4.497812
3.3125e-05,4.497812
3.40625e-05,4.497812
3.5e-05,4.497812
3.59375e-05,4.497812
3.6875e-05,4.497812
3.78125e-05,4.497812
3.875e-05,4.497812
3.96875e-05,4.497812
4.0625e-05,4.497812
4.25e-05,4.497812
4.4375e-05,4.497812
4.625e-05,4.497812
4.8125e-05,4.497812
5e-05,4.497812
5.15625e-05,4.497812
5.3125e-05,4.497812
5.46875e-05,4.497812
5.625e-05,4.497812
5.78125e-05,4.497812
5.9375e-05,4.497812
6.09375e-05,4.497812
6.25e-05,4.497812
6.40625e-05,4.497812
6.5625e-05,4.497812
6.71875e-05,4.497812
6.875e-05,4.497812
7.1875e-05,4.497812
7.5e-05,4.497812
7.8125e-05,4.497812
8.125e-05,4.497812
8.4375e-05,4.497812
8.75e-05,4.497812
9.0625e-05,4.497812
9.375e-05,4.497812
9.6875e-05,4.497812
0.0001,4.497812
0.000103125,4.497812
0.00010625,4.497812
0.000109375,4.497812
0.0001125,4.497812
0.000115625,4.497812
0.00011875,4.497812
0.000121875,4.497812
0.000125,4.497812
0.000128125,4.497811
0.00013125,4.497811
0.000134375,4.497811
0.0001375,4.497811
0.00014375,4.497811
0.00015,4.497811
0.00015625,4.497811
0.0001625,4.497811
0.00016875,4.497811
0.000175,4.497811
0.00018125,4.497811
0.0001875,4.497811
0.00019375,4.497811
0.0002,4.497811
0.000209375,4.497811
0.00021875,4.497811
0.000228125,4.497811
0.0002375,4.497811
0.000246875,4.497811
0.00025625,4.497811
0.000265625,4.497811
0.000275,4.497811
0.000284375,4.497811
0.00029375,4.497811
0.000303125,4.497811
0.0003125,4.497811
0.000321875,4.497811
0.00033125,4.497811
0.000340625,4.497811
0.00035,4.497811
0.000359375,4.497811
0.00036875,4.497811
0.000378125,4.497811
0.0003875,4.497811
0.000396875,4.497811
0.00040625,4.497811
0.000425,4.497811
0.00044375,4.497811
0.0004625,4.497811
0.00048125,4.49781
0.0005,4.49781
0.000515625,4.49781
0.00053125,4.49781
0.000546875,4.49781
0.0005625,4.49781
0.000578125,4.49781
0.00059375,4.49781
0.000609375,4.49781
0.000625,4.49781
0.000640625,4.49781
0.00065625,4.49781
0.000671875,4.49781
0.0006875,4.49781
0.00071875,4.49781
0.00075,4.49781
0.00078125,4.49781
0.0008125,4.49781
0.00084375,4.497809
0.000875,4.497809
0.00090625,4.497809
0.0009375,4.497809
0.00096875,4.497809
0.001,4.497809
0.00103125,4.497809
0.0010625,4.497809
0.00109375,4.497809
0.001125,4.497809
0.00115625,4.497809
0.0011875,4.497808
0.00121875,4.497808
0.00125,4.497808
0.00128125,4.497808
0.0013125,4.497808
0.00134375,4.497808
0.001375,4.497808
0.0014375,4.497808
0.0015,4.497808
0.0015625,4.497807
0.001625,4.497807
0.0016875,4.497807
0.00175,4.497807
0.0018125,4.497807
0.001875,4.497807
0.0019375,4.497806
0.002,4.497806
0.00209375,4.497806
0.0021875,4.497806
0.00228125,4.497805
0.002375,4.497805
0.00246875,4.497805
0.0025625,4.497805
0.00265625,4.497804
0.00275,4.497804
0.00284375,4.497804
0.0029375,4.497804
0.00303125,4.497803
0.003125,4.497803
0.00321875,4.497803
0.0033125,4.497803
0.00340625,4.497802
0.0035,4.497802
0.00359375,4.497802
0.0036875,4.497801
0.00378125,4.497801
0.003875,4.497801
0.00396875,4.497801
0.0040625,4.4978
0.00425,4.4978
0.0044375,4.497799
0.004625,4.497799
0.0048125,4.497798
0.005,4.497798
0.00515625,4.497797
0.0053125,4.497797
0.00546875,4.497796
0.005625,4.497796
0.00578125,4.497796
0.0059375,4.497795
0.00609375,4.497795
0.00625,4.497794
0.00640625,4.497794
0.0065625,4.497793
0.00671875,4.497793
0.006875,4.497792
0.0071875,4.497792
0.0075,4.497791
0.0078125,4.49779
0.008125,4.497789
0.0084375,4.497788
0.00875,4.497787
0.0090625,4.497786
0.009375,4.497785
0.0096875,4.497785
0.01,4.497784
0.0103125,4.497783
0.010625,4.497782
0.0109375,4.497781
0.01125,4.49778
0.0115625,4.497779
0.011875,4.497778
0.0121875,4.497777
0.0125,4.497777
0.0128125,4.497776
0.013125,4.497775
0.0134375,4.497774
0.01375,4.497773
0.014375,4.497771
0.015,4.49777
0.015625,4.497768
0.01625,4.497766
0.016875,4.497764
0.0175,4.497762
0.018125,4.497761
0.01875,4.497759
0.019375,4.497757
0.02,4.497755
0.0206625,4.497754
0.021325,4.497752
0.0219875,4.49775
0.02265,4.497748
0.0233125,4.497746
0.023975,4.497744
0.0246375,4.497742
0.0253,4.49774
0.02607188,4.497738
0.02684375,4.497736
0.02761563,4.497734
0.0283875,4.497732
0.02915938,4.49773
0.02993125,4.497727
0.03070313,4.497725
0.031475,4.497723
0.03224688,4.497721
0.03301875,4.497719
0.0345625,4.497714
0.03610625,4.49771
0.03765,4.497706
0.03919375,4.497701
0.0407375,4.497697
0.04228125,4.497693
0.043825,4.497688
0.04536875,4.497684
0.0469125,4.49768
0.04845625,4.497675
0.05,4.497671
0.0515625,4.497666
0.053125,4.497662
0.0546875,4.497658
0.05625,4.497653
0.0578125,4.497649
0.059375,4.497644
0.0609375,4.49764
0.0625,4.497636
0.0640625,4.497631
0.065625,4.497627
0.0671875,4.497622
0.06875,4.497618
0.071875,4.497609
0.075,4.4976
0.078125,4.497592
0.08125,4.497583
0.084375,4.497574
0.0875,4.497565
0.090625,4.497556
0.09375,4.497548
0.096875,4.497539
0.1,4.49753
0.103125,4.497521
0.10625,4.497512
0.109375,4.497504
0.1125,4.497495
0.115625,4.497486
0.11875,4.497477
0.121875,4.497468
0.125,4.49746
0.128125,4.497451
0.13125,4.497442
0.134375,4.497433
0.1375,4.497424
0.14375,4.497407
0.15,4.497389
0.15625,4.497372
0.1625,4.497354
0.16875,4.497336
0.175,4.497319
0.18125,4.497301
0.1875,4.497284
0.19375,4.497266
0.2,4.497249
0.209375,4.497222
0.21875,4.497196
0.228125,4.49717
0.2375,4.497143
0.246875,4.497117
0.25625,4.497091
0.265625,4.497064
0.275,4.497038
0.284375,4.497012
0.29375,4.496985
0.303125,4.496959
0.3125,4.496933
0.321875,4.496907
0.33125,4.49688
0.340625,4.496854
0.35,4.496828
0.359375,4.496801
0.36875,4.496775
0.378125,4.496749
0.3875,4.496723
0.396875,4.496696
0.40625,4.49667
0.425,4.496618
0.44375,4.496565
0.4625,4.496513
0.48125,4.49646
0.5,4.496408
0.53125,4.496321
0.5625,4.496234
0.59375,4.496146
0.625,4.496059
0.65625,4.495972
0.6875,4.495885
0.71875,4.495798
0.75,4.495711
0.78125,4.495625
0.8125,4.495538
0.84375,4.495451
0.875,4.495364
0.9375,4.495191
1.0,4.495018
1.0625,4.494846
1.125,4.494673
1.1875,4.494501
1.25,4.494329
1.3125,4.494157
1.375,4.493985
1.4375,4.493814
1.5,4.493642
1.5625,4.493471
1.625,4.493301
1.6875,4.49313
1.75,4.49296
1.875,4.49262
2.0,4.49228
2.09375,4.492026
2.1875,4.491773
2.28125,4.49152
2.375,4.491267
2.46875,4.491015
2.5625,4.490764
2.65625,4.490513
2.75,4.490262
2.9375,4.489762
3.125,4.489264
3.3125,4.488768
3.5,4.488273
3.6875,4.487781
3.875,4.48729
4.0625,4.486801
4.25,4.486314
4.4375,4.485828
4.625,4.485344
4.8125,4.484862
5.0,4.484382
5.3125,4.483586
5.625,4.482794
5.9375,4.482007
6.25,4.481224
6.5625,4.480446
6.875,4.479673
7.1875,4.478905
7.5,4.47814
7.8125,4.477381
8.125,4.476626
8.4375,4.475875
8.75,4.475128
9.375,4.473648
10.0,4.472185
10.625,4.470739
11.25,4.469309
11.875,4.467895
12.5,4.466497
13.125,4.465114
13.75,4.463747
14.375,4.462395
15.0,4.461057
15.625,4.459734
16.25,4.458426
16.875,4.457132
17.5,4.455851
18.75,4.453331
20.0,4.450863
20.9375,4.449046
21.875,4.447257
22.8125,4.445496
23.75,4.443761
24.6875,4.442053
25.625,4.44037
26.5625,4.438712
27.5,4.437079
29.375,4.433884
31.25,4.43078
33.125,4.427765
35.0,4.424833
36.875,4.421981
38.75,4.419207
40.625,4.416507
42.5,4.413877
44.375,4.411316
46.25,4.408821
48.125,4.406389
50.0,4.404017
53.125,4.400193
56.25,4.396522
59.375,4.392993
62.5,4.3896
65.625,4.386334
68.75,4.383188
71.875,4.380155
75.0,4.377229
78.125,4.374405
81.25,4.371677
84.375,4.369039
87.5,4.366489
90.625,4.36402
93.75,4.36163
96.875,4.359314
100.0,4.357068
103.125,4.35489
106.25,4.352776
109.375,4.350723
112.5,4.348729
115.625,4.34679
118.75,4.344905
121.875,4.343071
125.0,4.341286
128.125,4.339547
131.25,4.337853
134.375,4.336202
137.5,4.334592
143.75,4.331488
150.0,4.328529
156.25,4.325703
162.5,4.322999
168.75,4.320409
175.0,4.317922
181.25,4.315532
187.5,4.313229
193.75,4.311006
200.0,4.308857
204.3425,4.307404
208.685,4.30598
213.0275,4.304584
217.37,4.303214
221.7125,4.301866
226.055,4.300539
230.3975,4.299231
234.74,4.297937
239.0825,4.296657
243.425,4.295386
252.11,4.29286
256.4525,4.291597
260.795,4.290326
265.1375,4.289043
269.4799,4.287739
273.8224,4.286406
278.1649,4.285033
280.3362,4.284326
282.5074,4.283604
284.6787,4.282864
286.8499,4.282102
289.0212,4.281315
291.1924,4.2805
293.3637,4.279651
295.5349,4.278762
297.7062,4.277827
299.8774,4.276838
302.0487,4.275783
304.2199,4.27465
306.3912,4.273423
307.4768,4.272767
308.5624,4.272079
309.6481,4.271356
310.7337,4.270593
311.8193,4.269785
312.9049,4.268926
313.9906,4.26801
315.0762,4.26703
316.1618,4.265974
317.2474,4.264833
318.3331,4.263592
319.4187,4.262236
320.5043,4.260742
321.5899,4.259087
322.6756,4.257236
323.2184,4.256225
323.7612,4.255148
324.304,4.254
324.8468,4.25277
325.3896,4.251449
325.9324,4.250027
326.4753,4.24849
327.0181,4.246822
327.5609,4.245004
328.1037,4.243015
328.6465,4.240828
329.1893,4.238409
329.7321,4.235717
330.2749,4.232703
330.8178,4.229302
331.0892,4.227432
331.3606,4.225432
331.632,4.223289
331.9034,4.220985
332.1748,4.218503
332.4462,4.21582
332.7176,4.212909
332.989,4.209741
333.2604,4.206279
333.5318,4.202479
333.8032,4.198288
334.0746,4.193643
334.346,4.188464
334.6174,4.182653
334.8888,4.176085
335.0245,4.172469
335.1602,4.168601
335.2959,4.164453
335.4316,4.159994
335.5673,4.155186
335.703,4.149988
335.8387,4.144349
335.9744,4.13821
336.1101,4.131502
336.2458,4.124142
336.3815,4.116029
336.5172,4.107041
336.6529,4.097028
336.7886,4.085805
336.9243,4.073135
336.9922,4.066163
337.06,4.058722
337.1279,4.050739
337.1957,4.042177
337.2636,4.032945
337.3314,4.02299
337.3993,4.012191
337.4671,4.000473
337.535,3.987672
337.6028,3.973675
337.6707,3.958259
337.7385,3.941249
337.7725,3.932029
337.8064,3.922327
337.8403,3.912073
337.8742,3.901217
337.9082,3.889672
337.9421,3.877443
337.976,3.864429
338.0099,3.850552
338.0439,3.835677
338.0778,3.819792
338.1117,3.802738
338.1456,3.784382
338.1796,3.764507
338.2135,3.74305
338.2474,3.719745
338.2644,3.707286
338.2813,3.694343
338.2983,3.680725
338.3153,3.666463
338.3323,3.651513
338.3492,3.635917
338.3662,3.619436
338.3831,3.602201
338.4001,3.583943
338.417,3.5648
338.434,3.544464
338.451,3.52295
338.468,3.500156
338.4849,3.476111
338.5019,3.450401
338.5188,3.423182
338.5358,3.393966
338.5527,3.362911
338.5612,3.346468
338.5697,3.329436
338.5782,3.311781
338.5867,3.293472
338.5952,3.27447
338.6037,3.254737
338.6122,3.234231
338.6206,3.213163
338.6291,3.190982
338.6376,3.167883
338.6461,3.14381
338.6545,3.119001
338.663,3.092803
338.6715,3.065433
338.68,3.036813
338.6884,3.00722
338.6969,2.97586
338.7054,2.942979
338.7139,2.908469
338.7224,2.872214
338.7309,2.834088
338.7394,2.793953
338.7479,2.75166
338.7563,2.707586
338.7648,2.660506
338.7733,2.610744
338.7776,2.584484
338.7818,2.558094
338.786,2.530947
338.7902,2.503014
338.7945,2.473573
338.7987,2.443964
338.803,2.412746
338.8072,2.38134
338.8115,2.34822
338.8157,2.314896
338.8199,2.280579
338.8241,2.245242
338.8284,2.207977
338.8326,2.170492
338.8369,2.130981
338.8411,2.091261
338.8454,2.04943
338.8496,2.007427
338.8539,1.963257
338.8581,1.918992
338.8624,1.872556
338.8666,1.826162
338.8709,1.777683
338.8751,1.729485
338.8794,1.67943
338.8836,1.630053
338.8878,1.580463
338.892,1.53101
338.8963,1.480995
338.9005,1.433342
338.9027,1.409103
338.9048,1.38658
338.9069,1.364788
338.909,1.343874
338.9112,1.323085
338.9133,1.304506
338.9154,1.287377
338.9175,1.271938
338.9196,1.258461
338.9217,1.24725
338.9238,1.238651
338.9259,1.233055
338.9281,1.230891
338.9302,1.232874
338.9323,1.239383
338.9344,1.251049
338.9366,1.26958
338.9387,1.294127
338.9408,1.326287
338.9429,1.367071
338.944,1.392251
338.9451,1.42028
338.9462,1.451346
338.9472,1.482387
338.9483,1.519805
338.9493,1.556971
338.9504,1.601532
338.9514,1.645581
338.9525,1.698158
338.9535,1.749917
338.9546,1.811464
338.9556,1.871839
338.9567,1.943389
338.9577,2.013354
338.9588,2.096018
338.9598,2.176616
338.9611,2.289573
338.9624,2.412293
338.9637,2.545345
338.9649,2.677829
338.9662,2.832361
338.9674,2.985642
338.9687,3.163729
338.9699,3.339664
338.9712,3.543222
338.9724,3.743452
338.9737,3.974074
338.9749,4.199853
338.9774,4.710596
338.9787,4.997783
338.9799,5.275825
338.9812,5.590727
338.9825,5.919342
338.985,6.586931
338.9875,7.29476
338.99,8.032199
338.9925,8.7857
338.995,9.539327
338.9975,10.27567
339.0,10.97704
339.0013,11.32233
339.0026,11.65152
339.0051,12.23256
339.0076,12.73651
339.0101,13.15666
339.0126,13.49039
339.0151,13.73889
339.0176,13.90652
339.0201,13.99999
339.0227,14.02736
339.0252,13.99577
339.0277,13.91657
339.0302,13.79841
339.0327,13.64924
339.0352,13.47614
339.0377,13.28526
339.0402,13.08182
339.0427,12.87018
339.0452,12.65389
339.0477,12.43584
339.0501,12.22695
339.0526,12.01155
339.055,11.80813
339.0575,11.60072
339.0599,11.40661
339.0624,11.21013
339.0648,11.02732
339.0673,10.84314
339.0697,10.6724
339.0722,10.50089
339.0746,10.34227
339.0771,10.1832
339.0795,10.03628
339.082,9.889095
339.0845,9.747685
339.087,9.611845
339.0894,9.48648
339.0919,9.360931
339.0943,9.245044
339.0968,9.128953
339.0992,9.021753
339.1017,8.914313
339.1041,8.815046
339.1066,8.715496
339.109,8.623458
339.1115,8.531092
339.1139,8.445633
339.1164,8.359805
339.1188,8.280333
339.1238,8.123404
339.1287,7.98009
339.1336,7.846223
339.1385,7.72098
339.1434,7.603619
339.1483,7.493472
339.1532,7.389939
339.1581,7.292478
339.1631,7.198783
339.168,7.112153
339.1729,7.030261
339.1778,6.952749
339.1827,6.87929
339.1876,6.809588
339.1925,6.743374
339.1974,6.680402
339.2024,6.619256
339.2073,6.562174
339.2122,6.507716
339.2171,6.455711
339.222,6.406002
339.2269,6.358446
339.2318,6.312908
339.2367,6.269267
339.2417,6.226573
339.2466,6.186429
339.2515,6.147865
339.2564,6.110793
339.2662,6.040797
339.276,5.975846
339.2859,5.914829
339.2957,5.858526
339.3055,5.805906
339.3153,5.756624
339.3252,5.709921
339.335,5.666469
339.3448,5.625544
339.3546,5.586936
339.3645,5.550092
339.3743,5.515587
339.3841,5.482887
339.3939,5.451856
339.4038,5.422076
339.4136,5.394037
339.4234,5.36733
339.4332,5.341862
339.4431,5.317309
339.4529,5.294087
339.4627,5.271876
339.4725,5.250609
339.4824,5.230026
339.4922,5.210487
339.5118,5.173712
339.5315,5.139551
339.5511,5.108047
339.5708,5.078617
339.5904,5.051334
339.6101,5.02572
339.6297,5.001865
339.6494,4.979374
339.669,4.958342
339.6887,4.938437
339.7083,4.919757
339.728,4.902017
339.7476,4.885317
339.7673,4.869409
339.7869,4.854389
339.8066,4.840044
339.8262,4.826465
339.8655,4.801128
339.9048,4.778035
339.9441,4.7569
339.9834,4.737486
340.0227,4.719591
340.062,4.703044
340.1013,4.687697
340.1406,4.673426
340.1799,4.66012
340.2192,4.647686
340.2585,4.63604
340.2977,4.625137
340.337,4.614857
340.3763,4.605173
340.4549,4.587395
340.5335,4.571462
340.6121,4.557102
340.6907,4.544092
340.7693,4.532251
340.8479,4.521428
340.9265,4.511497
341.0051,4.502352
341.0837,4.493903
341.1623,4.486073
341.2409,4.478798
341.3195,4.472019
341.3981,4.465688
341.5552,4.454209
341.7124,4.444062
341.8696,4.435033
342.0268,4.426946
342.184,4.419661
342.3412,4.413063
342.4984,4.407061
342.6556,4.401576
342.8127,4.396546
342.9699,4.391913
343.1271,4.387633
343.2843,4.383666
343.4415,4.379981
343.5987,4.376547
343.7559,4.373339
344.0702,4.367521
344.3846,4.362377
344.699,4.357799
345.0134,4.353695
345.3277,4.349998
345.6421,4.346646
345.9565,4.343594
346.2709,4.340803
346.5852,4.338241
346.8996,4.335879
347.214,4.333694
347.5284,4.331668
347.8427,4.329783
348.1571,4.328025
348.4715,4.32638
349.1002,4.32339
349.729,4.32074
350.3577,4.318375
350.9865,4.316248
351.6152,4.314325
352.244,4.312575
352.8727,4.310977
353.5015,4.309509
354.1302,4.308157
354.759,4.306905
355.3877,4.305742
356.0165,4.304659
356.6452,4.303647
357.274,4.302698
357.9027,4.301807
359.1602,4.300175
360.4177,4.298714
361.6752,4.297397
362.9327,4.2962
364.1902,4.295105
365.4477,4.294098
366.7052,4.293168
367.9627,4.292304
369.2202,4.291498
370.4777,4.290743
371.7352,4.290033
372.9927,4.289364
374.2502,4.288732
376.7652,4.28756
379.2802,4.286496
381.7952,4.285519
384.3102,4.284617
386.8252,4.283777
389.3402,4.282991
391.8552,4.282251
394.3702,4.281552
396.8852,4.280888
399.4002,4.280255
401.9152,4.27965
404.4302,4.27907
406.9452,4.278512
409.4602,4.277974
411.9752,4.277455
414.4902,4.276952
419.5201,4.27599
424.5501,4.27508
429.5801,4.274213
434.6101,4.273385
439.6401,4.272589
444.6701,4.271823
449.7001,4.271083
454.7301,4.270367
459.7601,4.269671
464.7901,4.268994
469.8201,4.268335
474.8501,4.267691
479.8801,4.267062
489.9401,4.265843
500.0,4.264669
507.821,4.263784
515.6419,4.26292
523.4628,4.262075
531.2837,4.261247
539.1046,4.260434
546.9255,4.259635
554.7464,4.258847
562.5673,4.258071
578.2091,4.256544
593.8509,4.255044
609.4927,4.253562
625.1345,4.252088
640.7764,4.250614
656.4182,4.24913
672.06,4.247625
679.8809,4.246861
687.7018,4.246088
695.5227,4.245303
703.3436,4.244505
711.1645,4.243692
718.9854,4.242862
726.8063,4.242013
734.6272,4.241141
742.4481,4.240244
750.269,4.23932
758.09,4.238363
765.9109,4.237371
773.7318,4.236339
781.5527,4.235261
789.3736,4.234133
797.1945,4.232947
805.0154,4.231695
812.8363,4.230369
816.7468,4.229675
820.6572,4.228958
824.5677,4.228217
828.4781,4.22745
832.3886,4.226655
836.299,4.22583
840.2095,4.224973
844.1199,4.224081
848.0304,4.223152
851.9408,4.222181
855.8513,4.221167
859.7617,4.220105
863.6722,4.218991
867.5826,4.21782
871.4931,4.216587
875.4035,4.215286
879.314,4.213911
883.2245,4.212454
887.135,4.210907
891.0454,4.209259
894.9559,4.207499
898.8663,4.205615
902.7768,4.203591
906.6872,4.20141
908.6425,4.200255
910.5977,4.199052
912.5529,4.197799
914.5081,4.196492
916.4634,4.195127
918.4186,4.193701
920.3738,4.192208
922.329,4.190644
924.2843,4.189004
926.2395,4.187281
928.1947,4.185468
930.1499,4.183559
932.1052,4.181545
934.0604,4.179416
936.0156,4.177163
937.9708,4.174773
939.9261,4.172234
941.8813,4.16953
943.8365,4.166646
945.7917,4.16356
947.747,4.160252
949.7022,4.156696
951.6574,4.152861
953.6126,4.148715
955.5679,4.144215
956.5455,4.141818
957.5231,4.139315
958.5007,4.136697
959.4783,4.133958
960.4559,4.131087
961.4335,4.128075
962.4112,4.124911
963.3888,4.121584
964.3664,4.118081
965.344,4.114386
966.3216,4.110484
967.2992,4.106356
968.2768,4.101983
969.2544,4.097341
970.2321,4.092404
971.2097,4.087144
972.1873,4.081528
973.1649,4.075518
974.1425,4.069071
975.1201,4.062136
976.0977,4.054657
977.0753,4.046566
978.053,4.037784
978.5418,4.033107
979.0306,4.02822
979.5194,4.023111
980.0082,4.017764
980.497,4.012161
980.9858,4.006283
981.4746,4.00011
981.9634,3.99362
982.4522,3.986785
982.941,3.97958
983.4298,3.971972
983.9186,3.963927
984.4074,3.955406
984.8962,3.946365
985.3851,3.936754
985.8739,3.92652
986.3627,3.915599
986.8515,3.903918
987.3403,3.891398
987.8291,3.877942
988.3179,3.863441
988.8067,3.847771
989.2955,3.830782
989.7843,3.812302
990.0287,3.802439
990.2731,3.792124
990.5175,3.781324
990.7619,3.770004
991.0063,3.758126
991.2507,3.745647
991.4951,3.732521
991.7395,3.718696
991.9839,3.704115
992.2283,3.688715
992.4727,3.672423
992.7171,3.65516
992.9616,3.636831
993.206,3.617348
993.4504,3.596591
993.6948,3.574431
993.9392,3.550722
994.1836,3.525295
994.428,3.497957
994.6724,3.468484
994.9168,3.436619
995.1612,3.402057
995.4056,3.364443
995.5278,3.344363
995.65,3.323356
995.7722,3.301358
995.8944,3.278295
996.0166,3.254091
996.1388,3.228657
996.261,3.2019
996.3832,3.173713
996.5054,3.14398
996.6276,3.112571
996.7498,3.079342
996.872,3.04413
996.9942,3.006757
997.1164,2.967017
997.2386,2.924682
997.3608,2.879494
997.483,2.831158
997.6052,2.779339
997.7274,2.723655
997.8496,2.663666
997.9718,2.598866
998.094,2.528669
998.2162,2.452395
998.2773,2.411736
998.3384,2.36925
998.3995,2.324818
998.4606,2.278307
998.5217,2.229578
998.5828,2.178476
998.6439,2.124837
998.705,2.068479
998.7661,2.009208
998.8272,1.946813
998.8883,1.881066
998.9494,1.811723
999.0105,1.738522
999.0716,1.661183
999.1327,1.579413
999.1938,1.49291
999.2244,1.447713
999.2549,1.401367
999.2855,1.353531
999.316,1.304485
999.3466,1.253873
999.3771,1.201997
999.4077,1.148494
999.4382,1.093696
999.4688,1.037236
999.4993,0.9794863
999.5299,0.9200879
999.5604,0.8594677
999.591,0.7972927
999.6215,0.7340662
999.6521,0.6695131
999.6826,0.6042486
999.7132,0.5381085
999.7437,0.4718778
999.7742,0.4058093
999.7895,0.3729151
999.8047,0.3405217
999.82,0.3083118
999.8353,0.2766254
999.8506,0.2456068
999.8658,0.215616
999.8811,0.1864476
999.8964,0.1585208
999.9117,0.1320875
999.9269,0.1075924
999.9422,0.08504586
999.9575,0.06500155
999.9728,0.04790627
999.9804,0.04066787
999.988,0.03435441
999.996,0.02879183
1000.004,0.02443482
1000.012,0.02138748
1000.019,0.01988385
1000.023,0.01954468
1000.027,0.01960368
1000.034,0.02071581
1000.038,0.0219583
1000.042,0.02366552
1000.049,0.02783075
1000.057,0.03455069
1000.065,0.04353358
1000.073,0.05497509
1000.08,0.06717047
1000.088,0.083812
1000.096,0.1035792
1000.104,0.1267468
1000.111,0.1500434
1000.119,0.180419
1000.127,0.2151383
1000.135,0.2545927
1000.142,0.2933365
1000.15,0.3428616
1000.157,0.3911737
1000.165,0.4525825
1000.172,0.5122011
1000.18,0.5876735
1000.188,0.6716902
1000.196,0.7650795
1000.203,0.8552037
1000.211,0.9687245
1000.218,1.078106
1000.226,1.215717
1000.233,1.348192
1000.241,1.514758
1000.249,1.699143
1000.257,1.903261
1000.264,2.099742
1000.272,2.346891
1000.279,2.584956
1000.287,2.884687
1000.294,3.173726
1000.302,3.538129
1000.306,3.73524
1000.31,3.943082
1000.314,4.162299
1000.318,4.393584
1000.325,4.829622
1000.329,5.098069
1000.333,5.381647
1000.337,5.681321
1000.34,5.917262
1000.344,6.24765
1000.348,6.597182
1000.352,6.967132
1000.355,7.258815
1000.359,7.667863
1000.363,8.101371
1000.367,8.561037
1000.371,9.048698
1000.375,9.566344
1000.379,10.11613
1000.383,10.7004
1000.386,11.16276
1000.39,11.81363
1000.394,12.50653
1000.398,13.24466
1000.401,13.83003
1000.405,14.65593
1000.409,15.53747
1000.413,16.47912
1000.416,17.22771
1000.42,18.28656
1000.424,19.42009
1000.428,20.63459
1000.432,21.93697
1000.436,23.33482
1000.44,24.8365
1000.444,26.45122
1000.447,27.74252
1000.451,29.58013
1000.455,31.56131
1000.459,33.69939
1000.462,35.41471
1000.466,37.86375
1000.47,40.51405
1000.474,43.38505
1000.477,45.69598
1000.481,49.00626
1000.485,52.60189
1000.489,56.51107
1000.493,60.76488
1000.497,65.39745
1000.501,70.44612
1000.505,75.95161
1000.508,80.40693
1000.512,86.82003
1000.516,93.81913
1000.52,101.4567
1000.523,107.6366
1000.527,116.5229
1000.531,126.1978
1000.535,136.7129
1000.538,145.178
1000.542,157.2656
1000.546,170.2882
1000.55,184.2469
1000.554,199.1127
1000.558,214.8177
1000.562,231.2442
1000.569,261.1568
1000.573,278.4504
1000.577,295.4458
1000.581,311.7125
1000.585,326.7765
1000.589,340.1493
1000.593,351.3656
1000.595,356.0362
1000.597,360.025
1000.6,364.6587
1000.602,366.8152
1000.604,368.2113
1000.606,368.8455
1000.608,368.7256
1000.612,366.2988
1000.616,361.1599
1000.62,353.64
1000.624,344.1349
1000.628,333.0685
1000.631,323.9966
1000.639,297.8837
1000.647,270.9454
1000.651,257.7471
1000.655,244.9358
1000.659,232.6121
1000.662,223.7302
1000.666,212.4019
1000.67,201.68
1000.674,191.5687
1000.678,182.0595
1000.682,173.1348
1000.686,164.7711
1000.69,156.9409
1000.693,151.4005
1000.697,144.4321
1000.701,137.9144
1000.705,131.8173
1000.708,127.5032
1000.712,122.0736
1000.716,116.9885
1000.72,112.223
1000.723,108.8445
1000.727,104.5831
1000.731,100.5811
1000.735,96.8196
1000.739,93.28091
1000.743,89.94892
1000.747,86.8087
1000.751,83.84652
1000.754,81.73408
1000.758,79.05366
1000.762,76.5189
1000.769,72.40373
1000.773,70.21999
1000.777,68.14808
1000.784,64.76942
1000.788,62.96861
1000.792,61.25471
1000.8,58.06611
1000.808,55.16448
1000.815,52.83444
1000.823,50.38406
1000.83,48.40683
1000.838,46.31787
1000.845,44.62477
1000.853,42.82843
1000.861,41.16556
1000.869,39.62293
1000.876,38.36259
1000.884,37.01516
1000.891,35.91057
1000.899,34.72582
1000.906,33.75157
1000.914,32.70353
1000.922,31.71955
1000.93,30.79432
1000.937,30.02916
1000.945,29.20158
1000.952,28.51551
1000.96,27.77176
1000.967,27.15381
1000.975,26.48245
1000.983,25.84571
1000.991,25.24113
1000.998,24.73673
1001.013,23.72672
1001.028,22.80368
1001.044,21.90346
1001.059,21.12941
1001.074,20.41541
1001.089,19.75505
1001.105,19.10353
1001.12,18.53722
1001.135,18.00965
1001.15,17.51715
1001.166,17.02683
1001.181,16.59696
1001.196,16.19335
1001.211,15.81376
1001.227,15.43309
1001.242,15.09702
1001.257,14.77948
1001.272,14.47902
1001.288,14.1759
1001.303,13.90678
1001.318,13.65114
1001.333,13.40805
1001.349,13.16158
1001.364,12.94171
1001.379,12.73194
1001.394,12.53162
1001.41,12.32766
1001.425,12.14498
1001.455,11.80238
1001.486,11.47709
1001.516,11.18695
1001.547,10.9098
1001.577,10.66119
1001.608,10.42244
1001.638,10.20721
1001.669,9.999563
1001.699,9.811547
1001.73,9.629401
1001.76,9.463837
1001.791,9.302852
1001.821,9.156013
1001.852,9.012766
1001.882,8.881697
1001.913,8.753456
1001.943,8.635787
1001.974,8.520347
1002.004,8.414152
1002.035,8.309716
1002.065,8.213419
1002.096,8.118506
1002.126,8.030805
1002.157,7.944186
1002.187,7.863993
1002.248,7.711043
1002.309,7.570317
1002.37,7.440422
1002.431,7.320168
1002.492,7.208531
1002.553,7.104627
1002.614,7.007686
1002.675,6.917037
1002.736,6.832093
1002.797,6.752337
1002.858,6.677311
1002.919,6.606609
1002.98,6.539871
1003.041,6.476776
1003.102,6.417035
1003.163,6.36039
1003.224,6.306607
1003.285,6.255477
1003.346,6.206808
1003.407,6.160429
1003.468,6.116183
1003.529,6.073926
1003.59,6.033529
1003.712,5.957844
1003.834,5.888286
1003.956,5.824143
1004.078,5.76481
1004.2,5.709768
1004.322,5.658568
1004.444,5.610823
1004.566,5.566197
1004.688,5.524394
1004.81,5.485156
1004.932,5.448253
1005.054,5.413485
1005.176,5.380672
1005.298,5.349654
1005.42,5.320287
1005.542,5.292444
1005.664,5.26601
1005.786,5.240879
1005.908,5.216959
1006.03,5.194164
1006.152,5.172417
1006.274,5.151647
1006.396,5.13179
1006.518,5.112787
1006.762,5.077132
1007.006,5.044303
1007.25,5.013976
1007.494,4.985876
1007.738,4.959767
1007.982,4.935445
1008.226,4.912732
1008.47,4.891475
1008.714,4.871537
1008.958,4.852799
1009.202,4.835157
1009.446,4.818517
1009.69,4.802796
1009.934,4.78792
1010.178,4.773823
1010.422,4.760445
1010.666,4.747732
1010.91,4.735637
1011.154,4.724115
1011.398,4.713126
1011.642,4.702634
1011.886,4.692607
1012.374,4.673826
1012.862,4.656573
1013.35,4.640667
1013.838,4.625957
1014.326,4.612313
1014.814,4.599623
1015.302,4.58779
1015.79,4.57673
1016.277,4.566391
1016.765,4.556665
1017.253,4.547517
1017.741,4.538898
1018.229,4.530764
1018.717,4.523073
1019.205,4.515791
1019.693,4.508886
1020.181,4.50233
1020.669,4.496096
1021.157,4.490161
1021.645,4.484505
1022.133,4.479108
1022.621,4.473952
1023.109,4.469023
1024.085,4.459784
1025.061,4.451288
1026.037,4.44345
1027.013,4.436196
1027.989,4.429462
1028.965,4.423194
1029.941,4.417346
1030.917,4.411876
1031.892,4.406754
1032.868,4.401939
1033.844,4.397406
1034.82,4.393134
1035.796,4.389098
1036.772,4.385281
1037.748,4.381665
1038.724,4.378234
1039.7,4.374975
1040.676,4.371874
1041.652,4.368921
1042.628,4.366104
1043.604,4.363415
1044.58,4.360846
1045.556,4.358387
1047.507,4.353779
1049.459,4.349535
1051.411,4.345615
1053.363,4.341984
1055.314,4.338611
1057.266,4.335468
1059.218,4.332531
1061.17,4.329783
1063.121,4.327205
1065.073,4.32478
1067.025,4.322495
1068.977,4.320339
1070.929,4.318301
1072.881,4.316371
1074.833,4.314541
1076.785,4.312803
1078.736,4.31115
1080.688,4.309576
1082.64,4.308075
1084.592,4.306641
1086.544,4.305272
1090.448,4.302706
1094.351,4.300349
1098.255,4.298173
1102.159,4.296159
1106.063,4.294289
1109.966,4.292548
1113.87,4.290921
1117.773,4.289398
1121.677,4.287968
1125.58,4.286623
1129.484,4.285355
1133.388,4.284158
1137.292,4.283024
1141.195,4.28195
1145.099,4.28093
1149.003,4.27996
1152.907,4.279036
1156.81,4.278155
1160.714,4.277314
1164.618,4.276509
1168.522,4.275739
1172.425,4.275001
1180.232,4.273611
1188.039,4.272327
1195.847,4.271135
1203.654,4.270025
1211.461,4.268988
1219.268,4.268016
1227.076,4.267102
1234.883,4.266242
1242.69,4.265429
1250.497,4.26466
1258.305,4.263931
1266.112,4.263238
1273.92,4.262578
1281.727,4.261948
1289.535,4.261347
1297.342,4.260772
1305.149,4.26022
1312.956,4.259692
1320.764,4.259184
1328.571,4.258695
1344.185,4.257771
1359.8,4.25691
1375.414,4.256105
1391.029,4.25535
1406.644,4.254639
1422.259,4.253968
1437.873,4.253333
1453.488,4.25273
1469.102,4.252157
1484.717,4.25161
1500.331,4.251088
1515.946,4.250588
1531.561,4.25011
1547.176,4.24965
1562.79,4.249208
1578.405,4.248783
1594.02,4.248373
1609.635,4.247978
1625.249,4.247596
1640.864,4.247226
1656.479,4.246869
1687.708,4.246187
1718.937,4.245546
1750.166,4.244942
1781.396,4.244371
1812.625,4.243832
1843.854,4.243323
1875.083,4.242845
1906.313,4.242399
1921.928,4.242189
1937.542,4.241989
1953.157,4.2418
1968.771,4.241624
1984.386,4.241465
2000.0,4.241325
2011.615,4.241238
2023.229,4.241168
2034.844,4.241123
2046.458,4.241108
2058.073,4.241136
2069.687,4.241223
2081.302,4.241397
2087.109,4.24153
2092.916,4.241704
2098.724,4.241931
2104.531,4.242227
2110.338,4.242612
2116.145,4.24312
2121.953,4.243796
2127.76,4.244711
2130.664,4.245292
2133.567,4.245979
2136.471,4.2468
2139.374,4.247787
2142.278,4.248989
2145.182,4.250468
2148.086,4.252313
2150.989,4.25465
2152.441,4.256059
2153.893,4.257668
2155.345,4.259516
2156.796,4.26165
2158.248,4.264136
2159.7,4.267051
2161.152,4.2705
2162.603,4.274616
2164.055,4.279589
2164.781,4.282472
2165.507,4.285669
2166.233,4.289228
2166.959,4.293205
2167.685,4.297669
2168.41,4.302693
2169.136,4.308393
2169.862,4.314884
2170.588,4.322321
2171.314,4.330894
2172.04,4.340846
2172.766,4.35249
2173.492,4.36623
2173.855,4.374047
2174.217,4.382575
2174.58,4.391957
2174.943,4.402282
2175.306,4.41368
2175.669,4.426305
2176.032,4.440339
2176.395,4.455998
2176.758,4.473545
2177.121,4.493293
2177.484,4.515626
2177.847,4.541016
2178.21,4.570046
2178.573,4.603443
2178.755,4.622112
2178.936,4.642131
2179.118,4.663876
2179.299,4.687285
2179.481,4.712819
2179.662,4.740428
2179.843,4.77051
2180.024,4.80337
2180.206,4.839568
2180.387,4.879117
2180.569,4.922941
2180.75,4.971124
2180.932,5.024872
2181.113,5.084391
2181.295,5.151298
2181.476,5.226003
2181.567,5.267063
2181.658,5.310731
2181.749,5.357231
2181.839,5.406251
2181.93,5.459155
2182.021,5.515727
2182.112,5.576312
2182.202,5.64056
2182.293,5.71033
2182.384,5.785425
2182.475,5.866399
2182.565,5.952883
2182.656,6.047508
2182.747,6.150164
2182.838,6.261786
2182.928,6.382052
2183.019,6.514861
2183.11,6.660367
2183.201,6.820239
2183.291,6.994397
2183.382,7.188981
2183.473,7.404857
2183.564,7.645241
2183.609,7.774321
2183.654,7.910856
2183.7,8.058737
2183.745,8.212188
2183.791,8.378775
2183.836,8.552051
2183.882,8.740628
2183.927,8.937287
2183.972,9.147069
2184.017,9.371168
2184.063,9.616426
2184.108,9.873698
2184.154,10.15617
2184.199,10.45348
2184.245,10.78106
2184.29,11.12712
2184.335,11.50126
2184.38,11.90657
2184.426,12.35682
2184.471,12.83656
2184.517,13.37205
2184.562,13.94553
2184.608,14.58909
2184.653,15.28224
2184.698,16.04694
2184.743,16.89332
2184.789,17.85542
2184.812,18.37783
2184.834,18.90595
2184.857,19.49008
2184.88,20.10952
2184.903,20.76713
2184.925,21.43481
2184.948,22.17661
2184.971,22.967
2184.994,23.81025
2185.016,24.6707
2185.039,25.63168
2185.061,26.615
2185.084,27.71642
2185.106,28.84684
2185.129,30.11703
2185.152,31.48674
2185.175,32.96649
2185.197,34.49584
2185.22,36.22685
2185.243,38.1081
2185.266,40.15713
2185.288,42.29264
2185.311,44.73104
2185.334,47.40611
2185.357,50.34871
2185.379,53.44675
2185.402,57.02215
2185.424,60.80837
2185.436,63.04239
2185.447,65.2048
2185.469,69.89042
2185.481,72.66902
2185.492,75.36805
2185.504,78.49132
2185.515,81.53102
2185.527,85.05547
2185.538,88.49254
2185.549,92.14297
2185.56,96.02377
2185.572,100.542
2185.583,104.9667
2185.594,109.6852
2185.605,114.7222
2185.617,120.6122
2185.628,126.4056
2185.639,132.6099
2185.65,139.2611
2185.662,147.0731
2185.673,154.7905
2185.685,163.874
2185.696,172.8659
2185.708,183.4699
2185.719,193.9851
2185.73,205.3296
2185.741,217.5748
2185.753,232.0498
2185.764,246.428
2185.775,261.9522
2185.786,278.7053
2185.798,298.4779
2185.809,318.055
2185.82,339.0862
2185.831,361.6159
2185.842,385.661
2185.853,411.1993
2185.864,438.1562
2185.874,463.7744
2185.895,520.1708
2185.916,577.7562
2185.927,607.0307
2185.937,632.2755
2185.948,657.7319
2185.958,678.0265
2185.969,696.3894
2185.979,708.8254
2185.985,714.1244
2185.99,717.2283
2186.0,719.7342
2186.006,718.8353
2186.011,716.7169
2186.017,712.5646
2186.022,707.8042
2186.033,693.4319
2186.043,676.1874
2186.054,653.3831
2186.064,629.9007
2186.075,601.8868
2186.085,575.1382
2186.106,517.5468
2186.127,461.3022
2186.138,433.2951
2186.148,408.9637
2186.159,383.5644
2186.169,361.7718
2186.18,339.2457
2186.191,318.2173
2186.202,298.6423
2186.212,282.0555
2186.223,265.071
2186.234,249.3298
2186.245,234.7492
2186.255,222.4319
2186.266,209.8397
2186.277,198.1751
2186.288,187.365
2186.298,178.2213
2186.309,168.8561
2186.32,160.1592
2186.331,152.0758
2186.341,145.2174
2186.352,138.1694
2186.363,131.6002
2186.374,125.4711
2186.384,120.2512
2186.395,114.8665
2186.406,109.8274
2186.417,105.1068
2186.427,101.071
2186.438,96.89174
2186.449,92.96507
2186.46,89.27205
2186.47,86.10294
2186.481,82.80923
2186.492,79.70287
2186.503,76.77051
2186.513,74.24539
2186.524,71.61204
2186.535,69.1198
2186.556,64.71974
2186.578,60.56077
2186.599,56.96859
2186.621,53.55338
2186.642,50.58711
2186.664,47.75197
2186.685,45.27701
2186.707,42.90001
2186.728,40.81538
2186.75,38.80444
2186.771,37.03342
2186.793,35.31813
2186.814,33.80167
2186.835,32.39215
2186.856,31.07988
2186.878,29.80003
2186.899,28.66096
2186.921,27.54658
2186.942,26.55181
2186.964,25.57583
2186.985,24.70221
2187.007,23.84282
2187.028,23.07161
2187.05,22.3111
2187.071,21.62702
2187.093,20.9509
2187.114,20.3414
2187.136,19.73772
2187.157,19.1924
2187.2,18.16145
2187.243,17.233
2187.286,16.39398
2187.329,15.63332
2187.372,14.9416
2187.415,14.31078
2187.458,13.73393
2187.501,13.20509
2187.543,12.72995
2187.586,12.28148
2187.629,11.86753
2187.672,11.48466
2187.715,11.12984
2187.758,10.80041
2187.801,10.494
2187.844,10.20853
2187.887,9.942139
2187.93,9.69316
2187.973,9.460115
2188.016,9.241675
2188.059,9.036647
2188.102,8.843957
2188.145,8.662636
2188.188,8.49181
2188.23,8.334326
2188.273,8.181979
2188.316,8.037974
2188.402,7.77265
2188.488,7.534173
2188.574,7.319045
2188.66,7.124316
2188.746,6.947489
2188.832,6.786436
2188.917,6.640973
2189.003,6.506127
2189.089,6.38233
2189.175,6.26841
2189.261,6.163343
2189.347,6.066235
2189.433,5.976303
2189.519,5.892857
2189.604,5.816158
2189.69,5.743867
2189.776,5.67644
2189.862,5.613451
2189.948,5.554519
2190.034,5.499302
2190.12,5.447496
2190.206,5.398823
2190.291,5.353554
2190.463,5.269712
2190.635,5.195
2190.807,5.12814
2190.978,5.0684
2191.15,5.014196
2191.322,4.965147
2191.494,4.92062
2191.665,4.880299
2191.837,4.843255
2192.009,4.809337
2192.181,4.778203
2192.352,4.749717
2192.524,4.723287
2192.696,4.698862
2192.868,4.676245
2193.039,4.655377
2193.211,4.635863
2193.383,4.617693
2193.726,4.585004
2194.07,4.556304
2194.413,4.531111
2194.757,4.50875
2195.1,4.488923
2195.444,4.471162
2195.787,4.455278
2196.131,4.440935
2196.474,4.428013
2196.818,4.416263
2197.161,4.405609
2197.505,4.395862
2197.848,4.386974
2198.192,4.3788
2198.535,4.371307
2199.222,4.358008
2199.909,4.346622
2200.596,4.336798
2201.283,4.328263
2201.97,4.3208
2202.657,4.314236
2203.344,4.308431
2204.031,4.303274
2204.718,4.29867
2205.405,4.294543
2206.092,4.290829
2206.779,4.287474
2208.153,4.28167
2209.527,4.276844
2210.901,4.272787
2212.275,4.269344
2213.649,4.266395
2215.023,4.26385
2216.397,4.261638
2217.771,4.259702
2219.145,4.257998
2220.519,4.25649
2221.893,4.255148
2224.641,4.252873
2227.389,4.251026
2230.136,4.249505
2232.884,4.248235
2235.632,4.247163
2238.38,4.246249
2241.128,4.245462
2243.876,4.244779
2246.624,4.244181
2252.119,4.243189
2257.615,4.2424
2263.111,4.24176
2268.607,4.24123
2274.102,4.240784
2279.598,4.240404
2285.094,4.240076
2296.085,4.239534
2307.077,4.239102
2318.068,4.238746
2329.06,4.238444
2340.051,4.238182
2351.043,4.23795
2362.034,4.237741
2373.026,4.23755
2384.017,4.237373
2406.0,4.237053
2427.983,4.236765
2449.966,4.236501
2471.949,4.236254
2493.932,4.23602
2515.915,4.235798
2537.898,4.235584
2581.865,4.235178
2625.831,4.234795
2669.797,4.23443
2713.763,4.234079
2757.729,4.233741
2801.695,4.233414
2845.661,4.233097
2889.627,4.232789
2933.594,4.23249
2977.56,4.232198
3065.492,4.231634
3153.424,4.231096
3241.356,4.230579
3329.289,4.230081
3417.221,4.229602
3505.153,4.229138
3593.085,4.228689
3681.018,4.228254
3768.95,4.22783
3856.882,4.227418
3944.814,4.227016
4032.747,4.226624
4120.679,4.226241
4208.611,4.225867
4296.543,4.2255
4384.476,4.22514
4472.408,4.224787
4560.34,4.22444
4648.272,4.224099
4824.136,4.223433
5000.0,4.222787
5164.346,4.222197
5246.519,4.221908
5328.691,4.221621
5410.864,4.221337
5493.036,4.221055
5575.209,4.220776
5657.381,4.220498
5698.468,4.22036
5739.554,4.220223
5780.64,4.220086
5821.726,4.21995
5862.813,4.219815
5903.899,4.219682
5944.985,4.219551
5965.528,4.219486
5986.071,4.219423
6006.615,4.219362
6027.158,4.219303
6047.701,4.219247
6068.244,4.219196
6088.787,4.219152
6109.33,4.219118
6129.873,4.219099
6140.145,4.219099
6150.416,4.219106
6160.688,4.219124
6170.96,4.219155
6181.232,4.219206
6191.503,4.219281
6201.775,4.219394
6212.046,4.219559
6222.318,4.219802
6227.454,4.219967
6232.589,4.220169
6237.725,4.220421
6242.861,4.220739
6247.997,4.221142
6253.132,4.221663
6258.268,4.222347
6263.404,4.223265
6268.54,4.224529
6271.108,4.225345
6273.675,4.226326
6276.243,4.22752
6278.811,4.22899
6281.379,4.230824
6283.947,4.233152
6286.515,4.23616
6289.083,4.240139
6291.651,4.245542
6292.935,4.248996
6294.218,4.253122
6295.502,4.258112
6296.786,4.264216
6298.07,4.271788
6299.354,4.281334
6300.638,4.293596
6301.28,4.301076
6301.922,4.309699
6302.564,4.319709
6303.206,4.331418
6303.848,4.345229
6304.49,4.361675
6305.132,4.381466
6305.774,4.405569
6306.416,4.435326
6306.737,4.45289
6307.058,4.472642
6307.379,4.494958
6307.7,4.5203
6308.021,4.549237
6308.342,4.582481
6308.663,4.620928
6308.984,4.665717
6309.305,4.718319
6309.626,4.780653
6309.947,4.85527
6310.108,4.898354
6310.268,4.945606
6310.429,4.998254
6310.589,5.056392
6310.75,5.121645
6310.91,5.194272
6311.071,5.276483
6311.231,5.368823
6311.392,5.474388
6311.552,5.594243
6311.713,5.732878
6311.873,5.892308
6312.034,6.079334
6312.114,6.184047
6312.194,6.297781
6312.275,6.423215
6312.355,6.55849
6312.435,6.706505
6312.515,6.868904
6312.596,7.049949
6312.676,7.247443
6312.756,7.466164
6312.836,7.70925
6312.917,7.984024
6312.997,8.28823
6313.077,8.630489
6313.157,9.017379
6313.238,9.462816
6313.278,9.705783
6313.318,9.965859
6313.358,10.24468
6313.398,10.54406
6313.438,10.86608
6313.478,11.21304
6313.519,11.5973
6313.559,12.00316
6313.599,12.44301
6313.639,12.92071
6313.679,13.44069
6313.719,14.008
6313.759,14.62851
6313.799,15.30897
6313.84,16.07689
6313.88,16.90417
6313.92,17.81945
6313.96,18.8354
6314.0,19.96703
6314.02,20.58166
6314.04,21.23216
6314.06,21.9213
6314.08,22.65213
6314.1,23.42798
6314.12,24.25253
6314.141,25.17515
6314.161,26.11263
6314.181,27.11251
6314.201,28.18024
6314.221,29.3219
6314.241,30.5442
6314.261,31.85464
6314.281,33.26151
6314.301,34.77411
6314.321,36.40277
6314.341,38.15909
6314.361,40.05601
6314.381,42.10807
6314.401,44.33158
6314.421,46.74489
6314.441,49.36861
6314.461,52.22596
6314.481,55.34309
6314.501,58.74942
6314.521,62.47807
6314.541,66.56627
6314.561,71.05572
6314.581,75.99305
6314.601,81.43008
6314.621,87.42396
6314.641,94.03713
6314.661,101.3367
6314.681,109.3934
6314.701,118.2793
6314.721,128.0641
6314.741,138.8098
6314.761,150.5622
6314.776,160.0493
6314.791,170.1058
6314.806,180.7055
6314.821,191.7983
6314.851,215.1087
6314.881,238.9405
6314.896,250.5209
6314.911,261.5078
6314.926,271.5818
6314.941,280.4078
6314.956,287.6574
6314.971,293.0357
6314.986,296.3086
6315.0,297.3311
6315.015,296.2016
6315.03,292.8239
6315.045,287.3523
6315.06,280.0249
6315.075,271.1393
6315.09,261.0247
6315.105,250.0155
6315.12,238.4294
6315.15,214.6259
6315.18,191.3784
6315.195,180.3238
6315.21,169.7642
6315.225,159.7483
6315.239,150.913
6315.254,142.0033
6315.268,134.202
6315.283,126.3802
6315.297,119.5618
6315.312,112.7476
6315.326,106.8214
6315.341,100.908
6315.355,95.76972
6315.37,90.64424
6315.384,86.19013
6315.399,81.74506
6315.413,77.87927
6315.428,74.01741
6315.442,70.65477
6315.456,67.50791
6315.47,64.56087
6315.485,61.6083
6315.499,59.02944
6315.514,56.44131
6315.528,54.1768
6315.543,51.9001
6315.557,49.9045
6315.572,47.89455
6315.586,46.12959
6315.601,44.34875
6315.615,42.7822
6315.63,41.19877
6315.644,39.80345
6315.659,38.39069
6315.673,37.14366
6315.701,34.83872
6315.73,32.68925
6315.759,30.75163
6315.788,28.99978
6315.817,27.4114
6315.846,25.96734
6315.875,24.65106
6315.904,23.44828
6315.932,22.38304
6315.961,21.36873
6315.99,20.43563
6316.019,19.57544
6316.047,18.80728
6316.076,18.07004
6316.105,17.38657
6316.134,16.75183
6316.162,16.18104
6316.191,15.62955
6316.22,15.11495
6316.249,14.63405
6316.278,14.184
6316.307,13.76225
6316.336,13.3665
6316.393,12.65662
6316.451,12.01531
6316.509,11.44402
6316.567,10.93298
6316.624,10.48157
6316.682,10.06723
6316.74,9.692551
6316.798,9.35265
6316.855,9.048467
6316.913,8.765821
6316.97,8.511505
6317.028,8.273987
6317.085,8.059242
6317.143,7.857763
6317.201,7.671726
6317.259,7.499595
6317.316,7.342674
6317.432,7.056226
6317.547,6.809475
6317.663,6.591844
6317.778,6.402116
6317.893,6.234306
6318.008,6.085166
6318.124,5.950935
6318.239,5.831703
6318.354,5.72441
6318.469,5.627512
6318.585,5.538984
6318.7,5.459239
6318.815,5.386538
6318.93,5.320074
6319.161,5.202708
6319.392,5.103237
6319.623,5.018198
6319.853,4.94522
6320.084,4.881598
6320.314,4.82626
6320.545,4.777422
6320.775,4.734461
6321.006,4.696152
6321.237,4.661992
6321.468,4.631401
6321.698,4.604011
6322.159,4.556793
6322.62,4.517825
6323.082,4.485224
6323.543,4.457783
6324.004,4.434417
6324.465,4.414354
6324.927,4.396963
6325.388,4.381852
6325.849,4.368608
6326.31,4.356937
6327.233,4.337372
6328.155,4.321756
6329.078,4.309062
6330.0,4.298624
6330.923,4.289916
6331.845,4.28259
6332.768,4.276353
6333.69,4.271009
6335.535,4.262366
6337.38,4.255738
6339.225,4.250542
6341.07,4.246389
6342.915,4.243016
6344.76,4.240237
6346.606,4.237918
6348.451,4.235964
6352.141,4.23287
6355.831,4.230553
6359.521,4.22877
6363.211,4.227366
6366.901,4.226239
6370.591,4.225319
6374.281,4.224557
6377.972,4.223918
6381.662,4.223376
6389.042,4.22251
6396.422,4.221852
6403.802,4.221339
6411.183,4.220928
6418.563,4.220592
6425.943,4.220313
6433.323,4.220077
6440.704,4.219875
6448.084,4.2197
6462.844,4.21941
6477.605,4.219179
6492.365,4.218989
6507.126,4.218827
6521.886,4.218688
6536.647,4.218565
6551.407,4.218454
6580.928,4.218261
6610.449,4.218094
6639.97,4.217945
6669.491,4.217808
6699.012,4.21768
6728.533,4.217559
6758.054,4.217443
6787.575,4.217331
6817.096,4.217222
6846.617,4.217116
6876.138,4.217011
6905.659,4.216908
6935.18,4.216806
6964.701,4.216705
6994.222,4.216604
7023.743,4.216503
7038.504,4.216452
7053.264,4.216402
7068.025,4.216352
7082.785,4.216301
7097.546,4.216251
7112.306,4.216202
7127.067,4.216153
7141.827,4.216107
7149.208,4.216085
7156.588,4.216065
7163.968,4.216047
7171.348,4.216032
7178.729,4.216023
7186.109,4.21602
7193.489,4.21603
7197.179,4.216042
7200.869,4.21606
7204.56,4.216086
7208.25,4.216123
7211.94,4.216175
7215.63,4.216247
7219.32,4.216349
7223.01,4.216493
7226.7,4.216701
7228.545,4.21684
7230.39,4.21701
7232.236,4.217221
7234.081,4.217485
7235.926,4.21782
7237.771,4.218252
7239.616,4.218819
7241.461,4.219579
7243.306,4.220626
7244.229,4.221303
7245.151,4.222117
7246.074,4.223108
7246.996,4.224327
7247.919,4.225851
7248.841,4.227785
7249.764,4.230289
7250.686,4.233599
7251.609,4.238104
7252.07,4.240983
7252.531,4.244425
7252.993,4.248597
7253.454,4.253691
7253.915,4.260013
7254.376,4.267985
7254.838,4.278253
7255.299,4.291715
7255.76,4.309875
7256.221,4.335178
7256.452,4.351767
7256.683,4.371979
7256.914,4.396944
7257.144,4.428112
7257.375,4.468088
7257.605,4.520009
7257.836,4.589796
7257.951,4.633701
7258.066,4.685698
7258.182,4.74849
7258.297,4.823859
7258.413,4.917103
7258.528,5.032154
7258.644,5.179085
7258.759,5.367191
7258.817,5.483463
7258.874,5.615597
7258.932,5.772225
7258.989,5.952973
7259.047,6.170904
7259.105,6.432138
7259.163,6.748888
7259.22,7.130527
7259.249,7.358349
7259.278,7.613686
7259.307,7.901123
7259.335,8.214324
7259.364,8.582268
7259.393,9.002823
7259.422,9.48642
7259.45,10.02544
7259.479,10.67452
7259.508,11.43707
7259.537,12.34076
7259.566,13.4221
7259.581,14.0666
7259.595,14.72999
7259.61,15.5164
7259.624,16.33099
7259.639,17.30315
7259.653,18.31734
7259.667,19.45089
7259.681,20.72271
7259.696,22.26469
7259.71,23.90045
7259.725,25.9028
7259.739,28.04859
7259.747,29.41445
7259.754,30.70373
7259.761,32.08964
7259.768,33.58152
7259.775,35.18977
7259.782,36.92602
7259.789,38.80323
7259.796,40.83591
7259.804,43.37021
7259.811,45.79305
7259.818,48.42901
7259.825,51.30105
7259.833,54.90545
7259.84,58.37331
7259.847,62.16766
7259.854,66.32374
7259.862,71.56606
7259.869,76.63102
7259.876,82.18883
7259.883,88.28602
7259.89,94.96939
7259.897,102.2837
7259.904,110.2682
7259.911,118.9514
7259.917,126.9593
7259.923,135.4809
7259.929,144.4883
7259.934,152.3279
7259.945,170.3699
7259.956,188.7621
7259.962,198.4777
7259.967,206.1493
7259.973,214.5753
7259.978,220.7258
7259.984,226.7856
7259.989,230.541
7259.992,232.1682
7259.995,233.2985
7260.0,234.0407
7260.003,233.7913
7260.006,233.0236
7260.009,231.7481
7260.012,229.9818
7260.018,225.0745
7260.023,219.7338
7260.029,212.0796
7260.034,204.8822
7260.04,195.5427
7260.045,187.3818
7260.056,169.0064
7260.067,151.066
7260.073,141.7696
7260.078,134.3646
7260.084,125.9299
7260.089,119.2934
7260.095,111.8068
7260.1,105.9616
7260.105,100.4649
7260.11,95.30436
7260.116,89.53477
7260.121,85.0603
7260.126,80.871
7260.131,76.9498
7260.137,72.57454
7260.142,69.18449
7260.147,66.01048
7260.152,63.03765
7260.158,59.71617
7260.163,57.13784
7260.168,54.71885
7260.173,52.44789
7260.179,49.90338
7260.184,47.92212
7260.194,44.30236
7260.205,40.78646
7260.215,37.95538
7260.226,35.18685
7260.236,32.94247
7260.247,30.73315
7260.257,28.9305
7260.268,27.14492
7260.278,25.6792
7260.289,24.21893
7260.299,23.01352
7260.31,21.80618
7260.32,20.80444
7260.331,19.79617
7260.341,18.95565
7260.362,17.39439
7260.383,16.06502
7260.404,14.92448
7260.424,13.98296
7260.445,13.12061
7260.466,12.36659
7260.487,11.70366
7260.508,11.11786
7260.529,10.59778
7260.55,10.13401
7260.571,9.718764
7260.591,9.362456
7260.633,8.718105
7260.675,8.187311
7260.717,7.744985
7260.758,7.380742
7260.8,7.063097
7260.842,6.790991
7260.884,6.556138
7260.926,6.352047
7260.968,6.173581
7261.01,6.016628
7261.093,5.75737
7261.177,5.54825
7261.26,5.380933
7261.344,5.241887
7261.427,5.127698
7261.511,5.030599
7261.595,4.948313
7261.679,4.87797
7261.762,4.818034
7261.929,4.71987
7262.096,4.644058
7262.264,4.583966
7262.431,4.53606
7262.598,4.497024
7262.765,4.46479
7263.1,4.415007
7263.434,4.379045
7263.769,4.352065
7264.103,4.33141
7264.438,4.315152
7264.772,4.302194
7265.107,4.291636
7265.441,4.282966
7265.776,4.275717
7266.11,4.269626
7266.779,4.259984
7267.448,4.252783
7268.117,4.247257
7268.786,4.242921
7269.455,4.239454
7270.124,4.236636
7270.792,4.234317
7271.461,4.232378
7272.13,4.230742
7273.468,4.228152
7274.806,4.226211
7276.144,4.224716
7277.482,4.223538
7278.82,4.222593
7280.158,4.221822
7281.495,4.221183
7282.833,4.220647
7284.171,4.220193
7286.847,4.219469
7289.523,4.218921
7292.198,4.218494
7294.874,4.218154
7297.549,4.217878
7300.225,4.217649
7302.9,4.217458
7305.576,4.217296
7308.252,4.217156
7313.603,4.216928
7318.955,4.216751
7324.306,4.216608
7329.658,4.216491
7335.009,4.216392
7340.36,4.216308
7345.711,4.216234
7351.063,4.216169
7356.414,4.216111
7367.117,4.216011
7377.82,4.215927
7388.522,4.215853
7399.225,4.215787
7409.928,4.215727
7420.631,4.215672
7431.333,4.215621
7452.739,4.215526
7474.144,4.21544
7495.55,4.215358
7516.955,4.215281
7538.361,4.215206
7559.766,4.215134
7581.172,4.215064
7602.577,4.214995
7645.388,4.214861
7688.199,4.21473
7731.01,4.214601
7773.821,4.214475
7816.632,4.21435
7859.443,4.214226
7945.065,4.213982
8030.687,4.213741
8116.309,4.213503
8201.931,4.213267
8287.553,4.213032
8373.175,4.2128
8458.797,4.212568
8630.04,4.21211
8801.284,4.211656
8972.528,4.211206
9143.772,4.21076
9315.015,4.210317
9657.503,4.209441
9999.99,4.208576
10000.01,8.006318
10625.01,7.899076
11250.01,7.799282
11875.01,7.706045
12500.0,7.618624
13125.0,7.542208
13750.0,7.470061
14375.0,7.401766
15000.0,7.336964
16000.0,7.24535
17000.0,7.160335
18500.0,7.050034
20000.0,6.949843
21250.0,6.879014
22500.0,6.812897
23750.0,6.750939
25000.0,6.692682
27500.0,6.595203
30000.0,6.507451
32500.0,6.433868
35000.0,6.366483
37500.0,6.308597
40000.0,6.254925
45000.0,6.166278
50000.0,6.088046
55000.0,6.024743
60000.0,5.967526
70000.0,5.874658
75000.0,5.836108
80000.0,5.800276
89999.95,5.739379
99999.9,5.685447
100000.1,5.66343
120000.0,5.73003
150000.0,5.86
200000.0,5.93942
300000.0,6.06402
400000.0,6.22578
500000.0,6.38362
600000.0,6.52219
700000.0,6.63533
800000.0,6.72094
853380.0,6.75517
900000.0,6.50791
1000000.0,6.34411
1100000.0,6.24047
1250000.0,6.08846
1500000.0,5.78969
1626000.0,5.62073
1744200.0,5.34048
1744241.0,5.340399
1934100.0,4.9649
1980300.0,4.86123
1980306.0,4.861219
2152700.0,4.54636
2289100.0,4.31231
2289115.0,4.312284
2319500.0,4.25922
2319542.0,4.259142
2370700.0,4.16444
2370725.0,4.164396
2426600.0,4.06628
2426643.0,4.066211
2566700.0,3.84141
2608000.0,3.7745
2673900.0,3.67356
2793800.0,3.49768
2889000.0,3.36698
3107000.0,3.10546
3107029.0,3.105429
3225800.0,2.97857
3280200.0,2.9251
3280224.0,2.925077
3339500.0,2.86804
3377800.0,2.8321
3385800.0,2.82481
3385814.0,2.824797
3500000.0,2.71759
4000000.0,2.33495
4500000.0,2.10801
5000000.0,2.00176
5500000.0,1.97207
6000000.0,1.98485
6500000.0,2.02449
7000000.0,2.07907
7355800.0,2.12298
7500000.0,2.14159
8000000.0,2.20719
8500000.0,2.27268
8601200.0,2.28575
8601204.0,2.285751
8750000.0,2.30473
9000000.0,2.3375
9250000.0,2.37138
9358100.0,2.38577
9597100.0,2.41795
9750000.0,2.43743
10000000.0,2.46796
10250000.0,2.49821
10500000.0,2.52499
10750000.0,2.54948
11000000.0,2.57156
11500000.0,2.60883
12000000.0,2.63787
12500000.0,2.66084
13000000.0,2.67601
13500000.0,2.68554
14000000.0,2.69086
14500000.0,2.6924
14600000.0,2.69235
15000000.0,2.69147
15088000.0,2.69104
15500000.0,2.68861
16000000.0,2.68448
16500000.0,2.67936
17000000.0,2.67348
17500000.0,2.667
18000000.0,2.66006
18500000.0,2.65306
19000000.0,2.64637
19500000.0,2.64079
20000000.0,2.63676
