1e-05,197365.4
1.03125e-05,197363.2
1.0625e-05,197361.1
1.09375e-05,197359.0
1.125e-05,197357.0
1.15625e-05,197355.0
1.1875e-05,197353.0
1.21875e-05,197351.1
1.25e-05,197349.2
1.28125e-05,197347.3
1.3125e-05,197345.5
1.34375e-05,197343.7
1.375e-05,197342.0
1.4375e-05,197338.6
1.5e-05,197335.3
1.5625e-05,197332.2
1.625e-05,197329.1
1.6875e-05,197326.2
1.75e-05,197323.3
1.8125e-05,197320.5
1.875e-05,197317.9
1.9375e-05,197315.3
2e-05,197312.7
2.09375e-05,197309.1
2.1875e-05,197305.6
2.28125e-05,197302.2
2.375e-05,197299.0
2.46875e-05,197295.9
2.5625e-05,197293.0
2.65625e-05,197290.1
2.75e-05,197287.4
2.84375e-05,197284.7
2.9375e-05,197282.2
3.03125e-05,197279.7
3.125e-05,197277.4
3.21875e-05,197275.1
3.3125e-05,197272.9
3.40625e-05,197270.8
3.5e-05,197268.7
3.59375e-05,197266.8
3.6875e-05,197264.9
3.78125e-05,197263.0
3.875e-05,197261.3
3.96875e-05,197259.5
4.0625e-05,197257.9
4.25e-05,197254.7
4.4375e-05,197251.8
4.625e-05,197249.1
4.8125e-05,197246.6
5e-05,197244.2
5.15625e-05,197242.4
5.3125e-05,197240.6
5.46875e-05,197239.0
5.625e-05,197237.5
5.78125e-05,197236.1
5.9375e-05,197234.7
6.09375e-05,197233.5
6.25e-05,197232.3
6.40625e-05,197231.3
6.5625e-05,197230.3
6.71875e-05,197229.4
6.875e-05,197228.5
7.1875e-05,197227.0
7.5e-05,197225.8
7.8125e-05,197224.9
8.125e-05,197224.2
8.4375e-05,197223.7
8.75e-05,197223.4
9.0625e-05,197223.4
9.375e-05,197223.5
9.6875e-05,197223.8
0.0001,197224.2
0.000103125,197224.9
0.00010625,197225.7
0.000109375,197226.6
0.0001125,197227.7
0.000115625,197228.9
0.00011875,197230.3
0.000121875,197231.7
0.000125,197233.3
0.000128125,197235.0
0.00013125,197236.9
0.000134375,197238.8
0.0001375,197240.9
0.00014375,197245.2
0.00015,197250.0
0.00015625,197255.1
0.0001625,197260.6
0.00016875,197266.4
0.000175,197272.4
0.00018125,197278.8
0.0001875,197285.4
0.00019375,197292.3
0.0002,197299.4
0.000209375,197310.5
0.00021875,197322.1
0.000228125,197334.1
0.0002375,197346.6
0.000246875,197359.5
0.00025625,197372.8
0.000265625,197386.4
0.000275,197400.3
0.000284375,197414.6
0.00029375,197429.2
0.000303125,197444.1
0.0003125,197459.2
0.000321875,197474.7
0.00033125,197490.3
0.000340625,197506.3
0.00035,197522.4
0.000359375,197538.8
0.00036875,197555.4
0.000378125,197572.2
0.0003875,197589.2
0.000396875,197606.4
0.00040625,197623.8
0.000425,197659.2
0.00044375,197695.2
0.0004625,197731.8
0.00048125,197769.0
0.0005,197806.8
0.000515625,197838.7
0.00053125,197870.9
0.000546875,197903.5
0.0005625,197936.4
0.000578125,197969.7
0.00059375,198003.2
0.000609375,198037.0
0.000625,198071.1
0.000640625,198105.4
0.00065625,198140.0
0.000671875,198174.9
0.0006875,198210.0
0.00071875,198280.8
0.00075,198352.6
0.00078125,198425.1
0.0008125,198498.5
0.00084375,198572.5
0.000875,198647.3
0.00090625,198722.7
0.0009375,198798.8
0.00096875,198875.4
0.001,198952.6
0.00103125,199030.4
0.0010625,199108.6
0.00109375,199187.4
0.001125,199266.7
0.00115625,199346.4
0.0011875,199426.6
0.00121875,199507.2
0.00125,199588.3
0.00128125,199669.7
0.0013125,199751.5
0.001375,199916.3
0.0014375,200082.5
0.0015,200250.0
0.0015625,200418.9
0.001625,200588.9
0.0016875,200760.1
0.00175,200932.4
0.0018125,201105.8
0.001875,201280.1
0.0019375,201455.5
0.002,201631.7
0.00209375,201897.8
0.0021875,202165.8
0.00228125,202435.7
0.002375,202707.3
0.00246875,202980.6
0.0025625,203255.6
0.00265625,203532.0
0.00275,203810.0
0.00284375,204089.5
0.0029375,204370.3
0.00303125,204652.6
0.003125,204936.1
0.00321875,205221.0
0.0033125,205507.1
0.00340625,205794.4
0.0035,206083.0
0.00359375,206372.7
0.0036875,206663.6
0.00378125,206955.7
0.003875,207248.8
0.0040625,207838.4
0.00425,208432.2
0.0044375,209030.1
0.004625,209632.0
0.0048125,210237.8
0.005,210847.4
0.00515625,211358.3
0.0053125,211871.8
0.00546875,212387.8
0.005625,212906.2
0.00578125,213427.1
0.0059375,213950.5
0.00609375,214476.2
0.00625,215004.4
0.0065625,216067.6
0.006875,217140.2
0.0071875,218221.9
0.0075,219312.6
0.0078125,220412.2
0.008125,221520.6
0.0084375,222637.8
0.00875,223763.7
0.0090625,224898.2
0.009375,226041.3
0.0096875,227192.9
0.01,228353.1
0.0103125,229521.7
0.010625,230698.8
0.0109375,231884.4
0.01125,233078.4
0.0115625,234280.9
0.011875,235491.7
0.0125,237938.6
0.013125,240419.2
0.01375,242933.4
0.014375,245481.2
0.015,248062.7
0.015625,250678.0
0.01625,253327.1
0.016875,256010.1
0.0175,258727.0
0.018125,261477.9
0.01875,264263.0
0.019375,267082.2
0.02,269935.5
0.0206625,272997.5
0.021325,276098.0
0.0219875,279237.0
0.02265,282414.5
0.0233125,285630.6
0.023975,288885.1
0.0253,295509.2
0.02605,299326.4
0.0268,303192.3
0.02825,310803.3
0.0297,318592.3
0.03115,326555.5
0.0326,334688.2
0.03405,342984.2
0.0355,351436.1
0.03695,360035.1
0.0384,368770.7
0.03985,377630.7
0.0413,386601.0
0.0442,404807.1
0.0471,423235.7
0.05,441698.7
0.052125,455120.9
0.05425,468340.7
0.056375,481247.7
0.0585,493723.1
0.060625,505640.7
0.06275,516869.9
0.0638125,522184.8
0.064875,527277.9
0.0659375,532132.6
0.067,536733.0
0.0680625,541063.2
0.069125,545108.2
0.0701875,548853.3
0.07125,552284.9
0.0723125,555390.1
0.073375,558157.1
0.0744375,560575.1
0.0755,562634.5
0.0765625,564327.3
0.077625,565646.4
0.0786875,566586.7
0.07975,567144.1
0.0808125,567316.4
0.081875,567102.8
0.0829375,566504.1
0.084,565522.8
0.085,564253.2
0.086,562652.5
0.087,560726.5
0.088,558481.9
0.089,555926.5
0.09,553068.9
0.091,549918.9
0.092,546486.8
0.093,542783.9
0.094,538821.9
0.095,534613.3
0.096,530170.8
0.098,520637.7
0.1,510331.2
0.1012875,503338.8
0.102575,496101.3
0.10515,481006.7
0.107725,465272.5
0.1103,449108.9
0.112875,432707.0
0.11545,416236.6
0.1167375,408022.4
0.118025,399844.5
0.1193125,391717.5
0.1206,383655.0
0.1218875,375669.0
0.123175,367770.5
0.1244625,359969.0
0.12575,352273.2
0.1270375,344690.3
0.128325,337226.7
0.1296125,329888.0
0.1309,322678.6
0.1321875,315602.3
0.133475,308662.1
0.1347625,301860.3
0.13605,295198.5
0.1373375,288677.8
0.138625,282298.9
0.1399125,276061.8
0.1412,269966.2
0.1421188,265702.5
0.1430375,261510.5
0.1439563,257389.1
0.144875,253338.6
0.1457938,249357.6
0.1467125,245446.3
0.1476313,241603.3
0.14855,237828.5
0.1494688,234120.6
0.1503875,230479.3
0.1513063,226903.2
0.152225,223392.2
0.1531438,219944.6
0.1540625,216560.3
0.1549813,213237.6
0.1559,209976.2
0.1568188,206774.7
0.1577375,203632.6
0.1586563,200548.3
0.159575,197521.6
0.1614125,191635.5
0.16325,185966.6
0.1650875,180507.2
0.166925,175249.6
0.1687625,170186.3
0.1706,165309.9
0.1724375,160613.3
0.174275,156089.3
0.1761125,151731.1
0.17795,147532.2
0.1797875,143486.1
0.181625,139586.7
0.1834625,135828.0
0.1853,132204.2
0.1871375,128709.8
0.188975,125339.6
0.1908125,122088.4
0.19265,118951.3
0.1944875,115923.7
0.196325,113001.0
0.1981625,110179.1
0.2,107453.6
0.2011719,105764.0
0.2023438,104111.1
0.2035157,102493.9
0.2046875,100911.7
0.2058594,99363.17
0.2070313,97847.67
0.2082032,96364.34
0.209375,94912.45
0.2105469,93490.97
0.2117188,92099.22
0.2128907,90736.45
0.2140625,89402.04
0.2152344,88095.03
0.2164063,86814.84
0.2175782,85560.81
0.21875,84332.36
0.2210938,81949.18
0.2234375,79660.61
0.2257813,77461.82
0.228125,75348.62
0.2304688,73316.72
0.2328125,71362.38
0.2351563,69481.76
0.2375,67671.53
0.2398438,65928.25
0.2421875,64248.95
0.2445313,62630.55
0.246875,61070.39
0.2492188,59565.72
0.2515625,58114.16
0.2539063,56713.21
0.25625,55360.77
0.2585938,54054.59
0.2609375,52792.78
0.2632813,51573.3
0.265625,50394.45
0.2679688,49254.42
0.2703125,48151.66
0.2726563,47084.53
0.275,46051.64
0.2773438,45051.51
0.2796875,44082.88
0.2820313,43144.41
0.284375,42234.97
0.2867188,41353.33
0.2890625,40498.47
0.2914063,39669.27
0.29375,38864.82
0.2960938,38084.08
0.2984375,37326.24
0.3007813,36590.36
0.303125,35875.67
0.3054688,35181.34
0.3078125,34506.66
0.3101563,33850.87
0.3125,33213.34
0.3148438,32593.35
0.3171875,31990.33
0.3195313,31403.63
0.321875,30832.73
0.3242188,30277.02
0.3265625,29736.03
0.3289063,29209.21
0.33125,28696.11
0.3335938,28196.24
0.3359375,27709.18
0.3382813,27234.48
0.340625,26771.76
0.3429688,26320.59
0.3453125,25880.64
0.3476563,25451.5
0.35,25032.86
0.3523438,24624.35
0.3546875,24225.7
0.3570313,23836.54
0.359375,23456.63
0.3617188,23085.64
0.3640625,22723.33
0.3664063,22369.41
0.36875,22023.65
0.3710938,21685.77
0.3734375,21355.57
0.3757813,21032.8
0.378125,20717.26
0.3804688,20408.71
0.3828125,20106.98
0.3851563,19811.84
0.3875,19523.13
0.3898438,19240.64
0.3921875,18964.23
0.3945313,18693.69
0.396875,18428.88
0.3992188,18169.63
0.4015625,17915.81
0.4039063,17667.23
0.40625,17423.78
0.4109375,16951.69
0.415625,16498.48
0.4203125,16063.16
0.425,15644.82
0.4296875,15242.58
0.434375,14855.63
0.4390625,14483.22
0.44375,14124.63
0.4484375,13779.2
0.453125,13446.28
0.4578125,13125.29
0.4625,12815.66
0.4671875,12516.87
0.471875,12228.42
0.4765625,11949.85
0.48125,11680.7
0.4859375,11420.56
0.490625,11169.04
0.5,10690.36
0.5078125,10314.65
0.515625,9958.464
0.5234375,9620.486
0.53125,9299.497
0.5390625,8994.379
0.546875,8704.108
0.5546875,8427.737
0.5625,8164.395
0.5703125,7913.277
0.578125,7673.641
0.59375,7226.11
0.609375,6816.878
0.625,6441.702
0.640625,6096.909
0.65625,5779.307
0.671875,5486.111
0.6875,5214.884
0.703125,4963.484
0.71875,4730.023
0.734375,4512.835
0.75,4310.44
0.765625,4121.524
0.78125,3944.914
0.796875,3779.562
0.8125,3624.531
0.828125,3478.978
0.84375,3342.144
0.859375,3213.346
0.875,3091.964
0.890625,2977.439
0.90625,2869.262
0.921875,2766.972
0.9375,2670.149
0.953125,2578.408
0.96875,2491.398
0.984375,2408.8
1.0,2330.318
1.015625,2255.683
1.03125,2184.647
1.046875,2116.98
1.0625,2052.473
1.078125,1990.931
1.09375,1932.174
1.125,1822.363
1.15625,1721.852
1.1875,1629.613
1.21875,1544.761
1.25,1466.523
1.28125,1394.225
1.3125,1327.279
1.34375,1265.166
1.375,1207.43
1.40625,1153.666
1.4375,1103.516
1.46875,1056.662
1.5,1012.818
1.53125,971.7316
1.5625,933.174
1.59375,896.9405
1.625,862.8469
1.65625,830.7267
1.6875,800.4293
1.71875,771.8184
1.75,744.7701
1.78125,719.1719
1.8125,694.9209
1.84375,671.9237
1.875,650.0945
1.90625,629.3548
1.9375,609.6327
1.96875,590.8621
2.0,572.9823
2.046875,547.7114
2.09375,524.1485
2.140625,502.1419
2.1875,481.556
2.234375,462.2699
2.28125,444.1755
2.328125,427.1755
2.375,411.1824
2.421875,396.1174
2.46875,381.9094
2.515625,368.4937
2.5625,355.812
2.609375,343.8109
2.65625,332.442
2.703125,321.6612
2.75,311.4281
2.796875,301.7057
2.84375,292.4602
2.890625,283.6605
2.9375,275.278
2.984375,267.2864
3.03125,259.6614
3.078125,252.3806
3.125,245.4233
3.21875,232.4039
3.3125,220.4662
3.40625,209.4919
3.5,199.3785
3.59375,190.0369
3.6875,181.3893
3.78125,173.3675
3.875,165.9116
3.96875,158.9686
4.0625,152.4919
4.15625,146.4397
4.25,140.7752
4.34375,135.4652
4.4375,130.4803
4.53125,125.794
4.625,121.3823
4.71875,117.2239
4.8125,113.2992
4.90625,109.5908
5.0,106.0826
5.078125,103.3017
5.15625,100.6421
5.3125,95.65886
5.46875,91.082
5.625,86.86752
5.78125,82.97726
5.9375,79.37801
6.09375,76.04076
6.25,72.94004
6.40625,70.05345
6.5625,67.36121
6.71875,64.84577
6.875,62.49158
7.03125,60.28475
7.1875,58.21288
7.34375,56.26487
7.5,54.43075
7.65625,52.70153
7.8125,51.06913
7.96875,49.52622
8.125,48.06616
8.28125,46.68294
8.4375,45.37108
8.59375,44.12558
8.75,42.9419
8.90625,41.81586
9.0625,40.74365
9.21875,39.72178
9.375,38.74702
9.53125,37.81641
9.6875,36.92724
9.84375,36.07697
10.0,35.26329
10.15625,34.48405
10.3125,33.73725
10.625,32.33373
10.9375,31.03944
11.25,29.84291
11.5625,28.73415
11.875,27.70441
12.1875,26.74605
12.5,25.85235
12.8125,25.01736
13.125,24.23582
13.4375,23.50306
13.75,22.81491
14.0625,22.16766
14.375,21.55797
14.6875,20.98285
15.0,20.43961
15.3125,19.92581
15.625,19.43925
15.9375,18.97795
16.25,18.54009
16.5625,18.12402
16.875,17.72826
17.1875,17.35141
17.5,16.99224
17.8125,16.64958
18.125,16.32239
18.4375,16.0097
18.75,15.7106
19.0625,15.42429
19.375,15.14998
19.6875,14.88699
20.0,14.63466
20.46875,14.27485
20.9375,13.93581
21.40625,13.61589
21.875,13.31358
22.34375,13.02753
22.8125,12.75653
23.28125,12.49946
23.75,12.25533
24.21875,12.02322
24.6875,11.80231
25.15625,11.59183
25.625,11.3911
26.09375,11.19948
26.5625,11.01639
27.03125,10.8413
27.5,10.67371
27.96875,10.51317
28.4375,10.35926
28.90625,10.21159
29.375,10.06981
29.84375,9.933577
30.3125,9.802594
30.78125,9.67657
31.25,9.555238
32.1875,9.325678
33.125,9.112121
34.0625,8.913003
35.0,8.726954
35.9375,8.552766
36.875,8.389374
37.8125,8.235833
38.75,8.091305
39.6875,7.95504
40.625,7.82637
41.5625,7.704692
42.5,7.589469
43.4375,7.480211
44.375,7.376481
45.3125,7.277878
46.25,7.184042
47.1875,7.094642
48.125,7.00938
49.0625,6.92798
50.0,6.850193
50.78125,6.787963
51.5625,6.727959
53.125,6.614175
54.6875,6.508013
56.25,6.408747
57.8125,6.315737
59.375,6.228422
60.9375,6.146303
62.5,6.068938
64.0625,5.995933
65.625,5.926935
67.1875,5.861628
68.75,5.79973
70.3125,5.740983
71.875,5.685156
73.4375,5.632041
75.0,5.581447
76.5625,5.533201
78.125,5.487145
79.6875,5.443137
81.25,5.401043
82.8125,5.360744
84.375,5.322128
85.9375,5.285093
87.5,5.249545
89.0625,5.215398
90.625,5.182571
92.1875,5.15099
93.75,5.120586
95.3125,5.091295
96.875,5.063057
98.4375,5.035818
100.0,5.009526
102.8125,4.964436
105.625,4.922004
108.4375,4.882004
111.25,4.844236
114.0625,4.808518
116.875,4.77469
119.6875,4.742606
122.5,4.712136
125.3125,4.683161
128.125,4.655577
130.9375,4.629284
133.75,4.604195
136.5625,4.58023
139.375,4.557315
142.1875,4.535383
145.0,4.514373
147.8125,4.494228
150.625,4.474896
153.4375,4.456328
156.25,4.438481
159.0625,4.421314
161.875,4.404789
164.6875,4.38887
167.5,4.373525
170.3125,4.358724
173.125,4.344438
175.9375,4.330641
178.75,4.317308
181.5625,4.304416
184.375,4.291945
189.9999,4.268183
190.0001,32.62358
200.0,31.9321
212.5,31.13674
225.0,30.40501
237.5,29.72868
250.0,29.10097
262.5,28.52011
275.0,27.97708
287.5,27.46786
300.0,26.989
312.5,26.54055
325.0,26.11672
337.5,25.71527
350.0,25.33427
375.0,24.63154
400.0,23.99184
425.0,23.41153
450.0,22.87727
475.0,22.38312
500.0,21.9242
525.0,21.50163
550.0,21.10632
575.0,20.73537
600.0,20.38632
625.0,20.06088
650.0,19.7531
700.0,19.18438
720.0,18.97398
752.5,18.65146
785.0,18.34771
817.5,18.06094
850.0,17.78958
887.5,17.49814
925.0,17.22325
1000.0,16.71708
1062.5,16.34116
1125.0,15.99449
1187.5,15.67333
1250.0,15.37461
1312.5,15.10216
1375.0,14.84688
1437.5,14.60698
1500.0,14.38093
1600.0,14.05133
1700.0,13.74861
1850.0,13.34545
2000.0,12.98423
2125.0,12.71821
2250.0,12.47239
2375.0,12.24424
2500.0,12.03165
2625.0,11.83975
2750.0,11.65962
3000.0,11.33004
3250.0,11.04441
3500.0,10.78639
3750.0,10.55849
4000.0,10.34966
4250.0,10.16481
4500.0,9.993554
4750.0,9.834216
5000.0,9.685402
5250.0,9.552689
5500.0,9.427844
6000.0,9.198698
6500.0,9.001764
7000.0,8.823192
7200.0,8.757931
7525.0,8.659444
7850.0,8.56616
8500.0,8.393367
8875.0,8.305577
9250.0,8.222284
10000.0,8.067637
10625.0,7.9566
11250.0,7.853312
11875.0,7.756844
12500.0,7.666421
13125.0,7.587221
13750.0,7.512467
14375.0,7.441726
15000.0,7.37462
16000.0,7.279601
17000.0,7.191459
17750.0,7.132736
18500.0,7.076894
20000.0,6.972883
21250.0,6.899121
22500.0,6.830292
23750.0,6.765817
25000.0,6.705212
26250.0,6.652865
27500.0,6.603334
28750.0,6.556349
30000.0,6.511678
32500.0,6.434631
35000.0,6.36411
37500.0,6.30332
40000.0,6.24698
42500.0,6.198697
45000.0,6.153516
47500.0,6.111082
50000.0,6.071096
55000.0,6.003972
60000.0,5.94334
65000.0,5.892087
70000.0,5.845029
72000.0,5.82788
78500.0,5.777491
85000.0,5.731498
92499.95,5.685644
99999.9,5.643692
100000.1,5.6634
106250.1,5.651196
112500.1,5.639715
125000.1,5.618612
137500.1,5.599589
150000.0,5.58228
162500.0,5.583509
175000.0,5.584648
187500.0,5.585708
200000.0,5.5867
225000.0,5.610408
250000.0,5.6317
290657.0,5.68449
290657.1,5.68449
291241.1,5.683162
291825.0,5.681838
292992.9,5.679198
295328.6,5.673953
297664.3,5.668754
300000.0,5.6636
306250.0,5.670689
312500.0,5.677644
318750.0,5.684469
325000.0,5.69117
337500.0,5.704216
350000.0,5.716815
362500.0,5.728999
375000.0,5.740794
387500.0,5.752226
400000.0,5.763316
412500.0,5.774086
425000.0,5.784553
450000.0,5.804647
475000.0,5.823719
500000.0,5.84187
515268.5,5.861859
530537.0,5.88133
531861.0,5.882777
533184.9,5.88422
535832.8,5.887097
541128.5,5.892812
546424.2,5.898477
551719.9,5.904093
562311.4,5.91518
572902.8,5.926081
583494.3,5.936801
594085.7,5.947348
604677.1,5.957726
615268.5,5.967942
636451.4,5.987907
657634.3,6.007282
678817.2,6.026102
700000.0,6.0444
725000.0,6.063991
750000.0,6.082979
775000.0,6.1014
800000.0,6.11929
825000.0,6.133139
850000.0,6.146605
875000.0,6.159709
900000.0,6.17247
925000.0,6.180387
950000.0,6.188103
975000.0,6.195627
1000000.0,6.20297
1017495.0,6.203931
1034990.0,6.204875
1052485.0,6.205804
1069980.0,6.206718
1087475.0,6.207617
1104970.0,6.208501
1122465.0,6.209372
1139960.0,6.21023
1139961.0,6.210229
1143400.0,6.20664
1146839.0,6.203065
1153716.0,6.195952
1167471.0,6.181877
1181226.0,6.167998
1194981.0,6.15431
1208736.0,6.140809
1222491.0,6.12749
1236246.0,6.114348
1250000.0,6.10138
1269820.0,6.08835
1269825.0,6.088344
1272783.0,6.084519
1275741.0,6.080705
1281656.0,6.073113
1293487.0,6.058059
1305318.0,6.04318
1317148.0,6.028472
1340812.0,5.999548
1364475.0,5.971267
1388139.0,5.9436
1411803.0,5.916526
1435467.0,5.890023
1459130.0,5.86407
1463815.0,5.85396
1468500.0,5.8439
1472438.0,5.835545
1476375.0,5.827225
1484250.0,5.810687
1500000.0,5.77801
1519250.0,5.748098
1538500.0,5.718714
1557750.0,5.689843
1577000.0,5.66147
1577004.0,5.661464
1580553.0,5.655933
1584101.0,5.650422
1591197.0,5.639453
1605390.0,5.617722
1619583.0,5.596266
1633775.0,5.575078
1647969.0,5.554151
1662163.0,5.53348
1676357.0,5.513061
1690550.0,5.49289
1694266.0,5.486673
1697982.0,5.480476
1705413.0,5.468147
1720275.0,5.44373
1735138.0,5.419629
1750000.0,5.39584
1772360.0,5.363345
1794720.0,5.33145
1799655.0,5.32399
1804590.0,5.31656
1804593.0,5.316555
1811097.0,5.30582
1817601.0,5.295145
1830608.0,5.273975
1843617.0,5.253035
1856625.0,5.232326
1882643.0,5.191577
1908660.0,5.1517
1908666.0,5.15169
1912784.0,5.145137
1916902.0,5.138605
1925138.0,5.125609
1941610.0,5.09988
1941950.0,5.09929
1947084.0,5.090278
1952218.0,5.081305
1962485.0,5.06348
1983020.0,5.02829
1987265.0,5.020338
1991510.0,5.012416
2000000.0,4.99666
2015300.0,4.9714
2030600.0,4.946458
2045900.0,4.921827
2061200.0,4.8975
2063920.0,4.8918
2069512.0,4.882476
2075103.0,4.873196
2086285.0,4.854765
2108650.0,4.8184
2113535.0,4.810256
2118420.0,4.802145
2128190.0,4.78602
2128195.0,4.78601
2135006.0,4.772712
2141816.0,4.759495
2155437.0,4.733294
2169058.0,4.7074
2182679.0,4.681809
2209923.0,4.631509
2237167.0,4.582356
2264411.0,4.53431
2291655.0,4.487334
2318899.0,4.441391
2346143.0,4.396446
2373387.0,4.352468
2400631.0,4.309424
2427875.0,4.267284
2455119.0,4.226019
2482363.0,4.185603
2509607.0,4.146008
2536851.0,4.107209
2564095.0,4.069181
2591340.0,4.031901
2618584.0,3.995349
2645828.0,3.9595
2673072.0,3.924336
2700316.0,3.889836
2727560.0,3.855981
2754804.0,3.822753
2782048.0,3.790134
2809292.0,3.758107
2836536.0,3.726656
2863780.0,3.695765
2891024.0,3.665419
2918268.0,3.635604
2945512.0,3.606304
2972756.0,3.577507
3000000.0,3.5492
3023587.0,3.521928
3047174.0,3.495076
3070761.0,3.468633
3094347.0,3.442591
3117934.0,3.416939
3141520.0,3.39167
3165107.0,3.366774
3188693.0,3.342245
3212280.0,3.318072
3235866.0,3.29425
3259453.0,3.270769
3283039.0,3.247624
3306626.0,3.224806
3330212.0,3.20231
3353799.0,3.180126
3377385.0,3.158251
3400972.0,3.136677
3424559.0,3.115397
3448146.0,3.094406
3471732.0,3.073699
3495319.0,3.053269
3518905.0,3.033112
3542492.0,3.01322
3566078.0,2.99359
3589665.0,2.974215
3613251.0,2.955092
3636838.0,2.936214
3660424.0,2.917579
3684011.0,2.89918
3707597.0,2.881013
3731184.0,2.863075
3754770.0,2.84536
3762434.0,2.839158
3770097.0,2.832982
3777761.0,2.826832
3785424.0,2.820708
3793088.0,2.814609
3800751.0,2.808536
3808415.0,2.802488
3816078.0,2.796465
3823742.0,2.790467
3831405.0,2.784495
3839069.0,2.778546
3846732.0,2.772623
3854396.0,2.766723
3862059.0,2.760849
3869722.0,2.754998
3877385.0,2.749171
3885049.0,2.743368
3892712.0,2.737588
3900376.0,2.731832
3908039.0,2.7261
3915703.0,2.72039
3923366.0,2.714704
3931030.0,2.70904
3938693.0,2.7034
3946357.0,2.697781
3954020.0,2.692186
3961684.0,2.686613
3969347.0,2.681062
3977011.0,2.675533
3984674.0,2.670027
3992337.0,2.664543
4000000.0,2.65908
4007378.0,2.655375
4014755.0,2.651682
4022132.0,2.648001
4029509.0,2.644332
4036887.0,2.640675
4044264.0,2.637029
4051641.0,2.633396
4059018.0,2.629773
4066396.0,2.626162
4073773.0,2.622563
4081150.0,2.618976
4088527.0,2.615399
4095904.0,2.611834
4103281.0,2.60828
4110658.0,2.604738
4118035.0,2.601207
4125413.0,2.597686
4132790.0,2.594176
4140167.0,2.590678
4147544.0,2.587191
4154922.0,2.583714
4162299.0,2.580248
4169676.0,2.576793
4177053.0,2.573349
4184431.0,2.569915
4191808.0,2.566493
4199185.0,2.56308
4206562.0,2.559679
4213939.0,2.556287
4221316.0,2.552906
4228693.0,2.549536
4236070.0,2.546176
4243448.0,2.542825
4250825.0,2.539485
4258202.0,2.536156
4265579.0,2.532836
4272957.0,2.529527
4280334.0,2.526227
4287711.0,2.522938
4295088.0,2.519658
4302466.0,2.516388
4309843.0,2.513129
4317220.0,2.509879
4324597.0,2.506638
4331974.0,2.503408
4339351.0,2.500187
4346728.0,2.496976
4354105.0,2.493774
4361483.0,2.490581
4368860.0,2.487399
4376237.0,2.484225
4383614.0,2.481061
4390992.0,2.477906
4398369.0,2.474761
4405746.0,2.471625
4413123.0,2.468498
4420501.0,2.46538
4427878.0,2.462272
4435255.0,2.459172
4442632.0,2.456082
4450009.0,2.453001
4457386.0,2.449928
4464763.0,2.446865
4472140.0,2.44381
4480388.0,2.440323
4488636.0,2.436848
4496884.0,2.433384
4505132.0,2.429932
4513380.0,2.42649
4521628.0,2.42306
4529876.0,2.419641
4538123.0,2.416233
4546371.0,2.412836
4554619.0,2.40945
4562867.0,2.406074
4571114.0,2.40271
4579362.0,2.399356
4587610.0,2.396013
4595858.0,2.392681
4604105.0,2.389359
4612353.0,2.386048
4620601.0,2.382747
4628849.0,2.379457
4637097.0,2.376177
4645345.0,2.372907
4653593.0,2.369648
4661841.0,2.366398
4670088.0,2.36316
4678336.0,2.359931
4686584.0,2.356712
4694832.0,2.353504
4703079.0,2.350305
4711327.0,2.347116
4719575.0,2.343938
4727823.0,2.340769
4736070.0,2.33761
4744318.0,2.33446
4752566.0,2.33132
4760814.0,2.32819
4769062.0,2.32507
4777310.0,2.321959
4785558.0,2.318857
4793806.0,2.315765
4802053.0,2.312683
4810301.0,2.30961
4818549.0,2.306546
4826797.0,2.303492
4835044.0,2.300447
4843292.0,2.297411
4851540.0,2.294384
4859788.0,2.291366
4868035.0,2.288358
4876283.0,2.285358
4884531.0,2.282367
4892779.0,2.279386
4901027.0,2.276413
4909275.0,2.273449
4917523.0,2.270494
4925771.0,2.267547
4934018.0,2.26461
4942266.0,2.261681
4950514.0,2.258761
4958762.0,2.255849
4967009.0,2.252947
4975257.0,2.250052
4983505.0,2.247166
4991753.0,2.244289
5000000.0,2.24142
5007813.0,2.240549
5015625.0,2.23968
5023438.0,2.238812
5031250.0,2.237947
5039063.0,2.237082
5046875.0,2.23622
5054688.0,2.235359
5062500.0,2.2345
5070313.0,2.233644
5078125.0,2.23279
5085938.0,2.231938
5093750.0,2.231087
5101563.0,2.230238
5109375.0,2.22939
5117188.0,2.228544
5125000.0,2.2277
5132813.0,2.226859
5140625.0,2.226021
5148438.0,2.225183
5156250.0,2.224347
5164063.0,2.223513
5171875.0,2.222681
5179688.0,2.221849
5187500.0,2.22102
5193210.0,2.220415
5198920.0,2.21981
5204630.0,2.219206
5210340.0,2.218603
5216050.0,2.218001
5221760.0,2.2174
5227470.0,2.2168
5233180.0,2.2162
5241590.0,2.215319
5250000.0,2.21444
5257813.0,2.213627
5265625.0,2.212816
5273438.0,2.212006
5281250.0,2.211198
5289063.0,2.210391
5296875.0,2.209586
5304688.0,2.208782
5312500.0,2.20798
5320313.0,2.20718
5328125.0,2.206381
5335938.0,2.205584
5343750.0,2.204788
5351563.0,2.203994
5359375.0,2.203201
5367188.0,2.20241
5375000.0,2.20162
5382813.0,2.200833
5390625.0,2.200047
5398438.0,2.199262
5406250.0,2.198479
5414063.0,2.197697
5421875.0,2.196917
5429688.0,2.196138
5437500.0,2.19536
5447433.0,2.194377
5457365.0,2.193396
5467298.0,2.192417
5477230.0,2.19144
5482923.0,2.190881
5488615.0,2.190324
5494308.0,2.189766
5500000.0,2.18921
5507813.0,2.188448
5515625.0,2.187687
5523438.0,2.186927
5531250.0,2.186169
5539063.0,2.185412
5546875.0,2.184657
5554688.0,2.183903
5562500.0,2.18315
5570313.0,2.1824
5578125.0,2.181652
5585938.0,2.180905
5593750.0,2.18016
5601563.0,2.179415
5609375.0,2.178672
5617188.0,2.17793
5625000.0,2.17719
5632813.0,2.176452
5640625.0,2.175715
5648438.0,2.174979
5656250.0,2.174245
5664063.0,2.173512
5671875.0,2.17278
5679688.0,2.172049
5687500.0,2.17132
5693145.0,2.170795
5698790.0,2.170271
5704435.0,2.169748
5710080.0,2.169225
5715725.0,2.168703
5721370.0,2.168181
5727015.0,2.16766
5732660.0,2.16714
5741330.0,2.166344
5750000.0,2.16555
5757813.0,2.164835
5765625.0,2.16412
5773438.0,2.163407
5781250.0,2.162695
5789063.0,2.161985
5796875.0,2.161275
5804688.0,2.160567
5812500.0,2.15986
5820313.0,2.159155
5828125.0,2.15845
5835938.0,2.157747
5843750.0,2.157046
5851563.0,2.156345
5859375.0,2.155646
5867188.0,2.154947
5875000.0,2.15425
5882813.0,2.153557
5890625.0,2.152866
5898438.0,2.152175
5906250.0,2.151486
5914063.0,2.150798
5921875.0,2.150111
5929688.0,2.149425
5937500.0,2.14874
5945313.0,2.148056
5953125.0,2.147373
5960938.0,2.146692
5968750.0,2.146011
5976563.0,2.145332
5984375.0,2.144653
5992188.0,2.143976
6000000.0,2.1433
6007897.0,2.145466
6015793.0,2.147632
6023689.0,2.149796
6031585.0,2.15196
6039482.0,2.154124
6047378.0,2.156287
6055274.0,2.158449
6063170.0,2.16061
6071067.0,2.162754
6078963.0,2.164897
6086859.0,2.167039
6094755.0,2.16918
6102652.0,2.171321
6110548.0,2.173462
6118444.0,2.175601
6126340.0,2.17774
6134237.0,2.179863
6142133.0,2.181984
6150029.0,2.184105
6157925.0,2.186225
6165822.0,2.188345
6173718.0,2.190464
6181614.0,2.192582
6189510.0,2.1947
6195289.0,2.19624
6201068.0,2.19778
6206847.0,2.199319
6212625.0,2.200858
6218404.0,2.202396
6224183.0,2.203935
6229962.0,2.205473
6235740.0,2.20701
6244215.0,2.209255
6252690.0,2.2115
6260587.0,2.213581
6268483.0,2.215662
6276379.0,2.217741
6284275.0,2.21982
6292172.0,2.221899
6300068.0,2.223977
6307964.0,2.226054
6315860.0,2.22813
6323758.0,2.23019
6331655.0,2.232249
6339553.0,2.234308
6347450.0,2.236365
6355348.0,2.238423
6363245.0,2.240479
6371143.0,2.242535
6379040.0,2.24459
6386937.0,2.246631
6394833.0,2.248672
6402729.0,2.250711
6410625.0,2.25275
6418522.0,2.254789
6426418.0,2.256827
6434314.0,2.258864
6442210.0,2.2609
6451843.0,2.263369
6461475.0,2.265837
6471108.0,2.268304
6480740.0,2.27077
6486903.0,2.272343
6493065.0,2.273916
6499228.0,2.275488
6505390.0,2.27706
6513119.0,2.276392
6520847.0,2.275724
6528576.0,2.275058
6536304.0,2.274392
6544033.0,2.273728
6551761.0,2.273064
6559489.0,2.272402
6567217.0,2.27174
6574946.0,2.271079
6582674.0,2.27042
6590402.0,2.269761
6598130.0,2.269103
6605859.0,2.268447
6613587.0,2.267791
6621315.0,2.267136
6629043.0,2.266482
6636772.0,2.265829
6644500.0,2.265177
6652228.0,2.264526
6659956.0,2.263876
6667685.0,2.263227
6675413.0,2.262579
6683141.0,2.261932
6690869.0,2.261285
6698598.0,2.26064
6706326.0,2.259995
6714054.0,2.259352
6721782.0,2.258709
6729511.0,2.258068
6737239.0,2.257427
6744967.0,2.256787
6752695.0,2.256148
6760424.0,2.25551
6768152.0,2.254873
6775881.0,2.254236
6783609.0,2.253601
6791338.0,2.252967
6799066.0,2.252333
6806794.0,2.251701
6814522.0,2.251069
6822251.0,2.250438
6829979.0,2.249808
6837707.0,2.249179
6845435.0,2.248551
6853164.0,2.247923
6860892.0,2.247297
6868620.0,2.246672
6876348.0,2.246047
6884077.0,2.245423
6891805.0,2.2448
6899533.0,2.244178
6907261.0,2.243557
6914990.0,2.242937
6922718.0,2.242317
6930446.0,2.241699
6938174.0,2.241081
6945903.0,2.240464
6953631.0,2.239848
6961359.0,2.239233
6969087.0,2.238619
6976816.0,2.238005
6984544.0,2.237393
6992272.0,2.236781
7000000.0,2.23617
7015104.0,2.239967
7030207.0,2.243762
7045311.0,2.247556
7060414.0,2.251347
7075518.0,2.255137
7090621.0,2.258926
7105725.0,2.262712
7120828.0,2.266497
7135932.0,2.27028
7151035.0,2.274062
7166139.0,2.277841
7181242.0,2.281619
7196346.0,2.285396
7211449.0,2.28917
7226552.0,2.292943
7241655.0,2.296714
7256759.0,2.300484
7271862.0,2.304252
7286966.0,2.308018
7302069.0,2.311783
7317173.0,2.315546
7332276.0,2.319307
7347380.0,2.323067
7362483.0,2.326825
7377587.0,2.330581
7392690.0,2.334336
7407794.0,2.338089
7422897.0,2.341841
7438001.0,2.34559
7453104.0,2.349339
7468207.0,2.353085
7483310.0,2.35683
7508850.0,2.363037
7534390.0,2.36924
7555070.0,2.367532
7575750.0,2.36583
7602266.0,2.370864
7628782.0,2.37589
7655298.0,2.38091
7681813.0,2.385923
7708329.0,2.390929
7734844.0,2.395929
7761360.0,2.400922
7787875.0,2.405908
7814391.0,2.410887
7840907.0,2.41586
7867423.0,2.420827
7893938.0,2.425786
7920454.0,2.430739
7946969.0,2.435686
7973485.0,2.440626
8000000.0,2.44556
8015625.0,2.449576
8031250.0,2.453591
8046875.0,2.457605
8062500.0,2.461617
8078125.0,2.465628
8093750.0,2.469638
8109375.0,2.473647
8125000.0,2.477654
8140625.0,2.48166
8156250.0,2.485665
8171875.0,2.489669
8187500.0,2.493672
8203125.0,2.497673
8218750.0,2.501673
8234375.0,2.505672
8250000.0,2.50967
8265625.0,2.513666
8281250.0,2.517661
8296875.0,2.521656
8312500.0,2.525648
8328125.0,2.52964
8343750.0,2.533631
8359375.0,2.53762
8375000.0,2.541608
8390625.0,2.545595
8406250.0,2.549581
8421875.0,2.553566
8437500.0,2.557549
8453125.0,2.561531
8468750.0,2.565512
8484375.0,2.569492
8500000.0,2.573471
8515625.0,2.577449
8531250.0,2.581425
8546875.0,2.5854
8562500.0,2.589374
8578125.0,2.593347
8593750.0,2.597319
8609375.0,2.60129
8625000.0,2.605259
8640625.0,2.609228
8656250.0,2.613195
8671875.0,2.617161
8687500.0,2.621126
8703125.0,2.62509
8718750.0,2.629052
8734375.0,2.633014
8750000.0,2.636974
8765625.0,2.640934
8781250.0,2.644892
8796875.0,2.648849
8812500.0,2.652805
8828125.0,2.65676
8843750.0,2.660714
8859375.0,2.664666
8875000.0,2.668618
8890625.0,2.672568
8906250.0,2.676517
8921875.0,2.680466
8937500.0,2.684413
8953125.0,2.688359
8968750.0,2.692303
8984375.0,2.696247
9000000.0,2.70019
9014112.0,2.703561
9028224.0,2.706931
9042336.0,2.710299
9056447.0,2.713667
9070559.0,2.717033
9084670.0,2.720398
9098782.0,2.723763
9112893.0,2.727126
9127005.0,2.730488
9141116.0,2.733849
9155228.0,2.737209
9169339.0,2.740568
9183451.0,2.743926
9197562.0,2.747283
9211674.0,2.750639
9225785.0,2.753994
9239897.0,2.757348
9254009.0,2.760701
9268121.0,2.764052
9282232.0,2.767403
9296344.0,2.770753
9310455.0,2.774101
9324567.0,2.777449
9338678.0,2.780795
9352790.0,2.784141
9366901.0,2.787485
9381013.0,2.790828
9395124.0,2.794171
9409236.0,2.797512
9423347.0,2.800852
9437459.0,2.804192
9451570.0,2.80753
9465682.0,2.810867
9479794.0,2.814204
9493906.0,2.817539
9508017.0,2.820873
9522129.0,2.824207
9536240.0,2.827539
9550352.0,2.83087
9564463.0,2.8342
9578575.0,2.83753
9592686.0,2.840858
9606798.0,2.844185
9620909.0,2.847511
9635021.0,2.850837
9649132.0,2.854161
9663244.0,2.857484
9677355.0,2.860806
9691467.0,2.864128
9705579.0,2.867448
9719691.0,2.870768
9733802.0,2.874086
9747914.0,2.877403
9762025.0,2.88072
9776137.0,2.884035
9790248.0,2.887349
9804360.0,2.890663
9818471.0,2.893975
9832583.0,2.897287
9846694.0,2.900597
9860806.0,2.903907
9874917.0,2.907216
9889029.0,2.910523
9903140.0,2.91383
9909194.0,2.915657
9915248.0,2.917484
9921302.0,2.91931
9927355.0,2.921137
9933409.0,2.922964
9939463.0,2.924791
9945517.0,2.926617
9951570.0,2.928444
9957624.0,2.930271
9963678.0,2.932098
9969732.0,2.933925
9975785.0,2.935752
9981839.0,2.937579
9987893.0,2.939406
9993947.0,2.941233
10000000.0,2.94306
10006640.0,2.944097
10013270.0,2.945132
10019910.0,2.946168
10026540.0,2.947202
10033180.0,2.948237
10039810.0,2.949271
10046440.0,2.950304
10053070.0,2.951337
10059710.0,2.952371
10066340.0,2.953403
10072970.0,2.954435
10079600.0,2.955467
10086240.0,2.9565
10092870.0,2.95753
10099500.0,2.958561
10106130.0,2.959591
10112770.0,2.960623
10119400.0,2.961653
10126030.0,2.962682
10132660.0,2.963711
10139300.0,2.964742
10145930.0,2.96577
10152560.0,2.966798
10159190.0,2.967826
10165830.0,2.968855
10172460.0,2.969882
10179090.0,2.970909
10185720.0,2.971936
10192360.0,2.972963
10198990.0,2.973989
10205620.0,2.975015
10212250.0,2.97604
10218890.0,2.977067
10225520.0,2.978091
10232160.0,2.979117
10238790.0,2.980141
10245430.0,2.981167
10252060.0,2.98219
10258690.0,2.983213
10265320.0,2.984236
10271960.0,2.98526
10278590.0,2.986282
10285220.0,2.987304
10291850.0,2.988326
10298490.0,2.989348
10305120.0,2.990369
10311750.0,2.99139
10318380.0,2.99241
10325020.0,2.993432
10331650.0,2.994452
10338280.0,2.995471
10344910.0,2.99649
10351550.0,2.99751
10358180.0,2.998529
10364810.0,2.999547
10371440.0,3.000565
10378080.0,3.001584
10384710.0,3.002601
10391340.0,3.003618
10397970.0,3.004635
10404610.0,3.005653
10411240.0,3.006669
10417870.0,3.007685
10424500.0,3.0087
10429840.0,3.009396
10435170.0,3.01009
10440500.0,3.010784
10445830.0,3.011478
10451160.0,3.012171
10456490.0,3.012865
10461820.0,3.013558
10467150.0,3.014251
10472490.0,3.014945
10477820.0,3.015638
10483150.0,3.016331
10488480.0,3.017023
10493810.0,3.017715
10499140.0,3.018407
10504470.0,3.019098
10509800.0,3.01979
10517460.0,3.021139
10525120.0,3.022489
10532780.0,3.023837
10540440.0,3.025186
10548100.0,3.026534
10555760.0,3.027881
10563420.0,3.029228
10571080.0,3.030575
10578740.0,3.031922
10586400.0,3.033268
10594060.0,3.034614
10601720.0,3.035959
10609380.0,3.037304
10617040.0,3.038648
10624700.0,3.039993
10632350.0,3.041335
10640010.0,3.042678
10647670.0,3.044021
10655330.0,3.045364
10662990.0,3.046706
10670650.0,3.048048
10678310.0,3.04939
10685970.0,3.050731
10693630.0,3.052072
10701290.0,3.053412
10708950.0,3.054753
10716610.0,3.056092
10724270.0,3.057432
10731930.0,3.058771
10739590.0,3.060109
10747250.0,3.061448
10754900.0,3.062784
10762560.0,3.064121
10770220.0,3.065458
10777880.0,3.066795
10785540.0,3.068132
10793200.0,3.069468
10800860.0,3.070803
10808520.0,3.072139
10816180.0,3.073474
10823840.0,3.074808
10831500.0,3.076142
10839160.0,3.077476
10846820.0,3.07881
10854480.0,3.080143
10862140.0,3.081476
10869800.0,3.082808
10877450.0,3.084138
10885110.0,3.08547
10892770.0,3.086801
10900430.0,3.088132
10908090.0,3.089463
10915750.0,3.090793
10923410.0,3.092123
10931070.0,3.093452
10938730.0,3.094782
10946390.0,3.09611
10954050.0,3.097439
10961710.0,3.098767
10969370.0,3.100094
10977030.0,3.101422
10984690.0,3.102749
10992350.0,3.104075
11000000.0,3.1054
11007650.0,3.106883
11015290.0,3.108364
11022930.0,3.109844
11030570.0,3.111324
11038220.0,3.112805
11045860.0,3.114285
11053500.0,3.115764
11061140.0,3.117242
11068790.0,3.118723
11076430.0,3.120201
11084070.0,3.121679
11091710.0,3.123156
11099360.0,3.124635
11107000.0,3.126112
11114640.0,3.127588
11122280.0,3.129064
11129930.0,3.130542
11137570.0,3.132018
11145210.0,3.133493
11152850.0,3.134968
11160500.0,3.136444
11168140.0,3.137918
11175780.0,3.139392
11183420.0,3.140866
11191070.0,3.142341
11198710.0,3.143814
11206350.0,3.145287
11213990.0,3.146759
11221630.0,3.148231
11229270.0,3.149703
11236910.0,3.151174
11244550.0,3.152645
11252200.0,3.154118
11259840.0,3.155589
11267480.0,3.157059
11275120.0,3.158529
11282770.0,3.16
11290410.0,3.161469
11298050.0,3.162938
11305690.0,3.164407
11313340.0,3.165877
11320980.0,3.167345
11328620.0,3.168813
11336260.0,3.17028
11343910.0,3.171749
11351550.0,3.173216
11359190.0,3.174682
11366830.0,3.176148
11374480.0,3.177616
11382120.0,3.179081
11389760.0,3.180547
11397400.0,3.182012
11405050.0,3.183478
11412690.0,3.184942
11420330.0,3.186406
11427970.0,3.18787
11435620.0,3.189335
11443260.0,3.190798
11450900.0,3.192261
11458540.0,3.193723
11466180.0,3.195185
11473820.0,3.196647
11481460.0,3.198109
11489100.0,3.19957
11497090.0,3.20106
11505070.0,3.202549
11513060.0,3.204039
11521040.0,3.205526
11529030.0,3.207015
11537010.0,3.208502
11544990.0,3.209989
11552970.0,3.211475
11560960.0,3.212963
11568940.0,3.214448
11576920.0,3.215934
11584900.0,3.217418
11592890.0,3.218905
11600870.0,3.220389
11608850.0,3.221873
11616830.0,3.223356
11624820.0,3.224841
11632800.0,3.226324
11640780.0,3.227807
11648760.0,3.229289
11656750.0,3.230773
11664730.0,3.232254
11672710.0,3.233735
11680690.0,3.235216
11688680.0,3.236699
11696660.0,3.238179
11704640.0,3.239659
11712620.0,3.241138
11720610.0,3.242619
11728590.0,3.244098
11736570.0,3.245577
11744550.0,3.247055
11752540.0,3.248535
11760520.0,3.250012
11768510.0,3.251491
11776490.0,3.252968
11784480.0,3.254446
11792460.0,3.255923
11800440.0,3.257398
11808420.0,3.258874
11816410.0,3.260351
11824390.0,3.261826
11832370.0,3.263301
11840350.0,3.264775
11848340.0,3.26625
11856320.0,3.267724
11864300.0,3.269197
11872280.0,3.27067
11880270.0,3.272145
11888250.0,3.273617
11896230.0,3.275089
11904210.0,3.27656
11912200.0,3.278034
11920180.0,3.279505
11928160.0,3.280975
11936140.0,3.282445
11944130.0,3.283917
11952110.0,3.285387
11960090.0,3.286856
11968070.0,3.288325
11976060.0,3.289796
11984040.0,3.291264
11992020.0,3.292732
12000000.0,3.2942
12007660.0,3.294867
12015320.0,3.295533
12022980.0,3.296199
12030630.0,3.296864
12038290.0,3.29753
12045940.0,3.298195
12053600.0,3.29886
12061250.0,3.299523
12068910.0,3.300188
12076570.0,3.300852
12084230.0,3.301516
12091880.0,3.302179
12099540.0,3.302842
12107190.0,3.303504
12114850.0,3.304167
12122500.0,3.304828
12130160.0,3.305491
12137820.0,3.306152
12145480.0,3.306814
12153130.0,3.307474
12160790.0,3.308136
12168440.0,3.308795
12176100.0,3.309456
12183750.0,3.310115
12191410.0,3.310775
12199070.0,3.311435
12206730.0,3.312094
12214380.0,3.312752
12222040.0,3.313411
12229690.0,3.314068
12237350.0,3.314727
12245000.0,3.315384
12252660.0,3.316041
12260320.0,3.316699
12267980.0,3.317356
12275630.0,3.318012
12283290.0,3.318668
12290940.0,3.319324
12298600.0,3.31998
12306250.0,3.320634
12313910.0,3.32129
12321570.0,3.321945
12329230.0,3.3226
12336880.0,3.323253
12344540.0,3.323908
12352190.0,3.324561
12359850.0,3.325215
12367500.0,3.325867
12375160.0,3.32652
12382820.0,3.327173
12390480.0,3.327826
12398130.0,3.328477
12405790.0,3.329129
12413440.0,3.32978
12421100.0,3.330432
12428750.0,3.331082
12436410.0,3.331733
12444070.0,3.332384
12451730.0,3.333034
12459380.0,3.333684
12467040.0,3.334334
12474690.0,3.334982
12482350.0,3.335632
12490000.0,3.33628
12497970.0,3.33695
12505940.0,3.337619
12513910.0,3.338288
12521880.0,3.338957
12529850.0,3.339625
12537820.0,3.340293
12545790.0,3.340961
12553750.0,3.341628
12561720.0,3.342295
12569690.0,3.342962
12577660.0,3.343629
12585630.0,3.344295
12593600.0,3.344961
12601570.0,3.345627
12609540.0,3.346292
12617500.0,3.346957
12625470.0,3.347622
12633440.0,3.348286
12641410.0,3.348951
12649380.0,3.349615
12657350.0,3.350279
12665320.0,3.350942
12673290.0,3.351605
12681250.0,3.352268
12689220.0,3.35293
12697190.0,3.353593
12705160.0,3.354255
12713130.0,3.354916
12721100.0,3.355578
12729070.0,3.356239
12737040.0,3.3569
12745000.0,3.35756
12752970.0,3.35822
12760940.0,3.35888
12768910.0,3.35954
12776880.0,3.3602
12784850.0,3.360859
12792820.0,3.361518
12800790.0,3.362177
12808750.0,3.362834
12816720.0,3.363492
12824690.0,3.36415
12832660.0,3.364808
12840630.0,3.365465
12848600.0,3.366122
12856570.0,3.366779
12864540.0,3.367435
12872500.0,3.368091
12880470.0,3.368746
12888440.0,3.369402
12896410.0,3.370057
12904380.0,3.370712
12912350.0,3.371367
12920320.0,3.372022
12928290.0,3.372676
12936250.0,3.373329
12944220.0,3.373983
12952190.0,3.374636
12960160.0,3.375289
12968130.0,3.375942
12976100.0,3.376595
12984070.0,3.377247
12992040.0,3.377899
13000000.0,3.37855
13011970.0,3.379506
13023940.0,3.380461
13035910.0,3.381416
13047870.0,3.382369
13059840.0,3.383323
13071800.0,3.384275
13083770.0,3.385227
13095730.0,3.386178
13107700.0,3.387129
13119660.0,3.388079
13131630.0,3.389029
13143590.0,3.389977
13155560.0,3.390926
13167520.0,3.391874
13179490.0,3.392821
13191450.0,3.393767
13203420.0,3.394713
13215390.0,3.395659
13227360.0,3.396604
13239320.0,3.397548
13251290.0,3.398492
13263250.0,3.399435
13275220.0,3.400377
13287180.0,3.401319
13299150.0,3.40226
13311110.0,3.403201
13323080.0,3.404141
13335040.0,3.40508
13347010.0,3.406019
13358970.0,3.406957
13370940.0,3.407895
13382900.0,3.408832
13394870.0,3.409769
13406840.0,3.410705
13418810.0,3.411641
13430770.0,3.412576
13442740.0,3.41351
13454700.0,3.414444
13466670.0,3.415377
13478630.0,3.416309
13490600.0,3.417241
13502560.0,3.418172
13514530.0,3.419104
13526490.0,3.420033
13538460.0,3.420963
13550420.0,3.421892
13562390.0,3.422821
13574350.0,3.423749
13586320.0,3.424676
13598290.0,3.425604
13610260.0,3.42653
13622220.0,3.427455
13634190.0,3.428381
13646150.0,3.429305
13658120.0,3.43023
13670080.0,3.431153
13682050.0,3.432076
13694010.0,3.432998
13705980.0,3.43392
13717940.0,3.434841
13729910.0,3.435762
13741870.0,3.436681
13753840.0,3.437601
13765800.0,3.43852
13773120.0,3.439094
13780440.0,3.439668
13787760.0,3.440242
13795080.0,3.440816
13802400.0,3.441389
13809720.0,3.441962
13817040.0,3.442535
13824350.0,3.443107
13831670.0,3.44368
13838990.0,3.444252
13846310.0,3.444824
13853630.0,3.445396
13860950.0,3.445968
13868270.0,3.44654
13875590.0,3.447111
13882900.0,3.447681
13890220.0,3.448252
13897540.0,3.448823
13904860.0,3.449394
13912180.0,3.449964
13919500.0,3.450534
13926820.0,3.451104
13934140.0,3.451674
13941450.0,3.452242
13948770.0,3.452812
13956090.0,3.453381
13963410.0,3.453949
13970730.0,3.454518
13978050.0,3.455087
13985370.0,3.455655
13992690.0,3.456223
14000000.0,3.45679
14007820.0,3.457082
14015630.0,3.457373
14023440.0,3.457664
14031250.0,3.457956
14039070.0,3.458247
14046880.0,3.458538
14054690.0,3.458828
14062500.0,3.459119
14070320.0,3.45941
14078130.0,3.4597
14085940.0,3.45999
14093750.0,3.46028
14101570.0,3.46057
14109380.0,3.46086
14117190.0,3.46115
14125000.0,3.461439
14132820.0,3.461729
14140630.0,3.462018
14148440.0,3.462307
14156250.0,3.462596
14164070.0,3.462885
14171880.0,3.463174
14179690.0,3.463462
14187500.0,3.463751
14195320.0,3.464039
14203130.0,3.464327
14210940.0,3.464615
14218750.0,3.464903
14226570.0,3.465191
14234380.0,3.465479
14242190.0,3.465766
14250000.0,3.466053
14257820.0,3.466341
14265630.0,3.466628
14273440.0,3.466915
14281250.0,3.467202
14289070.0,3.467489
14296880.0,3.467775
14304690.0,3.468062
14312500.0,3.468348
14320320.0,3.468634
14328130.0,3.46892
14335940.0,3.469206
14343750.0,3.469492
14351570.0,3.469778
14359380.0,3.470063
14367190.0,3.470348
14375000.0,3.470634
14382820.0,3.470919
14390630.0,3.471204
14398440.0,3.471489
14406250.0,3.471773
14414070.0,3.472058
14421880.0,3.472343
14429690.0,3.472627
14437500.0,3.472911
14445320.0,3.473195
14453130.0,3.473479
14460940.0,3.473763
14468750.0,3.474047
14476570.0,3.47433
14484380.0,3.474614
14492190.0,3.474897
14500000.0,3.47518
14507820.0,3.47538
14515630.0,3.475579
14523440.0,3.475778
14531250.0,3.475978
14539070.0,3.476177
14546880.0,3.476376
14554690.0,3.476575
14562500.0,3.476774
14570320.0,3.476972
14578130.0,3.477171
14585940.0,3.47737
14593750.0,3.477568
14601570.0,3.477767
14609380.0,3.477965
14617190.0,3.478163
14625000.0,3.478361
14632820.0,3.478559
14640630.0,3.478757
14648440.0,3.478955
14656250.0,3.479152
14664070.0,3.47935
14671880.0,3.479548
14679690.0,3.479745
14687500.0,3.479942
14695320.0,3.48014
14703130.0,3.480337
14710940.0,3.480534
14718750.0,3.480731
14726570.0,3.480928
14734380.0,3.481124
14742190.0,3.481321
14750000.0,3.481518
14757820.0,3.481714
14765630.0,3.481911
14773440.0,3.482107
14781250.0,3.482303
14789070.0,3.482499
14796880.0,3.482695
14804690.0,3.482891
14812500.0,3.483087
14820320.0,3.483283
14828130.0,3.483479
14835940.0,3.483674
14843750.0,3.48387
14851570.0,3.484065
14859380.0,3.48426
14867190.0,3.484455
14875000.0,3.484651
14882820.0,3.484846
14890630.0,3.485041
14898440.0,3.485235
14906250.0,3.48543
14914070.0,3.485625
14921880.0,3.485819
14929690.0,3.486014
14937500.0,3.486208
14945320.0,3.486403
14953130.0,3.486597
14960940.0,3.486791
14968750.0,3.486985
14976570.0,3.487179
14984380.0,3.487373
14992190.0,3.487566
15000000.0,3.48776
15013540.0,3.487908
15027080.0,3.488056
15040620.0,3.488204
15054150.0,3.488351
15067690.0,3.488498
15081230.0,3.488646
15094770.0,3.488793
15108300.0,3.48894
15108330.0,3.48894
15132080.0,3.48913
15155830.0,3.489319
15179580.0,3.489508
15203330.0,3.489697
15227080.0,3.489886
15250830.0,3.490074
15274580.0,3.490262
15298330.0,3.490449
15322080.0,3.490637
15345830.0,3.490824
15369580.0,3.491011
15393330.0,3.491197
15417080.0,3.491383
15440830.0,3.491569
15464580.0,3.491755
15488320.0,3.49194
15512070.0,3.492125
15535820.0,3.49231
15559570.0,3.492495
15583320.0,3.492679
15607070.0,3.492863
15630820.0,3.493047
15654570.0,3.493231
15678310.0,3.493414
15702060.0,3.493597
15725810.0,3.493779
15749560.0,3.493962
15773310.0,3.494144
15797060.0,3.494326
15820810.0,3.494508
15844560.0,3.494689
15868300.0,3.49487
15876540.0,3.494913
15884770.0,3.494955
15893000.0,3.494998
15901230.0,3.495041
15909460.0,3.495083
15917690.0,3.495126
15925920.0,3.495168
15934150.0,3.495211
15942390.0,3.495253
15950620.0,3.495296
15958850.0,3.495338
15967080.0,3.495381
15975310.0,3.495423
15983540.0,3.495465
15991770.0,3.495508
16000000.0,3.49555
16015390.0,3.494913
16030780.0,3.494277
16046170.0,3.493641
16061550.0,3.493006
16076940.0,3.492372
16092330.0,3.491739
16107720.0,3.491106
16123100.0,3.490474
16138490.0,3.489843
16153880.0,3.489213
16169270.0,3.488583
16184650.0,3.487954
16200040.0,3.487325
16215430.0,3.486698
16230820.0,3.486071
16246200.0,3.485445
16261590.0,3.484819
16276980.0,3.484194
16292370.0,3.48357
16307750.0,3.482947
16323140.0,3.482324
16338530.0,3.481702
16353920.0,3.48108
16369300.0,3.48046
16384690.0,3.47984
16400080.0,3.479221
16415470.0,3.478602
16430850.0,3.477985
16446240.0,3.477367
16461630.0,3.476751
16477020.0,3.476135
16492400.0,3.47552
16508270.0,3.474865
16524130.0,3.474211
16539990.0,3.473558
16555850.0,3.472905
16571720.0,3.472253
16587580.0,3.471602
16603440.0,3.470952
16619300.0,3.470302
16635170.0,3.469653
16651030.0,3.469005
16666890.0,3.468358
16682750.0,3.467711
16698620.0,3.467065
16714480.0,3.46642
16730340.0,3.465775
16746200.0,3.465132
16762070.0,3.464488
16777930.0,3.463846
16793790.0,3.463205
16809650.0,3.462564
16825520.0,3.461924
16841380.0,3.461284
16857240.0,3.460646
16873100.0,3.460008
16888970.0,3.45937
16904830.0,3.458734
16920690.0,3.458098
16936550.0,3.457463
16952420.0,3.456829
16968280.0,3.456195
16984140.0,3.455562
17000000.0,3.45493
17015630.0,3.45446
17031250.0,3.453991
17046880.0,3.453522
17062500.0,3.453054
17078130.0,3.452586
17093750.0,3.452119
17109380.0,3.451653
17125000.0,3.451186
17140630.0,3.450721
17156250.0,3.450255
17171880.0,3.449791
17187500.0,3.449326
17203130.0,3.448862
17218750.0,3.448399
17234380.0,3.447936
17250000.0,3.447474
17265630.0,3.447012
17281250.0,3.446551
17296880.0,3.44609
17312500.0,3.44563
17328130.0,3.445169
17343750.0,3.44471
17359380.0,3.444251
17375000.0,3.443793
17390630.0,3.443334
17406250.0,3.442877
17421880.0,3.44242
17437500.0,3.441963
17453130.0,3.441507
17468750.0,3.441051
17484380.0,3.440596
17500000.0,3.440141
17515630.0,3.439687
17531250.0,3.439233
17546880.0,3.43878
17562500.0,3.438327
17578130.0,3.437874
17593750.0,3.437422
17609380.0,3.436971
17625000.0,3.43652
17640630.0,3.436069
17656250.0,3.435619
17671880.0,3.435169
17687500.0,3.43472
17703130.0,3.434271
17718750.0,3.433823
17734380.0,3.433375
17750000.0,3.432928
17765630.0,3.432481
17781250.0,3.432034
17796880.0,3.431588
17812500.0,3.431143
17828130.0,3.430697
17843750.0,3.430253
17859380.0,3.429808
17875000.0,3.429365
17890630.0,3.428921
17906250.0,3.428478
17921880.0,3.428036
17937500.0,3.427594
17953130.0,3.427152
17968750.0,3.426711
17984380.0,3.42627
18000000.0,3.42583
18015630.0,3.424099
18031250.0,3.422371
18046880.0,3.420645
18062500.0,3.418922
18078130.0,3.417201
18093750.0,3.415482
18109380.0,3.413765
18125000.0,3.412052
18140630.0,3.41034
18156250.0,3.408631
18171880.0,3.406923
18187500.0,3.405219
18203130.0,3.403516
18218750.0,3.401817
18234380.0,3.400118
18250000.0,3.398424
18265630.0,3.39673
18281250.0,3.395039
18296880.0,3.39335
18312500.0,3.391665
18328130.0,3.38998
18343750.0,3.388299
18359380.0,3.386619
18375000.0,3.384942
18390630.0,3.383266
18406250.0,3.381594
18421880.0,3.379923
18437500.0,3.378255
18453130.0,3.376589
18468750.0,3.374926
18484380.0,3.373264
18500000.0,3.371605
18515630.0,3.369947
18531250.0,3.368293
18546880.0,3.366639
18562500.0,3.364989
18578130.0,3.363341
18593750.0,3.361695
18609380.0,3.360051
18625000.0,3.358409
18640630.0,3.356769
18656250.0,3.355132
18671880.0,3.353497
18687500.0,3.351864
18703130.0,3.350233
18718750.0,3.348604
18734380.0,3.346977
18750000.0,3.345353
18765630.0,3.34373
18781250.0,3.342111
18796880.0,3.340492
18812500.0,3.338877
18828130.0,3.337263
18843750.0,3.335651
18859380.0,3.334041
18875000.0,3.332434
18890630.0,3.330828
18906250.0,3.329226
18921880.0,3.327624
18937500.0,3.326025
18953130.0,3.324428
18968750.0,3.322834
18984380.0,3.32124
19000000.0,3.31965
19031250.0,3.316761
19062500.0,3.313878
19093750.0,3.311003
19125000.0,3.308136
19156250.0,3.305275
19187500.0,3.302421
19218750.0,3.299575
19250000.0,3.296736
19281250.0,3.293903
19312500.0,3.291078
19343750.0,3.28826
19375000.0,3.285448
19406250.0,3.282644
19437500.0,3.279846
19468750.0,3.277056
19500000.0,3.274272
19531250.0,3.271495
19562500.0,3.268725
19593750.0,3.265961
19625000.0,3.263205
19656250.0,3.260455
19687500.0,3.257711
19718750.0,3.254975
19750000.0,3.252245
19781250.0,3.249521
19812500.0,3.246804
19843750.0,3.244094
19875000.0,3.24139
19906250.0,3.238693
19937500.0,3.236002
19968750.0,3.233318
20000000.0,3.23064
