1e-05,22.69566
1.03125e-05,22.69566
1.0625e-05,22.69566
1.09375e-05,22.69566
1.125e-05,22.69566
1.15625e-05,22.69566
1.1875e-05,22.69565
1.21875e-05,22.69565
1.25e-05,22.69565
1.28125e-05,22.69565
1.3125e-05,22.69565
1.34375e-05,22.69565
1.375e-05,22.69565
1.4375e-05,22.69565
1.5e-05,22.69565
1.5625e-05,22.69565
1.625e-05,22.69564
1.6875e-05,22.69564
1.75e-05,22.69564
1.8125e-05,22.69564
1.875e-05,22.69564
1.9375e-05,22.69564
2e-05,22.69564
2.09375e-05,22.69563
2.1875e-05,22.69563
2.28125e-05,22.69563
2.375e-05,22.69563
2.46875e-05,22.69563
2.5625e-05,22.69562
2.65625e-05,22.69562
2.75e-05,22.69562
2.84375e-05,22.69562
2.9375e-05,22.69562
3.03125e-05,22.69561
3.125e-05,22.69561
3.21875e-05,22.69561
3.3125e-05,22.69561
3.40625e-05,22.69561
3.5e-05,22.6956
3.59375e-05,22.6956
3.6875e-05,22.6956
3.78125e-05,22.6956
3.875e-05,22.6956
3.96875e-05,22.69559
4.0625e-05,22.69559
4.25e-05,22.69559
4.4375e-05,22.69558
4.625e-05,22.69558
4.8125e-05,22.69558
5e-05,22.69557
5.15625e-05,22.69557
5.3125e-05,22.69556
5.46875e-05,22.69556
5.625e-05,22.69556
5.78125e-05,22.69555
5.9375e-05,22.69555
6.09375e-05,22.69555
6.25e-05,22.69554
6.40625e-05,22.69554
6.5625e-05,22.69554
6.71875e-05,22.69553
6.875e-05,22.69553
7.1875e-05,22.69552
7.5e-05,22.69552
7.8125e-05,22.69551
8.125e-05,22.6955
8.4375e-05,22.6955
8.75e-05,22.69549
9.0625e-05,22.69548
9.375e-05,22.69548
9.6875e-05,22.69547
0.0001,22.69546
0.000103125,22.69546
0.00010625,22.69545
0.000109375,22.69544
0.0001125,22.69544
0.000115625,22.69543
0.00011875,22.69542
0.000121875,22.69542
0.000125,22.69541
0.000128125,22.6954
0.00013125,22.6954
0.000134375,22.69539
0.0001375,22.69538
0.00014375,22.69537
0.00015,22.69536
0.00015625,22.69534
0.0001625,22.69533
0.00016875,22.69532
0.000175,22.6953
0.00018125,22.69529
0.0001875,22.69528
0.00019375,22.69526
0.0002,22.69525
0.000209375,22.69523
0.00021875,22.69521
0.000228125,22.69519
0.0002375,22.69517
0.000246875,22.69515
0.00025625,22.69513
0.000265625,22.69511
0.000275,22.69509
0.000284375,22.69507
0.00029375,22.69505
0.000303125,22.69503
0.0003125,22.69501
0.000321875,22.69499
0.00033125,22.69497
0.000340625,22.69495
0.00035,22.69493
0.000359375,22.69491
0.00036875,22.69489
0.000378125,22.69487
0.0003875,22.69485
0.000396875,22.69483
0.00040625,22.69481
0.000425,22.69477
0.00044375,22.69473
0.0004625,22.69469
0.00048125,22.69465
0.0005,22.69461
0.000515625,22.69458
0.00053125,22.69455
0.000546875,22.69451
0.0005625,22.69448
0.000578125,22.69445
0.00059375,22.69441
0.000609375,22.69438
0.000625,22.69435
0.000640625,22.69431
0.00065625,22.69428
0.000671875,22.69425
0.0006875,22.69421
0.00071875,22.69415
0.00075,22.69408
0.00078125,22.69401
0.0008125,22.69395
0.00084375,22.69388
0.000875,22.69382
0.00090625,22.69375
0.0009375,22.69368
0.00096875,22.69362
0.001,22.69355
0.00103125,22.69348
0.0010625,22.69342
0.00109375,22.69335
0.001125,22.69328
0.00115625,22.69322
0.0011875,22.69315
0.00121875,22.69309
0.00125,22.69302
0.00128125,22.69295
0.0013125,22.69289
0.00134375,22.69282
0.001375,22.69275
0.0014375,22.69262
0.0015,22.69249
0.0015625,22.69236
0.001625,22.69223
0.0016875,22.69209
0.00175,22.69196
0.0018125,22.69183
0.001875,22.6917
0.0019375,22.69156
0.002,22.69143
0.00209375,22.69123
0.0021875,22.69103
0.00228125,22.69084
0.002375,22.69064
0.00246875,22.69044
0.0025625,22.69024
0.00265625,22.69004
0.00275,22.68984
0.00284375,22.68964
0.0029375,22.68945
0.00303125,22.68925
0.003125,22.68905
0.00321875,22.68885
0.0033125,22.68865
0.00340625,22.68845
0.0035,22.68826
0.00359375,22.68806
0.0036875,22.68786
0.00378125,22.68766
0.003875,22.68746
0.00396875,22.68726
0.0040625,22.68707
0.00425,22.68667
0.0044375,22.68627
0.004625,22.68588
0.0048125,22.68548
0.005,22.68508
0.00515625,22.68475
0.0053125,22.68442
0.00546875,22.68409
0.005625,22.68376
0.00578125,22.68343
0.0059375,22.6831
0.00609375,22.68277
0.00625,22.68244
0.00640625,22.68211
0.0065625,22.68178
0.00671875,22.68145
0.006875,22.68112
0.0071875,22.68046
0.0075,22.6798
0.0078125,22.67914
0.008125,22.67848
0.0084375,22.67782
0.00875,22.67716
0.0090625,22.6765
0.009375,22.67584
0.0096875,22.67518
0.01,22.67452
0.0103125,22.67386
0.010625,22.6732
0.0109375,22.67254
0.01125,22.67188
0.0115625,22.67122
0.011875,22.67056
0.0121875,22.66991
0.0125,22.66925
0.0128125,22.66859
0.013125,22.66793
0.0134375,22.66727
0.01375,22.66661
0.014375,22.66529
0.015,22.66397
0.015625,22.66266
0.01625,22.66134
0.016875,22.66002
0.0175,22.65871
0.018125,22.65739
0.01875,22.65607
0.019375,22.65476
0.02,22.65344
0.0206625,22.65204
0.021325,22.65065
0.0219875,22.64926
0.02265,22.64786
0.0233125,22.64647
0.023975,22.64507
0.0246375,22.64368
0.0253,22.64229
0.02607188,22.64066
0.02684375,22.63904
0.02761563,22.63742
0.0283875,22.63579
0.02915938,22.63417
0.02993125,22.63255
0.03070313,22.63093
0.031475,22.62931
0.03224688,22.62768
0.03301875,22.62606
0.0345625,22.62282
0.03610625,22.61958
0.03765,22.61634
0.03919375,22.6131
0.0407375,22.60987
0.04228125,22.60663
0.043825,22.60339
0.04536875,22.60016
0.0469125,22.59693
0.04845625,22.59369
0.05,22.59046
0.0515625,22.58719
0.053125,22.58392
0.0546875,22.58066
0.05625,22.57739
0.0578125,22.57413
0.059375,22.57086
0.0609375,22.5676
0.0625,22.56433
0.0640625,22.56107
0.065625,22.55781
0.0671875,22.55455
0.06875,22.55129
0.071875,22.54478
0.075,22.53827
0.078125,22.53176
0.08125,22.52526
0.084375,22.51876
0.0875,22.51227
0.090625,22.50578
0.09375,22.49929
0.096875,22.49281
0.1,22.48633
0.103125,22.47986
0.10625,22.47339
0.109375,22.46692
0.1125,22.46046
0.115625,22.454
0.11875,22.44754
0.121875,22.44109
0.125,22.43464
0.128125,22.4282
0.13125,22.42176
0.134375,22.41532
0.1375,22.40889
0.14375,22.39604
0.15,22.3832
0.15625,22.37038
0.1625,22.35757
0.16875,22.34478
0.175,22.33201
0.18125,22.31925
0.1875,22.3065
0.19375,22.29377
0.2,22.28106
0.2046875,22.27153
0.209375,22.26201
0.21875,22.243
0.228125,22.22402
0.2375,22.20508
0.246875,22.18617
0.25625,22.1673
0.265625,22.14845
0.275,22.12964
0.284375,22.11087
0.29375,22.09213
0.303125,22.07342
0.3125,22.05474
0.321875,22.0361
0.33125,22.01749
0.340625,21.99891
0.35,21.98036
0.359375,21.96185
0.36875,21.94337
0.378125,21.92492
0.3875,21.90651
0.396875,21.88812
0.40625,21.86977
0.415625,21.85145
0.425,21.83317
0.44375,21.79669
0.4625,21.76034
0.48125,21.72411
0.5,21.68801
0.53125,21.62813
0.5625,21.56858
0.59375,21.50938
0.625,21.45052
0.65625,21.392
0.6875,21.33381
0.71875,21.27595
0.75,21.21842
0.78125,21.16122
0.8125,21.10433
0.84375,21.04777
0.875,20.99153
0.9375,20.87999
1.0,20.76969
1.0625,20.66061
1.125,20.55274
1.1875,20.44605
1.25,20.34053
1.3125,20.23616
1.375,20.13292
1.4375,20.03079
1.5,19.92976
1.5625,19.82981
1.625,19.73092
1.6875,19.63309
1.75,19.53628
1.875,19.3457
2.0,19.15908
2.09375,19.02163
2.1875,18.88629
2.28125,18.75301
2.375,18.62176
2.46875,18.49248
2.5625,18.36513
2.65625,18.23967
2.75,18.11607
2.9375,17.87427
3.125,17.63943
3.3125,17.41127
3.5,17.18951
3.6875,16.9739
3.875,16.76419
4.0625,16.56016
4.25,16.36159
4.4375,16.16827
4.625,15.97998
4.8125,15.79656
5.0,15.6178
5.3125,15.32978
5.625,15.05349
5.9375,14.78821
6.25,14.53329
6.5625,14.28808
6.875,14.05201
7.1875,13.82449
7.5,13.605
7.8125,13.39299
8.125,13.18793
8.4375,12.98931
8.75,12.79654
9.0625,12.60901
9.21875,12.517
9.375,12.42602
9.53125,12.33595
9.6875,12.24667
9.84375,12.15802
10.0,12.06981
10.13688,11.99271
10.27375,11.91559
10.41063,11.83818
10.47907,11.79929
10.5475,11.7602
10.61594,11.72087
10.68438,11.68124
10.75282,11.64122
10.82125,11.60075
10.88969,11.55971
10.95813,11.518
11.02657,11.47546
11.06079,11.45382
11.095,11.43192
11.12922,11.40972
11.16344,11.38718
11.19766,11.36427
11.23188,11.34096
11.2661,11.3172
11.30032,11.29294
11.33454,11.26812
11.36875,11.2427
11.40297,11.21658
11.43719,11.1897
11.47141,11.16195
11.50563,11.13323
11.52274,11.11846
11.53985,11.10341
11.55696,11.08804
11.57407,11.07235
11.59118,11.0563
11.60829,11.03987
11.6254,11.02304
11.6425,11.00579
11.65961,10.98807
11.67672,10.96985
11.69383,10.9511
11.71094,10.93178
11.72805,10.91184
11.74516,10.89125
11.76227,10.86994
11.77938,10.84786
11.79649,10.82496
11.8136,10.80115
11.83071,10.77639
11.84782,10.75057
11.85638,10.73724
11.86493,10.72363
11.87349,10.70971
11.88204,10.69548
11.8906,10.68091
11.89915,10.66602
11.9077,10.65078
11.91625,10.63519
11.92481,10.6192
11.93336,10.60284
11.94192,10.58608
11.95047,10.56893
11.95903,10.55135
11.96758,10.53338
11.97614,10.51497
11.98469,10.49617
11.99325,10.47693
12.0018,10.45732
12.01036,10.4373
12.01891,10.41696
12.02747,10.39629
12.03602,10.37539
12.04458,10.35429
12.05313,10.33315
12.06169,10.31207
12.07024,10.29126
12.0788,10.27093
12.08308,10.26104
12.08735,10.25142
12.09163,10.24208
12.09591,10.2331
12.10019,10.22455
12.10446,10.21652
12.10874,10.20906
12.11302,10.20231
12.1173,10.19636
12.12157,10.19136
12.12585,10.18743
12.13013,10.18474
12.13441,10.1835
12.13868,10.1839
12.14296,10.18618
12.14724,10.19062
12.15152,10.19752
12.15579,10.2072
12.16007,10.22008
12.16435,10.23658
12.16863,10.25717
12.1729,10.28231
12.17718,10.31271
12.18145,10.34887
12.18573,10.39164
12.19,10.44157
12.195,10.51032
12.2,10.59141
12.205,10.6862
12.21,10.796
12.22,11.06518
12.23,11.40506
12.235,11.60131
12.24,11.81352
12.245,12.03937
12.25,12.2755
12.255,12.51761
12.26,12.76059
12.265,12.99883
12.27,13.22658
12.275,13.43841
12.28,13.62961
12.285,13.79653
12.29,13.93682
12.295,14.04943
12.3,14.13457
12.305,14.19348
12.31,14.2282
12.32,14.23558
12.33,14.17918
12.335,14.13385
12.34,14.08028
12.345,14.0205
12.35,13.95622
12.35374,13.90607
12.35748,13.85474
12.36122,13.80266
12.36495,13.75033
12.36869,13.6978
12.37242,13.6456
12.37616,13.59367
12.37989,13.54246
12.38363,13.49184
12.38736,13.4422
12.3911,13.39335
12.39483,13.34563
12.39857,13.29882
12.4023,13.25321
12.40604,13.20859
12.40977,13.16519
12.41351,13.1228
12.41725,13.08152
12.42472,13.00235
12.43219,12.92746
12.43966,12.85665
12.44713,12.78974
12.4546,12.72649
12.46207,12.6667
12.46954,12.61014
12.47702,12.55653
12.48449,12.50581
12.49196,12.45773
12.49943,12.41209
12.5069,12.36874
12.51437,12.32751
12.52184,12.28826
12.52931,12.25087
12.53678,12.21519
12.54425,12.18113
12.55172,12.14857
12.55919,12.11742
12.56666,12.08759
12.57413,12.05898
12.5816,12.03154
12.58907,12.00517
12.59655,11.9798
12.60402,11.95541
12.61149,11.93193
12.61896,11.90929
12.62643,11.88746
12.6339,11.86638
12.64137,11.84601
12.64884,11.82631
12.66378,11.7888
12.67872,11.75358
12.69366,11.72041
12.7086,11.6891
12.72355,11.65946
12.73849,11.63136
12.75343,11.60465
12.76837,11.57921
12.78331,11.55493
12.79825,11.53172
12.81319,11.50948
12.82813,11.48815
12.84308,11.46763
12.85802,11.4479
12.87296,11.42888
12.8879,11.41052
12.90284,11.39278
12.91778,11.37561
12.93272,11.35897
12.94766,11.34284
12.96261,11.32716
12.97755,11.31194
13.00743,11.2827
13.03731,11.25491
13.06719,11.22843
13.09708,11.20309
13.12696,11.1788
13.15684,11.15544
13.18672,11.13294
13.21661,11.11119
13.24649,11.09014
13.27637,11.06973
13.30625,11.04991
13.33614,11.03062
13.36602,11.01183
13.39591,10.99349
13.42579,10.97558
13.45568,10.95805
13.48556,10.9409
13.54532,10.9076
13.60509,10.87548
13.66485,10.84442
13.72462,10.81429
13.78438,10.785
13.84415,10.75646
13.90391,10.7286
13.96368,10.70135
14.02344,10.67467
14.08321,10.64851
14.14297,10.62282
14.20274,10.59757
14.2625,10.57274
14.38204,10.52419
14.50157,10.47699
14.6211,10.43099
14.74063,10.38606
14.86016,10.34212
14.97969,10.29906
15.09922,10.25683
15.21875,10.21536
15.45782,10.13453
15.69688,10.05623
15.93594,9.980216
16.175,9.906284
16.41407,9.834272
16.65313,9.764053
16.89219,9.695512
17.13125,9.628554
17.60938,9.49906
18.0875,9.375021
18.56563,9.255985
19.04375,9.141582
19.52188,9.03149
20.0,8.925432
20.59125,8.799487
21.18249,8.678916
21.77374,8.563343
22.36498,8.45244
22.95623,8.3459
23.54747,8.243452
24.13871,8.14484
24.72995,8.049829
25.3212,7.958199
25.91244,7.869749
26.50369,7.784285
27.09493,7.701626
27.68618,7.621597
28.27742,7.544034
28.86866,7.468772
29.4599,7.39565
30.05115,7.324508
30.64239,7.255181
31.23364,7.187495
31.82488,7.121265
32.41613,7.056279
33.00737,6.992293
33.59861,6.929002
33.89423,6.897499
34.18985,6.866012
34.48548,6.834466
34.7811,6.802773
35.07672,6.770822
35.37234,6.738471
35.66797,6.705534
35.81578,6.688773
35.96359,6.671767
36.1114,6.65447
36.25921,6.636829
36.40702,6.618775
36.55483,6.600229
36.70265,6.581089
36.77656,6.571259
36.85046,6.561232
36.92437,6.550984
36.99827,6.540495
37.07218,6.529733
37.14608,6.518669
37.21999,6.507264
37.29389,6.495477
37.3678,6.483254
37.4417,6.470539
37.51561,6.457258
37.58951,6.443328
37.62647,6.436085
37.66342,6.428642
37.70037,6.420978
37.73732,6.413077
37.77428,6.404915
37.81123,6.396472
37.84818,6.387722
37.88513,6.378636
37.92209,6.369176
37.95904,6.359312
37.99599,6.348998
38.03294,6.338185
38.0699,6.326813
38.10685,6.314824
38.1438,6.302139
38.16228,6.295507
38.18075,6.288671
38.19923,6.281609
38.21771,6.27431
38.23619,6.266759
38.25466,6.258942
38.27314,6.250832
38.29161,6.242416
38.31009,6.233663
38.32856,6.224557
38.34704,6.21506
38.36552,6.205146
38.384,6.19478
38.40247,6.183932
38.42095,6.172548
38.43942,6.160592
38.4579,6.148
38.47637,6.134726
38.49485,6.12069
38.51333,6.105825
38.53181,6.090047
38.54105,6.081786
38.55028,6.07327
38.55952,6.064466
38.56876,6.055368
38.578,6.045961
38.58723,6.036238
38.59647,6.026161
38.60571,6.01572
38.61495,6.004896
38.62418,5.993678
38.63342,5.982018
38.64266,5.969905
38.6519,5.95731
38.66114,5.944207
38.67038,5.930564
38.67962,5.916349
38.68886,5.901529
38.69809,5.886085
38.70733,5.869945
38.71657,5.853087
38.72581,5.835469
38.73504,5.81707
38.74428,5.797808
38.75352,5.77766
38.76276,5.756587
38.77199,5.734576
38.78123,5.71155
38.79047,5.687513
38.79509,5.675112
38.79971,5.662459
38.80433,5.649556
38.80895,5.636408
38.81357,5.623022
38.81819,5.609409
38.82281,5.595583
38.82743,5.581561
38.83205,5.567367
38.83667,5.553027
38.84129,5.538578
38.8459,5.524094
38.85052,5.509564
38.85514,5.495082
38.85976,5.480725
38.86438,5.466585
38.869,5.452769
38.87362,5.439409
38.87824,5.426657
38.88285,5.414719
38.88747,5.403759
38.89209,5.394053
38.89671,5.385893
38.90133,5.379621
38.90595,5.37563
38.91057,5.374374
38.91519,5.376369
38.9198,5.382184
38.92482,5.393626
38.92983,5.411261
38.93484,5.436121
38.93985,5.469287
38.94988,5.565094
38.95489,5.62975
38.9599,5.706767
38.96492,5.796877
38.96993,5.899851
38.97494,6.015455
38.97995,6.142659
38.98497,6.280038
38.98998,6.424667
38.99499,6.573862
39.0,6.72428
39.00502,6.872707
39.01003,7.015145
39.01504,7.148854
39.02005,7.271357
39.02507,7.381072
39.03008,7.476501
39.03509,7.55751
39.0401,7.624327
39.05013,7.718565
39.06015,7.767797
39.06517,7.778861
39.07018,7.782568
39.07519,7.780126
39.0802,7.772601
39.086,7.758774
39.0918,7.740652
39.0976,7.719289
39.1034,7.695551
39.1092,7.670144
39.115,7.643635
39.1208,7.616477
39.1266,7.589026
39.1324,7.561559
39.1382,7.534292
39.144,7.507385
39.1498,7.480962
39.1556,7.455111
39.1614,7.429894
39.1672,7.405354
39.173,7.381516
39.1788,7.358393
39.1846,7.335989
39.1904,7.3143
39.1962,7.293317
39.202,7.273024
39.2078,7.253406
39.2136,7.234443
39.2194,7.216115
39.2252,7.198399
39.231,7.181275
39.2368,7.164719
39.2426,7.14871
39.2484,7.133225
39.2542,7.118245
39.26,7.103747
39.26579,7.089736
39.27159,7.076144
39.27739,7.062976
39.28899,7.037845
39.30059,7.014206
39.31219,6.991938
39.32379,6.970926
39.33539,6.951071
39.34699,6.932277
39.35858,6.914478
39.37018,6.897564
39.38178,6.881484
39.39338,6.866173
39.40498,6.851575
39.41658,6.837638
39.42818,6.824315
39.43978,6.811561
39.45137,6.799348
39.46297,6.787619
39.47457,6.776352
39.48617,6.765515
39.49777,6.755081
39.50937,6.745024
39.52097,6.735322
39.53257,6.725951
39.54416,6.7169
39.55576,6.708134
39.56736,6.699643
39.59056,6.683429
39.61376,6.66814
39.63695,6.653684
39.66015,6.639963
39.68335,6.626907
39.70655,6.614449
39.72974,6.602537
39.75294,6.591108
39.77614,6.580121
39.79934,6.569536
39.82253,6.55932
39.84573,6.549432
39.86893,6.539846
39.89213,6.530535
39.91532,6.52148
39.93852,6.512648
39.96172,6.504026
40.00811,6.487337
40.05451,6.471273
40.1009,6.455728
40.1473,6.440599
40.19369,6.425803
40.24009,6.411259
40.28648,6.396902
40.33288,6.38266
40.37927,6.36848
40.42567,6.354296
40.47206,6.34006
40.51846,6.325708
40.56485,6.31119
40.61125,6.296444
40.65765,6.281413
40.70405,6.266033
40.75044,6.250241
40.79684,6.233958
40.84323,6.21711
40.88963,6.199602
40.93602,6.181343
40.98242,6.162213
41.02881,6.142092
41.05201,6.131612
41.07521,6.120826
41.09841,6.109712
41.1216,6.098252
41.1448,6.086409
41.168,6.074161
41.1912,6.061476
41.21439,6.048327
41.23759,6.034667
41.26079,6.020459
41.28399,6.005661
41.30718,5.990229
41.33038,5.974098
41.35358,5.957214
41.37678,5.93951
41.39997,5.920922
41.42317,5.901352
41.44637,5.880713
41.46957,5.858905
41.49276,5.835819
41.51596,5.811304
41.53916,5.785221
41.55076,5.771539
41.56236,5.7574
41.57396,5.742778
41.58555,5.727659
41.59715,5.71199
41.60875,5.695752
41.62035,5.678912
41.63195,5.661435
41.64355,5.643283
41.65515,5.624414
41.66675,5.604786
41.67834,5.584369
41.68994,5.563076
41.70154,5.540871
41.71314,5.517693
41.72474,5.493481
41.73634,5.468165
41.74794,5.441673
41.75954,5.413925
41.77113,5.384862
41.78273,5.354346
41.79433,5.322303
41.80593,5.288634
41.81753,5.253231
41.82913,5.215984
41.84073,5.176779
41.84653,5.156407
41.85233,5.135504
41.85813,5.114056
41.86392,5.092089
41.86972,5.069515
41.87552,5.04636
41.88132,5.022615
41.88712,4.998273
41.89292,4.973329
41.89872,4.947781
41.90452,4.921631
41.91032,4.894888
41.91612,4.867562
41.92192,4.839677
41.92772,4.81126
41.93352,4.782352
41.93932,4.753008
41.94512,4.723299
41.95092,4.693316
41.95671,4.663225
41.96251,4.633067
41.96831,4.603075
41.97411,4.573473
41.97991,4.544538
41.98571,4.516609
41.99151,4.490103
41.99731,4.465529
42.00311,4.443504
42.00891,4.42478
42.01471,4.410262
42.02051,4.401039
42.02631,4.398416
42.03211,4.403943
42.03791,4.419449
42.04371,4.44707
42.0495,4.489182
42.05454,4.539823
42.05957,4.605446
42.0646,4.68829
42.06963,4.790592
42.07466,4.914587
42.07969,5.062382
42.08472,5.235786
42.08975,5.436101
42.09479,5.664358
42.09982,5.919195
42.10485,6.199336
42.10988,6.501663
42.11491,6.821587
42.11994,7.15314
42.12497,7.489258
42.13,7.822218
42.13504,8.144832
42.14007,8.448501
42.1451,8.727621
42.15013,8.977384
42.15516,9.194646
42.16019,9.377942
42.16522,9.527334
42.17025,9.644146
42.17529,9.730784
42.18032,9.789787
42.18535,9.824557
42.19038,9.838382
42.19541,9.83446
42.20044,9.815781
42.20547,9.785058
42.2105,9.74469
42.21431,9.708981
42.21811,9.669837
42.22192,9.627745
42.22572,9.58353
42.22953,9.537485
42.23333,9.490305
42.23713,9.442259
42.24093,9.393677
42.24474,9.344712
42.24854,9.295857
42.25235,9.247055
42.25615,9.198727
42.25996,9.150756
42.26376,9.103506
42.26756,9.056939
42.27136,9.011126
42.27517,8.966008
42.27897,8.921863
42.28278,8.87849
42.28658,8.836139
42.29419,8.754101
42.30179,8.675886
42.3094,8.601248
42.31701,8.5302
42.32462,8.462617
42.33222,8.398436
42.33983,8.33733
42.34744,8.279224
42.35505,8.223956
42.36265,8.171433
42.37026,8.121362
42.37787,8.073667
42.38548,8.028207
42.39308,7.984904
42.40069,7.943518
42.4083,7.903991
42.41591,7.86621
42.42351,7.830121
42.43112,7.79553
42.43872,7.762438
42.44633,7.730675
42.45393,7.700246
42.46154,7.670997
42.46915,7.642901
42.47676,7.615893
42.48436,7.589949
42.49197,7.564943
42.49958,7.540859
42.50719,7.517648
42.51479,7.495294
42.53001,7.452841
42.54522,7.413249
42.56043,7.376218
42.57564,7.341508
42.59086,7.308888
42.60607,7.278213
42.62129,7.249277
42.6365,7.221969
42.65172,7.196122
42.66693,7.171649
42.68214,7.148428
42.69735,7.126362
42.71257,7.105352
42.72778,7.085346
42.743,7.066248
42.75821,7.048018
42.77343,7.030574
42.78864,7.013884
42.80385,6.997889
42.81906,6.982543
42.83428,6.967797
42.84949,6.953632
42.86471,6.939994
42.87992,6.92687
42.89514,6.914212
42.91035,6.902011
42.94077,6.878854
42.9712,6.857202
43.00163,6.836906
43.03206,6.817833
43.06248,6.799868
43.09291,6.782899
43.12334,6.766839
43.15377,6.751608
43.18419,6.737141
43.21462,6.723365
43.24505,6.710227
43.27548,6.697678
43.30591,6.685673
43.33634,6.674171
43.36677,6.663134
43.3972,6.652531
43.42762,6.642333
43.45805,6.632508
43.48848,6.623033
43.51891,6.613886
43.54933,6.605049
43.61019,6.588215
43.67104,6.572402
43.7319,6.55749
43.79275,6.543386
43.85361,6.530003
43.91446,6.517272
43.97532,6.505125
44.03617,6.493512
44.09703,6.482381
44.15788,6.471693
44.21874,6.461406
44.2796,6.451491
44.34046,6.441916
44.40131,6.432657
44.46217,6.423687
44.52302,6.414987
44.64473,6.39832
44.76644,6.382521
44.88815,6.367481
45.00986,6.353109
45.13157,6.339329
45.25328,6.326074
45.37499,6.31329
45.4967,6.30093
45.61841,6.288951
45.74012,6.27732
45.86183,6.266005
45.98354,6.254978
46.10525,6.244216
46.34868,6.223403
46.5921,6.203423
46.83552,6.184161
47.07894,6.165523
47.32237,6.14743
47.56579,6.129821
47.80921,6.112638
48.05263,6.095837
48.29606,6.079374
48.53948,6.063216
49.02632,6.031687
49.51316,6.001026
50.0,5.97104
50.43245,5.944826
50.8649,5.918877
51.29735,5.893057
51.51358,5.880149
51.7298,5.867214
51.94603,5.854227
52.16225,5.84116
52.37848,5.827982
52.5947,5.814657
52.81093,5.801139
53.02715,5.78738
53.24338,5.773314
53.35149,5.766144
53.4596,5.758867
53.56772,5.751471
53.67583,5.743942
53.78394,5.736264
53.89205,5.728419
54.00017,5.720386
54.10828,5.712143
54.21639,5.703662
54.3245,5.694911
54.43262,5.685855
54.54073,5.676451
54.64884,5.666649
54.7029,5.661581
54.75695,5.656391
54.81101,5.651068
54.86507,5.645603
54.91913,5.639985
54.97318,5.634202
55.02724,5.62824
55.08129,5.622084
55.13535,5.615716
55.1894,5.60912
55.24346,5.602272
55.29752,5.595151
55.35158,5.587728
55.40563,5.579977
55.45969,5.571861
55.51374,5.563344
55.5678,5.554378
55.62185,5.544918
55.67591,5.534901
55.70294,5.529663
55.72997,5.524261
55.757,5.518684
55.78403,5.51292
55.81106,5.506958
55.83808,5.500787
55.86511,5.494389
55.89214,5.48775
55.91917,5.480854
55.94619,5.473684
55.97322,5.466215
56.00025,5.458427
56.02728,5.450297
56.0543,5.4418
56.08133,5.432901
56.10836,5.423568
56.13539,5.413767
56.16242,5.403456
56.18945,5.392589
56.21648,5.381115
56.24351,5.368978
56.27053,5.356118
56.29756,5.342453
56.31108,5.335292
56.32459,5.327905
56.33811,5.320269
56.35162,5.312382
56.36513,5.304224
56.37864,5.295783
56.39216,5.287034
56.40567,5.277975
56.41919,5.268574
56.4327,5.258826
56.44622,5.248696
56.45973,5.238178
56.47324,5.227239
56.48675,5.215857
56.50027,5.203993
56.51378,5.191638
56.5273,5.178742
56.54081,5.165291
56.55433,5.151231
56.56784,5.136545
56.58136,5.121172
56.59487,5.105093
56.60839,5.08824
56.6219,5.070595
56.63542,5.052084
56.64893,5.03269
56.65569,5.022634
56.66245,5.012338
56.66921,5.001795
56.67596,4.991017
56.68272,4.979968
56.68947,4.968678
56.69623,4.957109
56.70298,4.945295
56.70974,4.9332
56.7165,4.920843
56.72326,4.908226
56.73001,4.895375
56.73677,4.88226
56.74353,4.868912
56.75029,4.855346
56.75704,4.841606
56.7638,4.827678
56.77056,4.813619
56.77732,4.799473
56.78407,4.785319
56.79083,4.771185
56.79758,4.7572
56.80434,4.74343
56.81109,4.730048
56.81785,4.717178
56.82461,4.70504
56.83137,4.693878
56.83812,4.684006
56.84488,4.675759
56.85164,4.6696
56.8584,4.666072
56.86515,4.665836
56.87191,4.669695
56.87867,4.678626
56.88543,4.693806
56.89218,4.71661
56.89894,4.748788
56.90569,4.792229
56.91245,4.849378
56.9192,4.922709
56.92425,4.989953
56.9293,5.069249
56.93435,5.161944
56.9394,5.269356
56.94445,5.392701
56.9495,5.532985
56.95455,5.690873
56.9596,5.866538
56.96465,6.059491
56.9697,6.268427
56.97475,6.491101
56.9798,6.724261
56.98485,6.963692
56.9899,7.204371
56.99495,7.440746
57.0,7.667121
57.00505,7.87809
57.0101,8.068956
57.01515,8.236077
57.0202,8.377071
57.02525,8.490876
57.0303,8.577663
57.03535,8.638645
57.0404,8.675819
57.04545,8.6917
57.0505,8.689066
57.0606,8.639512
57.06565,8.59787
57.0707,8.548107
57.07575,8.492208
57.0808,8.431869
57.08604,8.366082
57.09128,8.298344
57.09652,8.229699
57.10176,8.160973
57.107,8.092809
57.11224,8.025696
57.11748,7.959997
57.12272,7.895975
57.12796,7.833814
57.1332,7.773632
57.13844,7.715497
57.14368,7.659438
57.14892,7.605456
57.15416,7.553527
57.1594,7.503613
57.16463,7.45575
57.16987,7.409696
57.17511,7.365479
57.18035,7.323029
57.18559,7.282274
57.19083,7.243144
57.19607,7.205567
57.20131,7.169474
57.20655,7.134795
57.21179,7.101466
57.21703,7.069422
57.22227,7.038602
57.22751,7.008948
57.23275,6.980404
57.23799,6.952916
57.24323,6.926435
57.24846,6.900959
57.2537,6.876346
57.25894,6.852603
57.26942,6.807562
57.2799,6.765534
57.29038,6.726248
57.30086,6.689461
57.31134,6.654956
57.32182,6.622539
57.33229,6.592062
57.34277,6.563311
57.35325,6.536173
57.36373,6.510522
57.3742,6.486265
57.38468,6.463251
57.39516,6.44141
57.40564,6.420657
57.41611,6.400931
57.42659,6.382126
57.43707,6.364195
57.44755,6.347079
57.45803,6.330725
57.46851,6.315084
57.47899,6.300109
57.48947,6.285759
57.49994,6.272009
57.51042,6.258796
57.5209,6.246103
57.53138,6.233898
57.54186,6.222154
57.55234,6.210845
57.56282,6.199946
57.58377,6.179302
57.60473,6.160043
57.62569,6.14204
57.64665,6.125169
57.6676,6.109332
57.68856,6.09442
57.70951,6.080365
57.73047,6.067078
57.75142,6.054508
57.77238,6.042585
57.79334,6.031262
57.8143,6.020492
57.83525,6.010239
57.85621,6.000455
57.87717,5.991109
57.89813,5.982172
57.91908,5.973619
57.94004,5.965416
57.961,5.957543
57.98196,5.94998
58.00291,5.942709
58.02387,5.935707
58.04482,5.928963
58.06578,5.922456
58.08673,5.916177
58.12865,5.904239
58.17056,5.893064
58.21247,5.882568
58.25438,5.872681
58.2963,5.863344
58.33821,5.854506
58.38012,5.846121
58.42203,5.838147
58.46395,5.830547
58.50586,5.823294
58.54778,5.816354
58.58969,5.809708
58.63161,5.803328
58.67352,5.797197
58.71543,5.791296
58.75734,5.785609
58.79926,5.780118
58.84117,5.774812
58.88308,5.769679
58.92499,5.764707
58.96691,5.759885
59.00882,5.755204
59.09264,5.746233
59.17647,5.737731
59.2603,5.729646
59.34413,5.721934
59.42795,5.714559
59.51178,5.707483
59.5956,5.700682
59.67943,5.694128
59.76325,5.6878
59.84708,5.681677
59.93091,5.675744
60.01474,5.669984
60.09856,5.664385
60.18239,5.658933
60.26622,5.653619
60.43387,5.643362
60.60153,5.633548
60.76918,5.62412
60.93683,5.615033
61.10448,5.606248
61.27214,5.597732
61.43979,5.589459
61.60744,5.581403
61.77509,5.573546
61.94275,5.565868
62.1104,5.558357
62.4457,5.543778
62.78101,5.529718
63.11632,5.51611
63.45163,5.502898
63.78693,5.490036
64.12224,5.477488
64.45754,5.465224
64.79285,5.453218
65.12815,5.441449
65.79877,5.41855
66.46938,5.396409
67.13999,5.374936
67.8106,5.354061
68.48122,5.333725
69.15183,5.313884
69.82244,5.294499
70.49305,5.275536
71.83428,5.238765
73.1755,5.203382
74.51673,5.169232
75.85795,5.136185
77.19918,5.104125
78.5404,5.072946
79.88163,5.042549
81.22285,5.012839
82.56408,4.983715
83.9053,4.955078
85.24653,4.926816
86.58775,4.898808
87.92898,4.870913
88.59959,4.856955
89.2702,4.84296
89.94082,4.828898
90.61143,4.814739
91.28204,4.800447
91.95265,4.785981
92.62327,4.771291
93.29388,4.756322
93.96449,4.741005
94.6351,4.72526
94.97041,4.717196
95.30572,4.708986
95.64103,4.700614
95.97633,4.692061
96.31164,4.683309
96.64694,4.674333
96.98225,4.665109
97.31755,4.655607
97.65286,4.645794
97.98817,4.635632
98.32348,4.625077
98.65878,4.614078
98.99409,4.602576
99.32939,4.590502
99.49705,4.584225
99.6647,4.577773
99.83235,4.571134
100.0,4.564293
100.2099,4.555421
100.4197,4.54618
100.6296,4.536524
100.8394,4.526419
101.0493,4.515808
101.2591,4.504645
101.469,4.492855
101.6788,4.480376
101.7838,4.473844
101.8887,4.467111
101.9936,4.460158
102.0985,4.452972
102.2035,4.445529
102.3084,4.437828
102.4133,4.429843
102.5182,4.421554
102.6232,4.412932
102.7281,4.40397
102.833,4.394633
102.9379,4.384893
103.0428,4.374718
103.1477,4.364074
103.2526,4.352921
103.3575,4.341218
103.4625,4.328905
103.5674,4.31595
103.6723,4.302284
103.7772,4.287838
103.8822,4.272523
103.9871,4.25628
104.0396,4.247768
104.092,4.239
104.1445,4.229927
104.1969,4.220569
104.2494,4.210874
104.3019,4.200842
104.3544,4.190454
104.4068,4.17971
104.4593,4.168547
104.5117,4.156985
104.5642,4.144954
104.6166,4.132472
104.6691,4.119462
104.7216,4.105916
104.7741,4.091798
104.8265,4.077099
104.879,4.061723
104.9314,4.045684
104.9839,4.028873
105.0363,4.0113
105.0888,3.992842
105.1413,3.973469
105.1938,3.953113
105.2462,3.931742
105.2987,3.909192
105.3511,3.885462
105.4036,3.860366
105.4298,3.847315
105.456,3.833895
105.4823,3.820039
105.5085,3.805837
105.5348,3.791166
105.561,3.776121
105.5873,3.760571
105.6135,3.744619
105.6397,3.728188
105.6659,3.711263
105.6922,3.693758
105.7184,3.675791
105.7446,3.657279
105.7708,3.638206
105.7971,3.618483
105.8233,3.598246
105.8495,3.577411
105.8757,3.555971
105.902,3.533838
105.9282,3.511184
105.9545,3.487846
105.9807,3.464023
106.007,3.439569
106.0332,3.414721
106.0594,3.389461
106.0856,3.363894
106.0988,3.350939
106.1119,3.338064
106.125,3.325195
106.1381,3.312364
106.1512,3.299604
106.1643,3.286956
106.1774,3.274468
106.1905,3.262194
106.2037,3.250105
106.2168,3.23846
106.2299,3.227248
106.243,3.216569
106.2561,3.206536
106.2692,3.19728
106.2823,3.188954
106.2954,3.181738
106.3086,3.175801
106.3217,3.171476
106.3348,3.169001
106.3479,3.168709
106.361,3.170994
106.3741,3.176323
106.3872,3.185245
106.4003,3.198414
106.4135,3.216768
106.4266,3.240963
106.4397,3.272235
106.4528,3.311927
106.4659,3.361662
106.4725,3.391132
106.479,3.423413
106.4856,3.459816
106.4921,3.499585
106.4987,3.544333
106.5052,3.593129
106.5118,3.647957
106.5184,3.708647
106.525,3.775806
106.5315,3.848928
106.5381,3.93101
106.5446,4.020385
106.5512,4.12074
106.5577,4.230068
106.5643,4.352916
106.5708,4.486868
106.5774,4.63755
106.5839,4.802058
106.5905,4.987376
106.597,5.190018
106.6036,5.418683
106.6101,5.669183
106.6167,5.952401
106.6233,6.268345
106.6299,6.621174
106.6364,7.009312
106.643,7.450016
106.6495,7.935843
106.6561,8.488578
106.6626,9.099041
106.6659,9.436741
106.6692,9.794708
106.6725,10.17421
106.6757,10.56403
106.679,10.9899
106.6823,11.44147
106.6856,11.92025
106.6888,12.41204
106.6921,12.94916
106.6954,13.51839
106.6987,14.12146
106.7019,14.74023
106.7052,15.41509
106.7085,16.12897
106.7118,16.88357
106.715,17.65568
106.7204,19.0525
106.7257,20.54238
106.731,22.1532
106.7363,23.88532
106.7416,25.73537
106.7469,27.69513
106.7522,29.75039
106.7575,31.87989
106.7629,34.0957
106.7682,36.27777
106.7735,38.42167
106.7788,40.47604
106.7841,42.38583
106.7894,44.09593
106.7947,45.55533
106.8,46.72152
106.8054,47.57684
106.8107,48.074
106.816,48.23235
106.8213,48.06708
106.8266,47.6057
106.8319,46.88481
106.8372,45.94632
106.8425,44.83398
106.8479,43.56599
106.8532,42.22931
106.8638,39.41654
106.8691,37.99413
106.8744,36.58826
106.8797,35.21353
106.885,33.88067
106.8907,32.50241
106.8964,31.18704
106.9021,29.93766
106.9078,28.75533
106.9135,27.63952
106.9192,26.58865
106.9249,25.60037
106.9305,24.68766
106.9362,23.81487
106.9419,22.99557
106.9476,22.2265
106.9532,21.51675
106.9589,20.83789
106.9646,20.20002
106.9703,19.60032
106.9759,19.04574
106.9816,18.51401
106.9873,18.01302
106.993,17.54061
106.9987,17.09477
107.0044,16.67364
107.0101,16.2755
107.0158,15.89878
107.0214,15.5481
107.0271,15.20961
107.0328,14.88848
107.0385,14.58357
107.0441,14.29876
107.0498,14.02293
107.0555,13.76036
107.0612,13.51023
107.0668,13.27583
107.0725,13.0481
107.0782,12.83064
107.0896,12.42413
107.101,12.05185
107.1123,11.71287
107.1237,11.39788
107.135,11.10959
107.1464,10.84041
107.1577,10.59289
107.1691,10.36074
107.1805,10.14455
107.1919,9.942822
107.2032,9.755826
107.2146,9.579092
107.2259,9.414695
107.2373,9.258801
107.2486,9.113327
107.26,8.974956
107.2714,8.844343
107.2828,8.720883
107.2941,8.605028
107.3055,8.494238
107.3168,8.390016
107.3282,8.290115
107.3395,8.195924
107.3509,8.105441
107.3623,8.019213
107.3737,7.936957
107.385,7.859088
107.3964,7.783994
107.4077,7.712778
107.4304,7.578624
107.4532,7.454696
107.4759,7.340874
107.4986,7.235556
107.5213,7.13785
107.544,7.04698
107.5667,6.96227
107.5894,6.88313
107.6121,6.80904
107.6349,6.739245
107.6576,6.673951
107.6803,6.612482
107.703,6.554518
107.7258,6.499539
107.7485,6.447769
107.7712,6.39873
107.7939,6.352216
107.8167,6.307848
107.8394,6.265847
107.8621,6.225859
107.8848,6.187745
107.9075,6.151377
107.9302,6.116639
107.9529,6.083426
107.9756,6.051639
107.9984,6.021059
108.0211,5.991871
108.0665,5.936965
108.112,5.886139
108.1574,5.839156
108.2029,5.795413
108.2483,5.754758
108.2937,5.716796
108.3391,5.681268
108.3846,5.647874
108.43,5.616562
108.4755,5.587015
108.5209,5.559207
108.5664,5.532875
108.6118,5.508011
108.6573,5.484392
108.7027,5.462022
108.7482,5.440713
108.7936,5.420477
108.8391,5.40115
108.8845,5.38275
108.93,5.365137
108.9754,5.348331
109.0208,5.332243
109.0662,5.316827
109.1117,5.302008
109.1571,5.287813
109.2026,5.274144
109.248,5.261026
109.3389,5.236212
109.4297,5.213178
109.5206,5.191686
109.6115,5.171602
109.7024,5.152787
109.7932,5.135136
109.8841,5.118505
109.975,5.10282
110.0659,5.087996
110.1568,5.073962
110.2477,5.06065
110.3386,5.048004
110.4295,5.03597
110.5203,5.024514
110.6112,5.013568
110.7021,5.003108
110.793,4.993098
110.8838,4.983517
110.9747,4.974317
111.0656,4.965481
111.1565,4.956987
111.2473,4.94882
111.3382,4.940944
111.4291,4.933349
111.6109,4.918936
111.7927,4.905462
111.9744,4.892832
112.1562,4.880943
112.3379,4.869734
112.5197,4.859126
112.7014,4.849073
112.8832,4.839513
113.065,4.830408
113.2468,4.821718
113.4285,4.813414
113.6103,4.805454
113.792,4.797819
113.9738,4.790478
114.1555,4.783414
114.3373,4.776601
114.5191,4.770024
114.7009,4.763666
114.8826,4.757517
115.0644,4.751554
115.2461,4.745774
115.6096,4.7347
115.9732,4.724213
116.3367,4.71425
116.7002,4.70475
117.0637,4.695665
117.4273,4.68695
117.7908,4.678571
118.1543,4.670496
118.5178,4.662695
118.8814,4.655141
119.2449,4.647818
119.6084,4.640702
119.9719,4.633778
120.3355,4.627028
120.699,4.620441
121.426,4.607703
122.1531,4.595473
122.8801,4.583682
123.6072,4.572267
124.3342,4.561179
125.0613,4.55037
125.7883,4.539804
126.5154,4.529442
127.2424,4.519257
127.9695,4.509218
128.6965,4.499299
129.4235,4.489474
130.1505,4.479719
130.8776,4.470009
131.6046,4.460323
132.3317,4.450633
133.0587,4.440916
133.7858,4.431145
134.5128,4.421293
135.2399,4.411327
135.9669,4.401215
136.694,4.390917
137.421,4.380392
138.1481,4.369587
138.8751,4.358447
139.6022,4.3469
139.9657,4.34095
140.3292,4.334867
140.6928,4.328635
141.0563,4.322245
141.4198,4.315677
141.7833,4.308914
142.1469,4.301934
142.5104,4.294718
142.8739,4.287238
143.2374,4.279466
143.601,4.271365
143.9645,4.262902
144.328,4.254031
144.6915,4.2447
145.0551,4.234848
145.4186,4.224409
145.6004,4.218942
145.7821,4.213299
145.9639,4.20746
146.1456,4.201418
146.3274,4.195151
146.5092,4.188645
146.691,4.181881
146.8727,4.174842
147.0545,4.167498
147.2362,4.15983
147.418,4.151802
147.5997,4.143391
147.7815,4.13455
147.9633,4.125244
148.1451,4.115427
148.3268,4.105052
148.5086,4.094047
148.6903,4.082358
148.8721,4.069891
148.963,4.063341
149.0538,4.05657
149.1447,4.049549
149.2356,4.042273
149.3265,4.034723
149.4174,4.026882
149.5083,4.018732
149.5992,4.010252
149.6901,4.001418
149.7809,3.992217
149.8718,3.982601
149.9627,3.97255
150.0536,3.962031
150.1444,3.95102
150.2353,3.939454
150.3262,3.927298
150.4171,3.914505
150.5079,3.901033
150.5988,3.886792
150.6897,3.871727
150.7806,3.85576
150.8715,3.838803
150.9624,3.820757
151.0533,3.801507
151.0988,3.79138
151.1442,3.780925
151.1896,3.770101
151.235,3.758886
151.2805,3.747234
151.3259,3.735171
151.3714,3.722618
151.4168,3.709603
151.4623,3.696038
151.5077,3.68195
151.5531,3.667276
151.5985,3.651975
151.644,3.635972
151.6894,3.61929
151.7349,3.601807
151.7803,3.583545
151.8258,3.564365
151.8712,3.544284
151.9166,3.523191
151.962,3.501007
152.0075,3.477591
152.0529,3.45295
152.0984,3.426867
152.1438,3.399339
152.1893,3.37011
152.2347,3.339161
152.2801,3.306264
152.3028,3.289028
152.3255,3.271233
152.3483,3.25277
152.371,3.233772
152.3937,3.214131
152.4164,3.193812
152.4392,3.172689
152.4619,3.15091
152.4846,3.128344
152.5073,3.104951
152.5301,3.080579
152.5528,3.055394
152.5755,3.029242
152.5982,3.002071
152.6209,2.973825
152.6436,2.944445
152.6663,2.913868
152.689,2.882029
152.7118,2.848709
152.7345,2.814127
152.7572,2.778064
152.7799,2.740441
152.8027,2.701002
152.8254,2.660011
152.8481,2.617218
152.8708,2.572546
152.8936,2.525714
152.905,2.501541
152.9163,2.477074
152.9277,2.451875
152.939,2.426384
152.9504,2.400149
152.9617,2.373631
152.9731,2.346367
152.9844,2.318844
152.9958,2.290589
153.0071,2.262115
153.0185,2.232945
153.0298,2.203624
153.0412,2.173677
153.0525,2.143684
153.0639,2.113183
153.0753,2.082525
153.0867,2.05182
153.098,2.021467
153.1094,1.991092
153.1207,1.961425
153.1321,1.932185
153.1434,1.904181
153.1548,1.877282
153.1662,1.852192
153.1776,1.829465
153.1889,1.809939
153.2003,1.7941
153.2116,1.783238
153.223,1.778429
153.2287,1.778821
153.2343,1.781313
153.24,1.78625
153.2457,1.793897
153.2514,1.804577
153.2571,1.818654
153.2628,1.836536
153.2685,1.858678
153.2742,1.885594
153.2798,1.917245
153.2855,1.955403
153.2912,2.000282
153.2969,2.052706
153.3025,2.11246
153.3082,2.182714
153.3139,2.263667
153.3196,2.356665
153.3252,2.461235
153.3309,2.582812
153.3366,2.721606
153.3423,2.879833
153.3479,3.056637
153.3508,3.157395
153.3536,3.261132
153.3565,3.375681
153.3593,3.493571
153.3622,3.623702
153.365,3.757582
153.3678,3.900059
153.3706,4.051661
153.3735,4.218893
153.3763,4.39083
153.3792,4.580425
153.382,4.775282
153.3849,4.990065
153.3877,5.21071
153.3905,5.44516
153.3933,5.69421
153.3962,5.968429
153.399,6.249788
153.4019,6.559339
153.4047,6.876671
153.4076,7.225453
153.4104,7.582601
153.4132,7.96074
153.416,8.360811
153.4187,8.768229
153.4213,9.18139
153.4239,9.615681
153.4265,10.07173
153.4292,10.56896
153.4318,11.07104
153.4344,11.59634
153.437,12.14512
153.4423,13.33682
153.4475,14.59992
153.4528,15.97796
153.458,17.4095
153.4633,18.93448
153.4685,20.47475
153.4738,22.06234
153.479,23.6054
153.4843,25.12627
153.4895,26.52942
153.4948,27.83027
153.5,28.94572
153.5053,29.89035
153.5105,30.60951
153.5158,31.12151
153.521,31.40792
153.5263,31.48995
153.5315,31.38177
153.5368,31.10212
153.542,30.68675
153.5473,30.14635
153.5525,29.52651
153.563,28.09541
153.5683,27.32102
153.5735,26.5479
153.5788,25.75842
153.584,24.99163
153.5883,24.36843
153.5925,23.77232
153.5968,23.17715
153.601,22.61217
153.6053,22.0516
153.6095,21.52222
153.6137,21.01115
153.6179,20.51852
153.6222,20.03318
153.6264,19.57746
153.6306,19.13952
153.6348,18.71891
153.6391,18.3057
153.6433,17.91854
153.6475,17.54706
153.6517,17.19064
153.656,16.84071
153.6602,16.51293
153.6645,16.19105
153.6687,15.88945
153.673,15.59317
153.6772,15.31542
153.6814,15.04863
153.6856,14.7923
153.6941,14.30353
153.7025,13.85688
153.711,13.4383
153.7194,13.0546
153.7279,12.69383
153.7364,12.35823
153.7449,12.0455
153.7533,11.75695
153.7618,11.48388
153.7702,11.23111
153.7787,10.99117
153.7871,10.76841
153.7956,10.55634
153.8041,10.35661
153.8126,10.16825
153.821,9.992411
153.8295,9.824115
153.8379,9.666616
153.8464,9.515513
153.8548,9.373776
153.8633,9.23749
153.8718,9.107888
153.8803,8.984514
153.8887,8.868303
153.8972,8.756107
153.9056,8.650226
153.9141,8.547818
153.9225,8.451003
153.931,8.357205
153.9395,8.267349
153.9564,8.099498
153.9733,7.944681
153.9902,7.801486
154.0072,7.667936
154.0241,7.544536
154.041,7.429548
154.0579,7.322162
154.0749,7.221093
154.0918,7.1269
154.1087,7.038415
154.1256,6.955145
154.1426,6.876201
154.1595,6.802119
154.1764,6.732071
154.1933,6.665742
154.2103,6.602486
154.2272,6.54279
154.2441,6.486042
154.261,6.432032
154.278,6.380271
154.2949,6.331195
154.3118,6.284333
154.3287,6.23954
154.3457,6.196437
154.3626,6.155408
154.3795,6.116082
154.3964,6.078357
154.4134,6.041927
154.4303,6.007133
154.4641,5.941481
154.498,5.880428
154.5318,5.823835
154.5657,5.770932
154.5995,5.721654
154.6334,5.675377
154.6672,5.632085
154.7011,5.591266
154.7349,5.552934
154.7688,5.516662
154.8026,5.482484
154.8365,5.450037
154.8703,5.419371
154.9042,5.390175
154.938,5.362504
154.9719,5.33609
155.0057,5.310993
155.0396,5.28698
155.0734,5.264112
155.1073,5.242184
155.1411,5.221258
155.175,5.201151
155.2088,5.181927
155.2427,5.163422
155.2765,5.145698
155.3104,5.128607
155.3442,5.112212
155.4119,5.081163
155.4796,5.05229
155.5473,5.025368
155.615,5.0002
155.6827,4.976616
155.7503,4.954499
155.818,4.933651
155.8857,4.913992
155.9534,4.895418
156.0211,4.877839
156.0888,4.861173
156.1565,4.845347
156.2242,4.830297
156.2919,4.815964
156.3596,4.802295
156.4273,4.789241
156.495,4.77676
156.5627,4.764812
156.6304,4.75336
156.6981,4.742373
156.7658,4.73182
156.8334,4.721689
156.9011,4.711923
156.9688,4.702516
157.1042,4.684691
157.2396,4.668062
157.375,4.652498
157.5104,4.637886
157.6458,4.624129
157.7812,4.611141
157.9165,4.598856
158.0519,4.587192
158.1873,4.576098
158.3227,4.565525
158.4581,4.555426
158.5935,4.54576
158.7289,4.53649
158.8643,4.527584
158.9997,4.519012
159.1351,4.510747
159.2705,4.502764
159.4059,4.495041
159.5413,4.487557
159.6767,4.480295
159.8121,4.473236
160.0828,4.459672
160.3536,4.446741
160.6244,4.43435
160.8952,4.422414
161.1659,4.41086
161.4367,4.399609
161.7075,4.388604
161.9783,4.377785
162.249,4.367101
162.5198,4.356491
162.7906,4.345906
163.0614,4.335294
163.3322,4.324601
163.603,4.313773
163.8738,4.302752
164.1446,4.291473
164.4153,4.279874
164.6861,4.26787
164.8215,4.261692
164.9569,4.25538
165.0923,4.248922
165.2277,4.242304
165.3631,4.235513
165.4984,4.228536
165.6338,4.221348
165.7692,4.213932
165.9046,4.206271
166.04,4.198339
166.1754,4.190113
166.3108,4.181566
166.4462,4.172666
166.5815,4.163387
166.7169,4.153677
166.8523,4.143502
166.9877,4.132812
167.1231,4.121555
167.2585,4.10967
167.3939,4.097087
167.5293,4.083728
167.597,4.07673
167.6647,4.069502
167.7324,4.062031
167.8001,4.054303
167.8678,4.046301
167.9355,4.03801
168.0032,4.029409
168.0709,4.02048
168.1386,4.0112
168.2063,4.001547
168.274,3.991493
168.3417,3.981012
168.4094,3.970073
168.4771,3.958642
168.5448,3.946681
168.6125,3.934152
168.6802,3.921009
168.7478,3.907223
168.8155,3.8927
168.8832,3.877399
168.9509,3.861252
169.0186,3.844185
169.0863,3.826114
169.154,3.806945
169.1879,3.796901
169.2217,3.786573
169.2556,3.775883
169.2894,3.764878
169.3233,3.753477
169.3571,3.741727
169.391,3.729541
169.4248,3.716969
169.4587,3.703915
169.4925,3.690431
169.5264,3.676414
169.5602,3.661918
169.5941,3.646831
169.6279,3.631209
169.6618,3.614929
169.6956,3.598051
169.7295,3.580439
169.7633,3.562157
169.7971,3.543113
169.8309,3.523264
169.8648,3.502499
169.8986,3.480891
169.9325,3.458263
169.9663,3.434693
170.0002,3.409986
170.034,3.384233
170.0679,3.357224
170.1017,3.329065
170.1187,3.314422
170.1356,3.29954
170.1525,3.284328
170.1694,3.268781
170.1864,3.252803
170.2033,3.236578
170.2202,3.220014
170.2371,3.203113
170.2541,3.185774
170.271,3.168211
170.2879,3.15033
170.3048,3.132149
170.3218,3.113575
170.3387,3.094855
170.3556,3.075915
170.3725,3.056797
170.3895,3.037443
170.4064,3.018152
170.4233,2.998895
170.4402,2.979783
170.4572,2.96084
170.4741,2.942456
170.491,2.924728
170.5079,2.907915
170.5249,2.892249
170.5418,2.878317
170.5587,2.866524
170.5672,2.861593
170.5756,2.857496
170.5841,2.854241
170.5926,2.852
170.6011,2.850907
170.6095,2.851101
170.618,2.852755
170.6264,2.856017
170.6349,2.861178
170.6433,2.868356
170.6518,2.877997
170.6603,2.890345
170.6688,2.905758
170.6772,2.924403
170.6857,2.947188
170.6941,2.974098
170.7026,3.006384
170.711,3.043975
170.7195,3.08857
170.728,3.140697
170.7365,3.201443
170.7449,3.271175
170.7534,3.353007
170.7618,3.446677
170.7703,3.556392
170.7787,3.681846
170.7872,3.828743
170.7957,3.998917
170.8042,4.196173
170.8126,4.422109
170.8169,4.551326
170.8211,4.687367
170.8253,4.833918
170.8295,4.991838
170.8338,5.166272
170.838,5.350146
170.8422,5.548473
170.8464,5.762455
170.8507,5.999117
170.8549,6.248897
170.8591,6.51863
170.8633,6.80998
170.8676,7.132541
170.8718,7.473283
170.876,7.841504
170.8802,8.23943
170.8845,8.680081
170.8887,9.145524
170.8929,9.648255
170.8971,10.19103
170.9014,10.79116
170.9056,11.42369
170.9098,12.10492
170.914,12.83763
170.9194,13.85951
170.9248,14.9756
170.9302,16.18937
170.9355,17.47709
170.9409,18.8861
170.9463,20.38809
170.9517,21.97349
170.957,23.596
170.9624,25.29574
170.9678,27.01459
170.9732,28.718
170.9785,30.33621
170.9839,31.88743
170.9893,33.29618
170.9947,34.52074
171.0,35.50907
171.0054,36.2725
171.0108,36.77524
171.0162,37.01474
171.0215,37.00282
171.0269,36.75819
171.0323,36.30577
171.0377,35.67725
171.043,34.9216
171.0484,34.04291
171.0538,33.08509
171.0645,31.05734
171.0699,30.011
171.0753,28.97116
171.0807,27.94983
171.086,26.97406
171.0904,26.18845
171.0948,25.42763
171.0992,24.69322
171.1035,24.00196
171.1079,23.32214
171.1122,22.68474
171.1166,22.05986
171.1209,21.47543
171.1253,20.90359
171.1296,20.36956
171.134,19.84763
171.1383,19.36058
171.1427,18.88479
171.147,18.44091
171.1514,18.0073
171.1557,17.60271
171.1601,17.20738
171.1644,16.83835
171.1688,16.47757
171.1731,16.1406
171.1775,15.81092
171.1818,15.50276
171.1862,15.20104
171.1905,14.91878
171.1992,14.38315
171.2079,13.89097
171.2166,13.43784
171.2253,13.01986
171.2341,12.6293
171.2428,12.27191
171.2515,11.94035
171.2602,11.63217
171.2689,11.34523
171.2776,11.07758
171.2863,10.82752
171.295,10.59348
171.3037,10.37412
171.3124,10.16818
171.3211,9.974558
171.3298,9.792261
171.3385,9.620388
171.3472,9.458127
171.3559,9.304745
171.3646,9.159576
171.3734,9.020477
171.3821,8.890057
171.3908,8.766192
171.3995,8.648427
171.4082,8.536347
171.4169,8.42957
171.4256,8.327748
171.4343,8.230561
171.443,8.137714
171.4517,8.048936
171.4691,7.88261
171.4865,7.729807
171.5039,7.589006
171.5214,7.45818
171.5388,7.337689
171.5562,7.225777
171.5736,7.121589
171.591,7.024378
171.6084,6.933487
171.6258,6.848338
171.6432,6.768419
171.6607,6.692857
171.6781,6.622109
171.6955,6.55537
171.7129,6.492317
171.7303,6.43266
171.7477,6.376137
171.7651,6.322515
171.7825,6.27158
171.8,6.222867
171.8174,6.176758
171.8348,6.132807
171.8522,6.09087
171.8696,6.050814
171.887,6.012517
171.9044,5.975867
171.9218,5.940762
171.9393,5.90692
171.9567,5.874638
171.9915,5.813851
172.0263,5.757634
172.0611,5.705495
172.0959,5.65701
172.1307,5.611813
172.1655,5.569582
172.2003,5.530038
172.2352,5.492829
172.27,5.457951
172.3048,5.425101
172.3396,5.394108
172.3745,5.364738
172.4093,5.337022
172.4441,5.310751
172.4789,5.285815
172.5138,5.262048
172.5486,5.239497
172.5834,5.21801
172.6182,5.197514
172.653,5.177941
172.6878,5.159231
172.7226,5.141326
172.7574,5.124176
172.7923,5.107687
172.8271,5.091911
172.8619,5.07676
172.8967,5.062196
172.9664,5.034661
173.036,5.009142
173.1057,4.985358
173.1753,4.963196
173.2449,4.942465
173.3145,4.923029
173.3842,4.904741
173.4538,4.887549
173.5235,4.87131
173.5931,4.855987
173.6628,4.841464
173.7324,4.827714
173.8021,4.814641
173.8717,4.802228
173.9414,4.790392
174.011,4.779124
174.0807,4.768352
174.1503,4.758072
174.22,4.748222
174.2896,4.738801
174.3592,4.729767
174.4288,4.721097
174.4985,4.712755
174.5681,4.704745
174.6378,4.697024
174.7074,4.689598
174.8467,4.675523
174.9859,4.662411
175.1252,4.650143
175.2645,4.638644
175.4038,4.627839
175.543,4.617668
175.6823,4.60806
175.8216,4.598972
175.9609,4.590359
176.1002,4.582181
176.2395,4.574403
176.3788,4.566993
176.5181,4.559923
176.6573,4.553172
176.7966,4.546707
176.9359,4.540513
177.0752,4.534571
177.2144,4.528867
177.3537,4.523379
177.493,4.518095
177.6323,4.513003
177.7715,4.508095
177.9108,4.503352
178.0501,4.498768
178.3286,4.490045
178.6072,4.481853
178.8857,4.474141
179.1643,4.466856
179.4428,4.45996
179.7214,4.453413
179.9999,4.447187
180.0001,13.67138
190.0001,13.6032
200.0,13.53883
212.5,13.46861
225.0,13.40274
237.5,13.34073
250.0,13.28217
262.5,13.22578
275.0,13.17224
300.0,13.07268
325.0,12.96055
350.0,12.85759
375.0,12.76093
400.0,12.67116
425.0,12.57721
450.0,12.48928
475.0,12.40666
500.0,12.32879
525.0,12.24945
550.0,12.17427
575.0,12.10287
600.0,12.0349
630.0,11.95121
660.0,11.87196
690.0,11.79672
720.0,11.72513
760.0,11.63334
800.0,11.54693
850.0,11.44489
900.0,11.34951
950.0,11.26002
1000.0,11.17578
1062.5,11.06361
1125.0,10.95888
1187.5,10.86072
1250.0,10.76842
1312.5,10.67969
1375.0,10.59577
1437.5,10.5162
1500.0,10.44057
1600.0,10.32202
1700.0,10.21189
1775.0,10.13333
1850.0,10.05858
2000.0,9.919272
2125.0,9.808502
2250.0,9.705198
2375.0,9.608483
2500.0,9.517621
2625.0,9.431024
2750.0,9.34919
2875.0,9.271658
3000.0,9.198029
3250.0,9.05796
3500.0,8.930178
3750.0,8.812284
4000.0,8.70341
4250.0,8.600977
4500.0,8.505505
4750.0,8.416172
5000.0,8.332289
5250.0,8.252463
5500.0,8.177063
5750.0,8.105659
6000.0,8.037879
6500.0,7.912059
7000.0,7.797324
7500.0,7.691838
8000.0,7.594455
8500.0,7.504774
9000.0,7.421191
9500.0,7.342985
10000.0,7.269553
10642.2,7.147396
11284.4,7.034276
11322.39,7.027842
11360.38,7.021435
11436.35,7.008705
11512.33,6.99608
11588.3,6.983563
11740.25,6.958837
11892.2,6.934514
12044.15,6.910584
12196.1,6.887035
12500.0,6.841038
12812.5,6.799402
13125.0,6.759014
13437.5,6.719808
13750.0,6.681723
14062.5,6.644703
14375.0,6.608694
15000.0,6.539522
16000.0,6.453517
17000.0,6.373759
18500.0,6.267118
20000.0,6.170378
21250.0,6.099375
22500.0,6.03318
23750.0,5.971226
25000.0,5.913039
27500.0,5.81631
30000.0,5.729385
32500.0,5.655062
35000.0,5.58711
37500.0,5.527
40000.0,5.471357
42500.0,5.422437
45000.0,5.376715
47500.0,5.33382
50000.0,5.293442
55000.0,5.22291
60000.0,5.15934
60452.0,5.149665
60601.19,5.146491
60750.38,5.143327
61048.75,5.137029
61645.5,5.124546
62242.25,5.112213
62839.0,5.100028
64032.5,5.076085
65226.0,5.052694
66419.5,5.029831
67613.0,5.007477
68806.5,4.98561
70000.0,4.964213
72500.0,4.934686
75000.0,4.906326
77500.0,4.879052
80000.0,4.852788
84999.98,4.806731
89999.95,4.763708
94999.93,4.723366
99999.9,4.68541
100000.1,4.73144
104980.9,4.712864
109961.6,4.695218
119923.1,4.662382
129884.6,4.63237
139846.0,4.60475
140163.4,4.604187
140480.7,4.603626
141115.3,4.602509
142384.5,4.600288
143653.8,4.598089
144923.0,4.59591
147461.5,4.591611
150000.0,4.58739
151569.4,4.585633
153138.7,4.583895
156277.3,4.580473
159415.9,4.577121
162554.5,4.573838
165693.2,4.570619
168831.8,4.567463
175109.0,4.56133
175109.3,4.561328
175764.3,4.556869
176419.2,4.552432
177729.0,4.54362
177930.0,4.538
177930.4,4.537999
178361.7,4.536426
178792.9,4.534857
179655.4,4.531734
181380.8,4.525536
183106.2,4.519405
184831.5,4.51334
188282.3,4.501401
191733.0,4.48971
191733.5,4.489704
192161.7,4.48495
192589.9,4.480211
193446.3,4.470779
195159.0,4.4521
195159.2,4.452098
195675.6,4.446971
196191.9,4.441864
197224.6,4.431707
199290.0,4.41162
200000.0,4.40231
202794.8,4.388535
205589.5,4.374992
208384.3,4.361672
211179.0,4.34857
211956.7,4.345425
212734.4,4.342293
214289.8,4.336071
215845.2,4.329902
217400.5,4.323787
220511.3,4.311712
223622.0,4.299839
226732.8,4.288162
229843.5,4.276675
236065.0,4.25425
236936.0,4.252475
237806.9,4.250707
239548.8,4.247193
241290.7,4.243708
243032.5,4.24025
246516.3,4.233417
250000.0,4.22669
259037.0,4.21792
259704.5,4.217033
260371.9,4.216148
261706.8,4.214385
264376.5,4.210889
267046.3,4.207431
269716.0,4.20401
269716.6,4.204008
270648.5,4.201116
271580.3,4.198235
273444.0,4.19251
273444.4,4.19251
274061.5,4.191852
274678.6,4.191197
275912.7,4.189891
278381.0,4.187297
280849.5,4.184727
283318.0,4.182181
288255.0,4.17716
293192.0,4.17223
293192.1,4.17223
294043.1,4.171914
294894.1,4.171599
296596.1,4.170973
300000.0,4.16973
305874.3,4.171857
311748.5,4.173945
317622.8,4.175995
323497.0,4.178008
335245.5,4.18193
346994.0,4.18572
346994.3,4.18572
348023.9,4.186637
349053.5,4.187551
351112.6,4.189371
355230.9,4.192983
359349.2,4.196555
363467.5,4.20009
367585.9,4.203589
371704.3,4.207051
379941.0,4.21387
381452.3,4.214886
382963.5,4.215897
385986.0,4.21791
386790.5,4.21872
387595.0,4.219529
389203.9,4.221141
392421.7,4.224348
395639.5,4.22753
398857.3,4.23069
405292.9,4.23694
411728.5,4.243101
418164.2,4.249175
424599.8,4.255164
431035.4,4.261072
437471.0,4.2669
438484.9,4.268063
439498.7,4.269224
441526.3,4.271538
445581.5,4.276139
449636.8,4.280702
453692.0,4.28523
454800.0,4.28508
456160.5,4.285956
457521.0,4.28683
458453.0,4.287537
459385.0,4.288242
461248.9,4.28965
464976.8,4.292448
468704.7,4.295227
472432.5,4.297984
479888.3,4.303441
487344.0,4.30882
488926.0,4.310238
490508.0,4.311652
493672.0,4.314467
496836.0,4.317267
500000.0,4.32005
506587.0,4.32662
507626.1,4.327608
508665.2,4.328595
510743.3,4.330562
514899.5,4.334476
519055.8,4.338362
523212.0,4.34222
524836.7,4.343942
526461.3,4.345658
529710.5,4.349078
532959.8,4.35248
536209.0,4.355863
542707.5,4.362577
549206.0,4.369221
555704.5,4.375797
562203.0,4.382306
568701.5,4.38875
575200.0,4.39513
577290.8,4.396951
579381.5,4.398767
583563.0,4.40238
584973.6,4.403835
586384.1,4.405287
589205.2,4.408183
594847.3,4.413938
600489.4,4.419646
606131.5,4.425308
617415.8,4.436496
628700.0,4.44751
630022.4,4.448765
631344.8,4.450019
633989.5,4.452518
639279.0,4.45749
640853.3,4.458938
642427.6,4.460383
645576.2,4.463263
651873.3,4.468988
658170.4,4.474664
664467.5,4.480294
677061.8,4.491416
689656.0,4.50236
692242.0,4.504646
694828.0,4.506925
700000.0,4.51146
703125.0,4.513971
706250.0,4.516471
712500.0,4.521444
718750.0,4.526379
725000.0,4.531276
737500.0,4.54096
750000.0,4.550502
762500.0,4.559906
775000.0,4.569176
787500.0,4.578316
800000.0,4.58733
812500.0,4.594643
825000.0,4.601856
837500.0,4.608972
850000.0,4.615992
862500.0,4.622921
875000.0,4.62976
887500.0,4.636513
900000.0,4.64318
912500.0,4.647885
925000.0,4.652531
937500.0,4.657118
950000.0,4.66165
962500.0,4.666126
975000.0,4.670549
987500.0,4.67492
1000000.0,4.67924
1007813.0,4.67958
1015625.0,4.679917
1023438.0,4.680252
1031250.0,4.680585
1039063.0,4.680915
1046875.0,4.681242
1054688.0,4.681567
1062500.0,4.68189
1070313.0,4.68221
1078125.0,4.682528
1085938.0,4.682844
1093750.0,4.683157
1101563.0,4.683468
1109375.0,4.683777
1117188.0,4.684084
1125000.0,4.684389
1132813.0,4.684692
1140625.0,4.684993
1148438.0,4.685291
1156250.0,4.685588
1164063.0,4.685882
1171875.0,4.686175
1179688.0,4.686466
1187500.0,4.686755
1195313.0,4.687042
1203125.0,4.687327
1210938.0,4.68761
1218750.0,4.687892
1226563.0,4.688171
1234375.0,4.688449
1242188.0,4.688726
1250000.0,4.689
1257813.0,4.686042
1265625.0,4.683105
1273438.0,4.680187
1281250.0,4.67729
1289063.0,4.674411
1296875.0,4.671552
1304688.0,4.668711
1312500.0,4.665889
1320313.0,4.663086
1328125.0,4.660301
1335938.0,4.657534
1343750.0,4.654784
1351563.0,4.652052
1359375.0,4.649338
1367188.0,4.646641
1375000.0,4.64396
1382813.0,4.641296
1390625.0,4.638649
1398438.0,4.636018
1406250.0,4.633404
1414063.0,4.630805
1421875.0,4.628222
1429688.0,4.625654
1437500.0,4.623102
1445313.0,4.620565
1453125.0,4.618044
1460938.0,4.615537
1468750.0,4.613045
1476563.0,4.610567
1484375.0,4.608104
1492188.0,4.605655
1500000.0,4.60322
1507813.0,4.597946
1515625.0,4.592706
1523438.0,4.587498
1531250.0,4.582323
1539063.0,4.57718
1546875.0,4.572069
1554688.0,4.566988
1562500.0,4.56194
1570313.0,4.556922
1578125.0,4.551934
1585938.0,4.546976
1593750.0,4.542049
1601563.0,4.53715
1609375.0,4.532281
1617188.0,4.52744
1625000.0,4.522628
1632813.0,4.517844
1640625.0,4.513088
1648438.0,4.508359
1656250.0,4.503658
1664063.0,4.498983
1671875.0,4.494336
1679688.0,4.489714
1687500.0,4.48512
1695313.0,4.48055
1703125.0,4.476007
1710938.0,4.471489
1718750.0,4.466996
1726563.0,4.462527
1734375.0,4.458084
1742188.0,4.453665
1750000.0,4.44927
1757813.0,4.442528
1765625.0,4.435828
1773438.0,4.429166
1781250.0,4.422544
1789063.0,4.41596
1796875.0,4.409416
1804688.0,4.402908
1812500.0,4.396439
1820313.0,4.390007
1828125.0,4.383612
1835938.0,4.377253
1843750.0,4.370931
1851563.0,4.364644
1859375.0,4.358393
1867188.0,4.352177
1875000.0,4.345996
1882813.0,4.339848
1890625.0,4.333736
1898438.0,4.327656
1906250.0,4.321611
1914063.0,4.315598
1921875.0,4.309619
1929688.0,4.303671
1937500.0,4.297757
1945313.0,4.291873
1953125.0,4.286022
1960938.0,4.280202
1968750.0,4.274413
1976563.0,4.268654
1984375.0,4.262926
1992188.0,4.257228
2000000.0,4.25156
2007813.0,4.241799
2015625.0,4.232099
2023438.0,4.222457
2031250.0,4.212876
2039063.0,4.203351
2046875.0,4.193886
2054688.0,4.184477
2062500.0,4.175126
2070313.0,4.16583
2078125.0,4.15659
2085938.0,4.147404
2093750.0,4.138275
2101563.0,4.129197
2109375.0,4.120175
2117188.0,4.111204
2125000.0,4.102287
2132813.0,4.093421
2140625.0,4.084607
2148438.0,4.075844
2156250.0,4.067131
2164063.0,4.058468
2171875.0,4.049856
2179688.0,4.041291
2187500.0,4.032776
2195313.0,4.024309
2203125.0,4.01589
2210938.0,4.007517
2218750.0,3.999193
2226563.0,3.990913
2234375.0,3.982681
2242188.0,3.974494
2250000.0,3.966352
2257813.0,3.958255
2265625.0,3.950203
2273438.0,3.942194
2281250.0,3.934229
2289063.0,3.926307
2296875.0,3.918429
2304688.0,3.910592
2312500.0,3.902798
2320313.0,3.895045
2328125.0,3.887335
2335938.0,3.879664
2343750.0,3.872035
2351563.0,3.864446
2359375.0,3.856897
2367188.0,3.849387
2375000.0,3.841917
2384654.0,3.83274
2394308.0,3.823622
2403962.0,3.814561
2413615.0,3.80556
2423269.0,3.796614
2432923.0,3.787725
2442577.0,3.778892
2452230.0,3.770116
2452235.0,3.770111
2458206.0,3.764709
2464177.0,3.759329
2470148.0,3.753969
2476118.0,3.74863
2482089.0,3.743311
2488059.0,3.738013
2494030.0,3.732734
2500000.0,3.727477
2507813.0,3.720626
2515625.0,3.71381
2523438.0,3.707027
2531250.0,3.700277
2539063.0,3.69356
2546875.0,3.686877
2554688.0,3.680225
2562500.0,3.673607
2570313.0,3.667019
2578125.0,3.660464
2585938.0,3.65394
2593750.0,3.647448
2601563.0,3.640986
2609375.0,3.634556
2617188.0,3.628155
2625000.0,3.621786
2632813.0,3.615446
2640625.0,3.609136
2648438.0,3.602855
2656250.0,3.596604
2664063.0,3.590382
2671875.0,3.58419
2679688.0,3.578025
2687500.0,3.57189
2695313.0,3.565782
2703125.0,3.559703
2710938.0,3.553651
2718750.0,3.547628
2726563.0,3.541631
2734375.0,3.535662
2742188.0,3.52972
2750000.0,3.523805
2757813.0,3.517916
2765625.0,3.512054
2773438.0,3.506218
2781250.0,3.500408
2789063.0,3.494624
2796875.0,3.488866
2804688.0,3.483133
2812500.0,3.477426
2820313.0,3.471744
2828125.0,3.466087
2835938.0,3.460454
2843750.0,3.454846
2851563.0,3.449263
2859375.0,3.443704
2867188.0,3.438168
2875000.0,3.432657
2882813.0,3.42717
2890625.0,3.421706
2898438.0,3.416265
2906250.0,3.410849
2914063.0,3.405454
2921875.0,3.400084
2929688.0,3.394735
2937500.0,3.38941
2945313.0,3.384106
2953125.0,3.378825
2960938.0,3.373566
2968750.0,3.36833
2976563.0,3.363115
2984375.0,3.357922
2992188.0,3.35275
3000000.0,3.3476
3015625.0,3.333238
3031250.0,3.319011
3046875.0,3.304918
3062500.0,3.290956
3078125.0,3.277123
3093750.0,3.263419
3109375.0,3.24984
3125000.0,3.236386
3140625.0,3.223054
3156250.0,3.209842
3171875.0,3.19675
3187500.0,3.183774
3203125.0,3.170915
3218750.0,3.15817
3234375.0,3.145537
3250000.0,3.133016
3265625.0,3.120603
3281250.0,3.108299
3296875.0,3.096102
3312500.0,3.08401
3328125.0,3.072021
3343750.0,3.060135
3359375.0,3.048351
3375000.0,3.036665
3390625.0,3.025079
3406250.0,3.013589
3421875.0,3.002196
3437500.0,2.990897
3453125.0,2.979691
3468750.0,2.968578
3484375.0,2.957556
3500000.0,2.946624
3515625.0,2.935781
3531250.0,2.925026
3546875.0,2.914357
3562500.0,2.903773
3578125.0,2.893275
3593750.0,2.882859
3609375.0,2.872526
3625000.0,2.862275
3640625.0,2.852104
3656250.0,2.842012
3671875.0,2.831999
3687500.0,2.822064
3703125.0,2.812205
3718750.0,2.802422
3734375.0,2.792713
3750000.0,2.783079
3765625.0,2.773518
3781250.0,2.764029
3796875.0,2.754611
3812500.0,2.745264
3828125.0,2.735987
3843750.0,2.726779
3859375.0,2.717639
3875000.0,2.708566
3890625.0,2.69956
3906250.0,2.690619
3921875.0,2.681744
3937500.0,2.672933
3953125.0,2.664186
3968750.0,2.655502
3984375.0,2.64688
4000000.0,2.63832
4015625.0,2.630909
4031250.0,2.623548
4046875.0,2.616236
4062500.0,2.608973
4078125.0,2.601757
4093750.0,2.594589
4109375.0,2.587467
4125000.0,2.580392
4140625.0,2.573364
4156250.0,2.56638
4171875.0,2.559442
4187500.0,2.552548
4203125.0,2.545699
4218750.0,2.538893
4234375.0,2.53213
4250000.0,2.52541
4262400.0,2.520107
4277250.0,2.513792
4292100.0,2.507514
4306950.0,2.501273
4321800.0,2.49507
4336650.0,2.488903
4351500.0,2.482772
4366350.0,2.476677
4381200.0,2.470617
4396050.0,2.464593
4410900.0,2.458604
4425750.0,2.45265
4440600.0,2.446729
4455450.0,2.440843
4470300.0,2.43499
4485150.0,2.429171
4500000.0,2.423385
4515680.0,2.417311
4531360.0,2.411273
4545025.0,2.406041
4558690.0,2.400835
4572355.0,2.395656
4586020.0,2.390504
4599685.0,2.385378
4613350.0,2.380278
4627015.0,2.375205
4640680.0,2.370156
4654345.0,2.365134
4668010.0,2.360137
4681675.0,2.355165
4695340.0,2.350217
4709005.0,2.345295
4722670.0,2.340397
4736335.0,2.335523
4750000.0,2.330674
4765625.0,2.325158
4781250.0,2.319674
4796875.0,2.31422
4812500.0,2.308796
4828125.0,2.303403
4843750.0,2.29804
4859375.0,2.292707
4875000.0,2.287403
4890625.0,2.282128
4906250.0,2.276882
4921875.0,2.271665
4937500.0,2.266476
4953125.0,2.261315
4968750.0,2.256182
4984375.0,2.251077
5000000.0,2.246
5015625.0,2.243617
5031250.0,2.241245
5046875.0,2.238882
5062500.0,2.236529
5078125.0,2.234185
5093750.0,2.231852
5109375.0,2.229527
5125000.0,2.227213
5140625.0,2.224908
5156250.0,2.222612
5171875.0,2.220325
5187500.0,2.218048
5203125.0,2.21578
5218750.0,2.213521
5234375.0,2.211271
5250000.0,2.20903
5265625.0,2.206798
5281250.0,2.204574
5296875.0,2.20236
5312500.0,2.200154
5328125.0,2.197957
5343750.0,2.195769
5359375.0,2.193589
5375000.0,2.191418
5390625.0,2.189255
5406250.0,2.187101
5421875.0,2.184954
5437500.0,2.182816
5453125.0,2.180687
5468750.0,2.178565
5477230.0,2.177417
5484375.0,2.176452
5500000.0,2.174347
5515625.0,2.172249
5531250.0,2.17016
5546875.0,2.168078
5562500.0,2.166005
5578125.0,2.163939
5593750.0,2.161881
5609375.0,2.15983
5625000.0,2.157787
5640625.0,2.155752
5656250.0,2.153725
5671875.0,2.151704
5687500.0,2.149692
5703125.0,2.147686
5718750.0,2.145688
5734375.0,2.143698
5750000.0,2.141714
5765625.0,2.139738
5781250.0,2.137769
5796875.0,2.135807
5812500.0,2.133852
5828125.0,2.131904
5843750.0,2.129964
5859375.0,2.12803
5875000.0,2.126103
5890625.0,2.124183
5906250.0,2.122269
5921875.0,2.120363
5937500.0,2.118463
5953125.0,2.11657
5968750.0,2.114683
5984375.0,2.112803
6000000.0,2.11093
6018435.0,2.111718
6036870.0,2.112505
6055305.0,2.113289
6073740.0,2.114071
6092175.0,2.114851
6110610.0,2.115629
6129045.0,2.116404
6147480.0,2.117178
6165915.0,2.11795
6184350.0,2.11872
6202785.0,2.119487
6221220.0,2.120253
6239655.0,2.121017
6258090.0,2.121779
6276525.0,2.122538
6294960.0,2.123296
6313395.0,2.124052
6331830.0,2.124806
6350265.0,2.125558
6368700.0,2.126308
6387135.0,2.127056
6405570.0,2.127803
6424005.0,2.128547
6442440.0,2.129289
6460875.0,2.13003
6479310.0,2.130769
6480740.0,2.130826
6497745.0,2.131506
6516180.0,2.132241
6534615.0,2.132974
6553050.0,2.133706
6571485.0,2.134436
6589920.0,2.135163
6595516.0,2.135384
6601112.0,2.135605
6606708.0,2.135825
6612304.0,2.136045
6617900.0,2.136265
6623496.0,2.136485
6629092.0,2.136704
6634687.0,2.136924
6640283.0,2.137143
6645879.0,2.137362
6651475.0,2.137581
6657070.0,2.1378
6662666.0,2.138019
6668262.0,2.138237
6673858.0,2.138455
6679453.0,2.138673
6685049.0,2.138891
6690645.0,2.139109
6696241.0,2.139327
6701836.0,2.139544
6707432.0,2.139762
6713028.0,2.139979
6718624.0,2.140196
6724219.0,2.140413
6729815.0,2.14063
6735411.0,2.140846
6741007.0,2.141063
6746602.0,2.141279
6752198.0,2.141495
6757794.0,2.141711
6763390.0,2.141927
6768985.0,2.142142
6774581.0,2.142358
6780177.0,2.142573
6785773.0,2.142788
6791369.0,2.143003
6796965.0,2.143218
6802561.0,2.143433
6808157.0,2.143647
6813752.0,2.143862
6819348.0,2.144076
6824944.0,2.14429
6830540.0,2.144504
6836135.0,2.144718
6841731.0,2.144931
6847327.0,2.145145
6852923.0,2.145358
6858518.0,2.145571
6864114.0,2.145784
6869710.0,2.145997
6875306.0,2.14621
6880901.0,2.146422
6886497.0,2.146634
6892093.0,2.146847
6897689.0,2.147059
6903284.0,2.147271
6908880.0,2.147483
6914476.0,2.147694
6920072.0,2.147906
6925667.0,2.148117
6931263.0,2.148328
6936859.0,2.148539
6942455.0,2.14875
6948050.0,2.148961
6954544.0,2.149205
6961038.0,2.149449
6967532.0,2.149693
6974025.0,2.149937
6980519.0,2.150181
6987013.0,2.150424
6993507.0,2.150667
7000000.0,2.15091
7008982.0,2.152218
7017963.0,2.153524
7026945.0,2.15483
7035926.0,2.156135
7044908.0,2.157439
7053889.0,2.158742
7062871.0,2.160045
7071852.0,2.161346
7080834.0,2.162647
7089815.0,2.163947
7098797.0,2.165245
7107778.0,2.166543
7116760.0,2.167841
7125741.0,2.169137
7134722.0,2.170432
7143703.0,2.171727
7152685.0,2.17302
7161666.0,2.174313
7170648.0,2.175605
7179629.0,2.176896
7188611.0,2.178187
7197592.0,2.179476
7206573.0,2.180765
7215554.0,2.182052
7221071.0,2.182843
7226587.0,2.183633
7232104.0,2.184423
7237620.0,2.185213
7244550.0,2.186204
7251480.0,2.187195
7260462.0,2.188479
7269443.0,2.189761
7278424.0,2.191043
7287405.0,2.192324
7296387.0,2.193604
7305368.0,2.194884
7314350.0,2.196162
7323331.0,2.19744
7332313.0,2.198717
7341294.0,2.199993
7350276.0,2.201268
7359257.0,2.202543
7368239.0,2.203816
7377220.0,2.205089
7386202.0,2.206361
7395183.0,2.207632
7404165.0,2.208903
7413146.0,2.210172
7422127.0,2.211441
7431108.0,2.212709
7440090.0,2.213976
7449071.0,2.215242
7458053.0,2.216508
7467034.0,2.217773
7475172.0,2.218918
7483310.0,2.220063
7493135.0,2.221444
7502959.0,2.222824
7511941.0,2.224084
7520922.0,2.225344
7529904.0,2.226604
7538885.0,2.227862
7547867.0,2.22912
7556848.0,2.230376
7565829.0,2.231632
7574810.0,2.232887
7581454.0,2.233816
7588098.0,2.234743
7594742.0,2.23567
7601385.0,2.236597
7608029.0,2.237523
7614672.0,2.238449
7621316.0,2.239375
7627959.0,2.2403
7634603.0,2.241224
7641247.0,2.242148
7647891.0,2.243072
7654534.0,2.243995
7661178.0,2.244918
7667821.0,2.245841
7674465.0,2.246763
7681108.0,2.247684
7687752.0,2.248606
7694396.0,2.249527
7701040.0,2.250447
7707683.0,2.251367
7714327.0,2.252287
7720970.0,2.253206
7727614.0,2.254124
7734257.0,2.255043
7740901.0,2.25596
7747544.0,2.256878
7754188.0,2.257795
7760831.0,2.258712
7767475.0,2.259628
7774118.0,2.260544
7780762.0,2.261459
7787405.0,2.262374
7794049.0,2.263289
7800693.0,2.264203
7807337.0,2.265117
7813980.0,2.26603
7820624.0,2.266943
7827267.0,2.267855
7833911.0,2.268768
7840554.0,2.269679
7847198.0,2.270591
7853842.0,2.271502
7860486.0,2.272412
7867129.0,2.273322
7873773.0,2.274232
7880416.0,2.275141
7887060.0,2.27605
7893703.0,2.276959
7900347.0,2.277867
7906991.0,2.278774
7913635.0,2.279682
7920278.0,2.280589
7926922.0,2.281495
7933565.0,2.282401
7940209.0,2.283307
7946852.0,2.284212
7953496.0,2.285117
7960139.0,2.286021
7966783.0,2.286926
7973426.0,2.287829
7980070.0,2.288733
7986713.0,2.289635
7993357.0,2.290538
8000000.0,2.29144
8007472.0,2.292779
8014943.0,2.294117
8022414.0,2.295455
8029885.0,2.296793
8037357.0,2.29813
8044828.0,2.299467
8052299.0,2.300803
8059770.0,2.302138
8067242.0,2.303473
8074713.0,2.304808
8082184.0,2.306142
8089655.0,2.307476
8097127.0,2.30881
8104598.0,2.310142
8112069.0,2.311475
8119540.0,2.312807
8126419.0,2.314033
8133298.0,2.315258
8140177.0,2.316483
8147055.0,2.317708
8153934.0,2.318932
8160812.0,2.320156
8167691.0,2.32138
8174569.0,2.322603
8181448.0,2.323826
8188327.0,2.325048
8195206.0,2.32627
8202084.0,2.327492
8208963.0,2.328713
8215841.0,2.329934
8222720.0,2.331155
8229598.0,2.332375
8236477.0,2.333595
8243356.0,2.334814
8250235.0,2.336033
8257113.0,2.337251
8263992.0,2.33847
8270870.0,2.339687
8277749.0,2.340905
8284627.0,2.342122
8291506.0,2.343339
8298384.0,2.344555
8305263.0,2.345771
8312141.0,2.346986
8319020.0,2.348202
8325898.0,2.349416
8332777.0,2.350631
8339655.0,2.351845
8346534.0,2.353059
8353413.0,2.354272
8360292.0,2.355485
8367170.0,2.356697
8374049.0,2.35791
8380927.0,2.359121
8387806.0,2.360333
8394684.0,2.361544
8401563.0,2.362755
8408442.0,2.363965
8415321.0,2.365175
8422199.0,2.366385
8429078.0,2.367594
8435956.0,2.368803
8442835.0,2.370011
8449713.0,2.371219
8456592.0,2.372427
8463471.0,2.373635
8470350.0,2.374842
8477228.0,2.376048
8484107.0,2.377254
8485280.0,2.37746
8490985.0,2.37846
8497864.0,2.379666
8504742.0,2.380871
8511621.0,2.382076
8518499.0,2.38328
8525378.0,2.384484
8532256.0,2.385688
8539135.0,2.386891
8546013.0,2.388094
8552892.0,2.389297
8559770.0,2.390499
8566649.0,2.391701
8573528.0,2.392903
8580407.0,2.394104
8587285.0,2.395305
8594164.0,2.396505
8601042.0,2.397705
8607921.0,2.398905
8614799.0,2.400105
8621678.0,2.401304
8628557.0,2.402502
8635436.0,2.403701
8642314.0,2.404899
8649193.0,2.406096
8656071.0,2.407293
8662950.0,2.40849
8669828.0,2.409687
8676707.0,2.410883
8683586.0,2.412079
8690465.0,2.413275
8697343.0,2.41447
8704222.0,2.415664
8711100.0,2.416859
8717979.0,2.418053
8724857.0,2.419246
8731736.0,2.42044
8738614.0,2.421633
8745493.0,2.422826
8752371.0,2.424018
8759250.0,2.42521
8766128.0,2.426401
8773007.0,2.427593
8779885.0,2.428783
8786764.0,2.429974
8793643.0,2.431164
8800522.0,2.432354
8807400.0,2.433544
8814279.0,2.434733
8821157.0,2.435922
8828036.0,2.43711
8834914.0,2.438298
8841793.0,2.439486
8848672.0,2.440673
8855551.0,2.441861
8862429.0,2.443047
8869308.0,2.444234
8876186.0,2.44542
8883065.0,2.446605
8889943.0,2.447791
8896822.0,2.448976
8903701.0,2.450161
8910580.0,2.451345
8917458.0,2.452529
8924337.0,2.453713
8931215.0,2.454896
8938094.0,2.456079
8944972.0,2.457261
8951851.0,2.458444
8958729.0,2.459626
8965608.0,2.460807
8972486.0,2.461988
8979365.0,2.463169
8986243.0,2.46435
8993122.0,2.46553
9000000.0,2.46671
9007813.0,2.468022
9015625.0,2.469333
9023438.0,2.470645
9031250.0,2.471955
9039063.0,2.473265
9046875.0,2.474575
9054688.0,2.475885
9062500.0,2.477193
9070313.0,2.478502
9078125.0,2.47981
9085938.0,2.481117
9093750.0,2.482425
9101563.0,2.483731
9109375.0,2.485038
9117188.0,2.486343
9125000.0,2.487649
9132813.0,2.488954
9140625.0,2.490258
9148438.0,2.491562
9156250.0,2.492866
9164063.0,2.494169
9171875.0,2.495472
9179688.0,2.496775
9187500.0,2.498076
9195313.0,2.499378
9203125.0,2.500679
9210938.0,2.50198
9218750.0,2.50328
9226563.0,2.50458
9234375.0,2.505879
9242188.0,2.507178
9250000.0,2.508477
9257813.0,2.509775
9265625.0,2.511073
9273438.0,2.51237
9281250.0,2.513667
9289063.0,2.514963
9296875.0,2.516259
9304688.0,2.517555
9312500.0,2.51885
9320313.0,2.520145
9328125.0,2.521439
9335938.0,2.522733
9343750.0,2.524026
9351563.0,2.525319
9359375.0,2.526612
9367188.0,2.527904
9375000.0,2.529196
9382813.0,2.530487
9390625.0,2.531778
9398438.0,2.533069
9406250.0,2.534359
9414063.0,2.535649
9421875.0,2.536938
9429688.0,2.538227
9437500.0,2.539516
9445313.0,2.540804
9453125.0,2.542091
9460938.0,2.543379
9468750.0,2.544665
9476563.0,2.545952
9484375.0,2.547238
9492188.0,2.548523
9500000.0,2.549809
9507813.0,2.551093
9515625.0,2.552378
9523438.0,2.553662
9531250.0,2.554945
9539063.0,2.556229
9546875.0,2.557511
9554688.0,2.558794
9562500.0,2.560075
9570313.0,2.561357
9578125.0,2.562638
9585938.0,2.563919
9593750.0,2.565199
9601563.0,2.566479
9609375.0,2.567759
9617188.0,2.569038
9625000.0,2.570316
9632813.0,2.571595
9640625.0,2.572873
9648438.0,2.57415
9656250.0,2.575427
9664063.0,2.576704
9671875.0,2.57798
9679688.0,2.579256
9687500.0,2.580532
9695313.0,2.581807
9703125.0,2.583081
9710938.0,2.584356
9718750.0,2.58563
9726563.0,2.586903
9734375.0,2.588176
9742188.0,2.589449
9750000.0,2.590721
9757813.0,2.591993
9765625.0,2.593265
9773438.0,2.594536
9781250.0,2.595807
9789063.0,2.597077
9796875.0,2.598347
9804688.0,2.599617
9812500.0,2.600886
9820313.0,2.602155
9828125.0,2.603423
9835938.0,2.604691
9843750.0,2.605959
9851563.0,2.607226
9859375.0,2.608493
9867188.0,2.609759
9875000.0,2.611025
9882813.0,2.612291
9890625.0,2.613556
9898438.0,2.614821
9906250.0,2.616086
9914063.0,2.61735
9921875.0,2.618614
9929688.0,2.619877
9937500.0,2.62114
9945313.0,2.622403
9953125.0,2.623665
9960938.0,2.624927
9968750.0,2.626188
9976563.0,2.627449
9984375.0,2.62871
9992188.0,2.62997
10000000.0,2.63123
10005970.0,2.631927
10011930.0,2.632622
10017890.0,2.633317
10023850.0,2.634011
10029820.0,2.634707
10035780.0,2.635401
10041740.0,2.636095
10047700.0,2.636789
10053670.0,2.637484
10059630.0,2.638177
10065590.0,2.63887
10071550.0,2.639563
10077510.0,2.640256
10083470.0,2.640948
10089430.0,2.64164
10095390.0,2.642332
10101360.0,2.643025
10107320.0,2.643717
10113280.0,2.644408
10119240.0,2.645099
10125210.0,2.645791
10131170.0,2.646481
10137130.0,2.647172
10143090.0,2.647862
10149060.0,2.648553
10155020.0,2.649243
10160980.0,2.649932
10166940.0,2.650621
10172900.0,2.65131
10178860.0,2.651999
10184820.0,2.652688
10190780.0,2.653376
10196750.0,2.654065
10202710.0,2.654753
10208670.0,2.655441
10214630.0,2.656128
10220600.0,2.656817
10226560.0,2.657504
10232520.0,2.658191
10238480.0,2.658877
10244450.0,2.659565
10250410.0,2.660251
10256370.0,2.660937
10262330.0,2.661622
10268290.0,2.662308
10274250.0,2.662993
10280210.0,2.663678
10286170.0,2.664363
10292140.0,2.665048
10298100.0,2.665733
10304060.0,2.666417
10310020.0,2.667101
10315980.0,2.667785
10321940.0,2.668468
10327900.0,2.669151
10333860.0,2.669834
10339830.0,2.670518
10345790.0,2.671201
10351750.0,2.671883
10357710.0,2.672565
10363670.0,2.673247
10369630.0,2.673929
10375590.0,2.67461
10381550.0,2.675292
10387520.0,2.675974
10393480.0,2.676655
10399440.0,2.677335
10405400.0,2.678016
10411370.0,2.678697
10417330.0,2.679377
10423290.0,2.680057
10429250.0,2.680736
10435220.0,2.681417
10441180.0,2.682096
10447140.0,2.682775
10453100.0,2.683453
10459060.0,2.684132
10465020.0,2.68481
10470980.0,2.685488
10476940.0,2.686166
10482910.0,2.686845
10488870.0,2.687522
10494830.0,2.688199
10500790.0,2.688876
10506760.0,2.689554
10512720.0,2.690231
10518680.0,2.690907
10524640.0,2.691583
10530610.0,2.69226
10536570.0,2.692936
10542530.0,2.693611
10548490.0,2.694286
10554450.0,2.694961
10560410.0,2.695636
10566370.0,2.696311
10572330.0,2.696985
10578300.0,2.697661
10584260.0,2.698335
10590220.0,2.699008
10596180.0,2.699682
10602150.0,2.700356
10608110.0,2.70103
10614070.0,2.701702
10620030.0,2.702375
10626000.0,2.703049
10631960.0,2.703721
10637920.0,2.704393
10643880.0,2.705065
10649840.0,2.705737
10655800.0,2.706408
10661760.0,2.707079
10667720.0,2.70775
10673690.0,2.708422
10679650.0,2.709093
10685610.0,2.709763
10691570.0,2.710434
10697530.0,2.711104
10703490.0,2.711773
10709450.0,2.712443
10715410.0,2.713112
10721380.0,2.713783
10727340.0,2.714452
10733300.0,2.71512
10739260.0,2.715789
10745220.0,2.716457
10751180.0,2.717125
10757140.0,2.717793
10763100.0,2.718461
10770510.0,2.719291
10777910.0,2.720119
10785320.0,2.720949
10792720.0,2.721776
10800130.0,2.722605
10807530.0,2.723432
10814930.0,2.724259
10822330.0,2.725086
10829740.0,2.725913
10837140.0,2.726739
10844540.0,2.727565
10851940.0,2.72839
10859350.0,2.729216
10866750.0,2.730041
10874150.0,2.730865
10881550.0,2.731689
10888960.0,2.732514
10896360.0,2.733337
10903770.0,2.734162
10911170.0,2.734984
10918580.0,2.735808
10925980.0,2.73663
10933380.0,2.737452
10940780.0,2.738274
10948190.0,2.739096
10955590.0,2.739917
10962990.0,2.740737
10970390.0,2.741558
10977800.0,2.742379
10985200.0,2.743199
10992600.0,2.744018
11000000.0,2.744837
11007820.0,2.745702
11015630.0,2.746566
11023440.0,2.74743
11031250.0,2.748293
11039070.0,2.749157
11046880.0,2.750019
11054690.0,2.750881
11062500.0,2.751743
11070320.0,2.752605
11078130.0,2.753467
11085940.0,2.754327
11093750.0,2.755188
11101570.0,2.756049
11109380.0,2.756909
11117190.0,2.757768
11125000.0,2.758627
11132820.0,2.759487
11140630.0,2.760345
11148440.0,2.761203
11156250.0,2.762061
11164070.0,2.76292
11171880.0,2.763777
11179690.0,2.764633
11187500.0,2.76549
11195320.0,2.766347
11203130.0,2.767203
11210940.0,2.768058
11218750.0,2.768913
11226570.0,2.769769
11234380.0,2.770623
11242190.0,2.771477
11250000.0,2.772331
11257820.0,2.773186
11265630.0,2.774039
11273440.0,2.774891
11281250.0,2.775744
11289070.0,2.776597
11296880.0,2.777449
11304690.0,2.7783
11312500.0,2.779151
11320320.0,2.780003
11328130.0,2.780854
11335940.0,2.781704
11343750.0,2.782553
11351570.0,2.783404
11359380.0,2.784253
11367190.0,2.785102
11375000.0,2.785951
11382820.0,2.7868
11390630.0,2.787648
11398440.0,2.788495
11406250.0,2.789342
11414070.0,2.79019
11421880.0,2.791037
11429690.0,2.791883
11437500.0,2.792729
11445320.0,2.793576
11453130.0,2.794421
11460940.0,2.795266
11468750.0,2.796111
11476570.0,2.796956
11484380.0,2.7978
11492190.0,2.798644
11500000.0,2.799487
11507820.0,2.800331
11515630.0,2.801174
11523440.0,2.802016
11531250.0,2.802858
11539070.0,2.803701
11546880.0,2.804543
11554690.0,2.805384
11562500.0,2.806225
11570320.0,2.807066
11578130.0,2.807906
11585940.0,2.808746
11593750.0,2.809586
11601570.0,2.810426
11609380.0,2.811265
11617190.0,2.812104
11625000.0,2.812942
11632820.0,2.813781
11640630.0,2.814619
11648440.0,2.815456
11656250.0,2.816293
11664070.0,2.817131
11671880.0,2.817967
11679690.0,2.818803
11687500.0,2.819639
11695320.0,2.820476
11703130.0,2.821311
11710940.0,2.822146
11718750.0,2.82298
11726570.0,2.823816
11734380.0,2.824649
11742190.0,2.825483
11750000.0,2.826316
11757820.0,2.82715
11765630.0,2.827983
11773440.0,2.828816
11781250.0,2.829648
11789070.0,2.830481
11796880.0,2.831312
11804690.0,2.832143
11812500.0,2.832974
11820320.0,2.833806
11828130.0,2.834636
11835940.0,2.835466
11843750.0,2.836295
11851570.0,2.837126
11859380.0,2.837955
11867190.0,2.838784
11875000.0,2.839612
11882820.0,2.840441
11890630.0,2.841269
11898440.0,2.842097
11906250.0,2.842924
11914070.0,2.843752
11921880.0,2.844578
11929690.0,2.845405
11937500.0,2.846231
11945320.0,2.847057
11953130.0,2.847883
11960940.0,2.848708
11968750.0,2.849533
11976570.0,2.850358
11984380.0,2.851182
11992190.0,2.852006
12000000.0,2.85283
12015630.0,2.853395
12031250.0,2.85396
12046880.0,2.854524
12062500.0,2.855087
12078130.0,2.855649
12093750.0,2.856211
12109380.0,2.856773
12125000.0,2.857333
12140630.0,2.857894
12156250.0,2.858453
12171880.0,2.859012
12187500.0,2.85957
12203130.0,2.860128
12218750.0,2.860685
12234380.0,2.861242
12250000.0,2.861798
12265630.0,2.862353
12281250.0,2.862908
12296880.0,2.863462
12312500.0,2.864015
12328130.0,2.864569
12343750.0,2.865121
12359380.0,2.865673
12375000.0,2.866224
12390630.0,2.866774
12406250.0,2.867324
12421880.0,2.867874
12437500.0,2.868422
12453130.0,2.868971
12468750.0,2.869518
12484380.0,2.870065
12500000.0,2.870612
12515630.0,2.871158
12531250.0,2.871703
12546880.0,2.872248
12562500.0,2.872792
12578130.0,2.873336
12593750.0,2.873878
12609380.0,2.874421
12625000.0,2.874963
12640630.0,2.875504
12656250.0,2.876045
12671880.0,2.876585
12687500.0,2.877125
12703130.0,2.877664
12718750.0,2.878202
12734380.0,2.87874
12750000.0,2.879278
12765630.0,2.879815
12781250.0,2.880351
12796880.0,2.880886
12812500.0,2.881421
12828130.0,2.881956
12843750.0,2.88249
12859380.0,2.883024
12875000.0,2.883556
12890630.0,2.884089
12906250.0,2.884621
12921880.0,2.885152
12937500.0,2.885683
12953130.0,2.886213
12968750.0,2.886743
12984380.0,2.887272
13000000.0,2.8878
13008440.0,2.888086
13016870.0,2.888371
13025310.0,2.888655
13033740.0,2.88894
13042180.0,2.889225
13050610.0,2.889509
13059050.0,2.889793
13067480.0,2.890077
13075920.0,2.890361
13084350.0,2.890645
13092790.0,2.890928
13101220.0,2.891212
13109660.0,2.891495
13118090.0,2.891778
13126520.0,2.892061
13134950.0,2.892343
13143390.0,2.892626
13151820.0,2.892909
13160260.0,2.893191
13168690.0,2.893473
13177130.0,2.893755
13185560.0,2.894037
13194000.0,2.894319
13202430.0,2.8946
13210870.0,2.894882
13219300.0,2.895163
13227740.0,2.895444
13236170.0,2.895725
13244610.0,2.896006
13253040.0,2.896287
13261470.0,2.896567
13269900.0,2.896847
13278340.0,2.897127
13286770.0,2.897407
13295210.0,2.897687
13303640.0,2.897967
13312080.0,2.898247
13320510.0,2.898526
13328950.0,2.898806
13337380.0,2.899085
13345820.0,2.899364
13354250.0,2.899642
13362690.0,2.899921
13371120.0,2.9002
13379560.0,2.900478
13387990.0,2.900756
13396420.0,2.901034
13404850.0,2.901312
13413290.0,2.90159
13421720.0,2.901868
13430160.0,2.902145
13438590.0,2.902422
13447030.0,2.9027
13455460.0,2.902977
13463900.0,2.903254
13472330.0,2.903531
13480770.0,2.903807
13489200.0,2.904084
13497640.0,2.90436
13506070.0,2.904636
13514510.0,2.904912
13522940.0,2.905188
13531370.0,2.905464
13539800.0,2.905739
13547000.0,2.905974
13554190.0,2.906209
13561380.0,2.906444
13568570.0,2.906678
13575760.0,2.906913
13582950.0,2.907147
13590140.0,2.907381
13597330.0,2.907615
13604520.0,2.907849
13611710.0,2.908083
13618900.0,2.908317
13626090.0,2.90855
13633280.0,2.908784
13640470.0,2.909017
13647660.0,2.909251
13654850.0,2.909484
13662050.0,2.909717
13669240.0,2.90995
13676430.0,2.910183
13683620.0,2.910416
13690810.0,2.910649
13698000.0,2.910882
13705190.0,2.911114
13712380.0,2.911346
13719570.0,2.911579
13726760.0,2.911811
13733950.0,2.912043
13741140.0,2.912275
13748330.0,2.912507
13755520.0,2.912739
13762710.0,2.91297
13769900.0,2.913202
13777100.0,2.913434
13784290.0,2.913665
13791480.0,2.913897
13798670.0,2.914128
13805860.0,2.914359
13813050.0,2.91459
13820240.0,2.914821
13827430.0,2.915051
13834620.0,2.915282
13841810.0,2.915513
13849000.0,2.915743
13856190.0,2.915974
13863380.0,2.916204
13870570.0,2.916434
13877760.0,2.916664
13884950.0,2.916894
13892150.0,2.917124
13899340.0,2.917354
13906530.0,2.917584
13913720.0,2.917813
13920910.0,2.918043
13928100.0,2.918272
13935290.0,2.918501
13942480.0,2.91873
13949670.0,2.918959
13956860.0,2.919188
13964050.0,2.919417
13971240.0,2.919646
13978430.0,2.919875
13985620.0,2.920103
13992810.0,2.920332
14000000.0,2.92056
14007820.0,2.92047
14015630.0,2.920381
14023440.0,2.920291
14031250.0,2.920202
14039070.0,2.920112
14046880.0,2.920023
14054690.0,2.919934
14062500.0,2.919845
14070320.0,2.919755
14078130.0,2.919666
14085940.0,2.919577
14093750.0,2.919488
14101570.0,2.919399
14109380.0,2.91931
14117190.0,2.919221
14125000.0,2.919133
14132820.0,2.919044
14140630.0,2.918955
14148440.0,2.918867
14156250.0,2.918778
14164070.0,2.918689
14171880.0,2.918601
14179690.0,2.918512
14187500.0,2.918424
14195320.0,2.918336
14203130.0,2.918247
14210940.0,2.918159
14218750.0,2.918071
14226570.0,2.917983
14234380.0,2.917895
14242190.0,2.917807
14250000.0,2.917719
14257820.0,2.917631
14265630.0,2.917543
14273440.0,2.917455
14281250.0,2.917367
14289070.0,2.917279
14296880.0,2.917192
14304690.0,2.917104
14312500.0,2.917017
14320320.0,2.916929
14328130.0,2.916841
14335940.0,2.916754
14343750.0,2.916667
14351570.0,2.916579
14359380.0,2.916492
14367190.0,2.916405
14375000.0,2.916318
14382820.0,2.91623
14390630.0,2.916143
14398440.0,2.916056
14406250.0,2.915969
14414070.0,2.915882
14421880.0,2.915795
14429690.0,2.915709
14437500.0,2.915622
14445320.0,2.915535
14453130.0,2.915448
14460940.0,2.915362
14468750.0,2.915275
14476570.0,2.915189
14484380.0,2.915102
14492190.0,2.915016
14500000.0,2.914929
14507820.0,2.914843
14515630.0,2.914757
14523440.0,2.91467
14531250.0,2.914584
14539070.0,2.914498
14546880.0,2.914412
14554690.0,2.914326
14562500.0,2.91424
14570320.0,2.914154
14578130.0,2.914068
14585940.0,2.913982
14593750.0,2.913896
14601570.0,2.913811
14609380.0,2.913725
14617190.0,2.913639
14625000.0,2.913554
14632820.0,2.913468
14640630.0,2.913383
14648440.0,2.913297
14656250.0,2.913212
14664070.0,2.913126
14671880.0,2.913041
14679690.0,2.912956
14687500.0,2.912871
14695320.0,2.912785
14703130.0,2.9127
14710940.0,2.912615
14718750.0,2.91253
14726570.0,2.912445
14734380.0,2.91236
14742190.0,2.912275
14750000.0,2.91219
14757820.0,2.912106
14765630.0,2.912021
14773440.0,2.911936
14781250.0,2.911852
14789070.0,2.911767
14796880.0,2.911682
14804690.0,2.911598
14812500.0,2.911513
14820320.0,2.911429
14828130.0,2.911344
14835940.0,2.91126
14843750.0,2.911176
14851570.0,2.911092
14859380.0,2.911007
14867190.0,2.910923
14875000.0,2.910839
14882820.0,2.910755
14890630.0,2.910671
14898440.0,2.910587
14906250.0,2.910503
14914070.0,2.910419
14921880.0,2.910336
14929690.0,2.910252
14937500.0,2.910168
14945320.0,2.910084
14953130.0,2.910001
14960940.0,2.909917
14968750.0,2.909834
14976570.0,2.90975
14984380.0,2.909667
14992190.0,2.909583
15000000.0,2.9095
15007820.0,2.909217
15015630.0,2.908935
15023440.0,2.908652
15031250.0,2.90837
15039070.0,2.908088
15046880.0,2.907806
15054690.0,2.907525
15062500.0,2.907243
15070320.0,2.906962
15078130.0,2.906681
15085940.0,2.9064
15093750.0,2.906119
15101570.0,2.905838
15109380.0,2.905558
15117190.0,2.905278
15125000.0,2.904998
15132820.0,2.904718
15140630.0,2.904438
15148440.0,2.904158
15156250.0,2.903879
15164070.0,2.9036
15171880.0,2.903321
15179690.0,2.903042
15187500.0,2.902763
15195320.0,2.902484
15203130.0,2.902206
15210940.0,2.901928
15218750.0,2.90165
15226570.0,2.901372
15234380.0,2.901094
15242190.0,2.900817
15250000.0,2.90054
15257820.0,2.900262
15265630.0,2.899985
15273440.0,2.899708
15281250.0,2.899432
15289070.0,2.899155
15296880.0,2.898879
15304690.0,2.898603
15312500.0,2.898327
15320320.0,2.89805
15328130.0,2.897775
15335940.0,2.897499
15343750.0,2.897224
15351570.0,2.896949
15359380.0,2.896674
15367190.0,2.896399
15375000.0,2.896124
15382820.0,2.89585
15390630.0,2.895575
15398440.0,2.895301
15406250.0,2.895027
15414070.0,2.894753
15421880.0,2.89448
15429690.0,2.894206
15437500.0,2.893933
15445320.0,2.893659
15453130.0,2.893386
15460940.0,2.893114
15468750.0,2.892841
15476570.0,2.892568
15484380.0,2.892296
15492190.0,2.892024
15500000.0,2.891752
15507820.0,2.891479
15515630.0,2.891208
15523440.0,2.890936
15531250.0,2.890665
15539070.0,2.890393
15546880.0,2.890122
15554690.0,2.889852
15562500.0,2.889581
15570320.0,2.88931
15578130.0,2.88904
15585940.0,2.88877
15593750.0,2.888499
15601570.0,2.888229
15609380.0,2.88796
15617190.0,2.88769
15625000.0,2.887421
15632820.0,2.887151
15640630.0,2.886882
15656250.0,2.886344
15671880.0,2.885807
15687500.0,2.88527
15703130.0,2.884734
15718750.0,2.884199
15734380.0,2.883664
15750000.0,2.88313
15765630.0,2.882597
15781250.0,2.882064
15796880.0,2.881532
15812500.0,2.881
15828130.0,2.880469
15843750.0,2.879939
15859380.0,2.879409
15875000.0,2.87888
15890630.0,2.878352
15906250.0,2.877824
15921880.0,2.877297
15937500.0,2.87677
15953130.0,2.876244
15968750.0,2.875719
15984380.0,2.875194
16000000.0,2.87467
16005900.0,2.874243
16021440.0,2.873119
16036970.0,2.871998
16052510.0,2.870877
16068040.0,2.869758
16083580.0,2.868641
16099110.0,2.867525
16114640.0,2.866411
16130170.0,2.865299
16145710.0,2.864187
16161240.0,2.863077
16176770.0,2.861969
16192300.0,2.860863
16207840.0,2.859757
16223370.0,2.858654
16238900.0,2.857552
16254430.0,2.856451
16269970.0,2.855351
16285500.0,2.854254
16301030.0,2.853158
16316560.0,2.852063
16332100.0,2.850969
16347630.0,2.849877
16363160.0,2.848787
16378690.0,2.847698
16394230.0,2.84661
16409760.0,2.845524
16425290.0,2.844439
16440820.0,2.843356
16456360.0,2.842274
16471890.0,2.841194
16487420.0,2.840115
16502950.0,2.839038
16518490.0,2.837961
16534020.0,2.836886
16549560.0,2.835813
16565090.0,2.834741
16580630.0,2.83367
16596160.0,2.832601
16611690.0,2.831534
16627220.0,2.830468
16642760.0,2.829402
16658290.0,2.828339
16673820.0,2.827277
16689350.0,2.826217
16704890.0,2.825157
16720420.0,2.824099
16735950.0,2.823043
16751480.0,2.821988
16767020.0,2.820933
16782550.0,2.819881
16798080.0,2.81883
16813610.0,2.817781
16829150.0,2.816732
16844680.0,2.815685
16860210.0,2.814639
16875740.0,2.813595
16891280.0,2.812552
16906810.0,2.811511
16922340.0,2.81047
16937870.0,2.809432
16953410.0,2.808394
16968940.0,2.807358
16984470.0,2.806323
17000000.0,2.805289
17015630.0,2.804251
17031250.0,2.803214
17046880.0,2.802178
17062500.0,2.801144
17078130.0,2.80011
17093750.0,2.799079
17109380.0,2.798048
17125000.0,2.797019
17140630.0,2.795991
17156250.0,2.794965
17171880.0,2.79394
17187500.0,2.792916
17203130.0,2.791893
17218750.0,2.790872
17234380.0,2.789852
17250000.0,2.788834
17265630.0,2.787816
17281250.0,2.7868
17296880.0,2.785785
17312500.0,2.784772
17328130.0,2.78376
17343750.0,2.782749
17359380.0,2.781739
17375000.0,2.780731
17390630.0,2.779724
17406250.0,2.778718
17421880.0,2.777713
17437500.0,2.77671
17453130.0,2.775708
17468750.0,2.774707
17484380.0,2.773707
17500000.0,2.772709
17515630.0,2.771712
17531250.0,2.770717
17546880.0,2.769722
17562500.0,2.768729
17578130.0,2.767736
17593750.0,2.766746
17609380.0,2.765756
17625000.0,2.764768
17640630.0,2.763781
17656250.0,2.762795
17671880.0,2.76181
17687500.0,2.760827
17703130.0,2.759844
17718750.0,2.758864
17734380.0,2.757883
17750000.0,2.756905
17765630.0,2.755927
17781250.0,2.754952
17796880.0,2.753976
17812500.0,2.753003
17828130.0,2.75203
17843750.0,2.751059
17859380.0,2.750088
17875000.0,2.74912
17890630.0,2.748151
17906250.0,2.747185
17921880.0,2.746219
17937500.0,2.745255
17953130.0,2.744292
17968750.0,2.74333
17984380.0,2.742369
18000000.0,2.74141
18015630.0,2.739757
18031250.0,2.738107
18046880.0,2.736458
18062500.0,2.734813
18078130.0,2.733169
18093750.0,2.731529
18109380.0,2.72989
18125000.0,2.728255
18140630.0,2.726621
18156250.0,2.72499
18171880.0,2.723361
18187500.0,2.721735
18203130.0,2.72011
18218750.0,2.718489
18234380.0,2.716869
18250000.0,2.715252
18265630.0,2.713637
18281250.0,2.712025
18296880.0,2.710415
18312500.0,2.708808
18328130.0,2.707202
18343750.0,2.705599
18359380.0,2.703998
18375000.0,2.7024
18390630.0,2.700803
18406250.0,2.69921
18421880.0,2.697618
18437500.0,2.696029
18453130.0,2.694442
18468750.0,2.692858
18484380.0,2.691275
18500000.0,2.689695
18515630.0,2.688117
18531250.0,2.686542
18546880.0,2.684968
18562500.0,2.683397
18578130.0,2.681828
18593750.0,2.680261
18609380.0,2.678697
18625000.0,2.677135
18640630.0,2.675574
18656250.0,2.674017
18671880.0,2.672461
18687500.0,2.670908
18703130.0,2.669356
18718750.0,2.667808
18734380.0,2.666261
18750000.0,2.664717
18765630.0,2.663174
18781250.0,2.661634
18796880.0,2.660095
18812500.0,2.65856
18828130.0,2.657026
18843750.0,2.655495
18859380.0,2.653965
18875000.0,2.652438
18890630.0,2.650912
18906250.0,2.64939
18921880.0,2.647868
18937500.0,2.64635
18953130.0,2.644833
18968750.0,2.643319
18984380.0,2.641806
19000000.0,2.640296
19031250.0,2.637282
19062500.0,2.634276
19093750.0,2.631279
19125000.0,2.628289
19156250.0,2.625309
19187500.0,2.622336
19218750.0,2.619371
19250000.0,2.616415
19281250.0,2.613467
19312500.0,2.610526
19343750.0,2.607594
19375000.0,2.60467
19406250.0,2.601754
19437500.0,2.598846
19468750.0,2.595946
19500000.0,2.593053
19531250.0,2.590169
19562500.0,2.587292
19593750.0,2.584423
19625000.0,2.581562
19656250.0,2.578708
19687500.0,2.575863
19718750.0,2.573025
19750000.0,2.570194
19781250.0,2.567371
19812500.0,2.564556
19843750.0,2.561748
19875000.0,2.558947
19906250.0,2.556154
19937500.0,2.553369
19968750.0,2.550591
20000000.0,2.54782
