1e-05,3.5
1.03125e-05,3.5
1.0625e-05,3.5
1.09375e-05,3.5
1.125e-05,3.5
1.15625e-05,3.5
1.1875e-05,3.5
1.21875e-05,3.5
1.25e-05,3.5
1.28125e-05,3.5
1.3125e-05,3.5
1.34375e-05,3.5
1.375e-05,3.5
1.4375e-05,3.5
1.5e-05,3.5
1.5625e-05,3.5
1.625e-05,3.5
1.6875e-05,3.5
1.75e-05,3.5
1.8125e-05,3.5
1.875e-05,3.5
1.9375e-05,3.5
2e-05,3.5
2.09375e-05,3.5
2.1875e-05,3.5
2.28125e-05,3.5
2.375e-05,3.5
2.46875e-05,3.5
2.5625e-05,3.5
2.65625e-05,3.5
2.75e-05,3.5
2.84375e-05,3.5
2.9375e-05,3.5
3.03125e-05,3.5
3.125e-05,3.5
3.21875e-05,3.5
3.3125e-05,3.5
3.40625e-05,3.5
3.5e-05,3.5
3.59375e-05,3.5
3.6875e-05,3.5
3.78125e-05,3.5
3.875e-05,3.5
3.96875e-05,3.5
4.0625e-05,3.5
4.25e-05,3.5
4.4375e-05,3.5
4.625e-05,3.5
4.8125e-05,3.5
5e-05,3.5
5.15625e-05,3.5
5.3125e-05,3.5
5.46875e-05,3.5
5.625e-05,3.5
5.78125e-05,3.5
5.9375e-05,3.5
6.09375e-05,3.5
6.25e-05,3.5
6.40625e-05,3.5
6.5625e-05,3.5
6.71875e-05,3.5
6.875e-05,3.5
7.1875e-05,3.5
7.5e-05,3.5
7.8125e-05,3.5
8.125e-05,3.5
8.4375e-05,3.5
8.75e-05,3.5
9.0625e-05,3.5
9.375e-05,3.5
9.6875e-05,3.5
0.0001,3.5
0.000103125,3.5
0.00010625,3.5
0.000109375,3.5
0.0001125,3.5
0.000115625,3.5
0.00011875,3.5
0.000121875,3.5
0.000125,3.5
0.000128125,3.5
0.00013125,3.5
0.000134375,3.5
0.0001375,3.5
0.00014375,3.5
0.00015,3.5
0.00015625,3.5
0.0001625,3.5
0.00016875,3.5
0.000175,3.5
0.00018125,3.5
0.0001875,3.5
0.00019375,3.5
0.0002,3.5
0.000209375,3.5
0.00021875,3.5
0.000228125,3.5
0.0002375,3.5
0.000246875,3.5
0.00025625,3.5
0.000265625,3.5
0.000275,3.5
0.000284375,3.5
0.00029375,3.5
0.000303125,3.5
0.0003125,3.5
0.000321875,3.5
0.00033125,3.5
0.000340625,3.5
0.00035,3.5
0.000359375,3.5
0.00036875,3.5
0.000378125,3.5
0.0003875,3.5
0.000396875,3.5
0.00040625,3.5
0.000425,3.5
0.00044375,3.5
0.0004625,3.5
0.00048125,3.5
0.0005,3.5
0.000515625,3.5
0.00053125,3.5
0.000546875,3.5
0.0005625,3.5
0.000578125,3.5
0.00059375,3.5
0.000609375,3.5
0.000625,3.5
0.000640625,3.5
0.00065625,3.5
0.000671875,3.5
0.0006875,3.5
0.00071875,3.5
0.00075,3.5
0.00078125,3.5
0.0008125,3.5
0.00084375,3.5
0.000875,3.5
0.00090625,3.5
0.0009375,3.5
0.00096875,3.5
0.001,3.5
0.00103125,3.5
0.0010625,3.5
0.00109375,3.5
0.001125,3.5
0.00115625,3.5
0.0011875,3.5
0.00121875,3.5
0.00125,3.5
0.00128125,3.5
0.0013125,3.5
0.00134375,3.5
0.001375,3.5
0.0014375,3.5
0.0015,3.5
0.0015625,3.5
0.001625,3.5
0.0016875,3.5
0.00175,3.5
0.0018125,3.5
0.001875,3.5
0.0019375,3.5
0.002,3.5
0.00209375,3.5
0.0021875,3.5
0.00228125,3.5
0.002375,3.5
0.00246875,3.5
0.0025625,3.5
0.00265625,3.5
0.00275,3.5
0.00284375,3.5
0.0029375,3.5
0.00303125,3.5
0.003125,3.5
0.00321875,3.5
0.0033125,3.5
0.00340625,3.5
0.0035,3.5
0.00359375,3.5
0.0036875,3.5
0.00378125,3.5
0.003875,3.5
0.00396875,3.5
0.0040625,3.5
0.00425,3.5
0.0044375,3.5
0.004625,3.5
0.0048125,3.5
0.005,3.5
0.00515625,3.5
0.0053125,3.5
0.00546875,3.5
0.005625,3.5
0.00578125,3.5
0.0059375,3.5
0.00609375,3.5
0.00625,3.5
0.00640625,3.5
0.0065625,3.5
0.00671875,3.5
0.006875,3.5
0.0071875,3.5
0.0075,3.5
0.0078125,3.5
0.008125,3.5
0.0084375,3.5
0.00875,3.5
0.0090625,3.5
0.009375,3.5
0.0096875,3.5
0.01,3.5
0.0103125,3.5
0.010625,3.5
0.0109375,3.5
0.01125,3.5
0.0115625,3.5
0.011875,3.5
0.0121875,3.5
0.0125,3.5
0.0128125,3.5
0.013125,3.5
0.0134375,3.5
0.01375,3.5
0.014375,3.5
0.015,3.5
0.015625,3.5
0.01625,3.5
0.016875,3.5
0.0175,3.5
0.018125,3.5
0.01875,3.5
0.019375,3.5
0.02,3.5
0.0206625,3.5
0.021325,3.5
0.0219875,3.5
0.02265,3.5
0.0233125,3.5
0.023975,3.5
0.0246375,3.5
0.0253,3.5
0.02607188,3.5
0.02684375,3.5
0.02761563,3.5
0.0283875,3.5
0.02915938,3.5
0.02993125,3.5
0.03070313,3.5
0.031475,3.5
0.03224688,3.5
0.03301875,3.5
0.0345625,3.5
0.03610625,3.5
0.03765,3.5
0.03919375,3.5
0.0407375,3.5
0.04228125,3.5
0.043825,3.5
0.04536875,3.5
0.0469125,3.5
0.04845625,3.5
0.05,3.5
0.0515625,3.5
0.053125,3.5
0.0546875,3.5
0.05625,3.5
0.0578125,3.5
0.059375,3.5
0.0609375,3.5
0.0625,3.5
0.0640625,3.5
0.065625,3.5
0.0671875,3.5
0.06875,3.5
0.071875,3.5
0.075,3.5
0.078125,3.5
0.08125,3.5
0.084375,3.5
0.0875,3.5
0.090625,3.5
0.09375,3.5
0.096875,3.5
0.1,3.5
0.103125,3.5
0.10625,3.5
0.109375,3.5
0.1125,3.5
0.115625,3.5
0.11875,3.5
0.121875,3.5
0.125,3.5
0.128125,3.5
0.13125,3.5
0.134375,3.5
0.1375,3.5
0.14375,3.5
0.15,3.5
0.15625,3.5
0.1625,3.5
0.16875,3.5
0.175,3.5
0.18125,3.5
0.1875,3.5
0.19375,3.5
0.2,3.5
0.209375,3.5
0.21875,3.5
0.228125,3.5
0.2375,3.5
0.246875,3.5
0.25625,3.5
0.265625,3.5
0.275,3.5
0.284375,3.5
0.29375,3.5
0.303125,3.5
0.3125,3.5
0.321875,3.5
0.33125,3.5
0.340625,3.5
0.35,3.5
0.359375,3.5
0.36875,3.5
0.378125,3.5
0.3875,3.5
0.396875,3.5
0.40625,3.5
0.425,3.5
0.44375,3.5
0.4625,3.5
0.48125,3.5
0.5,3.5
0.53125,3.5
0.5625,3.5
0.59375,3.5
0.625,3.5
0.65625,3.5
0.6875,3.5
0.71875,3.5
0.75,3.5
0.78125,3.5
0.8125,3.5
0.84375,3.5
0.875,3.5
0.9375,3.5
1.0,3.5
1.0625,3.5
1.125,3.5
1.1875,3.5
1.25,3.5
1.3125,3.5
1.375,3.5
1.4375,3.5
1.5,3.5
1.5625,3.5
1.625,3.5
1.6875,3.5
1.75,3.5
1.875,3.5
2.0,3.5
2.09375,3.5
2.1875,3.5
2.28125,3.5
2.375,3.5
2.46875,3.5
2.5625,3.5
2.65625,3.5
2.75,3.5
2.9375,3.5
3.125,3.5
3.3125,3.5
3.5,3.5
3.6875,3.5
3.875,3.5
4.0625,3.5
4.25,3.5
4.4375,3.5
4.625,3.5
4.8125,3.5
5.0,3.5
5.3125,3.5
5.625,3.5
5.9375,3.5
6.25,3.5
6.5625,3.5
6.875,3.5
7.1875,3.5
7.5,3.5
7.8125,3.5
8.125,3.5
8.4375,3.5
8.75,3.5
9.375,3.5
10.0,3.5
10.625,3.5
11.25,3.5
11.875,3.5
12.5,3.5
13.125,3.5
13.75,3.5
14.375,3.5
15.0,3.5
15.625,3.5
16.25,3.5
16.875,3.5
17.5,3.5
18.75,3.5
20.0,3.5
21.125,3.5
22.25,3.5
23.375,3.5
24.5,3.5
25.625,3.5
26.75,3.5
27.875,3.5
28.99999,3.5
29.00001,91.53178
30.0,90.39256
31.25,89.0297
32.5,87.73965
35.0,85.35291
37.5,83.16628
40.0,81.17156
42.5,79.31886
45.0,77.61084
47.5,76.02905
50.0,74.55823
52.5,73.16781
55.0,71.86623
57.5,70.64416
60.0,69.49359
63.0,68.18385
66.0,66.95805
69.0,65.80734
72.0,64.72415
75.25,63.60907
78.5,62.55916
81.75,61.56814
85.0,60.63056
88.75,59.60078
92.5,58.63005
96.25,57.71279
100.0,56.84413
106.25,55.50456
112.5,54.27051
118.75,53.12846
125.0,52.06722
131.25,51.07091
137.5,50.13872
143.75,49.26388
150.0,48.44058
160.0,47.21323
170.0,46.08866
177.5,45.30171
185.0,44.55994
192.5,43.8591
200.0,43.19544
212.5,42.15712
225.0,41.20104
237.5,40.31663
250.0,39.49515
262.5,38.72753
275.0,38.00952
287.5,37.33587
300.0,36.70209
312.5,36.10318
325.0,35.53697
337.5,35.00052
350.0,34.49124
375.0,33.54531
400.0,32.68395
425.0,31.89555
450.0,31.16965
475.0,30.49822
500.0,29.87461
525.0,29.2945
550.0,28.75187
575.0,28.24276
600.0,27.76377
630.0,27.22593
660.0,26.72282
690.0,26.25076
720.0,25.80662
760.0,25.2551
800.0,24.74277
850.0,24.15379
900.0,23.61133
950.0,23.10943
1000.0,22.64314
1062.5,22.1081
1125.0,21.61524
1187.5,21.15914
1250.0,20.73535
1312.5,20.34385
1375.0,19.97746
1437.5,19.63352
1500.0,19.30977
1600.0,18.8332
1700.0,18.39625
1775.0,18.09407
1850.0,17.80906
1925.0,17.53961
2000.0,17.2843
2125.0,16.89234
2250.0,16.53093
2375.0,16.19619
2500.0,15.88489
2625.0,15.59932
2750.0,15.33182
2875.0,15.0805
3000.0,14.84374
3250.0,14.41574
3500.0,14.03049
3750.0,13.68659
4000.0,13.37253
4250.0,13.09024
4500.0,12.82955
4750.0,12.58774
5000.0,12.36255
5250.0,12.15798
5500.0,11.96608
6000.0,11.61524
6500.0,11.3098
7000.0,11.03418
7500.0,10.78994
8000.0,10.56637
8500.0,10.36684
9000.0,10.18217
9500.0,10.01051
10000.0,9.85034
10625.0,9.673107
11250.0,9.508929
11875.0,9.356195
12500.0,9.213566
13125.0,9.085851
13750.0,8.965728
14375.0,8.85243
15000.0,8.745296
16000.0,8.590731
17000.0,8.448028
18500.0,8.259699
20000.0,8.089782
21250.0,7.966294
22500.0,7.851593
23750.0,7.744615
25000.0,7.644474
26250.0,7.555298
27500.0,7.471241
28750.0,7.391795
30000.0,7.316522
32500.0,7.183156
35000.0,7.061847
37500.0,6.954987
40000.0,6.856491
42500.0,6.769573
45000.0,6.688634
47500.0,6.612963
50000.0,6.541966
50371.0,6.53238
50521.46,6.528516
50671.91,6.524666
50972.82,6.517007
51574.63,6.501851
52176.44,6.486906
52778.25,6.472166
53380.07,6.457625
53981.88,6.44328
55185.5,6.415156
56389.13,6.387758
57592.75,6.361052
58796.38,6.335006
60000.0,6.309592
61250.0,6.284826
62500.0,6.260654
65000.0,6.213994
67500.0,6.169422
70000.0,6.126775
72500.0,6.087529
75000.0,6.049852
77500.0,6.013632
80000.0,5.978769
82499.99,5.946486
84999.98,5.915333
87499.97,5.88524
89999.95,5.856141
94999.93,5.800696
99999.9,5.74858
100000.1,5.709629
103125.1,5.687781
106250.1,5.666665
109375.1,5.646237
112500.1,5.626454
118750.1,5.58868
125000.1,5.553079
131250.1,5.519425
137500.1,5.487527
143750.1,5.45722
150000.0,5.42836
156250.0,5.41134
162500.0,5.395039
168750.0,5.379399
175000.0,5.36437
181250.0,5.349909
187500.0,5.335976
200000.0,5.30955
212500.0,5.298653
225000.0,5.288399
237500.0,5.278718
250000.0,5.26955
262500.0,5.271567
275000.0,5.27349
287500.0,5.275329
300000.0,5.27709
312500.0,5.288344
325000.0,5.299179
337500.0,5.309627
350000.0,5.319713
362500.0,5.329464
375000.0,5.338902
400000.0,5.356914
425000.0,5.373889
450000.0,5.389942
475000.0,5.405172
500000.0,5.41966
506250.0,5.424712
512500.0,5.429706
518750.0,5.434644
525000.0,5.439527
531250.0,5.444357
537500.0,5.449135
543750.0,5.453861
550000.0,5.458538
556250.0,5.463165
562500.0,5.467745
568750.0,5.472278
575000.0,5.476765
581250.0,5.481208
587500.0,5.485606
593750.0,5.489961
600000.0,5.494274
606250.0,5.498546
612500.0,5.502777
618750.0,5.506968
625000.0,5.51112
631250.0,5.515234
637500.0,5.519311
643750.0,5.523351
650000.0,5.527355
656250.0,5.531323
662500.0,5.535256
668750.0,5.539156
675000.0,5.543021
681250.0,5.546854
687500.0,5.550654
693750.0,5.554423
700000.0,5.55816
706250.0,5.56044
712500.0,5.562701
718750.0,5.564943
725000.0,5.567167
731250.0,5.569372
737500.0,5.571559
743750.0,5.573729
750000.0,5.575881
756250.0,5.578017
762500.0,5.580136
768750.0,5.582238
775000.0,5.584324
781250.0,5.586394
787500.0,5.588448
793750.0,5.590487
800000.0,5.59251
806250.0,5.592679
812500.0,5.592847
818750.0,5.593013
825000.0,5.593179
831250.0,5.593343
837500.0,5.593506
843750.0,5.593667
850000.0,5.593828
856250.0,5.593987
862500.0,5.594145
868750.0,5.594302
875000.0,5.594458
881250.0,5.594612
887500.0,5.594766
893750.0,5.594919
900000.0,5.59507
906250.0,5.593543
912500.0,5.592026
918750.0,5.59052
925000.0,5.589025
931250.0,5.58754
937500.0,5.586066
943750.0,5.584602
950000.0,5.583147
956250.0,5.581703
962500.0,5.580269
968750.0,5.578844
975000.0,5.577428
981250.0,5.576023
987500.0,5.574626
993750.0,5.573238
1000000.0,5.57186
1007813.0,5.566471
1015625.0,5.56113
1023438.0,5.555835
1031250.0,5.550585
1039063.0,5.545379
1046875.0,5.540217
1054688.0,5.535098
1062500.0,5.530022
1070313.0,5.524988
1078125.0,5.519995
1085938.0,5.515042
1093750.0,5.510129
1101563.0,5.505255
1109375.0,5.500421
1117188.0,5.495624
1125000.0,5.490865
1132813.0,5.486142
1140625.0,5.481457
1148438.0,5.476807
1156250.0,5.472193
1164063.0,5.467613
1171875.0,5.463068
1179688.0,5.458557
1187500.0,5.45408
1195313.0,5.449635
1203125.0,5.445223
1210938.0,5.440843
1218750.0,5.436495
1226563.0,5.432178
1234375.0,5.427892
1242188.0,5.423636
1250000.0,5.41941
1257813.0,5.41048
1265625.0,5.401621
1273438.0,5.392829
1281250.0,5.384107
1289063.0,5.37545
1296875.0,5.366861
1304688.0,5.358336
1312500.0,5.349876
1320313.0,5.341479
1328125.0,5.333145
1335938.0,5.324872
1343750.0,5.316661
1351563.0,5.308509
1359375.0,5.300417
1367188.0,5.292383
1375000.0,5.284408
1382813.0,5.276489
1390625.0,5.268628
1398438.0,5.260821
1406250.0,5.25307
1414063.0,5.245372
1421875.0,5.237729
1429688.0,5.230138
1437500.0,5.2226
1445313.0,5.215113
1453125.0,5.207677
1460938.0,5.200292
1468750.0,5.192956
1476563.0,5.18567
1484375.0,5.178432
1492188.0,5.171242
1500000.0,5.1641
1507813.0,5.15393
1515625.0,5.143834
1523438.0,5.133807
1531250.0,5.123853
1539063.0,5.113968
1546875.0,5.104152
1554688.0,5.094404
1562500.0,5.084724
1570313.0,5.075109
1578125.0,5.065562
1585938.0,5.056078
1593750.0,5.04666
1601563.0,5.037303
1609375.0,5.028011
1617188.0,5.01878
1625000.0,5.009611
1632813.0,5.000502
1640625.0,4.991453
1648438.0,4.982463
1656250.0,4.973532
1664063.0,4.964659
1671875.0,4.955843
1679688.0,4.947084
1687500.0,4.938381
1695313.0,4.929733
1703125.0,4.92114
1710938.0,4.912601
1718750.0,4.904116
1726563.0,4.895683
1734375.0,4.887304
1742188.0,4.878976
1750000.0,4.8707
1757813.0,4.860461
1765625.0,4.85029
1773438.0,4.840185
1781250.0,4.830145
1789063.0,4.820169
1796875.0,4.810258
1804688.0,4.80041
1812500.0,4.790625
1820313.0,4.7809
1828125.0,4.771239
1835938.0,4.761636
1843750.0,4.752095
1851563.0,4.742612
1859375.0,4.733189
1867188.0,4.723822
1875000.0,4.714515
1882813.0,4.705263
1890625.0,4.696069
1898438.0,4.686929
1906250.0,4.677846
1914063.0,4.668816
1921875.0,4.659841
1929688.0,4.650919
1937500.0,4.642051
1945313.0,4.633235
1953125.0,4.624471
1960938.0,4.615758
1968750.0,4.607097
1976563.0,4.598485
1984375.0,4.589924
1992188.0,4.581412
2000000.0,4.57295
2007813.0,4.561116
2015625.0,4.54936
2023438.0,4.537678
2031250.0,4.526073
2039063.0,4.51454
2046875.0,4.503082
2054688.0,4.491695
2062500.0,4.480381
2070313.0,4.469137
2078125.0,4.457965
2085938.0,4.446861
2093750.0,4.435827
2101563.0,4.424861
2109375.0,4.413963
2117188.0,4.403131
2125000.0,4.392367
2132813.0,4.381667
2140625.0,4.371034
2148438.0,4.360463
2156250.0,4.349958
2164063.0,4.339514
2171875.0,4.329135
2179688.0,4.318816
2187500.0,4.308559
2195313.0,4.298362
2203125.0,4.288227
2210938.0,4.27815
2218750.0,4.268134
2226563.0,4.258174
2234375.0,4.248274
2242188.0,4.238431
2250000.0,4.228645
2257813.0,4.218914
2265625.0,4.209241
2273438.0,4.199622
2281250.0,4.190059
2289063.0,4.180549
2296875.0,4.171094
2304688.0,4.161691
2312500.0,4.152343
2320313.0,4.143045
2328125.0,4.133801
2335938.0,4.124607
2343750.0,4.115465
2351563.0,4.106373
2359375.0,4.097332
2367188.0,4.08834
2375000.0,4.079398
2382813.0,4.070503
2390625.0,4.061658
2398438.0,4.05286
2406250.0,4.044111
2414063.0,4.035408
2421875.0,4.026753
2429688.0,4.018143
2437500.0,4.00958
2445313.0,4.001061
2453125.0,3.992589
2460938.0,3.98416
2468750.0,3.975777
2476563.0,3.967437
2484375.0,3.959142
2492188.0,3.950888
2500000.0,3.942679
2507813.0,3.934512
2515625.0,3.926388
2523438.0,3.918304
2531250.0,3.910263
2539063.0,3.902263
2546875.0,3.894304
2554688.0,3.886385
2562500.0,3.878507
2570313.0,3.870667
2578125.0,3.862869
2585938.0,3.855108
2593750.0,3.847388
2601563.0,3.839705
2609375.0,3.832062
2617188.0,3.824455
2625000.0,3.816887
2632813.0,3.809356
2640625.0,3.801863
2648438.0,3.794405
2656250.0,3.786985
2664063.0,3.779601
2671875.0,3.772253
2679688.0,3.76494
2687500.0,3.757663
2695313.0,3.750421
2703125.0,3.743214
2710938.0,3.736041
2718750.0,3.728903
2726563.0,3.721798
2734375.0,3.714728
2742188.0,3.707691
2750000.0,3.700688
2757813.0,3.693717
2765625.0,3.68678
2773438.0,3.679874
2781250.0,3.673002
2789063.0,3.66616
2796875.0,3.659352
2804688.0,3.652574
2812500.0,3.645828
2820313.0,3.639113
2828125.0,3.632429
2835938.0,3.625776
2843750.0,3.619153
2851563.0,3.61256
2859375.0,3.605998
2867188.0,3.599464
2875000.0,3.592961
2882813.0,3.586487
2890625.0,3.580042
2898438.0,3.573626
2906250.0,3.567239
2914063.0,3.56088
2921875.0,3.55455
2929688.0,3.548247
2937500.0,3.541973
2945313.0,3.535726
2953125.0,3.529508
2960938.0,3.523315
2968750.0,3.517151
2976563.0,3.511013
2984375.0,3.504902
2992188.0,3.498818
3000000.0,3.49276
3006045.0,3.486917
3012089.0,3.481096
3018134.0,3.475296
3024178.0,3.469518
3030223.0,3.46376
3036267.0,3.458024
3042311.0,3.452309
3048355.0,3.446614
3054400.0,3.440939
3060444.0,3.435286
3066489.0,3.429653
3072533.0,3.42404
3078578.0,3.418447
3084622.0,3.412875
3090666.0,3.407322
3096710.0,3.40179
3103767.0,3.395003
3110824.0,3.388246
3117881.0,3.381517
3124938.0,3.374817
3131995.0,3.368145
3139052.0,3.361501
3146109.0,3.354885
3153166.0,3.348297
3160223.0,3.341736
3167280.0,3.335203
3174337.0,3.328697
3181394.0,3.322219
3188451.0,3.315767
3195508.0,3.309342
3202565.0,3.302944
3209622.0,3.296572
3216679.0,3.290226
3223736.0,3.283906
3230793.0,3.277613
3237850.0,3.271345
3244907.0,3.265102
3251964.0,3.258885
3259021.0,3.252693
3266078.0,3.246527
3273135.0,3.240385
3280192.0,3.234269
3287249.0,3.228176
3294306.0,3.222109
3301363.0,3.216065
3308420.0,3.210046
3315477.0,3.204051
3322533.0,3.198081
3329590.0,3.192134
3336647.0,3.18621
3343704.0,3.18031
3350761.0,3.174433
3357818.0,3.168579
3364875.0,3.162748
3371932.0,3.156941
3378989.0,3.151156
3386046.0,3.145393
3393103.0,3.139653
3400160.0,3.133936
3407217.0,3.128241
3414274.0,3.122567
3421331.0,3.116916
3428388.0,3.111287
3435444.0,3.10568
3442501.0,3.100094
3449558.0,3.094529
3456615.0,3.088986
3463672.0,3.083464
3470729.0,3.077963
3477786.0,3.072483
3484843.0,3.067024
3491900.0,3.061585
3498957.0,3.056167
3506014.0,3.05077
3513071.0,3.045393
3520128.0,3.040036
3527185.0,3.034699
3534242.0,3.029383
3541299.0,3.024086
3548355.0,3.018809
3555412.0,3.013552
3562469.0,3.008314
3569526.0,3.003096
3576583.0,2.997897
3583640.0,2.992717
3590697.0,2.987556
3597754.0,2.982415
3604811.0,2.977292
3611868.0,2.972188
3618925.0,2.967103
3625982.0,2.962036
3633039.0,2.956988
3640096.0,2.951958
3647153.0,2.946946
3654210.0,2.941953
3661267.0,2.936977
3668324.0,2.93202
3675381.0,2.92708
3682438.0,2.922159
3689495.0,2.917255
3696552.0,2.912368
3703609.0,2.907499
3710666.0,2.902647
3717723.0,2.897813
3724780.0,2.892996
3731837.0,2.888196
3738894.0,2.883413
3745951.0,2.878647
3753008.0,2.873898
3760065.0,2.869165
3767122.0,2.864449
3774178.0,2.85975
3781235.0,2.855068
3788292.0,2.850401
3795349.0,2.845751
3802406.0,2.841117
3809463.0,2.836499
3816520.0,2.831897
3823577.0,2.827311
3830634.0,2.822741
3837691.0,2.818187
3844748.0,2.813648
3851805.0,2.809125
3858862.0,2.804618
3865919.0,2.800126
3872976.0,2.795649
3880033.0,2.791188
3887089.0,2.786742
3894146.0,2.782311
3901203.0,2.777895
3908260.0,2.773494
3915317.0,2.769108
3922374.0,2.764737
3929431.0,2.760381
3936488.0,2.756039
3943545.0,2.751711
3950602.0,2.747399
3957659.0,2.7431
3964716.0,2.738816
3971773.0,2.734547
3978830.0,2.730291
3985887.0,2.72605
3992944.0,2.721823
4000000.0,2.71761
4014755.0,2.710104
4029509.0,2.702647
4044264.0,2.695238
4059018.0,2.687876
4073773.0,2.68056
4088527.0,2.673291
4103281.0,2.666067
4118035.0,2.658889
4132790.0,2.651756
4147544.0,2.644667
4162299.0,2.637622
4177053.0,2.630621
4191808.0,2.623663
4206562.0,2.616748
4221316.0,2.609875
4236070.0,2.603044
4250825.0,2.596254
4265579.0,2.589506
4280334.0,2.582798
4295088.0,2.576131
4309843.0,2.569504
4324597.0,2.562916
4339351.0,2.556368
4354105.0,2.549859
4368860.0,2.543388
4383614.0,2.536955
4398369.0,2.53056
4413123.0,2.524202
4427878.0,2.517882
4442632.0,2.511598
4457386.0,2.505351
4472140.0,2.49914
4484618.0,2.493788
4497095.0,2.488462
4509572.0,2.483163
4522049.0,2.47789
4534527.0,2.472641
4547004.0,2.467419
4559481.0,2.462222
4571958.0,2.45705
4584436.0,2.451903
4596913.0,2.446781
4609390.0,2.441683
4621867.0,2.43661
4634344.0,2.431561
4646821.0,2.426535
4659298.0,2.421534
4671775.0,2.416556
4684253.0,2.411602
4696730.0,2.406671
4709207.0,2.401763
4721684.0,2.396878
4734162.0,2.392016
4746639.0,2.387176
4759116.0,2.382359
4771593.0,2.377564
4784071.0,2.372791
4796548.0,2.368041
4809025.0,2.363312
4821502.0,2.358605
4833979.0,2.353919
4846456.0,2.349255
4858933.0,2.344612
4871410.0,2.33999
4887484.0,2.333982
4903558.0,2.328009
4919632.0,2.32207
4935705.0,2.316167
4951779.0,2.310297
4967853.0,2.304461
4983927.0,2.298659
5000000.0,2.29289
5018173.0,2.289579
5036345.0,2.286284
5054518.0,2.283006
5072690.0,2.279745
5090863.0,2.276499
5109035.0,2.27327
5127208.0,2.270057
5145380.0,2.26686
5167330.0,2.263008
5189280.0,2.25918
5211230.0,2.255374
5233180.0,2.25159
5248434.0,2.248964
5263687.0,2.246349
5278940.0,2.243745
5294193.0,2.241151
5309446.0,2.238568
5324699.0,2.235995
5339952.0,2.233432
5355205.0,2.23088
5370459.0,2.228337
5385712.0,2.225805
5400965.0,2.223283
5416218.0,2.220771
5431471.0,2.218268
5446724.0,2.215776
5461977.0,2.213293
5477230.0,2.21082
5493195.0,2.208228
5509159.0,2.205646
5525124.0,2.203075
5541088.0,2.200514
5557053.0,2.197963
5573017.0,2.195423
5588981.0,2.192893
5604945.0,2.190373
5620910.0,2.187863
5636874.0,2.185363
5652839.0,2.182873
5668803.0,2.180393
5684768.0,2.177923
5700732.0,2.175462
5716696.0,2.173011
5732660.0,2.17057
5749369.0,2.168011
5766078.0,2.165463
5782787.0,2.162924
5799495.0,2.160397
5816204.0,2.157879
5832913.0,2.155372
5849622.0,2.152874
5866330.0,2.150387
5883039.0,2.147909
5899748.0,2.145442
5916457.0,2.142984
5933165.0,2.140536
5949874.0,2.138098
5966583.0,2.135669
5983292.0,2.13325
6000000.0,2.13084
6015024.0,2.131493
6030047.0,2.132144
6045070.0,2.132794
6060093.0,2.133442
6075116.0,2.134089
6090139.0,2.134735
6105162.0,2.135379
6120185.0,2.136022
6135209.0,2.136664
6150232.0,2.137304
6165255.0,2.137943
6180278.0,2.13858
6195301.0,2.139216
6210324.0,2.139851
6225347.0,2.140484
6240370.0,2.141116
6255394.0,2.141746
6270417.0,2.142376
6285440.0,2.143004
6300463.0,2.14363
6315486.0,2.144256
6330509.0,2.14488
6345532.0,2.145503
6360555.0,2.146124
6375579.0,2.146744
6390602.0,2.147363
6405625.0,2.147981
6420648.0,2.148597
6435671.0,2.149212
6450694.0,2.149826
6465717.0,2.150439
6480740.0,2.15105
6501904.0,2.151902
6523067.0,2.152752
6544230.0,2.153599
6565393.0,2.154444
6586556.0,2.155286
6607719.0,2.156127
6628882.0,2.156964
6650045.0,2.1578
6671209.0,2.158633
6692372.0,2.159463
6713535.0,2.160292
6734698.0,2.161118
6755861.0,2.161942
6777024.0,2.162764
6798187.0,2.163583
6819350.0,2.1644
6841932.0,2.162908
6864513.0,2.161422
6887094.0,2.159943
6909675.0,2.158469
6932257.0,2.157
6954838.0,2.155538
6977419.0,2.154081
7000000.0,2.15263
7006209.0,2.155464
7012417.0,2.158299
7018626.0,2.161136
7024834.0,2.163974
7031043.0,2.166813
7037251.0,2.169653
7043460.0,2.172494
7049668.0,2.175337
7055877.0,2.178181
7062085.0,2.181025
7068294.0,2.183872
7074502.0,2.186719
7080711.0,2.189568
7086919.0,2.192418
7093127.0,2.195268
7099335.0,2.19812
7105544.0,2.200974
7111752.0,2.203829
7117961.0,2.206685
7124169.0,2.209542
7130378.0,2.2124
7136586.0,2.215259
7142795.0,2.21812
7149003.0,2.220982
7155212.0,2.223845
7161420.0,2.226709
7167629.0,2.229575
7173837.0,2.232442
7180046.0,2.23531
7186254.0,2.238179
7192462.0,2.241049
7198670.0,2.24392
7204931.0,2.244239
7211191.0,2.244559
7217452.0,2.244878
7223712.0,2.245196
7229973.0,2.245515
7236233.0,2.245833
7242494.0,2.246151
7248754.0,2.246469
7255015.0,2.246787
7261275.0,2.247104
7267536.0,2.247421
7273796.0,2.247738
7280057.0,2.248055
7286317.0,2.248371
7292577.0,2.248688
7298837.0,2.249003
7305098.0,2.249319
7311358.0,2.249635
7317619.0,2.24995
7323879.0,2.250265
7330140.0,2.25058
7336400.0,2.250895
7342660.0,2.251209
7348920.0,2.251523
7355181.0,2.251837
7361441.0,2.252151
7367702.0,2.252465
7373962.0,2.252778
7380223.0,2.253091
7386483.0,2.253404
7392743.0,2.253717
7399003.0,2.254029
7405264.0,2.254341
7411524.0,2.254653
7417785.0,2.254965
7424045.0,2.255276
7430306.0,2.255588
7436566.0,2.255899
7442826.0,2.25621
7449086.0,2.25652
7455347.0,2.256831
7461607.0,2.257141
7467868.0,2.257451
7474128.0,2.257761
7480389.0,2.25807
7486649.0,2.25838
7492909.0,2.258689
7499169.0,2.258998
7505430.0,2.259306
7511690.0,2.259615
7517951.0,2.259923
7524211.0,2.260231
7530472.0,2.260539
7536732.0,2.260847
7542992.0,2.261154
7549252.0,2.261461
7555513.0,2.261768
7561773.0,2.262075
7568034.0,2.262382
7574294.0,2.262688
7580555.0,2.262994
7586815.0,2.2633
7593075.0,2.263606
7599335.0,2.263911
7605596.0,2.264217
7611856.0,2.264522
7618117.0,2.264827
7624377.0,2.265131
7630638.0,2.265436
7636898.0,2.26574
7643159.0,2.266044
7649419.0,2.266348
7655680.0,2.266652
7661940.0,2.266955
7668201.0,2.267258
7674461.0,2.267561
7680722.0,2.267864
7686982.0,2.268167
7693242.0,2.268469
7699502.0,2.268771
7705763.0,2.269073
7712023.0,2.269375
7718284.0,2.269677
7724544.0,2.269978
7730805.0,2.270279
7737065.0,2.27058
7743325.0,2.270881
7749585.0,2.271181
7755846.0,2.271482
7762106.0,2.271782
7768367.0,2.272082
7774627.0,2.272382
7780888.0,2.272681
7787148.0,2.27298
7793408.0,2.27328
7799668.0,2.273578
7805929.0,2.273877
7812189.0,2.274176
7818450.0,2.274474
7824710.0,2.274772
7830971.0,2.27507
7837231.0,2.275368
7843491.0,2.275665
7849751.0,2.275963
7856012.0,2.27626
7862272.0,2.276557
7868533.0,2.276854
7874793.0,2.27715
7881054.0,2.277446
7887314.0,2.277743
7893574.0,2.278039
7899834.0,2.278334
7906095.0,2.27863
7912355.0,2.278925
7918616.0,2.27922
7924876.0,2.279515
7931137.0,2.27981
7937397.0,2.280105
7943657.0,2.280399
7949917.0,2.280693
7956178.0,2.280987
7962438.0,2.281281
7968699.0,2.281575
7974959.0,2.281868
7981220.0,2.282162
7987480.0,2.282455
7993740.0,2.282747
8000000.0,2.28304
8007813.0,2.284404
8015625.0,2.285768
8023438.0,2.287131
8031250.0,2.288493
8039063.0,2.289855
8046875.0,2.291216
8054688.0,2.292577
8062500.0,2.293938
8070313.0,2.295298
8078125.0,2.296657
8085938.0,2.298016
8093750.0,2.299374
8101563.0,2.300732
8109375.0,2.30209
8117188.0,2.303446
8125000.0,2.304803
8132813.0,2.306159
8140625.0,2.307514
8148438.0,2.308869
8156250.0,2.310223
8164063.0,2.311577
8171875.0,2.31293
8179688.0,2.314283
8187500.0,2.315635
8195313.0,2.316987
8203125.0,2.318338
8210938.0,2.319689
8218750.0,2.32104
8226563.0,2.32239
8234375.0,2.323739
8242188.0,2.325088
8250000.0,2.326436
8257813.0,2.327784
8265625.0,2.329131
8273438.0,2.330478
8281250.0,2.331824
8289063.0,2.33317
8296875.0,2.334516
8304688.0,2.33586
8312500.0,2.337205
8320313.0,2.338549
8328125.0,2.339892
8335938.0,2.341235
8343750.0,2.342577
8351563.0,2.343919
8359375.0,2.345261
8367188.0,2.346602
8375000.0,2.347942
8382813.0,2.349282
8390625.0,2.350622
8398438.0,2.351961
8406250.0,2.353299
8414063.0,2.354637
8421875.0,2.355975
8429688.0,2.357312
8437500.0,2.358649
8445313.0,2.359985
8453125.0,2.36132
8460938.0,2.362656
8468750.0,2.36399
8476563.0,2.365325
8484375.0,2.366658
8492188.0,2.367992
8500000.0,2.369324
8507813.0,2.370657
8515625.0,2.371989
8523438.0,2.37332
8531250.0,2.374651
8539063.0,2.375981
8546875.0,2.377311
8554688.0,2.378641
8562500.0,2.37997
8570313.0,2.381298
8578125.0,2.382626
8585938.0,2.383954
8593750.0,2.385281
8601563.0,2.386608
8609375.0,2.387934
8617188.0,2.38926
8625000.0,2.390585
8632813.0,2.39191
8640625.0,2.393234
8648438.0,2.394558
8656250.0,2.395881
8664063.0,2.397204
8671875.0,2.398527
8679688.0,2.399849
8687500.0,2.40117
8695313.0,2.402491
8703125.0,2.403812
8710938.0,2.405132
8718750.0,2.406452
8726563.0,2.407771
8734375.0,2.40909
8742188.0,2.410408
8750000.0,2.411726
8757813.0,2.413044
8765625.0,2.41436
8773438.0,2.415677
8781250.0,2.416993
8789063.0,2.418309
8796875.0,2.419624
8804688.0,2.420938
8812500.0,2.422253
8820313.0,2.423566
8828125.0,2.42488
8835938.0,2.426193
8843750.0,2.427505
8851563.0,2.428817
8859375.0,2.430129
8867188.0,2.43144
8875000.0,2.43275
8882813.0,2.434061
8890625.0,2.43537
8898438.0,2.43668
8906250.0,2.437988
8914063.0,2.439297
8921875.0,2.440605
8929688.0,2.441912
8937500.0,2.443219
8945313.0,2.444526
8953125.0,2.445832
8960938.0,2.447138
8968750.0,2.448443
8976563.0,2.449748
8984375.0,2.451052
8992188.0,2.452357
9000000.0,2.45366
9008782.0,2.454145
9017564.0,2.454629
9026346.0,2.455113
9035128.0,2.455596
9043910.0,2.45608
9052692.0,2.456562
9061474.0,2.457045
9070255.0,2.457527
9079037.0,2.458009
9087819.0,2.45849
9096601.0,2.458971
9105383.0,2.459451
9114165.0,2.459932
9122947.0,2.460411
9131729.0,2.460891
9140510.0,2.46137
9145883.0,2.461958
9151256.0,2.462545
9156629.0,2.463132
9162002.0,2.463719
9167375.0,2.464306
9172748.0,2.464892
9178121.0,2.465479
9183493.0,2.466065
9188866.0,2.46665
9194239.0,2.467236
9199612.0,2.467822
9204984.0,2.468407
9210357.0,2.468992
9215730.0,2.469577
9221103.0,2.470161
9226475.0,2.470746
9231848.0,2.47133
9237221.0,2.471914
9242594.0,2.472498
9247967.0,2.473082
9253340.0,2.473665
9258713.0,2.474249
9264086.0,2.474832
9269458.0,2.475414
9274831.0,2.475997
9280204.0,2.47658
9285577.0,2.477162
9290949.0,2.477744
9296322.0,2.478326
9301695.0,2.478907
9307068.0,2.479489
9312440.0,2.48007
9317812.0,2.481157
9323184.0,2.482243
9328556.0,2.48333
9333927.0,2.484416
9339299.0,2.485502
9344670.0,2.486588
9350042.0,2.487674
9355413.0,2.48876
9360785.0,2.489845
9366156.0,2.49093
9371528.0,2.492016
9376899.0,2.493101
9382271.0,2.494186
9387642.0,2.49527
9393014.0,2.496355
9398385.0,2.497439
9403757.0,2.498524
9409129.0,2.499608
9414501.0,2.500692
9419872.0,2.501776
9425244.0,2.50286
9430615.0,2.503943
9435987.0,2.505027
9441358.0,2.50611
9446730.0,2.507193
9452101.0,2.508276
9457473.0,2.509359
9462844.0,2.510441
9468216.0,2.511524
9473587.0,2.512606
9478959.0,2.513688
9484330.0,2.51477
9489702.0,2.515852
9495074.0,2.516934
9500446.0,2.518016
9505817.0,2.519097
9511189.0,2.520179
9516560.0,2.52126
9521932.0,2.522341
9527303.0,2.523422
9532675.0,2.524503
9538046.0,2.525583
9543418.0,2.526664
9548789.0,2.527744
9554161.0,2.528824
9559532.0,2.529904
9564904.0,2.530984
9570275.0,2.532064
9575647.0,2.533144
9581019.0,2.534223
9586391.0,2.535302
9591762.0,2.536382
9597134.0,2.537461
9602505.0,2.538539
9607877.0,2.539618
9613248.0,2.540697
9618620.0,2.541775
9623991.0,2.542853
9629363.0,2.543932
9634734.0,2.54501
9640106.0,2.546087
9645477.0,2.547165
9650849.0,2.548243
9656220.0,2.54932
9661592.0,2.550397
9666964.0,2.551475
9672336.0,2.552552
9677707.0,2.553628
9683079.0,2.554705
9688450.0,2.555782
9693822.0,2.556858
9699193.0,2.557934
9704565.0,2.559011
9709936.0,2.560086
9715308.0,2.561162
9720679.0,2.562238
9726051.0,2.563314
9731422.0,2.564389
9736794.0,2.565464
9742165.0,2.566539
9747537.0,2.567614
9752909.0,2.568689
9758281.0,2.569764
9763652.0,2.570839
9769024.0,2.571913
9774395.0,2.572987
9779767.0,2.574061
9785138.0,2.575135
9790510.0,2.576209
9795881.0,2.577283
9801253.0,2.578357
9806624.0,2.57943
9811996.0,2.580503
9817367.0,2.581576
9822739.0,2.582649
9828110.0,2.583722
9833482.0,2.584795
9838854.0,2.585868
9844226.0,2.58694
9849597.0,2.588012
9854969.0,2.589085
9860340.0,2.590157
9865712.0,2.591228
9871083.0,2.5923
9876455.0,2.593372
9881826.0,2.594443
9887198.0,2.595515
9892569.0,2.596586
9897941.0,2.597657
9903312.0,2.598728
9908684.0,2.599798
9914055.0,2.600869
9919427.0,2.601939
9924799.0,2.60301
9930171.0,2.60408
9935542.0,2.60515
9940914.0,2.60622
9946285.0,2.60729
9951657.0,2.60836
9957028.0,2.609429
9962400.0,2.610498
9967771.0,2.611568
9973143.0,2.612637
9978514.0,2.613706
9983886.0,2.614775
9989257.0,2.615843
9994629.0,2.616912
10000000.0,2.61798
10007630.0,2.618695
10015260.0,2.61941
10022890.0,2.620125
10030510.0,2.620838
10038140.0,2.621552
10045770.0,2.622265
10053400.0,2.622979
10061020.0,2.623691
10068650.0,2.624403
10076280.0,2.625115
10083910.0,2.625827
10091530.0,2.626538
10099160.0,2.627249
10106780.0,2.627958
10114410.0,2.628669
10122030.0,2.629378
10129660.0,2.630088
10137290.0,2.630797
10144920.0,2.631506
10152540.0,2.632214
10160170.0,2.632922
10167790.0,2.633629
10175420.0,2.634337
10183040.0,2.635044
10190670.0,2.635751
10198300.0,2.636457
10205930.0,2.637164
10213550.0,2.637869
10221180.0,2.638574
10228800.0,2.639279
10236430.0,2.639984
10244050.0,2.640687
10251680.0,2.641392
10259310.0,2.642096
10266940.0,2.642799
10274560.0,2.643502
10282190.0,2.644205
10289820.0,2.644907
10297450.0,2.645609
10305070.0,2.64631
10312700.0,2.647012
10320330.0,2.647713
10327960.0,2.648414
10335580.0,2.649114
10343210.0,2.649814
10350830.0,2.650513
10358460.0,2.651213
10366080.0,2.651911
10373710.0,2.65261
10381340.0,2.653309
10388970.0,2.654007
10396590.0,2.654704
10404220.0,2.655402
10411840.0,2.656098
10419470.0,2.656795
10427090.0,2.657491
10434720.0,2.658187
10442350.0,2.658883
10449980.0,2.659579
10457600.0,2.660274
10465230.0,2.660969
10472850.0,2.661662
10480480.0,2.662357
10488100.0,2.66305
10496100.0,2.663772
10504100.0,2.664493
10512100.0,2.665214
10520100.0,2.665935
10528100.0,2.666655
10536100.0,2.667376
10544100.0,2.668095
10552090.0,2.668814
10560090.0,2.669533
10568090.0,2.670251
10576090.0,2.67097
10584090.0,2.671687
10592090.0,2.672405
10600090.0,2.673122
10608090.0,2.673839
10616080.0,2.674555
10624080.0,2.675271
10632080.0,2.675987
10640080.0,2.676702
10648080.0,2.677417
10656080.0,2.678132
10664080.0,2.678847
10672080.0,2.679561
10680070.0,2.680274
10688070.0,2.680987
10696070.0,2.6817
10704070.0,2.682413
10712060.0,2.683124
10720060.0,2.683836
10728060.0,2.684548
10736060.0,2.68526
10744050.0,2.68597
10752050.0,2.68668
10760050.0,2.687391
10768050.0,2.688101
10776050.0,2.68881
10784050.0,2.68952
10792050.0,2.690229
10800050.0,2.690937
10808040.0,2.691645
10816040.0,2.692353
10824040.0,2.69306
10832040.0,2.693768
10840040.0,2.694475
10848040.0,2.695181
10856040.0,2.695887
10864040.0,2.696593
10872030.0,2.697298
10880030.0,2.698003
10888030.0,2.698708
10896030.0,2.699413
10904030.0,2.700117
10912030.0,2.700821
10920030.0,2.701525
10928030.0,2.702228
10936020.0,2.70293
10944020.0,2.703633
10952020.0,2.704335
10960020.0,2.705037
10968010.0,2.705738
10976010.0,2.706439
10984010.0,2.70714
10992010.0,2.707841
11000000.0,2.70854
11005890.0,2.709322
11011770.0,2.710103
11017650.0,2.710884
11023530.0,2.711664
11029410.0,2.712444
11035290.0,2.713224
11041170.0,2.714004
11047050.0,2.714784
11052940.0,2.715564
11058820.0,2.716344
11064700.0,2.717123
11070580.0,2.717901
11076460.0,2.71868
11082340.0,2.719459
11088220.0,2.720237
11094100.0,2.721015
11099990.0,2.721794
11105870.0,2.722572
11111750.0,2.723349
11117630.0,2.724127
11123510.0,2.724904
11129390.0,2.725681
11135270.0,2.726457
11141150.0,2.727234
11147040.0,2.728012
11152920.0,2.728788
11158800.0,2.729564
11164680.0,2.73034
11170560.0,2.731115
11176440.0,2.731891
11182320.0,2.732666
11188200.0,2.733441
11194090.0,2.734217
11199970.0,2.734992
11205850.0,2.735766
11211730.0,2.736541
11217610.0,2.737315
11223490.0,2.738089
11229370.0,2.738863
11235250.0,2.739636
11241140.0,2.740411
11247020.0,2.741184
11252900.0,2.741957
11258780.0,2.74273
11264660.0,2.743502
11270540.0,2.744275
11276420.0,2.745047
11282300.0,2.745819
11288190.0,2.746592
11294070.0,2.747364
11299950.0,2.748136
11305830.0,2.748907
11311710.0,2.749678
11317590.0,2.750449
11323470.0,2.75122
11329350.0,2.751991
11335240.0,2.752762
11341120.0,2.753532
11347000.0,2.754303
11352880.0,2.755072
11358760.0,2.755842
11364640.0,2.756612
11370520.0,2.757381
11376400.0,2.75815
11386150.0,2.759613
11395890.0,2.761074
11405640.0,2.762536
11415380.0,2.763997
11425130.0,2.765458
11434870.0,2.766917
11444610.0,2.768376
11454350.0,2.769834
11464100.0,2.771293
11473840.0,2.772751
11483590.0,2.774209
11493330.0,2.775665
11503080.0,2.777123
11512820.0,2.778578
11522560.0,2.780033
11532300.0,2.781488
11542050.0,2.782943
11551790.0,2.784397
11561540.0,2.785851
11571280.0,2.787304
11581030.0,2.788758
11590770.0,2.790209
11600510.0,2.791661
11610250.0,2.793111
11620000.0,2.794563
11629740.0,2.796013
11639490.0,2.797464
11649230.0,2.798913
11658980.0,2.800363
11668720.0,2.801811
11678460.0,2.803258
11688200.0,2.804705
11697950.0,2.806154
11707690.0,2.8076
11717440.0,2.809047
11727180.0,2.810492
11736930.0,2.811938
11746670.0,2.813383
11756410.0,2.814827
11766150.0,2.81627
11775900.0,2.817714
11785640.0,2.819157
11795390.0,2.820601
11805130.0,2.822042
11814880.0,2.823485
11824620.0,2.824925
11834360.0,2.826366
11844100.0,2.827805
11853850.0,2.829246
11863590.0,2.830685
11873340.0,2.832125
11883080.0,2.833563
11892830.0,2.835002
11902570.0,2.836439
11912310.0,2.837876
11922050.0,2.839312
11931800.0,2.840749
11941540.0,2.842185
11951290.0,2.843621
11961030.0,2.845055
11970780.0,2.846491
11980520.0,2.847924
11990260.0,2.849357
12000000.0,2.85079
12015320.0,2.851492
12030630.0,2.852192
12045940.0,2.852892
12061250.0,2.853591
12076570.0,2.854289
12091880.0,2.854987
12107190.0,2.855684
12122500.0,2.85638
12137820.0,2.857076
12153130.0,2.85777
12168440.0,2.858464
12183750.0,2.859158
12199070.0,2.859851
12214380.0,2.860543
12229690.0,2.861234
12245000.0,2.861924
12260320.0,2.862614
12275630.0,2.863304
12290940.0,2.863992
12306250.0,2.86468
12321570.0,2.865367
12336880.0,2.866053
12352190.0,2.866739
12367500.0,2.867424
12382820.0,2.868109
12398130.0,2.868792
12413440.0,2.869475
12428750.0,2.870157
12444070.0,2.870839
12459380.0,2.87152
12474690.0,2.8722
12490000.0,2.87288
12505940.0,2.873581
12521880.0,2.874281
12537820.0,2.874981
12553750.0,2.875679
12569690.0,2.876378
12585630.0,2.877075
12601570.0,2.877772
12617500.0,2.878467
12633440.0,2.879163
12649380.0,2.879857
12665320.0,2.880551
12681250.0,2.881244
12697190.0,2.881936
12713130.0,2.882628
12729070.0,2.883319
12745000.0,2.884009
12760940.0,2.884699
12776880.0,2.885388
12792820.0,2.886076
12808750.0,2.886763
12824690.0,2.88745
12840630.0,2.888137
12856570.0,2.888822
12872500.0,2.889507
12888440.0,2.890191
12904380.0,2.890874
12920320.0,2.891557
12936250.0,2.892239
12952190.0,2.89292
12968130.0,2.893601
12984070.0,2.894281
13000000.0,2.89496
13011530.0,2.895496
13023050.0,2.896031
13034570.0,2.896565
13046090.0,2.8971
13057620.0,2.897634
13069140.0,2.898167
13080660.0,2.8987
13092180.0,2.899233
13103710.0,2.899766
13115230.0,2.900298
13126750.0,2.900829
13138270.0,2.901361
13149790.0,2.901892
13161310.0,2.902422
13172830.0,2.902952
13184350.0,2.903482
13195880.0,2.904012
13207400.0,2.904541
13218920.0,2.905069
13230440.0,2.905598
13241970.0,2.906126
13253490.0,2.906654
13265010.0,2.907181
13276530.0,2.907708
13288060.0,2.908235
13299580.0,2.908761
13311100.0,2.909287
13322620.0,2.909812
13334140.0,2.910337
13345660.0,2.910862
13357180.0,2.911386
13368700.0,2.91191
13380550.0,2.912441
13392400.0,2.912972
13404250.0,2.913503
13416100.0,2.914033
13427950.0,2.914563
13439800.0,2.915092
13451650.0,2.915621
13463500.0,2.91615
13475350.0,2.916679
13487200.0,2.917207
13499050.0,2.917734
13510900.0,2.918261
13522750.0,2.918788
13534600.0,2.919315
13546450.0,2.919841
13558300.0,2.920367
13570150.0,2.920892
13582000.0,2.921417
13593850.0,2.921942
13605700.0,2.922466
13617550.0,2.92299
13629400.0,2.923514
13641250.0,2.924037
13653100.0,2.92456
13664950.0,2.925082
13676800.0,2.925605
13688650.0,2.926126
13700500.0,2.926648
13712350.0,2.927169
13724200.0,2.92769
13736050.0,2.92821
13747900.0,2.92873
13755780.0,2.929085
13763660.0,2.929441
13771540.0,2.929796
13779420.0,2.93015
13787300.0,2.930505
13795180.0,2.93086
13803060.0,2.931214
13810930.0,2.931568
13818810.0,2.931922
13826690.0,2.932276
13834570.0,2.93263
13842440.0,2.932983
13850320.0,2.933336
13858200.0,2.93369
13866080.0,2.934043
13873950.0,2.934395
13881830.0,2.934748
13889710.0,2.935101
13897590.0,2.935453
13905470.0,2.935806
13913350.0,2.936158
13921230.0,2.93651
13929110.0,2.936862
13936980.0,2.937213
13944860.0,2.937564
13952740.0,2.937916
13960620.0,2.938267
13968490.0,2.938618
13976370.0,2.938969
13984250.0,2.939319
13992130.0,2.93967
14000000.0,2.94002
14007820.0,2.940012
14015630.0,2.940005
14023440.0,2.939997
14031250.0,2.939989
14039070.0,2.939982
14046880.0,2.939974
14054690.0,2.939967
14062500.0,2.939959
14070320.0,2.939951
14078130.0,2.939944
14085940.0,2.939936
14093750.0,2.939929
14101570.0,2.939921
14109380.0,2.939914
14117190.0,2.939906
14125000.0,2.939898
14132820.0,2.939891
14140630.0,2.939883
14148440.0,2.939876
14156250.0,2.939868
14164070.0,2.939861
14171880.0,2.939853
14179690.0,2.939846
14187500.0,2.939838
14195320.0,2.93983
14203130.0,2.939823
14210940.0,2.939815
14218750.0,2.939808
14226570.0,2.9398
14234380.0,2.939793
14242190.0,2.939785
14250000.0,2.939778
14257820.0,2.93977
14265630.0,2.939763
14273440.0,2.939755
14281250.0,2.939748
14289070.0,2.93974
14296880.0,2.939733
14304690.0,2.939725
14312500.0,2.939718
14320320.0,2.939711
14328130.0,2.939703
14335940.0,2.939696
14343750.0,2.939688
14351570.0,2.939681
14359380.0,2.939673
14367190.0,2.939666
14375000.0,2.939658
14382820.0,2.939651
14390630.0,2.939644
14398440.0,2.939636
14406250.0,2.939629
14414070.0,2.939621
14421880.0,2.939614
14429690.0,2.939606
14437500.0,2.939599
14445320.0,2.939592
14453130.0,2.939584
14460940.0,2.939577
14468750.0,2.93957
14476570.0,2.939562
14484380.0,2.939555
14492190.0,2.939547
14500000.0,2.93954
14507820.0,2.93955
14515630.0,2.939561
14523440.0,2.939571
14531250.0,2.939581
14539070.0,2.939592
14546880.0,2.939602
14554690.0,2.939612
14562500.0,2.939622
14570320.0,2.939633
14578130.0,2.939643
14585940.0,2.939653
14593750.0,2.939664
14601570.0,2.939674
14609380.0,2.939684
14617190.0,2.939694
14625000.0,2.939705
14632820.0,2.939715
14640630.0,2.939725
14648440.0,2.939735
14656250.0,2.939745
14664070.0,2.939756
14671880.0,2.939766
14679690.0,2.939776
14687500.0,2.939786
14695320.0,2.939797
14703130.0,2.939807
14710940.0,2.939817
14718750.0,2.939827
14726570.0,2.939837
14734380.0,2.939847
14742190.0,2.939858
14750000.0,2.939868
14757820.0,2.939878
14765630.0,2.939888
14773440.0,2.939898
14781250.0,2.939908
14789070.0,2.939918
14796880.0,2.939929
14804690.0,2.939939
14812500.0,2.939949
14820320.0,2.939959
14828130.0,2.939969
14835940.0,2.939979
14843750.0,2.939989
14851570.0,2.939999
14859380.0,2.940009
14867190.0,2.940019
14875000.0,2.94003
14882820.0,2.94004
14890630.0,2.94005
14898440.0,2.94006
14906250.0,2.94007
14914070.0,2.94008
14921880.0,2.94009
14929690.0,2.9401
14937500.0,2.94011
14945320.0,2.94012
14953130.0,2.94013
14960940.0,2.94014
14968750.0,2.94015
14976570.0,2.94016
14984380.0,2.94017
14992190.0,2.94018
15000000.0,2.94019
15011210.0,2.939892
15022410.0,2.939594
15033620.0,2.939297
15044820.0,2.939
15056030.0,2.938703
15067230.0,2.938406
15078430.0,2.93811
15089630.0,2.937814
15100840.0,2.937518
15112040.0,2.937223
15123240.0,2.936927
15134440.0,2.936632
15145650.0,2.936337
15156850.0,2.936043
15168050.0,2.935748
15179250.0,2.935454
15190460.0,2.93516
15201660.0,2.934867
15212870.0,2.934573
15224070.0,2.93428
15235280.0,2.933987
15246480.0,2.933695
15257680.0,2.933402
15268880.0,2.93311
15280090.0,2.932818
15291290.0,2.932527
15302490.0,2.932235
15313690.0,2.931944
15324900.0,2.931653
15336100.0,2.931362
15347300.0,2.931072
15358500.0,2.930782
15369710.0,2.930492
15380910.0,2.930202
15392120.0,2.929912
15403320.0,2.929623
15414530.0,2.929334
15425730.0,2.929045
15436930.0,2.928757
15448130.0,2.928469
15459340.0,2.92818
15470540.0,2.927893
15481740.0,2.927605
15492940.0,2.927318
15504150.0,2.927031
15515350.0,2.926744
15526550.0,2.926457
15537750.0,2.926171
15548960.0,2.925885
15560160.0,2.925599
15571370.0,2.925313
15582570.0,2.925027
15593780.0,2.924742
15604980.0,2.924457
15616180.0,2.924172
15627380.0,2.923888
15638590.0,2.923603
15649790.0,2.923319
15660990.0,2.923036
15672190.0,2.922752
15683400.0,2.922469
15694600.0,2.922185
15705800.0,2.921903
15717000.0,2.92162
15725850.0,2.921401
15734690.0,2.921183
15743540.0,2.920965
15752380.0,2.920747
15761230.0,2.920529
15770070.0,2.920312
15778910.0,2.920094
15787750.0,2.919877
15796600.0,2.919659
15805440.0,2.919442
15814290.0,2.919225
15823130.0,2.919008
15831980.0,2.918792
15840820.0,2.918575
15849660.0,2.918359
15858500.0,2.918143
15867350.0,2.917926
15876190.0,2.91771
15885040.0,2.917494
15893880.0,2.917279
15902730.0,2.917063
15911570.0,2.916847
15920410.0,2.916632
15929250.0,2.916417
15938100.0,2.916202
15946940.0,2.915987
15955790.0,2.915772
15964630.0,2.915557
15973480.0,2.915343
15982320.0,2.915128
15991160.0,2.914914
16000000.0,2.9147
16015630.0,2.91361
16031250.0,2.912522
16046880.0,2.911434
16062500.0,2.910349
16078130.0,2.909264
16093750.0,2.908182
16109380.0,2.907101
16125000.0,2.906021
16140630.0,2.904943
16156250.0,2.903866
16171880.0,2.90279
16187500.0,2.901717
16203130.0,2.900644
16218750.0,2.899573
16234380.0,2.898503
16250000.0,2.897435
16265630.0,2.896368
16281250.0,2.895303
16296880.0,2.894238
16312500.0,2.893176
16328130.0,2.892115
16343750.0,2.891055
16359380.0,2.889996
16375000.0,2.88894
16390630.0,2.887884
16406250.0,2.88683
16421880.0,2.885777
16437500.0,2.884726
16453130.0,2.883675
16468750.0,2.882627
16484380.0,2.881579
16500000.0,2.880534
16515630.0,2.879489
16531250.0,2.878446
16546880.0,2.877404
16562500.0,2.876363
16578130.0,2.875324
16593750.0,2.874287
16609380.0,2.87325
16625000.0,2.872215
16640630.0,2.871181
16656250.0,2.870149
16671880.0,2.869118
16687500.0,2.868088
16703130.0,2.86706
16718750.0,2.866033
16734380.0,2.865007
16750000.0,2.863983
16765630.0,2.862959
16781250.0,2.861938
16796880.0,2.860917
16812500.0,2.859898
16828130.0,2.85888
16843750.0,2.857864
16859380.0,2.856848
16875000.0,2.855835
16890630.0,2.854822
16906250.0,2.853811
16921880.0,2.852801
16937500.0,2.851792
16953130.0,2.850784
16968750.0,2.849778
16984380.0,2.848773
17000000.0,2.84777
17015630.0,2.84685
17031250.0,2.845932
17046880.0,2.845014
17062500.0,2.844099
17078130.0,2.843183
17093750.0,2.84227
17109380.0,2.841357
17125000.0,2.840445
17140630.0,2.839535
17156250.0,2.838625
17171880.0,2.837717
17187500.0,2.83681
17203130.0,2.835904
17218750.0,2.834999
17234380.0,2.834095
17250000.0,2.833193
17265630.0,2.832291
17281250.0,2.831391
17296880.0,2.830491
17312500.0,2.829593
17328130.0,2.828695
17343750.0,2.8278
17359380.0,2.826904
17375000.0,2.826011
17390630.0,2.825117
17406250.0,2.824226
17421880.0,2.823335
17437500.0,2.822446
17453130.0,2.821557
17468750.0,2.82067
17484380.0,2.819783
17500000.0,2.818898
17515630.0,2.818014
17531250.0,2.817131
17546880.0,2.816248
17562500.0,2.815367
17578130.0,2.814487
17593750.0,2.813609
17609380.0,2.81273
17625000.0,2.811854
17640630.0,2.810978
17656250.0,2.810103
17671880.0,2.809229
17687500.0,2.808357
17703130.0,2.807485
17718750.0,2.806615
17734380.0,2.805745
17750000.0,2.804877
17765630.0,2.804009
17781250.0,2.803143
17796880.0,2.802277
17812500.0,2.801413
17828130.0,2.80055
17843750.0,2.799688
17859380.0,2.798826
17875000.0,2.797966
17890630.0,2.797106
17906250.0,2.796248
17921880.0,2.795391
17937500.0,2.794535
17953130.0,2.793679
17968750.0,2.792825
17984380.0,2.791972
18000000.0,2.79112
18015630.0,2.789484
18031250.0,2.787851
18046880.0,2.78622
18062500.0,2.784592
18078130.0,2.782966
18093750.0,2.781343
18109380.0,2.779721
18125000.0,2.778103
18140630.0,2.776485
18156250.0,2.774872
18171880.0,2.773259
18187500.0,2.77165
18203130.0,2.770042
18218750.0,2.768438
18234380.0,2.766835
18250000.0,2.765235
18265630.0,2.763636
18281250.0,2.762041
18296880.0,2.760447
18312500.0,2.758856
18328130.0,2.757266
18343750.0,2.75568
18359380.0,2.754095
18375000.0,2.752514
18390630.0,2.750933
18406250.0,2.749356
18421880.0,2.74778
18437500.0,2.746207
18453130.0,2.744636
18468750.0,2.743068
18484380.0,2.741501
18500000.0,2.739937
18515630.0,2.738374
18531250.0,2.736815
18546880.0,2.735257
18562500.0,2.733702
18578130.0,2.732148
18593750.0,2.730597
18609380.0,2.729048
18625000.0,2.727501
18640630.0,2.725956
18656250.0,2.724414
18671880.0,2.722874
18687500.0,2.721336
18703130.0,2.7198
18718750.0,2.718266
18734380.0,2.716734
18750000.0,2.715205
18765630.0,2.713677
18781250.0,2.712153
18796880.0,2.710629
18812500.0,2.709108
18828130.0,2.707589
18843750.0,2.706073
18859380.0,2.704558
18875000.0,2.703045
18890630.0,2.701535
18906250.0,2.700027
18921880.0,2.69852
18937500.0,2.697016
18953130.0,2.695514
18968750.0,2.694014
18984380.0,2.692515
19000000.0,2.69102
19015630.0,2.689538
19031250.0,2.688058
19046880.0,2.68658
19062500.0,2.685105
19078130.0,2.68363
19093750.0,2.682159
19109380.0,2.680689
19125000.0,2.679222
19140630.0,2.677756
19156250.0,2.676292
19171880.0,2.67483
19187500.0,2.673371
19203130.0,2.671913
19218750.0,2.670457
19234380.0,2.669003
19250000.0,2.667552
19265630.0,2.666101
19281250.0,2.664654
19296880.0,2.663207
19312500.0,2.661764
19328130.0,2.660321
19343750.0,2.658882
19359380.0,2.657443
19375000.0,2.656007
19390630.0,2.654572
19406250.0,2.653141
19421880.0,2.65171
19437500.0,2.650282
19453130.0,2.648855
19468750.0,2.64743
19484380.0,2.646007
19500000.0,2.644587
19515630.0,2.643167
19531250.0,2.641751
19546880.0,2.640335
19562500.0,2.638922
19578130.0,2.63751
19593750.0,2.636101
19609380.0,2.634693
19625000.0,2.633288
19640630.0,2.631883
19656250.0,2.630482
19671880.0,2.629081
19687500.0,2.627683
19703130.0,2.626286
19718750.0,2.624892
19734380.0,2.623499
19750000.0,2.622108
19765630.0,2.620719
19781250.0,2.619332
19796880.0,2.617946
19812500.0,2.616563
19828130.0,2.61518
19843750.0,2.613801
19859380.0,2.612422
19875000.0,2.611046
19890630.0,2.609671
19906250.0,2.608299
19921880.0,2.606928
19937500.0,2.605559
19953130.0,2.604191
19968750.0,2.602826
19984380.0,2.601462
20000000.0,2.6001
