1e-05,3.53
1.03125e-05,3.53
1.0625e-05,3.53
1.09375e-05,3.53
1.125e-05,3.53
1.15625e-05,3.53
1.1875e-05,3.53
1.21875e-05,3.53
1.25e-05,3.53
1.28125e-05,3.53
1.3125e-05,3.53
1.34375e-05,3.53
1.375e-05,3.53
1.4375e-05,3.53
1.5e-05,3.53
1.5625e-05,3.53
1.625e-05,3.53
1.6875e-05,3.53
1.75e-05,3.53
1.8125e-05,3.53
1.875e-05,3.53
1.9375e-05,3.53
2e-05,3.53
2.09375e-05,3.53
2.1875e-05,3.53
2.28125e-05,3.53
2.375e-05,3.53
2.46875e-05,3.53
2.5625e-05,3.53
2.65625e-05,3.53
2.75e-05,3.53
2.84375e-05,3.53
2.9375e-05,3.53
3.03125e-05,3.53
3.125e-05,3.53
3.21875e-05,3.53
3.3125e-05,3.53
3.40625e-05,3.53
3.5e-05,3.53
3.59375e-05,3.53
3.6875e-05,3.53
3.78125e-05,3.53
3.875e-05,3.53
3.96875e-05,3.53
4.0625e-05,3.53
4.25e-05,3.53
4.4375e-05,3.53
4.625e-05,3.53
4.8125e-05,3.53
5e-05,3.53
5.15625e-05,3.53
5.3125e-05,3.53
5.46875e-05,3.53
5.625e-05,3.53
5.78125e-05,3.53
5.9375e-05,3.53
6.09375e-05,3.53
6.25e-05,3.53
6.40625e-05,3.53
6.5625e-05,3.53
6.71875e-05,3.53
6.875e-05,3.53
7.1875e-05,3.53
7.5e-05,3.53
7.8125e-05,3.53
8.125e-05,3.53
8.4375e-05,3.53
8.75e-05,3.53
9.0625e-05,3.53
9.375e-05,3.53
9.6875e-05,3.53
0.0001,3.53
0.000103125,3.53
0.00010625,3.53
0.000109375,3.53
0.0001125,3.53
0.000115625,3.53
0.00011875,3.53
0.000121875,3.53
0.000125,3.53
0.000128125,3.53
0.00013125,3.53
0.000134375,3.53
0.0001375,3.53
0.00014375,3.53
0.00015,3.53
0.00015625,3.53
0.0001625,3.53
0.00016875,3.53
0.000175,3.53
0.00018125,3.53
0.0001875,3.53
0.00019375,3.53
0.0002,3.53
0.000209375,3.53
0.00021875,3.53
0.000228125,3.53
0.0002375,3.53
0.000246875,3.53
0.00025625,3.53
0.000265625,3.53
0.000275,3.53
0.000284375,3.53
0.00029375,3.53
0.000303125,3.53
0.0003125,3.53
0.000321875,3.53
0.00033125,3.53
0.000340625,3.53
0.00035,3.53
0.000359375,3.53
0.00036875,3.53
0.000378125,3.53
0.0003875,3.53
0.000396875,3.53
0.00040625,3.53
0.000425,3.53
0.00044375,3.53
0.0004625,3.53
0.00048125,3.53
0.0005,3.53
0.000515625,3.53
0.00053125,3.53
0.000546875,3.53
0.0005625,3.53
0.000578125,3.53
0.00059375,3.53
0.000609375,3.53
0.000625,3.53
0.000640625,3.53
0.00065625,3.53
0.000671875,3.53
0.0006875,3.53
0.00071875,3.53
0.00075,3.53
0.00078125,3.53
0.0008125,3.53
0.00084375,3.53
0.000875,3.53
0.00090625,3.53
0.0009375,3.53
0.00096875,3.53
0.001,3.53
0.00103125,3.53
0.0010625,3.53
0.00109375,3.53
0.001125,3.53
0.00115625,3.53
0.0011875,3.53
0.00121875,3.53
0.00125,3.53
0.00128125,3.53
0.0013125,3.53
0.00134375,3.53
0.001375,3.53
0.0014375,3.53
0.0015,3.53
0.0015625,3.53
0.001625,3.53
0.0016875,3.53
0.00175,3.53
0.0018125,3.53
0.001875,3.53
0.0019375,3.53
0.002,3.53
0.00209375,3.53
0.0021875,3.53
0.00228125,3.53
0.002375,3.53
0.00246875,3.53
0.0025625,3.53
0.00265625,3.53
0.00275,3.53
0.00284375,3.53
0.0029375,3.53
0.00303125,3.53
0.003125,3.53
0.00321875,3.53
0.0033125,3.53
0.00340625,3.53
0.0035,3.53
0.00359375,3.53
0.0036875,3.53
0.00378125,3.53
0.003875,3.53
0.00396875,3.53
0.0040625,3.53
0.00425,3.53
0.0044375,3.53
0.004625,3.53
0.0048125,3.53
0.005,3.53
0.00515625,3.53
0.0053125,3.53
0.00546875,3.53
0.005625,3.53
0.00578125,3.53
0.0059375,3.53
0.00609375,3.53
0.00625,3.53
0.00640625,3.53
0.0065625,3.53
0.00671875,3.53
0.006875,3.53
0.0071875,3.53
0.0075,3.53
0.0078125,3.53
0.008125,3.53
0.0084375,3.53
0.00875,3.53
0.0090625,3.53
0.009375,3.53
0.0096875,3.53
0.01,3.53
0.0103125,3.53
0.010625,3.53
0.0109375,3.53
0.01125,3.53
0.0115625,3.53
0.011875,3.53
0.0121875,3.53
0.0125,3.53
0.0128125,3.53
0.013125,3.53
0.0134375,3.53
0.01375,3.53
0.014375,3.53
0.015,3.53
0.015625,3.53
0.01625,3.53
0.016875,3.53
0.0175,3.53
0.018125,3.53
0.01875,3.53
0.019375,3.53
0.02,3.53
0.0206625,3.53
0.021325,3.53
0.0219875,3.53
0.02265,3.53
0.0233125,3.53
0.023975,3.53
0.0246375,3.53
0.0253,3.53
0.02607188,3.53
0.02684375,3.53
0.02761563,3.53
0.0283875,3.53
0.02915938,3.53
0.02993125,3.53
0.03070313,3.53
0.031475,3.53
0.03224688,3.53
0.03301875,3.53
0.0345625,3.53
0.03610625,3.53
0.03765,3.53
0.03919375,3.53
0.0407375,3.53
0.04228125,3.53
0.043825,3.53
0.04536875,3.53
0.0469125,3.53
0.04845625,3.53
0.05,3.53
0.0515625,3.53
0.053125,3.53
0.0546875,3.53
0.05625,3.53
0.0578125,3.53
0.059375,3.53
0.0609375,3.53
0.0625,3.53
0.0640625,3.53
0.065625,3.53
0.0671875,3.53
0.06875,3.53
0.071875,3.53
0.075,3.53
0.078125,3.53
0.08125,3.53
0.084375,3.53
0.0875,3.53
0.090625,3.53
0.09375,3.53
0.096875,3.53
0.1,3.53
0.103125,3.53
0.10625,3.53
0.109375,3.53
0.1125,3.53
0.115625,3.53
0.11875,3.53
0.121875,3.53
0.125,3.53
0.128125,3.53
0.13125,3.53
0.134375,3.53
0.1375,3.53
0.14375,3.53
0.15,3.53
0.15625,3.53
0.1625,3.53
0.16875,3.53
0.175,3.53
0.18125,3.53
0.1875,3.53
0.19375,3.53
0.2,3.53
0.209375,3.53
0.21875,3.53
0.228125,3.53
0.2375,3.53
0.246875,3.53
0.25625,3.53
0.265625,3.53
0.275,3.53
0.284375,3.53
0.29375,3.53
0.303125,3.53
0.3125,3.53
0.321875,3.53
0.33125,3.53
0.340625,3.53
0.35,3.53
0.359375,3.53
0.36875,3.53
0.378125,3.53
0.3875,3.53
0.396875,3.53
0.40625,3.53
0.425,3.53
0.44375,3.53
0.4625,3.53
0.48125,3.53
0.5,3.53
0.53125,3.53
0.5625,3.53
0.59375,3.53
0.625,3.53
0.65625,3.53
0.6875,3.53
0.71875,3.53
0.75,3.53
0.78125,3.53
0.8125,3.53
0.84375,3.53
0.875,3.53
0.9375,3.53
1.0,3.53
1.0625,3.53
1.125,3.53
1.1875,3.53
1.25,3.53
1.3125,3.53
1.375,3.53
1.4375,3.53
1.5,3.53
1.5625,3.53
1.625,3.53
1.6875,3.53
1.75,3.53
1.875,3.53
2.0,3.53
2.09375,3.53
2.1875,3.53
2.28125,3.53
2.375,3.53
2.46875,3.53
2.5625,3.53
2.65625,3.53
2.75,3.53
2.9375,3.53
3.125,3.53
3.3125,3.53
3.5,3.53
3.6875,3.53
3.875,3.53
4.0625,3.53
4.25,3.53
4.4375,3.53
4.625,3.53
4.8125,3.53
5.0,3.53
5.3125,3.53
5.625,3.53
5.9375,3.53
6.25,3.53
6.5625,3.53
6.875,3.53
7.1875,3.53
7.5,3.53
7.8125,3.53
8.125,3.53
8.4375,3.53
8.75,3.53
9.375,3.53
10.0,3.53
10.625,3.53
11.25,3.53
11.875,3.53
12.5,3.53
13.125,3.53
13.75,3.53
14.375,3.53
15.0,3.53
15.625,3.53
16.25,3.53
16.875,3.53
17.5,3.53
18.75,3.53
20.0,3.53
20.9375,3.53
21.875,3.53
22.8125,3.53
23.75,3.53
24.6875,3.53
25.625,3.53
26.5625,3.53
27.5,3.53
29.375,3.53
31.25,3.53
33.125,3.53
35.0,3.53
36.875,3.53
38.75,3.53
40.625,3.53
42.5,3.53
44.375,3.53
46.25,3.53
48.125,3.53
50.0,3.53
53.125,3.53
56.25,3.53
59.375,3.53
62.5,3.53
65.625,3.53
68.75,3.53
71.875,3.53
75.0,3.53
78.125,3.53
81.25,3.53
84.375,3.53
87.5,3.53
93.75,3.53
100.0,3.53
106.25,3.53
112.5,3.53
118.75,3.53
125.0,3.53
131.25,3.53
137.5,3.53
143.75,3.53
150.0,3.53
156.25,3.53
162.5,3.53
168.75,3.53
175.0,3.53
187.5,3.53
200.0,3.53
209.375,3.53
218.75,3.53
228.125,3.53
237.5,3.53
246.875,3.53
256.25,3.53
265.625,3.53
275.0,3.53
293.75,3.53
312.5,3.53
331.25,3.53
350.0,3.53
368.75,3.53
387.5,3.53
406.25,3.53
425.0,3.53
443.75,3.53
462.5,3.53
481.25,3.53
500.0,3.53
531.25,3.53
562.5,3.53
593.75,3.53
625.0,3.53
656.25,3.53
687.5,3.53
718.75,3.53
750.0,3.53
781.25,3.53
812.5,3.53
843.75,3.53
875.0,3.53
937.5,3.53
1000.0,3.53
1043.75,3.53
1087.5,3.53
1131.25,3.53
1175.0,3.53
1218.75,3.53
1262.5,3.53
1350.0,3.53
1437.5,3.53
1525.0,3.53
1612.5,3.53
1699.999,3.53
1700.001,21.28166
1850.001,20.54559
2000.0,19.88952
2125.0,19.40208
2250.0,18.95345
2375.0,18.53864
2500.0,18.1535
2625.0,17.80154
2750.0,17.47232
2875.0,17.16342
3000.0,16.87279
3250.0,16.34885
3500.0,15.87828
3750.0,15.45919
4000.0,15.07717
4250.0,14.73434
4500.0,14.41826
4750.0,14.12551
5000.0,13.85328
5250.0,13.60565
5500.0,13.37366
5750.0,13.15568
6000.0,12.95031
6250.0,12.76092
6500.0,12.58156
7000.0,12.24952
7500.0,11.95467
8000.0,11.68528
8500.0,11.44462
9000.0,11.22226
9500.0,11.0159
10000.0,10.82364
10625.0,10.60899
11250.0,10.41051
11875.0,10.22619
12500.0,10.05434
13125.0,9.899399
13750.0,9.75389
14375.0,9.61685
15000.0,9.487448
16000.0,9.3002
17000.0,9.127675
17750.0,9.010258
18500.0,8.899119
20000.0,8.693466
21250.0,8.54315
22500.0,8.403809
23750.0,8.274096
25000.0,8.152889
26250.0,8.044309
27500.0,7.942128
28750.0,7.845703
30000.0,7.75448
32500.0,7.592233
35000.0,7.445043
37500.0,7.315138
40000.0,7.195673
42500.0,7.089858
45000.0,6.991518
47500.0,6.899752
50000.0,6.813808
52500.0,6.736907
55000.0,6.664392
57500.0,6.595831
60000.0,6.530849
65000.0,6.415094
70000.0,6.309752
75000.0,6.216388
80000.0,6.130302
84999.98,6.053464
89999.95,5.981902
94999.93,5.914988
99999.9,5.8522
100000.1,5.849869
106250.1,5.803232
112500.1,5.759602
118750.1,5.718634
125000.1,5.680036
131250.1,5.643565
137500.1,5.609008
150000.0,5.54494
162500.0,5.513774
175000.0,5.485075
187500.0,5.458491
200000.0,5.43374
212500.0,5.429255
225000.0,5.42503
250000.0,5.41725
275000.0,5.436722
300000.0,5.45456
379680.0,5.606718
459360.0,5.73288
460630.0,5.732133
461900.0,5.731388
464440.0,5.729904
469520.0,5.726962
474600.0,5.724053
479680.0,5.721176
484760.0,5.718331
489840.0,5.715517
500000.0,5.70998
512500.0,5.730534
525000.0,5.750664
550000.0,5.789724
575000.0,5.827296
600000.0,5.863497
625000.0,5.898432
650000.0,5.932192
675000.0,5.96486
700000.0,5.99651
725000.0,6.031934
750000.0,6.066357
775000.0,6.099837
800000.0,6.13243
813813.8,6.148942
827627.5,6.16522
841441.3,6.18127
855255.0,6.1971
858051.6,6.198707
860848.2,6.200309
866441.3,6.203499
872034.4,6.20667
877627.5,6.209823
888813.8,6.216072
900000.0,6.22225
921805.0,6.237767
943610.0,6.252958
965415.0,6.267838
987220.0,6.28242
990415.0,6.279517
993610.0,6.276624
1000000.0,6.27087
1015625.0,6.270653
1031250.0,6.27044
1046875.0,6.270229
1062500.0,6.270022
1078125.0,6.269818
1093750.0,6.269617
1109375.0,6.269419
1125000.0,6.269223
1140625.0,6.26903
1156250.0,6.26884
1171875.0,6.268652
1187500.0,6.268467
1203125.0,6.268284
1218750.0,6.268104
1234375.0,6.267926
1250000.0,6.26775
1265625.0,6.260087
1281250.0,6.252528
1296875.0,6.245068
1312500.0,6.237708
1328125.0,6.230442
1343750.0,6.22327
1359375.0,6.216189
1375000.0,6.209197
1390625.0,6.202292
1406250.0,6.195471
1421875.0,6.188733
1437500.0,6.182076
1453125.0,6.175498
1468750.0,6.168997
1484375.0,6.162571
1500000.0,6.15622
1500980.0,6.15551
1504871.0,6.15224
1508762.0,6.148981
1516544.0,6.142492
1532108.0,6.129634
1547672.0,6.116932
1563235.0,6.104384
1578799.0,6.091985
1594363.0,6.079733
1609927.0,6.067624
1625490.0,6.055656
1641054.0,6.043824
1656618.0,6.032127
1672182.0,6.020561
1687745.0,6.009126
1703309.0,5.997816
1718873.0,5.98663
1734437.0,5.975565
1750000.0,5.96462
1766723.0,5.949079
1783445.0,5.933725
1800168.0,5.918553
1816890.0,5.90356
1833613.0,5.888741
1850335.0,5.874095
1867058.0,5.859615
1883780.0,5.8453
1891044.0,5.834105
1898308.0,5.822975
1912835.0,5.800906
1927363.0,5.779085
1941890.0,5.75751
1956418.0,5.736175
1970945.0,5.715077
1985473.0,5.694209
2000000.0,5.67357
2021313.0,5.646289
2042625.0,5.619425
2063938.0,5.592965
2085250.0,5.5669
2085252.0,5.566897
2090289.0,5.560393
2095326.0,5.553911
2105399.0,5.541019
2125546.0,5.515506
2145693.0,5.490349
2165840.0,5.46554
2165841.0,5.465539
2170564.0,5.459521
2175286.0,5.453524
2184730.0,5.441589
2203618.0,5.41795
2222507.0,5.394613
2241395.0,5.371574
2260284.0,5.348824
2279173.0,5.326359
2298062.0,5.304173
2316950.0,5.28226
2322287.0,5.268569
2327623.0,5.254947
2338296.0,5.2279
2359641.0,5.174588
2380987.0,5.12229
2402332.0,5.070983
2423678.0,5.020634
2445023.0,4.971223
2466368.0,4.922721
2487713.0,4.875104
2509059.0,4.828347
2530404.0,4.782431
2551749.0,4.737331
2573094.0,4.693027
2594440.0,4.649496
2615785.0,4.606723
2637130.0,4.564687
2658475.0,4.523368
2679821.0,4.482747
2701166.0,4.44281
2722512.0,4.403538
2743857.0,4.364918
2765203.0,4.32693
2786548.0,4.289562
2807893.0,4.252799
2829238.0,4.216625
2850584.0,4.181026
2871929.0,4.145992
2893274.0,4.111507
2914619.0,4.077559
2935965.0,4.044135
2957310.0,4.011225
2978655.0,3.978818
3000000.0,3.9469
3012824.0,3.929385
3025648.0,3.912021
3038472.0,3.894807
3051295.0,3.877743
3064119.0,3.860822
3076943.0,3.844046
3089767.0,3.827412
3102590.0,3.81092
3102592.0,3.810917
3117786.0,3.790233
3132979.0,3.769762
3148172.0,3.7495
3163365.0,3.729444
3178559.0,3.709589
3193752.0,3.689935
3208945.0,3.670478
3224138.0,3.651214
3239332.0,3.63214
3254525.0,3.613256
3269719.0,3.594555
3284912.0,3.576039
3300106.0,3.557702
3315299.0,3.539544
3330492.0,3.52156
3345685.0,3.503749
3360879.0,3.486108
3376072.0,3.468635
3391266.0,3.451326
3406459.0,3.434182
3421653.0,3.417198
3436846.0,3.400373
3452040.0,3.383704
3467233.0,3.36719
3482427.0,3.350827
3497620.0,3.334616
3512814.0,3.318552
3528007.0,3.302635
3543201.0,3.286861
3558394.0,3.271231
3573587.0,3.255741
3588780.0,3.24039
3601630.0,3.226722
3614480.0,3.21316
3627330.0,3.199623
3640180.0,3.18619
3653030.0,3.172783
3665880.0,3.15948
3678730.0,3.146194
3691580.0,3.13301
3704430.0,3.11985
3717280.0,3.10679
3730130.0,3.093755
3742980.0,3.08082
3755830.0,3.067901
3768680.0,3.05508
3781535.0,3.042277
3794390.0,3.02957
3807240.0,3.016887
3820090.0,3.0043
3832940.0,2.991733
3845790.0,2.97926
3858640.0,2.966803
3871490.0,2.95444
3884340.0,2.942099
3897190.0,2.92985
3910040.0,2.917615
3922890.0,2.90547
3935740.0,2.89334
3948590.0,2.8813
3961440.0,2.869276
3974290.0,2.85734
3987145.0,2.845416
4000000.0,2.83358
4015625.0,2.824266
4031250.0,2.815018
4046875.0,2.805837
4062500.0,2.79672
4078125.0,2.787612
4093750.0,2.778568
4109375.0,2.769587
4125000.0,2.76067
4140625.0,2.75176
4156250.0,2.742912
4171875.0,2.734126
4187500.0,2.7254
4203125.0,2.716686
4218750.0,2.708031
4234375.0,2.699436
4250000.0,2.6909
4265625.0,2.682368
4281250.0,2.673895
4296875.0,2.665479
4312500.0,2.65712
4328125.0,2.648766
4343750.0,2.640469
4359375.0,2.632227
4375000.0,2.62404
4390625.0,2.615861
4406250.0,2.607737
4421875.0,2.599667
4437500.0,2.59165
4453125.0,2.583636
4468750.0,2.575676
4484375.0,2.567767
4500000.0,2.55991
4515625.0,2.552056
4531250.0,2.544254
4546875.0,2.536502
4562500.0,2.5288
4578125.0,2.521104
4593750.0,2.513457
4609375.0,2.505859
4625000.0,2.49831
4640625.0,2.490766
4656250.0,2.48327
4671875.0,2.475821
4687500.0,2.46842
4703125.0,2.461018
4718750.0,2.453663
4734375.0,2.446353
4750000.0,2.43909
4765625.0,2.43183
4781250.0,2.424615
4796875.0,2.417445
4812500.0,2.41032
4828125.0,2.403197
4843750.0,2.396118
4859375.0,2.389082
4875000.0,2.38209
4890625.0,2.375099
4906250.0,2.36815
4921875.0,2.361244
4937500.0,2.35438
4953125.0,2.347518
4968750.0,2.340698
4984375.0,2.333918
5000000.0,2.32718
5019530.0,2.323169
5039060.0,2.31918
5058590.0,2.315214
5078120.0,2.31127
5097650.0,2.307339
5117180.0,2.30343
5136710.0,2.299539
5156240.0,2.29567
5169423.0,2.293066
5182605.0,2.290471
5195788.0,2.287886
5208970.0,2.28531
5222155.0,2.282739
5235340.0,2.280176
5248525.0,2.277624
5261710.0,2.27508
5274893.0,2.272541
5288075.0,2.270012
5301258.0,2.267491
5314440.0,2.26498
5327625.0,2.262474
5340810.0,2.259977
5353995.0,2.257489
5367180.0,2.25501
5380363.0,2.252537
5393545.0,2.250073
5406728.0,2.247617
5419910.0,2.24517
5433095.0,2.242725
5446280.0,2.240288
5459465.0,2.23786
5472650.0,2.23544
5485833.0,2.233027
5499015.0,2.230623
5512198.0,2.228227
5525380.0,2.22584
5538565.0,2.223455
5551750.0,2.221079
5564935.0,2.21871
5578120.0,2.21635
5591303.0,2.213995
5604485.0,2.211649
5617668.0,2.20931
5630850.0,2.20698
5644035.0,2.204653
5657220.0,2.202334
5670405.0,2.200023
5683590.0,2.19772
5696773.0,2.195421
5709955.0,2.19313
5723138.0,2.190846
5736320.0,2.18857
5749505.0,2.186296
5762690.0,2.18403
5775875.0,2.181771
5789060.0,2.17952
5802243.0,2.177274
5815425.0,2.175035
5828608.0,2.172804
5841790.0,2.17058
5854975.0,2.168362
5868160.0,2.166151
5881345.0,2.163947
5894530.0,2.16175
5907713.0,2.159554
5920895.0,2.157366
5934078.0,2.155184
5947260.0,2.15301
5960445.0,2.15084
5973630.0,2.148676
5986815.0,2.14652
6000000.0,2.14437
6007652.0,2.144464
6015303.0,2.144558
6022954.0,2.144652
6030605.0,2.144746
6038257.0,2.14484
6045908.0,2.144933
6053559.0,2.145027
6061210.0,2.14512
6068863.0,2.145213
6076515.0,2.145306
6084168.0,2.145398
6091820.0,2.145491
6099473.0,2.145583
6107125.0,2.145676
6114778.0,2.145768
6122430.0,2.14586
6130083.0,2.145953
6137735.0,2.146046
6145388.0,2.146138
6153040.0,2.146231
6160693.0,2.146323
6168345.0,2.146416
6175998.0,2.146508
6183650.0,2.1466
6191303.0,2.14669
6198955.0,2.146781
6206608.0,2.146871
6214260.0,2.146961
6221913.0,2.147051
6229565.0,2.147141
6237218.0,2.14723
6244870.0,2.14732
6252523.0,2.14741
6260175.0,2.147501
6267828.0,2.147591
6275480.0,2.147681
6283133.0,2.147771
6290785.0,2.147861
6298438.0,2.14795
6306090.0,2.14804
6313743.0,2.148129
6321395.0,2.148218
6329048.0,2.148307
6336700.0,2.148396
6344353.0,2.148485
6352005.0,2.148573
6359658.0,2.148662
6367310.0,2.14875
6374963.0,2.148839
6382615.0,2.148928
6390268.0,2.149017
6397920.0,2.149106
6405573.0,2.149195
6413225.0,2.149283
6420878.0,2.149372
6428530.0,2.14946
6435057.0,2.149534
6441583.0,2.149608
6448109.0,2.149682
6454635.0,2.149756
6461162.0,2.149829
6467688.0,2.149903
6474214.0,2.149977
6480740.0,2.15005
6489750.0,2.15016
6497403.0,2.150247
6505055.0,2.150333
6512708.0,2.150419
6520360.0,2.150506
6528013.0,2.150592
6535665.0,2.150678
6543318.0,2.150764
6550970.0,2.15085
6558623.0,2.150935
6566275.0,2.151021
6573928.0,2.151106
6581580.0,2.151191
6589233.0,2.151276
6596885.0,2.151361
6604538.0,2.151445
6612190.0,2.15153
6619843.0,2.151615
6627495.0,2.151701
6635148.0,2.151786
6642800.0,2.151871
6650453.0,2.151956
6658105.0,2.152041
6665758.0,2.152125
6673410.0,2.15221
6681063.0,2.152294
6688715.0,2.152378
6696368.0,2.152462
6704020.0,2.152546
6711673.0,2.152629
6719325.0,2.152713
6726978.0,2.152797
6734630.0,2.15288
6742283.0,2.152964
6749935.0,2.153048
6757588.0,2.153132
6765240.0,2.153216
6772893.0,2.153299
6780545.0,2.153383
6788198.0,2.153467
6795850.0,2.15355
6803503.0,2.153633
6811155.0,2.153716
6818808.0,2.153798
6826460.0,2.153881
6834113.0,2.153963
6841765.0,2.154046
6849418.0,2.154128
6857070.0,2.15421
6864723.0,2.154292
6872375.0,2.154373
6880028.0,2.154454
6887680.0,2.154536
6895333.0,2.154617
6902985.0,2.154698
6910638.0,2.154779
6918290.0,2.15486
6925943.0,2.154942
6933595.0,2.155023
6941248.0,2.155104
6948900.0,2.155186
6956553.0,2.155267
6964205.0,2.155348
6971858.0,2.155429
6979510.0,2.15551
6989755.0,2.15562
7000000.0,2.15573
7007553.0,2.156726
7015105.0,2.157721
7022658.0,2.158716
7030210.0,2.15971
7037763.0,2.160703
7045315.0,2.161696
7052868.0,2.162688
7060420.0,2.16368
7067973.0,2.16467
7075525.0,2.165659
7083078.0,2.166647
7090630.0,2.167635
7098183.0,2.168622
7105735.0,2.169609
7113288.0,2.170595
7120840.0,2.17158
7128393.0,2.172563
7135945.0,2.173546
7143498.0,2.174528
7151050.0,2.17551
7158603.0,2.176491
7166155.0,2.177471
7173708.0,2.178451
7181260.0,2.17943
7188814.0,2.180406
7196368.0,2.181381
7203922.0,2.182356
7211475.0,2.18333
7219029.0,2.184303
7226583.0,2.185276
7234137.0,2.186248
7241690.0,2.18722
7249243.0,2.18819
7256795.0,2.189158
7264348.0,2.190127
7271900.0,2.191095
7279453.0,2.192062
7287005.0,2.193028
7294558.0,2.193995
7302110.0,2.19496
7309663.0,2.195922
7317215.0,2.196883
7324768.0,2.197844
7332320.0,2.198805
7339873.0,2.199764
7347425.0,2.200723
7354978.0,2.201682
7362530.0,2.20264
7370083.0,2.203596
7377635.0,2.204551
7385188.0,2.205506
7392740.0,2.206459
7400293.0,2.207413
7407845.0,2.208366
7415398.0,2.209318
7422950.0,2.21027
7430495.0,2.211219
7438040.0,2.212168
7445585.0,2.213117
7453130.0,2.214064
7460675.0,2.215012
7468220.0,2.215958
7475765.0,2.216904
7483310.0,2.21785
7483380.0,2.21786
7491452.0,2.218869
7499523.0,2.219876
7507594.0,2.220883
7515665.0,2.22189
7523737.0,2.222896
7531808.0,2.223901
7539879.0,2.224906
7547950.0,2.22591
7556023.0,2.226911
7564095.0,2.227911
7572168.0,2.228911
7580240.0,2.22991
7588313.0,2.230908
7596385.0,2.231906
7604458.0,2.232903
7612530.0,2.2339
7620603.0,2.234895
7628675.0,2.235889
7636748.0,2.236882
7644820.0,2.237875
7652893.0,2.238867
7660965.0,2.239859
7669038.0,2.24085
7677110.0,2.24184
7685183.0,2.242827
7693255.0,2.243814
7701328.0,2.2448
7709400.0,2.245785
7717473.0,2.24677
7725545.0,2.247754
7733618.0,2.248737
7741690.0,2.24972
7749762.0,2.250701
7757833.0,2.251681
7765904.0,2.252661
7773975.0,2.25364
7782047.0,2.254618
7790118.0,2.255596
7798189.0,2.256573
7806260.0,2.25755
7814333.0,2.258523
7822405.0,2.259496
7830478.0,2.260468
7838550.0,2.26144
7846623.0,2.262411
7854695.0,2.263381
7862768.0,2.264351
7870840.0,2.26532
7878913.0,2.266288
7886985.0,2.267256
7895058.0,2.268223
7903130.0,2.26919
7911203.0,2.270156
7919275.0,2.271121
7927348.0,2.272086
7935420.0,2.27305
7943493.0,2.274011
7951565.0,2.274971
7959638.0,2.275931
7967710.0,2.27689
7975783.0,2.277848
7983855.0,2.278806
7991928.0,2.279763
8000000.0,2.28072
8005298.0,2.283098
8010595.0,2.285477
8015893.0,2.287857
8021190.0,2.290238
8026488.0,2.29262
8031785.0,2.295002
8037083.0,2.297386
8042380.0,2.29977
8047679.0,2.302138
8052978.0,2.304507
8058277.0,2.306878
8063575.0,2.309248
8068874.0,2.31162
8074173.0,2.313992
8079472.0,2.316366
8084770.0,2.31874
8090069.0,2.321096
8095368.0,2.323453
8100667.0,2.32581
8105965.0,2.328168
8111264.0,2.330528
8116563.0,2.332888
8121862.0,2.335249
8127160.0,2.33761
8132459.0,2.339956
8137758.0,2.342303
8143057.0,2.34465
8148355.0,2.346998
8153654.0,2.349348
8158953.0,2.351698
8164252.0,2.354049
8169550.0,2.3564
8174848.0,2.358734
8180145.0,2.361068
8185443.0,2.363403
8190740.0,2.365739
8196038.0,2.368076
8201335.0,2.370413
8206633.0,2.372751
8211930.0,2.37509
8217229.0,2.377412
8222528.0,2.379736
8227827.0,2.38206
8233125.0,2.384384
8238424.0,2.386709
8243723.0,2.389036
8249022.0,2.391363
8254320.0,2.39369
8259619.0,2.396002
8264918.0,2.398316
8270217.0,2.40063
8275515.0,2.402944
8280814.0,2.405259
8286113.0,2.407576
8291412.0,2.409893
8296710.0,2.41221
8302009.0,2.414511
8307308.0,2.416813
8312607.0,2.419116
8317905.0,2.421419
8323204.0,2.423723
8328503.0,2.426028
8333802.0,2.428334
8339100.0,2.43064
8344264.0,2.430783
8349427.0,2.430925
8354591.0,2.431067
8359754.0,2.43121
8364918.0,2.431352
8370081.0,2.431494
8375244.0,2.431636
8380407.0,2.431778
8385571.0,2.43192
8390734.0,2.432062
8395897.0,2.432204
8401060.0,2.432346
8406224.0,2.432487
8411387.0,2.432629
8416550.0,2.43277
8421713.0,2.432912
8426877.0,2.433053
8432040.0,2.433194
8437203.0,2.433335
8442366.0,2.433476
8447530.0,2.433617
8452693.0,2.433758
8457856.0,2.433899
8463019.0,2.43404
8468183.0,2.43418
8473346.0,2.434321
8478509.0,2.434462
8483672.0,2.434602
8488836.0,2.434742
8493999.0,2.434883
8499162.0,2.435023
8504325.0,2.435163
8509489.0,2.435303
8514652.0,2.435443
8519816.0,2.435583
8524979.0,2.435723
8530143.0,2.435863
8535306.0,2.436002
8540469.0,2.436142
8545632.0,2.436281
8550796.0,2.436421
8555959.0,2.43656
8561122.0,2.436699
8566285.0,2.436839
8571449.0,2.436978
8576612.0,2.437117
8581775.0,2.437256
8586938.0,2.437395
8592102.0,2.437534
8597265.0,2.437672
8602428.0,2.437811
8607591.0,2.43795
8612755.0,2.438088
8617918.0,2.438227
8623081.0,2.438365
8628244.0,2.438503
8633408.0,2.438642
8638571.0,2.43878
8643734.0,2.438918
8648897.0,2.439056
8654061.0,2.439194
8659224.0,2.439332
8664387.0,2.439469
8669550.0,2.439607
8674714.0,2.439745
8679877.0,2.439882
8685041.0,2.44002
8690204.0,2.440157
8695368.0,2.440295
8700531.0,2.440432
8705694.0,2.440569
8710857.0,2.440706
8716021.0,2.440843
8721184.0,2.44098
8726347.0,2.441117
8731510.0,2.441254
8736674.0,2.441391
8741837.0,2.441527
8747000.0,2.441664
8752163.0,2.441801
8757327.0,2.441937
8762490.0,2.442073
8767653.0,2.44221
8772816.0,2.442346
8777980.0,2.442482
8783143.0,2.442618
8788306.0,2.442754
8793469.0,2.44289
8798633.0,2.443026
8803796.0,2.443162
8808959.0,2.443298
8814122.0,2.443433
8819286.0,2.443569
8824449.0,2.443704
8829612.0,2.44384
8834775.0,2.443975
8839939.0,2.444111
8845102.0,2.444246
8850266.0,2.444381
8855429.0,2.444516
8860593.0,2.444651
8865756.0,2.444786
8870919.0,2.444921
8876082.0,2.445056
8881246.0,2.44519
8886409.0,2.445325
8891572.0,2.44546
8896735.0,2.445594
8901899.0,2.445729
8907062.0,2.445863
8912225.0,2.445997
8917388.0,2.446132
8922552.0,2.446266
8927715.0,2.4464
8932878.0,2.446534
8938041.0,2.446668
8943205.0,2.446802
8948368.0,2.446936
8953531.0,2.447069
8958694.0,2.447203
8963858.0,2.447337
8969021.0,2.44747
8974184.0,2.447604
8979347.0,2.447737
8984511.0,2.44787
8989674.0,2.448004
8994837.0,2.448137
9000000.0,2.44827
9007507.0,2.44939
9015014.0,2.450509
9022521.0,2.451629
9030027.0,2.452747
9037534.0,2.453865
9045040.0,2.454983
9052547.0,2.456101
9060053.0,2.457217
9067560.0,2.458334
9075066.0,2.45945
9082573.0,2.460566
9090079.0,2.461681
9097586.0,2.462796
9105092.0,2.46391
9112599.0,2.465024
9120105.0,2.466138
9127612.0,2.467251
9135119.0,2.468364
9142626.0,2.469477
9150132.0,2.470588
9157639.0,2.4717
9165145.0,2.472811
9172652.0,2.473922
9180158.0,2.475032
9187665.0,2.476142
9195171.0,2.477252
9202678.0,2.478361
9210184.0,2.479469
9217691.0,2.480578
9225197.0,2.481685
9232704.0,2.482793
9240210.0,2.4839
9247917.0,2.485026
9255624.0,2.486151
9263331.0,2.487277
9271038.0,2.488401
9278745.0,2.489525
9286452.0,2.490649
9294159.0,2.491773
9301865.0,2.492896
9309572.0,2.494018
9317279.0,2.49514
9324986.0,2.496262
9332693.0,2.497383
9340400.0,2.498504
9348107.0,2.499624
9355814.0,2.500744
9363520.0,2.501864
9371227.0,2.502983
9378934.0,2.504102
9386641.0,2.50522
9394348.0,2.506338
9402055.0,2.507455
9409762.0,2.508573
9417469.0,2.509689
9425175.0,2.510805
9432882.0,2.511921
9440589.0,2.513036
9448296.0,2.514151
9456003.0,2.515266
9463710.0,2.51638
9471417.0,2.517494
9479124.0,2.518607
9486830.0,2.51972
9493202.0,2.520632
9499573.0,2.521544
9505944.0,2.522456
9512315.0,2.523367
9518687.0,2.524278
9525058.0,2.525189
9531429.0,2.526099
9537800.0,2.527009
9544172.0,2.527919
9550543.0,2.528829
9556914.0,2.529738
9563285.0,2.530647
9569657.0,2.531556
9576028.0,2.532464
9582399.0,2.533373
9588770.0,2.534281
9595142.0,2.535188
9601513.0,2.536096
9607884.0,2.537003
9614255.0,2.53791
9620627.0,2.538816
9626998.0,2.539722
9633369.0,2.540628
9639740.0,2.541534
9646112.0,2.54244
9652483.0,2.543345
9658854.0,2.54425
9665225.0,2.545154
9671597.0,2.546059
9677968.0,2.546963
9684339.0,2.547867
9690710.0,2.54877
9696877.0,2.550028
9703043.0,2.551286
9709209.0,2.552544
9715375.0,2.553801
9721542.0,2.555059
9727708.0,2.556316
9733874.0,2.557573
9740040.0,2.55883
9748164.0,2.56047
9756288.0,2.562109
9764412.0,2.563748
9772535.0,2.565386
9780659.0,2.567025
9788783.0,2.568663
9796907.0,2.5703
9805030.0,2.571938
9813154.0,2.573575
9821278.0,2.575211
9829402.0,2.576848
9837525.0,2.578484
9845649.0,2.58012
9853773.0,2.581755
9861897.0,2.58339
9870020.0,2.585025
9878144.0,2.586659
9886268.0,2.588294
9894392.0,2.589928
9902515.0,2.591561
9910639.0,2.593194
9918763.0,2.594827
9926887.0,2.59646
9935010.0,2.598092
9943134.0,2.599724
9951258.0,2.601356
9959382.0,2.602988
9967505.0,2.604619
9975629.0,2.606249
9983753.0,2.60788
9991877.0,2.60951
10000000.0,2.61114
10007540.0,2.611351
10015070.0,2.611562
10022610.0,2.611773
10030140.0,2.611983
10037680.0,2.612193
10045210.0,2.612403
10052750.0,2.612614
10060280.0,2.612824
10067820.0,2.613033
10075350.0,2.613243
10082890.0,2.613453
10090420.0,2.613662
10097960.0,2.613871
10105490.0,2.61408
10113020.0,2.614289
10120550.0,2.614498
10128090.0,2.614707
10135620.0,2.614915
10143160.0,2.615124
10150690.0,2.615332
10158230.0,2.61554
10165760.0,2.615748
10173300.0,2.615956
10180830.0,2.616163
10188370.0,2.616371
10195900.0,2.616578
10203440.0,2.616786
10210970.0,2.616993
10218510.0,2.6172
10226040.0,2.617407
10233570.0,2.617614
10241100.0,2.61782
10248820.0,2.618035
10256540.0,2.61825
10264260.0,2.618465
10271980.0,2.618679
10279700.0,2.618894
10287420.0,2.619108
10295140.0,2.619322
10302850.0,2.619536
10310570.0,2.61975
10318290.0,2.619964
10326010.0,2.620177
10333730.0,2.620391
10341450.0,2.620604
10349170.0,2.620817
10356890.0,2.62103
10364600.0,2.621243
10372320.0,2.621456
10380040.0,2.621668
10387760.0,2.621881
10395480.0,2.622093
10403200.0,2.622306
10410920.0,2.622518
10418640.0,2.622729
10426350.0,2.622941
10434070.0,2.623153
10441790.0,2.623364
10449510.0,2.623576
10457230.0,2.623787
10464950.0,2.623998
10472670.0,2.624209
10480390.0,2.62442
10488100.0,2.62463
10496100.0,2.624853
10504100.0,2.625075
10512100.0,2.625297
10520100.0,2.62552
10528100.0,2.625742
10536100.0,2.625963
10544100.0,2.626185
10552090.0,2.626406
10560090.0,2.626628
10568090.0,2.626849
10576090.0,2.62707
10584090.0,2.627291
10592090.0,2.627512
10600090.0,2.627733
10608090.0,2.627953
10616080.0,2.628173
10624080.0,2.628394
10632080.0,2.628614
10640080.0,2.628834
10648080.0,2.629054
10656080.0,2.629273
10664080.0,2.629493
10672080.0,2.629712
10680070.0,2.629931
10688070.0,2.63015
10696070.0,2.630369
10704070.0,2.630588
10712060.0,2.630806
10720060.0,2.631025
10728060.0,2.631243
10736060.0,2.631461
10744050.0,2.631679
10752050.0,2.631897
10760050.0,2.632115
10768050.0,2.632332
10776050.0,2.63255
10784050.0,2.632767
10792050.0,2.632984
10800050.0,2.633201
10808040.0,2.633418
10816040.0,2.633635
10824040.0,2.633851
10832040.0,2.634068
10840040.0,2.634284
10848040.0,2.6345
10856040.0,2.634716
10864040.0,2.634932
10872030.0,2.635148
10880030.0,2.635363
10888030.0,2.635579
10896030.0,2.635794
10904030.0,2.636009
10912030.0,2.636224
10920030.0,2.636439
10928030.0,2.636654
10936020.0,2.636868
10944020.0,2.637083
10952020.0,2.637297
10960020.0,2.637511
10968010.0,2.637725
10976010.0,2.637939
10984010.0,2.638153
10992010.0,2.638367
11000000.0,2.63858
11007650.0,2.640193
11015290.0,2.641803
11022930.0,2.643414
11030570.0,2.645024
11038220.0,2.646636
11045860.0,2.648246
11053500.0,2.649856
11061140.0,2.651465
11068790.0,2.653077
11076430.0,2.654686
11084070.0,2.656296
11091710.0,2.657905
11099360.0,2.659516
11107000.0,2.661125
11114640.0,2.662733
11122280.0,2.664342
11129930.0,2.665953
11137570.0,2.667561
11145210.0,2.669169
11152850.0,2.670777
11160500.0,2.672387
11168140.0,2.673995
11175780.0,2.675603
11183420.0,2.67721
11191070.0,2.67882
11198710.0,2.680427
11206350.0,2.682034
11213990.0,2.683641
11221630.0,2.685248
11229270.0,2.686855
11236910.0,2.688461
11244550.0,2.690068
11252200.0,2.691676
11259840.0,2.693282
11267480.0,2.694888
11275120.0,2.696494
11282770.0,2.698102
11290410.0,2.699708
11298050.0,2.701313
11305690.0,2.702919
11313340.0,2.704526
11320980.0,2.706131
11328620.0,2.707736
11336260.0,2.709341
11343910.0,2.710948
11351550.0,2.712553
11359190.0,2.714157
11366830.0,2.715762
11374480.0,2.717368
11382120.0,2.718972
11389760.0,2.720576
11397400.0,2.72218
11405050.0,2.723786
11412690.0,2.725389
11420330.0,2.726993
11427970.0,2.728596
11435620.0,2.730201
11443260.0,2.731804
11450900.0,2.733407
11458540.0,2.73501
11466180.0,2.736613
11473820.0,2.738215
11481460.0,2.739818
11489100.0,2.74142
11497090.0,2.743039
11505070.0,2.744656
11513060.0,2.746274
11521040.0,2.747891
11529030.0,2.749509
11537010.0,2.751125
11544990.0,2.752741
11552970.0,2.754356
11560960.0,2.755974
11568940.0,2.757589
11576920.0,2.759204
11584900.0,2.760819
11592890.0,2.762436
11600870.0,2.764051
11608850.0,2.765665
11616830.0,2.76728
11624820.0,2.768896
11632800.0,2.77051
11640780.0,2.772124
11648760.0,2.773737
11656750.0,2.775353
11664730.0,2.776966
11672710.0,2.778579
11680690.0,2.780193
11688680.0,2.781807
11696660.0,2.78342
11704640.0,2.785033
11712620.0,2.786645
11720610.0,2.788259
11728590.0,2.789871
11736570.0,2.791483
11744550.0,2.793095
11752540.0,2.794708
11760520.0,2.79632
11768510.0,2.797933
11776490.0,2.799544
11784480.0,2.801157
11792460.0,2.802767
11800440.0,2.804378
11808420.0,2.805988
11816410.0,2.8076
11824390.0,2.80921
11832370.0,2.81082
11840350.0,2.81243
11848340.0,2.814042
11856320.0,2.815651
11864300.0,2.81726
11872280.0,2.818869
11880270.0,2.82048
11888250.0,2.822089
11896230.0,2.823697
11904210.0,2.825306
11912200.0,2.826916
11920180.0,2.828524
11928160.0,2.830132
11936140.0,2.83174
11944130.0,2.833349
11952110.0,2.834957
11960090.0,2.836564
11968070.0,2.838171
11976060.0,2.83978
11984040.0,2.841387
11992020.0,2.842994
12000000.0,2.8446
12007660.0,2.844853
12015320.0,2.845106
12022980.0,2.845358
12030630.0,2.84561
12038290.0,2.845862
12045940.0,2.846114
12053600.0,2.846366
12061250.0,2.846618
12068910.0,2.846869
12076570.0,2.847121
12084230.0,2.847372
12091880.0,2.847623
12099540.0,2.847875
12107190.0,2.848125
12114850.0,2.848376
12122500.0,2.848627
12130160.0,2.848877
12137820.0,2.849128
12145480.0,2.849378
12153130.0,2.849628
12160790.0,2.849878
12168440.0,2.850128
12176100.0,2.850378
12183750.0,2.850627
12191410.0,2.850876
12199070.0,2.851126
12206730.0,2.851375
12214380.0,2.851624
12222040.0,2.851873
12229690.0,2.852121
12237350.0,2.85237
12245000.0,2.852618
12252660.0,2.852867
12260320.0,2.853115
12267980.0,2.853363
12275630.0,2.853611
12283290.0,2.853859
12290940.0,2.854107
12298600.0,2.854354
12306250.0,2.854601
12313910.0,2.854849
12321570.0,2.855096
12329230.0,2.855343
12336880.0,2.85559
12344540.0,2.855837
12352190.0,2.856083
12359850.0,2.85633
12367500.0,2.856576
12375160.0,2.856822
12382820.0,2.857069
12390480.0,2.857315
12398130.0,2.85756
12405790.0,2.857806
12413440.0,2.858052
12421100.0,2.858297
12428750.0,2.858542
12436410.0,2.858787
12444070.0,2.859033
12451730.0,2.859278
12459380.0,2.859522
12467040.0,2.859767
12474690.0,2.860011
12482350.0,2.860256
12490000.0,2.8605
12497970.0,2.860754
12505940.0,2.861009
12513910.0,2.861263
12521880.0,2.861516
12529850.0,2.86177
12537820.0,2.862024
12545790.0,2.862277
12553750.0,2.86253
12561720.0,2.862784
12569690.0,2.863037
12577660.0,2.86329
12585630.0,2.863542
12593600.0,2.863795
12601570.0,2.864048
12609540.0,2.8643
12617500.0,2.864552
12625470.0,2.864804
12633440.0,2.865056
12641410.0,2.865308
12649380.0,2.86556
12657350.0,2.865811
12665320.0,2.866063
12673290.0,2.866314
12681250.0,2.866565
12689220.0,2.866816
12697190.0,2.867067
12705160.0,2.867317
12713130.0,2.867568
12721100.0,2.867819
12729070.0,2.868069
12737040.0,2.868319
12745000.0,2.868569
12752970.0,2.868819
12760940.0,2.869069
12768910.0,2.869318
12776880.0,2.869568
12784850.0,2.869817
12792820.0,2.870067
12800790.0,2.870316
12808750.0,2.870564
12816720.0,2.870813
12824690.0,2.871062
12832660.0,2.871311
12840630.0,2.871559
12848600.0,2.871807
12856570.0,2.872056
12864540.0,2.872304
12872500.0,2.872551
12880470.0,2.872799
12888440.0,2.873047
12896410.0,2.873294
12904380.0,2.873542
12912350.0,2.873789
12920320.0,2.874036
12928290.0,2.874283
12936250.0,2.87453
12944220.0,2.874777
12952190.0,2.875023
12960160.0,2.87527
12968130.0,2.875516
12976100.0,2.875762
12984070.0,2.876008
12992040.0,2.876254
13000000.0,2.8765
13006570.0,2.876765
13013140.0,2.877031
13019710.0,2.877296
13026280.0,2.877561
13032850.0,2.877826
13039420.0,2.878091
13045990.0,2.878356
13052550.0,2.87862
13059120.0,2.878885
13065690.0,2.87915
13072260.0,2.879414
13078830.0,2.879678
13085400.0,2.879942
13091970.0,2.880206
13098540.0,2.88047
13105100.0,2.880734
13111670.0,2.880998
13118240.0,2.881261
13124810.0,2.881525
13131380.0,2.881788
13137950.0,2.882051
13144520.0,2.882315
13157650.0,2.88284
13170790.0,2.883366
13183930.0,2.883891
13197070.0,2.884416
13210200.0,2.88494
13218770.0,2.885478
13227330.0,2.886015
13235890.0,2.886551
13244450.0,2.887087
13253020.0,2.887624
13261580.0,2.88816
13270140.0,2.888696
13278700.0,2.889231
13287270.0,2.889767
13295830.0,2.890302
13304390.0,2.890836
13312950.0,2.891371
13321520.0,2.891905
13330080.0,2.892439
13338640.0,2.892973
13347200.0,2.893506
13355770.0,2.89404
13364330.0,2.894573
13372890.0,2.895106
13381450.0,2.895638
13390020.0,2.896171
13398580.0,2.896703
13407140.0,2.897234
13415700.0,2.897766
13424270.0,2.898298
13432830.0,2.898829
13441390.0,2.899359
13449950.0,2.89989
13458520.0,2.900421
13467080.0,2.900951
13475640.0,2.90148
13484200.0,2.90201
13500300.0,2.903076
13516390.0,2.904141
13532490.0,2.905206
13548580.0,2.906269
13564680.0,2.907332
13580770.0,2.908393
13596860.0,2.909453
13612950.0,2.910513
13629050.0,2.911572
13645140.0,2.91263
13661240.0,2.913687
13677330.0,2.914744
13693430.0,2.915799
13709520.0,2.916854
13725610.0,2.917907
13741700.0,2.91896
13757850.0,2.920083
13773990.0,2.921205
13790140.0,2.922326
13806280.0,2.923446
13822430.0,2.924566
13838570.0,2.925684
13854710.0,2.926802
13870850.0,2.927918
13887000.0,2.929034
13903140.0,2.930149
13919290.0,2.931263
13935430.0,2.932376
13951580.0,2.933489
13967720.0,2.9346
13983860.0,2.935711
14000000.0,2.93682
14031250.0,2.936795
14062500.0,2.936769
14093750.0,2.936744
14125000.0,2.936719
14156250.0,2.936693
14187500.0,2.936668
14218750.0,2.936643
14250000.0,2.936618
14281250.0,2.936593
14312500.0,2.936568
14343750.0,2.936543
14375000.0,2.936519
14406250.0,2.936494
14437500.0,2.936469
14468750.0,2.936445
14500000.0,2.93642
14531250.0,2.936539
14562500.0,2.936657
14593750.0,2.936775
14625000.0,2.936893
14656250.0,2.937011
14687500.0,2.937129
14718750.0,2.937246
14750000.0,2.937363
14781250.0,2.93748
14812500.0,2.937596
14843750.0,2.937712
14875000.0,2.937828
14906250.0,2.937944
14937500.0,2.93806
14968750.0,2.938175
15000000.0,2.93829
15009890.0,2.938018
15019770.0,2.937746
15029650.0,2.937474
15039530.0,2.937202
15049410.0,2.936931
15059290.0,2.93666
15069170.0,2.936389
15079050.0,2.936119
15088940.0,2.935848
15098820.0,2.935577
15108700.0,2.935307
15118580.0,2.935038
15128460.0,2.934768
15138340.0,2.934498
15148220.0,2.934229
15158100.0,2.93396
15171080.0,2.933643
15184060.0,2.933327
15197040.0,2.93301
15210020.0,2.932694
15223000.0,2.932379
15235980.0,2.932063
15248960.0,2.931748
15261930.0,2.931434
15274910.0,2.931119
15287890.0,2.930805
15300870.0,2.930491
15313840.0,2.930178
15326820.0,2.929865
15339800.0,2.929552
15352780.0,2.929239
15365750.0,2.928927
15378730.0,2.928615
15391710.0,2.928303
15404690.0,2.927992
15417670.0,2.927681
15430650.0,2.92737
15443630.0,2.927059
15456610.0,2.926749
15469580.0,2.926439
15482560.0,2.926129
15495540.0,2.92582
15508520.0,2.925511
15521490.0,2.925202
15534470.0,2.924894
15547450.0,2.924585
15560430.0,2.924277
15573400.0,2.92397
15586740.0,2.923636
15600070.0,2.923303
15613400.0,2.92297
15626730.0,2.922637
15640060.0,2.922305
15653390.0,2.921973
15666720.0,2.921641
15680050.0,2.92131
15693390.0,2.920978
15706720.0,2.920648
15720050.0,2.920317
15733380.0,2.919987
15746710.0,2.919657
15760040.0,2.919328
15773370.0,2.918999
15786700.0,2.91867
15800040.0,2.918341
15813370.0,2.918013
15826700.0,2.917685
15840030.0,2.917357
15853360.0,2.91703
15866690.0,2.916703
15880020.0,2.916376
15893350.0,2.91605
15906690.0,2.915724
15920020.0,2.915398
15933350.0,2.915072
15946680.0,2.914747
15960010.0,2.914423
15973340.0,2.914098
15986670.0,2.913774
16000000.0,2.91345
16015390.0,2.912375
16030780.0,2.911302
16046170.0,2.910229
16061550.0,2.909159
16076940.0,2.90809
16092330.0,2.907022
16107720.0,2.905956
16123100.0,2.904892
16138490.0,2.903828
16153880.0,2.902766
16169270.0,2.901705
16184650.0,2.900646
16200040.0,2.899588
16215430.0,2.898532
16230820.0,2.897476
16246200.0,2.896423
16261590.0,2.895371
16276980.0,2.89432
16292370.0,2.89327
16307750.0,2.892222
16323140.0,2.891175
16338530.0,2.89013
16353920.0,2.889085
16369300.0,2.888043
16384690.0,2.887002
16400080.0,2.885962
16415470.0,2.884923
16430850.0,2.883886
16446240.0,2.88285
16461630.0,2.881815
16477020.0,2.880781
16492400.0,2.87975
16508270.0,2.878656
16524130.0,2.877565
16539990.0,2.876475
16555850.0,2.875386
16571720.0,2.874298
16587580.0,2.873213
16603440.0,2.872129
16619300.0,2.871046
16635170.0,2.869964
16651030.0,2.868884
16666890.0,2.867805
16682750.0,2.866728
16698620.0,2.865652
16714480.0,2.864578
16730340.0,2.863505
16746200.0,2.862434
16762070.0,2.861363
16777930.0,2.860295
16793790.0,2.859228
16809650.0,2.858162
16825520.0,2.857097
16841380.0,2.856034
16857240.0,2.854973
16873100.0,2.853912
16888970.0,2.852853
16904830.0,2.851796
16920690.0,2.85074
16936550.0,2.849685
16952420.0,2.848631
16968280.0,2.84758
16984140.0,2.846529
17000000.0,2.84548
17015630.0,2.844581
17031250.0,2.843685
17046880.0,2.842788
17062500.0,2.841894
17078130.0,2.840999
17093750.0,2.840107
17109380.0,2.839215
17125000.0,2.838325
17140630.0,2.837435
17156250.0,2.836547
17171880.0,2.835659
17187500.0,2.834774
17203130.0,2.833888
17218750.0,2.833004
17234380.0,2.832121
17250000.0,2.83124
17265630.0,2.830358
17281250.0,2.829479
17296880.0,2.8286
17312500.0,2.827723
17328130.0,2.826846
17343750.0,2.825971
17359380.0,2.825096
17375000.0,2.824223
17390630.0,2.82335
17406250.0,2.822479
17421880.0,2.821609
17437500.0,2.82074
17453130.0,2.819872
17468750.0,2.819005
17484380.0,2.818138
17500000.0,2.817274
17515630.0,2.816409
17531250.0,2.815547
17546880.0,2.814685
17562500.0,2.813824
17578130.0,2.812964
17593750.0,2.812105
17609380.0,2.811247
17625000.0,2.810391
17640630.0,2.809535
17656250.0,2.80868
17671880.0,2.807827
17687500.0,2.806974
17703130.0,2.806122
17718750.0,2.805272
17734380.0,2.804422
17750000.0,2.803573
17765630.0,2.802726
17781250.0,2.801879
17796880.0,2.801033
17812500.0,2.800189
17828130.0,2.799345
17843750.0,2.798502
17859380.0,2.797661
17875000.0,2.79682
17890630.0,2.79598
17906250.0,2.795142
17921880.0,2.794304
17937500.0,2.793467
17953130.0,2.792631
17968750.0,2.791797
17984380.0,2.790963
18000000.0,2.79013
18015630.0,2.788493
18031250.0,2.786859
18046880.0,2.785227
18062500.0,2.783598
18078130.0,2.781971
18093750.0,2.780347
18109380.0,2.778724
18125000.0,2.777105
18140630.0,2.775486
18156250.0,2.773872
18171880.0,2.772258
18187500.0,2.770648
18203130.0,2.769039
18218750.0,2.767434
18234380.0,2.76583
18250000.0,2.764229
18265630.0,2.762629
18281250.0,2.761033
18296880.0,2.759438
18312500.0,2.757846
18328130.0,2.756256
18343750.0,2.754669
18359380.0,2.753083
18375000.0,2.7515
18390630.0,2.749919
18406250.0,2.74834
18421880.0,2.746764
18437500.0,2.74519
18453130.0,2.743618
18468750.0,2.742048
18484380.0,2.74048
18500000.0,2.738916
18515630.0,2.737352
18531250.0,2.735792
18546880.0,2.734233
18562500.0,2.732677
18578130.0,2.731122
18593750.0,2.72957
18609380.0,2.72802
18625000.0,2.726473
18640630.0,2.724927
18656250.0,2.723384
18671880.0,2.721842
18687500.0,2.720304
18703130.0,2.718767
18718750.0,2.717232
18734380.0,2.715699
18750000.0,2.714169
18765630.0,2.712641
18781250.0,2.711115
18796880.0,2.70959
18812500.0,2.708069
18828130.0,2.706549
18843750.0,2.705032
18859380.0,2.703515
18875000.0,2.702003
18890630.0,2.700491
18906250.0,2.698982
18921880.0,2.697474
18937500.0,2.69597
18953130.0,2.694466
18968750.0,2.692966
18984380.0,2.691466
19000000.0,2.68997
19031250.0,2.687037
19062500.0,2.684112
19093750.0,2.681194
19125000.0,2.678285
19156250.0,2.675383
19187500.0,2.67249
19218750.0,2.669604
19250000.0,2.666726
19281250.0,2.663856
19312500.0,2.660994
19343750.0,2.658139
19375000.0,2.655292
19406250.0,2.652452
19437500.0,2.64962
19468750.0,2.646796
19500000.0,2.643979
19531250.0,2.64117
19562500.0,2.638368
19593750.0,2.635574
19625000.0,2.632787
19656250.0,2.630007
19687500.0,2.627235
19718750.0,2.62447
19750000.0,2.621713
19781250.0,2.618962
19812500.0,2.616219
19843750.0,2.613483
19875000.0,2.610754
19906250.0,2.608033
19937500.0,2.605318
19968750.0,2.60261
20000000.0,2.59991
