1e-05,7.827727
1.03125e-05,7.827727
1.0625e-05,7.827727
1.09375e-05,7.827727
1.125e-05,7.827727
1.15625e-05,7.827727
1.1875e-05,7.827727
1.21875e-05,7.827727
1.25e-05,7.827727
1.28125e-05,7.827727
1.3125e-05,7.827727
1.34375e-05,7.827727
1.375e-05,7.827727
1.4375e-05,7.827727
1.5e-05,7.827727
1.5625e-05,7.827727
1.625e-05,7.827727
1.6875e-05,7.827727
1.75e-05,7.827727
1.8125e-05,7.827727
1.875e-05,7.827727
1.9375e-05,7.827727
2e-05,7.827727
2.09375e-05,7.827727
2.1875e-05,7.827727
2.28125e-05,7.827727
2.375e-05,7.827727
2.46875e-05,7.827726
2.5625e-05,7.827726
2.65625e-05,7.827726
2.75e-05,7.827726
2.84375e-05,7.827726
2.9375e-05,7.827726
3.03125e-05,7.827726
3.125e-05,7.827726
3.21875e-05,7.827726
3.3125e-05,7.827726
3.40625e-05,7.827726
3.5e-05,7.827726
3.59375e-05,7.827726
3.6875e-05,7.827726
3.78125e-05,7.827726
3.875e-05,7.827726
3.96875e-05,7.827725
4.0625e-05,7.827725
4.25e-05,7.827725
4.4375e-05,7.827725
4.625e-05,7.827725
4.8125e-05,7.827725
5e-05,7.827725
5.15625e-05,7.827725
5.3125e-05,7.827725
5.46875e-05,7.827724
5.625e-05,7.827724
5.78125e-05,7.827724
5.9375e-05,7.827724
6.09375e-05,7.827724
6.25e-05,7.827724
6.40625e-05,7.827724
6.5625e-05,7.827724
6.71875e-05,7.827724
6.875e-05,7.827724
7.1875e-05,7.827723
7.5e-05,7.827723
7.8125e-05,7.827723
8.125e-05,7.827723
8.4375e-05,7.827723
8.75e-05,7.827722
9.0625e-05,7.827722
9.375e-05,7.827722
9.6875e-05,7.827722
0.0001,7.827722
0.000103125,7.827721
0.00010625,7.827721
0.000109375,7.827721
0.0001125,7.827721
0.000115625,7.827721
0.00011875,7.82772
0.000121875,7.82772
0.000125,7.82772
0.000128125,7.82772
0.00013125,7.827719
0.000134375,7.827719
0.0001375,7.827719
0.00014375,7.827719
0.00015,7.827718
0.00015625,7.827718
0.0001625,7.827717
0.00016875,7.827717
0.000175,7.827717
0.00018125,7.827716
0.0001875,7.827716
0.00019375,7.827715
0.0002,7.827715
0.000209375,7.827714
0.00021875,7.827714
0.000228125,7.827713
0.0002375,7.827713
0.000246875,7.827712
0.00025625,7.827711
0.000265625,7.827711
0.000275,7.82771
0.000284375,7.82771
0.00029375,7.827709
0.000303125,7.827708
0.0003125,7.827708
0.000321875,7.827707
0.00033125,7.827706
0.000340625,7.827706
0.00035,7.827705
0.000359375,7.827705
0.00036875,7.827704
0.000378125,7.827703
0.0003875,7.827703
0.000396875,7.827702
0.00040625,7.827702
0.000425,7.8277
0.00044375,7.827699
0.0004625,7.827698
0.00048125,7.827697
0.0005,7.827695
0.000515625,7.827694
0.00053125,7.827693
0.000546875,7.827692
0.0005625,7.827691
0.000578125,7.82769
0.00059375,7.827689
0.000609375,7.827688
0.000625,7.827687
0.000640625,7.827686
0.00065625,7.827685
0.000671875,7.827684
0.0006875,7.827683
0.00071875,7.827681
0.00075,7.827679
0.00078125,7.827677
0.0008125,7.827675
0.00084375,7.827673
0.000875,7.827671
0.00090625,7.827669
0.0009375,7.827667
0.00096875,7.827665
0.001,7.827663
0.00103125,7.827661
0.0010625,7.827659
0.00109375,7.827657
0.001125,7.827655
0.00115625,7.827653
0.0011875,7.827651
0.00121875,7.827649
0.00125,7.827647
0.00128125,7.827645
0.0013125,7.827643
0.00134375,7.827641
0.001375,7.827638
0.0014375,7.827634
0.0015,7.82763
0.0015625,7.827626
0.001625,7.827622
0.0016875,7.827618
0.00175,7.827614
0.0018125,7.82761
0.001875,7.827606
0.0019375,7.827602
0.002,7.827598
0.00209375,7.827592
0.0021875,7.827586
0.00228125,7.82758
0.002375,7.827573
0.00246875,7.827567
0.0025625,7.827561
0.00265625,7.827555
0.00275,7.827549
0.00284375,7.827543
0.0029375,7.827537
0.00303125,7.827531
0.003125,7.827525
0.00321875,7.827519
0.0033125,7.827512
0.00340625,7.827506
0.0035,7.8275
0.00359375,7.827494
0.0036875,7.827488
0.00378125,7.827482
0.003875,7.827476
0.00396875,7.82747
0.0040625,7.827464
0.00425,7.827451
0.0044375,7.827439
0.004625,7.827427
0.0048125,7.827415
0.005,7.827403
0.00515625,7.827392
0.0053125,7.827382
0.00546875,7.827372
0.005625,7.827362
0.00578125,7.827352
0.0059375,7.827342
0.00609375,7.827332
0.00625,7.827321
0.00640625,7.827311
0.0065625,7.827301
0.00671875,7.827291
0.006875,7.827281
0.0071875,7.82726
0.0075,7.82724
0.0078125,7.82722
0.008125,7.827199
0.0084375,7.827179
0.00875,7.827159
0.0090625,7.827138
0.009375,7.827118
0.0096875,7.827098
0.01,7.827077
0.0103125,7.827057
0.010625,7.827037
0.0109375,7.827016
0.01125,7.826996
0.0115625,7.826976
0.011875,7.826956
0.0121875,7.826935
0.0125,7.826915
0.0128125,7.826895
0.013125,7.826874
0.0134375,7.826854
0.01375,7.826834
0.014375,7.826793
0.015,7.826752
0.015625,7.826712
0.01625,7.826671
0.016875,7.82663
0.0175,7.82659
0.018125,7.826549
0.01875,7.826509
0.019375,7.826468
0.02,7.826427
0.0206625,7.826384
0.021325,7.826341
0.0219875,7.826298
0.02265,7.826255
0.0233125,7.826212
0.023975,7.826169
0.0246375,7.826126
0.0253,7.826083
0.02607188,7.826033
0.02684375,7.825982
0.02761563,7.825932
0.0283875,7.825882
0.02915938,7.825832
0.02993125,7.825782
0.03070313,7.825731
0.031475,7.825681
0.03224688,7.825631
0.03301875,7.825581
0.0345625,7.825481
0.03610625,7.82538
0.03765,7.82528
0.03919375,7.82518
0.0407375,7.825079
0.04228125,7.824979
0.043825,7.824879
0.04536875,7.824778
0.0469125,7.824678
0.04845625,7.824578
0.05,7.824477
0.0515625,7.824376
0.053125,7.824274
0.0546875,7.824173
0.05625,7.824071
0.0578125,7.82397
0.059375,7.823868
0.0609375,7.823767
0.0625,7.823665
0.0640625,7.823564
0.065625,7.823462
0.0671875,7.823361
0.06875,7.823259
0.071875,7.823056
0.075,7.822853
0.078125,7.82265
0.08125,7.822447
0.084375,7.822244
0.0875,7.822041
0.090625,7.821838
0.09375,7.821636
0.096875,7.821433
0.1,7.82123
0.103125,7.821027
0.10625,7.820824
0.109375,7.820621
0.1125,7.820418
0.115625,7.820215
0.11875,7.820012
0.121875,7.81981
0.125,7.819607
0.128125,7.819404
0.13125,7.819201
0.134375,7.818998
0.1375,7.818795
0.14375,7.81839
0.15,7.817984
0.15625,7.817579
0.1625,7.817173
0.16875,7.816768
0.175,7.816363
0.18125,7.815957
0.1875,7.815552
0.19375,7.815147
0.2,7.814741
0.209375,7.814133
0.21875,7.813526
0.228125,7.812918
0.2375,7.81231
0.246875,7.811703
0.25625,7.811096
0.265625,7.810488
0.275,7.809881
0.284375,7.809274
0.29375,7.808667
0.303125,7.80806
0.3125,7.807453
0.321875,7.806846
0.33125,7.806239
0.340625,7.805632
0.35,7.805026
0.359375,7.804419
0.36875,7.803813
0.378125,7.803206
0.3875,7.8026
0.396875,7.801994
0.40625,7.801388
0.425,7.800176
0.44375,7.798964
0.4625,7.797752
0.48125,7.796541
0.5,7.79533
0.53125,7.793313
0.5625,7.791297
0.59375,7.789281
0.625,7.787266
0.65625,7.785252
0.6875,7.783239
0.71875,7.781227
0.75,7.779216
0.78125,7.777205
0.8125,7.775196
0.84375,7.773187
0.875,7.771179
0.9375,7.767166
1.0,7.763156
1.0625,7.759149
1.125,7.755146
1.1875,7.751147
1.25,7.74715
1.3125,7.743157
1.375,7.739168
1.4375,7.735181
1.5,7.731198
1.5625,7.727219
1.625,7.723242
1.6875,7.719269
1.75,7.715299
1.875,7.70737
2.0,7.699453
2.09375,7.693524
2.1875,7.687603
2.28125,7.681688
2.375,7.675781
2.46875,7.669881
2.5625,7.663988
2.65625,7.658103
2.75,7.652224
2.9375,7.640488
3.125,7.62878
3.3125,7.617101
3.5,7.605448
3.6875,7.593824
3.875,7.582226
4.0625,7.570656
4.25,7.559113
4.4375,7.547596
4.625,7.536105
4.8125,7.524641
5.0,7.513203
5.3125,7.494196
5.625,7.47526
5.9375,7.456393
6.25,7.437595
6.5625,7.418865
6.875,7.400202
7.1875,7.381605
7.5,7.363072
7.8125,7.344604
8.125,7.326199
8.4375,7.307856
8.75,7.289574
9.375,7.25319
10.0,7.217041
10.625,7.181119
11.25,7.145418
11.875,7.10993
12.5,7.074648
13.125,7.039566
13.75,7.004677
14.375,6.969974
15.0,6.935451
15.625,6.9011
16.25,6.866916
16.875,6.832891
17.5,6.79902
18.75,6.73171
20.0,6.664935
20.9375,6.615174
21.875,6.565663
22.8125,6.51638
23.75,6.467304
24.6875,6.418412
25.625,6.369682
26.5625,6.321093
27.5,6.272621
29.375,6.175941
31.25,6.079456
33.125,5.982977
35.0,5.886305
36.875,5.789233
38.75,5.691545
40.625,5.59301
42.5,5.493381
44.375,5.392395
46.25,5.289766
48.125,5.185185
50.0,5.078314
51.5625,4.987236
53.125,4.894074
54.6875,4.798569
56.25,4.700438
57.8125,4.599372
59.375,4.495025
60.9375,4.387019
62.5,4.274931
64.0625,4.158289
65.625,4.036565
67.1875,3.909168
68.75,3.775431
69.53125,3.705954
70.3125,3.634603
71.09375,3.561269
71.875,3.485835
72.65625,3.408178
73.4375,3.328167
74.21875,3.245663
75.0,3.160516
75.78125,3.072571
76.5625,2.981662
77.34375,2.887612
78.125,2.790237
78.90625,2.689345
79.6875,2.584734
80.46875,2.476197
81.25,2.363522
82.03125,2.246498
82.8125,2.124917
83.59375,1.998585
84.375,1.867332
84.76563,1.799817
85.15625,1.731029
85.54688,1.660959
85.9375,1.589611
86.32813,1.516988
86.71875,1.44311
87.10938,1.368002
87.5,1.291709
87.89063,1.214284
88.28125,1.135808
88.67188,1.05638
89.0625,0.9761352
89.45313,0.8952372
89.84375,0.8139017
90.23438,0.7323901
90.625,0.6510383
91.01563,0.5702547
91.40625,0.490556
91.79688,0.4125744
92.1875,0.3371033
92.38282,0.3006045
92.57813,0.2651198
92.77344,0.2308079
92.96875,0.1978477
93.06641,0.1819353
93.16407,0.1664378
93.26173,0.1513838
93.35938,0.1368051
93.45704,0.122731
93.55469,0.1091985
93.65235,0.09624063
93.75,0.08389837
93.79883,0.07796951
93.84766,0.07220957
93.89649,0.06662399
93.94532,0.06121837
93.99415,0.05599845
94.04298,0.05097016
94.09181,0.04613962
94.14063,0.04151402
94.18946,0.03709796
94.23829,0.03289906
94.28712,0.02892419
94.33594,0.02518118
94.38477,0.02167578
94.4336,0.01841629
94.48243,0.01541045
94.53125,0.01266678
94.58008,0.01019236
94.62891,0.007996269
94.67774,0.006087235
94.72657,0.004474265
94.75099,0.003781561
94.7754,0.003166645
94.79982,0.00263022
94.82423,0.00217395
94.84865,0.001798705
94.87306,0.001506054
94.89747,0.00129711
94.92188,0.001173175
94.9463,0.001135573
94.97071,0.001185678
94.99513,0.001324898
95.01954,0.001554504
95.04396,0.001876093
95.06837,0.002290832
95.09278,0.002800286
95.11719,0.00340593
95.14161,0.004109572
95.16602,0.004912158
95.21485,0.006821612
95.26368,0.009146973
95.3125,0.01190072
95.36133,0.01509751
95.41016,0.01875075
95.45899,0.02287488
95.50782,0.02748477
95.55665,0.03259579
95.60548,0.03822384
95.65431,0.04438532
95.70313,0.05109575
95.75196,0.05837541
95.80079,0.0662411
95.84962,0.07471155
95.89844,0.08380418
95.94727,0.09354275
95.9961,0.1039462
96.04493,0.1150358
96.09375,0.1268314
96.14258,0.1393607
96.19141,0.1526451
96.24024,0.1667091
96.28907,0.1815782
96.3379,0.1972786
96.38673,0.2138376
96.43556,0.2312835
96.48438,0.2496417
96.53321,0.2689499
96.58204,0.2892358
96.63087,0.3105321
96.67969,0.3328677
96.72852,0.3562868
96.77735,0.3808212
96.82618,0.4065083
96.875,0.4333818
96.92383,0.4614929
96.97266,0.4908783
97.02149,0.5215817
97.07032,0.5536483
97.11915,0.5871251
97.16798,0.6220609
97.21681,0.6585064
97.26563,0.6965064
97.31446,0.7361312
97.36329,0.77743
97.41212,0.8204622
97.46094,0.8652798
97.50977,0.9119652
97.5586,0.9605761
97.60743,1.011182
97.65625,1.063844
97.75391,1.175693
97.85157,1.296753
97.94923,1.427719
98.04688,1.56933
98.14454,1.722437
98.24219,1.887903
98.33985,2.066737
98.4375,2.25997
98.53516,2.468805
98.63282,2.694499
98.73048,2.938453
98.82813,3.202172
98.92579,3.4874
99.02344,3.795936
99.1211,4.129894
99.21875,4.491471
99.31641,4.883244
99.41407,5.307956
99.51173,5.768692
99.60938,6.268829
99.70704,6.812293
99.80469,7.403245
99.90235,8.046589
100.0,8.747555
100.0641,9.241924
100.1281,9.764773
100.1922,10.31977
100.2562,10.90739
100.3203,11.53186
100.3843,12.19384
100.4483,12.89708
100.5123,13.64466
100.5764,14.44121
100.6404,15.28793
100.7044,16.19002
100.7684,17.15187
100.8325,18.17996
100.8965,19.27637
100.9605,20.44849
101.0245,21.70274
101.0886,23.04839
101.1526,24.48909
101.2167,26.03809
101.2807,27.70022
101.3448,29.49149
101.4088,31.41831
101.4728,33.49681
101.5368,35.74201
101.6009,38.17476
101.6649,40.8065
101.7289,43.66236
101.7929,46.76666
101.857,50.15251
101.921,53.84083
101.985,57.87262
102.049,62.28908
102.1131,67.14556
102.1771,72.48173
102.2412,78.37797
102.2732,81.5508
102.3052,84.88992
102.3373,88.41782
102.3693,92.12472
102.4013,96.03452
102.4333,100.1616
102.4653,104.5215
102.4973,109.1312
102.5293,114.0094
102.5613,119.1762
102.5934,124.6716
102.6254,130.4855
102.6574,136.6614
102.6894,143.2286
102.7214,150.2194
102.7534,157.6694
102.7854,165.618
102.8174,174.109
102.8495,183.22
102.8815,192.9484
102.9135,203.3814
102.9455,214.5862
102.9775,226.6378
103.0095,239.6202
103.0415,253.6282
103.0735,268.7684
103.1056,285.2149
103.1376,303.0023
103.1696,322.3356
103.2016,343.3923
103.2337,366.4507
103.2657,391.6012
103.2977,419.1814
103.3297,449.5025
103.3618,483.0355
103.3938,519.9937
103.4258,560.9696
103.4418,583.1417
103.4578,606.5433
103.4738,631.2637
103.4898,657.3997
103.5058,685.0573
103.5218,714.352
103.5378,745.41
103.5538,778.3699
103.5698,813.3832
103.5858,850.6166
103.6019,890.5089
103.6179,932.7671
103.6339,977.8538
103.6499,1026.014
103.6659,1077.521
103.6819,1132.673
103.6979,1191.804
103.7139,1255.286
103.7299,1323.528
103.7459,1396.99
103.7619,1476.183
103.7779,1561.676
103.7939,1654.108
103.8099,1754.193
103.8259,1862.728
103.8419,1980.61
103.858,2109.678
103.874,2249.461
103.89,2401.99
103.906,2568.677
103.922,2751.105
103.938,2951.036
103.954,3170.429
103.97,3411.452
103.986,3676.483
104.002,3968.107
104.018,4289.091
104.034,4642.341
104.05,5030.819
104.066,5457.409
104.082,5924.71
104.098,6434.747
104.1107,6870.743
104.1233,7330.437
104.1359,7816.207
104.1485,8326.057
104.1738,9407.562
104.199,10519.24
104.2117,11068.95
104.2243,11590.85
104.2369,12074.97
104.2495,12506.12
104.2622,12871.76
104.2748,13152.24
104.2874,13339.45
104.3,13425.79
104.3127,13407.54
104.3253,13286.66
104.3379,13069.63
104.3505,12766.56
104.3632,12387.08
104.3758,11951.72
104.3884,11472.65
104.401,10964.12
104.4263,9904.513
104.4515,8862.822
104.4642,8360.296
104.4768,7882.27
104.4894,7427.208
104.502,6996.524
104.5125,6656.671
104.5229,6337.125
104.5333,6034.319
104.5437,5747.835
104.5542,5474.604
104.5646,5219.196
104.575,4978.252
104.5854,4751.058
104.5959,4534.891
104.6063,4333.14
104.6167,4142.975
104.6271,3963.706
104.6376,3793.094
104.648,3633.749
104.6584,3483.396
104.6688,3341.468
104.6793,3206.173
104.6897,3079.583
104.7001,2959.899
104.7105,2846.678
104.721,2738.506
104.7314,2637.054
104.7418,2540.906
104.7522,2449.725
104.7627,2362.391
104.7731,2280.274
104.7939,2128.071
104.8147,1990.318
104.8355,1865.33
104.8564,1751.125
104.8772,1647.519
104.8981,1552.401
104.9189,1465.712
104.9398,1385.768
104.9606,1312.593
104.9814,1245.142
105.0022,1182.844
105.0231,1124.93
105.0439,1071.509
105.0648,1021.669
105.0856,975.5362
105.1065,932.3526
105.1273,892.253
105.1481,854.7754
105.1689,819.6976
105.1898,786.6671
105.2106,755.8199
105.2315,726.6958
105.2523,699.4271
105.2732,673.6181
105.294,649.3957
105.3148,626.5242
105.3356,604.9047
105.3565,584.3516
105.3773,564.9792
105.3982,546.5255
105.419,529.0982
105.4607,496.7307
105.5023,467.4968
105.544,440.8784
105.5857,416.6274
105.6274,394.4684
105.669,374.2119
105.7107,355.5569
105.7524,338.3775
105.7941,322.52
105.8357,307.8842
105.8774,294.2825
105.9191,281.6481
105.9608,269.8898
106.0024,258.9525
106.0441,248.7124
106.0858,239.1329
106.1275,230.1574
106.1691,221.7546
106.2108,213.8388
106.2525,206.39
106.2942,199.3712
106.3358,192.7647
106.3775,186.5088
106.4192,180.5924
106.4609,174.9909
106.5025,169.6942
106.5442,164.6562
106.5859,159.8714
106.6692,151.0042
106.7526,142.9506
106.8359,135.6285
106.9193,128.9339
107.0026,122.8092
107.086,117.1766
107.1693,111.9951
107.2527,107.2052
107.336,102.7773
107.4194,98.66513
107.5027,94.8472
107.5861,91.28679
107.6694,87.96816
107.7528,84.86183
107.8361,81.95616
107.9195,79.22719
108.0028,76.66629
108.0862,74.25372
108.1695,71.9831
108.2529,69.838
108.3362,67.81368
108.4196,65.89634
108.5029,64.08251
108.5863,62.36046
108.6696,60.72767
108.753,59.17412
108.8363,57.69799
109.003,54.95088
109.1697,52.45059
109.3364,50.16699
109.5031,48.07447
109.6698,46.15121
109.8365,44.37844
110.0033,42.73905
110.17,41.221
110.3367,39.81107
110.5034,38.49862
110.6701,37.27432
110.8368,36.12993
111.0035,35.05821
111.1702,34.0527
111.3369,33.1077
111.5036,32.21809
111.6703,31.37933
111.837,30.58731
112.0037,29.83836
112.1704,29.12916
112.3371,28.45673
112.5038,27.81835
112.6705,27.21156
112.8372,26.63413
113.0039,26.08402
113.1706,25.55937
113.3373,25.05847
113.504,24.57978
113.8374,23.68338
114.1708,22.86004
114.5042,22.10116
114.8376,21.39934
115.171,20.74825
115.5045,20.1422
115.8379,19.57677
116.1713,19.04756
116.5047,18.55088
116.8381,18.08345
117.1715,17.64234
117.5049,17.22491
117.8383,16.8288
118.1717,16.4518
118.5051,16.09192
118.8385,15.74727
119.1719,15.41605
119.5053,15.09654
119.8387,14.78702
120.1721,14.48576
120.5055,14.19093
120.839,13.9005
121.0057,13.75634
121.1724,13.61246
121.3391,13.46853
121.5058,13.32418
121.6725,13.17902
121.8392,13.0326
122.0059,12.88441
122.1726,12.73387
122.3393,12.58032
122.506,12.42297
122.6727,12.26091
122.7561,12.17773
122.8394,12.09304
122.9228,12.00646
123.0061,11.91802
123.0895,11.82729
123.1728,11.73425
123.2562,11.63842
123.3395,11.53973
123.4229,11.43761
123.5062,11.33193
123.5896,11.22202
123.6729,11.10765
123.7563,10.988
123.8396,10.86273
123.923,10.73078
123.9647,10.66211
124.0063,10.59164
124.048,10.51892
124.0897,10.44397
124.1314,10.36664
124.173,10.28696
124.2147,10.20436
124.2564,10.11883
124.2981,10.03016
124.3397,9.938338
124.3814,9.842661
124.4231,9.743059
124.4648,9.639217
124.5064,9.531051
124.5481,9.417655
124.5898,9.298851
124.6315,9.174162
124.6731,9.043372
124.7148,8.905255
124.7565,8.759442
124.7982,8.605174
124.819,8.524801
124.8398,8.441996
124.8607,8.356217
124.8815,8.268151
124.9024,8.17681
124.9232,8.082914
124.9441,7.985398
124.9649,7.885022
124.9857,7.781141
125.0065,7.673558
125.0274,7.561514
125.0482,7.445853
125.0691,7.325216
125.0899,7.200495
125.1108,7.070207
125.1316,6.935296
125.1524,6.794828
125.1732,6.648455
125.1941,6.495057
125.2149,6.335703
125.2358,6.168433
125.2566,5.994393
125.2775,5.811428
125.2983,5.620781
125.3191,5.421071
125.3399,5.211752
125.3504,5.102261
125.3608,4.99119
125.3712,4.87744
125.3816,4.760944
125.3921,4.640476
125.4025,4.51827
125.4129,4.393136
125.4233,4.265024
125.4338,4.132617
125.4442,3.998406
125.4546,3.861129
125.465,3.720785
125.4754,3.577398
125.4858,3.431017
125.4962,3.281725
125.5066,3.12965
125.5171,2.973468
125.5275,2.816401
125.5379,2.657296
125.5483,2.496577
125.5588,2.333232
125.5692,2.17108
125.5796,2.009464
125.59,1.849519
125.6005,1.691192
125.6109,1.539329
125.6213,1.394703
125.6265,1.325982
125.6317,1.260214
125.6369,1.197885
125.6421,1.139539
125.6473,1.085794
125.6525,1.037342
125.6577,0.9949683
125.6629,0.9595584
125.6655,0.9447731
125.6681,0.9321145
125.6707,0.9217288
125.6733,0.9137715
125.676,0.9082563
125.6786,0.9057742
125.6812,0.9062585
125.6838,0.9099103
125.6864,0.9169442
125.689,0.927589
125.6916,0.942089
125.6942,0.9607049
125.6968,0.9837151
125.6994,1.011417
125.702,1.04413
125.7046,1.082192
125.7072,1.125968
125.7098,1.175848
125.7124,1.232248
125.715,1.295614
125.7177,1.369304
125.7203,1.448389
125.7229,1.536004
125.7255,1.63274
125.7281,1.739232
125.7307,1.856162
125.7333,1.984262
125.7359,2.124321
125.7385,2.277184
125.7411,2.443763
125.7437,2.625039
125.7463,2.822066
125.7489,3.035982
125.7515,3.268013
125.7541,3.51948
125.7567,3.791807
125.7594,4.098338
125.762,4.418081
125.7646,4.763746
125.7672,5.137272
125.7698,5.540758
125.7724,5.976469
125.775,6.446854
125.7776,6.954561
125.7802,7.502452
125.7828,8.093624
125.7854,8.73142
125.788,9.41946
125.7906,10.16165
125.7932,10.96222
125.7958,11.82572
125.7984,12.75707
125.801,13.76159
125.8036,14.84499
125.8062,16.01341
125.8088,17.27347
125.8114,18.63223
125.814,20.09729
125.8166,21.67671
125.8192,23.37909
125.8218,25.21353
125.8244,27.18961
125.827,29.31738
125.8296,31.60731
125.8322,34.07019
125.8348,36.71703
125.8374,39.55892
125.84,42.60687
125.8419,44.97067
125.8438,47.45415
125.8457,50.06101
125.8475,52.6475
125.8494,55.5038
125.8513,58.49196
125.8532,61.61369
125.855,64.69515
125.8588,71.59562
125.8625,78.81689
125.8663,86.71343
125.87,94.80892
125.8738,103.4467
125.8775,112.0483
125.8813,120.9165
125.885,129.3989
125.8888,137.7398
125.8925,145.2845
125.8963,152.2245
125.9,158.0095
125.9038,162.8013
125.9075,166.2533
125.9113,168.5145
125.915,169.4861
125.9188,169.2942
125.9225,168.0596
125.9263,165.8576
125.93,162.9544
125.9338,159.3511
125.9375,155.3825
125.945,146.4641
125.9488,141.7191
125.9525,137.0657
125.9563,132.3178
125.96,127.774
125.964,122.991
125.9679,118.4861
125.9719,114.0488
125.9758,109.9124
125.9798,105.8706
125.9837,102.1261
125.9877,98.48431
125.9916,95.12212
125.9956,91.8602
125.9995,88.85384
126.0035,85.94015
126.0074,83.25612
126.0114,80.65505
126.0153,78.25836
126.0193,75.93447
126.0232,73.79152
126.0272,71.71167
126.0311,69.79165
126.0351,67.92589
126.039,66.20126
126.043,64.52307
126.0469,62.96961
126.0509,61.45577
126.0548,60.05236
126.0588,58.68271
126.0627,57.41107
126.0667,56.16814
126.0706,55.01243
126.0746,53.88115
126.0785,52.8277
126.0824,51.82028
126.0863,50.85621
126.0903,49.90984
126.0942,49.02612
126.1021,47.34519
126.11,45.79723
126.1179,44.36814
126.1258,43.04562
126.1337,41.81892
126.1416,40.67858
126.1494,39.6293
126.1573,38.63691
126.1652,37.70885
126.1731,36.83937
126.181,36.02334
126.1889,35.2562
126.1968,34.53387
126.2047,33.8527
126.2125,33.21732
126.2204,32.6085
126.2283,32.03197
126.2362,31.48531
126.2441,30.96634
126.252,30.47306
126.2599,30.00368
126.2678,29.55654
126.2757,29.13016
126.2836,28.72314
126.2915,28.33425
126.2994,27.96232
126.3073,27.6063
126.3152,27.26521
126.3231,26.93814
126.3388,26.32657
126.3546,25.75792
126.3704,25.23114
126.3862,24.74184
126.4019,24.28899
126.4177,23.86353
126.4335,23.46552
126.4493,23.09241
126.465,22.74411
126.4808,22.41419
126.4966,22.10318
126.5124,21.80949
126.5282,21.53173
126.544,21.26861
126.5598,21.01903
126.5756,20.78194
126.5913,20.55784
126.6071,20.34302
126.6229,20.13819
126.6387,19.94267
126.6544,19.75699
126.6702,19.57821
126.686,19.40702
126.7018,19.24293
126.7175,19.08648
126.7333,18.93527
126.7491,18.78996
126.7807,18.51563
126.8123,18.26105
126.8438,18.02482
126.8754,17.80362
126.9069,17.5973
126.9385,17.40315
126.97,17.22121
127.0016,17.04928
127.0332,16.887
127.0648,16.73354
127.0963,16.58862
127.1279,16.45067
127.1594,16.31996
127.191,16.19514
127.2225,16.07654
127.2541,15.96296
127.2857,15.85441
127.3173,15.75053
127.3488,15.65132
127.3804,15.55585
127.4119,15.46447
127.4435,15.37634
127.475,15.29181
127.5066,15.21014
127.5382,15.13141
127.6013,14.98233
127.6644,14.84307
127.7275,14.7126
127.7907,14.5898
127.8538,14.47429
127.9169,14.36519
127.98,14.2619
128.0432,14.16374
128.1063,14.07056
128.1694,13.9818
128.2325,13.89709
128.2957,13.81598
128.3588,13.73844
128.4219,13.66408
128.485,13.59266
128.5482,13.52388
128.6113,13.45774
128.6744,13.39398
128.7375,13.33243
128.8638,13.21533
128.99,13.10562
129.1163,13.00229
129.2425,12.90478
129.3688,12.81233
129.495,12.72457
129.6213,12.64091
129.7475,12.5611
129.8737,12.48472
129.9999,12.41148
130.0001,10.22723
140.0001,10.11683
150.0,10.01512
160.0,9.919209
170.0,9.829952
185.0,9.704617
200.0,9.590475
212.5,9.500819
225.0,9.417056
237.5,9.338504
250.0,9.264587
262.5,9.19347
275.0,9.126171
287.5,9.062324
300.0,9.001614
325.0,8.886308
350.0,8.780869
375.0,8.682857
400.0,8.592163
425.0,8.506714
450.0,8.42693
475.0,8.352149
500.0,8.281818
525.0,8.213714
550.0,8.1493
575.0,8.088221
600.0,8.030172
630.0,7.964715
660.0,7.9028
690.0,7.844087
720.0,7.788283
760.0,7.717787
800.0,7.651498
850.0,7.573725
900.0,7.501122
950.0,7.433087
1000.0,7.369113
1062.5,7.294167
1125.0,7.224204
1187.5,7.158642
1250.0,7.096994
1312.5,7.039157
1375.0,6.984451
1437.5,6.932574
1500.0,6.883266
1600.0,6.809482
1700.0,6.740894
1775.0,6.69284
1850.0,6.647097
2000.0,6.561773
2125.0,6.496994
2250.0,6.436505
2375.0,6.379806
2500.0,6.326477
2625.0,6.277009
2750.0,6.230203
2875.0,6.185804
3000.0,6.143591
3250.0,6.066238
3500.0,5.995489
3750.0,5.931445
4000.0,5.872155
4250.0,5.818396
4500.0,5.768161
4750.0,5.721042
5000.0,5.676697
5250.0,5.636103
5500.0,5.597669
6000.0,5.526483
6500.0,5.464057
7000.0,5.406888
7500.0,5.355865
8000.0,5.308572
8500.0,5.266482
9000.0,5.227104
9500.0,5.190126
10000.0,5.155288
10625.0,5.117107
11250.0,5.081369
12500.0,5.016144
13750.0,4.96192
15000.0,4.912929
16000.0,4.879
17000.0,4.847343
18500.0,4.806403
20000.0,4.768962
22500.0,4.71847
25000.0,4.673756
27500.0,4.637859
30000.0,4.605329
32500.0,4.578398
35000.0,4.553605
37500.0,4.532813
40000.0,4.513449
45000.0,4.481745
50000.0,4.453573
55000.0,4.430927
60000.0,4.410354
65000.0,4.392718
70000.0,4.376453
75000.0,4.362041
80000.0,4.348603
89999.95,4.32432
99999.9,4.302713
100000.1,4.30781
112500.1,4.341478
125000.1,4.371817
137500.1,4.399445
150000.0,4.42482
175000.0,4.506931
200000.0,4.57929
250000.0,4.74788
300000.0,4.92014
342038.3,5.074689
384076.5,5.215337
468153.0,5.46459
469127.3,5.465775
470101.5,5.466959
472050.0,5.469318
475947.0,5.474012
479844.0,5.478671
483741.0,5.483296
491535.0,5.492448
499329.0,5.50147
500000.0,5.50223
512500.0,5.527515
525000.0,5.552303
537500.0,5.576614
550000.0,5.60047
562500.0,5.623888
575000.0,5.646886
587500.0,5.66948
600000.0,5.691686
612500.0,5.713519
625000.0,5.734992
637500.0,5.756118
650000.0,5.776909
662500.0,5.797377
675000.0,5.817533
687500.0,5.837387
700000.0,5.85695
712500.0,5.875859
725000.0,5.894498
737500.0,5.912877
750000.0,5.931002
762500.0,5.948882
775000.0,5.966523
787500.0,5.983934
800000.0,6.00112
812500.0,6.015973
825000.0,6.030635
837500.0,6.045111
850000.0,6.059407
862500.0,6.073527
875000.0,6.087477
887500.0,6.101259
900000.0,6.11488
912500.0,6.125597
925000.0,6.136187
937500.0,6.146652
950000.0,6.156996
962500.0,6.167222
975000.0,6.177333
987500.0,6.187332
1000000.0,6.19722
1021460.0,6.21027
1039590.0,6.22115
1042610.0,6.220989
1045630.0,6.220829
1051669.0,6.220509
1063748.0,6.219875
1075827.0,6.219249
1087905.0,6.21863
1099984.0,6.218017
1112063.0,6.217412
1136220.0,6.21622
1136224.0,6.216219
1139780.0,6.215724
1143335.0,6.21523
1150445.0,6.214247
1157555.0,6.21327
1164665.0,6.212299
1178888.0,6.210375
1193110.0,6.208475
1207333.0,6.206598
1221555.0,6.204744
1235778.0,6.202911
1250000.0,6.2011
1265625.0,6.191419
1281250.0,6.181871
1296875.0,6.172454
1312500.0,6.163164
1328125.0,6.153997
1343750.0,6.144951
1359375.0,6.136022
1375000.0,6.127209
1390625.0,6.118507
1406250.0,6.109915
1421875.0,6.101429
1437500.0,6.093048
1453125.0,6.084769
1468750.0,6.076589
1484375.0,6.068507
1500000.0,6.06052
1514490.0,6.04851
1514494.0,6.048506
1518627.0,6.043945
1522760.0,6.0394
1528258.0,6.032441
1533756.0,6.025515
1544752.0,6.011761
1555748.0,5.998135
1566743.0,5.984637
1588734.0,5.958011
1610725.0,5.931868
1632717.0,5.90619
1654708.0,5.880966
1676699.0,5.85618
1698690.0,5.83182
1698692.0,5.831817
1704183.0,5.82348
1709674.0,5.815182
1720656.0,5.798701
1731638.0,5.782371
1742620.0,5.76619
1742626.0,5.766181
1746313.0,5.760512
1750000.0,5.75486
1774698.0,5.716628
1799395.0,5.679175
1824093.0,5.642472
1848790.0,5.606496
1873488.0,5.571221
1898185.0,5.536627
1922883.0,5.502689
1947580.0,5.46939
1947581.0,5.469388
1954134.0,5.45912
1960686.0,5.448906
1973791.0,5.428636
1986896.0,5.408575
2000000.0,5.38872
2006740.0,5.378744
2013480.0,5.36882
2013481.0,5.368818
2020736.0,5.357103
2027990.0,5.345456
2035245.0,5.333875
2042500.0,5.32236
2042501.0,5.322358
2047364.0,5.314487
2052226.0,5.306648
2061950.0,5.29106
2069279.0,5.274287
2076608.0,5.257626
2083937.0,5.241077
2091265.0,5.224639
2098594.0,5.208308
2105922.0,5.192087
2113251.0,5.17597
2120579.0,5.159961
2127908.0,5.144055
2135236.0,5.128254
2142565.0,5.112553
2149893.0,5.096956
2157222.0,5.081457
2164550.0,5.06606
2171879.0,5.050759
2179207.0,5.035558
2186536.0,5.020451
2193864.0,5.005442
2201193.0,4.990525
2208521.0,4.975705
2215850.0,4.960975
2223178.0,4.946339
2230507.0,4.931793
2237835.0,4.917338
2245164.0,4.902971
2252492.0,4.888695
2259821.0,4.874505
2267149.0,4.860403
2274478.0,4.846386
2281806.0,4.832455
2289135.0,4.818608
2296463.0,4.804846
2303792.0,4.791165
2311120.0,4.777568
2318449.0,4.764051
2325777.0,4.750616
2333106.0,4.73726
2340434.0,4.723984
2347763.0,4.710786
2355091.0,4.697667
2362420.0,4.684623
2369748.0,4.671657
2377077.0,4.658766
2384405.0,4.645951
2391734.0,4.633209
2399062.0,4.620543
2406391.0,4.607948
2413719.0,4.595427
2421048.0,4.582976
2428376.0,4.570598
2435705.0,4.558289
2443033.0,4.546052
2450362.0,4.533882
2457690.0,4.521783
2465019.0,4.50975
2472347.0,4.497787
2479676.0,4.485889
2487004.0,4.474059
2494333.0,4.462293
2501661.0,4.450594
2508990.0,4.438958
2516318.0,4.427389
2523647.0,4.415881
2530975.0,4.404438
2538304.0,4.393056
2545633.0,4.381736
2552962.0,4.370478
2560290.0,4.359282
2567619.0,4.348145
2574947.0,4.33707
2582276.0,4.326053
2589604.0,4.315097
2596933.0,4.304197
2604261.0,4.293358
2611590.0,4.282574
2618918.0,4.271849
2626247.0,4.26118
2633575.0,4.250568
2640904.0,4.24001
2648232.0,4.229509
2655561.0,4.219062
2662889.0,4.208671
2670218.0,4.198332
2677546.0,4.188049
2684875.0,4.177817
2692203.0,4.167639
2699532.0,4.157512
2706860.0,4.147439
2714189.0,4.137416
2721517.0,4.127445
2728846.0,4.117524
2736174.0,4.107654
2743503.0,4.097833
2750831.0,4.088063
2758160.0,4.078341
2765488.0,4.068669
2772817.0,4.059044
2780145.0,4.049468
2787474.0,4.039939
2794802.0,4.030459
2802131.0,4.021024
2809459.0,4.011637
2816788.0,4.002295
2824116.0,3.993001
2831445.0,3.98375
2838773.0,3.974547
2846102.0,3.965387
2853430.0,3.956272
2860759.0,3.947201
2868087.0,3.938175
2875416.0,3.929191
2882744.0,3.920252
2890073.0,3.911354
2897401.0,3.902501
2904730.0,3.893688
2912058.0,3.884919
2919387.0,3.87619
2926715.0,3.867504
2934044.0,3.858858
2941372.0,3.850254
2948701.0,3.841689
2956029.0,3.833165
2963358.0,3.824681
2970686.0,3.816237
2978015.0,3.807831
2985343.0,3.799466
2992672.0,3.791138
3000000.0,3.78285
3007813.0,3.771771
3015625.0,3.760754
3023438.0,3.749796
3031250.0,3.738899
3039063.0,3.728061
3046875.0,3.717284
3054688.0,3.706563
3062500.0,3.695903
3070313.0,3.685298
3078125.0,3.674752
3085938.0,3.664262
3093750.0,3.653829
3101563.0,3.643451
3109375.0,3.63313
3117188.0,3.622862
3125000.0,3.61265
3132813.0,3.602491
3140625.0,3.592388
3148438.0,3.582336
3156250.0,3.572338
3164063.0,3.562392
3171875.0,3.552499
3179688.0,3.542657
3187500.0,3.532867
3195313.0,3.523127
3203125.0,3.513438
3210938.0,3.503799
3218750.0,3.49421
3226563.0,3.48467
3234375.0,3.47518
3242188.0,3.465737
3250000.0,3.456344
3257813.0,3.446998
3265625.0,3.4377
3273438.0,3.428448
3281250.0,3.419245
3289063.0,3.410086
3296875.0,3.400976
3304688.0,3.391909
3312500.0,3.38289
3320313.0,3.373914
3328125.0,3.364984
3335938.0,3.356098
3343750.0,3.347257
3351563.0,3.338459
3359375.0,3.329705
3367188.0,3.320993
3375000.0,3.312326
3382813.0,3.3037
3390625.0,3.295117
3398438.0,3.286575
3406250.0,3.278076
3414063.0,3.269618
3421875.0,3.261201
3429688.0,3.252824
3437500.0,3.244489
3445313.0,3.236193
3453125.0,3.227938
3460938.0,3.219721
3468750.0,3.211545
3476563.0,3.203407
3484375.0,3.195309
3492188.0,3.187248
3500000.0,3.179226
3507813.0,3.171242
3515625.0,3.163296
3523438.0,3.155387
3531250.0,3.147516
3539063.0,3.139681
3546875.0,3.131884
3554688.0,3.124122
3562500.0,3.116397
3570313.0,3.108708
3578125.0,3.101055
3585938.0,3.093436
3593750.0,3.085854
3601563.0,3.078306
3609375.0,3.070793
3617188.0,3.063314
3625000.0,3.05587
3632813.0,3.04846
3640625.0,3.041084
3648438.0,3.033741
3656250.0,3.026432
3664063.0,3.019155
3671875.0,3.011913
3679688.0,3.004702
3687500.0,2.997524
3695313.0,2.990378
3703125.0,2.983265
3710938.0,2.976182
3718750.0,2.969133
3726563.0,2.962114
3734375.0,2.955127
3742188.0,2.94817
3750000.0,2.941245
3757813.0,2.934349
3765625.0,2.927485
3773438.0,2.92065
3781250.0,2.913846
3789063.0,2.907072
3796875.0,2.900327
3804688.0,2.893612
3812500.0,2.886926
3820313.0,2.880269
3828125.0,2.873641
3835938.0,2.867041
3843750.0,2.860471
3851563.0,2.853928
3859375.0,2.847414
3867188.0,2.840928
3875000.0,2.83447
3882813.0,2.828038
3890625.0,2.821636
3898438.0,2.815259
3906250.0,2.808911
3914063.0,2.802588
3921875.0,2.796294
3929688.0,2.790025
3937500.0,2.783783
3945313.0,2.777567
3953125.0,2.771378
3960938.0,2.765214
3968750.0,2.759076
3976563.0,2.752964
3984375.0,2.746877
3992188.0,2.740816
4000000.0,2.73478
4007813.0,2.729815
4015625.0,2.724869
4023438.0,2.719942
4031250.0,2.715033
4039063.0,2.710142
4046875.0,2.70527
4054688.0,2.700415
4062500.0,2.695579
4070313.0,2.690761
4078125.0,2.68596
4085938.0,2.681177
4093750.0,2.676413
4101563.0,2.671665
4109375.0,2.666935
4117188.0,2.662222
4125000.0,2.657526
4132813.0,2.652848
4140625.0,2.648186
4148438.0,2.643542
4156250.0,2.638914
4164063.0,2.634303
4171875.0,2.629709
4179688.0,2.625131
4187500.0,2.620571
4195313.0,2.616026
4203125.0,2.611498
4210938.0,2.606985
4218750.0,2.60249
4226563.0,2.598009
4234375.0,2.593546
4242188.0,2.589097
4250000.0,2.584665
4257813.0,2.580248
4265625.0,2.575848
4273438.0,2.571462
4281250.0,2.567092
4289063.0,2.562737
4296875.0,2.558398
4304688.0,2.554074
4312500.0,2.549765
4320313.0,2.545471
4328125.0,2.541192
4335938.0,2.536928
4343750.0,2.532679
4351563.0,2.528444
4359375.0,2.524224
4367188.0,2.520019
4375000.0,2.515828
4382813.0,2.511652
4390625.0,2.50749
4398438.0,2.503342
4406250.0,2.499209
4414063.0,2.495089
4421875.0,2.490984
4429688.0,2.486892
4437500.0,2.482815
4445313.0,2.478751
4453125.0,2.474702
4460938.0,2.470665
4468750.0,2.466643
4476563.0,2.462634
4484375.0,2.458639
4492188.0,2.454656
4500000.0,2.450688
4507813.0,2.446732
4515625.0,2.44279
4523438.0,2.438861
4531250.0,2.434945
4539063.0,2.431042
4546875.0,2.427152
4554688.0,2.423275
4562500.0,2.419411
4570313.0,2.415559
4578125.0,2.411721
4585938.0,2.407894
4593750.0,2.404081
4601563.0,2.400279
4609375.0,2.396491
4617188.0,2.392714
4625000.0,2.388951
4632813.0,2.385199
4640625.0,2.381459
4648438.0,2.377732
4656250.0,2.374017
4664063.0,2.370313
4671875.0,2.366622
4679688.0,2.362942
4687500.0,2.359275
4695313.0,2.355619
4703125.0,2.351975
4710938.0,2.348343
4718750.0,2.344722
4726563.0,2.341113
4734375.0,2.337515
4742188.0,2.333929
4750000.0,2.330354
4757813.0,2.32679
4765625.0,2.323238
4773438.0,2.319697
4781250.0,2.316167
4789063.0,2.312648
4796875.0,2.309141
4804688.0,2.305644
4812500.0,2.302158
4820313.0,2.298683
4828125.0,2.29522
4835938.0,2.291766
4843750.0,2.288324
4851563.0,2.284892
4859375.0,2.281472
4867188.0,2.278061
4875000.0,2.274661
4882813.0,2.271272
4890625.0,2.267893
4898438.0,2.264524
4906250.0,2.261167
4914063.0,2.257819
4921875.0,2.254481
4929688.0,2.251154
4937500.0,2.247837
4945313.0,2.24453
4953125.0,2.241233
4960938.0,2.237946
4968750.0,2.234669
4976563.0,2.231402
4984375.0,2.228145
4992188.0,2.224897
5000000.0,2.22166
5006432.0,2.220408
5012863.0,2.219158
5019294.0,2.217911
5025725.0,2.216666
5032156.0,2.215423
5038587.0,2.214182
5045018.0,2.212944
5051449.0,2.211708
5057881.0,2.210474
5064312.0,2.209243
5070743.0,2.208014
5077174.0,2.206787
5083605.0,2.205562
5090036.0,2.20434
5096467.0,2.203119
5102898.0,2.201901
5109330.0,2.200685
5115761.0,2.199472
5122192.0,2.19826
5128623.0,2.197051
5135054.0,2.195844
5141485.0,2.194639
5147916.0,2.193436
5154347.0,2.192236
5160778.0,2.191037
5167209.0,2.189841
5173640.0,2.188647
5180071.0,2.187455
5186502.0,2.186265
5192933.0,2.185077
5199364.0,2.183891
5205795.0,2.182708
5212227.0,2.181526
5218658.0,2.180347
5225089.0,2.17917
5231520.0,2.177994
5237951.0,2.176821
5244382.0,2.17565
5250813.0,2.174481
5257244.0,2.173314
5263676.0,2.172149
5270107.0,2.170987
5276538.0,2.169826
5282969.0,2.168667
5289400.0,2.16751
5295831.0,2.166356
5302262.0,2.165203
5308693.0,2.164052
5315125.0,2.162903
5321556.0,2.161757
5327987.0,2.160612
5334418.0,2.159469
5340849.0,2.158329
5347280.0,2.15719
5353711.0,2.156053
5360142.0,2.154918
5366573.0,2.153786
5373004.0,2.152655
5379435.0,2.151526
5385866.0,2.150399
5392297.0,2.149274
5398728.0,2.148151
5405159.0,2.147029
5411590.0,2.14591
5418797.0,2.144644
5426003.0,2.14338
5433209.0,2.142119
5440415.0,2.140861
5447622.0,2.139604
5454828.0,2.138351
5462034.0,2.137099
5469240.0,2.13585
5485827.0,2.132941
5502413.0,2.130045
5518999.0,2.127162
5535585.0,2.124291
5552172.0,2.121433
5568758.0,2.118587
5585344.0,2.115753
5601930.0,2.112931
5618517.0,2.110122
5635103.0,2.107324
5651689.0,2.104539
5668275.0,2.101765
5684862.0,2.099003
5701448.0,2.096253
5718034.0,2.093514
5734620.0,2.090787
5751207.0,2.088071
5767793.0,2.085366
5784379.0,2.082673
5800965.0,2.079991
5817552.0,2.07732
5834138.0,2.07466
5850724.0,2.072011
5867310.0,2.069373
5883897.0,2.066745
5900483.0,2.064129
5917069.0,2.061523
5933655.0,2.058927
5950242.0,2.056342
5966828.0,2.053768
5983414.0,2.051204
6000000.0,2.04865
6018539.0,2.049284
6037077.0,2.049917
6055615.0,2.050547
6074153.0,2.051176
6092691.0,2.051803
6111229.0,2.052429
6129767.0,2.053053
6148305.0,2.053675
6166844.0,2.054295
6185382.0,2.054914
6203920.0,2.055531
6222458.0,2.056146
6240996.0,2.05676
6259534.0,2.057372
6278072.0,2.057983
6296610.0,2.058591
6315149.0,2.059199
6333687.0,2.059804
6352225.0,2.060408
6370763.0,2.061011
6389301.0,2.061612
6407839.0,2.062211
6426377.0,2.062809
6444915.0,2.063405
6463454.0,2.064
6481992.0,2.064593
6500530.0,2.065184
6519068.0,2.065775
6537606.0,2.066363
6556144.0,2.06695
6574682.0,2.067536
6593220.0,2.06812
6618644.0,2.068826
6644068.0,2.06953
6669492.0,2.070231
6694915.0,2.070929
6720339.0,2.071626
6745763.0,2.072319
6771187.0,2.073011
6796610.0,2.0737
6822034.0,2.074387
6847458.0,2.075071
6872882.0,2.075753
6898305.0,2.076433
6923729.0,2.077111
6949153.0,2.077786
6974577.0,2.078459
7000000.0,2.07913
7023106.0,2.081656
7046212.0,2.084176
7069318.0,2.086691
7092423.0,2.089201
7115529.0,2.091706
7138634.0,2.094206
7161740.0,2.0967
7184845.0,2.09919
7207951.0,2.101674
7231057.0,2.104154
7254163.0,2.106628
7277268.0,2.109097
7300374.0,2.111562
7323479.0,2.114021
7346585.0,2.116476
7369690.0,2.118926
7392796.0,2.121371
7415902.0,2.123811
7439008.0,2.126246
7462113.0,2.128677
7485219.0,2.131103
7508324.0,2.133524
7531430.0,2.13594
7554535.0,2.138352
7577641.0,2.140759
7600747.0,2.143161
7623853.0,2.145559
7646958.0,2.147953
7670064.0,2.150341
7693169.0,2.152725
7716275.0,2.155105
7739380.0,2.15748
7747525.0,2.158242
7755669.0,2.159003
7763814.0,2.159764
7771958.0,2.160524
7780103.0,2.161284
7788247.0,2.162043
7796391.0,2.162802
7804535.0,2.16356
7812680.0,2.164318
7820824.0,2.165075
7828969.0,2.165831
7837113.0,2.166587
7845258.0,2.167343
7853402.0,2.168098
7861546.0,2.168852
7869690.0,2.169606
7877835.0,2.17036
7885979.0,2.171113
7894124.0,2.171865
7902268.0,2.172617
7910413.0,2.173369
7918557.0,2.174119
7926701.0,2.17487
7934845.0,2.17562
7942990.0,2.176369
7951134.0,2.177118
7959279.0,2.177866
7967423.0,2.178614
7975568.0,2.179361
7983712.0,2.180108
7991856.0,2.180854
8000000.0,2.1816
8008269.0,2.182595
8016538.0,2.18359
8024807.0,2.184584
8033075.0,2.185578
8041344.0,2.186571
8049612.0,2.187563
8057881.0,2.188555
8066149.0,2.189546
8074418.0,2.190537
8082687.0,2.191528
8090956.0,2.192517
8099224.0,2.193506
8107493.0,2.194495
8115761.0,2.195483
8124030.0,2.19647
8132298.0,2.197457
8140567.0,2.198443
8148836.0,2.199429
8157105.0,2.200414
8165373.0,2.201398
8173642.0,2.202382
8181910.0,2.203366
8190179.0,2.204349
8198447.0,2.205331
8206716.0,2.206313
8214984.0,2.207294
8223253.0,2.208275
8231521.0,2.209255
8239790.0,2.210234
8248058.0,2.211213
8256327.0,2.212192
8264595.0,2.21317
8272864.0,2.214147
8281133.0,2.215124
8289402.0,2.2161
8297670.0,2.217076
8305939.0,2.218051
8314207.0,2.219026
8322476.0,2.22
8330744.0,2.220974
8339013.0,2.221947
8347282.0,2.222919
8355551.0,2.223891
8363819.0,2.224863
8372088.0,2.225834
8380356.0,2.226804
8388625.0,2.227774
8396893.0,2.228743
8405162.0,2.229712
8413431.0,2.23068
8421700.0,2.231648
8429968.0,2.232615
8438237.0,2.233582
8446505.0,2.234548
8454774.0,2.235513
8463042.0,2.236478
8471311.0,2.237443
8479579.0,2.238407
8487848.0,2.239371
8496116.0,2.240333
8504385.0,2.241296
8512653.0,2.242258
8520922.0,2.243219
8529190.0,2.24418
8536547.0,2.244957
8543903.0,2.245734
8551260.0,2.24651
8558616.0,2.247286
8565973.0,2.248062
8573329.0,2.248837
8580686.0,2.249612
8588042.0,2.250386
8595399.0,2.25116
8602755.0,2.251933
8610112.0,2.252707
8617468.0,2.253479
8624825.0,2.254252
8632181.0,2.255024
8639537.0,2.255795
8646893.0,2.256566
8654250.0,2.257337
8661606.0,2.258107
8668963.0,2.258877
8676319.0,2.259647
8683676.0,2.260416
8691032.0,2.261185
8698388.0,2.261953
8705744.0,2.262721
8713101.0,2.263489
8720457.0,2.264256
8727814.0,2.265023
8735170.0,2.26579
8742527.0,2.266556
8749883.0,2.267322
8757239.0,2.268087
8764595.0,2.268852
8771952.0,2.269616
8779308.0,2.27038
8786665.0,2.271144
8794021.0,2.271908
8801378.0,2.272671
8808734.0,2.273433
8816091.0,2.274196
8823447.0,2.274958
8830804.0,2.275719
8838160.0,2.27648
8845517.0,2.277241
8852873.0,2.278001
8860230.0,2.278761
8867586.0,2.279521
8874942.0,2.28028
8882298.0,2.281039
8889655.0,2.281798
8897011.0,2.282556
8904368.0,2.283313
8911724.0,2.284071
8919081.0,2.284828
8926437.0,2.285584
8933793.0,2.286341
8941149.0,2.287096
8948506.0,2.287852
8955862.0,2.288607
8963219.0,2.289362
8970575.0,2.290116
8977932.0,2.29087
8985288.0,2.291624
8992644.0,2.292377
9000000.0,2.29313
9006860.0,2.293917
9013720.0,2.294703
9020580.0,2.295489
9027440.0,2.296275
9034300.0,2.29706
9041160.0,2.297845
9048020.0,2.29863
9054880.0,2.299414
9061740.0,2.300198
9068600.0,2.300982
9075460.0,2.301765
9082320.0,2.302548
9089180.0,2.303331
9096040.0,2.304113
9102900.0,2.304896
9109759.0,2.305677
9116619.0,2.306459
9123479.0,2.30724
9130339.0,2.308021
9137199.0,2.308801
9144059.0,2.309581
9150919.0,2.310361
9157779.0,2.311141
9164639.0,2.31192
9171499.0,2.312699
9178359.0,2.313477
9185219.0,2.314255
9192079.0,2.315033
9198939.0,2.315811
9205799.0,2.316588
9212659.0,2.317365
9219518.0,2.318142
9226378.0,2.318918
9233238.0,2.319694
9240098.0,2.32047
9246958.0,2.321245
9253818.0,2.32202
9260678.0,2.322795
9267538.0,2.323569
9274398.0,2.324343
9281258.0,2.325117
9288118.0,2.325891
9294978.0,2.326664
9301838.0,2.327437
9308698.0,2.328209
9315558.0,2.328981
9322418.0,2.329753
9329277.0,2.330525
9336137.0,2.331296
9342997.0,2.332067
9349857.0,2.332838
9356717.0,2.333608
9363577.0,2.334378
9370437.0,2.335148
9377297.0,2.335917
9384156.0,2.336686
9391016.0,2.337455
9397876.0,2.338223
9404736.0,2.338992
9411596.0,2.339759
9418456.0,2.340527
9425316.0,2.341294
9432176.0,2.342061
9439035.0,2.342828
9445895.0,2.343594
9452755.0,2.34436
9459615.0,2.345126
9466475.0,2.345891
9473335.0,2.346656
9480195.0,2.347421
9487055.0,2.348186
9493915.0,2.34895
9500775.0,2.349714
9507635.0,2.350477
9514495.0,2.351241
9521355.0,2.352004
9528215.0,2.352766
9535075.0,2.353529
9541935.0,2.354291
9548794.0,2.355053
9555654.0,2.355814
9562514.0,2.356575
9569374.0,2.357336
9576234.0,2.358097
9583094.0,2.358857
9589954.0,2.359617
9596814.0,2.360377
9603674.0,2.361136
9610534.0,2.361895
9617394.0,2.362654
9624254.0,2.363412
9631114.0,2.364171
9637974.0,2.364928
9644834.0,2.365686
9651694.0,2.366443
9658553.0,2.3672
9665413.0,2.367957
9672273.0,2.368713
9679133.0,2.36947
9685993.0,2.370225
9692853.0,2.370981
9699713.0,2.371736
9706573.0,2.372491
9713433.0,2.373246
9720293.0,2.374
9727153.0,2.374754
9734013.0,2.375508
9740873.0,2.376261
9747733.0,2.377015
9754593.0,2.377768
9761453.0,2.37852
9768312.0,2.379272
9775172.0,2.380024
9782032.0,2.380776
9788892.0,2.381528
9795752.0,2.382279
9802612.0,2.38303
9809472.0,2.38378
9816332.0,2.384531
9823191.0,2.38528
9830051.0,2.38603
9836911.0,2.38678
9843771.0,2.387529
9850631.0,2.388278
9857491.0,2.389026
9864351.0,2.389774
9871211.0,2.390522
9878070.0,2.39127
9885691.0,2.392045
9893312.0,2.39282
9900933.0,2.393594
9908553.0,2.394368
9916174.0,2.395142
9923794.0,2.395915
9931415.0,2.396688
9939035.0,2.397461
9946656.0,2.398233
9954277.0,2.399005
9961898.0,2.399777
9969518.0,2.400548
9977139.0,2.401319
9984759.0,2.40209
9992380.0,2.40286
10000000.0,2.40363
10007630.0,2.405829
10015260.0,2.408028
10022890.0,2.410228
10030510.0,2.412425
10038140.0,2.414625
10045770.0,2.416826
10053400.0,2.419026
10061020.0,2.421225
10068650.0,2.423426
10076280.0,2.425628
10083910.0,2.427831
10091530.0,2.43003
10099160.0,2.432233
10106780.0,2.434433
10114410.0,2.436637
10122030.0,2.438838
10129660.0,2.441042
10137290.0,2.443247
10144920.0,2.445452
10152540.0,2.447654
10160170.0,2.449859
10167790.0,2.452062
10175420.0,2.454269
10183040.0,2.456472
10190670.0,2.458679
10198300.0,2.460886
10205930.0,2.463094
10213550.0,2.465299
10221180.0,2.467507
10228800.0,2.469712
10236430.0,2.471921
10244050.0,2.474128
10251680.0,2.476337
10259310.0,2.478547
10266940.0,2.480757
10274560.0,2.482965
10282190.0,2.485175
10289820.0,2.487386
10297450.0,2.489598
10305070.0,2.491807
10312700.0,2.494019
10320330.0,2.496231
10327960.0,2.498444
10335580.0,2.500654
10343210.0,2.502867
10350830.0,2.505078
10358460.0,2.507292
10366080.0,2.509504
10373710.0,2.511718
10381340.0,2.513933
10388970.0,2.516149
10396590.0,2.518362
10404220.0,2.520578
10411840.0,2.522791
10419470.0,2.525008
10427090.0,2.527222
10434720.0,2.529439
10442350.0,2.531656
10449980.0,2.533874
10457600.0,2.53609
10465230.0,2.538308
10472850.0,2.540524
10480480.0,2.542743
10488100.0,2.54496
10496100.0,2.547114
10504100.0,2.549269
10512100.0,2.551424
10520100.0,2.553579
10528100.0,2.555734
10536100.0,2.557889
10544100.0,2.560044
10552090.0,2.562197
10560090.0,2.564353
10568090.0,2.566509
10576090.0,2.568665
10584090.0,2.570821
10592090.0,2.572978
10600090.0,2.575135
10608090.0,2.577291
10616080.0,2.579446
10624080.0,2.581603
10632080.0,2.58376
10640080.0,2.585918
10648080.0,2.588076
10656080.0,2.590234
10664080.0,2.592392
10672080.0,2.59455
10680070.0,2.596706
10688070.0,2.598865
10696070.0,2.601023
10704070.0,2.603182
10712060.0,2.605339
10720060.0,2.607498
10728060.0,2.609658
10736060.0,2.611817
10744050.0,2.613975
10752050.0,2.616135
10760050.0,2.618295
10768050.0,2.620455
10776050.0,2.622616
10784050.0,2.624777
10792050.0,2.626938
10800050.0,2.629099
10808040.0,2.631257
10816040.0,2.633419
10824040.0,2.63558
10832040.0,2.637742
10840040.0,2.639904
10848040.0,2.642066
10856040.0,2.644229
10864040.0,2.646391
10872030.0,2.648551
10880030.0,2.650714
10888030.0,2.652877
10896030.0,2.65504
10904030.0,2.657204
10912030.0,2.659367
10920030.0,2.661531
10928030.0,2.663695
10936020.0,2.665856
10944020.0,2.668021
10952020.0,2.670185
10960020.0,2.67235
10968010.0,2.674512
10976010.0,2.676677
10984010.0,2.678842
10992010.0,2.681007
11000000.0,2.68317
11007650.0,2.682567
11015290.0,2.681964
11022930.0,2.681363
11030570.0,2.680762
11038220.0,2.680161
11045860.0,2.679561
11053500.0,2.678962
11061140.0,2.678363
11068790.0,2.677764
11076430.0,2.677166
11084070.0,2.676569
11091710.0,2.675972
11099360.0,2.675375
11107000.0,2.67478
11114640.0,2.674185
11122280.0,2.67359
11129930.0,2.672996
11137570.0,2.672402
11145210.0,2.67181
11152850.0,2.671217
11160500.0,2.670625
11168140.0,2.670034
11175780.0,2.669443
11183420.0,2.668853
11191070.0,2.668262
11198710.0,2.667673
11206350.0,2.667085
11213990.0,2.666497
11221630.0,2.665909
11229270.0,2.665322
11236910.0,2.664736
11244550.0,2.66415
11252200.0,2.663564
11259840.0,2.662979
11267480.0,2.662395
11275120.0,2.661811
11282770.0,2.661227
11290410.0,2.660644
11298050.0,2.660062
11305690.0,2.65948
11313340.0,2.658898
11320980.0,2.658318
11328620.0,2.657738
11336260.0,2.657158
11343910.0,2.656578
11351550.0,2.656
11359190.0,2.655421
11366830.0,2.654844
11374480.0,2.654266
11382120.0,2.65369
11389760.0,2.653114
11397400.0,2.652538
11405050.0,2.651962
11412690.0,2.651388
11420330.0,2.650814
11427970.0,2.65024
11435620.0,2.649667
11443260.0,2.649094
11450900.0,2.648522
11458540.0,2.647951
11466180.0,2.64738
11473820.0,2.646809
11481460.0,2.646239
11489100.0,2.64567
11497090.0,2.645049
11505070.0,2.644429
11513060.0,2.643809
11521040.0,2.64319
11529030.0,2.642571
11537010.0,2.641953
11544990.0,2.641336
11552970.0,2.64072
11560960.0,2.640103
11568940.0,2.639488
11576920.0,2.638873
11584900.0,2.638259
11592890.0,2.637645
11600870.0,2.637032
11608850.0,2.636419
11616830.0,2.635807
11624820.0,2.635195
11632800.0,2.634584
11640780.0,2.633974
11648760.0,2.633364
11656750.0,2.632754
11664730.0,2.632146
11672710.0,2.631538
11680690.0,2.63093
11688680.0,2.630323
11696660.0,2.629716
11704640.0,2.629111
11712620.0,2.628505
11720610.0,2.6279
11728590.0,2.627296
11736570.0,2.626692
11744550.0,2.626089
11752540.0,2.625486
11760520.0,2.624884
11768510.0,2.624282
11776490.0,2.623681
11784480.0,2.62308
11792460.0,2.62248
11800440.0,2.621881
11808420.0,2.621282
11816410.0,2.620683
11824390.0,2.620086
11832370.0,2.619489
11840350.0,2.618892
11848340.0,2.618296
11856320.0,2.6177
11864300.0,2.617105
11872280.0,2.616511
11880270.0,2.615916
11888250.0,2.615323
11896230.0,2.61473
11904210.0,2.614138
11912200.0,2.613545
11920180.0,2.612954
11928160.0,2.612364
11936140.0,2.611774
11944130.0,2.611183
11952110.0,2.610594
11960090.0,2.610006
11968070.0,2.609418
11976060.0,2.608829
11984040.0,2.608242
11992020.0,2.607656
12000000.0,2.60707
12007660.0,2.606924
12015320.0,2.606777
12022980.0,2.606631
12030630.0,2.606486
12038290.0,2.60634
12045940.0,2.606194
12053600.0,2.606048
12061250.0,2.605903
12068910.0,2.605757
12076570.0,2.605612
12084230.0,2.605467
12091880.0,2.605322
12099540.0,2.605177
12107190.0,2.605032
12114850.0,2.604887
12122500.0,2.604742
12130160.0,2.604598
12137820.0,2.604453
12145480.0,2.604309
12153130.0,2.604164
12160790.0,2.60402
12168440.0,2.603876
12176100.0,2.603732
12183750.0,2.603588
12191410.0,2.603444
12199070.0,2.6033
12206730.0,2.603157
12214380.0,2.603013
12222040.0,2.60287
12229690.0,2.602727
12237350.0,2.602583
12245000.0,2.60244
12252660.0,2.602297
12260320.0,2.602154
12267980.0,2.602011
12275630.0,2.601868
12283290.0,2.601726
12290940.0,2.601583
12298600.0,2.601441
12306250.0,2.601298
12313910.0,2.601156
12321570.0,2.601014
12329230.0,2.600872
12336880.0,2.60073
12344540.0,2.600588
12352190.0,2.600446
12359850.0,2.600304
12367500.0,2.600163
12375160.0,2.600021
12382820.0,2.59988
12390480.0,2.599738
12398130.0,2.599597
12405790.0,2.599456
12413440.0,2.599315
12421100.0,2.599174
12428750.0,2.599033
12436410.0,2.598893
12444070.0,2.598752
12451730.0,2.598611
12459380.0,2.598471
12467040.0,2.59833
12474690.0,2.59819
12482350.0,2.59805
12490000.0,2.59791
12497970.0,2.597749
12505940.0,2.597589
12513910.0,2.597428
12521880.0,2.597268
12529850.0,2.597108
12537820.0,2.596948
12545790.0,2.596788
12553750.0,2.596628
12561720.0,2.596468
12569690.0,2.596309
12577660.0,2.596149
12585630.0,2.59599
12593600.0,2.59583
12601570.0,2.595671
12609540.0,2.595512
12617500.0,2.595353
12625470.0,2.595194
12633440.0,2.595036
12641410.0,2.594877
12649380.0,2.594718
12657350.0,2.59456
12665320.0,2.594402
12673290.0,2.594243
12681250.0,2.594086
12689220.0,2.593928
12697190.0,2.59377
12705160.0,2.593612
12713130.0,2.593454
12721100.0,2.593297
12729070.0,2.593139
12737040.0,2.592982
12745000.0,2.592825
12752970.0,2.592668
12760940.0,2.592511
12768910.0,2.592354
12776880.0,2.592197
12784850.0,2.59204
12792820.0,2.591884
12800790.0,2.591727
12808750.0,2.591571
12816720.0,2.591415
12824690.0,2.591258
12832660.0,2.591102
12840630.0,2.590946
12848600.0,2.590791
12856570.0,2.590635
12864540.0,2.590479
12872500.0,2.590324
12880470.0,2.590168
12888440.0,2.590013
12896410.0,2.589858
12904380.0,2.589703
12912350.0,2.589548
12920320.0,2.589393
12928290.0,2.589238
12936250.0,2.589084
12944220.0,2.588929
12952190.0,2.588775
12960160.0,2.58862
12968130.0,2.588466
12976100.0,2.588312
12984070.0,2.588158
12992040.0,2.588004
13000000.0,2.58785
13007670.0,2.589086
13015340.0,2.590323
13023010.0,2.591559
13030670.0,2.592793
13038340.0,2.594029
13046010.0,2.595265
13053680.0,2.596501
13061340.0,2.597735
13069010.0,2.59897
13076680.0,2.600205
13084350.0,2.60144
13092010.0,2.602674
13099680.0,2.603909
13107350.0,2.605143
13115020.0,2.606378
13122680.0,2.607611
13130350.0,2.608845
13138020.0,2.610079
13145690.0,2.611313
13153350.0,2.612545
13161020.0,2.613779
13168690.0,2.615012
13176360.0,2.616246
13184020.0,2.617478
13191690.0,2.618711
13199360.0,2.619944
13207030.0,2.621177
13214690.0,2.622408
13222360.0,2.623641
13230020.0,2.624871
13237690.0,2.626104
13245350.0,2.627334
13253020.0,2.628566
13260690.0,2.629798
13268360.0,2.63103
13276020.0,2.63226
13283690.0,2.633492
13291360.0,2.634723
13299030.0,2.635955
13306690.0,2.637184
13314360.0,2.638415
13322030.0,2.639646
13329700.0,2.640877
13337360.0,2.642106
13345030.0,2.643336
13352700.0,2.644567
13360370.0,2.645797
13368030.0,2.647025
13375700.0,2.648255
13383370.0,2.649485
13391040.0,2.650715
13398700.0,2.651942
13406370.0,2.653172
13414040.0,2.654401
13421710.0,2.65563
13429370.0,2.656858
13437040.0,2.658087
13444710.0,2.659315
13452380.0,2.660544
13460040.0,2.661771
13467710.0,2.662999
13475370.0,2.664226
13483040.0,2.665454
13490700.0,2.66668
13498660.0,2.667911
13506620.0,2.669141
13514580.0,2.670372
13522540.0,2.671602
13530500.0,2.672832
13538460.0,2.674062
13546420.0,2.675292
13554370.0,2.67652
13562330.0,2.677749
13570290.0,2.678978
13578250.0,2.680208
13586200.0,2.681435
13594160.0,2.682664
13602120.0,2.683893
13610080.0,2.685121
13618030.0,2.686348
13625990.0,2.687576
13633950.0,2.688804
13641910.0,2.690032
13649860.0,2.691258
13657820.0,2.692486
13665780.0,2.693713
13673740.0,2.69494
13681690.0,2.696166
13689650.0,2.697393
13697610.0,2.69862
13705570.0,2.699846
13713520.0,2.701071
13721480.0,2.702298
13729440.0,2.703524
13737400.0,2.70475
13745350.0,2.705974
13753310.0,2.7072
13761270.0,2.708425
13769230.0,2.709651
13777190.0,2.710876
13785150.0,2.712101
13793110.0,2.713326
13801070.0,2.714551
13809020.0,2.715774
13816980.0,2.716998
13824940.0,2.718223
13832900.0,2.719447
13840850.0,2.720669
13848810.0,2.721893
13856770.0,2.723117
13864730.0,2.724341
13872680.0,2.725562
13880640.0,2.726786
13888600.0,2.728009
13896560.0,2.729232
13904510.0,2.730453
13912470.0,2.731676
13920430.0,2.732898
13928390.0,2.73412
13936340.0,2.735341
13944300.0,2.736563
13952260.0,2.737785
13960220.0,2.739007
13968170.0,2.740227
13976130.0,2.741448
13984090.0,2.742669
13992050.0,2.743891
14000000.0,2.74511
14015630.0,2.745375
14031250.0,2.74564
14046880.0,2.745904
14062500.0,2.746169
14078130.0,2.746433
14093750.0,2.746696
14109380.0,2.74696
14125000.0,2.747223
14140630.0,2.747486
14156250.0,2.747748
14171880.0,2.748011
14187500.0,2.748273
14203130.0,2.748535
14218750.0,2.748796
14234380.0,2.749057
14250000.0,2.749318
14265630.0,2.749579
14281250.0,2.74984
14296880.0,2.7501
14312500.0,2.75036
14328130.0,2.75062
14343750.0,2.750879
14359380.0,2.751139
14375000.0,2.751397
14390630.0,2.751656
14406250.0,2.751915
14421880.0,2.752173
14437500.0,2.752431
14453130.0,2.752689
14468750.0,2.752946
14484380.0,2.753203
14500000.0,2.75346
14532720.0,2.754893
14565430.0,2.756322
14598140.0,2.75775
14630850.0,2.759175
14663570.0,2.760597
14696280.0,2.762017
14728990.0,2.763435
14761700.0,2.76485
14791490.0,2.766566
14821280.0,2.76828
14851070.0,2.769991
14880850.0,2.771699
14910640.0,2.773405
14940430.0,2.775109
14970220.0,2.776811
15000000.0,2.77851
15015030.0,2.778669
15030060.0,2.778828
15045090.0,2.778987
15060110.0,2.779146
15075140.0,2.779305
15090170.0,2.779463
15105200.0,2.779622
15120220.0,2.77978
15135250.0,2.779938
15150280.0,2.780096
15165310.0,2.780254
15180330.0,2.780411
15195360.0,2.780569
15210380.0,2.780726
15225410.0,2.780883
15240430.0,2.78104
15255460.0,2.781197
15270490.0,2.781354
15285520.0,2.78151
15300540.0,2.781667
15315570.0,2.781823
15330590.0,2.781979
15345620.0,2.782135
15360640.0,2.782291
15375670.0,2.782447
15390700.0,2.782602
15405730.0,2.782758
15420750.0,2.782913
15435780.0,2.783068
15450800.0,2.783223
15465830.0,2.783378
15480850.0,2.783532
15495880.0,2.783687
15510910.0,2.783842
15525940.0,2.783996
15540960.0,2.78415
15555990.0,2.784304
15571020.0,2.784458
15586050.0,2.784612
15601070.0,2.784765
15616100.0,2.784919
15631130.0,2.785072
15646160.0,2.785225
15661180.0,2.785378
15676210.0,2.785531
15691230.0,2.785684
15706260.0,2.785836
15721280.0,2.785989
15736310.0,2.786141
15751340.0,2.786293
15766370.0,2.786446
15781390.0,2.786597
15796420.0,2.786749
15811440.0,2.786901
15826470.0,2.787052
15841490.0,2.787204
15856520.0,2.787355
15871550.0,2.787506
15886580.0,2.787657
15901600.0,2.787808
15916630.0,2.787959
15931650.0,2.788109
15946680.0,2.78826
15961700.0,2.78841
15971280.0,2.788513
15980850.0,2.788615
15990430.0,2.788718
16000000.0,2.78882
16031250.0,2.788116
16062500.0,2.787413
16093750.0,2.786712
16125000.0,2.786012
16156250.0,2.785314
16187500.0,2.784617
16218750.0,2.783922
16250000.0,2.783229
16281250.0,2.782536
16312500.0,2.781846
16343750.0,2.781157
16375000.0,2.780469
16406250.0,2.779783
16437500.0,2.779098
16468750.0,2.778415
16500000.0,2.777733
16531250.0,2.777053
16562500.0,2.776374
16593750.0,2.775697
16625000.0,2.775021
16656250.0,2.774347
16687500.0,2.773673
16718750.0,2.773002
16750000.0,2.772332
16781250.0,2.771663
16812500.0,2.770995
16843750.0,2.770329
16875000.0,2.769665
16906250.0,2.769001
16937500.0,2.76834
16968750.0,2.767679
17000000.0,2.76702
17027160.0,2.766582
17054320.0,2.766144
17081480.0,2.765708
17108630.0,2.765272
17135790.0,2.764837
17162940.0,2.764402
17190100.0,2.763969
17217250.0,2.763536
17244410.0,2.763104
17271570.0,2.762672
17298730.0,2.762242
17325880.0,2.761812
17353040.0,2.761383
17380190.0,2.760955
17407350.0,2.760527
17434500.0,2.7601
17434520.0,2.7601
17469870.0,2.759682
17505210.0,2.759266
17540550.0,2.758851
17575890.0,2.758436
17611240.0,2.758022
17646580.0,2.75761
17681920.0,2.757198
17717260.0,2.756787
17752610.0,2.756376
17787950.0,2.755967
17823290.0,2.755559
17858630.0,2.755151
17893980.0,2.754745
17929320.0,2.754339
17964660.0,2.753934
18000000.0,2.75353
18031250.0,2.752502
18062500.0,2.751476
18093750.0,2.750452
18125000.0,2.74943
18156250.0,2.74841
18187500.0,2.747393
18218750.0,2.746377
18250000.0,2.745364
18281250.0,2.744353
18312500.0,2.743344
18343750.0,2.742337
18375000.0,2.741332
18406250.0,2.740329
18437500.0,2.739329
18468750.0,2.73833
18500000.0,2.737333
18531250.0,2.736339
18562500.0,2.735346
18593750.0,2.734356
18625000.0,2.733367
18656250.0,2.732381
18687500.0,2.731396
18718750.0,2.730414
18750000.0,2.729433
18781250.0,2.728455
18812500.0,2.727478
18843750.0,2.726504
18875000.0,2.725531
18906250.0,2.72456
18937500.0,2.723592
18968750.0,2.722625
19000000.0,2.72166
19062500.0,2.71825
19125000.0,2.714855
19187500.0,2.711475
19250000.0,2.708111
19312500.0,2.704761
19375000.0,2.701427
19437500.0,2.698107
19500000.0,2.694802
19562500.0,2.691512
19625000.0,2.688236
19687500.0,2.684975
19750000.0,2.681728
19812500.0,2.678495
19875000.0,2.675276
19937500.0,2.672071
20000000.0,2.66888
