1e-05,2.586573
1.03125e-05,2.586573
1.0625e-05,2.586573
1.09375e-05,2.586573
1.125e-05,2.586573
1.15625e-05,2.586573
1.1875e-05,2.586573
1.21875e-05,2.586573
1.25e-05,2.586573
1.28125e-05,2.586573
1.3125e-05,2.586573
1.34375e-05,2.586573
1.375e-05,2.586573
1.4375e-05,2.586573
1.5e-05,2.586573
1.5625e-05,2.586573
1.625e-05,2.586573
1.6875e-05,2.586573
1.75e-05,2.586573
1.8125e-05,2.586573
1.875e-05,2.586573
1.9375e-05,2.586573
2e-05,2.586573
2.09375e-05,2.586573
2.1875e-05,2.586573
2.28125e-05,2.586573
2.375e-05,2.586573
2.46875e-05,2.586573
2.5625e-05,2.586573
2.65625e-05,2.586573
2.75e-05,2.586573
2.84375e-05,2.586573
2.9375e-05,2.586573
3.03125e-05,2.586573
3.125e-05,2.586573
3.21875e-05,2.586573
3.3125e-05,2.586573
3.40625e-05,2.586573
3.5e-05,2.586573
3.59375e-05,2.586573
3.6875e-05,2.586573
3.78125e-05,2.586573
3.875e-05,2.586573
3.96875e-05,2.586573
4.0625e-05,2.586573
4.25e-05,2.586573
4.4375e-05,2.586573
4.625e-05,2.586573
4.8125e-05,2.586573
5e-05,2.586573
5.15625e-05,2.586573
5.3125e-05,2.586573
5.46875e-05,2.586573
5.625e-05,2.586573
5.78125e-05,2.586573
5.9375e-05,2.586573
6.09375e-05,2.586573
6.25e-05,2.586573
6.40625e-05,2.586573
6.5625e-05,2.586573
6.71875e-05,2.586573
6.875e-05,2.586573
7.1875e-05,2.586573
7.5e-05,2.586573
7.8125e-05,2.586573
8.125e-05,2.586573
8.4375e-05,2.586573
8.75e-05,2.586573
9.0625e-05,2.586573
9.375e-05,2.586573
9.6875e-05,2.586573
0.0001,2.586573
0.000103125,2.586573
0.00010625,2.586573
0.000109375,2.586573
0.0001125,2.586573
0.000115625,2.586573
0.00011875,2.586572
0.000121875,2.586572
0.000125,2.586572
0.000128125,2.586572
0.00013125,2.586572
0.000134375,2.586572
0.0001375,2.586572
0.00014375,2.586572
0.00015,2.586572
0.00015625,2.586572
0.0001625,2.586572
0.00016875,2.586572
0.000175,2.586572
0.00018125,2.586572
0.0001875,2.586572
0.00019375,2.586572
0.0002,2.586572
0.000209375,2.586572
0.00021875,2.586572
0.000228125,2.586572
0.0002375,2.586572
0.000246875,2.586572
0.00025625,2.586572
0.000265625,2.586572
0.000275,2.586572
0.000284375,2.586572
0.00029375,2.586571
0.000303125,2.586571
0.0003125,2.586571
0.000321875,2.586571
0.00033125,2.586571
0.000340625,2.586571
0.00035,2.586571
0.000359375,2.586571
0.00036875,2.586571
0.000378125,2.586571
0.0003875,2.586571
0.000396875,2.586571
0.00040625,2.586571
0.000425,2.586571
0.00044375,2.586571
0.0004625,2.58657
0.00048125,2.58657
0.0005,2.58657
0.000515625,2.58657
0.00053125,2.58657
0.000546875,2.58657
0.0005625,2.58657
0.000578125,2.58657
0.00059375,2.58657
0.000609375,2.58657
0.000625,2.58657
0.000640625,2.586569
0.00065625,2.586569
0.000671875,2.586569
0.0006875,2.586569
0.00071875,2.586569
0.00075,2.586569
0.00078125,2.586569
0.0008125,2.586568
0.00084375,2.586568
0.000875,2.586568
0.00090625,2.586568
0.0009375,2.586568
0.00096875,2.586568
0.001,2.586567
0.00103125,2.586567
0.0010625,2.586567
0.00109375,2.586567
0.001125,2.586567
0.00115625,2.586566
0.0011875,2.586566
0.00121875,2.586566
0.00125,2.586566
0.00128125,2.586566
0.0013125,2.586566
0.00134375,2.586565
0.001375,2.586565
0.0014375,2.586565
0.0015,2.586564
0.0015625,2.586564
0.001625,2.586564
0.0016875,2.586563
0.00175,2.586563
0.0018125,2.586563
0.001875,2.586562
0.0019375,2.586562
0.002,2.586562
0.00209375,2.586561
0.0021875,2.58656
0.00228125,2.58656
0.002375,2.586559
0.00246875,2.586559
0.0025625,2.586558
0.00265625,2.586558
0.00275,2.586557
0.00284375,2.586557
0.0029375,2.586556
0.00303125,2.586556
0.003125,2.586555
0.00321875,2.586555
0.0033125,2.586554
0.00340625,2.586553
0.0035,2.586553
0.00359375,2.586552
0.0036875,2.586552
0.00378125,2.586551
0.003875,2.586551
0.00396875,2.58655
0.0040625,2.58655
0.00425,2.586549
0.0044375,2.586547
0.004625,2.586546
0.0048125,2.586545
0.005,2.586544
0.00515625,2.586543
0.0053125,2.586542
0.00546875,2.586541
0.005625,2.586541
0.00578125,2.58654
0.0059375,2.586539
0.00609375,2.586538
0.00625,2.586537
0.00640625,2.586536
0.0065625,2.586535
0.00671875,2.586534
0.006875,2.586533
0.0071875,2.586532
0.0075,2.58653
0.0078125,2.586528
0.008125,2.586526
0.0084375,2.586524
0.00875,2.586522
0.0090625,2.586521
0.009375,2.586519
0.0096875,2.586517
0.01,2.586515
0.0103125,2.586513
0.010625,2.586512
0.0109375,2.58651
0.01125,2.586508
0.0115625,2.586506
0.011875,2.586504
0.0121875,2.586503
0.0125,2.586501
0.0128125,2.586499
0.013125,2.586497
0.0134375,2.586495
0.01375,2.586494
0.014375,2.58649
0.015,2.586486
0.015625,2.586483
0.01625,2.586479
0.016875,2.586475
0.0175,2.586472
0.018125,2.586468
0.01875,2.586465
0.019375,2.586461
0.02,2.586457
0.0206625,2.586454
0.021325,2.58645
0.0219875,2.586446
0.02265,2.586442
0.0233125,2.586438
0.023975,2.586434
0.0246375,2.586431
0.0253,2.586427
0.02607188,2.586422
0.02684375,2.586418
0.02761563,2.586413
0.0283875,2.586409
0.02915938,2.586404
0.02993125,2.5864
0.03070313,2.586396
0.031475,2.586391
0.03224688,2.586387
0.03301875,2.586382
0.0345625,2.586373
0.03610625,2.586364
0.03765,2.586355
0.03919375,2.586347
0.0407375,2.586338
0.04228125,2.586329
0.043825,2.58632
0.04536875,2.586311
0.0469125,2.586302
0.04845625,2.586293
0.05,2.586284
0.0515625,2.586275
0.053125,2.586266
0.0546875,2.586257
0.05625,2.586248
0.0578125,2.586239
0.059375,2.58623
0.0609375,2.586221
0.0625,2.586212
0.0640625,2.586203
0.065625,2.586194
0.0671875,2.586185
0.06875,2.586176
0.071875,2.586158
0.075,2.58614
0.078125,2.586122
0.08125,2.586105
0.084375,2.586087
0.0875,2.586069
0.090625,2.586051
0.09375,2.586033
0.096875,2.586015
0.1,2.585997
0.103125,2.585979
0.10625,2.585961
0.109375,2.585943
0.1125,2.585925
0.115625,2.585908
0.11875,2.58589
0.121875,2.585872
0.125,2.585854
0.128125,2.585836
0.13125,2.585818
0.134375,2.585801
0.1375,2.585783
0.14375,2.585747
0.15,2.585711
0.15625,2.585676
0.1625,2.58564
0.16875,2.585605
0.175,2.585569
0.18125,2.585534
0.1875,2.585498
0.19375,2.585463
0.2,2.585428
0.2046875,2.585401
0.209375,2.585374
0.21875,2.585321
0.228125,2.585269
0.2375,2.585216
0.246875,2.585163
0.25625,2.58511
0.265625,2.585057
0.275,2.585005
0.284375,2.584952
0.29375,2.584899
0.303125,2.584847
0.3125,2.584795
0.321875,2.584742
0.33125,2.58469
0.340625,2.584638
0.35,2.584585
0.359375,2.584533
0.36875,2.584481
0.378125,2.584429
0.3875,2.584377
0.396875,2.584325
0.40625,2.584273
0.415625,2.584221
0.425,2.58417
0.44375,2.584066
0.4625,2.583963
0.48125,2.58386
0.5,2.583757
0.53125,2.583586
0.5625,2.583416
0.59375,2.583247
0.625,2.583078
0.65625,2.582909
0.6875,2.582741
0.71875,2.582574
0.75,2.582407
0.78125,2.582241
0.8125,2.582075
0.84375,2.58191
0.875,2.581746
0.9375,2.581418
1.0,2.581093
1.0625,2.58077
1.125,2.580449
1.1875,2.58013
1.25,2.579814
1.3125,2.579499
1.375,2.579186
1.4375,2.578876
1.5,2.578567
1.5625,2.57826
1.625,2.577956
1.6875,2.577653
1.75,2.577352
1.875,2.576755
2.0,2.576166
2.09375,2.575729
2.1875,2.575296
2.28125,2.574867
2.375,2.574442
2.46875,2.57402
2.5625,2.573602
2.65625,2.573188
2.75,2.572777
2.9375,2.571967
3.125,2.571169
3.3125,2.570386
3.5,2.569615
3.6875,2.568856
3.875,2.568109
4.0625,2.567375
4.25,2.566651
4.4375,2.565939
4.625,2.565237
4.8125,2.564545
5.0,2.563864
5.3125,2.56275
5.625,2.561662
5.9375,2.560599
6.25,2.559559
6.5625,2.558542
6.875,2.557547
7.1875,2.556572
7.5,2.555618
7.8125,2.554682
8.125,2.553764
8.4375,2.552863
8.75,2.55198
9.0625,2.551112
9.375,2.55026
10.0,2.548599
10.625,2.546992
11.25,2.545437
11.875,2.543928
12.5,2.542463
13.125,2.541038
13.75,2.539651
14.375,2.538299
15.0,2.53698
15.625,2.535691
16.25,2.534431
16.875,2.533198
17.5,2.53199
18.125,2.530805
18.75,2.529643
19.375,2.528502
20.0,2.52738
20.9375,2.52573
21.875,2.524119
22.8125,2.522542
23.75,2.520997
24.6875,2.51948
25.625,2.51799
26.5625,2.516523
27.5,2.515079
28.4375,2.513655
29.375,2.512249
30.3125,2.51086
31.25,2.509487
33.125,2.50678
35.0,2.504119
36.875,2.501495
38.75,2.4989
40.625,2.496328
42.5,2.493772
44.375,2.491225
46.25,2.488684
48.125,2.486143
50.0,2.483597
53.125,2.479331
56.25,2.475019
59.375,2.470641
62.5,2.466176
65.625,2.461603
68.75,2.456898
71.875,2.452037
75.0,2.44699
78.125,2.441725
81.25,2.4362
82.8125,2.433327
84.375,2.430371
85.9375,2.427325
87.5,2.42418
89.0625,2.420927
90.625,2.417556
92.1875,2.414056
93.75,2.410412
95.3125,2.406611
96.875,2.402635
98.4375,2.398464
100.0,2.394077
101.248,2.390399
102.496,2.386552
103.744,2.382517
104.992,2.378275
106.24,2.373803
107.488,2.369076
108.736,2.364062
109.984,2.358728
110.608,2.355928
111.232,2.353033
111.856,2.350034
112.48,2.346927
113.104,2.343702
113.728,2.340353
114.352,2.33687
114.976,2.333244
115.6,2.329463
116.224,2.325515
116.848,2.321388
117.472,2.317067
118.096,2.312536
118.72,2.307775
119.344,2.302766
119.968,2.297485
120.592,2.291907
121.216,2.286002
121.84,2.279738
122.464,2.273077
123.088,2.265976
123.712,2.258386
124.024,2.254391
124.336,2.25025
124.648,2.245957
124.96,2.241502
125.272,2.236874
125.584,2.232063
125.896,2.227058
126.208,2.221844
126.52,2.216408
126.832,2.210735
127.144,2.204808
127.456,2.198609
127.768,2.192117
128.08,2.18531
128.392,2.178163
128.704,2.17065
129.016,2.16274
129.328,2.1544
129.64,2.145591
129.952,2.136272
130.264,2.126396
130.576,2.11591
130.888,2.104753
131.2,2.092857
131.512,2.080145
131.668,2.073455
131.824,2.066527
131.98,2.059346
132.136,2.0519
132.292,2.044172
132.448,2.036146
132.604,2.027804
132.76,2.019126
132.916,2.010093
133.072,2.00068
133.228,1.990864
133.384,1.980617
133.54,1.96991
133.696,1.958711
133.852,1.946985
134.008,1.934694
134.164,1.921795
134.32,1.908242
134.476,1.893983
134.632,1.878962
134.788,1.863114
134.944,1.846371
135.1,1.828653
135.256,1.809874
135.412,1.789933
135.568,1.768721
135.724,1.746111
135.802,1.734239
135.88,1.721963
135.958,1.709261
136.036,1.696113
136.114,1.682493
136.192,1.668377
136.27,1.653737
136.348,1.638543
136.426,1.622764
136.504,1.606366
136.582,1.589311
136.66,1.571562
136.738,1.553074
136.816,1.533801
136.894,1.513695
136.972,1.4927
137.05,1.470757
137.128,1.447804
137.206,1.42377
137.284,1.398579
137.362,1.37215
137.44,1.344393
137.518,1.315208
137.596,1.28449
137.674,1.25212
137.752,1.21797
137.83,1.1819
137.908,1.143757
137.947,1.123856
137.986,1.103373
138.025,1.082285
138.064,1.060567
138.103,1.038195
138.142,1.015143
138.181,0.9913838
138.22,0.9668897
138.259,0.9416324
138.298,0.9155828
138.337,0.8887116
138.376,0.8609888
138.415,0.8323847
138.454,0.8028701
138.493,0.7724165
138.532,0.7409972
138.571,0.7085878
138.61,0.6751676
138.649,0.6407209
138.688,0.6052389
138.727,0.568722
138.766,0.5311835
138.805,0.4926529
138.844,0.453182
138.883,0.4128517
138.922,0.3717813
138.9415,0.3510193
138.961,0.3301409
138.9805,0.309178
139.0,0.288168
139.0195,0.2671549
139.039,0.2461898
139.0585,0.2253325
139.078,0.2046528
139.0975,0.1842318
139.117,0.1641642
139.1365,0.1445602
139.156,0.1255483
139.1755,0.1072784
139.1853,0.09843076
139.195,0.08992538
139.2048,0.08161362
139.2145,0.07369358
139.2243,0.06603321
139.234,0.0588222
139.2438,0.05194851
139.2487,0.04867916
139.2535,0.04559157
139.2584,0.04256252
139.2633,0.03966333
139.2682,0.0369
139.273,0.03433082
139.2779,0.03185515
139.2828,0.02953476
139.2877,0.02737674
139.2925,0.02542728
139.2974,0.02361273
139.3023,0.02198347
139.3072,0.02054786
139.312,0.01933771
139.3169,0.01831155
139.3218,0.01750618
139.3267,0.0169315
139.3315,0.0166022
139.3364,0.01651517
139.3413,0.01669105
139.3462,0.0171416
139.351,0.01786115
139.3559,0.01889231
139.3608,0.02023651
139.3657,0.02190779
139.3705,0.02387624
139.3754,0.026239
139.3803,0.02897466
139.3852,0.03210004
139.39,0.03555646
139.3949,0.03950604
139.3998,0.0439003
139.4047,0.04875943
139.4095,0.05399053
139.4144,0.05983337
139.4193,0.06620726
139.4242,0.07313659
139.429,0.08048767
139.4339,0.0885932
139.4388,0.0973342
139.4437,0.1067402
139.4485,0.116629
139.4534,0.1274446
139.4583,0.1390225
139.4632,0.1513987
139.468,0.1643328
139.4729,0.178403
139.4778,0.1933902
139.4827,0.2093387
139.4875,0.2259384
139.4924,0.2439292
139.4973,0.2630272
139.5022,0.2832866
139.507,0.304314
139.5119,0.327045
139.5168,0.3511178
139.5217,0.3765999
139.5265,0.402997
139.5314,0.4314828
139.5363,0.4616022
139.5412,0.4934394
139.546,0.5263781
139.5509,0.5618833
139.5558,0.5993874
139.5607,0.6389962
139.5655,0.6799453
139.5704,0.7240578
139.5753,0.7706298
139.5802,0.8197955
139.585,0.8706098
139.5899,0.9253388
139.5948,0.9831133
139.5997,1.044105
139.6045,1.107147
139.6094,1.175057
139.6143,1.246765
139.6192,1.322491
139.624,1.400797
139.6289,1.485193
139.6338,1.574361
139.6387,1.668591
139.6435,1.766103
139.6484,1.871286
139.6533,1.982519
139.6582,2.100184
139.663,2.222077
139.6679,2.353709
139.6728,2.493086
139.6777,2.640716
139.6825,2.793865
139.6874,2.959493
139.6923,3.135142
139.6972,3.3215
139.702,3.515157
139.7069,3.724975
139.7118,3.947914
139.7167,4.184921
139.7215,4.431724
139.7264,4.699706
139.7313,4.985099
139.7362,5.289229
139.741,5.606711
139.7459,5.952326
139.7508,6.321393
139.7557,6.7158
139.7605,7.128717
139.7654,7.579579
139.7703,8.062559
139.7752,8.580397
139.78,9.124368
139.7849,9.720408
139.7898,10.36125
139.7947,11.05096
139.7995,11.7783
139.8044,12.57849
139.8093,13.44245
139.8142,14.37635
139.819,15.3656
139.8239,16.45893
139.8288,17.64507
139.8337,18.93357
139.8385,20.30529
139.8434,21.82916
139.8483,23.49123
139.8532,25.30656
139.858,27.24978
139.8629,29.4206
139.8678,31.80175
139.8727,34.41736
139.8775,37.23302
139.8824,40.39599
139.8849,42.13286
139.8873,43.88447
139.8898,45.80184
139.8922,47.73661
139.8946,49.76873
139.897,51.9036
139.8995,54.24279
139.9019,56.60529
139.9044,59.19475
139.9068,61.81072
139.9093,64.67853
139.9117,67.57596
139.9141,70.62203
139.9165,73.82408
139.919,77.33345
139.9214,80.87718
139.9239,84.75877
139.9263,88.67536
139.9288,92.96116
139.9312,97.28032
139.9336,101.8064
139.936,106.545
139.94,114.9264
139.944,123.9227
139.948,133.5326
139.952,143.7362
139.956,154.4894
139.96,165.7174
139.968,189.1116
139.972,200.9284
139.976,212.5187
139.98,223.6036
139.984,233.8772
139.988,243.0243
139.992,250.7428
139.996,256.7692
140.0,260.9028
140.004,263.0249
140.008,263.1098
140.012,261.2248
140.016,257.5202
140.02,252.211
140.024,245.5547
140.028,237.828
140.032,229.3063
140.04,210.8809
140.048,191.9719
140.052,182.7146
140.056,173.7245
140.06,165.0689
140.064,156.7924
140.0677,149.4973
140.0714,142.5593
140.0751,135.9802
140.0787,129.9196
140.0824,124.0321
140.086,118.6251
140.0897,113.3844
140.0933,108.5789
140.097,103.9261
140.1007,99.54735
140.1044,95.42644
140.108,91.64944
140.1117,87.99164
140.1153,84.63701
140.119,81.38562
140.1226,78.40088
140.1263,75.50488
140.13,72.77143
140.1337,70.18969
140.1373,67.81373
140.141,65.50235
140.1446,63.37225
140.1483,61.2971
140.1519,59.38196
140.1556,57.51354
140.1592,55.78669
140.1629,54.09953
140.1665,52.53797
140.1702,51.01014
140.1738,49.59404
140.1811,46.91883
140.1885,44.44932
140.1958,42.22502
140.2031,40.18764
140.2104,38.3169
140.2178,36.57247
140.2251,34.98589
140.2324,33.51907
140.2397,32.16015
140.2471,30.88201
140.2544,29.70986
140.2617,28.61763
140.269,27.59806
140.2763,26.64472
140.2836,25.75184
140.2909,24.9143
140.2982,24.12748
140.3056,23.37742
140.3129,22.68062
140.3202,22.0233
140.3275,21.40242
140.3349,20.80743
140.3422,20.25188
140.3495,19.72526
140.3568,19.22552
140.3642,18.74445
140.3715,18.29331
140.3788,17.86388
140.3861,17.45473
140.4007,16.69209
140.4153,15.9961
140.43,15.35468
140.4446,14.76979
140.4592,14.23108
140.4738,13.73357
140.4885,13.2699
140.5031,12.84262
140.5177,12.44517
140.5323,12.07467
140.547,11.72632
140.5616,11.4026
140.5763,11.09708
140.5909,10.81216
140.6056,10.54234
140.6202,10.2899
140.6348,10.05169
140.6494,9.826593
140.6641,9.61218
140.6787,9.410449
140.6933,9.219076
140.7079,9.037315
140.7226,8.863332
140.7372,8.698871
140.7518,8.542156
140.7664,8.392671
140.7811,8.248989
140.7957,8.11263
140.825,7.85649
140.8543,7.621407
140.8835,7.405675
140.9128,7.20575
140.942,7.021231
140.9713,6.849318
141.0005,6.689856
141.0298,6.540589
141.0591,6.40106
141.0884,6.270369
141.1176,6.148127
141.1469,6.032797
141.1762,5.924184
141.2055,5.82173
141.2347,5.72526
141.264,5.633666
141.2933,5.546886
141.3226,5.464558
141.3518,5.386614
141.3811,5.312225
141.4103,5.241632
141.4396,5.174107
141.4688,5.109888
141.4981,5.048334
141.5274,4.989481
141.5567,4.933158
141.5859,4.87939
141.6444,4.778198
141.7029,4.684882
141.7615,4.598427
141.82,4.518378
141.8785,4.443933
141.937,4.374532
141.9956,4.309576
142.0541,4.248858
142.1127,4.191791
142.1712,4.138238
142.2298,4.087718
142.2883,4.040143
142.3468,3.995188
142.4053,3.952646
142.4639,3.912262
142.5224,3.874004
142.5809,3.83765
142.6394,3.803061
142.698,3.770058
142.7565,3.738641
142.815,3.708647
142.8735,3.679984
142.9321,3.652519
142.9906,3.626267
143.0492,3.601065
143.1077,3.576933
143.1663,3.553727
143.2248,3.53147
143.3418,3.489474
143.4589,3.450502
143.5759,3.414298
143.693,3.380522
143.81,3.348991
143.9271,3.319439
144.0442,3.291709
144.1613,3.265637
144.2783,3.241099
144.3954,3.217926
144.5124,3.196042
144.6295,3.175309
144.7465,3.15567
144.8636,3.137011
144.9807,3.119273
145.0978,3.10239
145.2148,3.086315
145.3319,3.070966
145.4489,3.056318
145.566,3.042302
145.683,3.028898
145.8001,3.016047
145.9172,3.003725
146.0343,2.991899
146.1513,2.98055
146.2684,2.96963
146.3854,2.959134
146.6195,2.939283
146.8537,2.920822
147.0878,2.903623
147.3219,2.887552
147.556,2.872501
147.7902,2.858368
148.0243,2.845082
148.2584,2.832562
148.4925,2.820744
148.7267,2.809563
148.9608,2.798978
149.1949,2.788937
149.429,2.779397
149.6632,2.770319
149.8973,2.761675
150.1314,2.753431
150.3655,2.745559
150.5997,2.73803
150.8338,2.730828
151.0679,2.723929
151.302,2.717312
151.5362,2.710959
151.7703,2.704857
152.0044,2.698989
152.2385,2.693342
152.4727,2.6879
152.7068,2.682656
153.175,2.672713
153.6433,2.663431
154.1115,2.654746
154.5798,2.646597
155.048,2.638934
155.5163,2.63171
155.9845,2.624889
156.4528,2.618432
156.921,2.612312
157.3893,2.606497
157.8575,2.600967
158.3258,2.595696
158.794,2.590666
159.2623,2.585859
159.7305,2.581259
160.1988,2.57685
160.667,2.57262
161.1353,2.568556
161.6035,2.564648
162.0718,2.560884
162.54,2.557258
163.0083,2.553758
163.4765,2.550379
163.9448,2.547111
164.413,2.54395
165.3495,2.537921
166.286,2.532247
167.2225,2.526892
168.159,2.521822
169.0955,2.517009
170.032,2.512428
170.9685,2.508058
171.905,2.503878
172.8415,2.499872
173.778,2.496026
174.7145,2.492324
175.651,2.488756
176.5875,2.48531
177.524,2.481976
178.4605,2.478746
179.397,2.475612
180.3335,2.472566
181.27,2.469601
183.143,2.463894
185.016,2.458446
186.889,2.453222
188.762,2.448191
190.635,2.443325
192.508,2.438601
194.381,2.433998
196.254,2.429497
198.127,2.425081
200.0,2.420735
201.5607,2.417155
203.1214,2.413606
204.6821,2.410077
206.2427,2.406563
209.3641,2.399541
210.9248,2.396018
212.4854,2.392473
214.0461,2.388897
215.6068,2.385278
217.1675,2.381605
218.7281,2.377863
220.2888,2.374035
221.8494,2.370101
223.4101,2.366037
224.1904,2.363947
224.9707,2.361814
225.7511,2.359632
226.5314,2.357396
227.3118,2.355099
228.0921,2.352736
228.8725,2.350298
229.6528,2.347776
230.4331,2.345159
231.2134,2.342436
231.9938,2.339591
232.7741,2.336608
233.5545,2.333468
234.3348,2.330146
235.1152,2.326613
235.5054,2.324757
235.8955,2.322835
236.2857,2.32084
236.6758,2.318768
237.066,2.316609
237.4561,2.314357
237.8463,2.312003
238.2365,2.309535
238.6267,2.306944
239.0168,2.304215
239.407,2.301334
239.7972,2.298282
240.1874,2.29504
240.5775,2.291585
240.9677,2.287889
241.3579,2.283919
241.7481,2.279636
242.1382,2.274997
242.5284,2.269944
242.7235,2.267241
242.9185,2.26441
243.1136,2.261437
243.3087,2.25831
243.5038,2.255017
243.6988,2.251544
243.8939,2.24787
244.089,2.243977
244.2841,2.239844
244.4792,2.235445
244.6743,2.230751
244.8694,2.225729
245.0645,2.220341
245.2595,2.214546
245.4546,2.208285
245.6497,2.201501
245.8448,2.19412
245.9423,2.190182
246.0398,2.186062
246.1374,2.181741
246.2349,2.177213
246.3325,2.172453
246.43,2.167452
246.5276,2.16218
246.6251,2.156625
246.7226,2.150756
246.8201,2.144546
246.9177,2.137955
247.0152,2.130962
247.1128,2.123513
247.2103,2.115576
247.3079,2.107083
247.4054,2.097992
247.503,2.088216
247.5518,2.083049
247.6005,2.077694
247.6493,2.072115
247.6981,2.066312
247.7469,2.06027
247.7956,2.053986
247.8444,2.047419
247.8932,2.040563
247.942,2.033399
247.9907,2.025919
248.0395,2.018071
248.0883,2.009844
248.1371,2.001208
248.1858,1.992153
248.2346,1.982605
248.2833,1.972566
248.3321,1.961952
248.3808,1.95076
248.4296,1.938891
248.4784,1.926308
248.5272,1.912944
248.5759,1.898755
248.6247,1.883597
248.6735,1.867403
248.6979,1.858883
248.7223,1.850062
248.7467,1.840923
248.771,1.831488
248.7954,1.821662
248.8198,1.811461
248.8442,1.800865
248.8686,1.78985
248.893,1.77839
248.9174,1.76646
248.9418,1.754028
248.9661,1.741118
248.9905,1.72759
249.0149,1.713456
249.0393,1.698677
249.0636,1.683272
249.088,1.667066
249.1124,1.650068
249.1368,1.632218
249.1611,1.613533
249.1855,1.593787
249.2099,1.572978
249.2343,1.551019
249.2587,1.527815
249.2831,1.503262
249.3075,1.477242
249.3319,1.449624
249.3441,1.435171
249.3562,1.420388
249.3684,1.405009
249.3806,1.389133
249.3928,1.372736
249.405,1.355794
249.4172,1.338281
249.4294,1.32017
249.4416,1.301432
249.4538,1.282037
249.466,1.261952
249.4782,1.241143
249.4904,1.219575
249.5026,1.197211
249.5148,1.17401
249.527,1.149932
249.5392,1.124934
249.5513,1.099187
249.5635,1.072221
249.5757,1.044196
249.5879,1.015065
249.6001,0.9847795
249.6123,0.953292
249.6245,0.9205574
249.6367,0.8865339
249.6489,0.8511864
249.6611,0.8144888
249.6733,0.7764289
249.6794,0.7568895
249.6855,0.7370144
249.6916,0.716809
249.6977,0.6962811
249.7038,0.6754415
249.7099,0.6543042
249.716,0.6328873
249.7221,0.6112138
249.7282,0.589312
249.7343,0.567217
249.7404,0.5449714
249.7464,0.5229941
249.7525,0.5006142
249.7586,0.478273
249.7647,0.456061
249.7708,0.4340869
249.7769,0.412481
249.783,0.3913988
249.7891,0.3710268
249.7952,0.3515875
249.8013,0.3333472
249.8074,0.316625
249.8135,0.3018027
249.8166,0.2951416
249.8196,0.2893386
249.8227,0.2840803
249.8257,0.279783
249.8288,0.2762487
249.8318,0.2737982
249.8349,0.2723747
249.8379,0.2721821
249.8409,0.2732761
249.8439,0.2757885
249.847,0.2800283
249.85,0.2858858
249.8531,0.2939398
249.8561,0.3038695
249.8577,0.3100979
249.8592,0.316566
249.8607,0.3236734
249.8622,0.3314518
249.8638,0.3405259
249.8653,0.3497984
249.8668,0.3598491
249.8683,0.3707168
249.8699,0.3832552
249.8714,0.3959421
249.8729,0.4095769
249.8744,0.4242069
249.876,0.4409649
249.8775,0.4578113
249.879,0.475813
249.8805,0.4950277
249.8821,0.5169288
249.8836,0.5388461
249.8851,0.5621724
249.8866,0.5869784
249.8882,0.6151527
249.8897,0.6432562
249.8912,0.6730793
249.8927,0.7047084
249.8943,0.7405391
249.8958,0.7761937
249.8973,0.8139477
249.8988,0.8539066
249.9004,0.8990849
249.9019,0.9439585
249.9034,0.9913949
249.9049,1.041523
249.9065,1.098111
249.908,1.154235
249.9095,1.213485
249.911,1.276017
249.9126,1.346517
249.9141,1.416354
249.9156,1.489996
249.9171,1.567628
249.9187,1.655053
249.9202,1.741557
249.9217,1.832674
249.9232,1.928624
249.9248,2.036553
249.9263,2.143222
249.9278,2.255448
249.9293,2.373485
249.9309,2.506089
249.9324,2.636968
249.9339,2.774478
249.9354,2.918899
249.9369,3.070517
249.9384,3.22962
249.9399,3.396499
249.9414,3.571446
249.9433,3.805081
249.9451,4.039319
249.947,4.300727
249.9488,4.56227
249.9507,4.853492
249.9525,5.144145
249.9543,5.449501
249.9561,5.769832
249.958,6.124421
249.9598,6.476047
249.9616,6.84294
249.9634,7.224961
249.9671,8.056374
249.9707,8.92095
249.9744,9.85885
249.9781,10.83494
249.9818,11.8333
249.9854,12.80729
249.9891,13.7887
249.9927,14.70121
249.9964,15.57118
250.0,16.32973
250.0037,16.99982
250.0074,17.54461
250.0111,17.95587
250.0147,18.22616
250.0184,18.37461
250.0221,18.40106
250.0258,18.31834
250.0294,18.14737
250.0331,17.89422
250.0368,17.57814
250.0441,16.82575
250.0478,16.40345
250.0514,15.97893
250.0551,15.53637
250.0587,15.1057
250.0623,14.67958
250.0658,14.27299
250.0693,13.87639
250.0728,13.4915
250.0763,13.11948
250.0798,12.76107
250.0833,12.41666
250.0868,12.08637
250.0903,11.77011
250.0938,11.46766
250.0973,11.17867
250.1008,10.90272
250.1043,10.63932
250.1078,10.38797
250.1113,10.14814
250.1148,9.9193
250.1184,9.69482
250.1219,9.486641
250.1254,9.287872
250.1289,9.098023
250.1324,8.916625
250.1359,8.743228
250.1394,8.577402
250.1429,8.418743
250.1464,8.266863
250.1499,8.121401
250.1534,7.982011
250.1569,7.848369
250.1604,7.720171
250.1639,7.597128
250.1709,7.365443
250.178,7.148397
250.185,6.950336
250.192,6.766536
250.199,6.595629
250.206,6.436403
250.213,6.287782
250.22,6.148809
250.227,6.01863
250.2341,5.894795
250.2411,5.780103
250.2481,5.672147
250.2551,5.57038
250.2621,5.474309
250.2691,5.383491
250.2761,5.297526
250.2831,5.216052
250.2902,5.137664
250.2972,5.064268
250.3042,4.99446
250.3112,4.927994
250.3182,4.864642
250.3252,4.804199
250.3322,4.746475
250.3392,4.691297
250.3463,4.637767
250.3533,4.587246
250.3603,4.538826
250.3673,4.492384
250.3813,4.404978
250.3953,4.324204
250.4094,4.248837
250.4234,4.179328
250.4374,4.11459
250.4514,4.054158
250.4655,3.997234
250.4795,3.944264
250.4935,3.894514
250.5075,3.847705
250.5216,3.803282
250.5356,3.761651
250.5496,3.722289
250.5636,3.685018
250.5777,3.649433
250.5917,3.615893
250.6057,3.584008
250.6197,3.55366
250.6338,3.52454
250.6478,3.496964
250.6618,3.47063
250.6758,3.445458
250.6899,3.421204
250.7039,3.398144
250.7179,3.37604
250.7319,3.354833
250.746,3.334329
250.76,3.314769
250.788,3.277855
250.8161,3.243503
250.8441,3.211676
250.8722,3.181903
250.9002,3.154184
250.9283,3.128135
250.9563,3.103781
250.9844,3.080803
251.0124,3.059238
251.0405,3.038819
251.0685,3.019592
251.0966,3.001328
251.1246,2.984079
251.1527,2.967648
251.1807,2.952087
251.2088,2.937226
251.2368,2.923118
251.2649,2.909613
251.2929,2.896763
251.321,2.884435
251.349,2.872683
251.3771,2.861386
251.4051,2.850596
251.4332,2.840206
251.4612,2.830264
251.4893,2.820675
251.5173,2.811486
251.5734,2.79409
251.6295,2.777928
251.6856,2.762873
251.7417,2.748816
251.7978,2.735659
251.8538,2.723339
251.9099,2.71174
251.966,2.700817
252.0221,2.690514
252.0782,2.680778
252.1343,2.671563
252.1904,2.662829
252.2465,2.654539
252.3026,2.646659
252.3587,2.639159
252.4148,2.632012
252.4709,2.625194
252.527,2.618682
252.5831,2.612456
252.6392,2.606496
252.6953,2.600787
252.7513,2.595321
252.8635,2.585017
252.9757,2.575493
253.0879,2.566661
253.2001,2.558448
253.3123,2.550789
253.4245,2.54363
253.5367,2.536921
253.6488,2.530626
253.761,2.524696
253.8732,2.519105
253.9854,2.513824
254.0976,2.508825
254.2098,2.504088
254.322,2.49959
254.4342,2.495314
254.5464,2.491243
254.7708,2.483657
254.9952,2.476727
255.2196,2.470369
255.4439,2.464513
255.6683,2.459094
255.8927,2.454063
256.1171,2.449378
256.3414,2.445004
256.5658,2.440904
256.7902,2.437053
257.0146,2.433426
257.2389,2.430005
257.4633,2.426767
257.6877,2.423698
257.9121,2.420783
258.1365,2.41801
258.3609,2.415366
258.5853,2.412842
259.034,2.408118
259.4828,2.403771
259.9315,2.399753
260.3803,2.396018
260.829,2.392533
261.2778,2.389266
261.7266,2.386192
262.1754,2.38329
262.6241,2.380542
263.0729,2.377931
263.5216,2.375444
263.9704,2.373068
264.4191,2.370793
264.8679,2.368609
265.3167,2.36651
265.7655,2.364486
266.2142,2.362532
267.1117,2.358813
268.0092,2.35531
268.9068,2.351994
269.8043,2.348838
270.7018,2.345822
271.5993,2.342926
272.4969,2.340135
273.3944,2.337438
274.2919,2.334823
275.1894,2.332281
276.0869,2.329803
276.9844,2.327384
277.8819,2.325016
278.7794,2.322694
280.5745,2.318171
282.3695,2.313783
284.1646,2.309504
285.9596,2.305315
287.7547,2.301198
289.5497,2.297139
291.3448,2.293127
293.1398,2.289152
296.7299,2.281278
300.32,2.27346
303.9101,2.26565
307.5001,2.257811
311.0902,2.249905
314.6803,2.241897
318.2704,2.233752
321.8605,2.225429
325.4506,2.216879
327.2457,2.2125
329.0407,2.20804
330.8358,2.203488
332.6308,2.198831
334.4258,2.194052
336.2208,2.189132
338.0159,2.184046
339.8109,2.178764
340.7085,2.176036
341.606,2.173244
342.5035,2.17038
343.401,2.167434
344.2986,2.164399
345.1961,2.161261
346.0936,2.158009
346.9911,2.154626
347.8886,2.151091
348.7861,2.147382
349.6836,2.143469
350.5811,2.139316
351.0299,2.137135
351.4787,2.134875
351.9275,2.132529
352.3762,2.130089
352.825,2.127543
353.2737,2.12488
353.7225,2.122085
354.1712,2.119144
354.62,2.116037
355.0688,2.112743
355.5176,2.109234
355.9663,2.105482
356.4151,2.101446
356.8638,2.097082
357.3126,2.092331
357.7613,2.087125
358.2101,2.081372
358.4345,2.078257
358.6589,2.074959
358.8833,2.071461
359.1077,2.067738
359.3321,2.063765
359.5564,2.059513
359.7808,2.054943
360.0052,2.050014
360.2296,2.044677
360.4539,2.038874
360.6783,2.032529
360.9027,2.025558
361.1271,2.017852
361.2393,2.013684
361.3514,2.009284
361.4636,2.004623
361.5758,1.999679
361.688,1.994425
361.8002,1.988828
361.9124,1.982851
362.0246,1.976454
362.1368,1.969588
362.2489,1.962203
362.3611,1.954221
362.4733,1.945572
362.5855,1.936166
362.6977,1.925896
362.8099,1.914632
362.866,1.908581
362.9221,1.90222
362.9782,1.895526
363.0343,1.888471
363.0904,1.881023
363.1464,1.873164
363.2025,1.864827
363.2586,1.855982
363.3147,1.846582
363.3708,1.836571
363.4269,1.825888
363.483,1.814462
363.5391,1.80221
363.5952,1.789041
363.6513,1.774846
363.6794,1.767312
363.7074,1.7595
363.7355,1.751336
363.7635,1.742857
363.7916,1.733979
363.8196,1.724743
363.8477,1.715055
363.8757,1.704956
363.9038,1.694341
363.9318,1.683252
363.9599,1.671571
363.9879,1.659339
364.0159,1.64647
364.0439,1.632914
364.072,1.618561
364.1,1.60345
364.1281,1.587405
364.1561,1.570461
364.1842,1.552409
364.2122,1.533281
364.2403,1.512829
364.2543,1.502131
364.2683,1.491073
364.2824,1.479554
364.2964,1.467718
364.3104,1.455464
364.3244,1.442769
364.3385,1.429515
364.3525,1.415865
364.3665,1.401699
364.3805,1.386989
364.3946,1.371592
364.4086,1.355694
364.4226,1.339152
364.4366,1.321928
364.4507,1.30385
364.4647,1.285132
364.4787,1.2656
364.4927,1.245203
364.5068,1.223732
364.5208,1.201433
364.5348,1.178094
364.5488,1.153648
364.5629,1.127837
364.5769,1.10095
364.5909,1.072728
364.6049,1.043087
364.619,1.011709
364.633,0.9789495
364.64,0.961941
364.647,0.9444982
364.654,0.92661
364.661,0.9082654
364.6681,0.8891819
364.6751,0.8698875
364.6821,0.8501079
364.6891,0.8298359
364.6961,0.8090656
364.7031,0.7877936
364.7101,0.7660188
364.7171,0.7437436
364.7242,0.720646
364.7312,0.6973884
364.7382,0.6736676
364.7452,0.6495098
364.7522,0.6249516
364.7592,0.6000415
364.7662,0.5748433
364.7732,0.5494397
364.7803,0.5235721
364.7873,0.4981056
364.7943,0.4728472
364.8013,0.4480124
364.8083,0.4238724
364.8153,0.4007678
364.8223,0.3791262
364.8293,0.3594845
364.8329,0.3503756
364.8364,0.3422985
364.8399,0.3351024
364.8434,0.3289132
364.8469,0.3238725
364.8504,0.3201392
364.8539,0.3178922
364.8574,0.3173325
364.8609,0.3186863
364.8644,0.3222085
364.8662,0.3249565
364.8679,0.328186
364.8697,0.3323203
364.8714,0.3369426
364.8732,0.3426453
364.8749,0.3488429
364.8767,0.3563195
364.8784,0.3642986
364.8802,0.3737809
364.8819,0.3837741
364.8837,0.3955239
364.8854,0.4077937
364.8872,0.4221063
364.8889,0.4369492
364.8907,0.454158
364.8924,0.4719086
364.8942,0.49239
364.8959,0.5134256
364.8977,0.5376041
364.8994,0.5623506
364.9012,0.5907047
364.9029,0.6196418
364.9047,0.6527104
364.9064,0.6863779
364.9082,0.7247672
364.9099,0.7637716
364.9117,0.8081614
364.9134,0.8531824
364.9152,0.9043341
364.9169,0.9561313
364.9187,1.014894
364.9204,1.074313
364.9222,1.141629
364.9239,1.209606
364.9257,1.286516
364.9274,1.364082
364.9292,1.451728
364.9309,1.540006
364.9327,1.639627
364.9344,1.739832
364.9362,1.852757
364.9379,1.966182
364.9397,2.093814
364.9414,2.221811
364.9433,2.373848
364.9451,2.527023
364.947,2.698786
364.9488,2.871446
364.9507,3.064586
364.9525,3.258224
364.9543,3.462544
364.9561,3.677807
364.958,3.917136
364.9598,4.155498
364.9616,4.405257
364.9634,4.666409
364.9671,5.238456
364.9707,5.83846
364.9744,6.495111
364.9781,7.184876
364.9818,7.897342
364.9854,8.599721
364.9891,9.315675
364.9927,9.990148
364.9964,10.64314
365.0,11.22328
365.0037,11.74826
365.0074,12.1896
365.0111,12.54
365.0147,12.791
365.0184,12.958
365.022,13.03681
365.0257,13.03958
365.0293,12.9753
365.033,12.85081
365.0367,12.67769
365.0404,12.46619
365.044,12.23246
365.0477,11.97155
365.0513,11.70421
365.055,11.42135
365.0586,11.14278
365.062,10.87984
365.0654,10.61946
365.0688,10.36344
365.0721,10.1204
365.0755,9.876601
365.0788,9.647045
365.0822,9.418275
365.0855,9.204008
365.0889,8.991377
365.0922,8.792897
365.0956,8.596454
365.0989,8.413461
365.1023,8.232628
365.1056,8.064367
365.109,7.89822
365.1123,7.743699
365.1157,7.591157
365.1191,7.445085
365.1225,7.305194
365.1258,7.175055
365.1292,7.046509
365.1325,6.926862
365.1359,6.808608
365.1392,6.698467
365.1426,6.589528
365.1459,6.487985
365.1493,6.387468
365.1526,6.293695
365.156,6.200789
365.1593,6.114041
365.166,5.947624
365.1728,5.79097
365.1795,5.647549
365.1862,5.51397
365.1929,5.389339
365.1996,5.272856
365.2063,5.163804
365.213,5.061544
365.2197,4.9655
365.2264,4.875158
365.2331,4.790053
365.2398,4.709767
365.2465,4.633925
365.2532,4.562185
365.2599,4.494238
365.2666,4.429806
365.2733,4.368635
365.2801,4.309647
365.2868,4.254364
365.2935,4.201704
365.3002,4.151493
365.3069,4.103569
365.3136,4.057785
365.3203,4.014006
365.327,3.972106
365.3337,3.931972
365.3404,3.893496
365.3471,3.856582
365.3538,3.821139
365.3672,3.754336
365.3806,3.692486
365.3941,3.634658
365.4075,3.581257
365.4209,3.531444
365.4343,3.484878
365.4477,3.441257
365.4611,3.400314
365.4745,3.361815
365.4879,3.325551
365.5014,3.291087
365.5148,3.258766
365.5282,3.228177
365.5416,3.199187
365.555,3.171675
365.5684,3.145531
365.5818,3.120658
365.5952,3.096965
365.6087,3.074208
365.6221,3.052648
365.6355,3.032046
365.6489,3.01234
365.6623,2.993472
365.6757,2.975391
365.6891,2.95805
365.7025,2.941404
365.716,2.925295
365.7294,2.909924
365.7562,2.880895
365.783,2.853947
365.8098,2.828865
365.8367,2.805378
365.8635,2.783498
365.8903,2.762992
365.9171,2.743734
365.944,2.725549
365.9708,2.708475
365.9976,2.692353
366.0244,2.677107
366.0513,2.662615
366.0781,2.648922
366.1049,2.635917
366.1317,2.623549
366.1586,2.61173
366.1854,2.600505
366.2122,2.589792
366.239,2.579557
366.2659,2.569733
366.2927,2.560364
366.3463,2.542775
366.4,2.526539
366.4536,2.511559
366.5073,2.497643
366.5609,2.484729
366.6146,2.472667
366.6682,2.461417
366.7219,2.450859
366.7755,2.440968
366.8292,2.431647
366.8829,2.422864
366.9366,2.414574
366.9902,2.406749
367.0439,2.399325
367.0975,2.392295
367.1512,2.385606
367.2048,2.379254
367.3121,2.367426
367.4194,2.356645
367.5267,2.346775
367.634,2.337703
367.7413,2.329334
367.8486,2.321587
367.9559,2.314392
368.0632,2.307691
368.1705,2.301433
368.2778,2.295574
368.3851,2.290074
368.4924,2.284901
368.5998,2.28002
368.7071,2.275414
368.9217,2.266925
369.1363,2.259271
369.3509,2.252327
369.5655,2.245992
369.7801,2.240183
369.9947,2.234831
370.2093,2.22988
370.424,2.225278
370.6386,2.22099
370.8532,2.216979
371.0678,2.213214
371.2824,2.209672
371.497,2.206328
371.9262,2.200163
372.3555,2.194591
372.7847,2.189515
373.2139,2.184856
373.6431,2.180549
374.0724,2.176544
374.5016,2.172801
374.9308,2.169285
375.36,2.165966
375.7893,2.16282
376.2185,2.159828
376.6477,2.156973
377.0769,2.154238
377.5062,2.151611
377.9354,2.149082
378.7938,2.144277
379.6523,2.139758
380.5107,2.135477
381.3692,2.131393
382.2276,2.127475
383.0861,2.123697
383.9445,2.120039
384.803,2.116482
385.6614,2.113014
386.5199,2.10962
387.3783,2.106291
388.2368,2.103018
389.0952,2.099794
390.8121,2.093465
392.5289,2.087261
394.2458,2.081148
395.9627,2.0751
397.6796,2.069095
399.3965,2.063115
402.8303,2.051176
406.264,2.03919
409.6978,2.027084
413.1316,2.014798
416.5654,2.002281
419.9991,1.989484
423.4329,1.976358
426.8667,1.96285
430.3005,1.948902
433.7342,1.934449
437.168,1.919406
438.8849,1.911631
440.6018,1.903667
442.3187,1.895494
444.0356,1.88709
445.7525,1.878428
447.4693,1.869475
449.1862,1.860189
450.9031,1.850519
451.7616,1.84552
452.62,1.840399
453.4785,1.835143
454.3369,1.82974
455.1954,1.824174
456.0538,1.818427
456.9123,1.812476
457.7707,1.806297
458.6292,1.799856
459.4876,1.793117
460.346,1.786033
460.7752,1.782344
461.2044,1.778546
461.6337,1.774627
462.0629,1.77058
462.4921,1.766391
462.9213,1.762045
463.3506,1.757526
463.7798,1.752816
464.209,1.747894
464.6382,1.742734
465.0675,1.737305
465.4967,1.731577
465.9259,1.725505
466.3551,1.719042
466.7844,1.712126
467.2136,1.704689
467.6428,1.696641
468.072,1.687873
468.2867,1.683174
468.5013,1.678243
468.7159,1.673054
468.9305,1.66758
469.1451,1.66179
469.3597,1.655651
469.5743,1.649122
469.7889,1.642155
470.0036,1.634693
470.2182,1.626679
470.4328,1.618033
470.6474,1.608665
470.862,1.598466
471.0766,1.587304
471.2912,1.57502
471.3985,1.568396
471.5058,1.561413
471.6132,1.554031
471.7205,1.546227
471.8278,1.537953
471.9351,1.529162
472.0424,1.519799
472.1497,1.509803
472.257,1.499103
472.3643,1.487619
472.4716,1.475255
472.5789,1.461901
472.6862,1.447427
472.7935,1.431681
472.8472,1.423267
472.9008,1.41448
472.9545,1.405259
473.0081,1.395606
473.0618,1.385451
473.1154,1.374794
473.1691,1.363553
473.2227,1.351722
473.2764,1.339206
473.33,1.325993
473.3837,1.311968
473.4373,1.29711
473.491,1.281282
473.5446,1.26445
473.5983,1.246444
473.6519,1.227212
473.6788,1.217043
473.7056,1.206545
473.7324,1.195658
473.7592,1.184362
473.7861,1.172588
473.8129,1.160399
473.8397,1.147724
473.8665,1.134535
473.8934,1.120747
473.9202,1.10643
473.947,1.091495
473.9738,1.075904
474.0007,1.059551
474.0275,1.04251
474.0543,1.024672
474.0811,1.005981
474.108,0.9863019
474.1348,0.9657162
474.1616,0.9440815
474.1884,0.9213204
474.2153,0.8972573
474.2421,0.8719798
474.2689,0.8453019
474.2823,0.8314049
474.2957,0.8171171
474.3092,0.8023127
474.3226,0.787196
474.336,0.7716432
474.3494,0.7556382
474.3628,0.7391647
474.3762,0.7222059
474.3896,0.7047447
474.403,0.6867639
474.4165,0.6681061
474.4299,0.6490305
474.4433,0.6293844
474.4567,0.6091517
474.4701,0.5883176
474.4835,0.566869
474.4969,0.5447947
474.5103,0.5220869
474.5238,0.498565
474.5372,0.474579
474.5506,0.4499655
474.564,0.4247423
474.5774,0.3989389
474.5908,0.3726003
474.6042,0.3457913
474.6176,0.3186025
474.6311,0.2909526
474.6445,0.2634196
474.6512,0.2496878
474.6579,0.2360235
474.6646,0.2224664
474.6713,0.2090622
474.678,0.1958635
474.6847,0.1829306
474.6914,0.1703331
474.6981,0.1581511
474.7048,0.1464768
474.7115,0.1354162
474.7182,0.1250919
474.7249,0.1156452
474.7317,0.1071225
474.7351,0.1033238
474.7384,0.09996597
474.7418,0.09687451
474.7451,0.09426124
474.7485,0.09200135
474.7518,0.09026261
474.7552,0.08897869
474.7585,0.08826561
474.7619,0.08812567
474.7652,0.08861431
474.7686,0.08981424
474.7719,0.09171004
474.7753,0.0944787
474.7786,0.09802193
474.782,0.1026272
474.7853,0.1080995
474.7887,0.1148559
474.792,0.1225882
474.7954,0.1318655
474.7987,0.1422474
474.8021,0.1544819
474.8054,0.1679737
474.8088,0.1836811
474.8121,0.2008277
474.8155,0.2206197
474.8188,0.2420682
474.8222,0.2666721
474.8255,0.293193
474.8289,0.323476
474.8322,0.3559896
474.8356,0.3929892
474.839,0.4338585
474.8424,0.4789487
474.8457,0.5271143
474.8491,0.5816876
474.8524,0.6398949
474.8541,0.6720477
474.8558,0.7057633
474.8591,0.7759462
474.8608,0.8146898
474.8625,0.8553018
474.8642,0.8978697
474.8658,0.9398025
474.8675,0.9864333
474.8692,1.035304
474.8709,1.08652
474.8725,1.136965
474.8742,1.193058
474.8759,1.251842
474.8776,1.313445
474.8792,1.374121
474.8809,1.441591
474.8826,1.512301
474.8843,1.586407
474.8859,1.659404
474.8876,1.740581
474.8893,1.825666
474.891,1.914847
474.8926,2.002705
474.8943,2.100423
474.896,2.202856
474.8977,2.310237
474.8993,2.416038
474.901,2.533726
474.9027,2.657108
474.9044,2.786463
474.906,2.913925
474.9077,3.055717
474.9094,3.204375
474.9111,3.360231
474.9127,3.513802
474.9144,3.684626
474.9161,3.863703
474.9178,4.051418
474.9194,4.23634
474.9211,4.441979
474.9228,4.657473
474.9245,4.883259
474.9261,5.10557
474.9278,5.352631
474.9295,5.611336
474.9312,5.882159
474.9328,6.148551
474.9345,6.444269
474.9362,6.753515
474.9395,7.394201
474.9414,7.788316
474.9433,8.201619
474.9452,8.634658
474.9471,9.087923
474.949,9.561829
474.9509,10.0567
474.9528,10.57274
474.9547,11.11003
474.9585,12.24788
474.9623,13.46731
474.9661,14.76165
474.9698,16.08335
474.9736,17.48793
474.9774,18.91874
474.9812,20.34858
474.9849,21.70944
474.9887,23.04043
474.9925,24.26776
474.9963,25.35652
475.0,26.25431
475.0038,26.98656
475.0076,27.51185
475.0114,27.82529
475.0152,27.93167
475.019,27.84429
475.0228,27.58303
475.0266,27.17198
475.0303,26.65272
475.0341,26.02281
475.0379,25.31959
475.0455,23.77987
475.0493,22.9791
475.0531,22.17638
475.0569,21.38212
475.0606,20.62443
475.0637,20.00554
475.0667,19.42279
475.0698,18.83894
475.0728,18.29269
475.0759,17.74829
475.0789,17.24117
475.082,16.73755
475.085,16.26975
475.0881,15.80625
475.0911,15.37649
475.0942,14.95126
475.0972,14.55738
475.1003,14.16793
475.1033,13.80736
475.1064,13.45092
475.1094,13.12092
475.1125,12.79465
475.1155,12.49251
475.1186,12.19368
475.1216,11.91681
475.1247,11.64281
475.1277,11.38879
475.1308,11.13723
475.1338,10.90384
475.1399,10.45774
475.146,10.04669
475.1521,9.66727
475.1581,9.321959
475.1642,8.996543
475.1703,8.694555
475.1764,8.413809
475.1825,8.152356
475.1886,7.908454
475.1947,7.680545
475.2008,7.467236
475.2068,7.270454
475.2129,7.082533
475.219,6.90585
475.2251,6.739495
475.2312,6.582649
475.2373,6.434572
475.2434,6.294595
475.2495,6.16211
475.2555,6.038571
475.2616,5.919367
475.2677,5.806154
475.2738,5.698515
475.2799,5.596071
475.286,5.498473
475.2921,5.405402
475.2982,5.316564
475.3042,5.233052
475.3103,5.151837
475.3164,5.074114
475.3286,4.928319
475.3408,4.794161
475.3529,4.671329
475.3651,4.556687
475.3773,4.450329
475.3895,4.351415
475.4016,4.259947
475.4138,4.173773
475.426,4.093113
475.4382,4.017469
475.4503,3.946964
475.4625,3.880043
475.4747,3.816957
475.4869,3.757394
475.4991,3.701073
475.5113,3.647742
475.5235,3.597175
475.5357,3.549166
475.5478,3.503895
475.56,3.460446
475.5722,3.41905
475.5844,3.379568
475.5965,3.342173
475.6087,3.306133
475.6209,3.271656
475.6331,3.238645
475.6452,3.207263
475.6574,3.17691
475.6696,3.147773
475.6939,3.093089
475.7183,3.042256
475.7426,2.995261
475.767,2.951343
475.7913,2.910537
475.8157,2.872224
475.84,2.836471
475.8644,2.802763
475.8888,2.771059
475.9132,2.741185
475.9375,2.713101
475.9619,2.68644
475.9862,2.661298
476.0106,2.63736
476.0349,2.614722
476.0593,2.593111
476.0836,2.572623
476.108,2.553016
476.1323,2.534385
476.1567,2.516516
476.181,2.4995
476.2054,2.483148
476.2297,2.467547
476.2785,2.438111
476.3272,2.411013
476.3759,2.385935
476.4246,2.362658
476.4733,2.340993
476.522,2.320777
476.5707,2.301869
476.6194,2.284144
476.6682,2.267461
476.7169,2.251791
476.7656,2.237015
476.8143,2.223057
476.863,2.209849
476.9117,2.197333
476.9604,2.185454
477.0091,2.174163
477.0579,2.163397
477.1066,2.153158
477.204,2.134058
477.3014,2.116592
477.3988,2.100554
477.4963,2.085756
477.5937,2.072081
477.6911,2.059389
477.7885,2.047574
477.8859,2.036544
477.9833,2.026219
478.0807,2.016531
478.1781,2.007419
478.2756,1.998821
478.373,1.990709
478.4704,1.983032
478.5678,1.975753
478.7627,1.962257
478.9575,1.950012
479.1524,1.938826
479.3472,1.928563
479.542,1.919097
479.7368,1.910327
479.9317,1.902164
480.1265,1.894545
480.3214,1.887401
480.5162,1.880688
480.7111,1.874355
480.9059,1.868368
481.1007,1.86269
481.2955,1.857293
481.6852,1.847236
482.0749,1.838027
482.4646,1.829528
482.8542,1.821632
483.2439,1.814248
483.6336,1.807306
484.0233,1.800744
484.4129,1.794516
484.8026,1.788577
485.1923,1.782893
485.582,1.777434
485.9716,1.772176
486.3613,1.767093
486.751,1.762168
487.1407,1.757384
487.5303,1.752727
488.3097,1.74374
489.0891,1.735122
489.8685,1.726803
490.6478,1.71873
491.4272,1.710856
492.2065,1.703145
492.9859,1.695565
493.7652,1.688092
494.5446,1.680702
495.3239,1.673378
496.8826,1.658859
498.4413,1.644427
500.0,1.629996
501.1686,1.619134
502.3371,1.608209
504.6742,1.586072
507.0113,1.563425
509.3483,1.540125
511.6854,1.516034
514.0224,1.491021
516.3595,1.464945
518.6965,1.437662
521.0336,1.409009
522.2022,1.394113
523.3707,1.378808
524.5393,1.363064
525.7078,1.346857
526.8763,1.330154
528.0448,1.312925
529.2134,1.295131
530.3819,1.276739
531.5504,1.257706
532.7189,1.237987
533.8875,1.217532
535.056,1.196292
536.2245,1.174205
537.393,1.151208
538.5616,1.127229
539.7301,1.102195
540.8987,1.076015
542.0672,1.048599
543.2358,1.019838
544.4043,0.9896201
545.5728,0.957814
546.1571,0.9412698
546.7413,0.9242763
547.3256,0.9068074
547.9099,0.8888443
548.4942,0.8703645
549.0784,0.8513473
549.6627,0.8317613
550.2469,0.8115866
550.8312,0.790789
551.4154,0.7693466
551.9997,0.7472221
552.584,0.7243878
553.1683,0.7008116
553.7525,0.6764643
554.3368,0.6513041
554.921,0.6253055
555.5053,0.598426
556.0895,0.5706421
556.6738,0.5419138
557.2581,0.5122187
557.8424,0.481535
558.4266,0.4498545
559.0109,0.4171641
559.5952,0.3834831
559.8874,0.3662786
560.1795,0.3488486
560.4716,0.3311968
560.7637,0.3133357
561.0559,0.2952749
561.348,0.2770463
561.6402,0.2586614
561.9323,0.2401625
562.2245,0.2215726
562.5166,0.2029479
562.8087,0.1843345
563.1008,0.1657953
563.393,0.1473999
563.6851,0.1292518
563.9772,0.1114539
564.2693,0.09413734
564.4154,0.08570478
564.5615,0.0774541
564.7076,0.06941008
564.8536,0.06160513
564.9997,0.05405838
565.1457,0.04681289
565.2918,0.03989475
565.4378,0.03335298
565.5839,0.02722224
565.73,0.02155517
565.8761,0.01640474
566.0221,0.0118323
566.1682,0.007896089
566.2413,0.006188713
566.3143,0.004670754
566.3874,0.00334817
566.4604,0.002235206
566.4969,0.001760071
566.5334,0.00134109
566.5699,0.0009797526
566.6064,0.0006775873
566.6247,0.0005488521
566.643,0.0004355866
566.6613,0.0003379949
566.6795,0.000256687
566.6978,0.0001909782
566.7069,0.0001643587
566.716,0.0001417966
566.7252,0.0001231381
566.7343,0.000108816
566.7434,9.863171e-05
566.7525,9.261243e-05
566.7617,9.078871e-05
566.7708,9.32279e-05
566.78,0.0001000119
566.7891,0.0001110213
566.7983,0.0001265267
566.8074,0.0001462196
566.8165,0.0001702731
566.8256,0.0001987158
566.8439,0.0002693186
566.8621,0.00035749
566.8804,0.0004644371
566.8986,0.0005892307
566.9169,0.0007334869
566.9352,0.0008968201
566.9717,0.001280572
567.0082,0.001743268
567.0447,0.002287007
567.0812,0.002913947
567.1177,0.003626305
567.1542,0.004426357
567.1907,0.005316445
567.2638,0.007379501
567.3368,0.009829908
567.4098,0.01269143
567.4828,0.01598647
567.5559,0.01974421
567.6289,0.02397946
567.7749,0.03400472
567.921,0.04630809
568.0671,0.06114431
568.2132,0.07880701
568.2862,0.08879303
568.3592,0.09961189
568.4323,0.1113283
568.5053,0.1239614
568.5783,0.137581
568.6513,0.1522452
568.7244,0.1680381
568.7974,0.1849826
568.8704,0.2031699
568.9434,0.222675
569.0165,0.243608
569.0895,0.2659976
569.1626,0.2899971
569.2356,0.3156395
569.3087,0.3431008
569.3817,0.3724191
569.4547,0.4037518
569.5277,0.4372295
569.6008,0.4730428
569.6738,0.5112446
569.7468,0.5520445
569.8198,0.5956173
569.8929,0.6422176
569.9659,0.6919216
570.0389,0.7450111
570.1119,0.8017241
570.185,0.8624041
570.258,0.9271648
570.3311,0.9964877
570.4041,1.070513
570.4772,1.149802
570.5502,1.23453
570.6232,1.325226
570.6962,1.422354
570.7693,1.526569
570.8423,1.638144
570.9154,1.757993
570.9884,1.886459
571.0615,2.02463
571.1345,2.172939
571.2075,2.332461
571.2805,2.504181
571.3536,2.689455
571.4266,2.888987
571.4997,3.104672
571.5727,3.337419
571.6458,3.589539
571.7188,3.86221
571.7918,4.157855
571.8648,4.47882
571.9379,4.828246
572.0109,5.208164
572.0839,5.622405
572.1569,6.074799
572.23,6.570414
572.303,7.112874
572.376,7.708526
572.449,8.363921
572.4856,8.717328
572.5221,9.087653
572.5586,9.47697
572.5951,9.8865
572.6317,10.31877
572.6682,10.77285
572.7047,11.25143
572.7412,11.75617
572.7778,12.29039
572.8143,12.85313
572.8508,13.44794
572.8873,14.07715
572.9238,14.74329
572.9603,15.44912
572.9968,16.19764
573.0333,16.99217
573.0699,17.83871
573.1064,18.73661
573.1429,19.69249
573.1794,20.71115
573.2159,21.7979
573.2524,22.95861
573.2889,24.19979
573.3254,25.52863
573.362,26.95719
573.3985,28.48663
573.435,30.13069
573.4715,31.90053
573.508,33.80869
573.5445,35.86924
573.581,38.09808
573.6175,40.51317
573.6541,43.14235
573.6906,45.99448
573.7271,49.10287
573.7636,52.49776
573.8002,56.22453
573.8367,60.30293
573.8732,64.78898
573.9097,69.73644
573.9463,75.22375
573.9646,78.18765
573.9828,81.29449
574.0011,84.58965
574.0193,88.04926
574.0376,91.72467
574.0558,95.59011
574.0741,99.7039
574.0923,104.0382
574.1106,108.6597
574.1288,113.5383
574.1471,118.7505
574.1653,124.2641
574.1836,130.1672
574.2018,136.4252
574.2201,143.1406
574.2384,150.317
574.2567,157.9956
574.2749,166.1756
574.2932,174.9971
574.3114,184.4195
574.3297,194.6089
574.3479,205.5232
574.3662,217.3604
574.3844,230.0779
574.4027,243.9135
574.4209,258.8254
574.4392,275.1015
574.4574,292.7026
574.4757,311.9798
574.4939,332.8993
574.5122,355.8924
574.5305,381.078
574.5488,408.7152
574.567,438.9234
574.5853,472.3643
574.6035,509.0421
574.6218,549.7787
574.64,594.5944
574.6492,619.043
574.6583,644.5037
574.6674,671.3081
574.6765,699.5323
574.6857,729.5902
574.6948,760.9107
574.7039,793.8958
574.713,828.6309
574.7222,865.6145
574.7313,904.1294
574.7404,944.6515
574.7495,987.2623
574.7587,1032.542
574.7678,1079.575
574.7769,1128.9
574.786,1180.558
574.7994,1260.924
574.8128,1346.384
574.8262,1436.77
574.8395,1530.997
574.8663,1731.82
574.893,1938.725
574.9064,2040.83
574.9198,2138.717
574.9332,2229.702
574.9465,2310.369
574.9599,2379.107
574.9733,2432.66
574.9867,2468.888
575.0,2486.272
575.0134,2484.45
575.0268,2463.486
575.0402,2424.512
575.0535,2369.853
575.0669,2301.063
575.0803,2221.191
575.0937,2133.016
575.107,2039.925
575.1338,1844.826
575.1605,1652.542
575.1739,1560.034
575.1873,1471.269
575.2007,1386.727
575.214,1307.262
575.2286,1225.261
575.2432,1148.722
575.2578,1077.511
575.2723,1011.847
575.2869,950.5615
575.3015,893.8279
575.3161,841.3394
575.3306,793.1083
575.3452,748.1712
575.3598,706.5873
575.3744,668.0855
575.3889,632.6483
575.4035,599.5533
575.418,569.0405
575.4326,540.4913
575.4471,514.1172
575.4617,489.3891
575.4763,466.3435
575.4909,444.8422
575.5054,424.8924
575.52,406.1051
575.5346,388.5181
575.5492,372.0368
575.5637,356.6773
575.5783,342.1496
575.5929,328.4912
575.6075,315.6369
575.622,303.6074
575.6366,292.1826
575.6511,281.4699
575.6657,271.2761
575.6802,261.6997
575.6948,252.5703
575.7094,243.9207
575.7385,227.986
575.7677,213.5574
575.7968,200.5406
575.826,188.6807
575.8551,177.9177
575.8842,168.0882
575.9133,159.0879
575.9425,150.7991
575.9716,143.2
576.0007,136.1925
576.0298,129.7166
576.059,123.7001
576.0881,118.1376
576.1172,112.967
576.1463,108.1521
576.1755,103.6459
576.2046,99.45052
576.2338,95.51157
576.2629,91.83311
576.2921,88.36927
576.3212,85.12537
576.3503,82.07263
576.3794,79.19613
576.4086,76.47332
576.4377,73.91059
576.4668,71.48725
576.4959,69.19321
576.5251,67.01202
576.5542,64.95021
576.6124,61.13171
576.6707,57.6705
576.729,54.52783
576.7873,51.66503
576.8455,49.05344
576.9038,46.65591
576.962,44.45648
577.0203,42.42665
577.0785,40.55524
577.1368,38.81999
577.1951,37.21037
577.2534,35.71421
577.3116,34.3231
577.3699,33.0228
577.4282,31.80739
577.4865,30.66941
577.5447,29.60398
577.603,28.60152
577.6613,27.65859
577.7196,26.7704
577.7778,25.93404
577.8361,25.14277
577.8943,24.3958
577.9526,23.68738
578.0108,23.01706
578.0691,22.37992
578.1274,21.77473
578.2439,20.65259
578.3604,19.63419
578.4769,18.70662
578.5935,17.85826
578.71,17.08125
578.8265,16.36688
578.943,15.70827
579.0596,15.09902
579.1761,14.53501
579.2927,14.01078
579.4092,13.52332
579.5258,13.06832
579.6423,12.64353
579.7588,12.24586
579.8753,11.87292
579.9919,11.5223
580.1084,11.19271
580.2249,10.88213
580.3414,10.58905
580.458,10.31187
580.5745,10.04982
580.691,9.801559
580.8075,9.566062
580.9241,9.34223
581.0406,9.129613
581.1571,8.927253
581.2736,8.734458
581.5067,8.374928
581.7397,8.046863
581.9728,7.746203
582.2058,7.47
582.4389,7.215275
582.6719,6.979891
582.905,6.761612
583.1381,6.558779
583.3712,6.369853
583.6042,6.193563
583.8373,6.028577
584.0703,5.873996
584.3034,5.728766
584.5364,5.592196
584.7695,5.463441
585.0025,5.341962
585.2356,5.227073
585.4686,5.118352
585.7017,5.015234
585.9347,4.917384
586.1678,4.824335
586.4008,4.735819
586.6339,4.651443
586.867,4.570959
587.1001,4.494104
587.3331,4.420669
587.7992,4.283071
588.2653,4.156616
588.7314,4.039992
589.1975,3.932083
589.6636,3.831932
590.1297,3.738713
590.5959,3.651695
591.062,3.570295
591.5281,3.49395
591.9942,3.422185
592.4603,3.354581
592.9264,3.290767
593.3925,3.230415
593.8586,3.173232
594.3248,3.118946
594.7909,3.067346
595.257,3.018209
595.7231,2.971348
596.1892,2.926591
596.6553,2.883784
597.1214,2.842787
597.5875,2.803472
598.0537,2.765715
598.5198,2.729427
599.452,2.660851
600.3842,2.597054
601.3164,2.537456
602.2487,2.481561
603.1809,2.428958
604.1131,2.379279
605.0453,2.332207
605.9776,2.287465
606.9098,2.244821
607.842,2.20406
608.7742,2.164995
609.7065,2.127458
610.6387,2.091308
611.5709,2.05641
612.5031,2.022646
613.4354,1.989906
614.3676,1.958101
615.2998,1.92714
616.232,1.896944
618.0965,1.838559
619.9609,1.782441
621.8254,1.728151
623.6898,1.675319
625.5543,1.623613
627.4187,1.572748
629.2832,1.522461
631.1476,1.472519
633.0121,1.422701
634.8765,1.372807
636.741,1.322638
638.6055,1.272013
640.47,1.220751
642.3344,1.168679
644.1989,1.115615
646.0633,1.061393
647.9278,1.005833
649.7922,0.9487698
650.7245,0.9196169
651.6567,0.8900273
652.5889,0.8599776
653.5211,0.8294484
654.4534,0.7984174
655.3856,0.7668741
656.3178,0.7347993
657.25,0.7021795
658.1823,0.6690002
659.1145,0.6352613
660.0467,0.6009566
660.9789,0.5660895
661.9112,0.5306667
662.8434,0.4947163
663.7756,0.4582668
664.7078,0.421366
665.6401,0.3840773
666.5723,0.3465012
667.5045,0.3087582
668.4367,0.2710136
669.369,0.2334815
670.3012,0.1964566
670.7673,0.1782458
671.2334,0.1603097
671.6995,0.1427135
672.1656,0.1255318
672.6318,0.1088466
673.0979,0.09276306
673.564,0.07738991
674.0301,0.06285629
674.4962,0.04931069
674.7293,0.04295955
674.9623,0.03692417
675.1954,0.0312249
675.4284,0.02589403
675.6615,0.02095652
675.8945,0.01644832
676.1276,0.01239975
676.3607,0.008849683
676.5938,0.005837815
676.7103,0.004547481
676.8268,0.00340788
676.9434,0.002424116
677.0017,0.001992967
677.0599,0.001603985
677.1182,0.001256635
677.1764,0.0009529235
677.2347,0.0006926409
677.2929,0.0004775278
677.3221,0.0003867061
677.3512,0.0003077118
677.3804,0.0002401134
677.4095,0.000184486
677.4387,0.0001405608
677.4533,0.0001231018
677.4678,0.000108753
677.4824,9.733092e-05
677.4969,8.900657e-05
677.5115,8.36797e-05
677.526,8.143784e-05
677.5406,8.226484e-05
677.5552,8.620164e-05
677.5698,9.326324e-05
677.5843,0.0001033841
677.5989,0.000116719
677.6134,0.0001331001
677.628,0.0001527686
677.6425,0.0001754703
677.6717,0.0002308285
677.7008,0.0002989191
677.7299,0.0003800342
677.759,0.0004742993
677.7882,0.0005822342
677.8173,0.0007032281
677.8756,0.0009864856
677.9339,0.001325129
677.9921,0.00171951
678.0504,0.002172083
678.1086,0.002682415
678.2251,0.00388425
678.3417,0.005335796
678.4582,0.007044383
678.5747,0.009021372
678.6912,0.01127741
678.8078,0.01382592
678.9243,0.01667411
679.1573,0.02332444
679.3904,0.03133705
679.6234,0.04081704
679.8565,0.05189462
680.0896,0.06469921
680.3227,0.0793762
680.5557,0.09607685
680.7888,0.1149893
680.9053,0.1253267
681.0218,0.1362876
681.1384,0.1479089
681.2549,0.1601988
681.3714,0.173196
681.4879,0.1869314
681.6045,0.20145
681.721,0.2167607
681.8375,0.232911
681.954,0.2499382
682.0706,0.2678973
682.1871,0.2867986
682.3036,0.3067003
682.4201,0.3276479
682.5367,0.3497085
682.6532,0.3728948
682.7697,0.397278
682.8862,0.422914
683.0028,0.4498854
683.1193,0.4782078
683.2358,0.5079691
683.3523,0.5392385
683.4689,0.5721174
683.5854,0.6066266
683.702,0.6429065
683.8185,0.680981
683.9351,0.7210063
684.0516,0.7630101
684.1681,0.8071275
684.2846,0.8534663
684.4012,0.9021837
684.5177,0.9533172
684.6342,1.007036
684.7507,1.063477
684.8673,1.122837
684.9838,1.185169
685.1003,1.250686
685.2168,1.319563
685.3334,1.392049
685.4499,1.468218
685.5664,1.548342
685.6829,1.632646
685.7995,1.72145
685.916,1.814858
686.0325,1.91322
686.149,2.016831
686.2656,2.126103
686.3821,2.241186
686.4986,2.362535
686.6151,2.490541
686.7317,2.625742
686.8482,2.768358
686.9647,2.918987
687.0812,3.078154
687.1978,3.246573
687.3143,3.424565
687.4309,3.613099
687.5474,3.812567
687.664,4.024088
687.7805,4.248141
687.897,4.485816
688.0135,4.738107
688.1301,5.006333
688.2466,5.291218
688.3631,5.594272
688.4796,5.916907
688.5962,6.260971
688.7127,6.627569
688.8292,7.018849
688.9457,7.436858
689.0623,7.884251
689.1788,8.362754
689.2953,8.875495
689.4118,9.42553
689.5284,10.01678
689.6449,10.652
689.7614,11.3359
689.8779,12.07318
689.9945,12.86981
690.111,13.73036
690.2275,14.66214
690.344,15.67266
690.4606,16.77143
690.5771,17.9662
690.6936,19.26888
690.8101,20.69202
690.9267,22.25141
691.0432,23.96091
691.1598,25.84259
691.2763,27.91535
691.3346,29.03283
691.3929,30.20854
691.4512,31.44639
691.5094,32.74831
691.5677,34.12338
691.6259,35.57184
691.6842,37.10409
691.7424,38.72076
691.8007,40.43383
691.859,42.24764
691.9173,44.16988
691.9755,46.20537
692.0338,48.37031
692.092,50.66739
692.1503,53.11565
692.2085,55.71893
692.2668,58.49975
692.3251,61.46878
692.3834,64.64267
692.4416,68.03385
692.4999,71.67451
692.5581,75.57499
692.6164,79.77424
692.6746,84.28641
692.7329,89.15912
692.7912,94.42109
692.8495,100.1131
692.9077,106.2703
692.966,112.9661
693.0242,120.2368
693.0825,128.175
693.1407,136.8307
693.199,146.3226
693.2573,156.7387
693.3156,168.1972
693.3738,180.8122
693.4321,194.786
693.4612,202.3183
693.4903,210.2555
693.5195,218.6555
693.5486,227.491
693.5777,236.8232
693.6068,246.6878
693.636,257.1607
693.6651,268.2126
693.6943,279.9659
693.7234,292.3906
693.7526,305.6274
693.7817,319.6456
693.8108,334.5546
693.8399,350.4259
693.8691,367.3978
693.8982,385.4399
693.9273,404.7023
693.9564,425.2877
693.9856,447.387
694.0147,470.9725
694.0438,496.2526
694.0729,523.3753
694.1021,552.6064
694.1312,583.9233
694.1604,617.7358
694.1895,654.0236
694.2187,693.2664
694.2478,735.4432
694.2769,780.9497
694.306,830.0703
694.3352,883.2959
694.3643,940.5787
694.3934,1002.42
694.4225,1069.15
694.4517,1141.349
694.4808,1218.826
694.5099,1302.086
694.539,1391.331
694.5679,1485.994
694.5967,1586.285
694.6255,1692.323
694.6543,1803.681
694.7119,2039.163
694.7695,2282.551
694.7984,2402.57
694.8272,2517.197
694.856,2623.724
694.8848,2718.827
694.9136,2799.201
694.9424,2861.811
694.9712,2904.168
695.0,2924.575
695.0289,2922.256
695.0578,2897.422
695.0867,2851.407
695.1155,2786.66
695.1444,2705.539
695.1733,2611.412
695.2022,2507.549
695.231,2397.484
695.2888,2167.837
695.3465,1941.176
695.3754,1832.391
695.4043,1728.026
695.4332,1628.64
695.462,1534.87
695.4923,1442.039
695.5225,1355.44
695.5527,1274.621
695.5829,1199.365
695.6132,1129.174
695.6434,1064.209
695.6736,1003.91
695.7038,947.9572
695.7341,895.8709
695.7643,847.6915
695.7945,802.9533
695.8247,761.3861
695.8549,722.7382
695.8851,686.7758
695.9153,653.2834
695.9455,622.0626
695.9758,592.838
696.006,565.6354
696.0362,540.2025
696.0664,516.3997
696.0966,494.0997
696.1268,473.1862
696.157,453.553
696.1872,435.103
696.2175,417.6917
696.2477,401.3528
696.2779,385.953
696.3081,371.4243
696.3383,357.7045
696.3685,344.7367
696.3987,332.4686
696.4289,320.8522
696.4592,309.8078
696.4894,299.3675
696.5498,280.0408
696.6102,262.5692
696.6706,246.7264
696.7311,232.2959
696.7915,219.159
696.8519,207.1473
696.9123,196.1367
696.9728,186.0036
697.0332,176.6876
697.0936,168.0892
697.154,160.1368
697.2145,152.7553
697.2749,145.9135
697.3353,139.5494
697.3957,133.6194
697.4562,128.0759
697.5166,122.9025
697.577,118.0589
697.6374,113.5174
697.6979,109.2463
697.7583,105.2374
697.8187,101.4632
697.8791,97.90561
697.9396,94.54271
698.0,91.37069
698.0604,88.37026
698.1208,85.5291
698.1813,82.83161
698.2417,80.27644
698.3625,75.54251
698.4834,71.25326
698.6042,67.35997
698.7251,63.80878
698.8459,60.56517
698.9668,57.58913
699.0876,54.85578
699.2085,52.33478
699.3293,50.00792
699.4502,47.85182
699.571,45.85295
699.6919,43.993
699.8127,42.26182
699.9336,40.64486
700.0544,39.13443
700.1753,37.71881
700.2961,36.39213
700.417,35.14484
700.5378,33.97242
700.6587,32.86701
700.7795,31.82511
700.9004,30.84019
701.0212,29.90953
701.1421,29.02763
701.2629,28.19237
701.3838,27.39913
701.5046,26.64623
701.7463,25.24828
701.988,23.97949
702.2297,22.82378
702.4714,21.76756
702.7131,20.79926
702.9548,19.90895
703.1965,19.08811
703.4383,18.32904
703.68,17.62598
703.9217,16.97301
704.1634,16.36524
704.4051,15.79837
704.6468,15.26863
704.8885,14.77265
705.1302,14.30747
705.3719,13.87044
705.6136,13.4592
705.8553,13.07164
706.097,12.70586
706.3387,12.36016
706.5804,12.03299
706.8221,11.72297
707.0638,11.42883
707.3055,11.14944
707.5472,10.88376
707.7889,10.63083
708.0306,10.3898
708.514,9.940328
708.9974,9.529765
709.4808,9.153414
709.9642,8.807277
710.4476,8.487943
710.931,8.192479
711.4145,7.918299
711.8979,7.663321
712.3813,7.425573
712.8647,7.203384
713.3481,6.995283
713.8315,6.799978
714.3149,6.616321
714.7983,6.443299
715.2817,6.280005
715.7651,6.125634
716.2485,5.979461
716.7319,5.840838
717.2153,5.70918
717.6987,5.58396
718.1821,5.464702
718.6655,5.350973
719.149,5.242359
719.6324,5.138546
720.5992,4.943982
721.566,4.764968
722.5328,4.599579
723.4996,4.446185
724.4664,4.303396
725.4332,4.170023
726.4,4.045039
727.3669,3.927543
728.3337,3.816785
729.3005,3.712078
730.2673,3.612826
731.2341,3.518505
732.2009,3.428652
733.1677,3.342855
734.1345,3.260745
735.1014,3.181986
736.0682,3.106298
737.035,3.033408
738.0018,2.963074
738.9686,2.89508
739.9354,2.829226
741.869,2.703235
743.8027,2.583828
745.7363,2.469946
747.6699,2.360669
749.6035,2.255212
751.5372,2.152881
753.4708,2.053087
755.4044,1.955288
757.338,1.859007
759.2717,1.763806
761.2053,1.669304
763.1389,1.575139
765.0725,1.480986
767.0062,1.386547
768.9398,1.291567
770.8734,1.195813
772.807,1.099097
773.7739,1.050328
774.7407,1.001278
775.7075,0.9519346
776.6743,0.9022986
777.6411,0.8523763
778.6079,0.8021822
779.5747,0.7517408
780.5415,0.7010881
781.5084,0.6502687
782.4752,0.5993598
783.442,0.5484432
784.4088,0.4976303
785.3756,0.4470625
786.3424,0.3969176
787.3092,0.3474179
788.276,0.2988405
789.2429,0.2515253
789.7263,0.2284755
790.2097,0.2059106
790.6931,0.1839007
791.1765,0.1625239
791.6599,0.1418673
792.1433,0.1220283
792.6267,0.1031155
793.1101,0.08525069
793.5935,0.06856987
793.8352,0.06072044
794.0769,0.05322559
794.3186,0.0461073
794.5603,0.03938887
794.802,0.03309496
795.0437,0.02725175
795.2854,0.02188697
795.5271,0.01703009
795.7688,0.01271233
796.0105,0.00896687
796.1314,0.007319032
796.2523,0.005827781
796.3732,0.004497874
796.494,0.003335105
796.6149,0.002342599
796.6753,0.001912543
796.7357,0.001527204
796.7962,0.001186731
796.8566,0.0008929389
796.917,0.0006459222
796.9472,0.0005401755
796.9774,0.000446389
797.0077,0.0003644023
797.0379,0.0002948476
797.0681,0.000237526
797.0983,0.0001925299
797.1285,0.0001599522
797.1436,0.0001483495
797.1587,0.0001398867
797.1738,0.0001345755
797.1889,0.0001324278
797.204,0.0001334557
797.2191,0.000137671
797.2343,0.0001451455
797.2494,0.0001557931
797.2796,0.0001867716
797.3098,0.0002307427
797.34,0.0002878045
797.3702,0.0003580561
797.4004,0.0004415974
797.4306,0.000538529
797.4608,0.0006489522
797.5213,0.0009111624
797.5817,0.00122819
797.6421,0.001601263
797.7025,0.002031237
797.763,0.002519835
797.8234,0.003066325
797.9442,0.004338858
798.0651,0.005858297
798.1859,0.007629718
798.3068,0.009663896
798.4276,0.01196556
798.6693,0.01741225
798.911,0.02404011
799.1527,0.0319242
799.3944,0.04114477
799.6361,0.0517876
799.8778,0.06394447
800.1195,0.0777136
800.3612,0.09320022
800.6029,0.1105171
800.8446,0.1297853
801.0863,0.1511345
801.328,0.1747042
801.5697,0.2006442
801.8114,0.2291158
801.9323,0.2443612
802.0531,0.2602925
802.174,0.2769602
802.2948,0.2943613
802.4157,0.3125502
802.5365,0.3315235
802.6574,0.3513404
802.7782,0.3719968
802.8991,0.3935569
803.0199,0.416016
803.1408,0.4394438
803.2616,0.4638351
803.3825,0.4892652
803.5033,0.5157287
803.6242,0.5433071
803.745,0.5719944
803.8659,0.6018791
803.9868,0.632981
804.2285,0.6989882
804.4702,0.7704206
804.7119,0.8476916
804.9536,0.9312516
805.1953,1.021591
805.437,1.119246
805.6787,1.224802
805.9204,1.338898
806.1621,1.462236
806.4038,1.595586
806.6455,1.739793
806.8872,1.895787
807.1289,2.064592
807.3706,2.24734
807.6123,2.445281
807.854,2.659798
808.0957,2.892429
808.3374,3.14488
808.5791,3.419052
808.8208,3.717064
809.0625,4.04129
809.3042,4.394385
809.5459,4.779335
809.7876,5.199499
810.0293,5.65867
810.271,6.161138
810.5127,6.711773
810.6336,7.00698
810.7544,7.316116
810.8753,7.640507
810.9961,7.98049
811.117,8.337564
811.2378,8.712138
811.3587,9.10591
811.4795,9.519379
811.6004,9.954473
811.7213,10.41219
811.8422,10.89398
811.963,11.40094
812.0839,11.9356
812.2047,12.49888
812.3256,13.09364
812.4464,13.72103
812.5673,14.38437
812.6881,15.08504
812.809,15.82689
812.9298,16.61163
813.0507,17.44376
813.1715,18.32536
813.2924,19.26171
813.4132,20.25541
813.5341,21.31265
813.6549,22.43668
813.7758,23.63483
813.8966,24.91115
814.0175,26.2744
814.1383,27.72967
814.2592,29.28747
814.38,30.95421
814.5009,32.74265
814.6217,34.66091
814.7426,36.72457
814.8634,38.94401
814.9843,41.33842
815.1051,43.9212
815.226,46.71618
815.3468,49.74078
815.4677,53.02497
815.5885,56.59158
815.7094,60.47871
815.8302,64.71662
815.9511,69.35436
816.0719,74.43245
816.1928,80.01491
816.3136,86.15674
816.4345,92.94273
816.4949,96.59901
816.5553,100.4485
816.6158,104.5113
816.6762,108.7883
816.7366,113.3014
816.797,118.0676
816.8575,123.1138
816.9179,128.4431
816.9783,134.0855
817.0387,140.0646
817.0992,146.4173
817.1596,153.151
817.22,160.3068
817.2804,167.919
817.3409,176.0388
817.4013,184.6807
817.4617,193.903
817.5221,203.7559
817.5826,214.3127
817.643,225.5998
817.7034,237.7018
817.7638,250.6939
817.8243,264.6834
817.8847,279.717
817.9451,295.9204
818.0055,313.4086
818.066,332.3427
818.1264,352.8037
818.1868,374.982
818.2472,399.057
818.3077,425.2745
818.3681,453.7724
818.4285,484.8431
818.4889,518.767
818.5494,555.9208
818.6098,596.5298
818.6702,641.038
818.7306,689.8703
818.7911,743.5848
818.8515,802.5088
818.9119,867.2658
818.9723,938.4207
819.0328,1016.685
819.0932,1102.363
819.1536,1196.089
819.214,1298.272
819.2632,1387.925
819.3123,1483.142
819.3614,1583.931
819.4105,1689.907
819.5088,1914.717
819.607,2147.623
819.6562,2262.677
819.7053,2373.025
819.7544,2475.934
819.8035,2568.238
819.8527,2646.918
819.9018,2708.734
819.9509,2751.451
820.0,2773.403
820.0492,2773.821
820.0984,2752.881
820.1476,2711.789
820.1968,2652.567
820.246,2577.841
820.2952,2490.588
820.3444,2393.883
820.3935,2290.911
820.4919,2075.565
820.5903,1861.853
820.6395,1759.233
820.6887,1660.654
820.7379,1566.665
820.787,1477.763
820.8221,1417.293
820.8571,1359.567
820.8921,1304.389
820.9271,1251.716
820.9622,1201.349
820.9972,1153.504
821.0322,1107.95
821.0672,1064.602
821.1023,1023.253
821.1373,984.0444
821.1723,946.7623
821.2073,911.3133
821.2424,877.5123
821.2774,845.4626
821.3124,814.9794
821.3474,785.9795
821.4175,732.0424
821.4875,683.2114
821.5576,638.8097
821.6276,598.4839
821.6977,561.6898
821.7677,528.1524
821.8378,497.4385
821.9078,469.3375
821.9779,443.5051
822.0479,419.7816
822.118,397.8923
822.188,377.7166
822.2581,359.0342
822.3281,341.7543
822.3982,325.699
822.4682,310.7997
822.5383,296.9118
822.6083,283.9838
822.6784,271.8969
822.7484,260.6124
822.8185,250.0323
822.8885,240.1274
822.9586,230.8161
823.0286,222.0767
823.0987,213.8405
823.1687,206.0917
823.2388,198.7721
823.3088,191.87
823.3789,185.3361
823.4489,179.1619
823.519,173.305
823.589,167.7597
823.7291,157.4899
823.8692,148.2066
824.0093,139.7867
824.1494,132.1254
824.2895,125.1333
824.4296,118.7339
824.5697,112.8612
824.7098,107.4582
824.8499,102.4752
824.99,97.86924
825.1301,93.60247
825.2702,89.64179
825.4103,85.95803
825.5504,82.52544
825.6905,79.3212
825.8306,76.32504
825.9707,73.51889
826.1108,70.88664
826.2509,68.41383
826.391,66.08752
826.5311,63.89603
826.6712,61.82886
826.8113,59.87651
826.9514,58.03038
827.0915,56.28266
827.2316,54.62626
827.3717,53.05473
827.5118,51.56218
827.792,48.79293
828.0722,46.28065
828.3524,43.99346
828.6326,41.90431
828.9128,39.99016
829.193,38.23125
829.4732,36.6106
829.7534,35.1135
830.0336,33.72718
830.3138,32.44052
830.594,31.24376
830.8742,30.12834
831.1544,29.08671
831.4346,28.11219
831.7148,27.19886
831.995,26.34143
832.2752,25.53522
832.5554,24.77599
832.8356,24.05998
833.1158,23.38378
833.396,22.74434
833.6762,22.13888
833.9564,21.56489
834.2366,21.02011
834.5168,20.50246
834.797,20.01005
835.0772,19.54118
835.3574,19.09426
835.9178,18.26066
836.4782,17.49909
837.0386,16.80095
837.599,16.15891
838.1594,15.56671
838.7198,15.01894
839.2802,14.51094
839.8406,14.03865
840.401,13.59855
840.9614,13.18752
841.5218,12.80286
842.0822,12.44215
842.6426,12.10326
843.203,11.78431
843.7634,11.48362
844.3238,11.19968
844.8842,10.93114
845.4446,10.67679
846.005,10.43553
846.5654,10.2064
847.1258,9.98849
847.6862,9.780996
848.2466,9.583183
848.807,9.394384
849.3674,9.213987
849.9278,9.041434
851.0486,8.71786
852.1694,8.420053
853.2902,8.144958
854.411,7.88997
855.5318,7.652857
856.6525,7.431712
857.7733,7.22483
858.8941,7.030779
860.0149,6.848291
861.1357,6.676252
862.2565,6.51368
863.3773,6.359705
864.4981,6.213557
865.6189,6.074547
866.7397,5.942059
867.8605,5.815541
868.9813,5.694497
870.1021,5.578477
871.2229,5.467076
872.3437,5.359925
873.4645,5.256687
874.5853,5.157057
876.8269,4.967516
879.0685,4.789317
881.3101,4.620769
883.5517,4.460413
885.7933,4.306983
888.0349,4.159359
890.2765,4.016548
892.518,3.877655
894.7596,3.741846
897.0012,3.608365
899.2428,3.476496
901.4844,3.345555
903.726,3.21488
905.9676,3.08382
908.2092,2.951729
910.4508,2.817953
911.5716,2.750226
912.6924,2.681826
913.8132,2.612668
914.934,2.542664
916.0548,2.471723
917.1756,2.399755
918.2964,2.326667
919.4172,2.252365
920.538,2.176751
921.6588,2.09973
922.7796,2.021203
923.9004,1.941072
925.0212,1.859241
926.142,1.775615
927.2628,1.690104
928.3835,1.602632
929.5043,1.513112
930.6251,1.421493
931.7459,1.327739
932.8667,1.231842
933.9875,1.133837
935.1083,1.033815
935.6687,0.9830968
936.2291,0.9319446
936.7895,0.8803964
937.3499,0.8284989
937.9103,0.7763092
938.4707,0.7238968
939.0311,0.6713454
939.5915,0.6187556
940.1519,0.5662481
940.7123,0.5139667
941.2727,0.4620831
941.8331,0.4108016
942.3935,0.3603653
942.9539,0.3110634
943.5143,0.2632401
943.7945,0.240008
944.0747,0.2173051
944.3549,0.1951949
944.6351,0.1737471
944.9153,0.1530375
945.1955,0.1331493
945.4757,0.1141734
945.7559,0.09620941
946.0361,0.07936638
946.3163,0.06376385
946.5965,0.04953298
946.8767,0.03681773
947.1569,0.02577629
947.297,0.02093693
947.4371,0.01658257
947.5772,0.01273769
947.7173,0.009427995
947.8574,0.006680465
947.9275,0.005525541
947.9975,0.004523432
948.0676,0.003675045
948.1376,0.002986656
948.2077,0.002460256
948.2777,0.0021014
948.3128,0.001985499
948.3478,0.001913224
948.3828,0.001884718
948.4178,0.001900522
948.4529,0.001961425
948.4879,0.002067635
948.5229,0.002219824
948.5579,0.002418562
948.628,0.002958906
948.698,0.003691836
948.7681,0.004624284
948.8381,0.005758544
948.9082,0.007102948
948.9782,0.008658875
949.0483,0.01043613
949.1183,0.01243513
949.2584,0.01713183
949.3985,0.02279587
949.5386,0.02947666
949.6787,0.03722625
949.8188,0.04609952
949.9589,0.05615433
950.099,0.06745175
950.2391,0.08005618
950.3792,0.09403565
950.5193,0.109462
950.6594,0.1264111
950.7995,0.1449631
950.9396,0.1652029
951.0797,0.1872202
951.2198,0.21111
951.3599,0.2369727
951.5,0.2649149
951.6401,0.2950494
951.7802,0.3274959
951.9203,0.3623813
952.0604,0.3998403
952.2005,0.4400158
952.3406,0.48306
952.4807,0.5291342
952.6208,0.5784104
952.7609,0.6310712
952.901,0.6873115
953.0411,0.7473384
953.1812,0.8113732
953.3213,0.8796518
953.4614,0.9524257
953.6015,1.029964
953.7416,1.112554
953.8817,1.200503
954.0218,1.29414
954.1619,1.393817
954.302,1.499913
954.4421,1.612832
954.5822,1.733009
954.7223,1.860913
954.8624,1.997044
955.0025,2.141945
955.1426,2.296198
955.2827,2.460431
955.4228,2.635322
955.5629,2.821603
955.703,3.020067
955.8431,3.231571
955.9832,3.457043
956.1233,3.697491
956.2634,3.954008
956.4035,4.227785
956.5436,4.520115
956.6837,4.832409
956.8238,5.166207
956.9639,5.52319
957.104,5.905198
957.2441,6.314247
957.3842,6.752549
957.5243,7.222535
957.6644,7.726878
957.8045,8.268527
957.9446,8.850737
958.0847,9.477108
958.2248,10.15163
958.3649,10.87873
958.505,11.66333
958.6451,12.51093
958.7852,13.42764
958.9253,14.42034
959.0654,15.49672
959.2055,16.66543
959.3456,17.93622
959.4857,19.32013
959.6258,20.82963
959.7659,22.47892
959.906,24.28418
960.0461,26.26391
960.1862,28.43931
960.3263,30.83478
960.3964,32.12464
960.4664,33.47853
960.5365,34.90456
960.6065,36.40323
960.6766,37.98374
960.7466,39.64691
960.8167,41.40326
960.8867,43.25402
960.9568,45.21126
961.0268,47.27674
961.0969,49.46436
961.1669,51.77658
961.237,54.2295
961.307,56.82645
961.3771,59.58617
961.4471,62.51316
961.5172,65.62934
961.5872,68.94069
961.6573,72.47302
961.7273,76.23424
961.7974,80.25494
961.8674,84.54553
961.9375,89.1425
962.0075,94.05953
962.0776,99.34048
962.1476,105.0033
962.2177,111.1011
962.2877,117.6576
962.3578,124.7374
962.4278,132.3719
962.4979,140.6406
962.5679,149.585
962.638,159.3037
962.708,169.8516
962.7781,181.3526
962.8481,193.8796
962.9182,207.5889
962.9882,222.5784
963.0583,239.0472
963.1283,257.1266
963.1984,277.0725
963.2684,299.0618
963.3035,310.9497
963.3385,323.4255
963.3735,336.5619
963.4085,350.4013
963.4436,365.0321
963.4786,380.4196
963.5136,396.6565
963.5486,413.7987
963.5837,431.9588
963.6187,451.0973
963.6537,471.3323
963.6887,492.7363
963.7238,515.4527
963.7588,539.4342
963.7938,564.83
963.8288,591.7314
963.8639,620.3182
963.8989,650.5283
963.9339,682.5453
963.9689,716.4771
964.004,752.54
964.039,790.641
964.074,830.9917
964.109,873.7019
964.144,918.8765
964.179,966.6123
964.214,1016.994
964.249,1070.089
964.296,1145.728
964.3429,1226.175
964.3899,1311.654
964.4368,1401.502
964.4838,1495.576
964.5307,1592.673
964.6245,1791.67
964.6715,1890.438
964.7184,1985.533
964.7654,2074.845
964.8123,2155.306
964.8593,2224.553
964.9062,2279.783
964.9531,2319.066
965.0,2340.927
965.047,2344.646
965.094,2330.283
965.141,2298.782
965.188,2251.786
965.235,2191.461
965.282,2120.283
965.329,2040.83
965.376,1955.602
965.47,1776.692
965.564,1598.14
965.611,1512.116
965.658,1429.324
965.705,1350.251
965.752,1275.192
965.817,1178.242
965.8495,1132.761
965.8819,1089.376
965.9144,1047.781
965.9469,1008.061
965.9794,970.1584
966.0118,934.1181
966.0443,899.6505
966.0768,866.8001
966.1093,835.4964
966.1417,805.7588
966.2066,750.3305
966.2715,699.9806
966.3365,654.1409
966.4014,612.4901
966.4664,574.478
966.5313,539.8418
966.5963,508.1333
966.6612,479.1456
966.7261,452.5565
966.791,428.1248
966.856,405.6028
966.9209,384.8689
966.9859,365.689
967.0508,347.9711
967.1158,331.5259
967.1807,316.284
967.2456,302.1122
967.3105,288.915
967.3755,276.5885
967.4404,265.0939
967.5054,254.3266
967.5703,244.2577
967.6353,234.8004
967.7002,225.9332
967.7651,217.5956
967.83,209.7466
967.895,202.3377
967.9599,195.3578
968.0249,188.7545
968.0898,182.52
968.1548,176.6094
968.2197,171.0176
968.2846,165.7137
968.3495,160.6782
968.4794,151.3353
968.6093,142.8702
968.7392,135.1749
968.869,128.163
968.9989,121.7451
969.1288,115.8594
969.2587,110.4475
969.3885,105.4627
969.5184,100.8534
969.6483,96.58527
969.7782,92.62461
969.908,88.94463
970.0379,85.5136
970.1678,82.31141
970.2977,79.31757
970.4275,76.51597
970.5574,73.88606
970.6873,71.41552
970.8172,69.09133
970.947,66.90342
971.0769,64.83785
971.2068,62.88685
971.3367,61.04179
971.4665,59.29616
971.5964,57.64019
971.7263,56.0688
971.8562,54.5761
971.986,53.15777
972.2458,50.51957
972.5055,48.12159
972.7653,45.93273
973.025,43.92985
973.2848,42.09019
973.5445,40.39694
973.8043,38.8331
974.064,37.38627
974.3238,36.04348
974.5835,34.79543
974.8433,33.63208
975.103,32.54636
975.3628,31.53037
975.6225,30.57866
975.8823,29.68494
976.142,28.84496
976.4018,28.05365
976.6615,27.30765
976.9213,26.60283
977.181,25.93653
977.4408,25.30535
977.7005,24.70715
977.9603,24.1391
978.22,23.59948
978.4798,23.08591
978.7395,22.59699
978.9993,22.13071
979.259,21.68594
979.7785,20.85483
980.298,20.09394
980.8175,19.39505
981.337,18.75112
981.8565,18.15613
982.376,17.60488
982.8955,17.09285
983.415,16.61613
983.9345,16.17128
984.454,15.75531
984.9735,15.36556
985.493,14.99969
986.0125,14.65562
986.532,14.33151
987.0515,14.02571
987.571,13.73673
988.0905,13.46326
988.61,13.2041
989.1295,12.95819
989.649,12.72454
990.1685,12.50228
990.688,12.2906
991.2075,12.08879
991.727,11.89617
992.2465,11.71213
992.766,11.53614
993.805,11.20624
994.844,10.90289
995.883,10.62301
996.922,10.36401
997.961,10.12364
998.9999,9.899986
999.0001,17.85959
1000.0,17.85317
1250.0,16.48556
1500.0,15.46047
1700.0,14.80197
2000.0,13.99896
2500.0,12.98664
3000.0,12.23205
3500.0,11.64171
4000.0,11.1637
5000.0,10.42994
6000.0,9.88695
7000.0,9.464807
8000.0,9.124847
9000.0,8.843724
10000.0,8.606399
11000.0,8.402696
12000.0,8.225448
13000.0,8.069448
14000.0,7.930811
15000.0,7.806572
16000.0,7.69442
17000.0,7.592531
18000.0,7.499443
19000.0,7.413966
20000.0,7.335122
21000.0,7.262095
22000.0,7.194207
23000.0,7.130885
24000.0,7.071634
25000.0,7.016037
26000.0,6.963732
27000.0,6.914403
28000.0,6.867777
29000.0,6.823614
30000.0,6.7817
37000.0,6.53788
44000.0,6.354678
50000.0,6.230677
51000.0,6.21001
58000.0,6.091607
65000.0,5.992056
70000.0,5.931007
72000.0,5.906588
79000.0,5.831979
86000.0,5.765963
93000.0,5.706892
100000.0,5.649846
125000.0,5.492921
150000.0,5.372078
170000.0,5.29238
200000.0,5.192311
250000.0,5.060964
260000.0,5.040305
264924.0,5.030133
300000.0,4.957669
338024.0,4.893531
350000.0,4.87333
381943.0,4.827568
400000.0,4.801699
427283.0,4.769732
458519.0,4.733134
497019.0,4.688025
500000.0,4.684532
560047.0,4.62752
600000.0,4.589586
681257.0,4.522378
700000.0,4.506875
719445.9,4.491939
719446.1,4.383895
747770.0,4.579083
772200.0,4.747438
772200.1,4.747439
779107.0,4.794983
780000.0,4.80113
787397.0,4.83442
794509.0,4.866427
794509.1,4.866427
1000000.0,5.201575
1051636.0,5.34112
1200000.0,5.742068
1487730.0,5.720812
1487734.0,5.720807
1500000.0,5.705974
1521630.0,5.703485
1700000.0,5.411496
1839840.0,5.304556
2000000.0,5.097851
2144740.0,4.802587
2144744.0,4.802579
2152450.0,4.786853
2193180.0,4.675855
2193186.0,4.675832
2200000.0,4.649624
2233549.0,4.622378
2233550.0,4.622377
2252899.0,4.605157
2252900.0,4.605156
2310478.0,4.533531
2310480.0,4.533529
2356960.0,4.475145
2356965.0,4.475138
2411340.0,4.39803
2413606.0,4.393676
2413610.0,4.393668
2461550.0,4.301193
2461554.0,4.301183
2500000.0,4.208003
2600000.0,4.075076
2700000.0,3.937101
2800000.0,3.804038
2900000.0,3.666566
3000000.0,3.545513
3500000.0,2.965187
4000000.0,2.563271
5000000.0,2.042247
6000000.0,2.075367
7000000.0,1.991478
7792580.0,2.032242
8000000.0,2.04291
9000000.0,2.174214
9811240.0,2.297851
9811241.0,2.297851
10000000.0,2.32128
10588890.0,2.405703
11000000.0,2.46464
12000000.0,2.584515
13000000.0,2.673408
14000000.0,2.731436
15000000.0,2.758719
16000000.0,2.756726
17000000.0,2.729869
17035700.0,2.728234
17035710.0,2.728234
17346960.0,2.713978
17346970.0,2.713978
17700000.0,2.697779
19000000.0,2.615726
20000000.0,2.535303
