1e-05,29.60813
1.03125e-05,29.60813
1.0625e-05,29.60813
1.09375e-05,29.60812
1.125e-05,29.60812
1.15625e-05,29.60812
1.1875e-05,29.60811
1.21875e-05,29.60811
1.25e-05,29.60811
1.28125e-05,29.6081
1.3125e-05,29.6081
1.34375e-05,29.6081
1.375e-05,29.60809
1.4375e-05,29.60809
1.5e-05,29.60808
1.5625e-05,29.60807
1.625e-05,29.60807
1.6875e-05,29.60806
1.75e-05,29.60805
1.8125e-05,29.60805
1.875e-05,29.60804
1.9375e-05,29.60803
2e-05,29.60802
2.09375e-05,29.60801
2.1875e-05,29.608
2.28125e-05,29.60799
2.375e-05,29.60798
2.46875e-05,29.60797
2.5625e-05,29.60796
2.65625e-05,29.60795
2.75e-05,29.60794
2.84375e-05,29.60793
2.9375e-05,29.60792
3.03125e-05,29.60791
3.125e-05,29.6079
3.21875e-05,29.60789
3.3125e-05,29.60788
3.40625e-05,29.60787
3.5e-05,29.60786
3.59375e-05,29.60785
3.6875e-05,29.60784
3.78125e-05,29.60783
3.875e-05,29.60782
3.96875e-05,29.60781
4.0625e-05,29.6078
4.25e-05,29.60778
4.4375e-05,29.60776
4.625e-05,29.60774
4.8125e-05,29.60772
5e-05,29.6077
5.15625e-05,29.60768
5.3125e-05,29.60766
5.46875e-05,29.60765
5.625e-05,29.60763
5.78125e-05,29.60761
5.9375e-05,29.6076
6.09375e-05,29.60758
6.25e-05,29.60756
6.40625e-05,29.60755
6.5625e-05,29.60753
6.71875e-05,29.60751
6.875e-05,29.6075
7.1875e-05,29.60746
7.5e-05,29.60743
7.8125e-05,29.60739
8.125e-05,29.60736
8.4375e-05,29.60733
8.75e-05,29.60729
9.0625e-05,29.60726
9.375e-05,29.60723
9.6875e-05,29.60719
0.0001,29.60716
0.000103125,29.60713
0.00010625,29.60709
0.000109375,29.60706
0.0001125,29.60702
0.000115625,29.60699
0.00011875,29.60696
0.000121875,29.60692
0.000125,29.60689
0.000128125,29.60686
0.00013125,29.60682
0.000134375,29.60679
0.0001375,29.60676
0.00014375,29.60669
0.00015,29.60662
0.00015625,29.60655
0.0001625,29.60649
0.00016875,29.60642
0.000175,29.60635
0.00018125,29.60629
0.0001875,29.60622
0.00019375,29.60615
0.0002,29.60609
0.000209375,29.60599
0.00021875,29.60588
0.000228125,29.60578
0.0002375,29.60568
0.000246875,29.60558
0.00025625,29.60548
0.000265625,29.60538
0.000275,29.60528
0.000284375,29.60518
0.00029375,29.60508
0.000303125,29.60498
0.0003125,29.60488
0.000321875,29.60478
0.00033125,29.60468
0.000340625,29.60458
0.00035,29.60448
0.000359375,29.60438
0.00036875,29.60428
0.000378125,29.60418
0.0003875,29.60408
0.000396875,29.60398
0.00040625,29.60388
0.000425,29.60368
0.00044375,29.60348
0.0004625,29.60328
0.00048125,29.60308
0.0005,29.60288
0.000515625,29.60271
0.00053125,29.60254
0.000546875,29.60238
0.0005625,29.60221
0.000578125,29.60204
0.00059375,29.60188
0.000609375,29.60171
0.000625,29.60154
0.000640625,29.60137
0.00065625,29.60121
0.000671875,29.60104
0.0006875,29.60087
0.00071875,29.60054
0.00075,29.60021
0.00078125,29.59987
0.0008125,29.59954
0.00084375,29.59921
0.000875,29.59887
0.00090625,29.59854
0.0009375,29.59821
0.00096875,29.59787
0.001,29.59754
0.00103125,29.59721
0.0010625,29.59688
0.00109375,29.59654
0.001125,29.59621
0.00115625,29.59588
0.0011875,29.59554
0.00121875,29.59521
0.00125,29.59488
0.00128125,29.59454
0.0013125,29.59421
0.00134375,29.59388
0.001375,29.59355
0.0014375,29.59288
0.0015,29.59221
0.0015625,29.59155
0.001625,29.59088
0.0016875,29.59022
0.00175,29.58955
0.0018125,29.58889
0.001875,29.58822
0.0019375,29.58756
0.002,29.58689
0.00209375,29.5859
0.0021875,29.5849
0.00228125,29.5839
0.002375,29.5829
0.00246875,29.58191
0.0025625,29.58091
0.00265625,29.57991
0.00275,29.57892
0.00284375,29.57792
0.0029375,29.57692
0.00303125,29.57593
0.003125,29.57493
0.00321875,29.57393
0.0033125,29.57294
0.00340625,29.57194
0.0035,29.57095
0.00359375,29.56995
0.0036875,29.56896
0.00378125,29.56796
0.003875,29.56696
0.00396875,29.56597
0.0040625,29.56497
0.00425,29.56298
0.0044375,29.56099
0.004625,29.559
0.0048125,29.55701
0.005,29.55503
0.00515625,29.55337
0.0053125,29.55171
0.00546875,29.55005
0.005625,29.5484
0.00578125,29.54674
0.0059375,29.54509
0.00609375,29.54343
0.00625,29.54177
0.00640625,29.54012
0.0065625,29.53846
0.00671875,29.53681
0.006875,29.53515
0.0071875,29.53184
0.0075,29.52854
0.0078125,29.52523
0.008125,29.52192
0.0084375,29.51862
0.00875,29.51531
0.0090625,29.51201
0.009375,29.5087
0.0096875,29.5054
0.01,29.5021
0.0103125,29.4988
0.010625,29.4955
0.0109375,29.4922
0.01125,29.4889
0.0115625,29.4856
0.011875,29.4823
0.0121875,29.47901
0.0125,29.47571
0.0128125,29.47241
0.013125,29.46912
0.0134375,29.46583
0.01375,29.46253
0.014375,29.45595
0.015,29.44937
0.015625,29.44279
0.01625,29.43622
0.016875,29.42964
0.0175,29.42307
0.018125,29.41651
0.01875,29.40994
0.019375,29.40338
0.02,29.39683
0.0206625,29.38988
0.021325,29.38293
0.0219875,29.37599
0.02265,29.36905
0.0233125,29.36212
0.023975,29.35519
0.0246375,29.34826
0.0253,29.34133
0.02607188,29.33327
0.02684375,29.32521
0.02761563,29.31715
0.0283875,29.3091
0.02915938,29.30105
0.02993125,29.29301
0.03070313,29.28497
0.031475,29.27693
0.03224688,29.2689
0.03301875,29.26087
0.03379063,29.25285
0.0345625,29.24483
0.03610625,29.22881
0.03765,29.2128
0.03919375,29.19681
0.0407375,29.18084
0.04228125,29.16488
0.043825,29.14894
0.04536875,29.13302
0.0469125,29.11711
0.04845625,29.10122
0.05,29.08535
0.0515625,29.0693
0.053125,29.05327
0.0546875,29.03725
0.05625,29.02126
0.0578125,29.00527
0.059375,28.98931
0.0609375,28.97336
0.0625,28.95743
0.0640625,28.94152
0.065625,28.92562
0.0671875,28.90974
0.06875,28.89387
0.071875,28.86219
0.075,28.83058
0.078125,28.79903
0.08125,28.76755
0.084375,28.73614
0.0875,28.70479
0.090625,28.6735
0.09375,28.64228
0.096875,28.61112
0.1,28.58003
0.103125,28.54901
0.10625,28.51805
0.109375,28.48715
0.1125,28.45631
0.115625,28.42554
0.11875,28.39483
0.121875,28.36419
0.125,28.33361
0.128125,28.30309
0.13125,28.27264
0.134375,28.24224
0.1375,28.21191
0.140625,28.18164
0.14375,28.15144
0.15,28.09121
0.15625,28.03123
0.1625,27.97149
0.16875,27.91199
0.175,27.85274
0.18125,27.79372
0.1875,27.73495
0.19375,27.67641
0.2,27.61811
0.2046875,27.57454
0.209375,27.5311
0.2140625,27.48779
0.21875,27.44461
0.228125,27.35863
0.2375,27.27318
0.246875,27.18823
0.25625,27.10379
0.265625,27.01986
0.275,26.93642
0.284375,26.85347
0.29375,26.77102
0.303125,26.68905
0.3125,26.60756
0.321875,26.52655
0.33125,26.44601
0.340625,26.36594
0.35,26.28634
0.359375,26.2072
0.36875,26.12852
0.378125,26.0503
0.3875,25.97252
0.396875,25.8952
0.40625,25.81832
0.415625,25.74187
0.425,25.66587
0.434375,25.5903
0.44375,25.51516
0.453125,25.44044
0.4625,25.36615
0.471875,25.29228
0.48125,25.21883
0.5,25.07316
0.53125,24.83397
0.5625,24.5992
0.59375,24.36872
0.625,24.14242
0.65625,23.9202
0.6875,23.70196
0.71875,23.4876
0.75,23.27703
0.78125,23.07014
0.8125,22.86686
0.84375,22.66709
0.875,22.47075
0.9375,22.08804
1.0,21.7181
1.0625,21.36034
1.125,21.01422
1.1875,20.67921
1.25,20.35481
1.3125,20.04056
1.375,19.73603
1.4375,19.44079
1.5,19.15446
1.5625,18.87666
1.625,18.60704
1.6875,18.34526
1.75,18.09102
1.8125,17.844
1.875,17.60393
1.9375,17.37054
2.0,17.14355
2.09375,16.81458
2.1875,16.49871
2.28125,16.19522
2.375,15.90345
2.46875,15.62276
2.5625,15.35257
2.65625,15.09234
2.75,14.84155
2.84375,14.59973
2.9375,14.36644
3.03125,14.14125
3.125,13.92377
3.21875,13.71363
3.3125,13.5105
3.40625,13.31403
3.5,13.12393
3.59375,12.93991
3.6875,12.7617
3.875,12.42168
4.0625,12.10198
4.25,11.80093
4.4375,11.51702
4.625,11.24888
4.8125,10.99531
5.0,10.75519
5.15625,10.56465
5.3125,10.38224
5.46875,10.20746
5.625,10.03987
5.78125,9.879061
5.9375,9.724636
6.09375,9.576241
6.25,9.433546
6.40625,9.296239
6.5625,9.164035
6.71875,9.036664
6.875,8.913876
7.03125,8.795439
7.1875,8.681132
7.34375,8.570753
7.5,8.464108
7.8125,8.261316
8.125,8.071445
8.4375,7.893337
8.75,7.725966
9.0625,7.568415
9.375,7.41987
9.6875,7.2796
10.0,7.14695
10.3125,7.021329
10.625,6.902207
10.9375,6.789102
11.25,6.681578
11.5625,6.57924
11.875,6.481728
12.1875,6.388712
12.5,6.299893
12.8125,6.214997
13.125,6.133771
13.4375,6.055984
13.75,5.981424
14.0625,5.909893
14.375,5.841212
14.6875,5.775212
15.0,5.711739
15.3125,5.65065
15.625,5.59181
15.9375,5.535097
16.25,5.480394
16.5625,5.427594
16.875,5.376598
17.1875,5.327311
17.5,5.279645
18.125,5.188857
18.75,5.103635
19.375,5.023452
20.0,4.947842
20.68546,4.869682
21.37091,4.796034
22.05637,4.726461
22.74182,4.660575
23.42728,4.598023
24.11273,4.53849
24.79818,4.481682
25.48363,4.427331
26.16909,4.375186
26.85454,4.325012
27.53999,4.276583
28.22544,4.229676
28.9109,4.184072
29.59635,4.139549
30.2818,4.095872
30.96725,4.052789
31.65271,4.01002
31.99544,3.988654
32.33816,3.967242
32.68089,3.945733
33.02362,3.92407
33.36635,3.902193
33.70907,3.88003
34.0518,3.8575
34.39453,3.834509
34.73726,3.81095
35.07998,3.786696
35.42271,3.761593
35.59407,3.748668
35.76543,3.73546
35.9368,3.721939
36.10816,3.708075
36.27952,3.693831
36.45088,3.679166
36.62225,3.664036
36.79361,3.648392
36.96498,3.632175
37.13634,3.615322
37.30771,3.597758
37.47907,3.579402
37.65043,3.560155
37.82179,3.539906
37.99316,3.518524
38.07884,3.507362
38.16452,3.495859
38.2502,3.483991
38.33588,3.471733
38.42156,3.459057
38.50724,3.445933
38.59293,3.432327
38.67861,3.418205
38.76429,3.403527
38.84997,3.388249
38.93565,3.372321
39.02133,3.355692
39.10701,3.3383
39.19269,3.320081
39.27838,3.300957
39.36406,3.280851
39.44974,3.259667
39.53542,3.2373
39.62111,3.213629
39.70679,3.188524
39.79247,3.161828
39.83531,3.14783
39.87815,3.133367
39.921,3.118408
39.96384,3.102932
40.00668,3.086906
40.04952,3.070298
40.09236,3.053071
40.1352,3.035188
40.17804,3.016608
40.22088,2.997285
40.26372,2.977172
40.30656,2.956216
40.3494,2.934359
40.39224,2.911539
40.43508,2.887688
40.47792,2.862732
40.52076,2.836588
40.5636,2.809166
40.60645,2.780362
40.64929,2.75008
40.69213,2.718195
40.73497,2.684574
40.77781,2.649071
40.82065,2.611525
40.86349,2.571756
40.88491,2.550977
40.90633,2.529567
40.92775,2.507496
40.94917,2.484736
40.97059,2.461255
40.99201,2.437021
41.01343,2.411998
41.03485,2.386151
41.05627,2.359441
41.07769,2.331828
41.09911,2.303272
41.12053,2.273727
41.14195,2.24315
41.16337,2.211493
41.18479,2.178709
41.20621,2.144747
41.22763,2.109559
41.24905,2.073093
41.27048,2.035283
41.2919,1.996117
41.31332,1.955534
41.33474,1.913495
41.35616,1.869971
41.37758,1.824944
41.399,1.778414
41.42042,1.730404
41.43113,1.705861
41.44184,1.680973
41.45255,1.655754
41.46326,1.630224
41.47397,1.604405
41.48468,1.578325
41.49539,1.552019
41.5061,1.525531
41.51681,1.49891
41.52752,1.472218
41.53823,1.445529
41.54894,1.41893
41.55965,1.392525
41.57036,1.36644
41.58107,1.340823
41.59178,1.31585
41.60249,1.291732
41.6132,1.268717
41.62391,1.247106
41.63462,1.227252
41.64533,1.209583
41.65604,1.194607
41.66675,1.182937
41.67746,1.175307
41.68817,1.172607
41.69888,1.175912
41.70959,1.186528
41.71495,1.195071
41.7203,1.206047
41.72566,1.219753
41.73101,1.236421
41.73637,1.256426
41.74172,1.280045
41.74708,1.307754
41.75243,1.339883
41.75779,1.377035
41.76314,1.419612
41.7685,1.468376
41.77385,1.523823
41.77921,1.586919
41.78456,1.658282
41.78992,1.739138
41.79527,1.830268
41.80063,1.933235
41.80598,2.049036
41.81134,2.17967
41.81669,2.326423
41.81937,2.406704
41.82205,2.491866
41.82473,2.582207
41.8274,2.677676
41.83008,2.779325
41.83276,2.88717
41.83544,3.001598
41.83811,3.122556
41.84079,3.251392
41.84347,3.388139
41.84615,3.533307
41.84882,3.686844
41.8515,3.850483
41.85418,4.024289
41.85686,4.208929
41.85953,4.404367
41.86221,4.612832
41.86489,4.834437
41.86757,5.070067
41.87024,5.319703
41.87292,5.586229
41.8756,5.869826
41.87828,6.17166
41.88095,6.491747
41.88363,6.833816
41.88631,7.198141
41.88899,7.586252
41.89166,7.998196
41.89434,8.438801
41.89702,8.908435
41.8997,9.409081
41.90237,9.940789
41.90505,10.50977
41.90773,11.11645
41.91041,11.76331
41.91308,12.45031
41.91576,13.1853
41.91844,13.96863
41.92112,14.8032
41.92379,15.68859
41.92647,16.63443
41.92915,17.64055
41.93183,18.70992
41.9345,19.84103
41.9386,21.71171
41.94269,23.74639
41.94679,25.96079
41.95088,28.34627
41.95498,30.9116
41.95907,33.63476
41.96316,36.504
41.96725,39.4916
41.97135,42.56625
41.97544,45.66214
41.97954,48.73207
41.98363,51.68945
41.98773,54.47079
41.99182,56.98374
41.99591,59.16153
42.0,60.94147
42.0041,62.28014
42.00819,63.14532
42.01229,63.53762
42.01638,63.47264
42.02048,62.98568
42.02457,62.12801
42.02866,60.95595
42.03275,59.52971
42.03685,57.90441
42.04094,56.14325
42.04913,52.3866
42.05323,50.46775
42.05732,48.56745
42.06141,46.70235
42.0655,44.88829
42.06938,43.2248
42.07325,41.62786
42.07713,40.09321
42.081,38.63077
42.08488,37.23355
42.08875,35.90816
42.09263,34.64632
42.0965,33.45252
42.10038,32.31814
42.10425,31.24635
42.10813,30.22876
42.112,29.26772
42.11588,28.35535
42.11975,27.49349
42.12362,26.67697
42.12749,25.90312
42.13137,25.16755
42.13524,24.47162
42.13912,23.80943
42.14299,23.18223
42.14687,22.58475
42.15074,22.01814
42.15462,21.47768
42.15849,20.9645
42.16237,20.47435
42.16624,20.00833
42.17012,19.56263
42.17399,19.1383
42.17787,18.73195
42.18174,18.34457
42.18948,17.61943
42.19723,16.95355
42.20498,16.3414
42.21273,15.77729
42.22048,15.25623
42.22823,14.77387
42.23598,14.32636
42.24373,13.91035
42.25147,13.52331
42.25922,13.16163
42.26697,12.82348
42.27472,12.50678
42.28247,12.20966
42.29022,11.93047
42.29797,11.66774
42.30572,11.42011
42.31346,11.18669
42.32121,10.9658
42.32896,10.75677
42.33671,10.55871
42.34446,10.37082
42.35221,10.19238
42.35996,10.02272
42.36771,9.861236
42.37545,9.707571
42.3832,9.560823
42.39095,9.420732
42.3987,9.286872
42.40645,9.158853
42.42195,8.918926
42.43744,8.69853
42.45294,8.495196
42.46844,8.307195
42.48394,8.132906
42.49943,7.971025
42.51493,7.820118
42.53042,7.679311
42.54592,7.547483
42.56141,7.423977
42.57691,7.307901
42.59241,7.198688
42.60791,7.095758
42.6234,6.998656
42.6389,6.906794
42.6544,6.819823
42.6699,6.737367
42.68539,6.65914
42.70089,6.584735
42.71639,6.513928
42.73189,6.446467
42.74738,6.382165
42.76288,6.320729
42.77838,6.262013
42.79388,6.20584
42.80937,6.152085
42.82487,6.100531
42.84037,6.051079
42.87136,5.958017
42.90236,5.87195
42.93335,5.792171
42.96435,5.717972
42.99534,5.648832
43.02633,5.584232
43.05732,5.523738
43.08832,5.466953
43.11931,5.413579
43.15031,5.363284
43.1813,5.315839
43.2123,5.270977
43.24329,5.22852
43.27429,5.188251
43.30528,5.150028
43.33628,5.113675
43.36727,5.079077
43.39827,5.046088
43.42926,5.014617
43.46026,4.98454
43.49125,4.955784
43.52224,4.928252
43.55323,4.901867
43.58423,4.876549
43.61522,4.852249
43.64622,4.828889
43.67721,4.80643
43.7392,4.763979
43.80118,4.724535
43.86317,4.687767
43.92516,4.653409
43.98715,4.621223
44.04913,4.591005
44.11112,4.562564
44.17311,4.535744
44.2351,4.510404
44.29709,4.486419
44.35908,4.463677
44.42107,4.442077
44.48306,4.42153
44.54504,4.401959
44.60703,4.383286
44.66902,4.365448
44.73101,4.348386
44.79299,4.332049
44.85498,4.316383
44.91697,4.301346
44.97896,4.286897
45.04094,4.273001
45.10293,4.25962
45.16492,4.246724
45.2889,4.222276
45.41288,4.199452
45.53685,4.178077
45.66083,4.157997
45.7848,4.139086
45.90878,4.121225
46.03275,4.10432
46.15673,4.088279
46.28071,4.073029
46.40469,4.058502
46.52866,4.044637
46.65264,4.031381
46.77662,4.018684
46.9006,4.006506
47.02457,3.994808
47.14855,3.983553
47.27253,3.972712
47.39651,3.962254
47.52048,3.952156
47.64446,3.942393
47.76843,3.932943
48.01638,3.914907
48.26434,3.897907
48.51229,3.88183
48.76024,3.866573
49.00819,3.852051
49.25615,3.838191
49.5041,3.824928
49.75205,3.812207
50.0,3.799979
50.29586,3.785973
50.59172,3.772543
50.88758,3.759634
51.18344,3.747197
51.4793,3.735189
51.77516,3.723573
52.07102,3.712315
52.36688,3.701385
52.66274,3.690757
52.9586,3.680406
53.55032,3.660452
54.14204,3.64137
54.73375,3.623034
55.32547,3.605331
55.91719,3.588166
56.50891,3.571451
57.10063,3.555106
57.69235,3.539053
58.28407,3.523216
58.87579,3.507517
59.4675,3.491871
60.05922,3.476186
60.35508,3.468296
60.65094,3.460355
60.9468,3.452346
61.24266,3.44425
61.53852,3.436045
61.83438,3.427709
62.13024,3.419213
62.4261,3.410526
62.72196,3.401611
63.01782,3.392423
63.31368,3.382911
63.46161,3.378014
63.60954,3.373012
63.75747,3.367894
63.9054,3.362649
64.05333,3.357264
64.20125,3.351727
64.34918,3.346021
64.49711,3.340128
64.64504,3.33403
64.79297,3.327703
64.9409,3.321122
65.08883,3.314258
65.23676,3.307078
65.38469,3.299541
65.53262,3.291603
65.60659,3.287467
65.68055,3.283211
65.75452,3.278826
65.82848,3.274303
65.90245,3.269632
65.97641,3.264804
66.05038,3.259806
66.12434,3.254626
66.19831,3.24925
66.27227,3.243663
66.34624,3.237847
66.4202,3.231785
66.49417,3.225454
66.56813,3.218833
66.6421,3.211893
66.71606,3.204609
66.79003,3.196944
66.86399,3.188865
66.93796,3.180326
67.01192,3.171284
67.08589,3.161681
67.12287,3.156651
67.15985,3.151458
67.19684,3.14609
67.23382,3.14054
67.2708,3.134796
67.30778,3.128847
67.34477,3.122678
67.38175,3.11628
67.41873,3.109635
67.45571,3.102729
67.4927,3.095542
67.52968,3.088058
67.56666,3.080257
67.60364,3.072114
67.64063,3.063605
67.67761,3.054706
67.71459,3.045385
67.75157,3.035612
67.78856,3.025346
67.82554,3.014556
67.86252,3.003194
67.8995,2.991213
67.93649,2.978555
67.97347,2.96517
68.01045,2.950986
68.02894,2.943573
68.04743,2.935932
68.06593,2.928048
68.08442,2.919919
68.10291,2.911529
68.1214,2.902866
68.13989,2.893916
68.15838,2.884666
68.17687,2.8751
68.19536,2.865203
68.21386,2.854954
68.23235,2.844346
68.25084,2.833355
68.26933,2.821963
68.28782,2.810149
68.30631,2.797893
68.3248,2.785173
68.34329,2.771967
68.36179,2.758243
68.38028,2.743995
68.39877,2.72919
68.41726,2.713806
68.43575,2.69782
68.45424,2.681214
68.47273,2.66397
68.49122,2.646075
68.50972,2.627515
68.51897,2.617989
68.52821,2.608313
68.53746,2.598469
68.5467,2.588481
68.55595,2.578334
68.56519,2.568057
68.57444,2.557638
68.58368,2.54711
68.59293,2.536467
68.60217,2.525749
68.61142,2.514956
68.62066,2.504139
68.62991,2.493307
68.63915,2.482525
68.6484,2.471818
68.65765,2.461256
68.6669,2.450909
68.67614,2.440875
68.68539,2.431233
68.69463,2.422126
68.70388,2.413685
68.71312,2.406106
68.72237,2.39959
68.73161,2.394413
68.74086,2.390882
68.7501,2.389395
68.75935,2.390422
68.76859,2.394543
68.77322,2.39799
68.77784,2.402483
68.78246,2.408147
68.78708,2.415109
68.79171,2.423533
68.79633,2.433544
68.80095,2.445337
68.80557,2.459114
68.8102,2.475136
68.81482,2.493586
68.81944,2.514779
68.82406,2.539033
68.82869,2.566769
68.83331,2.598272
68.83793,2.634052
68.84255,2.674622
68.84718,2.720669
68.8518,2.772652
68.85642,2.831409
68.86104,2.897783
68.86567,2.972905
68.87029,3.057537
68.87491,3.153067
68.87953,3.260896
68.88416,3.38289
68.88878,3.520329
68.8934,3.675498
68.89802,3.850698
68.90265,4.04897
68.90727,4.272361
68.91189,4.524493
68.91651,4.808919
68.92114,5.130236
68.92345,5.305415
68.92576,5.491205
68.92807,5.688152
68.93038,5.896808
68.93269,6.117721
68.935,6.35143
68.93907,6.795911
68.94313,7.283056
68.94719,7.815978
68.95125,8.395954
68.95532,9.024721
68.95938,9.697767
68.96344,10.41316
68.9675,11.16503
68.97157,11.94666
68.97563,12.74245
68.97969,13.53954
68.98375,14.32054
68.98782,15.06792
68.99188,15.75792
68.99594,16.3731
69.0,16.89644
69.00407,17.31555
69.00813,17.61993
69.01219,17.80772
69.01625,17.88122
69.02032,17.84718
69.02438,17.7164
69.02844,17.50197
69.0325,17.21807
69.03657,16.87815
69.04063,16.49749
69.04875,15.65936
69.05282,15.22057
69.05688,14.7808
69.06094,14.34482
69.065,13.91709
69.06828,13.57983
69.07156,13.25139
69.07484,12.9327
69.07812,12.62438
69.0814,12.32683
69.08468,12.04025
69.08796,11.76469
69.09124,11.50007
69.09452,11.24622
69.0978,11.00291
69.10108,10.76985
69.10436,10.54669
69.10764,10.33309
69.11092,10.12867
69.1142,9.933053
69.11748,9.745858
69.12076,9.566706
69.12404,9.395225
69.12732,9.231052
69.1306,9.073836
69.13388,8.923238
69.13716,8.778931
69.14044,8.640605
69.14372,8.50796
69.15028,8.258597
69.15684,8.028738
69.1634,7.816488
69.16996,7.62015
69.17652,7.438206
69.18308,7.2693
69.18964,7.11222
69.1962,6.965885
69.20276,6.829327
69.20932,6.701682
69.21588,6.582176
69.22244,6.470115
69.229,6.364875
69.23556,6.265897
69.24212,6.172676
69.24868,6.084756
69.25524,6.001726
69.2618,5.923214
69.26836,5.848883
69.27491,5.77853
69.28147,5.711663
69.28803,5.648138
69.29459,5.587723
69.30115,5.530208
69.30771,5.475397
69.31427,5.423113
69.32083,5.373194
69.32739,5.32549
69.33395,5.279863
69.34051,5.236185
69.35363,5.154218
69.36675,5.078753
69.37987,5.009071
69.39299,4.944555
69.40611,4.884667
69.41923,4.828942
69.43235,4.776972
69.44547,4.728399
69.45859,4.68291
69.47171,4.640227
69.48482,4.600133
69.49794,4.562349
69.51106,4.526711
69.52418,4.493045
69.5373,4.461195
69.55042,4.43102
69.56354,4.402394
69.57666,4.375201
69.58978,4.349339
69.6029,4.324713
69.61602,4.301238
69.62914,4.278836
69.64226,4.257435
69.65538,4.236972
69.6685,4.217385
69.68162,4.198621
69.69473,4.180641
69.70785,4.163374
69.72097,4.146789
69.74721,4.115512
69.77345,4.086528
69.79968,4.059605
69.82592,4.034511
69.85216,4.011075
69.8784,3.989136
69.90463,3.968563
69.93087,3.949217
69.95711,3.930996
69.98335,3.913806
70.00959,3.897559
70.03583,3.882179
70.06207,3.867597
70.08831,3.853753
70.11454,3.840594
70.14078,3.828061
70.16702,3.816115
70.19326,3.804713
70.21949,3.793822
70.24573,3.783401
70.27197,3.773422
70.29821,3.763857
70.32444,3.754683
70.35068,3.745869
70.37692,3.737397
70.4294,3.721398
70.48188,3.706543
70.53435,3.692711
70.58683,3.679788
70.6393,3.667689
70.69178,3.656329
70.74425,3.645641
70.79673,3.635561
70.84921,3.626035
70.90169,3.617016
70.95416,3.608462
71.00664,3.600334
71.05912,3.592597
71.1116,3.585222
71.16407,3.578183
71.21655,3.571451
71.26903,3.565008
71.32151,3.558831
71.37398,3.552904
71.42646,3.547208
71.47893,3.541729
71.53141,3.536452
71.58388,3.531367
71.63636,3.526458
71.68884,3.521717
71.79379,3.512699
71.89874,3.50424
72.00369,3.496282
72.10865,3.48877
72.2136,3.481662
72.31855,3.474917
72.4235,3.468502
72.52846,3.462384
72.63341,3.45654
72.73837,3.450944
72.84332,3.445577
72.94828,3.440419
73.05323,3.435455
73.15818,3.430669
73.26313,3.426047
73.36809,3.421577
73.47304,3.41725
73.57799,3.413054
73.68294,3.408981
73.89285,3.401171
74.10275,3.393763
74.31266,3.386707
74.52257,3.379962
74.73248,3.373495
74.94238,3.367276
75.15229,3.361277
75.36219,3.355478
75.5721,3.349857
75.782,3.344399
75.99191,3.339087
76.20182,3.333909
76.41173,3.328852
76.62163,3.323907
77.04144,3.31431
77.46125,3.305054
77.88107,3.296084
78.30088,3.287354
78.72069,3.278826
79.1405,3.270466
79.56032,3.262246
79.98013,3.25414
80.39994,3.246125
80.81975,3.238179
81.23957,3.230281
81.65938,3.222414
82.07919,3.214558
82.499,3.206695
82.91882,3.198807
83.33863,3.190874
83.75844,3.182878
84.17825,3.174797
84.59807,3.166609
85.01788,3.15829
85.43769,3.149812
85.8575,3.141145
86.27732,3.132254
86.69713,3.123101
87.11694,3.113639
87.53675,3.103814
87.74666,3.098746
87.95657,3.093562
88.16648,3.088253
88.37638,3.082807
88.58629,3.077212
88.79619,3.071455
89.0061,3.06552
89.216,3.05939
89.42591,3.053047
89.63582,3.046469
89.84573,3.039633
90.05563,3.032511
90.26554,3.025071
90.47544,3.017279
90.68535,3.009094
90.89525,3.000468
91.10516,2.991347
91.21012,2.98658
91.31507,2.981666
91.42003,2.976592
91.52498,2.971349
91.62993,2.965926
91.73488,2.960309
91.83984,2.954484
91.94479,2.948436
92.04974,2.942149
92.15469,2.935603
92.25965,2.928779
92.3646,2.921653
92.46955,2.914201
92.5745,2.906395
92.67946,2.898202
92.78441,2.889589
92.88937,2.880515
92.99432,2.870937
93.09928,2.860803
93.20423,2.850059
93.30918,2.838637
93.36166,2.832649
93.41413,2.826465
93.46661,2.82007
93.51909,2.813454
93.57157,2.806604
93.62404,2.799508
93.67652,2.792149
93.72899,2.784512
93.78147,2.776578
93.83394,2.768331
93.88642,2.759748
93.9389,2.750807
93.99138,2.741484
94.04385,2.731756
94.09633,2.721589
94.1488,2.710957
94.20128,2.699821
94.25375,2.688147
94.30623,2.67589
94.35871,2.663007
94.41119,2.649447
94.46366,2.635159
94.51614,2.620075
94.56862,2.604132
94.59486,2.595816
94.6211,2.587256
94.64734,2.578442
94.67357,2.569368
94.69981,2.560013
94.72605,2.55037
94.75229,2.540426
94.77853,2.530167
94.80477,2.519579
94.83101,2.508648
94.85725,2.497359
94.88348,2.4857
94.90972,2.473645
94.93596,2.461182
94.9622,2.448294
94.98843,2.434967
95.01467,2.421173
95.04091,2.406899
95.06715,2.392127
95.09338,2.376846
95.11962,2.361026
95.14586,2.344659
95.1721,2.327734
95.19834,2.310241
95.22458,2.292178
95.25082,2.273549
95.27706,2.25437
95.30329,2.234675
95.31641,2.224642
95.32953,2.214499
95.34265,2.204255
95.35577,2.193922
95.36889,2.183516
95.38201,2.173054
95.39513,2.162558
95.40824,2.152061
95.42136,2.141577
95.43448,2.131151
95.4476,2.120824
95.46072,2.110647
95.47384,2.100681
95.48696,2.090995
95.50008,2.081674
95.51319,2.072824
95.52631,2.064548
95.53943,2.056995
95.55255,2.050331
95.56567,2.044755
95.57879,2.040506
95.59191,2.037871
95.60503,2.037192
95.61815,2.038886
95.63127,2.043454
95.64439,2.051509
95.65751,2.063797
95.66407,2.071807
95.67063,2.081234
95.67719,2.092225
95.68375,2.104947
95.69031,2.119583
95.69687,2.136338
95.70343,2.155442
95.70999,2.177151
95.71655,2.201754
95.7231,2.229529
95.72966,2.260926
95.73622,2.296315
95.74278,2.336162
95.74934,2.380991
95.7559,2.431399
95.76246,2.488065
95.76902,2.551759
95.77558,2.623363
95.78214,2.703886
95.7887,2.794484
95.79526,2.896486
95.80182,3.011423
95.80838,3.141064
95.81494,3.287455
95.8215,3.452973
95.82805,3.640077
95.83461,3.852555
95.84117,4.0939
95.84445,4.226745
95.84773,4.368515
95.85101,4.519879
95.85429,4.681562
95.85757,4.854353
95.86085,5.039102
95.86413,5.236734
95.86741,5.448251
95.87069,5.674739
95.87397,5.917372
95.87725,6.177424
95.88053,6.456274
95.88381,6.755412
95.88709,7.076445
95.89037,7.421109
95.89365,7.791271
95.89693,8.188935
95.90021,8.616246
95.90349,9.075495
95.90677,9.569111
95.91005,10.09966
95.91333,10.66984
95.91661,11.28246
95.91989,11.94038
95.92317,12.64655
95.92645,13.40389
95.92973,14.21524
95.933,15.08054
95.93719,16.2754
95.94138,17.57062
95.94557,18.96842
95.94975,20.4649
95.95394,22.0637
95.95813,23.75355
95.96232,25.52137
95.9665,27.34344
95.97069,29.20238
95.97488,31.06066
95.97907,32.87847
95.98325,34.60674
95.98744,36.20585
95.99163,37.62382
95.99582,38.81692
96.0,39.74738
96.00419,40.39484
96.00838,40.7451
96.01257,40.80033
96.01675,40.57644
96.02094,40.09806
96.02513,39.39876
96.02932,38.51624
96.0335,37.49199
96.04188,35.15289
96.05025,32.64314
96.05444,31.38209
96.05863,30.14091
96.06282,28.93174
96.067,27.76608
96.07085,26.73343
96.07469,25.7456
96.07853,24.80145
96.08237,23.90153
96.08621,23.04566
96.09005,22.23305
96.09389,21.4625
96.09773,20.73252
96.10158,20.03968
96.10542,19.38576
96.10926,18.76705
96.1131,18.18168
96.11694,17.62781
96.12078,17.10362
96.12462,16.60737
96.12846,16.13739
96.13231,15.69095
96.13615,15.26888
96.13999,14.86854
96.14383,14.4886
96.14767,14.12781
96.15151,13.78497
96.15535,13.459
96.15919,13.14885
96.16303,12.85357
96.16687,12.57226
96.17071,12.30407
96.17455,12.04823
96.17839,11.80401
96.18223,11.57072
96.18991,11.13446
96.1976,10.73439
96.20528,10.36753
96.21296,10.02987
96.22064,9.718364
96.22832,9.430342
96.236,9.163462
96.24368,8.91566
96.25136,8.685116
96.25905,8.46995
96.26673,8.269292
96.27441,8.081582
96.28209,7.905691
96.28977,7.740608
96.29745,7.585431
96.30513,7.439347
96.31281,7.301628
96.3205,7.171454
96.32818,7.048569
96.33586,6.932262
96.34354,6.822049
96.35123,6.717355
96.35891,6.61805
96.36659,6.52363
96.37427,6.43376
96.38196,6.348027
96.38964,6.266373
96.39732,6.188428
96.405,6.113956
96.42036,5.974583
96.43572,5.846714
96.45109,5.728963
96.46645,5.620356
96.48181,5.519843
96.49717,5.426582
96.51254,5.339787
96.5279,5.258933
96.54326,5.183401
96.55862,5.112698
96.57399,5.046346
96.58935,4.984047
96.60472,4.925375
96.62008,4.870102
96.63545,4.817881
96.65081,4.768536
96.66617,4.721811
96.68153,4.677507
96.6969,4.635419
96.71226,4.595438
96.72762,4.55739
96.74298,4.52114
96.75835,4.486543
96.77371,4.453535
96.78907,4.421988
96.80443,4.39181
96.8198,4.362897
96.83516,4.335208
96.86588,4.283156
96.89661,4.235103
96.92733,4.190639
96.95806,4.149354
96.98878,4.110946
97.01951,4.075104
97.05023,4.041602
97.08096,4.010199
97.11169,3.980714
97.14242,3.952977
97.17314,3.926845
97.20387,3.902168
97.23459,3.878841
97.26532,3.856743
97.29604,3.835792
97.32677,3.815887
97.35749,3.796965
97.38822,3.778941
97.41894,3.761765
97.44967,3.745365
97.48039,3.729701
97.51112,3.714713
97.54184,3.700367
97.57257,3.686614
97.6033,3.673421
97.63403,3.660754
97.66475,3.648586
97.7262,3.625613
97.78765,3.604297
97.8491,3.584461
97.91055,3.565951
97.972,3.548634
98.03345,3.532395
98.09491,3.51713
98.15636,3.502756
98.21781,3.48919
98.27926,3.476363
98.34072,3.464212
98.40217,3.452685
98.46362,3.44173
98.52507,3.431304
98.58653,3.421365
98.64798,3.41188
98.70943,3.402815
98.77088,3.39414
98.83233,3.385829
98.89378,3.377858
98.95523,3.370203
99.01668,3.362845
99.07814,3.355763
99.13959,3.348943
99.26249,3.336024
99.38539,3.323973
99.50829,3.312695
99.6312,3.302107
99.7541,3.29214
99.877,3.282731
99.9999,3.273826
100.0,3.273799
100.0001,3.273792
100.0005,3.273764
100.0008,3.273743
100.0015,3.273694
100.0029,3.273595
100.0057,3.273398
100.0113,3.273004
100.0225,3.27222
100.0449,3.270663
100.0897,3.267592
100.1793,3.261617
100.2689,3.255855
100.3585,3.25029
100.5377,3.239706
100.7169,3.229776
100.8961,3.220426
101.0753,3.211591
101.2545,3.203217
101.4336,3.195259
101.6128,3.187668
101.792,3.180412
101.9712,3.173459
102.1504,3.166781
102.3296,3.160354
102.5088,3.154155
102.688,3.148166
102.8671,3.14237
103.0463,3.136748
103.2255,3.131286
103.4047,3.125974
103.5839,3.120799
103.9423,3.110819
104.3006,3.101277
104.659,3.092105
105.0174,3.083256
105.3758,3.074683
105.7341,3.066353
106.0925,3.058227
106.4509,3.05028
106.8093,3.042485
107.1676,3.034823
107.526,3.027268
107.8844,3.019806
108.2428,3.012418
108.6011,3.005093
109.3179,2.990559
110.0346,2.976104
110.7514,2.961624
111.4681,2.947028
112.1849,2.932213
112.5433,2.924691
112.9016,2.917076
113.26,2.909349
113.6184,2.901493
113.9768,2.893491
114.3351,2.885323
114.6935,2.876962
115.0519,2.868381
115.4103,2.85955
115.7686,2.850434
116.127,2.840984
116.4854,2.831151
116.8438,2.820871
117.023,2.815539
117.2021,2.810069
117.3813,2.80444
117.5605,2.798641
117.7397,2.792657
117.9189,2.786468
118.0981,2.780054
118.2773,2.77339
118.4565,2.766449
118.6356,2.759202
118.8148,2.751603
118.994,2.743613
119.1732,2.73518
119.2628,2.730777
119.3524,2.72624
119.442,2.721558
119.5316,2.71672
119.6212,2.711714
119.7108,2.706529
119.8004,2.701148
119.89,2.695556
119.9796,2.689736
120.0691,2.683673
120.1587,2.677332
120.2483,2.670694
120.3379,2.66373
120.4275,2.656408
120.5171,2.648691
120.6067,2.640536
120.6963,2.631895
120.7859,2.62271
120.8307,2.617894
120.8755,2.612918
120.9203,2.60777
120.9651,2.60244
121.0099,2.596917
121.0547,2.591188
121.0995,2.585238
121.1443,2.579054
121.1891,2.572618
121.2339,2.565912
121.2787,2.558916
121.3235,2.551609
121.3683,2.543965
121.4131,2.535959
121.4579,2.52756
121.5026,2.518756
121.5474,2.509471
121.5922,2.499682
121.637,2.489343
121.6818,2.478402
121.7266,2.466801
121.7714,2.454473
121.8162,2.441342
121.8386,2.434448
121.861,2.42732
121.8834,2.419945
121.9058,2.41231
121.9282,2.404398
121.9506,2.396195
121.973,2.387683
121.9954,2.378844
122.0178,2.369657
122.0402,2.360101
122.0626,2.350152
122.085,2.339784
122.1074,2.328971
122.1298,2.317682
122.1522,2.305883
122.1746,2.29354
122.197,2.280613
122.2193,2.26712
122.2417,2.252894
122.2641,2.237942
122.2865,2.222208
122.3089,2.205628
122.3313,2.188133
122.3537,2.169646
122.3761,2.150084
122.3985,2.129351
122.4097,2.118514
122.4209,2.107344
122.4321,2.095828
122.4433,2.083948
122.4545,2.07169
122.4657,2.059035
122.4769,2.045966
122.4881,2.032463
122.4993,2.018507
122.5105,2.004077
122.5217,1.989151
122.5329,1.973705
122.5441,1.957718
122.5553,1.941162
122.5665,1.924015
122.5777,1.906248
122.5889,1.887836
122.6001,1.868752
122.6113,1.84897
122.6225,1.828463
122.6337,1.807207
122.6449,1.785179
122.6561,1.762362
122.6673,1.738741
122.6785,1.714311
122.6897,1.689074
122.7009,1.663051
122.7121,1.636277
122.7177,1.622628
122.7233,1.608819
122.7289,1.594862
122.7345,1.580775
122.7401,1.566578
122.7457,1.552295
122.7513,1.537956
122.7569,1.523596
122.7625,1.509255
122.7681,1.494982
122.7737,1.480836
122.7793,1.466885
122.7849,1.453209
122.7905,1.439904
122.7961,1.427081
122.8017,1.414872
122.8073,1.403434
122.8129,1.392949
122.8185,1.383634
122.8241,1.375745
122.8297,1.369585
122.8353,1.36551
122.8409,1.363945
122.8465,1.365392
122.8521,1.370446
122.8577,1.379816
122.8633,1.394346
122.8689,1.415039
122.8745,1.44309
122.8801,1.479926
122.8857,1.527245
122.8885,1.555453
122.8913,1.58707
122.8941,1.622407
122.8969,1.661806
122.8997,1.705638
122.9025,1.754306
122.9053,1.808246
122.9081,1.867935
122.9109,1.933882
122.9137,2.006641
122.9165,2.086806
122.9193,2.175013
122.9221,2.271939
122.9249,2.378306
122.9277,2.494872
122.9305,2.622431
122.9333,2.761808
122.936,2.908188
122.938,3.024659
122.94,3.14832
122.942,3.279476
122.944,3.418422
122.946,3.56544
122.948,3.720792
122.95,3.884714
122.952,4.057409
122.954,4.239037
122.956,4.42971
122.96,4.838329
122.964,5.282785
122.968,5.761149
122.972,6.269729
122.976,6.802806
122.98,7.35251
122.984,7.908876
122.988,8.460164
122.992,8.993437
122.996,9.495401
123.0,9.953386
123.0021,10.17241
123.0041,10.36565
123.0082,10.71097
123.0123,10.98363
123.0163,11.17761
123.0204,11.30393
123.0244,11.36051
123.0285,11.35652
123.0325,11.29966
123.0366,11.19546
123.0407,11.05333
123.0448,10.88143
123.0488,10.69214
123.0529,10.48238
123.0569,10.26765
123.061,10.04171
123.065,9.819148
123.0683,9.635928
123.0716,9.454391
123.0749,9.275512
123.0782,9.100053
123.0815,8.928595
123.0848,8.761567
123.0881,8.599273
123.0913,8.446606
123.0946,8.294139
123.0979,8.146766
123.1012,8.004482
123.1044,7.871323
123.1077,7.738888
123.111,7.611305
123.1143,7.488449
123.1175,7.373697
123.1208,7.259733
123.1241,7.150055
123.1274,7.044505
123.1306,6.945945
123.1339,6.848061
123.1372,6.753835
123.1405,6.663114
123.1437,6.578347
123.1503,6.41292
123.1568,6.261502
123.1634,6.118428
123.1699,5.98713
123.1765,5.862729
123.183,5.748244
123.1896,5.63946
123.1961,5.539059
123.2027,5.443384
123.2092,5.35483
123.2158,5.270209
123.2223,5.191673
123.2289,5.116425
123.2354,5.046405
123.242,4.979147
123.2485,4.916409
123.2551,4.856001
123.2616,4.799523
123.2682,4.745021
123.2747,4.693955
123.2813,4.644572
123.2878,4.598208
123.2944,4.553285
123.3009,4.511028
123.3075,4.47001
123.314,4.431357
123.3206,4.393773
123.3271,4.358298
123.3337,4.323747
123.3402,4.291085
123.3533,4.229065
123.3664,4.171674
123.3795,4.118426
123.3926,4.068897
123.4057,4.02272
123.4188,3.979571
123.4319,3.939169
123.445,3.901262
123.4581,3.86563
123.4712,3.832076
123.4843,3.800427
123.4974,3.770527
123.5105,3.742235
123.5236,3.715426
123.5367,3.689988
123.5498,3.665819
123.5629,3.642826
123.576,3.620925
123.5891,3.600042
123.6022,3.580106
123.6153,3.561055
123.6284,3.542831
123.6415,3.525382
123.6546,3.508657
123.6677,3.492614
123.6808,3.477211
123.6939,3.46241
123.7201,3.434478
123.7463,3.408569
123.7725,3.384467
123.7987,3.361989
123.8249,3.340971
123.8511,3.321275
123.8773,3.302776
123.9035,3.285366
123.9298,3.268888
123.956,3.253383
123.9822,3.23871
124.0084,3.224802
124.0346,3.211599
124.0608,3.199046
124.087,3.187093
124.1132,3.175698
124.1394,3.164821
124.1656,3.154424
124.1918,3.144476
124.218,3.134945
124.2442,3.125805
124.2704,3.117031
124.2966,3.108599
124.3228,3.100489
124.349,3.092681
124.3752,3.085158
124.4276,3.070898
124.48,3.057592
124.5324,3.04514
124.5848,3.033452
124.6372,3.022454
124.6896,3.012079
124.742,3.002269
124.7945,2.992956
124.8469,2.984129
124.8993,2.97573
124.9517,2.967724
125.0041,2.960078
125.0565,2.952765
125.1089,2.945758
125.1613,2.939035
125.2137,2.932574
125.2661,2.926357
125.3185,2.920367
125.3709,2.914587
125.4233,2.909004
125.4757,2.903604
125.5805,2.893309
125.6854,2.883609
125.7902,2.874452
125.895,2.865766
125.9998,2.8575
126.1046,2.849608
126.2094,2.842052
126.3142,2.834798
126.419,2.827816
126.5239,2.821073
126.6287,2.814559
126.7335,2.808247
126.8383,2.802118
126.9431,2.796156
127.0479,2.790347
127.2575,2.779133
127.4672,2.768382
127.6768,2.758027
127.8864,2.748002
128.096,2.738255
128.3057,2.728735
128.5153,2.719415
128.7249,2.710257
128.9345,2.701232
129.1442,2.692312
129.3538,2.683483
129.773,2.666008
130.1923,2.648665
130.6115,2.63135
131.0308,2.613962
131.45,2.596426
131.8693,2.57866
132.2885,2.560603
132.7078,2.542183
133.127,2.523347
133.5463,2.504023
133.9655,2.484159
134.3848,2.463682
134.804,2.442537
135.2233,2.420646
135.6425,2.397946
136.0618,2.374349
136.481,2.349784
136.9003,2.324149
137.3195,2.29736
137.7388,2.269296
138.158,2.239854
138.5773,2.208892
138.9965,2.176283
139.2062,2.159301
139.4158,2.141854
139.6254,2.123911
139.835,2.105448
140.0447,2.086432
140.2543,2.066855
140.4639,2.046682
140.6735,2.025882
140.8832,2.004415
141.0928,1.982272
141.3024,1.959407
141.512,1.935787
141.7217,1.911364
141.9313,1.886123
142.1409,1.860015
142.3505,1.832999
142.5602,1.805021
142.7698,1.776067
142.9794,1.746083
143.189,1.71503
143.3987,1.682855
143.6083,1.649555
143.8179,1.615089
144.0275,1.579437
144.2372,1.542578
144.4468,1.50456
144.5516,1.485121
144.6564,1.465406
144.7612,1.445426
144.866,1.425195
144.9709,1.404711
145.0757,1.384035
145.1805,1.363176
145.2853,1.342166
145.3901,1.321048
145.4949,1.299871
145.5997,1.278695
145.7045,1.257591
145.8094,1.236629
145.9142,1.215951
146.019,1.195663
146.1238,1.175915
146.2286,1.156889
146.3334,1.138802
146.4382,1.121915
146.543,1.106544
146.6479,1.093059
146.7527,1.081949
146.8575,1.073764
146.9623,1.06919
147.0671,1.06907
147.1719,1.07444
147.2243,1.079574
147.2767,1.086584
147.3291,1.09568
147.3815,1.107097
147.434,1.121126
147.4864,1.13801
147.5388,1.158104
147.5912,1.181782
147.6436,1.209465
147.696,1.241631
147.7484,1.278819
147.8008,1.321644
147.8532,1.370805
147.9056,1.4271
147.958,1.491443
148.0104,1.564883
148.0628,1.648629
148.1152,1.744077
148.1676,1.852843
148.1938,1.912798
148.22,1.976811
148.2463,2.045438
148.2725,2.118466
148.2987,2.196482
148.3249,2.279848
148.3511,2.368959
148.3773,2.464244
148.4035,2.566168
148.4297,2.67524
148.4559,2.792015
148.4821,2.917099
148.5083,3.051157
148.5345,3.194915
148.5607,3.349171
148.5869,3.514802
148.6131,3.692774
148.6393,3.88415
148.6655,4.090106
148.6917,4.311943
148.7179,4.551101
148.7441,4.80918
148.7703,5.087961
148.7965,5.389427
148.8227,5.715795
148.8489,6.069547
148.8751,6.453468
148.9013,6.870691
148.9275,7.324748
148.9537,7.819632
148.9799,8.359873
149.0061,8.950618
149.0323,9.59774
149.0585,10.30796
149.0848,11.0921
149.111,11.95313
149.1372,12.90417
149.1503,13.41708
149.1634,13.95712
149.1765,14.52608
149.1896,15.12591
149.2027,15.75871
149.2158,16.42679
149.2289,17.13262
149.242,17.87891
149.2551,18.66859
149.2682,19.50487
149.2813,20.39125
149.2944,21.33155
149.3075,22.32995
149.3206,23.39103
149.3337,24.51983
149.3468,25.72187
149.3599,27.00325
149.373,28.37069
149.3861,29.8316
149.3992,31.39422
149.4123,33.06767
149.4254,34.86206
149.4385,36.78869
149.4516,38.86015
149.4647,41.09053
149.4778,43.49559
149.4909,46.09308
149.504,48.90296
149.5171,51.94777
149.5302,55.25304
149.5433,58.84773
149.5564,62.7648
149.5695,67.04189
149.5826,71.72207
149.5957,76.85484
149.6088,82.49719
149.6219,88.71505
149.635,95.58488
149.6481,103.1957
149.6547,107.343
149.6612,111.6514
149.6678,116.2694
149.6743,121.0741
149.6809,126.232
149.6874,131.6071
149.694,137.387
149.7005,143.4202
149.7071,149.9189
149.7136,156.7144
149.7202,164.0472
149.7267,171.729
149.7333,180.0336
149.7398,188.7498
149.7464,198.1909
149.7529,208.1192
149.7595,218.8945
149.766,230.2485
149.7726,242.5959
149.7791,255.6325
149.7857,269.8382
149.7922,284.867
149.7988,301.2758
149.8053,318.6687
149.8119,337.694
149.8184,357.8964
149.825,380.0317
149.8315,403.5721
149.8381,429.399
149.8446,456.8949
149.8512,487.0854
149.8577,519.2402
149.8643,554.5443
149.8708,592.1227
149.8774,633.328
149.8839,677.0943
149.8905,724.9336
149.897,775.5237
149.9035,829.6374
149.9099,886.3609
149.9164,947.3666
149.9228,1010.551
149.9293,1077.493
149.9357,1145.547
149.9485,1284.557
149.955,1354.206
149.9614,1420.148
149.9679,1482.633
149.9743,1537.842
149.9808,1585.568
149.9872,1622.596
149.9936,1648.304
150.0,1661.704
150.0065,1662.252
150.0129,1650.072
150.0194,1625.506
150.0258,1590.51
150.0323,1545.579
150.0387,1493.862
150.0451,1436.54
150.0515,1375.355
150.0644,1246.541
150.0773,1118.587
150.0838,1056.65
150.0902,998.0563
150.0966,942.1601
150.103,889.1532
150.1103,832.3261
150.1176,779.3718
150.1249,730.1987
150.1322,684.6516
150.1395,642.5357
150.1468,603.635
150.1541,567.7246
150.1613,535.0165
150.1686,504.3867
150.1759,476.1
150.1832,449.9609
150.1904,426.1062
150.1977,403.707
150.205,382.953
150.2123,363.7029
150.2195,346.0638
150.2268,329.4295
150.2341,313.9475
150.2414,299.5207
150.2487,286.0612
150.256,273.489
150.2633,261.7319
150.2706,250.724
150.2778,240.5427
150.2851,230.8514
150.2924,221.747
150.2997,213.1843
150.3069,205.2299
150.3142,197.6258
150.3215,190.4518
150.3288,183.6768
150.336,177.3576
150.3433,171.293
150.3506,165.5494
150.3579,160.1048
150.3652,154.939
150.3798,145.3716
150.3943,136.7724
150.4089,128.9118
150.4234,121.8035
150.438,115.268
150.4525,109.3255
150.4671,103.8333
150.4816,98.8146
150.4962,94.15426
150.5107,89.8765
150.5253,85.88719
150.5398,82.21041
150.5544,78.76821
150.5689,75.58387
150.5835,72.59211
150.5981,69.79654
150.6127,67.18012
150.6272,64.7439
150.6418,62.44071
150.6563,60.29
150.6709,58.25116
150.6854,56.34228
150.7,54.52811
150.7145,52.82546
150.7291,51.2035
150.7436,49.6778
150.7582,48.22125
150.7727,46.84828
150.8018,44.29446
150.831,41.97321
150.8601,39.8704
150.8892,37.9523
150.9183,36.19729
150.9474,34.58685
150.9765,33.10505
151.0056,31.73811
151.0347,30.47406
151.0639,29.2986
151.093,28.21065
151.1221,27.19802
151.1512,26.25366
151.1804,25.36839
151.2095,24.54275
151.2386,23.76867
151.2677,23.04179
151.2969,22.35589
151.326,21.71216
151.3551,21.10501
151.3842,20.5316
151.4133,19.98936
151.4424,19.47598
151.4715,18.98933
151.5006,18.52751
151.5298,18.08731
151.5589,17.67014
151.6171,16.89458
151.6753,16.18908
151.7335,15.54504
151.7918,14.95418
151.85,14.41231
151.9082,13.91303
151.9664,13.45175
152.0247,13.02378
152.0829,12.62713
152.1412,12.25741
152.1994,11.91323
152.2577,11.59108
152.3159,11.29
152.3741,11.00761
152.4323,10.74229
152.4906,10.49219
152.5488,10.25686
152.607,10.03473
152.6652,9.824744
152.7235,9.625643
152.7817,9.437267
152.8399,9.2585
152.8981,9.088653
152.9564,8.926825
153.0146,8.772999
153.0729,8.626121
153.1311,8.486219
153.2476,8.224638
153.364,7.985361
153.4805,7.765365
153.5969,7.5628
153.7134,7.375414
153.8298,7.201886
153.9463,7.040497
154.0628,6.890168
154.1793,6.749817
154.2957,6.618609
154.4122,6.495486
154.5286,6.379925
154.6451,6.271077
154.7615,6.168551
154.878,6.071653
154.9945,5.980013
155.111,5.893214
155.2274,5.810954
155.3439,5.732754
155.4603,5.658445
155.5768,5.587624
155.6932,5.520162
155.8097,5.455717
155.9262,5.39414
156.0427,5.335241
156.1591,5.278894
156.2756,5.224843
156.392,5.173034
156.6249,5.075434
156.8578,4.985139
157.0907,4.901333
157.3236,4.823313
157.5565,4.750474
157.7895,4.68226
158.0224,4.618271
158.2553,4.558073
158.4882,4.501313
158.7212,4.447654
158.9541,4.396867
159.187,4.348679
159.4199,4.30287
159.6529,4.259225
159.8858,4.217603
160.1187,4.177824
160.3516,4.139745
160.5846,4.103218
160.8175,4.068155
161.0504,4.034432
161.2833,4.00195
161.5163,3.970602
161.7492,3.940334
161.9821,3.911054
162.215,3.88269
162.6809,3.828443
163.1467,3.777141
163.6126,3.728349
164.0784,3.681725
164.5442,3.636932
165.01,3.593679
165.4759,3.551689
165.9417,3.510731
166.4076,3.470551
166.8734,3.430941
167.3393,3.391664
167.8051,3.352515
168.271,3.313254
168.7368,3.273664
169.2027,3.233482
169.6685,3.192458
169.9015,3.171529
170.1344,3.150283
170.3673,3.128671
170.6002,3.106648
170.8332,3.084154
171.0661,3.061159
171.299,3.037597
171.5319,3.013406
171.7648,2.988522
171.9977,2.962872
172.2306,2.936379
172.4635,2.908954
172.6965,2.88049
172.9294,2.850906
173.1623,2.820072
173.3952,2.787858
173.6282,2.7541
173.8611,2.718664
174.094,2.681348
174.2105,2.661912
174.3269,2.641943
174.4434,2.621374
174.5599,2.60019
174.6764,2.578356
174.7928,2.555853
174.9093,2.532603
175.0257,2.508602
175.1422,2.483764
175.2586,2.45808
175.3751,2.431453
175.4916,2.403849
175.6081,2.375204
175.7245,2.34548
175.841,2.314554
175.9574,2.282402
176.0739,2.248888
176.1903,2.21398
176.3068,2.177525
176.4233,2.139451
176.5398,2.09965
176.6562,2.058045
176.7727,2.014442
176.8891,1.968793
176.9474,1.945105
177.0056,1.920888
177.0638,1.896085
177.122,1.870679
177.1803,1.84461
177.2385,1.817952
177.2968,1.790598
177.355,1.762628
177.4133,1.733936
177.4715,1.704608
177.5297,1.674589
177.5879,1.643876
177.6462,1.612414
177.7044,1.580317
177.7626,1.547544
177.8208,1.514117
177.8791,1.480009
177.9373,1.445383
177.9955,1.410245
178.0537,1.374679
178.112,1.338736
178.1702,1.302684
178.2285,1.266591
178.2867,1.230824
178.345,1.195574
178.4032,1.161364
178.4323,1.144782
178.4614,1.12865
178.4905,1.113053
178.5196,1.098093
178.5488,1.083834
178.5779,1.070503
178.607,1.058196
178.6361,1.047079
178.6652,1.037342
178.6943,1.029203
178.7234,1.022909
178.7525,1.018744
178.7817,1.017036
178.8108,1.018171
178.8399,1.022574
178.869,1.030746
178.8981,1.043267
178.9272,1.060812
178.9563,1.084167
178.9854,1.11425
179.0146,1.152283
179.0292,1.174638
179.0437,1.199275
179.0583,1.226731
179.0728,1.25684
179.0874,1.290248
179.1019,1.326749
179.1165,1.367123
179.131,1.411116
179.1456,1.459665
179.1601,1.512464
179.1747,1.570639
179.1892,1.633827
179.2038,1.70338
179.2183,1.77887
179.2329,1.861924
179.2475,1.952695
179.2621,2.051901
179.2766,2.159567
179.2912,2.27806
179.3057,2.406729
179.3203,2.548443
179.3348,2.702473
179.3494,2.872312
179.3639,3.057154
179.3785,3.261274
179.393,3.4838
179.4076,3.729998
179.4221,3.998956
179.4367,4.297203
179.4512,4.623833
179.4658,4.987014
179.4804,5.388818
179.4877,5.60569
179.495,5.834088
179.5023,6.074735
179.5095,6.324839
179.5168,6.592174
179.5241,6.874255
179.5314,7.172052
179.5386,7.482183
179.5459,7.81438
179.5532,8.165674
179.5605,8.537387
179.5677,8.925405
179.575,9.342041
179.5823,9.783746
179.5896,10.25235
179.5968,10.74283
179.6041,11.27097
179.6114,11.83251
179.6187,12.43006
179.6259,13.05745
179.6332,13.73517
179.6405,14.45819
179.6478,15.23025
179.655,16.04377
179.6623,16.92582
179.6696,17.87047
179.6769,18.88324
179.6841,19.95481
179.6914,21.12163
179.6987,22.37685
179.706,23.72883
179.7133,25.18686
179.7206,26.76135
179.7279,28.46389
179.7352,30.30752
179.7424,32.27833
179.7497,34.44729
179.757,36.8066
179.7643,39.37712
179.7715,42.14229
179.7788,45.2053
179.7861,48.55965
179.7934,52.2397
179.8006,56.22648
179.8079,60.67476
179.8152,65.58248
179.8189,68.26356
179.8225,71.00753
179.8261,73.89325
179.8297,76.92945
179.8334,80.21661
179.837,83.58723
179.8407,87.23985
179.8443,90.98863
179.848,95.05465
179.8516,99.23129
179.8552,103.6392
179.8588,108.293
179.8625,113.3484
179.8661,118.5489
179.8698,124.2015
179.8734,130.0193
179.8771,136.3456
179.8807,142.8588
179.8843,149.7456
179.8879,157.0272
179.8916,164.9455
179.8952,173.0948
179.8989,181.9514
179.9025,191.0586
179.9062,200.9448
179.9098,211.0956
179.9134,221.7887
179.917,233.0389
179.9222,250.2939
179.9274,268.7474
179.9326,288.3835
179.9378,309.146
179.943,330.9275
179.9482,353.5564
179.9585,399.8349
179.9637,423.1932
179.9689,445.9067
179.9741,467.3984
179.9793,487.0433
179.9845,504.2061
179.9897,518.2882
179.9949,528.7802
180.0,535.223
180.0052,537.673
180.0104,535.9564
180.0156,530.2543
180.0208,520.914
180.026,508.409
180.0312,493.2912
180.0364,476.143
180.0415,457.904
180.0519,418.3786
180.0623,378.4438
180.0675,359.0684
180.0727,340.3479
180.0779,322.4061
180.083,305.6417
180.0879,290.3488
180.0928,275.8669
180.0977,262.1919
180.1025,249.5623
180.1074,237.427
180.1123,226.0254
180.1172,215.3225
180.122,205.4793
180.1269,196.0483
180.1318,187.2029
180.1367,178.9059
180.1415,171.2754
180.1464,163.9595
180.1512,157.2257
180.1561,150.763
180.1609,144.8077
180.1658,139.0851
180.1707,133.6979
180.1756,128.6226
180.1804,123.9326
180.1853,119.4124
180.1901,115.2289
180.195,111.1907
180.1998,107.4474
180.2047,103.8284
180.2096,100.4002
180.2145,97.15032
180.2193,94.12828
180.2242,91.19756
180.229,88.46821
180.2387,83.34506
180.2485,78.64878
180.2582,74.41937
180.2679,70.55883
180.2776,67.02584
180.2874,63.75257
180.2971,60.77439
180.3068,58.02926
180.3165,55.4934
180.3263,53.12267
180.336,50.94694
180.3457,48.92489
180.3554,47.0422
180.3652,45.26869
180.3749,43.62917
180.3846,42.09485
180.3943,40.65674
180.4041,39.29332
180.4138,38.02512
180.4235,36.8313
180.4332,35.70601
180.443,34.63333
180.4527,33.63033
180.4624,32.6814
180.4721,31.78262
180.4819,30.92184
180.4916,30.11334
180.5013,29.34513
180.511,28.61447
180.5305,27.24938
180.5499,26.01439
180.5694,24.88171
180.5888,23.85021
180.6083,22.89833
180.6277,22.02645
180.6472,21.21747
180.6666,20.47268
180.6861,19.77827
180.7055,19.13603
180.725,18.53464
180.7444,17.97615
180.7639,17.45115
180.7833,16.9618
180.8028,16.50018
180.8222,16.06846
180.8417,15.65991
180.8611,15.27667
180.8806,14.91294
180.9,14.57079
180.9195,14.24521
180.9389,13.93817
180.9584,13.64528
180.9778,13.36843
180.9973,13.10374
181.0167,12.85301
181.0362,12.61281
181.0556,12.38482
181.0945,11.9579
181.1334,11.56721
181.1723,11.20852
181.2112,10.87817
181.2501,10.57306
181.289,10.29049
181.3279,10.02815
181.3668,9.78399
181.4057,9.556257
181.4446,9.343392
181.4835,9.144029
181.5224,8.956958
181.5613,8.781108
181.6002,8.615525
181.6391,8.45936
181.678,8.311851
181.7169,8.172315
181.7558,8.040137
181.7947,7.914765
181.8336,7.795697
181.8725,7.682479
181.9114,7.5747
181.9503,7.471984
181.9892,7.373989
182.0281,7.280403
182.067,7.190941
182.1059,7.105339
182.1837,6.944777
182.2615,6.79701
182.3393,6.660586
182.4171,6.534263
182.4949,6.41697
182.5727,6.30778
182.6505,6.205887
182.7283,6.110589
182.8061,6.021269
182.8839,5.937382
182.9617,5.858449
183.0395,5.784044
183.1173,5.713788
183.1951,5.647343
183.2729,5.584407
183.3507,5.524706
183.4285,5.467997
183.5063,5.414059
183.5841,5.362691
183.6619,5.313713
183.7397,5.266959
183.8175,5.22228
183.8953,5.179539
183.9731,5.13861
184.0509,5.099379
184.1287,5.061739
184.2843,4.990858
184.4399,4.925277
184.5955,4.864411
184.7511,4.807755
184.9067,4.754875
185.0623,4.705394
185.2179,4.658982
185.3735,4.615351
185.5291,4.57425
185.6847,4.535453
185.8403,4.498763
185.9959,4.464004
186.1515,4.431019
186.3071,4.399667
186.4627,4.369822
186.6183,4.341372
186.7739,4.314212
186.9295,4.288251
187.0851,4.263404
187.2407,4.239596
187.3963,4.216756
187.5519,4.194821
187.7075,4.173732
187.8631,4.153437
188.1743,4.115036
188.4855,4.079269
188.7967,4.045841
189.1079,4.014499
189.4191,3.985024
189.7303,3.957226
190.0415,3.93094
190.3528,3.906013
190.664,3.882334
190.9752,3.85978
191.2864,3.838252
191.5976,3.817662
191.9088,3.797927
192.22,3.778977
192.5312,3.760746
192.8424,3.743176
193.1536,3.726213
193.4648,3.709809
193.776,3.693917
194.0872,3.678497
194.3984,3.663511
194.7096,3.648923
195.0208,3.634701
195.6432,3.607229
196.2656,3.580868
196.888,3.555411
197.5104,3.530665
198.1328,3.506445
198.444,3.494475
198.7552,3.482568
199.0664,3.4707
199.3776,3.458846
199.6888,3.446981
200.0,3.435077
200.3103,3.423143
200.6205,3.411116
200.9307,3.398959
201.2409,3.386639
201.5512,3.37411
201.8614,3.361338
202.1716,3.348269
202.4818,3.334849
202.7921,3.321008
203.1023,3.306685
203.2574,3.299315
203.4125,3.29179
203.5676,3.284098
203.7227,3.276224
203.8778,3.268154
204.0329,3.259872
204.188,3.251358
204.3431,3.242593
204.4982,3.233556
204.6533,3.224222
204.8084,3.214564
204.9635,3.204553
205.1187,3.194149
205.2738,3.183329
205.4289,3.172045
205.584,3.160252
205.7391,3.147895
205.8942,3.134918
206.0493,3.121253
206.1269,3.114135
206.2044,3.106824
206.282,3.099291
206.3596,3.091533
206.4372,3.083537
206.5147,3.0753
206.5923,3.066786
206.6698,3.058
206.7474,3.048902
206.8249,3.039498
206.9025,3.029742
206.98,3.019638
207.0576,3.009136
207.1351,2.998238
207.2127,2.986887
207.2902,2.975082
207.3678,2.962761
207.4453,2.949919
207.5229,2.936484
207.6005,2.92243
207.6781,2.907711
207.7556,2.892297
207.8332,2.876094
207.9107,2.859085
207.9495,2.85024
207.9883,2.841163
208.0271,2.831846
208.0658,2.822305
208.1046,2.812481
208.1434,2.802389
208.1822,2.79202
208.2209,2.781391
208.2597,2.770438
208.2985,2.759176
208.3373,2.747597
208.376,2.735722
208.4148,2.723478
208.4536,2.710889
208.4924,2.697944
208.5311,2.684673
208.5699,2.671
208.6087,2.656956
208.6475,2.642541
208.6862,2.627796
208.725,2.612653
208.7638,2.597163
208.8026,2.58135
208.8413,2.565289
208.8801,2.548943
208.9189,2.532419
208.9577,2.515808
208.9771,2.507505
208.9964,2.499272
209.0158,2.491043
209.0352,2.482887
209.0546,2.474832
209.074,2.466911
209.0934,2.459164
209.1128,2.451634
209.1322,2.444373
209.1515,2.437475
209.1709,2.430938
209.1903,2.424876
209.2097,2.419384
209.2291,2.414569
209.2485,2.410557
209.2679,2.407494
209.2873,2.405552
209.3066,2.404932
209.326,2.405864
209.3454,2.408633
209.3648,2.41357
209.3842,2.421068
209.4036,2.431593
209.423,2.445705
209.4424,2.464074
209.4617,2.487377
209.4811,2.516831
209.4908,2.534188
209.5005,2.553525
209.5102,2.575032
209.5199,2.598924
209.5296,2.625437
209.5393,2.654835
209.549,2.687413
209.5587,2.7235
209.5684,2.763465
209.5781,2.807722
209.5878,2.856734
209.5975,2.911028
209.6072,2.971194
209.6168,3.037179
209.6265,3.111109
209.6362,3.193195
209.6459,3.284421
209.6556,3.385911
209.6653,3.498953
209.675,3.625029
209.6847,3.765848
209.6944,3.923386
209.7041,4.099936
209.7138,4.298171
209.7235,4.521211
209.7332,4.772718
209.7429,5.057005
209.7526,5.379169
209.7575,5.558188
209.7623,5.745259
209.7671,5.944831
209.7719,6.157899
209.7768,6.390459
209.7816,6.634235
209.7865,6.900754
209.7913,7.180604
209.7962,7.487101
209.801,7.80951
209.8059,8.163276
209.8107,8.536117
209.8156,8.946017
209.8204,9.37888
209.8253,9.855736
209.8301,10.36035
209.835,10.91741
209.8398,11.50816
209.8447,12.16171
209.8495,12.85625
209.8544,13.62629
209.8592,14.44637
209.8641,15.35748
209.8689,16.32975
209.8738,17.41203
209.8786,18.56904
209.8835,19.85905
209.8883,21.24009
209.8932,22.78163
209.898,24.43322
209.9029,26.27735
209.9077,28.25269
209.9126,30.45627
209.9174,32.81246
209.9222,35.37777
209.927,38.16422
209.9316,41.05094
209.9362,44.15451
209.9408,47.47513
209.9453,50.92747
209.9499,54.65034
209.9544,58.45749
209.9635,66.49408
209.9681,70.6093
209.9727,74.65368
209.9773,78.52946
209.9818,82.05453
209.9864,85.27641
209.9909,87.95313
209.9955,90.11165
210.0,91.58945
210.0046,92.40957
210.0092,92.52079
210.0138,91.94501
210.0183,90.76622
210.0229,89.00496
210.0274,86.82303
210.032,84.21813
210.0365,81.39527
210.0457,75.12645
210.0548,68.73493
210.0594,65.56416
210.0639,62.54769
210.0685,59.5751
210.073,56.79107
210.0779,53.90968
210.0828,51.19015
210.0877,48.6332
210.0925,46.28337
210.0974,44.03759
210.1022,41.98098
210.1071,40.02016
210.1119,38.2272
210.1168,36.51908
210.1217,34.92605
210.1266,33.43998
210.1314,32.08042
210.1363,30.78349
210.1411,29.59549
210.146,28.46057
210.1508,27.41933
210.1557,26.42291
210.1606,25.48861
210.1655,24.61171
210.1703,23.8042
210.1752,23.02851
210.18,22.31281
210.1849,21.62398
210.1897,20.98719
210.1946,20.37313
210.1995,19.79286
210.2044,19.24401
210.2092,18.7347
210.2141,18.24174
210.2189,17.78349
210.2238,17.33918
210.2286,16.92543
210.2335,16.52359
210.2384,16.14116
210.2481,15.43662
210.2578,14.79488
210.2675,14.20863
210.2773,13.66627
210.287,13.17338
210.2967,12.71949
210.3064,12.3005
210.3162,11.90899
210.3259,11.54979
210.3356,11.21603
210.3453,10.90527
210.355,10.61538
210.3647,10.34447
210.3744,10.09086
210.3841,9.853046
210.3939,9.627466
210.4036,9.417513
210.4133,9.219739
210.423,9.033179
210.4328,8.855196
210.4425,8.68863
210.4522,8.530901
210.4619,8.381363
210.4717,8.238006
210.4814,8.103215
210.4911,7.975003
210.5008,7.852926
210.5105,7.736577
210.5202,7.625582
210.5396,7.418312
210.5591,7.227756
210.5785,7.053798
210.598,6.892862
210.6174,6.74508
210.6369,6.607608
210.6563,6.480717
210.6757,6.36269
210.6951,6.252663
210.7146,6.149369
210.734,6.053196
210.7535,5.962556
210.7729,5.877855
210.7924,5.797749
210.8118,5.722642
210.8313,5.651387
210.8507,5.584378
210.8702,5.520622
210.8896,5.460502
210.9091,5.403152
210.9285,5.348937
210.948,5.297096
210.9674,5.247977
210.9868,5.201142
211.0062,5.156438
211.0257,5.113512
211.0451,5.072675
211.084,4.995946
211.1229,4.925419
211.1617,4.860542
211.2006,4.800376
211.2395,4.744572
211.2784,4.692678
211.3172,4.644421
211.3561,4.599211
211.395,4.556877
211.4339,4.517154
211.4728,4.47981
211.5117,4.444637
211.5506,4.411452
211.5895,4.380092
211.6283,4.350483
211.6672,4.322343
211.7061,4.295632
211.745,4.270242
211.7838,4.246138
211.8227,4.223109
211.8616,4.201139
211.9005,4.180156
211.9393,4.160143
211.9782,4.140939
212.0171,4.122541
212.056,4.104897
212.0949,4.087963
212.1727,4.056051
212.2504,4.02654
212.3282,3.999092
212.4059,3.973557
212.4837,3.949674
212.5614,3.92734
212.6392,3.906349
212.717,3.886603
212.7948,3.86799
212.8725,3.850432
212.9503,3.833794
213.028,3.818042
213.1058,3.803065
213.1835,3.788839
213.2613,3.77527
213.3391,3.762326
213.4169,3.749962
213.4946,3.738151
213.5724,3.726825
213.6501,3.71598
213.7279,3.705554
213.8056,3.695549
213.8834,3.68591
213.9612,3.676629
214.1167,3.65906
214.2722,3.642675
214.4277,3.627342
214.5833,3.612939
214.7388,3.599385
214.8943,3.586588
215.0498,3.574473
215.2054,3.562969
215.3609,3.552034
215.5164,3.541611
215.6719,3.531654
215.8275,3.52212
215.983,3.512985
216.1385,3.504211
216.294,3.495771
216.4496,3.487634
216.6051,3.479787
216.7606,3.472205
216.9161,3.464869
217.2272,3.450862
217.5382,3.437656
217.8493,3.425143
218.1603,3.413246
218.4714,3.401886
218.7824,3.391007
219.0935,3.38055
219.4045,3.370475
219.7155,3.360739
220.0265,3.351305
220.3376,3.34214
220.6486,3.333222
220.9597,3.32452
221.2707,3.316018
221.5818,3.307689
221.8928,3.299522
222.5149,3.283595
223.137,3.268122
223.7591,3.253004
224.3812,3.238155
225.0033,3.223499
225.6254,3.20897
226.2475,3.194503
226.8696,3.180042
227.4917,3.165529
228.1138,3.150912
228.7359,3.136136
229.358,3.121147
229.98,3.105893
230.6021,3.090311
231.2242,3.074342
231.8463,3.057922
232.4684,3.040981
233.0905,3.023442
233.7126,3.005222
234.3347,2.986226
234.9568,2.966351
235.2679,2.956045
235.5789,2.945478
235.89,2.934624
236.201,2.923473
236.5121,2.911998
236.8231,2.900184
237.1342,2.888001
237.4452,2.875434
237.7563,2.862446
238.0673,2.849019
238.3784,2.835113
238.6894,2.820704
239.0005,2.805746
239.3115,2.790211
239.6225,2.774052
239.9335,2.757224
240.2446,2.739671
240.5556,2.721351
240.8667,2.702194
241.1777,2.682151
241.4888,2.661141
241.7998,2.639105
241.9554,2.627668
242.1109,2.615951
242.2664,2.603936
242.4219,2.591612
242.5775,2.57896
242.733,2.565986
242.8885,2.55267
243.044,2.539001
243.1996,2.524959
243.3551,2.510552
243.5106,2.495759
243.6661,2.480573
243.8217,2.464973
243.9772,2.448972
244.1327,2.432556
244.2882,2.415722
244.4438,2.398459
244.5993,2.380793
244.7548,2.362725
244.9103,2.344272
245.0659,2.325449
245.2214,2.306319
245.3769,2.286926
245.5324,2.267343
245.688,2.24766
245.8435,2.228036
245.9213,2.21829
245.999,2.208639
246.0768,2.199091
246.1545,2.189707
246.2323,2.180504
246.3101,2.171543
246.3879,2.16288
246.4656,2.154588
246.5434,2.146722
246.6211,2.139386
246.6989,2.13266
246.7766,2.126675
246.8544,2.12155
246.9322,2.117447
247.01,2.114546
247.0877,2.113058
247.1655,2.113225
247.2432,2.115335
247.321,2.119733
247.3987,2.126808
247.4765,2.137054
247.5543,2.15103
247.6321,2.169411
247.7098,2.192975
247.7876,2.222758
247.8653,2.259865
247.9042,2.281644
247.9431,2.30583
247.982,2.332655
248.0208,2.362296
248.0597,2.395189
248.0986,2.431581
248.1375,2.471826
248.1764,2.516321
248.2153,2.565511
248.2542,2.619896
248.2931,2.680036
248.3319,2.746386
248.3708,2.820003
248.4097,2.901535
248.4486,2.991905
248.4874,3.091893
248.5263,3.203211
248.5652,3.326992
248.6041,3.464818
248.6429,3.618098
248.6818,3.789732
248.7207,3.981804
248.7596,4.197182
248.7985,4.439226
248.8374,4.711895
248.8763,5.019869
248.8958,5.189244
248.9152,5.368715
248.9346,5.559987
248.954,5.764002
248.9735,5.982957
248.9929,6.215749
249.0124,6.466049
249.0318,6.73268
249.0513,7.01994
249.0707,7.326583
249.0901,7.655915
249.1095,8.010026
249.129,8.393284
249.1484,8.804368
249.1679,9.250457
249.1873,9.730251
249.2068,10.2524
249.2262,10.8157
249.2456,11.42739
249.265,12.09275
249.2845,12.82169
249.3039,13.6136
249.3234,14.48454
249.3428,15.43459
249.3623,16.48396
249.3817,17.63384
249.4011,18.90318
249.4205,20.30802
249.44,21.87559
249.4497,22.72017
249.4594,23.61189
249.4692,24.56409
249.4789,25.56105
249.4886,26.61621
249.4983,27.73393
249.5081,28.93156
249.5178,30.18991
249.5275,31.52655
249.5372,32.94775
249.5469,34.46037
249.5566,36.07198
249.5663,37.7909
249.576,39.62632
249.5858,41.60932
249.5955,43.71074
249.6052,45.96263
249.6149,48.37882
249.6247,51.00243
249.6344,53.79724
249.6441,56.8082
249.6538,60.05671
249.6636,63.60438
249.6733,67.40593
249.683,71.52641
249.6927,75.99984
249.7024,80.86459
249.7121,86.16395
249.7218,91.94686
249.7315,98.26873
249.7413,105.2671
249.751,112.8709
249.7607,121.2292
249.7704,130.4336
249.7802,140.6981
249.7899,151.9317
249.7948,158.0543
249.7996,164.367
249.8045,171.1523
249.8093,178.1532
249.8142,185.6831
249.8191,193.6233
249.824,201.9981
249.8288,210.648
249.8337,219.9595
249.8385,229.5789
249.8434,239.9351
249.8482,250.6332
249.8531,262.1478
249.8579,274.0373
249.8628,286.8258
249.8676,300.0185
249.8725,314.1915
249.8773,328.7896
249.8822,344.4418
249.887,360.5252
249.8941,385.6972
249.9012,412.5178
249.9083,440.9434
249.9153,470.4382
249.9224,501.6656
249.9294,533.4793
249.9435,599.0365
249.9506,631.6721
249.9577,663.1002
249.9648,692.4736
249.9718,718.5399
249.9789,741.1472
249.9859,758.8445
249.993,771.4478
250.0,778.1291
250.0071,778.8538
250.0142,773.5389
250.0213,762.5133
250.0283,746.6012
250.0354,726.0757
250.0424,702.3272
250.0495,675.5366
250.0565,647.2745
250.0707,587.2556
250.0848,527.9261
250.0919,499.1833
250.0989,471.9301
250.106,445.5465
250.113,420.8687
250.1191,400.4784
250.1252,381.1322
250.1313,362.8185
250.1374,345.5132
250.1435,329.1836
250.1496,313.7906
250.1557,299.2914
250.1617,285.8581
250.1678,272.9975
250.1739,260.8945
250.18,249.5039
250.186,238.9528
250.1921,228.8479
250.1982,219.3305
250.2043,210.3624
250.2103,202.0426
250.2164,194.0604
250.2225,186.527
250.2286,179.4129
250.2347,172.6903
250.2408,166.3337
250.2469,160.319
250.253,154.624
250.259,149.3142
250.2651,144.1936
250.2712,139.3352
250.2833,130.4099
250.2955,122.2724
250.3076,114.9549
250.3198,108.248
250.332,102.138
250.3442,96.55806
250.3563,91.48999
250.3685,86.79966
250.3806,82.52042
250.3928,78.54294
250.4049,74.89891
250.4171,71.49825
250.4293,68.34576
250.4415,65.41798
250.4536,62.71565
250.4658,60.17575
250.4779,57.82372
250.4901,55.60606
250.5022,53.54619
250.5144,51.59832
250.5266,49.76941
250.5388,48.04989
250.5509,46.44402
250.5631,44.9175
250.5752,43.48842
250.5874,42.12677
250.5995,40.84916
250.6117,39.6292
250.6239,38.47289
250.6361,37.37581
250.6482,36.34224
250.6725,34.41625
250.6968,32.66906
250.7212,31.07255
250.7455,29.62112
250.7698,28.29199
250.7941,27.07149
250.8185,25.94336
250.8428,24.90659
250.8671,23.94745
250.8914,23.05817
250.9158,22.22864
250.9401,21.45966
250.9644,20.7424
250.9887,20.07218
251.0131,19.44234
251.0374,18.85432
251.0617,18.30215
251.086,17.78286
251.1104,17.29186
251.1347,16.83075
251.159,16.39532
251.1833,15.98363
251.2077,15.59233
251.232,15.22304
251.2563,14.87266
251.2806,14.53986
251.305,14.22216
251.3293,13.92107
251.3779,13.36071
251.4266,12.84931
251.4752,12.38293
251.5239,11.95451
251.5725,11.5614
251.6212,11.1982
251.6698,10.86313
251.7185,10.55198
251.7671,10.26356
251.8158,9.99452
251.8644,9.744062
251.9131,9.509487
251.9617,9.290281
252.0104,9.084229
252.059,8.891013
252.1077,8.708794
252.1563,8.537393
252.205,8.375265
252.2536,8.222327
252.3023,8.077272
252.3509,7.940083
252.3996,7.809641
252.4482,7.685978
252.4969,7.568129
252.5455,7.45616
252.5942,7.34923
252.6428,7.24743
252.7401,7.057114
252.8374,6.88296
252.9347,6.72306
253.032,6.57579
253.1293,6.439754
253.2266,6.313753
253.3239,6.196749
253.4212,6.087836
253.5185,5.986227
253.6158,5.891229
253.7131,5.802234
253.8104,5.718702
253.9077,5.640158
254.005,5.566178
254.1023,5.496382
254.1996,5.430433
254.2969,5.368027
254.3942,5.308891
254.4915,5.252779
254.5888,5.199469
254.6861,5.148758
254.7834,5.100464
254.8807,5.054421
254.978,5.010475
255.0753,4.96849
255.1726,4.928336
255.2699,4.889899
255.3672,4.853072
255.5618,4.783859
255.7564,4.72
255.951,4.660898
256.1456,4.606041
256.3401,4.555012
256.5347,4.507376
256.7293,4.462825
256.9239,4.421067
257.1185,4.381844
257.3131,4.34493
257.5077,4.310123
257.7023,4.277246
257.8969,4.246138
258.0915,4.216658
258.2861,4.188679
258.4807,4.162084
258.6753,4.136772
258.8699,4.112648
259.0645,4.089628
259.2591,4.067634
259.4537,4.046597
259.6483,4.026453
259.8429,4.007144
260.0375,3.988616
260.2321,3.97082
260.6213,3.937247
261.0105,3.906106
261.3997,3.877126
261.7889,3.850072
262.1781,3.824743
262.5672,3.80097
262.9564,3.77859
263.3456,3.757474
263.7348,3.737507
264.124,3.718584
264.5132,3.700614
264.9024,3.683516
265.2916,3.667217
265.6808,3.651652
266.07,3.636763
266.4592,3.622498
266.8484,3.608808
267.2376,3.59565
267.6268,3.582986
268.016,3.570781
268.4052,3.559001
268.7943,3.547619
269.5727,3.525931
270.3511,3.505527
271.1295,3.486242
271.9078,3.467937
272.6862,3.450485
273.4646,3.433779
274.243,3.417726
275.0213,3.402241
275.7997,3.387243
276.5781,3.372666
277.3565,3.358442
278.1349,3.344512
278.9133,3.330816
279.6917,3.317298
280.4701,3.303902
281.2484,3.290572
282.0268,3.277247
282.8052,3.263867
283.5836,3.250367
284.3619,3.236673
285.1403,3.222703
285.5295,3.215585
285.9187,3.208362
286.3079,3.201019
286.6971,3.193541
287.0863,3.18591
287.4754,3.17811
287.8646,3.170115
288.2538,3.161903
288.643,3.153449
289.0322,3.144722
289.4214,3.135688
289.8106,3.126309
290.1998,3.116539
290.589,3.106329
290.9782,3.095618
291.3674,3.084336
291.562,3.078456
291.7566,3.072401
291.9512,3.066158
292.1458,3.059714
292.3404,3.053053
292.535,3.046159
292.7296,3.039012
292.9242,3.031592
293.1188,3.023877
293.3134,3.015841
293.508,3.007455
293.7025,2.998694
293.8971,2.989511
294.0917,2.979873
294.2863,2.969734
294.4809,2.959042
294.6755,2.94774
294.8701,2.935761
295.0647,2.923027
295.2593,2.909452
295.3566,2.902317
295.4539,2.894931
295.5512,2.887279
295.6485,2.879345
295.7458,2.871109
295.8431,2.862552
295.9404,2.853652
296.0377,2.844385
296.135,2.834725
296.2323,2.824645
296.3296,2.814111
296.4269,2.803091
296.5242,2.791546
296.6215,2.779434
296.7188,2.766709
296.816,2.753332
296.9133,2.739219
297.0106,2.724318
297.1079,2.708558
297.2052,2.691856
297.3025,2.67412
297.3998,2.655248
297.4485,2.645338
297.4971,2.635119
297.5458,2.624531
297.5944,2.6136
297.6431,2.602259
297.6917,2.590535
297.7404,2.578355
297.789,2.565745
297.8377,2.552627
297.8863,2.539026
297.935,2.524855
297.9836,2.510138
298.0323,2.494779
298.0809,2.478801
298.1296,2.462097
298.1782,2.444688
298.2269,2.426454
298.2755,2.407415
298.3242,2.387432
298.3728,2.366523
298.4215,2.344532
298.4701,2.321471
298.5188,2.297163
298.5674,2.271614
298.6161,2.244618
298.6647,2.216178
298.6891,2.201296
298.7134,2.186055
298.7377,2.170377
298.762,2.154245
298.7864,2.137571
298.8107,2.120473
298.835,2.102866
298.8593,2.084729
298.8837,2.065963
298.908,2.046701
298.9323,2.026846
298.9566,2.006376
298.981,1.985181
299.0053,1.963412
299.0296,1.940963
299.0539,1.917811
299.0783,1.893838
299.1026,1.869223
299.1269,1.843852
299.1512,1.817715
299.1756,1.790693
299.1999,1.763007
299.2242,1.734558
299.2485,1.705368
299.2729,1.675348
299.2972,1.644805
299.3215,1.613701
299.3458,1.582161
299.358,1.566212
299.3702,1.550222
299.3824,1.534222
299.3945,1.518381
299.4067,1.502479
299.4188,1.486826
299.431,1.471221
299.4431,1.455987
299.4553,1.440949
299.4675,1.426327
299.4797,1.412227
299.4918,1.398879
299.504,1.386207
299.5161,1.374583
299.5283,1.36401
299.5404,1.354887
299.5526,1.34733
299.5648,1.341736
299.577,1.338476
299.5891,1.33798
299.6013,1.340754
299.6134,1.347357
299.6256,1.358621
299.6377,1.375219
299.6499,1.398461
299.6621,1.429487
299.6743,1.469813
299.6804,1.494023
299.6864,1.520803
299.6925,1.551336
299.6986,1.585523
299.7047,1.623725
299.7107,1.665603
299.7168,1.712988
299.7229,1.765713
299.729,1.824325
299.735,1.888312
299.7411,1.96048
299.7472,2.040582
299.7533,2.129475
299.7594,2.228121
299.7655,2.337603
299.7716,2.459142
299.7777,2.594116
299.7837,2.741498
299.7898,2.907941
299.7959,3.093121
299.802,3.299316
299.808,3.525153
299.8141,3.781083
299.8172,3.922378
299.8202,4.066928
299.8233,4.22488
299.8263,4.386569
299.8293,4.5575
299.8323,4.73826
299.8354,4.936037
299.8384,5.138766
299.8415,5.360739
299.8445,5.588433
299.8476,5.837924
299.8506,6.094035
299.8536,6.365545
299.8566,6.653487
299.8597,6.969464
299.8627,7.294311
299.8658,7.651056
299.8688,8.018089
299.8719,8.421456
299.8749,8.836749
299.8779,9.278278
299.8809,9.747842
299.884,10.26456
299.887,10.7972
299.8901,11.38363
299.8931,11.9884
299.8962,12.65448
299.8992,13.34159
299.9022,14.07328
299.9052,14.85244
299.9083,15.71063
299.9113,16.59567
299.9144,17.57
299.9174,18.57411
299.9205,19.67844
299.9235,20.81507
299.9265,22.02169
299.9295,23.30123
299.934,25.36301
299.9384,27.55024
299.9428,29.91064
299.9472,32.44389
299.9516,35.14405
299.956,37.99801
299.9604,40.98373
299.9648,44.06878
299.9692,47.20918
299.9736,50.34908
299.978,53.42153
299.9824,56.35077
299.9868,59.05612
299.9912,61.45727
299.9956,63.48064
300.0,65.06568
300.0023,65.70487
300.0045,66.18972
300.0089,66.7828
300.0133,66.8793
300.0177,66.50462
300.0221,65.70208
300.0265,64.52772
300.0309,63.04483
300.0353,61.31873
300.0397,59.41251
300.0441,57.38397
300.0529,53.15459
300.0573,51.03109
300.0617,48.94044
300.0661,46.90311
300.0705,44.93385
300.0742,43.33805
300.0778,41.84209
300.0815,40.36511
300.0851,38.98794
300.0888,37.63413
300.0924,36.3762
300.096,35.17559
300.0996,34.03072
300.1033,32.9102
300.1069,31.87252
300.1105,30.8845
300.1141,29.94395
300.1178,29.02437
300.1214,28.17321
300.125,27.36283
300.1286,26.5911
300.1323,25.83608
300.1359,25.13656
300.1396,24.45169
300.1432,23.81666
300.1469,23.1944
300.1505,22.6169
300.1541,22.06542
300.1577,21.53854
300.1614,21.02122
300.165,20.54014
300.1722,19.63908
300.1795,18.80133
300.1867,18.04202
300.194,17.33307
300.2013,16.6792
300.2086,16.07489
300.2158,15.52264
300.2231,15.00286
300.2303,14.52604
300.2376,14.07561
300.2448,13.66094
300.2521,13.26786
300.2594,12.89992
300.2667,12.55497
300.2739,12.23537
300.2812,11.93054
300.2884,11.6473
300.2957,11.37641
300.3029,11.12404
300.3102,10.88205
300.3175,10.65301
300.3248,10.43595
300.332,10.23278
300.3393,10.03707
300.3465,9.853487
300.3538,9.676282
300.361,9.509728
300.3683,9.348654
300.3756,9.194923
300.3901,8.909551
300.4046,8.648119
300.4191,8.407871
300.4337,8.184976
300.4482,7.980441
300.4627,7.790917
300.4772,7.614874
300.4917,7.450978
300.5062,7.29806
300.5207,7.155091
300.5352,7.021165
300.5498,6.89464
300.5643,6.77653
300.5788,6.665309
300.5933,6.560408
300.6079,6.460656
300.6224,6.36696
300.6369,6.278208
300.6514,6.194029
300.666,6.113551
300.6805,6.03757
300.695,5.965245
300.7095,5.896325
300.7241,5.830137
300.7386,5.767379
300.7531,5.707394
300.7676,5.650006
300.7822,5.594683
300.7967,5.542033
300.8257,5.443056
300.8548,5.351408
300.8838,5.266882
300.9129,5.188171
300.9419,5.115192
300.9709,5.047123
300.9999,4.98349
301.0001,21.08488
350.0,20.15636
400.0,19.36145
500.0,18.09042
600.0,17.10528
700.0,16.32417
720.0,16.16795
850.0,15.35581
1000.0,14.59821
1250.0,13.61751
1500.0,12.86624
1700.0,12.37592
2000.0,11.76948
2500.0,10.991
3000.0,10.40007
3500.0,9.931146
4000.0,9.547087
5000.0,8.949798
6000.0,8.501775
7000.0,8.150025
8000.0,7.864688
9000.0,7.627454
10000.0,7.426366
12500.0,7.033719
15000.0,6.744593
17000.0,6.561556
20000.0,6.341465
25000.0,6.069159
30000.0,5.8699
35000.0,5.716066
40000.0,5.592602
50000.0,5.404344
60000.0,5.265215
70000.0,5.156493
80000.0,5.068142
90000.0,4.994252
100000.0,4.931089
125000.0,4.805722
150000.0,4.710549
150082.0,4.710295
160114.0,4.67918
170000.0,4.648518
198259.0,4.575971
200000.0,4.571501
250000.0,4.472013
256929.9,4.460215
256930.1,4.318599
256952.0,4.318587
256952.5,4.318585
300000.0,4.18429
323633.0,4.186217
362614.0,4.189396
363158.0,4.18944
400000.0,4.192444
419323.0,4.242583
481169.0,4.403059
481340.0,4.403503
502009.0,4.457134
520251.0,4.504468
521802.0,4.508493
627927.0,4.783863
660884.0,4.869379
700000.0,4.970876
706292.0,4.985459
711378.0,4.997246
725228.0,5.029345
759717.0,5.109277
990000.0,5.594743
990000.1,5.594743
1000000.0,5.615688
1010000.0,5.637115
1020000.0,5.65101
1030000.0,5.664633
1040000.0,5.678257
1050000.0,5.691953
1060000.0,5.705661
1070000.0,5.719368
1080000.0,5.732874
1090000.0,5.74683
1100000.0,5.76079
1110000.0,5.774876
1130000.0,5.795017
1140000.0,5.804898
1150000.0,5.814838
1160000.0,5.824632
1170000.0,5.834782
1200000.0,5.865176
1329838.0,5.965431
1329840.0,5.965433
1357120.0,5.95807
1357125.0,5.958063
1500000.0,5.753003
1538088.0,5.728548
1550000.0,5.720899
1589710.0,5.703149
1589711.0,5.703148
1600000.0,5.689519
1608180.0,5.685997
1608185.0,5.68599
1630000.0,5.653442
1642520.0,5.64044
1642522.0,5.640436
1650000.0,5.624953
1690000.0,5.551089
1700000.0,5.535998
1750000.0,5.472551
1800000.0,5.418386
1802999.0,5.415498
1803000.0,5.415497
1831696.0,5.377685
1831700.0,5.37768
1850000.0,5.34079
1856280.0,5.332931
1856283.0,5.332926
1900000.0,5.258336
1902718.0,5.254984
1902720.0,5.254982
1950000.0,5.18326
2000000.0,5.108242
2010000.0,5.095532
2020000.0,4.974463
2040000.0,4.945327
2060000.0,4.916489
2080000.0,4.872201
2100000.0,4.84411
2500000.0,4.227071
2600000.0,4.091604
2700000.0,3.954755
2800000.0,3.82455
2900000.0,3.70081
3000000.0,3.582538
3500000.0,3.066035
4000000.0,2.667444
5000000.0,2.129292
6000000.0,2.089795
7000000.0,2.000774
7509130.0,2.043413
7509135.0,2.043413
7774040.0,2.047858
8000000.0,2.05165
8560715.0,2.12531
9000000.0,2.183018
10000000.0,2.331607
11000000.0,2.476685
12000000.0,2.598484
13000000.0,2.690366
14000000.0,2.750839
15000000.0,2.781006
15301300.0,2.781301
15301320.0,2.781301
16000000.0,2.781985
17000000.0,2.758162
17319860.0,2.743408
17319870.0,2.743408
18000000.0,2.711609
19000000.0,2.646262
20000000.0,2.566646
