1e-05,8.071653
1.03125e-05,8.071653
1.0625e-05,8.071653
1.09375e-05,8.071652
1.125e-05,8.071652
1.15625e-05,8.071652
1.1875e-05,8.071652
1.21875e-05,8.071652
1.25e-05,8.071652
1.28125e-05,8.071652
1.3125e-05,8.071652
1.34375e-05,8.071652
1.375e-05,8.071652
1.4375e-05,8.071652
1.5e-05,8.071652
1.5625e-05,8.071652
1.625e-05,8.071652
1.6875e-05,8.071652
1.75e-05,8.071652
1.8125e-05,8.071652
1.875e-05,8.071652
1.9375e-05,8.071652
2e-05,8.071651
2.09375e-05,8.071651
2.1875e-05,8.071651
2.28125e-05,8.071651
2.375e-05,8.071651
2.46875e-05,8.071651
2.5625e-05,8.071651
2.65625e-05,8.071651
2.75e-05,8.071651
2.84375e-05,8.071651
2.9375e-05,8.07165
3.03125e-05,8.07165
3.125e-05,8.07165
3.21875e-05,8.07165
3.3125e-05,8.07165
3.40625e-05,8.07165
3.5e-05,8.07165
3.59375e-05,8.07165
3.6875e-05,8.07165
3.78125e-05,8.071649
3.875e-05,8.071649
3.96875e-05,8.071649
4.0625e-05,8.071649
4.25e-05,8.071649
4.4375e-05,8.071649
4.625e-05,8.071649
4.8125e-05,8.071648
5e-05,8.071648
5.15625e-05,8.071648
5.3125e-05,8.071648
5.46875e-05,8.071648
5.625e-05,8.071647
5.78125e-05,8.071647
5.9375e-05,8.071647
6.09375e-05,8.071647
6.25e-05,8.071647
6.40625e-05,8.071647
6.5625e-05,8.071646
6.71875e-05,8.071646
6.875e-05,8.071646
7.1875e-05,8.071646
7.5e-05,8.071645
7.8125e-05,8.071645
8.125e-05,8.071645
8.4375e-05,8.071644
8.75e-05,8.071644
9.0625e-05,8.071644
9.375e-05,8.071643
9.6875e-05,8.071643
0.0001,8.071643
0.000103125,8.071642
0.00010625,8.071642
0.000109375,8.071642
0.0001125,8.071641
0.000115625,8.071641
0.00011875,8.07164
0.000121875,8.07164
0.000125,8.07164
0.000128125,8.071639
0.00013125,8.071639
0.000134375,8.071639
0.0001375,8.071638
0.00014375,8.071638
0.00015,8.071637
0.00015625,8.071636
0.0001625,8.071636
0.00016875,8.071635
0.000175,8.071634
0.00018125,8.071634
0.0001875,8.071633
0.00019375,8.071632
0.0002,8.071631
0.000209375,8.07163
0.00021875,8.071629
0.000228125,8.071628
0.0002375,8.071627
0.000246875,8.071626
0.00025625,8.071625
0.000265625,8.071624
0.000275,8.071623
0.000284375,8.071622
0.00029375,8.071621
0.000303125,8.07162
0.0003125,8.071619
0.000321875,8.071618
0.00033125,8.071617
0.000340625,8.071616
0.00035,8.071615
0.000359375,8.071614
0.00036875,8.071613
0.000378125,8.071612
0.0003875,8.071611
0.000396875,8.07161
0.00040625,8.071609
0.000425,8.071606
0.00044375,8.071604
0.0004625,8.071602
0.00048125,8.0716
0.0005,8.071598
0.000515625,8.071596
0.00053125,8.071595
0.000546875,8.071593
0.0005625,8.071591
0.000578125,8.071589
0.00059375,8.071588
0.000609375,8.071586
0.000625,8.071584
0.000640625,8.071582
0.00065625,8.071581
0.000671875,8.071579
0.0006875,8.071577
0.00071875,8.071574
0.00075,8.07157
0.00078125,8.071567
0.0008125,8.071563
0.00084375,8.07156
0.000875,8.071556
0.00090625,8.071553
0.0009375,8.071549
0.00096875,8.071546
0.001,8.071543
0.00103125,8.071539
0.0010625,8.071536
0.00109375,8.071532
0.001125,8.071529
0.00115625,8.071525
0.0011875,8.071522
0.00121875,8.071518
0.00125,8.071515
0.00128125,8.071511
0.0013125,8.071508
0.00134375,8.071504
0.001375,8.071501
0.0014375,8.071494
0.0015,8.071487
0.0015625,8.07148
0.001625,8.071473
0.0016875,8.071466
0.00175,8.071459
0.0018125,8.071452
0.001875,8.071445
0.0019375,8.071439
0.002,8.071432
0.00209375,8.071421
0.0021875,8.071411
0.00228125,8.0714
0.002375,8.07139
0.00246875,8.07138
0.0025625,8.071369
0.00265625,8.071359
0.00275,8.071348
0.00284375,8.071338
0.0029375,8.071328
0.00303125,8.071317
0.003125,8.071307
0.00321875,8.071296
0.0033125,8.071286
0.00340625,8.071276
0.0035,8.071265
0.00359375,8.071255
0.0036875,8.071244
0.00378125,8.071234
0.003875,8.071224
0.00396875,8.071213
0.0040625,8.071203
0.00425,8.071182
0.0044375,8.071161
0.004625,8.071141
0.0048125,8.07112
0.005,8.071099
0.00515625,8.071082
0.0053125,8.071064
0.00546875,8.071047
0.005625,8.07103
0.00578125,8.071012
0.0059375,8.070995
0.00609375,8.070978
0.00625,8.070961
0.00640625,8.070943
0.0065625,8.070926
0.00671875,8.070909
0.006875,8.070891
0.0071875,8.070857
0.0075,8.070822
0.0078125,8.070788
0.008125,8.070753
0.0084375,8.070718
0.00875,8.070684
0.0090625,8.070649
0.009375,8.070615
0.0096875,8.07058
0.01,8.070546
0.0103125,8.070511
0.010625,8.070477
0.0109375,8.070442
0.01125,8.070408
0.0115625,8.070373
0.011875,8.070339
0.0121875,8.070304
0.0125,8.07027
0.0128125,8.070235
0.013125,8.070201
0.0134375,8.070166
0.01375,8.070132
0.014375,8.070063
0.015,8.069994
0.015625,8.069925
0.01625,8.069856
0.016875,8.069787
0.0175,8.069718
0.018125,8.069649
0.01875,8.06958
0.019375,8.069512
0.02,8.069443
0.0206625,8.06937
0.021325,8.069297
0.0219875,8.069224
0.02265,8.069151
0.0233125,8.069079
0.023975,8.069006
0.0246375,8.068933
0.0253,8.06886
0.02607188,8.068776
0.02684375,8.068691
0.02761563,8.068606
0.0283875,8.068522
0.02915938,8.068437
0.02993125,8.068352
0.03070313,8.068268
0.031475,8.068183
0.03224688,8.068099
0.03301875,8.068014
0.0345625,8.067846
0.03610625,8.067677
0.03765,8.067508
0.03919375,8.06734
0.0407375,8.067171
0.04228125,8.067003
0.043825,8.066835
0.04536875,8.066667
0.0469125,8.066499
0.04845625,8.066331
0.05,8.066163
0.0515625,8.065994
0.053125,8.065824
0.0546875,8.065655
0.05625,8.065485
0.0578125,8.065316
0.059375,8.065147
0.0609375,8.064978
0.0625,8.064809
0.0640625,8.06464
0.065625,8.064472
0.0671875,8.064303
0.06875,8.064135
0.071875,8.063798
0.075,8.063462
0.078125,8.063127
0.08125,8.062792
0.084375,8.062457
0.0875,8.062123
0.090625,8.061789
0.09375,8.061456
0.096875,8.061123
0.1,8.06079
0.103125,8.060458
0.10625,8.060127
0.109375,8.059796
0.1125,8.059465
0.115625,8.059135
0.11875,8.058805
0.121875,8.058476
0.125,8.058147
0.128125,8.057818
0.13125,8.05749
0.134375,8.057162
0.1375,8.056835
0.140625,8.056508
0.14375,8.056182
0.15,8.055531
0.15625,8.054881
0.1625,8.054233
0.16875,8.053586
0.175,8.052942
0.18125,8.052299
0.1875,8.051658
0.19375,8.051018
0.2,8.05038
0.2046875,8.049902
0.209375,8.049426
0.2140625,8.04895
0.21875,8.048476
0.228125,8.047529
0.2375,8.046586
0.246875,8.045647
0.25625,8.044711
0.265625,8.043779
0.275,8.042851
0.284375,8.041926
0.29375,8.041004
0.303125,8.040086
0.3125,8.039171
0.321875,8.03826
0.33125,8.037353
0.340625,8.036448
0.35,8.035547
0.359375,8.03465
0.36875,8.033755
0.378125,8.032865
0.3875,8.031977
0.396875,8.031093
0.40625,8.030211
0.415625,8.029334
0.425,8.028459
0.434375,8.027587
0.44375,8.026719
0.453125,8.025854
0.4625,8.024992
0.48125,8.023278
0.5,8.021575
0.53125,8.018765
0.5625,8.015989
0.59375,8.013244
0.625,8.010532
0.65625,8.007851
0.6875,8.005201
0.71875,8.002582
0.75,7.999991
0.78125,7.99743
0.8125,7.994898
0.84375,7.992393
0.875,7.989916
0.9375,7.985042
1.0,7.980272
1.0625,7.975603
1.125,7.971031
1.1875,7.966553
1.25,7.962164
1.3125,7.957864
1.375,7.953647
1.4375,7.949513
1.5,7.945457
1.5625,7.941478
1.625,7.937572
1.6875,7.933739
1.75,7.929974
1.8125,7.926277
1.875,7.922645
2.0,7.915569
2.09375,7.910419
2.1875,7.905396
2.28125,7.900496
2.375,7.895713
2.46875,7.891042
2.5625,7.886478
2.65625,7.882017
2.75,7.877655
2.84375,7.873388
2.9375,7.869212
3.03125,7.865124
3.125,7.861119
3.3125,7.853349
3.5,7.845879
3.6875,7.838687
3.875,7.831753
4.0625,7.82506
4.25,7.81859
4.4375,7.812329
4.625,7.806262
4.8125,7.800379
5.0,7.794666
5.15625,7.790028
5.3125,7.785496
5.46875,7.781064
5.625,7.776726
5.78125,7.772479
5.9375,7.768318
6.25,7.760237
6.5625,7.752452
6.875,7.744935
7.1875,7.737664
7.5,7.730614
7.8125,7.723768
8.125,7.717107
8.4375,7.710615
8.75,7.704277
9.0625,7.69808
9.375,7.692013
9.6875,7.686063
10.0,7.680221
10.3125,7.674476
10.625,7.668822
10.9375,7.663248
11.25,7.657749
11.875,7.646943
12.5,7.636354
13.125,7.625937
13.75,7.615651
14.375,7.605461
15.0,7.595333
15.625,7.585236
16.25,7.57514
16.875,7.565019
17.5,7.554845
18.125,7.544592
18.75,7.534235
19.375,7.523745
20.0,7.513098
20.68643,7.501187
21.37285,7.489014
22.05927,7.476535
22.74569,7.463707
23.43212,7.450479
24.11854,7.436797
24.80496,7.422601
25.49138,7.407821
26.17781,7.392377
26.86423,7.376179
27.55065,7.359117
28.23707,7.341067
28.58028,7.331625
28.92349,7.321877
29.2667,7.311799
29.60991,7.301364
29.95312,7.290544
30.29633,7.279306
30.63954,7.267613
30.98275,7.255426
31.32597,7.242698
31.66918,7.229379
32.01239,7.21541
32.3556,7.200724
32.69881,7.185247
33.04202,7.168891
33.38523,7.151556
33.72844,7.133125
34.07166,7.113462
34.24327,7.10312
34.41487,7.092408
34.58648,7.081301
34.75808,7.069772
34.92969,7.057792
35.10129,7.04533
35.2729,7.032347
35.4445,7.018808
35.61611,7.004666
35.78771,6.989877
35.95932,6.974384
36.13092,6.958132
36.30253,6.941051
36.47413,6.923071
36.64574,6.904106
36.81735,6.884063
36.98896,6.862837
37.16056,6.840309
37.33217,6.816339
37.50377,6.790771
37.58958,6.777331
37.67538,6.763422
37.76118,6.749017
37.84698,6.734085
37.93279,6.718594
38.01859,6.702512
38.10439,6.685801
38.19019,6.668421
38.276,6.650325
38.3618,6.631469
38.4476,6.6118
38.5334,6.591261
38.61921,6.569787
38.70501,6.547313
38.79081,6.523762
38.87661,6.499051
38.96242,6.473085
39.04822,6.445767
39.13402,6.416982
39.21982,6.386603
39.30563,6.354484
39.39143,6.320476
39.47723,6.284396
39.56303,6.246043
39.64884,6.205185
39.73464,6.161571
39.77754,6.138639
39.82044,6.114903
39.86334,6.090319
39.90624,6.064841
39.94915,6.03841
39.99205,6.010987
40.03495,5.982505
40.07785,5.952902
40.12075,5.92211
40.16365,5.890055
40.20655,5.856658
40.24945,5.821831
40.29236,5.785472
40.33526,5.747497
40.37816,5.707785
40.42106,5.666214
40.46396,5.622653
40.50686,5.576957
40.54976,5.528965
40.59266,5.478503
40.63557,5.425366
40.67847,5.369368
40.72137,5.310263
40.76427,5.247792
40.80717,5.181672
40.85007,5.111585
40.87152,5.074947
40.89297,5.037183
40.91442,4.998245
40.93587,4.958079
40.95733,4.916611
40.97878,4.873822
41.00023,4.829633
41.02168,4.78398
41.04313,4.736795
41.06458,4.688009
41.08603,4.637549
41.10748,4.585339
41.12893,4.531299
41.15038,4.475347
41.17183,4.417399
41.19328,4.357368
41.21473,4.295166
41.23618,4.230704
41.25763,4.163897
41.27908,4.094659
41.30054,4.022877
41.32199,3.948549
41.34344,3.871585
41.36489,3.79195
41.38634,3.709634
41.40779,3.624668
41.41852,3.581196
41.42924,3.53714
41.43997,3.49244
41.45069,3.447208
41.46142,3.401398
41.47214,3.35514
41.48287,3.308403
41.49359,3.261343
41.50432,3.213953
41.51504,3.166422
41.52577,3.118778
41.53649,3.071253
41.54722,3.023927
41.55794,2.977091
41.56867,2.930898
41.57939,2.885721
41.59012,2.841816
41.60084,2.799672
41.61157,2.759697
41.62229,2.722543
41.63302,2.688835
41.64375,2.659442
41.65448,2.635364
41.6652,2.61782
41.67593,2.608234
41.68665,2.608388
41.69738,2.620433
41.7081,2.646976
41.71347,2.666707
41.71883,2.691296
41.72419,2.721299
41.72955,2.757298
41.73492,2.80003
41.74028,2.850062
41.74564,2.908282
41.751,2.975602
41.75637,3.053199
41.76173,3.141941
41.76709,3.243263
41.77245,3.358633
41.77782,3.489976
41.78318,3.638694
41.78854,3.807165
41.7939,3.997839
41.79927,4.213944
41.80463,4.457891
41.80999,4.73375
41.81535,5.045777
41.81804,5.217522
41.82072,5.399597
41.8234,5.593361
41.82608,5.799612
41.82876,6.019212
41.83144,6.253093
41.83412,6.502263
41.8368,6.767813
41.83949,7.052017
41.84217,7.354051
41.84485,7.676331
41.84753,8.020375
41.85021,8.387832
41.85289,8.780502
41.85557,9.200346
41.85825,9.649507
41.86094,10.13218
41.86362,10.64736
41.8663,11.19958
41.86898,11.79194
41.87166,12.42782
41.87434,13.11095
41.87702,13.84544
41.8797,14.63583
41.88239,15.49043
41.88507,16.40844
41.88775,17.39907
41.89043,18.46913
41.89311,19.62619
41.89579,20.87869
41.89847,22.23601
41.90115,23.70864
41.90384,25.31452
41.90652,27.05486
41.9092,28.9501
41.91188,31.01674
41.91456,33.27333
41.91724,35.74075
41.91992,38.44251
41.9226,41.40512
41.92529,44.67121
41.92797,48.25039
41.93065,52.19236
41.93333,56.54016
41.93467,58.88118
41.93601,61.34231
41.93735,63.93058
41.93869,66.65344
41.94003,69.51876
41.94137,72.53488
41.94271,75.71062
41.94405,79.05526
41.9454,82.60561
41.94674,86.3194
41.94808,90.23308
41.94942,94.35792
41.95076,98.70572
41.9521,103.2887
41.95344,108.1195
41.95478,113.2111
41.95612,118.5769
41.95746,124.2302
41.9588,130.1845
41.96014,136.4534
41.96148,143.0497
41.96282,149.9861
41.96416,157.274
41.9655,164.924
41.96766,178.0385
41.96982,192.1392
41.97198,207.2283
41.97413,223.2029
41.97629,240.147
41.97844,257.7924
41.98275,294.7697
41.98491,313.5676
41.98707,332.0659
41.98923,349.8268
41.99138,366.2942
41.99354,381.1231
41.99569,393.6986
41.99785,403.7149
42.0,410.7547
42.00216,414.6842
42.00432,415.4092
42.00648,413.0224
42.00863,407.7795
42.01079,399.9596
42.01294,390.0296
42.0151,378.3266
42.01725,365.3864
42.02157,337.0679
42.02588,307.8761
42.02804,293.4976
42.03019,279.5698
42.03235,266.0726
42.0345,253.2045
42.03645,242.0602
42.03839,231.4883
42.04034,221.3852
42.04228,211.8507
42.04423,202.7762
42.04617,194.2394
42.04812,186.1335
42.05006,178.521
42.05201,171.3011
42.05395,164.5252
42.0559,158.1007
42.05784,152.0711
42.05979,146.3526
42.06173,140.9828
42.06368,135.8863
42.06562,131.0965
42.06757,126.546
42.06951,122.2647
42.07146,118.1925
42.0734,114.3565
42.07535,110.7031
42.07729,107.2571
42.07924,103.9707
42.08118,100.8665
42.08313,97.90208
42.08507,95.0981
42.08702,92.41661
42.08896,89.87675
42.09091,87.44449
42.09285,85.13755
42.09674,80.82431
42.10063,76.88837
42.10452,73.28747
42.10841,69.98492
42.1123,66.94871
42.11619,64.15092
42.12008,61.56708
42.12397,59.17574
42.12786,56.95803
42.13175,54.89728
42.13564,52.97876
42.13953,51.18944
42.14342,49.5177
42.14731,47.95321
42.1512,46.48676
42.15509,45.11008
42.15897,43.81901
42.16286,42.60024
42.16675,41.45121
42.17064,40.36652
42.17453,39.34127
42.17842,38.37103
42.18231,37.45177
42.1862,36.57985
42.19009,35.75192
42.19398,34.96494
42.19787,34.21615
42.20176,33.50298
42.20565,32.82312
42.21343,31.55489
42.2212,30.39772
42.22898,29.33575
42.23676,28.35952
42.24454,27.45955
42.25232,26.62767
42.2601,25.85681
42.26788,25.14079
42.27566,24.47424
42.28343,23.85318
42.29121,23.27187
42.29899,22.72746
42.30677,22.21668
42.31455,21.73664
42.32233,21.28476
42.33011,20.85873
42.33789,20.45647
42.34566,20.0766
42.35344,19.71646
42.36122,19.37505
42.369,19.05099
42.37678,18.74304
42.38456,18.45007
42.39234,18.17104
42.40012,17.90503
42.40789,17.65147
42.41567,17.40895
42.42345,17.17706
42.43901,16.7426
42.45457,16.3434
42.47012,15.97566
42.48568,15.63548
42.50124,15.32016
42.5168,15.02712
42.53235,14.75431
42.54791,14.49944
42.56347,14.26098
42.57903,14.03743
42.59458,13.82759
42.61014,13.63001
42.6257,13.4438
42.64126,13.26801
42.65681,13.10192
42.67237,12.94455
42.68793,12.79535
42.70349,12.65371
42.71904,12.51915
42.7346,12.39101
42.75016,12.26893
42.76572,12.15248
42.78127,12.04137
42.79683,11.93511
42.81239,11.83345
42.82795,11.7361
42.8435,11.64286
42.87462,11.46745
42.90573,11.30559
42.93685,11.1557
42.96796,11.01658
42.99908,10.88704
43.03019,10.76622
43.06131,10.65319
43.09243,10.54727
43.12355,10.4478
43.15466,10.35425
43.18578,10.26605
43.21689,10.18281
43.24801,10.10406
43.27912,10.02952
43.31024,9.958796
43.34135,9.891652
43.37247,9.827784
43.40358,9.766994
43.4347,9.709028
43.46581,9.653729
43.49693,9.600883
43.52804,9.550361
43.55916,9.501983
43.59027,9.455643
43.62139,9.411186
43.6525,9.368527
43.68362,9.327531
43.71473,9.288128
43.77696,9.213693
43.83919,9.144575
43.90142,9.08022
43.96365,9.020145
44.02588,8.963931
44.08812,8.911205
44.15035,8.861661
44.21258,8.815008
44.27481,8.770995
44.33704,8.729399
44.39927,8.690022
44.4615,8.652687
44.52373,8.617234
44.58596,8.58352
44.64819,8.551417
44.71042,8.520807
44.77265,8.491587
44.83488,8.463658
44.89711,8.436935
44.95934,8.411338
45.02157,8.386793
45.0838,8.363234
45.14603,8.3406
45.20826,8.318835
45.27049,8.297886
45.33272,8.277707
45.39495,8.258252
45.51941,8.221355
45.64387,8.186905
45.76833,8.154649
45.89279,8.124366
46.01725,8.095867
46.14172,8.068982
46.26618,8.043567
46.39064,8.019491
46.5151,7.996637
46.63956,7.974905
46.76402,7.954201
46.88848,7.934444
47.01294,7.91556
47.13741,7.897481
47.26187,7.880151
47.38633,7.863513
47.51079,7.847519
47.63525,7.832124
47.75971,7.817286
47.88417,7.802968
48.00863,7.789137
48.1331,7.775759
48.25756,7.762809
48.50648,7.738082
48.7554,7.714767
49.00432,7.692702
49.25324,7.671746
49.50216,7.651781
49.75108,7.632701
50.0,7.614413
50.23379,7.597887
50.46758,7.581929
50.70137,7.566487
50.93515,7.551512
51.16894,7.536962
51.40273,7.522798
51.63652,7.508984
51.8703,7.49549
52.33788,7.469342
52.80545,7.44415
53.27302,7.419739
53.74059,7.39596
54.20817,7.372682
54.67574,7.349793
55.14332,7.327189
55.61089,7.304782
56.07847,7.282485
56.54604,7.260224
57.01361,7.237926
57.48118,7.215522
57.94876,7.192947
58.41633,7.170139
58.88391,7.147032
59.35148,7.123567
59.81906,7.09968
60.28663,7.075308
60.7542,7.050384
61.22177,7.024842
61.68935,6.99861
62.15692,6.971613
62.62449,6.943774
63.09206,6.915006
63.55964,6.885219
64.02721,6.854315
64.49478,6.822189
64.96235,6.788723
65.42993,6.753789
65.8975,6.71725
66.36508,6.678949
66.83265,6.638717
67.30023,6.596362
67.7678,6.551672
68.23537,6.50441
68.46916,6.479732
68.70294,6.454308
68.93673,6.4281
69.17052,6.401065
69.40431,6.373162
69.63809,6.344344
69.87188,6.314561
70.10567,6.28376
70.33946,6.251886
70.57324,6.218882
70.80703,6.184682
71.04082,6.14922
71.27461,6.112425
71.50839,6.074224
71.74218,6.034535
71.97596,5.993277
72.20975,5.95036
72.44353,5.905695
72.67732,5.859184
72.91111,5.810732
73.1449,5.76024
73.37868,5.707615
73.61247,5.652757
73.84626,5.595585
73.96316,5.566107
74.08005,5.536029
74.19694,5.505342
74.31383,5.474044
74.43073,5.442132
74.54762,5.409615
74.66452,5.376495
74.78141,5.34279
74.89831,5.308512
75.0152,5.273694
75.13209,5.238367
75.24898,5.202579
75.36588,5.166383
75.48277,5.129863
75.59966,5.09311
75.71655,5.056243
75.83345,5.019406
75.95034,4.982791
76.06723,4.946622
76.18412,4.911181
76.30102,4.876815
76.41791,4.843963
76.53481,4.813156
76.6517,4.785066
76.7686,4.760521
76.88549,4.740564
76.94394,4.732701
77.00238,4.7265
77.06083,4.722176
77.11927,4.719976
77.17772,4.720173
77.23617,4.723082
77.29462,4.729053
77.35306,4.738486
77.41151,4.751836
77.46995,4.769617
77.5284,4.792422
77.58684,4.820918
77.64529,4.855885
77.70374,4.898205
77.76219,4.948899
77.82063,5.009134
77.87908,5.080296
77.93752,5.163949
77.99597,5.261971
78.05441,5.376496
78.11286,5.510109
78.17131,5.665796
78.22976,5.847118
78.2882,6.058277
78.34665,6.304418
78.4051,6.591612
78.43433,6.752884
78.46355,6.927249
78.49277,7.115938
78.52199,7.320253
78.55122,7.541719
78.58044,7.781789
78.60967,8.042417
78.63889,8.325418
78.66812,8.633215
78.69734,8.968096
78.72656,9.332963
78.75578,9.730971
78.78501,10.16583
78.81423,10.64128
78.84345,11.16202
78.87267,11.73325
78.9019,12.36112
78.93112,13.05198
78.96034,13.81384
78.98956,14.65565
79.01879,15.58816
79.04801,16.62278
79.07724,17.77429
79.10646,19.05839
79.12108,19.75671
79.13569,20.49534
79.1503,21.27771
79.16491,22.10709
79.17952,22.98701
79.19413,23.92135
79.20874,24.91436
79.22335,25.9707
79.23797,27.09628
79.25258,28.29518
79.26719,29.57435
79.2818,30.94064
79.29641,32.40161
79.31102,33.96566
79.32563,35.6421
79.34024,37.44128
79.35486,39.37613
79.36947,41.45692
79.38408,43.69939
79.39869,46.11975
79.4133,48.73628
79.42791,51.56959
79.44252,54.643
79.45713,57.98299
79.47175,61.62228
79.48636,65.59032
79.50097,69.92891
79.51558,74.68335
79.5302,79.90969
79.54481,85.66136
79.55942,92.01219
79.57403,99.04444
79.58134,102.8483
79.58865,106.8602
79.59596,111.0951
79.60326,115.5626
79.61057,120.2927
79.61787,125.2915
79.62518,130.5935
79.63248,136.2072
79.63979,142.1729
79.64709,148.5019
79.6544,155.2416
79.6617,162.407
79.66901,170.0542
79.67631,178.2029
79.68362,186.9202
79.69092,196.2319
79.69823,206.2186
79.70554,216.9295
79.71285,228.4331
79.72015,240.7883
79.72746,254.1142
79.73476,268.4702
79.74207,284.0032
79.74937,300.7915
79.75668,319.0178
79.76398,338.7866
79.77129,360.3269
79.77859,383.7784
79.7859,409.4315
79.7932,437.4733
79.80051,468.2755
79.80781,502.0906
79.81512,539.398
79.82243,580.5985
79.82974,626.2037
79.83339,650.8042
79.83704,676.7295
79.8407,704.1438
79.84435,732.9911
79.848,763.4446
79.85165,795.6119
79.85531,829.7038
79.85896,865.6576
79.86261,903.6957
79.86626,943.9585
79.86992,986.7163
79.87357,1031.895
79.87722,1079.777
79.88087,1130.541
79.88453,1184.528
79.88818,1241.639
79.89183,1302.222
79.89548,1366.492
79.89914,1434.856
79.90279,1507.162
79.90644,1583.809
79.91009,1665.013
79.91375,1751.218
79.9174,1842.138
79.92105,1938.158
79.9247,2039.398
79.92941,2177.853
79.93412,2325.073
79.93883,2480.773
79.94353,2643.976
79.95294,2989.583
79.96235,3347.007
79.96706,3522.935
79.97177,3691.625
79.97648,3848.47
79.98118,3988.294
79.98589,4106.827
79.99059,4199.106
79.9953,4261.853
80.0,4292.299
80.00472,4289.451
80.00943,4253.675
80.01414,4186.935
80.01885,4092.413
80.02357,3973.936
80.02828,3836.636
80.03299,3685.05
80.0377,3523.762
80.04713,3187.831
80.05655,2855.833
80.06127,2696.37
80.06598,2543.673
80.07069,2398.221
80.0754,2260.486
80.08027,2126.394
80.08513,2001.0
80.09,1883.603
80.09486,1774.383
80.09973,1672.513
80.10459,1577.988
80.10946,1489.973
80.11432,1408.379
80.11919,1332.428
80.12405,1262.004
80.12892,1196.409
80.13378,1135.531
80.13865,1078.759
80.14351,1025.994
80.14838,976.7103
80.15324,930.8259
80.15811,887.8908
80.16297,847.8419
80.16784,810.2945
80.1727,775.2022
80.17757,742.2363
80.18243,711.3643
80.1873,682.3051
80.19216,655.0377
80.19703,629.3209
80.20189,605.1427
80.20676,582.2958
80.21162,560.7751
80.21649,540.4014
80.22135,521.1754
80.22621,502.9778
80.23107,485.7389
80.23594,469.3614
80.2408,453.8532
80.25053,425.0991
80.26026,399.0873
80.26999,375.4854
80.27972,354.0088
80.28945,334.4126
80.29918,316.4856
80.3089,300.0609
80.31863,284.946
80.32836,271.02
80.33809,258.1616
80.34782,246.2645
80.35755,235.2351
80.36728,224.9911
80.37701,215.4592
80.38673,206.5836
80.39646,198.2884
80.40619,190.5316
80.41592,183.2673
80.42565,176.4543
80.43538,170.0557
80.44511,164.0382
80.45484,158.3718
80.46456,153.0347
80.47429,147.9915
80.48402,143.2254
80.49375,138.7163
80.50348,134.4458
80.51321,130.3971
80.52294,126.5548
80.54239,119.4379
80.56185,112.9893
80.58131,107.1291
80.60077,101.7867
80.62022,96.90401
80.63968,92.42419
80.65914,88.30523
80.6786,84.50853
80.69805,81.00225
80.71751,77.75354
80.73697,74.73866
80.75643,71.93511
80.77588,69.32433
80.79534,66.88612
80.8148,64.6063
80.83426,62.47105
80.85371,60.46901
80.87317,58.58709
80.89263,56.81645
80.91209,55.14821
80.93154,53.57514
80.951,52.08839
80.97046,50.68224
80.98992,49.35077
81.00937,48.08921
81.02883,46.89138
81.04829,45.75345
81.0872,43.64186
81.12612,41.72465
81.16503,39.97864
81.20395,38.38244
81.24286,36.91943
81.28178,35.5739
81.32069,34.3337
81.35961,33.18704
81.39852,32.12486
81.43744,31.13818
81.47635,30.22013
81.51527,29.36376
81.55418,28.56378
81.5931,27.81473
81.63201,27.11251
81.67093,26.45275
81.70984,25.83223
81.74876,25.24743
81.78767,24.69579
81.82659,24.17444
81.8655,23.68132
81.90442,23.21409
81.94333,22.77107
81.98225,22.35032
82.02116,21.95046
82.06008,21.56987
82.09899,21.20743
82.17682,20.53193
82.25465,19.91554
82.33248,19.35114
82.41031,18.83266
82.48814,18.35495
82.56597,17.91354
82.6438,17.50462
82.72163,17.12485
82.79946,16.77132
82.87729,16.44151
82.95512,16.13317
83.03295,15.84436
83.11078,15.57333
83.18861,15.31854
83.26644,15.07861
83.34427,14.85232
83.4221,14.63858
83.49993,14.43639
83.57776,14.24487
83.65559,14.06322
83.73342,13.89072
83.81125,13.72671
83.88908,13.57058
83.96691,13.42181
84.04474,13.27989
84.12257,13.14437
84.2004,13.01483
84.27823,12.89091
84.43389,12.6585
84.58955,12.44469
84.74521,12.24734
84.90087,12.06466
85.05653,11.8951
85.21219,11.73731
85.36785,11.59011
85.52351,11.45248
85.67917,11.32352
85.83483,11.20246
85.99049,11.08857
86.14615,10.98126
86.30181,10.87996
86.45747,10.78418
86.61313,10.69349
86.76879,10.60749
86.92445,10.52582
87.08011,10.44816
87.23577,10.37422
87.39143,10.30373
87.54709,10.23646
87.70275,10.17219
87.85841,10.11072
88.01407,10.05187
88.16973,9.995463
88.32539,9.941357
88.48105,9.889408
88.79237,9.791469
89.10369,9.700726
89.41501,9.616389
89.72633,9.53778
90.03765,9.46431
90.34898,9.395468
90.6603,9.330811
90.97162,9.269946
91.28294,9.212529
91.59426,9.158255
91.90558,9.106853
92.2169,9.058083
92.52822,9.01173
92.83954,8.967601
93.15086,8.925523
93.46218,8.885341
93.7735,8.846913
94.08482,8.810111
94.39614,8.774821
94.70746,8.740936
95.01878,8.70836
95.3301,8.677005
95.64142,8.646792
95.95274,8.617645
96.26406,8.589497
96.8867,8.535953
97.50934,8.485715
98.13198,8.438401
98.75462,8.393681
99.37726,8.351271
99.9999,8.310919
100.0,8.31061
100.0001,8.310604
100.0004,8.310585
100.0007,8.310566
100.0012,8.310534
100.0023,8.310464
100.0045,8.310325
100.0089,8.310047
100.0177,8.309491
100.0352,8.308386
100.0703,8.306174
100.1405,8.301767
100.2809,8.293021
100.5617,8.275794
101.1232,8.242345
101.6847,8.210121
102.2462,8.179006
102.8077,8.148894
103.3692,8.11969
103.9307,8.091306
104.4922,8.06366
105.0537,8.036675
105.6152,8.01028
106.1767,7.984407
106.7382,7.95899
107.2997,7.933967
107.8612,7.909273
108.4227,7.884844
108.9842,7.860613
109.5458,7.836505
110.1073,7.812451
110.6688,7.788355
111.2303,7.764111
111.7918,7.739588
112.0726,7.727168
112.3533,7.714615
112.6341,7.701887
112.9148,7.688958
113.1956,7.675772
113.4763,7.662285
113.7571,7.648417
114.0378,7.634091
114.1782,7.626718
114.3186,7.619185
114.459,7.611471
114.5993,7.603559
114.7397,7.595412
114.8801,7.587002
115.0205,7.578293
115.1608,7.569247
115.3012,7.559796
115.4416,7.549881
115.582,7.539423
115.6522,7.533959
115.7223,7.528328
115.7925,7.522497
115.8627,7.516454
115.9329,7.51018
116.0031,7.503649
116.0733,7.496834
116.1435,7.489702
116.2137,7.482218
116.2838,7.474349
116.354,7.466023
116.4242,7.457193
116.4944,7.447788
116.5646,7.437725
116.5997,7.432417
116.6348,7.426905
116.6699,7.421175
116.705,7.415207
116.7401,7.408983
116.7752,7.402482
116.8103,7.395678
116.8453,7.388567
116.8804,7.381076
116.9155,7.373192
116.9506,7.364876
116.9857,7.356083
117.0208,7.346765
117.0559,7.336864
117.091,7.326313
117.1261,7.315037
117.1612,7.302946
117.1788,7.296546
117.1963,7.289939
117.2139,7.283033
117.2314,7.275891
117.249,7.268412
117.2665,7.26066
117.2841,7.252524
117.3016,7.244073
117.3192,7.235181
117.3367,7.225921
117.3543,7.216154
117.3718,7.205954
117.3893,7.195227
117.4068,7.183928
117.4244,7.171938
117.4419,7.159337
117.4595,7.145917
117.477,7.13176
117.4946,7.116624
117.5121,7.100589
117.5297,7.083367
117.5385,7.074308
117.5472,7.065037
117.556,7.055322
117.5648,7.04525
117.5736,7.0348
117.5823,7.024075
117.5911,7.012804
117.5999,7.001084
117.6087,6.988886
117.6174,6.976327
117.6262,6.963085
117.635,6.949266
117.6438,6.934832
117.6525,6.919916
117.6613,6.904127
117.6701,6.887584
117.6789,6.870231
117.6876,6.852219
117.6964,6.833067
117.7052,6.812903
117.714,6.791647
117.7227,6.769469
117.7315,6.74576
117.7403,6.720657
117.7491,6.694036
117.7578,6.66609
117.7666,6.636024
117.771,6.620259
117.7754,6.603975
117.7798,6.587148
117.7842,6.569751
117.7886,6.551756
117.7929,6.533564
117.7973,6.514298
117.8017,6.49434
117.8061,6.473655
117.8105,6.452206
117.8149,6.429954
117.8193,6.406855
117.8237,6.382867
117.828,6.35852
117.8324,6.332632
117.8368,6.305709
117.8412,6.277695
117.8456,6.248535
117.85,6.218171
117.8544,6.186541
117.8588,6.153586
117.8631,6.12004
117.8675,6.084284
117.8719,6.047023
117.8763,6.008205
117.8807,5.967785
117.8851,5.92573
117.8895,5.882026
117.8917,5.859558
117.8939,5.836685
117.8961,5.813415
117.8982,5.790841
117.9004,5.766829
117.9026,5.742462
117.9048,5.717766
117.907,5.692772
117.9092,5.667516
117.9114,5.642047
117.9136,5.616421
117.9158,5.590708
117.918,5.564991
117.9202,5.53937
117.9224,5.513967
117.9246,5.488923
117.9268,5.464411
117.929,5.440634
117.9312,5.417834
117.9333,5.397245
117.9355,5.377231
117.9377,5.359205
117.9399,5.343638
117.9421,5.331091
117.9443,5.322223
117.9465,5.317814
117.9487,5.318783
117.9508,5.325715
117.953,5.340485
117.9552,5.364389
117.9574,5.399144
117.9596,5.44674
117.9618,5.509469
117.964,5.589951
117.9662,5.691144
117.9683,5.810081
117.9703,5.946545
117.9723,6.108541
117.9743,6.299016
117.9763,6.520874
117.9783,6.776809
117.9803,7.069073
117.9823,7.399191
117.9842,7.748295
117.9862,8.152234
117.9882,8.590925
117.9902,9.059652
117.9921,9.526498
117.9941,10.03201
117.9961,10.54142
117.9981,11.04284
118.0,11.50061
118.002,11.95172
118.004,12.36124
118.006,12.72116
118.008,13.02618
118.01,13.27385
118.012,13.46439
118.014,13.60026
118.0159,13.68249
118.0179,13.7248
118.0199,13.7275
118.0238,13.64138
118.0258,13.56128
118.0278,13.46339
118.0298,13.35199
118.0317,13.23696
118.0341,13.08297
118.0364,12.92996
118.0387,12.77465
118.041,12.61931
118.0433,12.46567
118.0456,12.31498
118.0479,12.16815
118.0502,12.02578
118.0526,11.88241
118.0549,11.75023
118.0572,11.62324
118.0595,11.50145
118.0618,11.3848
118.0641,11.27315
118.0664,11.16637
118.0687,11.06428
118.0711,10.96256
118.0734,10.86946
118.0757,10.78047
118.078,10.69537
118.0803,10.61399
118.0826,10.53614
118.0849,10.46162
118.0872,10.39027
118.0896,10.31901
118.0919,10.25362
118.0942,10.19092
118.0965,10.13076
118.0988,10.07302
118.1011,10.01755
118.1034,9.964256
118.1057,9.913011
118.1081,9.861612
118.1104,9.81424
118.1127,9.768619
118.115,9.724659
118.1196,9.641403
118.1242,9.563868
118.1289,9.489998
118.1335,9.422455
118.1381,9.359189
118.1427,9.299826
118.1474,9.242854
118.152,9.190395
118.1566,9.140928
118.1612,9.094215
118.1659,9.049106
118.1705,9.00732
118.1751,8.967697
118.1797,8.930076
118.1844,8.893556
118.189,8.859556
118.1936,8.827162
118.1982,8.796263
118.2029,8.766135
118.2075,8.737967
118.2121,8.711019
118.2167,8.685215
118.2214,8.659959
118.226,8.63626
118.2306,8.613508
118.2352,8.591649
118.2399,8.570183
118.2445,8.549977
118.2537,8.511773
118.263,8.475885
118.2722,8.442808
118.2815,8.411582
118.2907,8.382668
118.3,8.355253
118.3092,8.329763
118.3184,8.305754
118.3276,8.2831
118.3369,8.261461
118.3461,8.241203
118.3554,8.221794
118.3646,8.203569
118.3739,8.186058
118.3831,8.169572
118.3924,8.153692
118.4016,8.138705
118.4109,8.124234
118.4201,8.110547
118.4294,8.097304
118.4386,8.084752
118.4479,8.072584
118.4571,8.061029
118.4664,8.049807
118.4756,8.039133
118.4849,8.028749
118.4941,8.018855
118.5126,8.000018
118.5311,7.982469
118.5496,7.966075
118.5681,7.950724
118.5866,7.936313
118.6051,7.922756
118.6235,7.910043
118.642,7.897968
118.6605,7.886541
118.679,7.875709
118.6975,7.865423
118.716,7.855641
118.7345,7.846324
118.753,7.837437
118.7715,7.82895
118.79,7.820833
118.8085,7.81306
118.827,7.805609
118.8455,7.798457
118.864,7.791586
118.8825,7.784978
118.9194,7.772517
118.9564,7.76089
118.9934,7.750036
119.0304,7.739869
119.0674,7.730317
119.1044,7.721318
119.1414,7.712817
119.1784,7.704766
119.2153,7.697145
119.2523,7.689875
119.2893,7.682945
119.3263,7.676326
119.3633,7.669993
119.4003,7.663922
119.4373,7.658093
119.5112,7.647104
119.5852,7.63687
119.6592,7.6273
119.7332,7.61831
119.8071,7.609837
119.8811,7.601799
119.9551,7.594156
120.0291,7.586864
120.103,7.579894
120.177,7.573195
120.251,7.566749
120.325,7.560531
120.3989,7.554527
120.4729,7.548702
120.5469,7.543047
120.6948,7.532199
120.8428,7.521868
120.9907,7.511986
121.1387,7.502474
121.2866,7.493292
121.4346,7.484383
121.5825,7.475722
121.7305,7.467266
121.8784,7.458999
122.0264,7.450887
122.1743,7.442922
122.4702,7.427345
122.766,7.412162
123.0619,7.397276
123.3578,7.382624
123.6537,7.368151
123.9496,7.353812
124.5414,7.325395
125.1332,7.297138
125.725,7.268869
126.3168,7.240448
126.9086,7.211764
127.5003,7.182723
128.0921,7.153229
128.6839,7.123205
129.2757,7.092574
129.8675,7.061259
130.4593,7.029184
131.0511,6.99627
131.6429,6.962437
132.2346,6.927605
132.8264,6.891674
133.4182,6.854551
134.01,6.816136
134.6018,6.776315
135.1936,6.734968
135.7854,6.691962
136.3772,6.647151
136.9689,6.600385
137.5607,6.55147
138.1525,6.500217
138.7443,6.446407
139.3361,6.389796
139.9279,6.330109
140.5197,6.267037
141.1115,6.20023
141.4074,6.165304
141.7032,6.129304
141.9991,6.092147
142.295,6.053783
142.5909,6.014145
142.8868,5.973162
143.1827,5.930758
143.4786,5.88685
143.7745,5.841351
144.0704,5.794165
144.3663,5.745191
144.6622,5.694319
144.9581,5.641433
145.254,5.586403
145.5499,5.529095
145.8458,5.46936
146.1417,5.407041
146.4375,5.341989
146.7334,5.273977
147.0293,5.20283
147.3252,5.128338
147.6211,5.050277
147.917,4.968411
148.2129,4.882491
148.3609,4.837916
148.5088,4.79226
148.6568,4.74543
148.8047,4.697455
148.9527,4.64824
149.1006,4.597819
149.2486,4.546093
149.3965,4.493106
149.5445,4.438759
149.6924,4.383106
149.8404,4.326054
149.9883,4.26767
150.1363,4.207875
150.2842,4.146758
150.4322,4.084258
150.5801,4.0205
150.7281,3.955458
150.876,3.88931
151.0239,3.822134
151.1718,3.754097
151.3198,3.685373
151.4677,3.616347
151.6157,3.547304
151.7636,3.478831
151.9116,3.411472
152.0595,3.346141
152.1335,3.314518
152.2075,3.283813
152.2815,3.254208
152.3554,3.225948
152.4294,3.199193
152.5034,3.174254
152.5774,3.151439
152.6513,3.131127
152.7253,3.113669
152.7993,3.099557
152.8733,3.089328
152.9472,3.083601
153.0212,3.08307
153.0952,3.08857
153.1692,3.101052
153.2431,3.121593
153.3171,3.15154
153.391,3.192317
153.465,3.245808
153.5389,3.313948
153.6129,3.399386
153.6869,3.504964
153.7609,3.634167
153.7979,3.7089
153.8348,3.790931
153.8718,3.881359
153.9088,3.98069
153.9458,4.089716
153.9828,4.209311
154.0198,4.340437
154.0568,4.484162
154.0938,4.641664
154.1307,4.813767
154.1677,5.002854
154.2047,5.210101
154.2417,5.437316
154.2787,5.686517
154.3157,5.95997
154.3527,6.260213
154.3897,6.590104
154.4266,6.951837
154.4636,7.351008
154.5006,7.79081
154.5376,8.275932
154.5746,8.811721
154.6116,9.404288
154.6486,10.06064
154.6856,10.78884
154.7225,11.5959
154.741,12.03419
154.7595,12.49694
154.778,12.98577
154.7965,13.50244
154.815,14.04885
154.8335,14.62706
154.852,15.23931
154.8705,15.888
154.889,16.57579
154.9075,17.30553
154.926,18.08036
154.9445,18.90367
154.963,19.77921
154.9815,20.71104
155.0,21.70363
155.0184,22.75598
155.0369,23.8849
155.0554,25.09078
155.0739,26.38016
155.0924,27.76029
155.1109,29.23917
155.1294,30.82567
155.1479,32.52967
155.1664,34.36216
155.1849,36.3354
155.2034,38.4631
155.2219,40.76066
155.2404,43.24535
155.2589,45.93664
155.2774,48.85654
155.2959,52.02996
155.3143,55.46573
155.3328,59.23329
155.3513,63.35161
155.3698,67.86295
155.3883,72.81596
155.4068,78.26684
155.4253,84.28075
155.4438,90.93357
155.4531,94.54667
155.4623,98.31404
155.4716,102.3312
155.4808,106.5264
155.4901,111.0069
155.4993,115.6937
155.5086,120.7078
155.5178,125.9619
155.5271,131.5931
155.5363,137.505
155.5456,143.8536
155.5548,150.5319
155.5641,157.7184
155.5733,165.2945
155.5826,173.4652
155.5918,182.0987
155.601,191.3283
155.6102,201.2073
155.6195,211.9144
155.6287,223.286
155.638,235.6449
155.6472,248.8083
155.6565,263.157
155.6657,278.487
155.675,295.2508
155.6842,313.2207
155.6935,332.9392
155.7027,354.1519
155.712,377.5152
155.7212,402.7457
155.7305,430.6449
155.7397,460.898
155.7489,494.1151
155.7581,530.6668
155.7674,571.4394
155.7766,616.0505
155.7813,640.6625
155.7859,666.0482
155.7905,692.8021
155.7951,721.0148
155.7998,751.4487
155.8044,782.9152
155.809,816.1568
155.8136,851.2938
155.8183,889.2869
155.8229,928.6604
155.8275,970.3486
155.8321,1014.51
155.8368,1062.362
155.8414,1112.052
155.846,1164.762
155.8506,1220.693
155.8553,1281.391
155.8599,1344.502
155.8645,1411.515
155.8691,1482.673
155.8738,1559.92
155.8784,1640.228
155.883,1725.445
155.8876,1815.821
155.8922,1911.592
155.8968,2012.976
155.9014,2120.16
155.906,2233.288
155.9119,2387.216
155.9178,2551.041
155.9237,2724.465
155.9295,2903.652
155.9413,3289.746
155.953,3686.54
155.9589,3883.716
155.9648,4073.08
155.9707,4249.465
155.9765,4404.874
155.9824,4539.249
155.9883,4644.674
155.9942,4716.979
156.0,4752.987
156.0059,4752.684
156.0118,4715.579
156.0177,4643.784
156.0235,4542.806
156.0294,4413.656
156.0353,4262.978
156.0412,4096.1
156.047,3921.241
156.0588,3550.33
156.0705,3185.587
156.0764,3009.001
156.0823,2839.429
156.0882,2677.817
156.094,2527.237
156.0992,2399.42
156.1043,2280.676
156.1094,2168.394
156.1145,2062.409
156.1196,1962.504
156.1247,1868.424
156.1298,1779.894
156.1349,1696.625
156.14,1618.325
156.1451,1544.704
156.1502,1475.477
156.1553,1410.369
156.1604,1349.118
156.1655,1291.473
156.1706,1237.198
156.1757,1186.069
156.1809,1136.96
156.186,1091.56
156.1911,1048.716
156.1962,1008.256
156.2013,970.0225
156.2064,933.868
156.2115,899.6557
156.2166,867.2588
156.2217,836.5592
156.2268,807.4478
156.2319,779.8229
156.237,753.5903
156.2472,704.9592
156.2574,660.9273
156.2677,620.5802
156.2779,584.2299
156.2881,551.0609
156.2983,520.7214
156.3085,492.9055
156.3187,467.346
156.3289,443.8092
156.3391,422.09
156.3494,401.8188
156.3596,383.229
156.3698,365.9756
156.38,349.9343
156.3902,334.9947
156.4004,321.0582
156.4106,308.0373
156.4208,295.8535
156.4311,284.3279
156.4413,273.6208
156.4515,263.5598
156.4617,254.0936
156.4719,245.1761
156.4821,236.7653
156.4923,228.8233
156.5025,221.3154
156.5128,214.1426
156.523,207.4154
156.5332,201.0359
156.5434,194.9804
156.5638,183.7557
156.5842,173.587
156.6047,164.3008
156.6251,155.8765
156.6455,148.1718
156.6659,141.1057
156.6863,134.6081
156.7067,128.6184
156.7271,123.0838
156.7475,117.9583
156.768,113.1792
156.7884,108.7574
156.8088,104.6377
156.8292,100.7923
156.8497,97.17976
156.8701,93.81341
156.8905,90.65559
156.9109,87.6889
156.9314,84.88447
156.9518,82.2556
156.9722,79.77555
156.9926,77.43293
157.013,75.21743
157.0334,73.11968
157.0538,71.13119
157.0742,69.24423
157.0947,67.44319
157.1151,65.73915
157.1559,62.57203
157.1968,59.6856
157.2376,57.05885
157.2785,54.64896
157.3193,52.4422
157.3601,50.41059
157.4009,48.53527
157.4418,46.79582
157.4826,45.18649
157.5235,43.68692
157.5643,42.29351
157.6052,40.98981
157.646,39.7737
157.6868,38.63438
157.7276,37.5652
157.7685,36.55781
157.8093,35.61182
157.8502,34.7178
157.891,33.87585
157.9319,33.07795
157.9727,32.32454
158.0135,31.61045
158.0543,30.93283
158.0952,30.28756
158.136,29.67542
158.1769,29.09125
158.2177,28.53594
158.2994,27.49922
158.381,26.55364
158.4627,25.68611
158.5444,24.88869
158.6261,24.15351
158.7077,23.47464
158.7894,22.84458
158.8711,22.25914
158.9528,21.7139
159.0345,21.20499
159.1162,20.72903
159.1979,20.283
159.2796,19.86426
159.3612,19.47092
159.4429,19.09991
159.5246,18.74987
159.6063,18.41911
159.6879,18.10649
159.7696,17.80989
159.8513,17.52847
159.933,17.26113
160.0146,17.00717
160.0963,16.76504
160.178,16.53423
160.2597,16.31398
160.3413,16.10385
160.423,15.90268
160.5047,15.71016
160.668,15.34916
160.8314,15.0166
160.9947,14.70964
161.1581,14.42512
161.3214,14.16101
161.4848,13.9149
161.6482,13.68515
161.8116,13.47019
161.9749,13.26875
162.1383,13.07937
162.3016,12.90119
162.465,12.73304
162.6283,12.57429
162.7917,12.42396
162.955,12.28158
163.1184,12.14634
163.2817,12.01787
163.4451,11.89552
163.6084,11.77897
163.7718,11.66769
163.9351,11.56143
164.0985,11.45973
164.2619,11.36234
164.4253,11.26899
164.5886,11.17947
164.9153,11.01076
165.242,10.85453
165.5687,10.70934
165.8954,10.57398
166.2221,10.44738
166.5488,10.32864
166.8756,10.21692
167.2023,10.11159
167.529,10.01202
167.8557,9.91766
168.1824,9.828034
168.5091,9.742718
168.8358,9.661335
169.1625,9.583544
169.4893,9.50902
169.816,9.437534
170.1427,9.368813
170.4694,9.302633
170.7961,9.23879
171.1228,9.177095
171.4495,9.117378
171.7762,9.059483
172.103,9.003247
172.4297,8.948571
173.0831,8.843361
173.7365,8.742946
174.3899,8.646548
175.0433,8.55348
175.6967,8.463124
176.3501,8.374917
177.0035,8.28834
177.657,8.20289
178.3104,8.118126
178.9638,8.033578
179.6172,7.948794
180.2707,7.863302
180.9241,7.776655
181.5775,7.688345
182.2309,7.597842
182.8844,7.504555
183.2111,7.456684
183.5378,7.407877
183.8645,7.358042
184.1912,7.307083
184.5179,7.254894
184.8446,7.201364
185.1714,7.146356
185.4981,7.089774
185.8248,7.03146
186.1515,6.971262
186.4782,6.909015
186.8049,6.844538
187.1316,6.777633
187.4583,6.708081
187.7851,6.635623
188.1118,6.560037
188.4385,6.481011
188.7652,6.398221
189.0919,6.311307
189.4186,6.219869
189.582,6.172301
189.7453,6.123459
189.9087,6.073221
190.072,6.021578
190.2354,5.968397
190.3988,5.913632
190.5622,5.857202
190.7255,5.799058
190.8889,5.739038
191.0522,5.67712
191.2156,5.613128
191.3789,5.547032
191.5423,5.478639
191.7056,5.407914
191.869,5.334645
192.0323,5.258792
192.1957,5.180123
192.359,5.098595
192.5224,5.013961
192.6857,4.926176
192.8491,4.83498
193.0125,4.740279
193.1759,4.641928
193.3392,4.539859
193.5026,4.433835
193.6659,4.323901
193.7476,4.267396
193.8293,4.209888
193.911,4.151382
193.9926,4.091964
194.0743,4.031509
194.156,3.970115
194.2377,3.907823
194.3193,3.84476
194.401,3.780838
194.4827,3.716218
194.5644,3.651004
194.646,3.58541
194.7277,3.519435
194.8094,3.45336
194.8911,3.387428
194.9727,3.322019
195.0544,3.257336
195.1361,3.193903
195.2178,3.132264
195.2994,3.073149
195.3811,3.017222
195.4628,2.965544
195.5445,2.919329
195.6261,2.88011
195.7078,2.849629
195.7895,2.83022
195.8304,2.825524
195.8712,2.824718
195.912,2.828251
195.9528,2.836645
195.9937,2.850525
196.0345,2.870484
196.0754,2.897367
196.1162,2.93188
196.1571,2.975145
196.1979,3.028025
196.2387,3.091836
196.2795,3.167961
196.3204,3.258224
196.3612,3.363993
196.4021,3.487872
196.4429,3.631644
196.4838,3.798776
196.5246,3.991636
196.5654,4.214292
196.5858,4.338108
196.6062,4.471038
196.6267,4.614455
196.6471,4.767669
196.6675,4.932119
196.6879,5.108634
196.7084,5.299077
196.7288,5.502576
196.7492,5.721094
196.7696,5.955794
196.7901,6.209228
196.8105,6.480319
196.8309,6.771778
196.8513,7.085272
196.8717,7.422627
196.8921,7.785854
196.9125,8.177164
196.9329,8.598993
196.9534,9.056352
196.9738,9.547767
196.9942,10.07869
197.0146,10.65278
197.0351,11.27728
197.0555,11.95066
197.0759,12.68093
197.0963,13.47375
197.1168,14.33991
197.1372,15.27813
197.1576,16.30056
197.178,17.4163
197.1984,18.63568
197.2188,19.97046
197.2392,21.43399
197.2596,23.04157
197.2801,24.81983
197.3005,26.77167
197.3209,28.92865
197.3311,30.09234
197.3413,31.31777
197.3516,32.62201
197.3618,33.98417
197.372,35.42135
197.3822,36.93871
197.3924,38.54184
197.4026,40.23684
197.4128,42.03031
197.423,43.92944
197.4333,45.96239
197.4435,48.09832
197.4537,50.36576
197.4639,52.77496
197.4741,55.33715
197.4843,58.06465
197.4945,60.97102
197.5047,64.07119
197.5149,67.38163
197.5251,70.92052
197.5353,74.70801
197.5455,78.76644
197.5557,83.12063
197.5659,87.79821
197.5761,92.83
197.5863,98.25047
197.5966,104.1578
197.6068,110.481
197.617,117.3242
197.6272,124.7424
197.6374,132.798
197.6476,141.5618
197.6578,151.114
197.668,161.5463
197.6783,173.0808
197.6885,185.6147
197.6987,199.3933
197.7089,214.5765
197.7191,231.3489
197.7293,249.9251
197.7344,259.9662
197.7395,270.5551
197.7446,281.7297
197.7497,293.531
197.7549,306.2549
197.76,319.4611
197.7651,333.4398
197.7702,348.248
197.7753,363.9474
197.7804,380.6052
197.7855,398.2943
197.7906,417.0945
197.7957,437.0922
197.8008,458.3819
197.8059,481.0665
197.811,505.258
197.8161,531.0786
197.8212,558.6615
197.8263,588.1518
197.8314,619.7074
197.8365,653.5001
197.8416,689.7164
197.8467,728.5585
197.8518,770.2454
197.8569,815.0128
197.862,863.1142
197.8671,914.8202
197.8722,970.4185
197.8773,1030.212
197.8824,1094.515
197.8875,1163.652
197.8926,1237.948
197.8977,1317.724
197.9028,1403.28
197.9079,1494.884
197.913,1592.749
197.9185,1705.455
197.9239,1823.358
197.9294,1950.635
197.9348,2082.207
197.9403,2222.142
197.9457,2364.156
197.9565,2654.797
197.962,2801.186
197.9674,2939.676
197.9729,3071.615
197.9783,3188.261
197.9838,3289.88
197.9892,3369.114
197.9946,3424.983
198.0,3455.385
198.0055,3459.151
198.0109,3436.373
198.0164,3387.662
198.0218,3317.233
198.0273,3225.754
198.0327,3120.197
198.0381,3002.79
198.0435,2877.142
198.0544,2611.441
198.0653,2346.736
198.0708,2218.206
198.0762,2096.842
198.0816,1980.959
198.087,1870.97
198.0945,1728.32
198.0983,1660.541
198.102,1597.407
198.1058,1535.443
198.1095,1477.836
198.1132,1422.835
198.1169,1370.35
198.1207,1318.965
198.1244,1271.283
198.1282,1224.622
198.1319,1181.334
198.1394,1099.68
198.1468,1026.472
198.1543,958.9963
198.1618,897.607
198.1693,841.6811
198.1767,791.3066
198.1842,744.6231
198.1917,701.8915
198.1992,662.7097
198.2066,627.1801
198.2141,594.0276
198.2216,563.4696
198.2291,535.2544
198.2365,509.4929
198.244,485.2914
198.2515,462.8337
198.259,441.9609
198.2664,422.7811
198.2739,404.6503
198.2814,387.7227
198.2889,371.8961
198.2963,357.2696
198.3038,343.366
198.3113,330.3145
198.3188,318.0474
198.3262,306.653
198.3337,295.7684
198.3412,285.5019
198.3487,275.8075
198.3561,266.7625
198.3636,258.0847
198.3711,249.865
198.3786,242.0717
198.386,234.7717
198.401,221.0573
198.4159,208.7185
198.4309,197.4307
198.4458,187.2101
198.4608,177.8036
198.4757,169.2377
198.4907,161.3116
198.5056,154.0571
198.5206,147.3119
198.5355,141.1099
198.5504,135.3555
198.5653,130.0057
198.5803,124.9903
198.5952,120.3424
198.6102,115.9695
198.6251,111.9032
198.6401,108.065
198.655,104.4849
198.67,101.0955
198.6849,97.9249
198.6999,94.91509
198.7148,92.09223
198.7298,89.40575
198.7447,86.88006
198.7597,84.4708
198.7746,82.20068
198.7895,80.04467
198.8044,77.99496
198.8343,74.17433
198.8642,70.70287
198.8941,67.53773
198.924,64.64253
198.9539,61.9862
198.9838,59.5421
199.0137,57.28725
199.0435,55.20846
199.0734,53.27454
199.1033,51.4776
199.1332,49.8044
199.1631,48.24329
199.193,46.78397
199.2229,45.41735
199.2528,44.13532
199.2827,42.93068
199.3126,41.79699
199.3425,40.72849
199.3724,39.71997
199.4023,38.7668
199.4322,37.86475
199.4621,37.01002
199.492,36.19915
199.5218,35.43154
199.5517,34.69918
199.5816,34.00211
199.6115,33.33796
199.6414,32.70455
199.7012,31.52217
199.7609,30.44263
199.8207,29.45039
199.8805,28.53717
199.9403,27.69424
200.0,26.91534
200.0624,26.16106
200.1248,25.46164
200.1872,24.81149
200.2496,24.20577
200.312,23.64021
200.3744,23.11107
200.4368,22.61504
200.4991,22.14992
200.5615,21.71164
200.6239,21.29863
200.6863,20.90884
200.7487,20.5404
200.8111,20.19166
200.8735,19.86111
200.9359,19.5474
200.9982,19.24977
201.0606,18.96614
201.123,18.69601
201.1854,18.43844
201.2478,18.1926
201.3102,17.95772
201.3726,17.73309
201.4973,17.31238
201.6221,16.92522
201.7469,16.56809
201.8717,16.23765
201.9964,15.93128
202.1212,15.64601
202.246,15.37997
202.3708,15.13127
202.4955,14.89846
202.6203,14.67972
202.7451,14.47397
202.8699,14.28009
202.9946,14.0972
203.1194,13.92413
203.2442,13.76022
203.369,13.60476
203.4937,13.45722
203.6185,13.31677
203.7432,13.18312
203.868,13.05558
203.9927,12.93391
204.1175,12.81753
204.2423,12.70617
204.3671,12.59951
204.4918,12.49733
204.6166,12.39919
204.7414,12.30491
204.9909,12.12711
205.2405,11.96211
205.49,11.80864
205.7395,11.6654
205.989,11.53133
206.2386,11.40546
206.4881,11.28711
206.7377,11.17546
206.9872,11.06998
207.2368,10.97004
207.4863,10.87524
207.7358,10.7851
207.9853,10.69924
208.2349,10.61727
208.4844,10.53894
208.734,10.46392
208.9835,10.392
209.2331,10.32291
209.4826,10.25647
209.7321,10.19248
209.9816,10.13076
210.2312,10.07112
210.4807,10.01347
210.9798,9.903479
211.4789,9.79983
211.9779,9.701705
212.477,9.608343
212.9761,9.519129
213.4752,9.433504
213.9742,9.350983
214.4733,9.271079
214.9724,9.193394
215.4715,9.117544
215.9705,9.043182
216.4696,8.969935
216.9687,8.897484
217.4678,8.825501
217.9669,8.753655
218.466,8.681611
218.9651,8.609022
219.4642,8.535517
219.9632,8.460716
220.4623,8.384157
220.9614,8.305373
221.211,8.264972
221.4605,8.223821
221.71,8.181825
221.9595,8.138897
222.2091,8.094925
222.4586,8.049843
222.7082,8.003505
222.9577,7.955825
223.2073,7.906635
223.4568,7.855826
223.7063,7.803219
223.9558,7.748634
224.2054,7.69185
224.4549,7.632691
224.7045,7.570859
224.954,7.506126
225.2036,7.438123
225.4531,7.366545
225.7026,7.290958
225.8274,7.251502
225.9521,7.210894
226.0769,7.169001
226.2017,7.125779
226.3265,7.081148
226.4512,7.035059
226.576,6.987344
226.7008,6.937938
226.8256,6.886731
226.9503,6.833647
227.0751,6.778473
227.1999,6.721109
227.3247,6.661403
227.4494,6.599238
227.5742,6.534332
227.6989,6.46659
227.8237,6.395685
227.9484,6.321491
228.0732,6.243625
228.198,6.161853
228.3228,6.075856
228.4475,5.985354
228.5723,5.88981
228.6971,5.788863
228.7595,5.736215
228.8219,5.682033
228.8843,5.626249
228.9466,5.568884
229.009,5.509681
229.0714,5.44865
229.1338,5.38571
229.1962,5.320774
229.2586,5.253751
229.321,5.184546
229.3834,5.113062
229.4457,5.039315
229.5081,4.962964
229.5705,4.884015
229.6329,4.802357
229.6952,4.718015
229.7576,4.630604
229.82,4.540144
229.8824,4.446529
229.9447,4.349813
230.0071,4.249598
230.0695,4.145962
230.1319,4.038857
230.1943,3.928273
230.2567,3.814247
230.3191,3.696885
230.3503,3.637012
230.3815,3.57639
230.4127,3.515064
230.4438,3.453292
230.475,3.390746
230.5062,3.327707
230.5374,3.264279
230.5686,3.200586
230.5998,3.136775
230.631,3.073024
230.6622,3.009542
230.6934,2.946583
230.7246,2.884445
230.7558,2.823483
230.787,2.764122
230.8182,2.706866
230.8494,2.652314
230.8806,2.601183
230.9118,2.554329
230.9429,2.5129
230.9741,2.477856
231.0053,2.450816
231.0365,2.433567
231.0677,2.428268
231.0989,2.437548
231.1145,2.448631
231.1301,2.464615
231.1457,2.486014
231.1613,2.513402
231.1769,2.547415
231.1925,2.588761
231.2081,2.63823
231.2237,2.696704
231.2393,2.765171
231.2549,2.844736
231.2705,2.936639
231.2861,3.042277
231.3017,3.163222
231.3173,3.30125
231.3329,3.458372
231.3485,3.636867
231.3641,3.839327
231.3797,4.068707
231.3953,4.328384
231.4031,4.470772
231.4109,4.622228
231.4187,4.783328
231.4265,4.954689
231.4343,5.136973
231.442,5.328332
231.4498,5.534495
231.4576,5.75388
231.4654,5.987377
231.4732,6.235949
231.481,6.500635
231.4888,6.782559
231.4966,7.082936
231.5044,7.403086
231.5122,7.744437
231.52,8.108544
231.5278,8.497093
231.5356,8.911922
231.5434,9.355033
231.5512,9.828611
231.559,10.33504
231.5668,10.87694
231.5746,11.45716
231.5824,12.07884
231.5902,12.74543
231.598,13.46072
231.6058,14.22889
231.6136,15.05455
231.6214,15.9428
231.6292,16.89929
231.637,17.93028
231.6448,19.04273
231.6526,20.2444
231.6604,21.54394
231.6682,22.95103
231.676,24.47651
231.6838,26.13255
231.6915,27.90881
231.6993,29.86671
231.7071,32.0016
231.7149,34.33329
231.7227,36.88431
231.7305,39.68033
231.7383,42.75075
231.7461,46.12925
231.7539,49.85462
231.7578,51.86111
231.7617,53.97163
231.7656,56.1929
231.7695,58.53215
231.7734,60.99719
231.7773,63.59647
231.7812,66.33909
231.7851,69.23494
231.789,72.2947
231.7929,75.52997
231.7968,78.95332
231.8007,82.57843
231.8046,86.42015
231.8085,90.49468
231.8124,94.81964
231.8163,99.41426
231.8202,104.2996
231.8241,109.4985
231.828,115.0362
231.8319,120.9402
231.8358,127.2406
231.8397,133.9706
231.8436,141.1666
231.8475,148.8686
231.8514,157.1206
231.8553,165.9712
231.8592,175.4738
231.8631,185.6873
231.867,196.677
231.8709,208.5146
231.8748,221.2795
231.8787,235.0593
231.8826,249.9507
231.8865,266.0604
231.8904,283.5059
231.8943,302.4165
231.8982,322.9341
231.9021,345.2141
231.906,369.4257
231.9099,395.7522
231.9138,424.391
231.9177,455.5522
231.9216,489.4572
231.9255,526.3344
231.9294,566.4143
231.9333,609.9214
231.9372,657.0623
231.941,706.6552
231.9447,758.5219
231.9484,813.9563
231.9521,872.9031
231.9558,935.1849
231.9595,1000.469
231.9632,1068.229
231.9705,1206.021
231.9742,1275.705
231.9779,1343.352
231.9816,1407.224
231.9853,1465.443
231.989,1516.104
231.9927,1557.419
231.9964,1587.876
232.0,1606.04
232.0037,1612.36
232.0074,1606.163
232.0111,1588.02
232.0148,1558.996
232.0185,1520.534
232.0222,1474.306
232.0259,1422.072
232.0295,1367.122
232.0369,1247.451
232.0443,1126.872
232.048,1068.466
232.0517,1012.088
232.0554,958.1012
232.059,908.0876
232.0637,846.7003
232.0683,790.9504
232.0729,739.4026
232.0775,691.8835
232.0821,648.1654
232.0867,607.9917
232.0913,571.0953
232.0959,537.2107
232.1006,505.4338
232.1052,476.8705
232.1098,450.5905
232.1144,426.3863
232.119,404.0682
232.1236,383.4632
232.1282,364.4147
232.1328,346.7812
232.1375,330.0929
232.1421,314.9427
232.1467,300.8585
232.1513,287.747
232.1559,275.5241
232.1605,264.1142
232.1651,253.4487
232.1697,243.4661
232.1744,233.9138
232.179,225.147
232.1836,216.9103
232.1882,209.1624
232.1928,201.8657
232.1974,194.9863
232.202,188.493
232.2066,182.3577
232.2113,176.432
232.2159,170.9439
232.2205,165.7425
232.2251,160.8081
232.2297,156.1226
232.2343,151.6694
232.2435,143.4004
232.2528,135.8153
232.262,128.9846
232.2712,122.7445
232.2804,117.0278
232.2897,111.7216
232.2989,106.8896
232.3081,102.4288
232.3173,98.30115
232.3266,94.43343
232.3358,90.8794
232.345,87.57028
232.3542,84.4834
232.3635,81.56836
232.3727,78.86988
232.3819,76.33965
232.3911,73.96348
232.4004,71.70513
232.4096,69.60163
232.4188,67.61772
232.428,65.74413
232.4373,63.95379
232.4465,62.27755
232.4557,60.68876
232.4649,59.18118
232.4742,57.73395
232.4834,56.37296
232.4926,55.07751
232.5018,53.84326
232.5203,51.53082
232.5387,49.43241
232.5572,47.50109
232.5756,45.73729
232.5941,44.10421
232.6125,42.60441
232.6309,41.2157
232.6493,39.92677
232.6678,38.72147
232.6862,37.60413
232.7047,36.55493
232.7231,35.57845
232.7416,34.65807
232.76,33.79845
232.7785,32.98547
232.7969,32.22371
232.8154,31.50108
232.8338,30.822
232.8523,30.176
232.8707,29.56732
232.8892,28.98681
232.9076,28.4385
232.926,27.91712
232.9444,27.4208
232.9629,26.94534
232.9813,26.49431
232.9998,26.06138
233.0182,25.64991
233.0551,24.87749
233.092,24.16851
233.1289,23.51569
233.1658,22.91279
233.2027,22.35446
233.2395,21.83742
233.2764,21.35484
233.3133,20.90467
233.3502,20.48381
233.3871,20.08957
233.424,19.71954
233.4609,19.37162
233.4978,19.04393
233.5347,18.73477
233.5716,18.44265
233.6085,18.16623
233.6454,17.90429
233.6823,17.65574
233.7192,17.41961
233.7561,17.19498
233.793,16.98106
233.8298,16.77765
233.8667,16.58296
233.9036,16.39696
233.9405,16.21907
233.9774,16.04879
234.0512,15.7292
234.1249,15.43519
234.1987,15.16313
234.2725,14.91099
234.3463,14.67667
234.42,14.45862
234.4938,14.25468
234.5676,14.06377
234.6414,13.88467
234.7152,13.71631
234.789,13.55775
234.8628,13.40816
234.9366,13.26678
235.0103,13.13312
235.0841,13.00623
235.1579,12.88576
235.2317,12.77121
235.3054,12.66231
235.3792,12.55837
235.453,12.45917
235.5268,12.36438
235.6005,12.27384
235.6743,12.18703
235.7481,12.10382
235.8219,12.02399
235.8956,11.94743
236.0432,11.80285
236.1907,11.66892
236.3383,11.54429
236.4858,11.42813
236.6334,11.31942
236.7809,11.21756
236.9285,11.12176
237.0761,11.03152
237.2237,10.94632
237.3712,10.86578
237.5188,10.7894
237.6663,10.71692
237.8139,10.64793
237.9614,10.58225
238.109,10.51954
238.2566,10.45961
238.4042,10.40226
238.5517,10.34734
238.6993,10.2946
238.8468,10.24397
238.9944,10.19524
239.1419,10.14834
239.4371,10.05943
239.7322,9.976472
240.0273,9.898747
240.3224,9.825656
240.6175,9.756686
240.9126,9.691398
241.2077,9.629407
241.5028,9.570379
241.798,9.514001
242.0931,9.460054
242.3882,9.408288
242.6833,9.3585
242.9785,9.310492
243.2736,9.264134
243.5687,9.219263
243.8638,9.175747
244.159,9.133451
244.4541,9.092296
245.0443,9.012972
245.6345,8.937059
246.2247,8.863961
246.815,8.793152
247.4052,8.724207
247.9954,8.656717
248.5856,8.590322
249.1759,8.524685
249.7661,8.459526
250.3563,8.394547
250.9465,8.329476
251.5368,8.264038
252.127,8.197993
252.7173,8.13106
253.3075,8.062999
253.8978,7.993516
254.488,7.922358
255.0782,7.849222
255.3733,7.811819
255.6684,7.773807
255.9636,7.735131
256.2587,7.695777
256.5538,7.65569
256.8489,7.614825
257.1441,7.573123
257.4392,7.530568
257.7343,7.487099
258.0294,7.442669
258.3246,7.397215
258.6197,7.350721
258.9148,7.303126
259.2099,7.254385
259.505,7.204457
259.8001,7.153303
260.0952,7.100891
260.3903,7.047197
260.6855,6.99219
260.9806,6.93591
261.2757,6.878363
261.5708,6.819599
261.866,6.75969
262.1611,6.698816
262.3087,6.668061
262.4562,6.637166
262.6038,6.606129
262.7513,6.575041
262.8989,6.543917
263.0465,6.512845
263.1941,6.481904
263.3416,6.451211
263.4892,6.420832
263.6367,6.390939
263.7843,6.361644
263.9318,6.333166
264.0794,6.305677
264.2269,6.279462
264.3745,6.254781
264.522,6.232012
264.6696,6.211536
264.8171,6.193866
264.9647,6.179558
265.1122,6.16932
265.2598,6.163966
265.4074,6.164496
265.555,6.172104
265.7025,6.188222
265.8501,6.214628
265.9976,6.253428
266.0714,6.278298
266.1452,6.307305
266.219,6.340877
266.2927,6.379432
266.3665,6.423606
266.4403,6.473944
266.5141,6.531109
266.5878,6.595757
266.6616,6.6689
266.7354,6.751404
266.8092,6.844337
266.8829,6.94876
266.9567,7.06633
267.0305,7.198478
267.1043,7.346989
267.178,7.513667
267.2518,7.701305
267.3256,7.912392
267.3994,8.150046
267.4731,8.4175
267.5469,8.719683
267.6207,9.061172
267.6945,9.447736
267.7683,9.886173
267.8421,10.38454
267.9159,10.95241
267.9897,11.60126
268.0266,11.96025
268.0634,12.3438
268.1003,12.75617
268.1372,13.19875
268.1741,13.67423
268.211,14.18554
268.2479,14.73597
268.2848,15.32918
268.3217,15.96921
268.3585,16.65867
268.3954,17.40637
268.4323,18.21621
268.4692,19.09459
268.5061,20.04876
268.543,21.08686
268.5799,22.21818
268.6168,23.45323
268.6536,24.8002
268.6905,26.2801
268.7274,27.90521
268.7643,29.69367
268.8012,31.66647
268.8381,33.84797
268.875,36.26656
268.9119,38.95546
268.9303,40.40916
268.9487,41.94516
268.9672,43.57847
268.9856,45.29796
269.0041,47.12947
269.0225,49.06097
269.041,51.12201
269.0594,53.29964
269.0779,55.6278
269.0963,58.09257
269.1148,60.7332
269.1332,63.53478
269.1517,66.54294
269.1701,69.74183
269.1886,73.18486
269.207,76.85533
269.2254,80.79397
269.2438,85.02617
269.2623,89.60593
269.2807,94.51563
269.2992,99.84468
269.3176,105.5757
269.3361,111.8168
269.3545,118.5516
269.373,125.9121
269.3914,133.8847
269.4099,142.6318
269.4283,152.1448
269.4468,162.6262
269.4652,174.0757
269.4837,186.7491
269.5021,200.6595
269.5205,216.0459
269.5389,233.1094
269.5482,242.445
269.5574,252.1935
269.5666,262.488
269.5758,273.367
269.5851,285.0007
269.5943,297.1845
269.6035,310.0887
269.6127,323.7663
269.622,338.4371
269.6312,353.8486
269.6404,370.2213
269.6496,387.6285
269.6589,406.3573
269.6681,426.0918
269.6773,447.1205
269.6865,469.5443
269.6958,493.7411
269.705,519.3094
269.7142,546.6278
269.7234,575.8327
269.7327,607.4211
269.7419,640.8707
269.7511,676.6747
269.7603,715.0067
269.7696,756.5097
269.7788,800.4799
269.788,847.5387
269.7972,897.8758
269.8064,951.6751
269.8156,1009.108
269.8248,1070.325
269.834,1135.442
269.8444,1213.836
269.8548,1297.302
269.8652,1385.697
269.8755,1477.774
269.8859,1574.754
269.8963,1674.904
269.917,1878.567
269.9274,1979.551
269.9378,2076.67
269.9482,2167.301
269.9585,2247.917
269.9689,2317.309
269.9793,2372.06
269.9897,2410.031
270.0,2429.642
270.0104,2430.604
270.0208,2412.836
270.0312,2377.382
270.0415,2326.572
270.0519,2261.697
270.0623,2185.782
270.0727,2101.524
270.083,2012.416
270.1038,1824.442
270.1245,1638.578
270.1349,1548.832
270.1453,1462.592
270.1557,1380.348
270.166,1303.113
270.1733,1250.992
270.1806,1201.054
270.1879,1153.285
270.1952,1107.651
270.2025,1064.102
270.2098,1022.581
270.2171,983.0184
270.2243,945.8466
270.2316,909.9572
270.2389,875.801
270.2462,843.2995
270.2535,812.3743
270.2608,782.9483
270.2681,754.9464
270.2826,703.2648
270.2972,656.0683
270.3118,613.2258
270.3264,574.2798
270.3409,539.0513
270.3555,506.6892
270.37,477.3145
270.3846,450.2334
270.3991,425.5628
270.4137,402.7353
270.4283,381.7259
270.4429,362.355
270.4574,344.5811
270.472,328.0182
270.4866,312.6678
270.5012,298.4177
270.5157,285.2553
270.5303,272.9103
270.5449,261.3967
270.5595,250.6428
270.574,240.6508
270.5886,231.2254
270.6031,222.4442
270.6177,214.1393
270.6322,206.3826
270.6468,199.0288
270.6614,192.098
270.676,185.5585
270.6905,179.4226
270.7051,173.5795
270.7197,168.0488
270.7343,162.8084
270.7488,157.8717
270.778,148.6679
270.8071,140.3717
270.8362,132.8415
270.8653,125.9851
270.8945,119.7029
270.9236,113.9702
270.9528,108.6888
270.9819,103.8444
271.0111,99.35945
271.0402,95.22639
271.0693,91.39579
271.0984,87.83828
271.1276,84.517
271.1567,81.43179
271.1859,78.54101
271.215,75.84641
271.2442,73.31329
271.2733,70.94463
271.3024,68.71862
271.3315,66.62372
271.3607,64.64296
271.3898,62.78053
271.419,61.01508
271.4481,59.35103
271.4773,57.76993
271.5064,56.27626
271.5355,54.85871
271.5646,53.51201
271.6229,51.00829
271.6812,48.7361
271.7395,46.66678
271.7977,44.77915
271.856,43.04602
271.9142,41.45564
271.9725,39.98727
272.0307,38.63274
272.089,37.37594
272.1473,36.20923
272.2056,35.12383
272.2638,34.11369
272.3221,33.16853
272.3804,32.28414
272.4387,31.45515
272.4969,30.6781
272.5552,29.94606
272.6135,29.25663
272.6718,28.60637
272.73,27.99323
272.7883,27.41236
272.8465,26.86323
272.9048,26.34171
272.963,25.84752
273.0213,25.3771
273.0796,24.92962
273.1379,24.50351
273.1961,24.09804
273.3127,23.34042
273.4292,22.64886
273.5458,22.0144
273.6623,21.43147
273.7788,20.89385
273.8953,20.39663
274.0119,19.93522
274.1284,19.50672
274.245,19.10719
274.3615,18.73451
274.4781,18.38555
274.5946,18.05874
274.7111,17.75184
274.8276,17.46313
274.9442,17.19085
275.0607,16.93411
275.1773,16.69123
275.2938,16.46154
275.4104,16.24365
275.5269,16.03703
275.6434,15.84068
275.7599,15.65386
275.8765,15.47577
275.993,15.3061
276.1096,15.14399
276.2261,14.98922
276.4592,14.69934
276.6922,14.43327
276.9253,14.18799
277.1584,13.96126
277.3915,13.75104
277.6245,13.55566
277.8576,13.37342
278.0907,13.20311
278.3238,13.04355
278.5569,12.89375
278.79,12.7528
279.0231,12.61991
279.2562,12.49439
279.4892,12.37566
279.7223,12.26307
279.9554,12.15616
280.1885,12.05449
280.4215,11.95769
280.6546,11.86533
280.8877,11.7771
281.1208,11.69271
281.3538,11.61193
281.5869,11.53443
281.82,11.46002
282.0531,11.3885
282.2861,11.31971
282.7523,11.18945
283.2184,11.06808
283.6846,10.95447
284.1507,10.84776
284.6169,10.74712
285.083,10.6519
285.5492,10.56146
286.0154,10.47529
286.4816,10.39291
286.9477,10.31393
287.4139,10.23792
287.88,10.16457
288.3462,10.09354
288.8123,10.02457
289.2785,9.957361
289.7446,9.891687
290.2108,9.827284
290.6769,9.763953
291.1431,9.701446
291.6092,9.639576
292.0754,9.578106
292.5415,9.516852
293.0077,9.455572
293.4739,9.394061
293.9401,9.332094
294.4062,9.269444
294.8724,9.205833
295.3385,9.141015
295.8047,9.07467
296.2708,9.006501
296.737,8.93612
297.2031,8.863157
297.4362,8.825553
297.6693,8.787124
297.9024,8.747805
298.1354,8.707539
298.3685,8.666216
298.6016,8.623771
298.8347,8.580113
299.0677,8.535166
299.3008,8.488786
299.5339,8.440879
299.767,8.391321
300.0,8.340001
300.247,8.283486
300.494,8.224609
300.741,8.163161
300.988,8.098908
301.235,8.031594
301.482,7.960934
301.729,7.886614
301.8525,7.847974
301.976,7.808286
302.0995,7.7675
302.223,7.725565
302.3465,7.682426
302.47,7.638026
302.5935,7.592306
302.717,7.545202
302.8405,7.496649
302.964,7.446579
303.0875,7.394923
303.211,7.341606
303.3345,7.286554
303.458,7.22969
303.5815,7.170938
303.705,7.11022
303.8285,7.047463
303.952,6.982595
304.0755,6.915551
304.199,6.846278
304.3225,6.774735
304.446,6.700905
304.5695,6.624801
304.693,6.546479
304.7548,6.506486
304.8165,6.466052
304.8783,6.425074
304.94,6.383718
305.0018,6.341893
305.0635,6.299785
305.1253,6.257322
305.187,6.214718
305.2488,6.171926
305.3105,6.129196
305.3723,6.086522
305.434,6.0442
305.4958,6.002283
305.5575,5.96113
305.6193,5.920879
305.681,5.881981
305.7428,5.844694
305.8045,5.809596
305.8663,5.777127
305.928,5.748049
305.9898,5.723064
306.0515,5.703211
306.1133,5.689587
306.175,5.683642
306.2368,5.687077
306.2985,5.701982
306.3294,5.714542
306.3603,5.730995
306.3912,5.75176
306.422,5.777217
306.4529,5.808055
306.4838,5.844785
306.5147,5.888064
306.5455,5.938456
306.5764,5.997114
306.6073,6.064824
306.6382,6.142641
306.669,6.231453
306.6999,6.33319
306.7308,6.449123
306.7617,6.581011
306.7925,6.730345
306.8234,6.900392
306.8543,7.093341
306.8852,7.312243
306.916,7.559773
306.9469,7.84162
306.9778,8.161804
307.0087,8.525902
307.0395,8.939039
307.0704,9.411604
307.1013,9.951498
307.1168,10.25102
307.1322,10.56962
307.1476,10.91086
307.163,11.27658
307.1785,11.67145
307.1939,12.09262
307.2094,12.54807
307.2248,13.03465
307.2403,13.56172
307.2557,14.12584
307.2711,14.73399
307.2865,15.39026
307.302,16.10403
307.3174,16.87123
307.3329,17.70761
307.3483,18.60882
307.3638,19.59389
307.3792,20.65825
307.3946,21.81717
307.41,23.08103
307.4255,24.47097
307.4409,25.98254
307.4564,27.6509
307.4718,29.47216
307.4873,31.49041
307.5027,33.70301
307.5181,36.14925
307.5335,38.86039
307.5413,40.34601
307.549,41.89349
307.5567,43.52692
307.5644,45.25231
307.5722,47.10052
307.5799,49.03134
307.5876,51.07551
307.5953,53.24144
307.6031,55.569
307.6108,58.00862
307.6185,60.60023
307.6262,63.35579
307.6339,66.28842
307.6416,69.41255
307.6493,72.74399
307.657,76.30018
307.6648,80.15136
307.6725,84.22025
307.6802,88.57803
307.6879,93.25069
307.6957,98.33458
307.7034,103.7317
307.7111,109.5405
307.7188,115.8007
307.7266,122.6477
307.7343,129.9559
307.742,137.8652
307.7497,146.4377
307.7574,155.7428
307.7651,165.8588
307.7728,176.8735
307.7805,188.8858
307.7883,202.1852
307.796,216.5577
307.8037,232.3076
307.8114,249.5945
307.8192,268.8563
307.8269,289.8027
307.8346,312.8945
307.8423,338.3827
307.8462,352.2942
307.8501,366.9302
307.854,382.3312
307.8578,398.1135
307.8617,415.1506
307.8655,432.6116
307.8694,451.4611
307.8732,470.7771
307.8771,491.6233
307.8809,512.9757
307.8848,536.0046
307.8886,559.5724
307.8925,584.9622
307.8963,610.9099
307.9002,638.8155
307.904,667.2751
307.91,714.8051
307.916,765.524
307.922,819.3686
307.928,876.1641
307.934,935.5934
307.94,997.1653
307.952,1123.725
307.958,1186.627
307.964,1247.497
307.97,1304.755
307.976,1356.698
307.982,1401.61
307.988,1437.887
307.994,1464.177
308.0,1479.514
308.006,1483.413
308.012,1475.915
308.018,1457.579
308.024,1429.406
308.03,1392.734
308.036,1349.102
308.042,1300.122
308.048,1247.363
308.06,1136.106
308.072,1024.576
308.078,970.7018
308.084,918.7738
308.09,869.1119
308.096,821.913
308.1007,786.728
308.1053,753.8297
308.1099,722.446
308.1145,692.5539
308.1192,663.5157
308.1238,636.5222
308.1284,610.8889
308.133,586.5609
308.1377,562.9923
308.1423,541.1261
308.1469,520.3888
308.1515,500.7221
308.1562,481.6744
308.1608,464.0
308.1654,447.2298
308.17,431.3127
308.1747,415.8804
308.1793,401.5424
308.1839,387.9183
308.1885,374.9667
308.1932,362.3876
308.1978,350.6789
308.207,328.9141
308.2163,308.9415
308.2255,290.9677
308.2348,274.4027
308.244,259.4307
308.2533,245.5728
308.2625,232.9942
308.2718,221.303
308.281,210.6479
308.2903,200.7051
308.2995,191.6083
308.3088,183.088
308.318,175.2644
308.3273,167.9108
308.3365,161.1356
308.3458,154.7466
308.355,148.8416
308.3643,143.2561
308.3735,138.0785
308.3827,133.2185
308.3919,128.6503
308.4012,124.3058
308.4104,120.2571
308.4197,116.3972
308.4289,112.7916
308.4382,109.346
308.4474,106.1204
308.4567,103.0314
308.4659,100.1336
308.4752,97.35282
308.4844,94.73909
308.5029,89.86012
308.5214,85.43177
308.5398,81.41993
308.5583,77.73435
308.5768,74.35779
308.5953,71.25577
308.6138,68.39851
308.6323,65.76021
308.6508,63.31838
308.6693,61.05339
308.6877,58.959
308.7062,56.99735
308.7247,55.16685
308.7432,53.45564
308.7617,51.85321
308.7802,50.35016
308.7987,48.93812
308.8172,47.6096
308.8356,46.36443
308.8541,45.18306
308.8726,44.06698
308.8911,43.01125
308.9096,42.01142
308.9281,41.06341
308.9466,40.16353
308.9651,39.30843
308.9835,38.49934
309.002,37.72465
309.0205,36.98631
309.0575,35.60945
309.0945,34.35211
309.1314,33.20312
309.1684,32.14423
309.2054,31.16832
309.2424,30.26647
309.2793,29.43314
309.3163,28.65708
309.3533,27.93478
309.3903,27.26107
309.4272,26.63308
309.4642,26.04341
309.5012,25.49027
309.5382,24.9705
309.5751,24.48258
309.6121,24.02136
309.6491,23.58594
309.6861,23.17431
309.723,22.78566
309.76,22.41625
309.797,22.06566
309.834,21.73255
309.8709,21.41651
309.9079,21.11472
309.9449,20.82704
309.9819,20.55253
310.0188,20.29103
310.0928,19.80045
310.1667,19.35111
310.2407,18.93707
310.3146,18.55543
310.3886,18.20171
310.4625,17.87388
310.5365,17.56846
310.6104,17.28403
310.6844,17.01785
310.7583,16.7689
310.8323,16.53497
310.9062,16.31536
310.9802,16.10826
311.0541,15.91316
311.1281,15.72858
311.202,15.55417
311.276,15.38867
311.3499,15.23185
311.4239,15.08266
311.4978,14.94093
311.5718,14.80576
311.6457,14.67705
311.7197,14.55403
311.7936,14.43664
311.8676,14.32421
311.9415,14.21672
312.0894,14.01478
312.2373,13.82871
312.3852,13.65669
312.5331,13.4972
312.681,13.3489
312.8289,13.21066
312.9768,13.08146
313.1247,12.96045
313.2726,12.84685
313.4205,12.74
313.5684,12.6393
313.7163,12.54423
313.8642,12.45432
314.0121,12.36914
314.16,12.28833
314.3079,12.21154
314.4558,12.13848
314.6037,12.06887
314.7516,12.00246
314.8995,11.93903
315.0474,11.87838
315.1953,11.82032
315.3432,11.76468
315.4911,11.7113
315.639,11.66004
315.7869,11.61077
316.0827,11.51774
316.3785,11.43135
316.6743,11.35086
316.9701,11.27566
317.2659,11.2052
317.5617,11.13901
317.8575,11.07668
318.1533,11.01785
318.4491,10.9622
318.7449,10.90946
319.0407,10.85938
319.3365,10.81172
319.6323,10.76631
319.9281,10.72296
320.2239,10.68151
320.5197,10.64182
320.8155,10.60375
321.1113,10.5672
321.4071,10.53204
321.7029,10.4982
321.9987,10.46557
322.2945,10.43408
322.8861,10.37421
323.4777,10.31805
324.0693,10.26516
324.6609,10.21515
325.2525,10.16766
325.8441,10.12241
326.4357,10.07913
327.0273,10.03759
327.6189,9.997566
328.2105,9.958868
328.8021,9.921312
329.3937,9.884729
329.9853,9.848954
330.5769,9.813828
331.1685,9.779194
331.7601,9.744891
332.3517,9.710755
332.9433,9.67661
333.5349,9.642268
334.1265,9.607521
334.4223,9.589923
334.7181,9.572133
335.0139,9.554116
335.3097,9.535834
335.6055,9.517245
335.9013,9.498303
336.1971,9.478959
336.4929,9.459158
336.7887,9.438836
337.0845,9.417927
337.3803,9.396351
337.6761,9.374021
337.9719,9.350838
338.2677,9.326687
338.5635,9.301439
338.8593,9.274941
339.1551,9.247018
339.303,9.232458
339.4509,9.217462
339.5988,9.201998
339.7467,9.18603
339.8946,9.169522
340.0425,9.152432
340.1904,9.134715
340.3383,9.11632
340.4862,9.097192
340.6341,9.07727
340.782,9.056487
340.9299,9.034768
341.0778,9.012027
341.2257,8.988172
341.3736,8.963097
341.5215,8.936683
341.6694,8.908796
341.8173,8.879283
341.9652,8.847971
342.1131,8.81466
342.1871,8.797174
342.261,8.779123
342.335,8.760425
342.4089,8.741094
342.4829,8.721037
342.5568,8.700265
342.6308,8.678676
342.7047,8.656278
342.7787,8.632954
342.8526,8.608708
342.9266,8.58341
343.0005,8.557056
343.0745,8.529496
343.1484,8.500721
343.2224,8.470559
343.2963,8.438986
343.3703,8.405804
343.4442,8.370976
343.5182,8.334267
343.5921,8.295621
343.6661,8.254759
343.74,8.211597
343.814,8.165799
343.8879,8.117243
343.9619,8.065519
344.0358,8.010453
344.0728,7.981491
344.1098,7.951536
344.1468,7.920535
344.1837,7.888519
344.2207,7.855253
344.2577,7.820759
344.2947,7.784965
344.3316,7.747898
344.3686,7.709277
344.4056,7.669112
344.4426,7.627308
344.4795,7.583883
344.5165,7.538492
344.5535,7.491129
344.5905,7.441663
344.6274,7.390097
344.6644,7.335997
344.7014,7.279332
344.7384,7.219918
344.7753,7.15773
344.8123,7.092211
344.8493,7.023288
344.8863,6.9507
344.9232,6.874374
344.9602,6.793583
344.9972,6.708186
345.0157,6.663646
345.0342,6.617811
345.0527,6.57063
345.0711,6.522315
345.0896,6.472284
345.1081,6.420739
345.1266,6.367617
345.1451,6.312856
345.1636,6.25639
345.1821,6.198154
345.2006,6.138077
345.219,6.076432
345.2375,6.012478
345.256,5.946473
345.2745,5.87835
345.293,5.808041
345.3115,5.735482
345.33,5.660614
345.3485,5.58339
345.3669,5.504207
345.3854,5.422184
345.4039,5.337746
345.4224,5.250923
345.4409,5.161786
345.4594,5.070458
345.4779,4.977132
345.4964,4.882094
345.5056,4.834316
345.5148,4.786276
345.5241,4.737527
345.5333,4.689206
345.5426,4.640369
345.5518,4.592189
345.5611,4.543764
345.5703,4.496304
345.5796,4.448975
345.5888,4.403022
345.5981,4.357718
345.6073,4.314347
345.6166,4.272334
345.6258,4.233006
345.6351,4.196013
345.6443,4.16273
345.6535,4.133422
345.6627,4.108883
345.672,4.08988
345.6812,4.077936
345.6905,4.074134
345.6997,4.080124
345.709,4.097932
345.7182,4.129412
345.7275,4.177967
345.7367,4.245782
345.746,4.338296
345.7552,4.458265
345.7599,4.532288
345.7645,4.614179
345.7691,4.706341
345.7737,4.809803
345.7784,4.928375
345.783,5.058309
345.7876,5.203411
345.7922,5.365273
345.7968,5.545677
345.8014,5.74662
345.806,5.970348
345.8106,6.219387
345.8153,6.502953
345.8199,6.812265
345.8245,7.156702
345.8291,7.540421
345.8338,7.977984
345.8384,8.456276
345.843,8.990306
345.8476,9.587178
345.8523,10.27044
345.8546,10.6348
345.8569,11.02062
345.8592,11.4293
345.8615,11.86237
345.8638,12.32147
345.8661,12.80838
345.8685,13.34815
345.8708,13.89796
345.8731,14.48187
345.8754,15.1023
345.8777,15.76186
345.88,16.4634
345.8823,17.21
345.8846,18.00497
345.887,18.89003
345.8893,19.79549
345.8916,20.76138
345.8939,21.79237
345.8962,22.89355
345.8985,24.07047
345.9008,25.32918
345.9031,26.67627
345.9055,28.18396
345.9078,29.73476
345.9101,31.39799
345.9124,33.18306
345.9147,35.10025
345.917,37.1608
345.9193,39.37698
345.9216,41.76221
345.924,44.44718
345.9263,47.22472
345.9286,50.21999
345.9309,53.45191
345.9332,56.94099
345.9355,60.7094
345.9378,64.781
345.9401,69.18138
345.9424,73.93778
345.9447,79.079
345.947,84.63518
345.9493,90.63748
345.9516,97.11756
345.9539,104.1069
345.9562,111.6357
345.9585,119.7318
345.9611,129.5964
345.9637,140.24
345.9663,151.6715
345.9689,163.8783
345.9715,176.8197
345.9741,190.4192
345.9793,219.0606
345.9819,233.7064
345.9845,248.2129
345.9871,262.2491
345.9897,275.4468
345.9923,287.4203
345.9949,297.7935
345.9975,306.2306
346.0,312.2695
346.0026,316.2266
346.0052,317.7525
346.0078,316.8953
346.0104,313.8062
346.013,308.719
346.0156,301.924
346.0182,293.7411
346.0208,284.4941
346.026,264.0093
346.0312,242.5297
346.0338,231.8894
346.0364,221.4903
346.039,211.4215
346.0415,202.1095
346.0439,193.5446
346.0462,185.6982
346.0485,178.2129
346.0508,171.0892
346.0532,164.036
346.0555,157.6322
346.0578,151.5648
346.0601,145.8207
346.0625,140.1558
346.0648,135.0268
346.0671,130.1758
346.0694,125.5876
346.0717,121.2474
346.074,117.1408
346.0763,113.2539
346.0786,109.5735
346.081,105.9397
346.0833,102.643
346.0856,99.51664
346.0879,96.55014
346.0903,93.61442
346.0926,90.94459
346.0949,88.40651
346.0972,85.99214
346.0996,83.59656
346.1019,81.41216
346.1042,79.33012
346.1065,77.34435
346.1111,73.63935
346.1157,70.25616
346.1204,67.09474
346.125,64.25798
346.1297,61.59417
346.1343,59.19258
346.139,56.92709
346.1436,54.8756
346.1482,52.972
346.1528,51.20218
346.1575,49.51907
346.1621,47.98302
346.1667,46.54713
346.1713,45.20262
346.176,43.91514
346.1806,42.73235
346.1852,41.6197
346.1898,40.57156
346.1945,39.56198
346.1991,38.62925
346.2038,37.72847
346.2084,36.89417
346.2131,36.0865
346.2177,35.33669
346.2223,34.62428
346.2269,33.9467
346.2316,33.28793
346.2362,32.6738
346.2409,32.07556
346.2455,31.51682
346.2548,30.46138
346.264,29.50528
346.2733,28.61744
346.2826,27.79982
346.2919,27.04478
346.3011,26.35294
346.3104,25.70356
346.3196,25.10573
346.3289,24.54209
346.3381,24.02099
346.3474,23.52774
346.3567,23.06516
346.366,22.6306
346.3752,22.22593
346.3845,21.84026
346.3938,21.47621
346.4031,21.13208
346.4123,20.80973
346.4216,20.50078
346.4309,20.20757
346.4402,19.92897
346.4494,19.66673
346.4587,19.41421
346.4679,19.17601
346.4772,18.94616
346.4864,18.72892
346.4957,18.5189
346.505,18.31792
346.5235,17.94283
346.542,17.59745
346.5605,17.27846
346.5791,16.98148
346.5976,16.70722
346.6161,16.4519
346.6346,16.21366
346.6532,15.9897
346.6717,15.78099
346.6903,15.58401
346.7088,15.39976
346.7274,15.22523
346.7459,15.06142
346.7644,14.90658
346.7829,14.76
346.8015,14.62031
346.82,14.48843
346.8385,14.36309
346.857,14.24382
346.8756,14.12958
346.8941,14.02122
346.9126,13.91776
346.9311,13.81888
346.9497,13.72377
346.9682,13.63321
346.9868,13.54594
347.0053,13.46269
347.0424,13.30555
347.0794,13.16067
347.1165,13.02597
347.1535,12.90108
347.1906,12.78435
347.2276,12.67559
347.2647,12.57347
347.3018,12.47766
347.3389,12.38758
347.3759,12.30298
347.413,12.22293
347.45,12.14748
347.4871,12.07586
347.5241,12.00816
347.5612,11.94371
347.5983,11.88246
347.6354,11.82415
347.6724,11.76875
347.7095,11.71574
347.7465,11.66525
347.7836,11.61685
347.8206,11.57065
347.8577,11.52626
347.8948,11.48371
347.9319,11.44287
347.9689,11.40374
348.006,11.36603
348.043,11.32984
348.1171,11.26132
348.1913,11.19753
348.2654,11.13814
348.3395,11.08263
348.4136,11.03063
348.4878,10.98175
348.5619,10.93582
348.6361,10.89247
348.7102,10.85159
348.7844,10.81286
348.8585,10.77621
348.9326,10.74143
349.0067,10.70837
349.0809,10.67687
349.155,10.64688
349.2291,10.61827
349.3032,10.59093
349.3774,10.56475
349.4515,10.53971
349.5256,10.51571
349.5997,10.49268
349.6739,10.47053
349.748,10.44927
349.8221,10.42881
349.8962,10.4091
350.0445,10.37176
350.1927,10.33699
350.341,10.30447
350.4892,10.27401
350.6375,10.24538
350.7857,10.21843
350.934,10.19298
351.0823,10.16891
351.2306,10.1461
351.3788,10.12446
351.5271,10.10387
351.6753,10.08426
351.8236,10.06554
351.9718,10.04766
352.1201,10.03054
352.2683,10.01415
352.4166,9.998413
352.5648,9.983305
352.7131,9.968766
352.8613,9.954776
353.0096,9.941283
353.1578,9.928274
353.3061,9.915702
353.4544,9.903549
353.7509,9.880413
354.0474,9.858682
354.3439,9.838208
354.6404,9.818861
354.9369,9.800532
355.2334,9.783122
355.5299,9.766548
355.8265,9.750729
356.123,9.735612
356.4195,9.721131
356.716,9.707237
357.0125,9.693882
357.309,9.681025
357.6055,9.66863
357.902,9.656663
358.1986,9.64509
358.4951,9.633892
358.7916,9.62304
359.0881,9.612511
359.6811,9.592344
360.2741,9.573247
360.8672,9.555094
361.4602,9.537789
362.0532,9.521241
362.6462,9.505374
363.2392,9.49012
363.8322,9.475424
364.4252,9.461234
365.0182,9.447507
365.6113,9.4342
366.2043,9.421283
366.7973,9.408722
367.3903,9.39649
368.5764,9.372909
369.7624,9.350368
370.9485,9.328716
372.1345,9.307833
373.3205,9.28761
374.5065,9.267954
375.6926,9.248782
376.8786,9.230023
378.0647,9.211606
379.2507,9.193473
380.4368,9.175562
381.6228,9.157821
382.8088,9.140192
383.9948,9.122622
385.1809,9.105056
386.3669,9.087441
387.553,9.069717
388.739,9.051826
389.9251,9.0337
391.1111,9.015272
392.2971,8.996462
393.4831,8.977185
394.6692,8.957339
395.8552,8.936817
397.0413,8.915485
397.6343,8.90447
398.2273,8.893195
398.8204,8.881633
399.4134,8.869762
400.0064,8.857553
400.5994,8.844974
401.1924,8.831992
401.7854,8.818566
402.3784,8.804656
402.9714,8.790214
403.5645,8.775183
404.1575,8.759508
404.7505,8.743119
405.3435,8.725938
405.9366,8.707875
406.5296,8.688832
407.1226,8.668691
407.7156,8.647316
408.0122,8.636114
408.3087,8.624545
408.6052,8.612581
408.9017,8.600197
409.1982,8.587364
409.4947,8.574051
409.7912,8.560223
410.0877,8.545843
410.3842,8.530869
410.6807,8.515256
410.9772,8.498954
411.2737,8.481908
411.5702,8.464056
411.8667,8.445329
412.1632,8.425651
412.4597,8.404936
412.7563,8.383081
413.0528,8.35999
413.3493,8.335536
413.6458,8.309577
413.9423,8.281955
414.2388,8.252487
414.3871,8.236991
414.5353,8.220963
414.6836,8.20435
414.8318,8.18714
414.9801,8.169273
415.1284,8.150721
415.2767,8.131441
415.4249,8.1114
415.5732,8.090519
415.7214,8.068773
415.8697,8.04607
416.0179,8.022376
416.1662,7.997587
416.3144,7.971655
416.4627,7.94446
416.6109,7.915941
416.7592,7.885953
416.9074,7.854419
417.0557,7.821164
417.2039,7.786088
417.3522,7.74898
417.5005,7.709679
417.6488,7.66798
417.797,7.62368
417.9453,7.576457
418.0194,7.551684
418.0935,7.526074
418.1677,7.499545
418.2418,7.472123
418.3159,7.443721
418.39,7.414284
418.4642,7.383714
418.5383,7.35203
418.6124,7.319123
418.6865,7.284922
418.7607,7.249298
418.8348,7.212263
418.9089,7.173678
418.983,7.133444
419.0572,7.091394
419.1313,7.047524
419.2054,7.001651
419.2795,6.953636
419.3537,6.903257
419.4278,6.850482
419.5019,6.795064
419.576,6.736802
419.6502,6.675391
419.7243,6.610755
419.7984,6.542547
419.8725,6.470474
419.9467,6.394104
419.9838,6.354233
420.0208,6.313286
420.0579,6.270991
420.0949,6.227523
420.132,6.182591
420.169,6.136378
420.2061,6.088574
420.2432,6.039235
420.2803,5.988295
420.3173,5.935825
420.3544,5.881467
420.3914,5.825438
420.4285,5.767354
420.4655,5.707445
420.5026,5.645299
420.5397,5.580988
420.5768,5.514419
420.6138,5.445691
420.6509,5.374339
420.6879,5.300657
420.725,5.22416
420.762,5.145179
420.7991,5.063215
420.8362,4.97842
420.8733,4.890756
420.9103,4.800462
420.9474,4.707082
420.9844,4.611205
421.003,4.562018
421.0215,4.512476
421.04,4.462351
421.0585,4.411689
421.0771,4.360268
421.0956,4.308706
421.1142,4.256529
421.1327,4.204395
421.1513,4.151856
421.1698,4.099616
421.1883,4.047558
421.2068,3.995875
421.2254,3.944525
421.2439,3.894335
421.2624,3.845352
421.2809,3.797961
421.2995,3.752381
421.318,3.709648
421.3365,3.670159
421.355,3.634683
421.3736,3.603993
421.3921,3.579527
421.4107,3.56236
421.4292,3.554283
421.4478,3.557159
421.4663,3.573313
421.4848,3.605584
421.5033,3.657466
421.5126,3.692272
421.5219,3.733741
421.5312,3.782584
421.5404,3.838932
421.5497,3.904888
421.5589,3.980001
421.5682,4.067004
421.5774,4.165242
421.5867,4.278241
421.596,4.406582
421.6053,4.552053
421.6145,4.714799
421.6238,4.900633
421.633,5.108112
421.6423,5.344701
421.6515,5.608639
421.6608,5.909538
421.6701,6.249192
421.6794,6.632786
421.6886,7.061378
421.6933,7.301336
421.6979,7.551197
421.7026,7.822896
421.7072,8.105993
421.7119,8.414052
421.7165,8.735282
421.7211,9.077441
421.7257,9.442058
421.7304,9.839522
421.735,10.25476
421.7397,10.70788
421.7443,11.1818
421.749,11.69958
421.7536,12.2418
421.7582,12.82193
421.7628,13.44305
421.7675,14.12352
421.7721,14.83818
421.7767,15.60511
421.7813,16.42882
421.786,17.33426
421.7906,18.28852
421.7952,19.31627
421.7998,20.42428
421.8045,21.64711
421.8091,22.94124
421.8138,24.37272
421.8184,25.89127
421.8231,27.57515
421.8277,29.36605
421.8323,31.3131
421.8369,33.43286
421.8416,35.7965
421.8462,38.32494
421.8508,41.09019
421.8554,44.11931
421.8601,47.51881
421.8647,51.17967
421.8693,55.21079
421.8739,59.65773
421.8763,62.16002
421.8786,64.685
421.8809,67.34204
421.8832,70.13939
421.8856,73.2175
421.8879,76.32969
421.8902,79.61103
421.8925,83.07238
421.8949,86.88873
421.8972,90.75495
421.8995,94.83914
421.9018,99.15557
421.9041,103.7195
421.9064,108.5471
421.9087,113.6559
421.911,119.0643
421.9134,125.0485
421.9157,131.1316
421.918,137.578
421.9203,144.4111
421.9226,151.6556
421.9249,159.3374
421.9272,167.4835
421.9295,176.1219
421.9319,185.6922
421.9342,195.4274
421.9365,205.7445
421.9388,216.6734
421.9411,228.243
421.9434,240.4811
421.9457,253.4131
421.948,267.0615
421.9513,287.9295
421.9545,309.6358
421.9578,333.5312
421.961,358.1168
421.9643,384.8148
421.9675,411.8243
421.974,468.8861
421.9773,498.1033
421.9805,525.8527
421.9838,553.1707
421.987,577.6682
421.9903,600.0913
421.9935,618.361
421.9968,632.9673
422.0,642.5521
422.0033,647.4278
422.0065,647.2472
422.0098,642.1768
422.013,632.8926
422.0163,619.3584
422.0195,603.0168
422.0228,583.5404
422.026,562.7709
422.0325,517.3151
422.039,470.7833
422.0423,447.6895
422.0455,425.9603
422.0488,404.4024
422.052,384.4266
422.0544,370.0825
422.0567,356.863
422.059,344.1633
422.0613,331.9816
422.0637,319.8154
422.066,308.6683
422.0683,298.0093
422.0706,287.8237
422.073,277.6823
422.0753,268.4124
422.0776,259.5638
422.0799,251.1186
422.0822,243.0587
422.0845,235.3664
422.0868,228.0242
422.0891,221.0151
422.0915,214.0386
422.0938,207.6597
422.0984,195.7422
422.103,184.8518
422.1076,174.8852
422.1123,165.5596
422.1169,157.1873
422.1215,149.4868
422.1261,142.3919
422.1308,135.7068
422.1354,129.6626
422.14,124.0644
422.1446,118.8706
422.1493,113.9429
422.1539,109.4571
422.1585,105.2749
422.1631,101.3698
422.1678,97.64128
422.1724,94.22616
422.177,91.0233
422.1816,88.01541
422.1863,85.12728
422.1909,82.46748
422.1955,79.95993
422.2001,77.59309
422.2048,75.30921
422.2094,73.1958
422.214,71.19421
422.2186,69.29652
422.2233,67.4574
422.2279,65.74838
422.2325,64.12325
422.2371,62.57648
422.2464,59.66821
422.2556,57.04973
422.2649,54.63275
422.2741,52.44285
422.2834,50.40945
422.2926,48.55676
422.3019,46.82737
422.3111,45.24379
422.3204,43.75862
422.3296,42.39259
422.3389,41.106
422.3481,39.91785
422.3574,38.79452
422.3666,37.75336
422.3759,36.7656
422.3851,35.84707
422.3944,34.9729
422.4036,34.15755
422.4129,33.37936
422.4221,32.65153
422.4314,31.95504
422.4406,31.302
422.4499,30.67555
422.4591,30.08683
422.4684,29.52083
422.4776,28.98777
422.4869,28.47423
422.4961,27.98962
422.5146,27.07967
422.5331,26.24718
422.5516,25.48305
422.5701,24.7795
422.5886,24.12987
422.6071,23.52841
422.6256,22.97015
422.6441,22.45074
422.6626,21.96642
422.6811,21.51385
422.6996,21.09011
422.7181,20.69261
422.7366,20.31907
422.7551,19.96745
422.7736,19.63593
422.7921,19.32288
422.8106,19.02685
422.8291,18.74651
422.8476,18.4807
422.8661,18.22833
422.8846,17.98844
422.9031,17.76014
422.9216,17.54265
422.9401,17.33522
422.9586,17.1372
422.9771,16.94796
422.9956,16.76695
423.0141,16.59366
423.0511,16.26838
423.0881,15.96875
423.1251,15.69192
423.1621,15.43542
423.1991,15.19713
423.2361,14.9752
423.2731,14.76804
423.3101,14.57425
423.3471,14.39257
423.3841,14.22194
423.4211,14.06138
423.4581,13.91004
423.4951,13.76715
423.5321,13.63204
423.5691,13.5041
423.6061,13.38277
423.6431,13.26756
423.6801,13.15802
423.7171,13.05375
423.7541,12.95437
423.7911,12.85957
423.8281,12.76902
423.8651,12.68245
423.9021,12.59961
423.9391,12.52025
423.9761,12.44418
424.0131,12.37118
424.0501,12.30108
424.1241,12.16891
424.1981,12.04646
424.2721,11.9327
424.3461,11.82673
424.4201,11.72779
424.4942,11.63508
424.5682,11.54825
424.6422,11.46665
424.7162,11.38983
424.7902,11.31736
424.8642,11.2489
424.9382,11.18412
425.0122,11.12271
425.0862,11.06444
425.1602,11.00906
425.2342,10.95635
425.3082,10.90613
425.3822,10.85822
425.4562,10.81247
425.5302,10.76873
425.6042,10.72687
425.6782,10.68676
425.7522,10.64831
425.8262,10.6114
425.9002,10.57594
425.9742,10.54185
426.0482,10.50905
426.1962,10.44703
426.3442,10.38935
426.4922,10.33555
426.6402,10.28525
426.7882,10.23811
426.9363,10.19379
427.0843,10.1521
427.2323,10.11277
427.3803,10.07561
427.5283,10.04042
427.6763,10.00704
427.8243,9.97534
427.9723,9.945177
428.1203,9.916438
428.2683,9.889017
428.4163,9.862818
428.5643,9.837755
428.7123,9.813749
428.8603,9.790728
429.0083,9.768628
429.1563,9.747387
429.3043,9.726952
429.4523,9.707272
429.6003,9.6883
429.7483,9.669993
430.0443,9.635223
430.3403,9.60268
430.6363,9.572121
430.9323,9.543338
431.2283,9.516148
431.5243,9.490392
431.8204,9.465923
432.1164,9.442633
432.4124,9.420405
432.7084,9.399143
433.0044,9.378758
433.3004,9.359173
433.5964,9.340319
433.8924,9.322132
434.1884,9.304555
434.4844,9.287535
434.7804,9.271026
435.0764,9.254983
435.3724,9.239366
435.6684,9.22414
435.9644,9.209269
436.2604,9.194722
436.8525,9.166479
437.4445,9.139205
438.0365,9.112707
438.6285,9.086812
439.2205,9.061363
439.8125,9.036214
440.4045,9.011226
440.9965,8.986263
441.5886,8.961188
442.1806,8.935876
442.7726,8.910185
443.3646,8.883972
443.9567,8.857079
444.5487,8.829351
445.1407,8.800601
445.7327,8.770628
446.0288,8.755107
446.3248,8.739198
446.6208,8.722862
446.9168,8.706062
447.2128,8.688759
447.5088,8.670911
447.8048,8.652472
448.1008,8.633392
448.3968,8.613616
448.6928,8.593085
448.9888,8.571732
449.2848,8.549485
449.5808,8.526265
449.8768,8.501983
450.1728,8.476539
450.4688,8.449823
450.7649,8.421703
451.0609,8.392059
451.3569,8.360724
451.6529,8.327521
451.9489,8.292248
452.2449,8.254675
452.3929,8.234944
452.5409,8.214535
452.6889,8.193409
452.8369,8.171523
452.9849,8.148831
453.1329,8.125283
453.2809,8.100825
453.4289,8.0754
453.5769,8.048943
453.7249,8.021386
453.8729,7.992653
454.0209,7.962664
454.1689,7.931327
454.3169,7.898546
454.4649,7.864212
454.6129,7.828208
454.7609,7.790401
454.9089,7.750648
455.0569,7.708789
455.2049,7.664645
455.353,7.617987
455.501,7.568656
455.649,7.516373
455.797,7.460859
455.945,7.4018
456.019,7.370832
456.093,7.338842
456.167,7.305776
456.241,7.271579
456.315,7.236193
456.389,7.199554
456.463,7.161594
456.537,7.12224
456.611,7.081414
456.685,7.039034
456.759,6.995008
456.833,6.949241
456.907,6.901627
456.981,6.852056
457.055,6.800405
457.129,6.746545
457.203,6.690334
457.277,6.63162
457.351,6.570237
457.425,6.506006
457.499,6.438734
457.573,6.36821
457.647,6.294207
457.721,6.216478
457.795,6.134757
457.869,6.048756
457.943,5.958164
458.017,5.862648
458.054,5.812932
458.091,5.761851
458.128,5.709356
458.165,5.655397
458.202,5.599926
458.239,5.542892
458.276,5.484244
458.313,5.423931
458.35,5.361903
458.387,5.29811
458.424,5.232505
458.461,5.165044
458.498,5.095687
458.535,5.0244
458.572,4.951157
458.609,4.875945
458.646,4.798761
458.683,4.719625
458.72,4.638577
458.757,4.55569
458.794,4.471078
458.831,4.384902
458.868,4.297391
458.905,4.208857
458.942,4.119721
458.979,4.030542
458.9975,3.98616
459.016,3.942063
459.0345,3.89838
459.053,3.855261
459.0715,3.812876
459.09,3.771422
459.1085,3.731124
459.127,3.692242
459.1455,3.655071
459.164,3.619954
459.1825,3.587286
459.201,3.557519
459.2195,3.531179
459.238,3.508871
459.2565,3.491299
459.275,3.479276
459.2935,3.473753
459.312,3.475835
459.3305,3.486815
459.349,3.508208
459.3675,3.541797
459.386,3.589682
459.4045,3.65435
459.423,3.738754
459.4415,3.846417
459.46,3.981554
459.4693,4.061425
459.4785,4.149239
459.4878,4.247712
459.497,4.355604
459.5063,4.476241
459.5155,4.608101
459.5248,4.75525
459.534,4.915838
459.5433,5.094836
459.5525,5.290016
459.5618,5.507456
459.571,5.744498
459.5803,6.008586
459.5895,6.296571
459.5988,6.617594
459.608,6.967951
459.6173,7.358917
459.6265,7.786161
459.6358,8.263658
459.645,8.786391
459.6543,9.37179
459.6635,10.0141
459.6728,10.73522
459.682,11.52863
459.6867,11.96796
459.6913,12.42211
459.6959,12.90172
459.7005,13.40844
459.7052,13.95603
459.7098,14.52316
459.7144,15.12324
459.719,15.75852
459.7237,16.4465
459.7283,17.16061
459.7329,17.91791
459.7375,18.72152
459.7422,19.59395
459.7468,20.50182
459.7514,21.46713
459.756,22.49427
459.7607,23.61255
459.7653,24.7797
459.7699,26.02448
459.7745,27.35313
459.7792,28.80446
459.7838,30.32437
459.7884,31.95103
459.793,33.6936
459.7977,35.60426
459.8023,37.61306
459.8069,39.77159
459.8115,42.09352
459.8162,44.65048
459.8208,47.35084
459.8254,50.26578
459.83,53.41623
459.8347,56.90272
459.8393,60.60348
459.8439,64.61903
459.8485,68.98216
459.8532,73.83741
459.8578,79.02028
459.8624,84.67629
459.867,90.85782
459.8717,97.7779
459.8763,105.2098
459.8809,113.3692
459.8855,122.3405
459.8902,132.4445
459.8948,143.3599
459.8971,149.2355
459.8994,155.4112
459.9017,161.904
459.904,168.732
459.9064,176.2348
459.9087,183.8078
459.911,191.7766
459.9133,200.1631
459.9156,208.9898
459.9179,218.2803
459.9202,228.0586
459.9225,238.3495
459.9249,249.6616
459.9272,261.0783
459.9295,273.0845
459.9318,285.705
459.9341,298.9636
459.9364,312.8829
459.9387,327.4834
459.941,342.7829
459.9447,368.8957
459.9484,396.8841
459.9521,426.7353
459.9558,458.3766
459.9595,491.658
459.9632,526.3328
459.9705,597.3072
459.9742,633.4815
459.9779,668.829
459.9816,702.4745
459.9852,732.6694
459.9889,760.1353
459.9926,783.0617
459.9963,800.6434
459.9999,812.0435
460.0001,27.62741
500.0,26.94843
600.0,25.53515
700.0,24.43582
720.0,24.21595
850.0,23.09276
1000.0,22.0614
1250.0,20.74952
1500.0,19.76205
1700.0,19.12568
2000.0,18.34731
2500.0,17.36196
3000.0,16.62402
3500.0,16.04421
4000.0,15.5728
5000.0,14.84491
6000.0,14.30189
7000.0,13.87621
8000.0,13.53049
9000.0,13.24214
10000.0,12.99656
11000.0,12.7839
12000.0,12.5972
13000.0,12.4314
14000.0,12.28272
15000.0,12.14828
16000.0,12.02583
17000.0,11.91358
18000.0,11.81012
18900.0,11.72386
19000.0,11.71427
19029.99,11.7115
19030.01,11.68811
19033.4,11.68697
20000.0,11.35174
42300.0,10.27372
42578.4,10.25924
42578.42,10.25924
50000.0,9.590196
70000.0,8.325492
100000.0,7.678055
200000.0,5.77445
260000.0,5.334335
300000.0,5.160795
350000.0,5.025378
400000.0,4.950209
450000.0,4.914526
500000.0,4.906814
636964.0,5.064936
636964.2,5.064936
644819.0,5.070358
644819.3,5.070358
667377.0,5.071496
667377.4,5.071496
813904.0,5.033163
813904.3,5.033162
822766.0,5.015328
822766.4,5.015327
860000.0,4.911895
868184.7,4.914952
868185.0,4.914952
1000000.0,4.909018
1089000.0,4.922758
1089003.0,4.922758
1100000.0,4.924379
1103030.0,4.926204
1103032.0,4.926204
1116800.0,4.927283
1124680.0,4.930994
1124683.0,4.930995
1162247.0,4.94609
1162250.0,4.946091
1173220.0,4.940651
1173223.0,4.940648
1175840.0,4.938256
1175842.0,4.938254
1180776.0,4.93313
1180780.0,4.933126
1195000.0,4.91181
1200000.0,4.908665
1298000.0,4.871391
1300000.0,4.87194
1400000.0,4.812249
1450000.0,4.785539
1500000.0,4.767221
2100000.0,4.202851
2500000.0,3.732959
2600000.0,3.628292
2661650.0,3.565971
2691670.0,3.535624
2871470.0,3.353868
2874630.0,3.350673
2954990.0,3.269439
3089580.0,3.133384
3126900.0,3.095658
3130840.0,3.091675
3309090.0,2.911485
3333340.0,2.886971
3365920.0,2.854037
3498190.0,2.720328
3500000.0,2.718498
3551800.0,2.679956
3593130.0,2.649205
3624620.0,2.625775
3641600.0,2.613141
3679050.0,2.585276
3872138.0,2.441609
4000000.0,2.346474
5000000.0,1.818295
5180306.0,1.892446
5180307.0,1.892446
6000000.0,2.060026
7000000.0,2.008105
8000000.0,2.08906
8928575.0,2.230113
9000000.0,2.240962
10000000.0,2.403856
11000000.0,2.564007
12000000.0,2.694665
12399900.0,2.735649
12399910.0,2.73565
13000000.0,2.793286
14000000.0,2.85826
14132000.0,2.862408
14132050.0,2.86241
15000000.0,2.889681
16000000.0,2.889711
17000000.0,2.861677
18000000.0,2.809884
19000000.0,2.73873
20000000.0,2.657049
