1e-05,112.0273
1.03125e-05,112.0273
1.0625e-05,112.0272
1.09375e-05,112.0272
1.125e-05,112.0272
1.15625e-05,112.0272
1.1875e-05,112.0272
1.21875e-05,112.0272
1.25e-05,112.0272
1.28125e-05,112.0272
1.3125e-05,112.0271
1.34375e-05,112.0271
1.375e-05,112.0271
1.4375e-05,112.0271
1.5e-05,112.0271
1.5625e-05,112.027
1.625e-05,112.027
1.6875e-05,112.027
1.75e-05,112.027
1.8125e-05,112.0269
1.875e-05,112.0269
1.9375e-05,112.0269
2e-05,112.0269
2.09375e-05,112.0268
2.1875e-05,112.0268
2.28125e-05,112.0268
2.375e-05,112.0267
2.46875e-05,112.0267
2.5625e-05,112.0267
2.65625e-05,112.0266
2.75e-05,112.0266
2.84375e-05,112.0265
2.9375e-05,112.0265
3.03125e-05,112.0265
3.125e-05,112.0264
3.21875e-05,112.0264
3.3125e-05,112.0264
3.40625e-05,112.0263
3.5e-05,112.0263
3.59375e-05,112.0263
3.6875e-05,112.0262
3.78125e-05,112.0262
3.875e-05,112.0262
3.96875e-05,112.0261
4.0625e-05,112.0261
4.25e-05,112.026
4.4375e-05,112.0259
4.625e-05,112.0259
4.8125e-05,112.0258
5e-05,112.0257
5.15625e-05,112.0257
5.3125e-05,112.0256
5.46875e-05,112.0255
5.625e-05,112.0255
5.78125e-05,112.0254
5.9375e-05,112.0254
6.09375e-05,112.0253
6.25e-05,112.0252
6.40625e-05,112.0252
6.5625e-05,112.0251
6.71875e-05,112.0251
6.875e-05,112.025
7.1875e-05,112.0249
7.5e-05,112.0248
7.8125e-05,112.0247
8.125e-05,112.0245
8.4375e-05,112.0244
8.75e-05,112.0243
9.0625e-05,112.0242
9.375e-05,112.0241
9.6875e-05,112.0239
0.0001,112.0238
0.000103125,112.0237
0.00010625,112.0236
0.000109375,112.0235
0.0001125,112.0234
0.000115625,112.0232
0.00011875,112.0231
0.000121875,112.023
0.000125,112.0229
0.000128125,112.0228
0.00013125,112.0226
0.000134375,112.0225
0.0001375,112.0224
0.00014375,112.0222
0.00015,112.0219
0.00015625,112.0217
0.0001625,112.0215
0.00016875,112.0212
0.000175,112.021
0.00018125,112.0208
0.0001875,112.0205
0.00019375,112.0203
0.0002,112.0201
0.000209375,112.0197
0.00021875,112.0194
0.000228125,112.019
0.0002375,112.0186
0.000246875,112.0183
0.00025625,112.0179
0.000265625,112.0176
0.000275,112.0172
0.000284375,112.0169
0.00029375,112.0165
0.000303125,112.0162
0.0003125,112.0158
0.000321875,112.0155
0.00033125,112.0151
0.000340625,112.0148
0.00035,112.0144
0.000359375,112.0141
0.00036875,112.0137
0.000378125,112.0134
0.0003875,112.013
0.000396875,112.0127
0.00040625,112.0123
0.000425,112.0116
0.00044375,112.0109
0.0004625,112.0102
0.00048125,112.0095
0.0005,112.0088
0.000515625,112.0082
0.00053125,112.0076
0.000546875,112.0071
0.0005625,112.0065
0.000578125,112.0059
0.00059375,112.0053
0.000609375,112.0047
0.000625,112.0041
0.000640625,112.0035
0.00065625,112.003
0.000671875,112.0024
0.0006875,112.0018
0.00071875,112.0006
0.00075,111.9995
0.00078125,111.9983
0.0008125,111.9971
0.00084375,111.996
0.000875,111.9948
0.00090625,111.9936
0.0009375,111.9925
0.00096875,111.9913
0.001,111.9901
0.00103125,111.989
0.0010625,111.9878
0.00109375,111.9866
0.001125,111.9855
0.00115625,111.9843
0.0011875,111.9831
0.00121875,111.982
0.00125,111.9808
0.00128125,111.9796
0.0013125,111.9785
0.00134375,111.9773
0.001375,111.9761
0.0014375,111.9738
0.0015,111.9715
0.0015625,111.9691
0.001625,111.9668
0.0016875,111.9645
0.00175,111.9621
0.0018125,111.9598
0.001875,111.9575
0.0019375,111.9552
0.002,111.9528
0.00209375,111.9493
0.0021875,111.9459
0.00228125,111.9424
0.002375,111.9389
0.00246875,111.9354
0.0025625,111.9319
0.00265625,111.9284
0.00275,111.9249
0.00284375,111.9214
0.0029375,111.9179
0.00303125,111.9145
0.003125,111.911
0.00321875,111.9075
0.0033125,111.904
0.00340625,111.9005
0.0035,111.897
0.00359375,111.8935
0.0036875,111.8901
0.00378125,111.8866
0.003875,111.8831
0.00396875,111.8796
0.0040625,111.8761
0.00425,111.8691
0.0044375,111.8622
0.004625,111.8552
0.0048125,111.8483
0.005,111.8413
0.00515625,111.8355
0.0053125,111.8297
0.00546875,111.8239
0.005625,111.8181
0.00578125,111.8123
0.0059375,111.8065
0.00609375,111.8007
0.00625,111.7949
0.00640625,111.7891
0.0065625,111.7833
0.00671875,111.7775
0.006875,111.7717
0.0071875,111.7601
0.0075,111.7486
0.0078125,111.737
0.008125,111.7254
0.0084375,111.7138
0.00875,111.7023
0.0090625,111.6907
0.009375,111.6791
0.0096875,111.6676
0.01,111.656
0.0103125,111.6444
0.010625,111.6329
0.0109375,111.6213
0.01125,111.6098
0.0115625,111.5982
0.011875,111.5867
0.0121875,111.5751
0.0125,111.5636
0.0128125,111.5521
0.013125,111.5405
0.0134375,111.529
0.01375,111.5174
0.014375,111.4944
0.015,111.4713
0.015625,111.4483
0.01625,111.4253
0.016875,111.4022
0.0175,111.3792
0.018125,111.3562
0.01875,111.3332
0.019375,111.3102
0.02,111.2872
0.0206625,111.2629
0.021325,111.2385
0.0219875,111.2142
0.02265,111.1899
0.0233125,111.1656
0.023975,111.1413
0.0246375,111.117
0.0253,111.0927
0.02607188,111.0644
0.02684375,111.0361
0.02761563,111.0079
0.0283875,110.9796
0.02915938,110.9514
0.02993125,110.9232
0.03070313,110.8949
0.031475,110.8668
0.03224688,110.8386
0.03301875,110.8104
0.0345625,110.7541
0.03610625,110.6978
0.03765,110.6416
0.03919375,110.5855
0.0407375,110.5294
0.04228125,110.4733
0.043825,110.4173
0.04536875,110.3614
0.0469125,110.3055
0.04845625,110.2496
0.05,110.1938
0.0515625,110.1374
0.053125,110.081
0.0546875,110.0246
0.05625,109.9684
0.0578125,109.9121
0.059375,109.8559
0.0609375,109.7998
0.0625,109.7437
0.0640625,109.6877
0.065625,109.6317
0.0671875,109.5757
0.06875,109.5198
0.071875,109.4082
0.075,109.2968
0.078125,109.1855
0.08125,109.0745
0.084375,108.9636
0.0875,108.8529
0.090625,108.7425
0.09375,108.6322
0.096875,108.5221
0.1,108.4122
0.103125,108.3025
0.10625,108.193
0.109375,108.0837
0.1125,107.9745
0.115625,107.8656
0.11875,107.7568
0.121875,107.6482
0.125,107.5398
0.128125,107.4316
0.13125,107.3236
0.134375,107.2158
0.1375,107.1082
0.14375,106.8934
0.15,106.6794
0.15625,106.4662
0.1625,106.2536
0.16875,106.0418
0.175,105.8307
0.18125,105.6204
0.1875,105.4107
0.19375,105.2018
0.2,104.9935
0.2046875,104.8378
0.209375,104.6825
0.2140625,104.5276
0.21875,104.373
0.228125,104.0651
0.2375,103.7588
0.246875,103.454
0.25625,103.1507
0.265625,102.8489
0.275,102.5486
0.284375,102.2499
0.29375,101.9526
0.303125,101.6568
0.3125,101.3625
0.321875,101.0696
0.33125,100.7782
0.340625,100.4882
0.35,100.1996
0.359375,99.91242
0.36875,99.62666
0.378125,99.34231
0.3875,99.05934
0.396875,98.77775
0.40625,98.49752
0.415625,98.21865
0.425,97.94114
0.434375,97.66496
0.44375,97.39012
0.453125,97.11659
0.4625,96.84438
0.48125,96.30387
0.5,95.7685
0.53125,94.88748
0.5625,94.02026
0.59375,93.16653
0.625,92.32601
0.65625,91.49842
0.6875,90.68346
0.71875,89.88087
0.75,89.0904
0.78125,88.31177
0.8125,87.54475
0.84375,86.78909
0.875,86.04455
0.9375,84.58793
1.0,83.1731
1.0625,81.79838
1.125,80.46216
1.1875,79.16292
1.25,77.8992
1.3125,76.66962
1.375,75.47285
1.4375,74.30763
1.5,73.17277
1.5625,72.0671
1.625,70.98953
1.6875,69.93901
1.75,68.91453
1.875,66.93987
2.0,65.05827
2.08601,63.81411
2.172019,62.6088
2.258029,61.44034
2.344038,60.3069
2.430048,59.20667
2.516057,58.13796
2.602066,57.0991
2.688075,56.08848
2.774085,55.10452
2.860094,54.1457
2.946104,53.21045
3.032113,52.29728
3.118123,51.40458
3.204132,50.53076
3.290141,49.67412
3.37615,48.83285
3.46216,48.00493
3.548169,47.18814
3.634179,46.37985
3.720188,45.57695
3.806198,44.77554
3.849203,44.37389
3.892207,43.97063
3.935212,43.56485
3.978216,43.1555
4.021221,42.74129
4.064225,42.32072
4.10723,41.89187
4.150235,41.45239
4.171738,41.22777
4.19324,40.99932
4.214742,40.76654
4.236244,40.52883
4.257747,40.28553
4.279249,40.03587
4.300752,39.77894
4.322254,39.5137
4.343757,39.23889
4.365259,38.95305
4.386761,38.65439
4.397512,38.49961
4.408263,38.3408
4.419015,38.17759
4.429766,38.00964
4.440517,37.83652
4.451268,37.65777
4.46202,37.47283
4.472771,37.28116
4.483522,37.08209
4.494273,36.87488
4.505025,36.65867
4.515776,36.43255
4.526527,36.19542
4.537278,35.94604
4.548029,35.68301
4.553405,35.54586
4.55878,35.40469
4.564156,35.25921
4.569531,35.10922
4.574907,34.95437
4.580282,34.79442
4.585658,34.62899
4.591034,34.45776
4.59641,34.28035
4.601785,34.09638
4.607161,33.90536
4.612536,33.70689
4.617912,33.50038
4.623287,33.28537
4.628663,33.06121
4.634038,32.82734
4.639414,32.58304
4.644789,32.3277
4.650165,32.06051
4.65554,31.78082
4.660916,31.48779
4.666291,31.1808
4.668979,31.0218
4.671667,30.85905
4.674355,30.69249
4.677043,30.52204
4.679731,30.34769
4.682419,30.16939
4.685107,29.98716
4.687794,29.80108
4.690482,29.6111
4.69317,29.41737
4.695858,29.22008
4.698545,29.01952
4.701233,28.81586
4.703921,28.60957
4.706609,28.40119
4.709296,28.19148
4.711984,27.98113
4.714672,27.77129
4.71736,27.56329
4.720047,27.35887
4.722735,27.1599
4.725423,26.96894
4.728111,26.78905
4.730798,26.62399
4.733486,26.47814
4.736174,26.35702
4.738862,26.26716
4.741549,26.21643
4.744237,26.21411
4.746925,26.27124
4.749613,26.4007
4.7523,26.61725
4.754657,26.89222
4.757013,27.25958
4.759369,27.73297
4.761725,28.32649
4.764082,29.05467
4.766438,29.93039
4.768794,30.96567
4.77115,32.16922
4.773507,33.5458
4.775863,35.0922
4.778219,36.79927
4.780575,38.64851
4.782932,40.61306
4.785288,42.65482
4.787644,44.73117
4.79,46.79433
4.792357,48.79649
4.794713,50.69014
4.797069,52.43661
4.799425,54.00516
4.801782,55.37583
4.804138,56.53733
4.806494,57.48967
4.80885,58.24021
4.811207,58.80242
4.813563,59.1931
4.815919,59.43193
4.818275,59.53899
4.820632,59.5339
4.822988,59.43513
4.825344,59.25948
4.8277,59.02189
4.830393,58.69104
4.833085,58.31279
4.835777,57.90059
4.838469,57.46543
4.841162,57.01596
4.843854,56.55948
4.846546,56.10127
4.849238,55.64551
4.851931,55.19523
4.854623,54.75313
4.857315,54.32076
4.860007,53.89932
4.862699,53.48962
4.865391,53.09216
4.868083,52.70717
4.870775,52.33472
4.873468,51.9746
4.87616,51.62688
4.878852,51.29116
4.881544,50.96712
4.884237,50.65429
4.886929,50.3525
4.889621,50.06124
4.892313,49.7801
4.895006,49.50858
4.897698,49.24647
4.90039,48.99328
4.903082,48.74861
4.905774,48.51209
4.908466,48.28337
4.911158,48.06209
4.91385,47.84792
4.916543,47.64046
4.919235,47.43958
4.924619,47.05611
4.930004,46.69523
4.935388,46.3551
4.940773,46.03383
4.946157,45.72995
4.951541,45.44196
4.956925,45.16858
4.96231,44.90857
4.967694,44.66099
4.973079,44.42479
4.978463,44.19918
4.983848,43.9833
4.989232,43.77652
4.994616,43.57814
5.0,43.38758
5.004774,43.22472
5.009547,43.06726
5.019094,42.76719
5.028641,42.4851
5.038188,42.21901
5.047735,41.96725
5.057282,41.72834
5.066829,41.50099
5.076375,41.28411
5.085922,41.07665
5.095469,40.87779
5.105016,40.68674
5.114563,40.50281
5.12411,40.3254
5.133657,40.15397
5.143204,39.98801
5.15275,39.82711
5.162297,39.67083
5.171844,39.51883
5.190938,39.22638
5.210032,38.94749
5.229125,38.68025
5.248219,38.42303
5.267313,38.17445
5.286407,37.93334
5.3055,37.69868
5.324594,37.46954
5.343688,37.24513
5.362782,37.02473
5.381875,36.8077
5.400969,36.59342
5.420063,36.38137
5.439157,36.17101
5.45825,35.96187
5.477344,35.75347
5.496438,35.54535
5.515532,35.33706
5.534625,35.12817
5.553719,34.91819
5.572813,34.70668
5.591907,34.49315
5.611,34.2771
5.630094,34.05798
5.649188,33.83522
5.668282,33.6082
5.687375,33.37627
5.706469,33.13864
5.725563,32.89452
5.744657,32.64296
5.76375,32.38297
5.782844,32.11332
5.801938,31.83271
5.821032,31.53958
5.840125,31.23217
5.849672,31.07247
5.859219,30.90839
5.868766,30.73961
5.878313,30.56581
5.88786,30.38659
5.897407,30.20156
5.906954,30.01026
5.9165,29.81224
5.926047,29.60692
5.935594,29.39373
5.945141,29.17202
5.954688,28.94108
5.964235,28.70012
5.973782,28.44828
5.983329,28.18457
5.992875,27.90794
6.002422,27.61716
6.011969,27.31089
6.021516,26.98765
6.02629,26.81913
6.031063,26.64577
6.035837,26.46724
6.04061,26.28338
6.045384,26.09383
6.050157,25.8984
6.054931,25.6967
6.059704,25.4885
6.064477,25.27344
6.06925,25.05116
6.074024,24.82125
6.078797,24.58343
6.083571,24.3372
6.088344,24.08226
6.093118,23.81807
6.097891,23.54432
6.102665,23.26045
6.107438,22.96615
6.112212,22.66088
6.116985,22.34437
6.121759,22.01613
6.126532,21.67602
6.131306,21.32371
6.136079,20.9593
6.140852,20.58287
6.145625,20.19485
6.148012,19.99668
6.150399,19.79596
6.152786,19.59287
6.155172,19.38772
6.157559,19.18061
6.159946,18.97199
6.162333,18.76225
6.164719,18.55198
6.167106,18.34159
6.169493,18.13187
6.17188,17.92364
6.174266,17.71798
6.176653,17.51587
6.17904,17.31875
6.181427,17.12823
6.183813,16.94627
6.1862,16.77493
6.188587,16.61687
6.190974,16.47513
6.19336,16.35329
6.195747,16.2554
6.198134,16.18633
6.200521,16.15172
6.202907,16.15808
6.205294,16.21299
6.207681,16.32523
6.210068,16.50488
6.212454,16.76338
6.214841,17.11414
6.217227,17.57176
6.219614,18.15337
6.220807,18.49616
6.222,18.87697
6.223188,19.29649
6.224375,19.75847
6.225563,20.2664
6.22675,20.82217
6.227938,21.42951
6.229125,22.0902
6.230313,22.80812
6.2315,23.58477
6.232688,24.42407
6.233875,25.32703
6.235063,26.29739
6.23625,27.33544
6.237438,28.44451
6.238625,29.62384
6.239813,30.87603
6.241,32.19897
6.242188,33.5942
6.243375,35.0579
6.24575,38.18534
6.248125,41.55149
6.2505,45.11069
6.252875,48.80163
6.25525,52.54934
6.257625,56.26919
6.26,59.87254
6.262375,63.27345
6.26475,66.39535
6.267125,69.17665
6.2695,71.57443
6.271875,73.56588
6.27425,75.14742
6.276625,76.33211
6.279,77.14594
6.281375,77.62381
6.28375,77.80568
6.286125,77.7333
6.2885,77.44769
6.290875,76.98741
6.29325,76.38745
6.295625,75.67871
6.298,74.8879
6.299808,74.24495
6.301616,73.57611
6.303424,72.88872
6.305231,72.18944
6.307039,71.48282
6.308846,70.77412
6.310654,70.06632
6.312461,69.36329
6.314269,68.66682
6.316077,67.97934
6.317885,67.30253
6.319692,66.63805
6.3215,65.98616
6.323307,65.34835
6.325115,64.72444
6.326922,64.11549
6.32873,63.52103
6.330538,62.94151
6.332346,62.3769
6.334153,61.82741
6.337768,60.77188
6.341383,59.77306
6.344999,58.8283
6.348614,57.9354
6.352229,57.09123
6.355844,56.29292
6.35946,55.53743
6.363075,54.82241
6.36669,54.14504
6.370305,53.50284
6.373921,52.8933
6.377536,52.31458
6.381151,51.76447
6.384766,51.24108
6.388382,50.74253
6.391997,50.26746
6.395612,49.81422
6.399227,49.38141
6.402843,48.96764
6.406458,48.57194
6.410073,48.19308
6.413688,47.83005
6.417304,47.48179
6.420919,47.14762
6.424534,46.82662
6.428149,46.51804
6.431765,46.22109
6.43538,45.93528
6.438995,45.65991
6.44261,45.39443
6.449841,44.89094
6.457071,44.42114
6.464302,43.98155
6.471532,43.56936
6.478763,43.1819
6.485993,42.817
6.493224,42.47256
6.500454,42.14689
6.507685,41.83832
6.514915,41.54552
6.522145,41.26717
6.529375,41.00215
6.536606,40.7494
6.543836,40.50807
6.551067,40.27727
6.558297,40.05629
6.565528,39.84439
6.572758,39.64102
6.579989,39.44554
6.587219,39.25749
6.59445,39.07635
6.60168,38.90173
6.616141,38.57037
6.630602,38.2606
6.645063,37.97001
6.659524,37.69651
6.673985,37.43835
6.688446,37.19398
6.702907,36.96205
6.717368,36.74141
6.731829,36.53102
6.74629,36.32998
6.76075,36.1375
6.775211,35.95284
6.789672,35.77539
6.804133,35.60458
6.818594,35.4399
6.833055,35.2809
6.847516,35.12717
6.876438,34.83405
6.90536,34.55797
6.934282,34.29681
6.963204,34.04877
6.992125,33.81238
7.021047,33.58634
7.049969,33.36958
7.078891,33.16116
7.107813,32.96027
7.136735,32.76623
7.165657,32.57841
7.194579,32.39628
7.2235,32.21938
7.281344,31.87959
7.339188,31.55623
7.397032,31.24702
7.454875,30.95015
7.512719,30.66408
7.570563,30.38759
7.628407,30.1196
7.68625,29.85923
7.744094,29.60571
7.801938,29.35838
7.917625,28.88003
8.033313,28.42029
8.149,27.97608
8.264688,27.54478
8.380375,27.12416
8.438219,26.91721
8.496063,26.71218
8.553907,26.50882
8.61175,26.30691
8.669594,26.10619
8.727438,25.90643
8.785282,25.70737
8.843125,25.50876
8.900969,25.3103
8.958813,25.1117
9.016657,24.91263
9.0745,24.71273
9.132344,24.51161
9.190188,24.30883
9.21911,24.20667
9.248032,24.1039
9.276954,24.00045
9.305875,23.89624
9.334797,23.7912
9.363719,23.68523
9.392641,23.57824
9.421563,23.47013
9.450485,23.36079
9.479407,23.25011
9.508329,23.13796
9.53725,23.02423
9.566172,22.90877
9.595094,22.79143
9.624016,22.67209
9.652938,22.5506
9.667399,22.48901
9.68186,22.42683
9.696321,22.36405
9.710782,22.30065
9.725243,22.23663
9.739704,22.17198
9.754165,22.10669
9.768625,22.04078
9.783086,21.97425
9.797547,21.90711
9.812008,21.83939
9.826469,21.77115
9.84093,21.70244
9.855391,21.63333
9.869852,21.56395
9.884313,21.49444
9.898774,21.42499
9.913235,21.35585
9.927696,21.28734
9.942157,21.21989
9.949388,21.18672
9.956618,21.15404
9.963849,21.12192
9.971079,21.09049
9.97831,21.05986
9.98554,21.03017
9.99277,21.00158
10.0,20.97427
10.00879,20.94309
10.01757,20.91459
10.02635,20.88924
10.03513,20.86767
10.04391,20.85059
10.05269,20.8389
10.06147,20.83365
10.07025,20.8361
10.07904,20.84783
10.08782,20.87068
10.0966,20.90696
10.10099,20.93098
10.10538,20.95947
10.10977,20.99288
10.11416,21.03172
10.11855,21.07656
10.12294,21.12803
10.12733,21.18686
10.13172,21.25384
10.13611,21.32989
10.1405,21.416
10.1449,21.51359
10.14929,21.6235
10.15368,21.74742
10.15807,21.88703
10.16246,22.04426
10.16685,22.22129
10.17124,22.42064
10.17563,22.64517
10.18002,22.89823
10.18441,23.18364
10.1888,23.50586
10.19319,23.87004
10.19758,24.28222
10.20197,24.74942
10.20636,25.27992
10.21075,25.88343
10.21515,26.57311
10.21954,27.35943
10.22174,27.79534
10.22393,28.26001
10.22613,28.76019
10.22832,29.29408
10.23052,29.86954
10.23271,30.48461
10.23491,31.1485
10.2371,31.85908
10.2393,32.62716
10.24149,33.45043
10.24369,34.34159
10.24588,35.29815
10.24808,36.33502
10.25027,37.4495
10.25247,38.65914
10.25466,39.96095
10.25686,41.37556
10.25905,42.89953
10.26125,44.55704
10.26344,46.34399
10.26564,48.28849
10.26783,50.38532
10.27003,52.66681
10.27222,55.12583
10.27442,57.79885
10.27661,60.67548
10.27881,63.79559
10.281,67.14334
10.28344,71.1705
10.28588,75.52137
10.28832,80.20071
10.29075,85.18344
10.29319,90.49515
10.29563,96.08573
10.3005,107.864
10.30294,113.9143
10.30538,119.9171
10.30782,125.7348
10.31025,131.1919
10.31269,136.1718
10.31513,140.4922
10.31757,144.0108
10.32,146.6057
10.32244,148.2253
10.32488,148.8303
10.32732,148.4419
10.32975,147.1317
10.33219,144.988
10.33463,142.1372
10.33707,138.7144
10.3395,134.8721
10.34438,126.3508
10.34925,117.4627
10.35169,113.0601
10.35413,108.7628
10.35657,104.607
10.359,100.6336
10.36132,97.00834
10.36364,93.55505
10.36596,90.27638
10.36827,87.18449
10.37059,84.24922
10.3729,81.49063
10.37522,78.87834
10.37753,76.42761
10.37985,74.10949
10.38217,71.92696
10.38449,69.87207
10.3868,67.94513
10.38912,66.12196
10.39143,64.41113
10.39375,62.79098
10.39606,61.26905
10.39838,59.82609
10.4007,58.46316
10.40302,57.17493
10.40533,55.96151
10.40765,54.80779
10.40996,53.71945
10.41228,52.68308
10.41459,51.70392
10.41691,50.77008
10.41923,49.8827
10.42155,49.03883
10.42386,48.2391
10.42618,47.47404
10.42849,46.74791
10.43312,45.39099
10.43776,44.15015
10.44239,43.01718
10.44702,41.97759
10.45165,41.02123
10.45629,40.13741
10.46092,39.32221
10.46555,38.56689
10.47018,37.86552
10.47482,37.21153
10.47945,36.60312
10.48408,36.03475
10.48871,35.50281
10.49335,35.00303
10.49798,34.53471
10.50261,34.09416
10.50724,33.67909
10.51188,33.28661
10.51651,32.91656
10.52114,32.5664
10.52577,32.23462
10.53041,31.91917
10.53504,31.62019
10.53967,31.33583
10.5443,31.06508
10.54894,30.80646
10.55357,30.56021
10.5582,30.32498
10.56283,30.10006
10.5721,29.67812
10.58136,29.2906
10.59063,28.9327
10.59989,28.60179
10.60916,28.29423
10.61842,28.00817
10.62769,27.74079
10.63695,27.49078
10.64621,27.25617
10.65547,27.0355
10.66474,26.82727
10.674,26.6308
10.68327,26.44464
10.69253,26.26829
10.7018,26.10059
10.71106,25.94117
10.72033,25.78905
10.72959,25.64397
10.73886,25.5051
10.74812,25.37226
10.75739,25.24475
10.76665,25.12244
10.77592,25.00473
10.78518,24.89154
10.8037,24.6772
10.82223,24.47712
10.84076,24.28966
10.85929,24.11336
10.87782,23.94695
10.89635,23.78934
10.91488,23.63959
10.93341,23.4969
10.95193,23.36061
10.97046,23.22997
10.98899,23.1045
11.00752,22.98372
11.02605,22.8672
11.04458,22.75456
11.06311,22.64546
11.08164,22.53959
11.10016,22.43674
11.11869,22.33654
11.13722,22.23883
11.17428,22.05008
11.21134,21.86907
11.24839,21.69465
11.28545,21.52572
11.32251,21.36146
11.35957,21.20111
11.39662,21.04407
11.43368,20.88965
11.47074,20.73737
11.5078,20.58676
11.54485,20.4374
11.58191,20.28881
11.61897,20.14063
11.65603,19.99249
11.69309,19.84401
11.73015,19.69486
11.76721,19.54466
11.80427,19.39308
11.84132,19.2398
11.87838,19.08438
11.91544,18.92653
11.93397,18.84657
11.9525,18.76588
11.97103,18.68441
11.98955,18.60217
12.00808,18.51902
12.02661,18.43499
12.04514,18.35004
12.06367,18.26414
12.0822,18.17729
12.10073,18.08947
12.11926,18.00069
12.13778,17.91102
12.15631,17.8204
12.17484,17.72894
12.19337,17.63675
12.2119,17.54397
12.23043,17.4508
12.24896,17.35749
12.26749,17.26442
12.28601,17.17209
12.29528,17.12634
12.30454,17.08106
12.31381,17.03627
12.32307,16.9922
12.33234,16.94889
12.3416,16.90661
12.35087,16.86547
12.36013,16.82576
12.3694,16.78768
12.37866,16.75159
12.38793,16.71777
12.39719,16.68668
12.40646,16.65874
12.41572,16.63453
12.42498,16.61465
12.43424,16.59985
12.44351,16.59096
12.45277,16.58903
12.46204,16.59525
12.4713,16.611
12.48057,16.63801
12.48983,16.67819
12.4991,16.73403
12.50836,16.80825
12.51763,16.90446
12.52689,17.02665
12.53153,17.09922
12.53616,17.18015
12.54079,17.2704
12.54542,17.37088
12.55006,17.48284
12.55469,17.60694
12.55932,17.74465
12.56395,17.89737
12.56858,18.06667
12.57321,18.25431
12.57784,18.46226
12.58247,18.69276
12.58711,18.9489
12.59174,19.23243
12.59637,19.5471
12.601,19.89658
12.60564,20.28594
12.61027,20.71829
12.6149,21.19991
12.61953,21.7371
12.62417,22.33847
12.6288,23.00985
12.63343,23.76217
12.63806,24.60675
12.6427,25.55895
12.64733,26.63016
12.65196,27.84044
12.65659,29.21117
12.66123,30.77125
12.66355,31.63047
12.66586,32.54399
12.66818,33.52438
12.67049,34.56828
12.67281,35.69027
12.67512,36.88677
12.67744,38.17479
12.67976,39.55669
12.68208,41.04051
12.68439,42.62795
12.68671,44.3424
12.68902,46.17958
12.69134,48.167
12.69365,50.30016
12.69597,52.61145
12.69829,55.10729
12.70061,57.80441
12.70292,60.70799
12.70524,63.86299
12.70755,67.2636
12.70987,70.96251
12.71218,74.95274
12.7145,79.29558
12.71681,83.98182
12.71913,89.0818
12.72144,94.58217
12.72376,100.5618
12.72607,106.9999
12.72839,113.9817
12.7307,121.4733
12.73316,130.0674
12.73562,139.3129
12.73808,149.2122
12.74053,159.7049
12.74299,170.8355
12.74544,182.4416
12.75035,206.7865
12.75281,219.1773
12.75527,231.3858
12.75773,243.1258
12.76018,254.0384
12.76264,263.8857
12.76509,272.2732
12.76755,278.9901
12.77,283.7662
12.77246,286.5063
12.77492,287.1475
12.77738,285.7464
12.77983,282.4637
12.78229,277.4842
12.78474,271.1045
12.7872,263.5522
12.78965,255.168
12.79457,236.7646
12.79948,217.7249
12.80194,208.3312
12.80439,199.2171
12.80685,190.3811
12.8093,181.9446
12.81146,174.8325
12.81361,168.0684
12.81577,161.5936
12.81792,155.4666
12.82008,149.6252
12.82223,144.1148
12.82438,138.8973
12.82653,133.9605
12.82869,129.2707
12.83084,124.8579
12.833,120.6674
12.83515,116.7247
12.83731,112.98
12.83946,109.4553
12.84161,106.1207
12.84376,102.9646
12.84592,99.9626
12.84807,97.13212
12.85023,94.43697
12.85238,91.89292
12.85454,89.46763
12.85669,87.1755
12.85884,84.9975
12.86099,82.92661
12.86315,80.94735
12.8653,79.07192
12.86745,77.28523
12.8696,75.58197
12.87391,72.39923
12.87821,69.50269
12.88252,66.84762
12.88683,64.41383
12.89114,62.17753
12.89544,60.12251
12.89975,58.22106
12.90405,56.46607
12.90836,54.83536
12.91266,53.32414
12.91697,51.91443
12.92128,50.60016
12.92559,49.37268
12.92989,48.22689
12.9342,47.15061
12.9385,46.14272
12.94281,45.19306
12.94711,44.30111
12.95142,43.45829
12.95573,42.66271
12.96004,41.91076
12.96434,41.20076
12.96865,40.52643
12.97296,39.88677
12.97727,39.27932
12.98157,38.70313
12.98588,38.15348
12.99019,37.62987
12.9945,37.13057
12.9988,36.6551
13.00741,35.76541
13.01602,34.95056
13.02464,34.201
13.03325,33.51098
13.04186,32.87319
13.05047,32.28206
13.05909,31.73218
13.0677,31.22061
13.07631,30.74302
13.08492,30.29619
13.09354,29.87681
13.10215,29.48333
13.11077,29.1126
13.11938,28.76351
13.128,28.43347
13.13661,28.12166
13.14522,27.82626
13.15383,27.54601
13.16245,27.27944
13.17106,27.02613
13.17967,26.78483
13.18828,26.55467
13.1969,26.33464
13.20551,26.12452
13.21412,25.92342
13.22273,25.73075
13.23996,25.36833
13.25718,25.03385
13.27441,24.72368
13.29163,24.4354
13.30886,24.1663
13.32608,23.91465
13.34331,23.67838
13.36053,23.45622
13.37776,23.24655
13.39499,23.04834
13.41222,22.86052
13.42944,22.68229
13.44667,22.51262
13.46389,22.35097
13.48112,22.1965
13.49834,22.04882
13.51557,21.90723
13.53279,21.77142
13.55002,21.6408
13.56724,21.51516
13.58447,21.39398
13.60169,21.2771
13.63614,21.05481
13.6706,20.84621
13.70505,20.64971
13.7395,20.46381
13.77395,20.28729
13.8084,20.1191
13.84285,19.95832
13.8773,19.80418
13.91175,19.656
13.94621,19.51312
13.98066,19.37511
14.01511,19.24146
14.04956,19.11175
14.08402,18.98558
14.11847,18.86269
14.15292,18.74275
14.18737,18.62549
14.25628,18.39801
14.32518,18.17864
14.39408,17.9659
14.46298,17.75858
14.53189,17.5556
14.60079,17.35608
14.66969,17.15915
14.73859,16.96407
14.8075,16.77009
14.8764,16.5766
14.9453,16.38292
15.0142,16.18844
15.08311,15.99247
15.15201,15.79444
15.22092,15.59361
15.28982,15.38935
15.35873,15.18083
15.42763,14.96731
15.49653,14.74787
15.56543,14.5215
15.63434,14.28706
15.70324,14.04338
15.77214,13.78896
15.84104,13.52215
15.8755,13.38347
15.90995,13.24098
15.9444,13.09435
15.97885,12.94326
16.0133,12.78736
16.04775,12.62626
16.0822,12.45955
16.11665,12.28677
16.15111,12.10737
16.18556,11.92088
16.22001,11.72665
16.25446,11.524
16.28892,11.31211
16.32337,11.09028
16.35782,10.8575
16.39227,10.61276
16.42673,10.35481
16.44396,10.22052
16.46118,10.08253
16.47841,9.940508
16.49563,9.794417
16.51286,9.643886
16.53008,9.488875
16.54731,9.328979
16.56453,9.164146
16.58176,8.993937
16.59898,8.81829
16.61621,8.636733
16.63343,8.449198
16.65066,8.255181
16.66788,8.054617
16.68511,7.846979
16.70234,7.632092
16.71957,7.409678
16.73679,7.179612
16.75402,6.941402
16.77124,6.695149
16.78847,6.44047
16.80569,6.177674
16.81431,6.043065
16.82292,5.906625
16.83153,5.768255
16.84014,5.628032
16.84876,5.485887
16.85737,5.342278
16.86598,5.197197
16.87459,5.050839
16.88321,4.903275
16.89182,4.75514
16.90043,4.606621
16.90904,4.45815
16.91766,4.310078
16.92627,4.16338
16.93488,4.018641
16.94349,3.876774
16.95211,3.738719
16.96072,3.606118
16.96934,3.48026
16.97795,3.363361
16.98657,3.257476
16.99518,3.165667
17.00379,3.091221
17.0124,3.038299
17.01671,3.021441
17.02102,3.011973
17.02533,3.010714
17.02963,3.018545
17.03394,3.036513
17.03824,3.065652
17.04255,3.107348
17.04685,3.162798
17.05116,3.233814
17.05547,3.322028
17.05978,3.429391
17.06408,3.557766
17.06839,3.710204
17.07269,3.888749
17.077,4.097342
17.07915,4.213565
17.0813,4.338515
17.08346,4.473349
17.08561,4.61736
17.08777,4.772472
17.08992,4.937866
17.09208,5.11574
17.09423,5.305151
17.09638,5.50764
17.09853,5.724003
17.10069,5.956202
17.10284,6.203001
17.10499,6.466412
17.10714,6.747476
17.1093,7.04875
17.11145,7.368642
17.1136,7.709785
17.11575,8.073553
17.11791,8.463283
17.12006,8.876959
17.12222,9.320149
17.12437,9.79059
17.12653,10.29465
17.12868,10.82979
17.13083,11.40057
17.13298,12.00946
17.13514,12.66223
17.13729,13.35574
17.13944,14.09602
17.14159,14.88644
17.14375,15.7347
17.1459,16.63689
17.14805,17.6011
17.1502,18.63195
17.15236,19.73977
17.15451,20.9198
17.15667,22.189
17.15882,23.5421
17.16098,24.99876
17.16313,26.55319
17.16528,28.2202
17.16743,30.00887
17.16959,31.93834
17.17174,34.00155
17.17389,36.21888
17.17604,38.60315
17.1782,41.18071
17.18035,43.94301
17.1825,46.91819
17.18465,50.12436
17.18681,53.59798
17.18896,57.32844
17.19112,61.37404
17.19327,65.72275
17.19543,70.44273
17.19758,75.52001
17.19973,81.00749
17.20188,86.9393
17.20404,93.38284
17.20619,100.3171
17.20834,107.8112
17.21049,115.907
17.21265,124.6899
17.2148,134.1217
17.21695,144.2839
17.2191,155.2166
17.22166,169.2884
17.22422,184.5513
17.22678,201.0333
17.22933,218.6621
17.23189,237.536
17.23444,257.4178
17.237,278.3108
17.23955,299.8272
17.24211,321.8285
17.24467,343.8394
17.24723,365.3889
17.24978,385.8653
17.25234,404.8619
17.25489,421.6677
17.25745,435.896
17.26,447.0107
17.26256,454.8022
17.26512,459.0794
17.26768,459.8647
17.27023,457.3504
17.27279,451.8187
17.27534,443.7033
17.2779,433.3846
17.28045,421.3998
17.28301,408.0984
17.28557,393.9322
17.29068,364.4368
17.29324,349.5944
17.29579,335.0371
17.29835,320.7946
17.3009,307.0813
17.30354,293.4564
17.30618,280.4604
17.30882,268.117
17.31145,256.4752
17.31409,245.4389
17.31672,235.0749
17.31936,225.2811
17.32199,216.1042
17.32463,207.4446
17.32727,199.3072
17.32991,191.6606
17.33254,184.5004
17.33518,177.7423
17.33781,171.4093
17.34045,165.4261
17.34308,159.8126
17.34572,154.5022
17.34836,149.4944
17.351,144.7684
17.35363,140.3212
17.35627,136.101
17.3589,132.1231
17.36154,128.342
17.36417,124.7721
17.36681,121.373
17.36944,118.1585
17.37208,115.0928
17.37471,112.1887
17.37735,109.4146
17.37998,106.7825
17.38262,104.2643
17.38525,101.8713
17.38789,99.57835
17.39053,97.38807
17.3958,93.29903
17.40107,89.55163
17.40634,86.1081
17.41162,82.92989
17.41689,80.00047
17.42216,77.2887
17.42743,74.77279
17.43271,72.42934
17.43798,70.25035
17.44325,68.21635
17.44852,66.31417
17.45379,64.5321
17.45906,62.85974
17.46433,61.28778
17.4696,59.8079
17.47488,58.41007
17.48015,57.09286
17.48542,55.84751
17.49069,54.66854
17.49597,53.54896
17.50124,52.48852
17.50651,51.48098
17.51178,50.52262
17.51706,49.60838
17.52233,48.73863
17.5276,47.90878
17.53287,47.11623
17.53814,46.35862
17.54341,45.63375
17.55395,44.27436
17.5645,43.02264
17.57504,41.86872
17.58558,40.80085
17.59612,39.80998
17.60667,38.88739
17.61721,38.02796
17.62775,37.2248
17.63829,36.47263
17.64884,35.76615
17.65938,35.10261
17.66993,34.47708
17.68047,33.8875
17.69102,33.32985
17.70156,32.80259
17.7121,32.30283
17.72264,31.8285
17.73319,31.37726
17.74373,30.94827
17.75428,30.53916
17.76482,30.14927
17.77537,29.77659
17.78591,29.42065
17.79645,29.08002
17.80699,28.75371
17.82808,28.14024
17.84917,27.57421
17.87026,27.05017
17.89134,26.56372
17.91243,26.11041
17.93351,25.68723
17.9546,25.29077
17.97568,24.91882
17.99677,24.56872
18.01786,24.23866
18.03895,23.92684
18.06003,23.63183
18.08112,23.35196
18.10221,23.0861
18.1233,22.83316
18.14438,22.59223
18.16547,22.36217
18.18656,22.1423
18.20765,21.93188
18.22873,21.73033
18.24982,21.53685
18.2709,21.35107
18.31307,21.00028
18.35525,20.67435
18.39742,20.37043
18.43959,20.08591
18.48176,19.81864
18.52394,19.56668
18.56611,19.32856
18.60828,19.10282
18.65045,18.88824
18.69263,18.68372
18.7348,18.48841
18.77698,18.30139
18.81915,18.12202
18.86133,17.94956
18.9035,17.7835
18.98784,17.46843
19.07219,17.17316
19.15654,16.8948
19.24089,16.63095
19.32523,16.37964
19.40958,16.13913
19.49393,15.90807
19.57828,15.68527
19.66262,15.46976
19.74697,15.26067
19.83131,15.05736
19.91566,14.85924
20.0,14.66594
20.0766,14.49429
20.1532,14.32623
20.2298,14.16175
20.3064,14.00095
20.383,13.84408
20.4596,13.69153
20.5362,13.54392
20.6128,13.40211
20.6511,13.33374
20.6894,13.26731
20.7277,13.20303
20.766,13.14115
20.8043,13.08197
20.8426,13.02583
20.8809,12.97312
20.9192,12.9243
20.9575,12.87991
20.9958,12.84056
21.0341,12.80697
21.0724,12.77999
21.1107,12.76059
21.149,12.74993
21.1873,12.74937
21.2256,12.76051
21.2639,12.78523
21.3022,12.82579
21.3405,12.88486
21.3788,12.96566
21.4171,13.07205
21.4554,13.20871
21.4937,13.38133
21.51285,13.48324
21.532,13.59686
21.55115,13.72332
21.5703,13.86388
21.58945,14.01993
21.6086,14.19303
21.62775,14.38493
21.6469,14.59761
21.66605,14.83326
21.6852,15.09439
21.70435,15.3838
21.7235,15.70471
21.74265,16.06073
21.7618,16.45601
21.78095,16.89528
21.8001,17.38397
21.81925,17.92832
21.8384,18.53554
21.85755,19.21398
21.8767,19.97337
21.89585,20.82506
21.915,21.78239
21.93415,22.86104
21.9533,24.07965
21.97245,25.46037
21.9916,27.02976
22.00118,27.89542
22.01075,28.8198
22.02033,29.80991
22.0299,30.86929
22.03948,32.00636
22.04905,33.22563
22.05863,34.53729
22.0682,35.94713
22.07778,37.46759
22.08735,39.10612
22.09693,40.87808
22.1065,42.79314
22.11608,44.87041
22.12565,47.12258
22.13523,49.57367
22.1448,52.24048
22.15438,55.15358
22.16395,58.33543
22.17353,61.82545
22.1831,65.65403
22.19268,69.87271
22.20225,74.52316
22.21183,79.67388
22.2214,85.38281
22.23098,91.74264
22.23577,95.19368
22.24055,98.83527
22.24534,102.6973
22.25013,106.7886
22.25492,111.1265
22.2597,115.7206
22.26449,120.611
22.26928,125.8116
22.27407,131.3479
22.27885,137.2353
22.28364,143.5293
22.28843,150.2522
22.29322,157.442
22.298,165.1241
22.30279,173.3773
22.30758,182.238
22.31237,191.7644
22.31715,201.9991
22.32194,213.0574
22.32673,225.0002
22.33152,237.9193
22.3363,251.8874
22.34109,267.0796
22.34588,283.5999
22.35067,301.5982
22.35545,321.202
22.36024,342.6873
22.36503,366.2365
22.36982,392.1035
22.3746,420.5169
22.37939,451.9294
22.38418,486.6691
22.38897,525.1792
22.39136,545.9604
22.39375,567.8769
22.39615,591.1039
22.39854,615.5295
22.40094,641.4464
22.40333,668.7326
22.40573,697.718
22.40812,728.2692
22.41051,760.6191
22.4129,794.8911
22.4153,831.3734
22.41769,869.9027
22.42009,910.9518
22.42248,954.3373
22.42488,1000.59
22.42727,1049.501
22.42966,1101.438
22.43205,1156.592
22.43445,1215.41
22.43684,1277.599
22.43924,1343.879
22.44163,1413.891
22.44403,1488.407
22.44642,1566.977
22.44881,1650.046
22.4512,1737.727
22.45425,1856.418
22.4573,1982.711
22.46035,2116.382
22.4634,2256.917
22.4695,2554.659
22.4756,2863.316
22.47865,3015.424
22.4817,3161.561
22.48475,3297.78
22.4878,3419.876
22.49085,3523.648
22.4939,3605.227
22.49695,3661.414
22.5,3690.005
22.50305,3690.013
22.5061,3661.77
22.50915,3606.876
22.5122,3528.013
22.51525,3428.655
22.5183,3312.738
22.52135,3184.332
22.5244,3047.366
22.5305,2761.596
22.5366,2478.069
22.53965,2341.94
22.5427,2211.176
22.54575,2086.506
22.5488,1968.354
22.55142,1872.212
22.55403,1781.371
22.55664,1695.392
22.55925,1614.155
22.56186,1537.502
22.56447,1465.248
22.56708,1397.189
22.56969,1333.113
22.57231,1272.579
22.57492,1215.833
22.57753,1162.425
22.58014,1112.152
22.58275,1064.815
22.58536,1020.229
22.58797,978.2151
22.59058,938.6058
22.5932,901.1049
22.59581,865.8503
22.59842,832.5569
22.60103,801.0956
22.60364,771.3466
22.60625,743.198
22.60886,716.5459
22.61147,691.2935
22.61409,667.2618
22.6167,644.5506
22.62192,602.5023
22.62714,564.4982
22.63236,530.058
22.63759,498.709
22.64281,470.2109
22.64803,444.1886
22.65325,420.3707
22.65848,398.4804
22.6637,378.3943
22.66892,359.8877
22.67414,342.8015
22.67937,326.9665
22.68459,312.3196
22.68981,298.7199
22.69503,286.0707
22.70025,274.2856
22.70547,263.288
22.71069,253.0094
22.71591,243.3883
22.72114,234.3531
22.72636,225.8887
22.73158,217.933
22.7368,210.4456
22.74203,203.3772
22.74725,196.722
22.75247,190.4361
22.75769,184.4925
22.76292,178.8561
22.76814,173.5258
22.77336,168.4701
22.77858,163.6701
22.78903,154.7621
22.79947,146.6973
22.80992,139.3573
22.82036,132.6688
22.83081,126.5441
22.84125,120.9309
22.8517,115.763
22.86214,111.0023
22.87258,106.602
22.88302,102.5258
22.89347,98.73828
22.90391,95.21869
22.91436,91.93552
22.9248,88.87318
22.93525,86.00636
22.94569,83.32327
22.95614,80.80334
22.96658,78.4376
22.97703,76.20912
22.98747,74.11106
22.99792,72.12935
23.00836,70.25875
23.01881,68.48747
23.02925,66.81147
23.03969,65.22228
23.05013,63.71374
23.06058,62.27894
23.07102,60.9155
23.09191,58.37899
23.1128,56.07121
23.13368,53.96523
23.15457,52.03534
23.17546,50.26234
23.19635,48.62884
23.21723,47.12053
23.23812,45.72297
23.25901,44.42557
23.2799,43.21846
23.30079,42.09295
23.32168,41.0414
23.34257,40.05706
23.36346,39.13396
23.38434,38.26718
23.40523,37.45117
23.42612,36.6821
23.44701,35.95618
23.46789,35.27033
23.48878,34.62082
23.50967,34.0052
23.53056,33.42097
23.55144,32.86612
23.57233,32.33803
23.59322,31.83511
23.61411,31.35563
23.635,30.89802
23.67678,30.04281
23.71855,29.25951
23.76033,28.53919
23.8021,27.8749
23.84388,27.26007
23.88565,26.68965
23.92743,26.15871
23.96921,25.66337
24.01099,25.20011
24.05276,24.76595
24.09454,24.35798
24.13632,23.97391
24.1781,23.61165
24.21987,23.26937
24.26165,22.94526
24.30343,22.6379
24.34521,22.34595
24.38698,22.06827
24.42876,21.80365
24.47053,21.55123
24.51231,21.31
24.55408,21.07928
24.59586,20.85822
24.63764,20.64623
24.72119,20.24707
24.80474,19.87747
24.88829,19.53385
24.97185,19.21312
25.0554,18.91275
25.13895,18.63047
25.2225,18.36435
25.30606,18.1127
25.38961,17.87411
25.47317,17.64726
25.55672,17.43108
25.64028,17.22452
25.72383,17.02677
25.80738,16.83701
25.89093,16.65454
25.97449,16.47873
26.05804,16.30905
26.14159,16.14497
26.22514,15.98604
26.3087,15.83181
26.39225,15.68195
26.55935,15.39393
26.72646,15.11949
26.89357,14.85658
27.06068,14.60341
27.22778,14.35847
27.39489,14.12036
27.56199,13.88791
27.7291,13.66
27.8962,13.43567
28.06331,13.21398
28.23042,12.9941
28.39753,12.77521
28.56463,12.55656
28.73174,12.33738
28.89884,12.11698
29.06595,11.89463
29.23305,11.66966
29.40016,11.44138
29.48372,11.32579
29.56727,11.20915
29.65083,11.09135
29.73438,10.97237
29.81793,10.8521
29.90148,10.73051
29.98504,10.60752
30.06859,10.48312
30.15214,10.35728
30.23569,10.23
30.31925,10.10126
30.4028,9.97116
30.48635,9.839758
30.5699,9.707188
30.65346,9.573629
30.73701,9.439383
30.82057,9.304786
30.90412,9.170368
30.98768,9.036757
31.07123,8.904856
31.15478,8.775794
31.19656,8.712773
31.23833,8.651075
31.28011,8.590933
31.32189,8.532663
31.36367,8.47661
31.40544,8.423185
31.44722,8.37282
31.48899,8.326065
31.53077,8.283505
31.57254,8.245863
31.61432,8.213934
31.6561,8.188671
31.69788,8.171171
31.73965,8.162713
31.78143,8.164788
31.8232,8.179145
31.86498,8.207849
31.90675,8.253312
31.94853,8.318429
31.99031,8.406606
32.03209,8.521915
32.07386,8.669197
32.11564,8.854398
32.15742,9.084597
32.17831,9.219206
32.1992,9.36845
32.22009,9.533719
32.24097,9.71646
32.26186,9.918562
32.28275,10.14185
32.30364,10.38845
32.32453,10.66074
32.34542,10.9614
32.36631,11.29341
32.3872,11.66014
32.40808,12.06519
32.42897,12.51324
32.44986,13.00898
32.47075,13.55793
32.49163,14.1661
32.51252,14.84128
32.53341,15.59145
32.5543,16.42612
32.57518,17.3558
32.59607,18.39408
32.61696,19.55534
32.63785,20.85684
32.65874,22.31884
32.66919,23.11771
32.67963,23.9652
32.69008,24.86659
32.70052,25.82417
32.71097,26.84416
32.72141,27.9294
32.73185,29.08606
32.74229,30.3199
32.75274,31.63853
32.76318,33.0464
32.77363,34.55388
32.78407,36.16654
32.79452,37.89688
32.80496,39.75196
32.8154,41.7449
32.82584,43.88853
32.83629,46.19945
32.84673,48.68922
32.85718,51.38056
32.86762,54.28843
32.87807,57.44106
32.88851,60.85798
32.89895,64.57095
32.90939,68.61274
32.91984,73.02506
32.93028,77.84205
32.94073,83.12179
32.95117,88.91023
32.96162,95.28317
32.97206,102.3032
32.98251,110.0709
32.99295,118.6728
32.99818,123.3348
33.0034,128.2445
33.00862,133.4288
33.01384,138.9075
33.01907,144.7135
33.02429,150.848
33.02951,157.3476
33.03473,164.2402
33.03996,171.5709
33.04518,179.3453
33.0504,187.614
33.05562,196.4174
33.06084,205.8003
33.06606,215.812
33.07128,226.5068
33.0765,237.9451
33.08173,250.218
33.08695,263.3528
33.09217,277.4547
33.09739,292.6157
33.10262,308.971
33.10784,326.5731
33.11306,345.5811
33.11828,366.1396
33.12351,388.4559
33.12873,412.6287
33.13395,438.9063
33.13917,467.5238
33.14439,498.7475
33.14961,532.8804
33.15483,570.267
33.16005,611.3006
33.16528,656.5206
33.1705,706.2685
33.17572,761.2141
33.18094,822.0303
33.18356,855.0055
33.18617,889.6233
33.18878,926.12
33.19139,964.6171
33.194,1005.244
33.19661,1048.14
33.19922,1093.452
33.20183,1141.336
33.20445,1192.16
33.20706,1245.711
33.20967,1302.366
33.21228,1362.321
33.21489,1425.782
33.2175,1492.965
33.22011,1564.093
33.22272,1639.397
33.22533,1719.113
33.22794,1803.478
33.23055,1892.728
33.23316,1987.095
33.23577,2086.798
33.23838,2192.038
33.24099,2302.988
33.2436,2419.783
33.24713,2587.184
33.25065,2764.905
33.25418,2953.653
33.2577,3151.66
33.26123,3358.841
33.26475,3572.203
33.2718,4008.897
33.27533,4224.737
33.27885,4431.777
33.28238,4625.61
33.2859,4799.2
33.28943,4947.57
33.29295,5064.391
33.29648,5145.763
33.3,5188.072
33.30353,5190.115
33.30705,5152.302
33.31058,5076.643
33.3141,4967.314
33.31763,4828.586
33.32115,4666.776
33.32468,4486.716
33.3282,4294.958
33.33525,3893.79
33.3423,3495.294
33.34583,3303.57
33.34935,3119.859
33.35288,2944.155
33.3564,2778.06
33.36047,2597.7
33.36453,2430.265
33.3686,2274.62
33.37266,2131.014
33.37673,1998.092
33.38079,1875.796
33.38485,1763.048
33.38891,1659.116
33.39298,1563.065
33.39704,1474.692
33.40111,1392.926
33.40517,1317.582
33.40924,1247.746
33.4133,1183.264
33.41736,1123.508
33.42142,1068.065
33.42549,1016.441
33.42955,968.5501
33.43362,923.8475
33.43768,882.2746
33.44175,843.3736
33.44581,807.1075
33.44987,773.1706
33.45393,741.3758
33.458,711.4819
33.46206,683.4812
33.46612,657.1576
33.47018,632.3837
33.47425,608.9872
33.47831,586.9771
33.48237,566.1975
33.48643,546.56
33.4905,527.9394
33.49456,510.353
33.49863,493.646
33.50269,477.8382
33.51082,448.535
33.51894,422.0683
33.52707,398.0278
33.5352,376.1533
33.54333,356.1923
33.55145,337.9492
33.55958,321.1917
33.56771,305.7809
33.57584,291.5753
33.58396,278.4669
33.59209,266.3156
33.60021,255.0565
33.60834,244.5782
33.61646,234.8326
33.62459,225.7303
33.63272,217.2252
33.64085,209.2655
33.64897,201.8136
33.6571,194.8095
33.66523,188.2255
33.67336,182.0279
33.68148,176.1933
33.68961,170.6802
33.69774,165.4711
33.70587,160.5436
33.71399,155.8827
33.72212,151.4586
33.73024,147.265
33.74649,139.4881
33.76275,132.4391
33.779,126.0351
33.79526,120.1907
33.81151,114.8468
33.82777,109.9404
33.84402,105.4288
33.86027,101.2668
33.87652,97.41796
33.89278,93.8484
33.90903,90.53471
33.92529,87.44839
33.94154,84.57172
33.9578,81.88215
33.97405,79.36615
33.9903,77.00704
34.00655,74.79148
34.02281,72.70628
34.03906,70.7433
34.05532,68.89052
34.07157,67.14154
34.08783,65.48638
34.10408,63.92001
34.12033,62.43496
34.13658,61.02542
34.15284,59.68527
34.16909,58.41133
34.2016,56.04154
34.23411,53.88498
34.26661,51.91602
34.29912,50.11125
34.33162,48.45285
34.36413,46.92357
34.39663,45.51039
34.42914,44.20032
34.46165,42.98329
34.49416,41.85013
34.52666,40.79309
34.55917,39.80444
34.59168,38.87827
34.62419,38.00903
34.65669,37.19206
34.6892,36.42247
34.72171,35.69659
34.75422,35.01092
34.78672,34.36249
34.81923,33.74806
34.85173,33.16545
34.88424,32.61198
34.91674,32.08587
34.94925,31.5849
34.98176,31.10749
35.01427,30.65204
35.04677,30.21723
35.11179,29.40367
35.1768,28.65765
35.24182,27.971
35.30683,27.33715
35.37184,26.7502
35.43685,26.20514
35.50187,25.69757
35.56688,25.22391
35.6319,24.78071
35.69691,24.36523
35.76193,23.97481
35.82694,23.60734
35.89196,23.26071
35.95697,22.93328
36.02199,22.62335
36.087,22.32963
36.15202,22.05076
36.21703,21.78568
36.28205,21.53329
36.34706,21.29274
36.41207,21.06315
36.47708,20.84375
36.5421,20.63383
36.60711,20.43281
36.67213,20.24005
36.73714,20.05508
36.86717,19.70649
36.99719,19.38362
37.12722,19.08351
37.25725,18.80368
37.38728,18.54199
37.5173,18.2966
37.64733,18.06585
37.77736,17.84838
37.90739,17.64294
38.03742,17.44845
38.16745,17.26396
38.29748,17.08861
38.42751,16.92165
38.55753,16.76242
38.68756,16.6103
38.81759,16.46474
38.94762,16.32527
39.07764,16.19146
39.20767,16.06288
39.3377,15.93918
39.46773,15.82005
39.59775,15.70517
39.85781,15.48711
40.11787,15.28307
40.37793,15.09144
40.63798,14.91083
40.89804,14.74006
41.15809,14.57812
41.41815,14.42411
41.6782,14.27728
41.93826,14.13696
42.19832,14.00254
42.45838,13.87352
42.71843,13.74944
42.97849,13.62986
43.23854,13.51445
43.4986,13.40284
43.75865,13.29477
44.01871,13.18994
44.27877,13.08813
44.79888,12.89266
45.31899,12.7068
45.8391,12.52923
46.35922,12.35884
46.87933,12.19465
47.39944,12.03582
47.91955,11.8816
48.43967,11.73131
48.95978,11.58434
49.47989,11.44014
50.0,11.29817
50.55974,11.14733
51.11947,10.99792
51.67921,10.84936
52.23894,10.7011
52.79868,10.55255
53.35841,10.40313
53.91815,10.25224
54.47788,10.09923
55.03762,9.943403
55.59735,9.784028
56.15709,9.62027
56.43696,9.536468
56.71682,9.451224
56.99669,9.364398
57.27656,9.275855
57.55643,9.185444
57.83629,9.09301
58.11616,8.998375
58.39602,8.901364
58.67589,8.801774
58.95575,8.699403
59.23562,8.59402
59.51549,8.48539
59.79536,8.373257
60.07522,8.257353
60.35509,8.137382
60.63496,8.013046
60.91483,7.88403
61.19469,7.750016
61.33463,7.681027
61.47456,7.610672
61.6145,7.538902
61.75443,7.465692
61.89437,7.390998
62.0343,7.314801
62.17423,7.23707
62.31416,7.157789
62.4541,7.076941
62.59403,6.994541
62.73397,6.910594
62.8739,6.825146
63.01384,6.738244
63.15377,6.649988
63.2937,6.560496
63.43363,6.469941
63.57357,6.378549
63.7135,6.286642
63.85344,6.194612
63.99337,6.103002
64.13331,6.012486
64.27324,5.923971
64.34321,5.880808
64.41317,5.838608
64.48314,5.797559
64.5531,5.757901
64.62307,5.71988
64.69304,5.683799
64.76301,5.649998
64.83297,5.61887
64.90294,5.59085
64.97291,5.566455
65.04288,5.546275
65.11284,5.530989
65.18281,5.521379
65.25278,5.518354
65.32275,5.522968
65.39271,5.536446
65.46268,5.560221
65.53264,5.595959
65.60261,5.645636
65.67257,5.711551
65.74254,5.796459
65.81251,5.903598
65.88248,6.036838
65.95244,6.200787
66.02241,6.401064
66.09238,6.644389
66.12737,6.784712
66.16235,6.938961
66.19733,7.10849
66.23231,7.294756
66.2673,7.49944
66.30228,7.724231
66.33727,7.971271
66.37225,8.242671
66.40724,8.541108
66.44222,8.869243
66.4772,9.230343
66.51218,9.628
66.54717,10.06641
66.58215,10.54992
66.61713,11.08388
66.65211,11.67427
66.6871,12.3281
66.72208,13.05281
66.75706,13.85759
66.79204,14.75282
66.82703,15.75087
66.86201,16.86516
66.87951,17.47137
66.897,18.11273
66.91449,18.79207
66.93198,19.51209
66.94948,20.2762
66.96697,21.08672
66.98446,21.94757
67.00195,22.86256
67.01944,23.83586
67.03693,24.87203
67.05442,25.97606
67.07191,27.15344
67.08941,28.41094
67.1069,29.75377
67.12439,31.18994
67.14188,32.72756
67.15937,34.37558
67.17686,36.14394
67.19435,38.04369
67.21184,40.08714
67.22934,42.28931
67.24683,44.66307
67.26432,47.22685
67.28181,49.99999
67.2993,53.00433
67.31679,56.26448
67.33428,59.80838
67.35177,63.66773
67.36927,67.88119
67.38676,72.4853
67.40425,77.52974
67.42174,83.0691
67.43924,89.17006
67.45673,95.89881
67.47422,103.3438
67.48297,107.3678
67.49171,111.6047
67.50046,116.0794
67.50921,120.8039
67.51796,125.7961
67.5267,131.0693
67.53545,136.6569
67.54419,142.5696
67.55294,148.8463
67.56168,155.5004
67.57043,162.578
67.57917,170.0963
67.58792,178.1097
67.59666,186.6404
67.60541,195.753
67.61415,205.4764
67.6229,215.8879
67.63164,227.0248
67.64039,238.9805
67.64914,251.8184
67.65789,265.6232
67.66663,280.4716
67.67538,296.5035
67.68412,313.8009
67.69287,332.5369
67.70161,352.8192
67.71036,374.8644
67.7191,398.8148
67.72785,424.9441
67.73659,453.4412
67.74534,484.6552
67.75408,518.8389
67.76283,556.4421
67.77157,597.8047
67.78032,643.5116
67.78907,694.0831
67.79345,721.425
67.79782,750.171
67.80219,780.4788
67.80656,812.4528
67.81094,846.2844
67.81531,881.9396
67.81968,919.6229
67.82405,959.4733
67.82843,1001.739
67.8328,1046.387
67.83717,1093.683
67.84154,1143.81
67.84592,1197.088
67.85029,1253.484
67.85466,1313.337
67.85903,1376.883
67.86341,1444.529
67.86778,1516.228
67.87215,1592.401
67.87652,1673.333
67.8809,1759.516
67.88527,1850.853
67.88964,1947.831
67.89401,2050.739
67.89839,2160.111
67.90276,2275.703
67.90713,2397.975
67.9115,2527.095
67.91704,2700.776
67.92257,2885.259
67.9281,3080.514
67.93363,3285.794
67.94469,3720.697
67.95575,4171.524
67.96129,4394.079
67.96682,4607.488
67.97235,4806.391
67.97788,4984.643
67.98341,5136.109
67.98894,5255.135
67.99447,5337.057
68.0,5378.655
68.00554,5378.457
68.01107,5336.956
68.0166,5256.538
68.02213,5141.126
68.02766,4995.802
68.03319,4826.319
68.03872,4638.624
68.04425,4438.455
68.05532,4020.525
68.06638,3606.355
68.07191,3407.529
68.07744,3216.556
68.08297,3034.494
68.0885,2861.961
68.0924,2746.171
68.0963,2635.275
68.1002,2529.235
68.10409,2428.224
68.10799,2331.611
68.11188,2239.758
68.11578,2152.038
68.11967,2068.739
68.12357,1989.26
68.12746,1913.833
68.13136,1841.893
68.13525,1773.635
68.13915,1708.534
68.14304,1646.757
68.15083,1531.878
68.15863,1427.64
68.16642,1333.184
68.17421,1247.352
68.182,1169.231
68.18979,1098.005
68.19758,1032.951
68.20537,973.4229
68.21316,918.8523
68.22096,868.6719
68.22875,822.5624
68.23654,780.0602
68.24433,740.8138
68.25212,704.5106
68.25991,670.8732
68.2677,639.6542
68.27549,610.6334
68.28328,583.6138
68.29107,558.4195
68.29886,534.8926
68.30665,512.8915
68.31444,492.2891
68.32223,472.9706
68.33002,454.8327
68.33781,437.782
68.34561,421.7139
68.3534,406.593
68.36119,392.3284
68.36898,378.8569
68.37677,366.1208
68.38456,354.0678
68.39235,342.6496
68.40014,331.8226
68.41573,311.772
68.43131,293.658
68.44689,277.2274
68.46247,262.2764
68.47806,248.6227
68.49364,236.1345
68.50922,224.6741
68.5248,214.1305
68.54038,204.407
68.55596,195.4194
68.57154,187.0942
68.58712,179.3668
68.60271,172.1757
68.61829,165.4799
68.63387,159.2301
68.64945,153.3867
68.66504,147.9111
68.68062,142.7787
68.6962,137.9578
68.71178,133.423
68.72737,129.1489
68.74295,125.1204
68.75853,121.3162
68.77411,117.7194
68.78969,114.3149
68.80527,111.0886
68.82085,108.0282
68.83643,105.1219
68.8676,99.72931
68.89876,94.84028
68.92993,90.38933
68.96109,86.32646
68.99226,82.604
69.02342,79.18577
69.05458,76.0373
69.08574,73.12989
69.11691,70.43775
69.14807,67.94086
69.17924,65.61857
69.2104,63.45564
69.24157,61.43593
69.27273,59.54769
69.30389,57.77868
69.33505,56.11861
69.36622,54.5578
69.39738,53.08904
69.42855,51.704
69.45971,50.39693
69.49088,49.16103
69.52204,47.99168
69.5532,46.88357
69.58436,45.83229
69.61553,44.83348
69.64669,43.8841
69.67786,42.9802
69.70902,42.11929
69.77135,40.51431
69.83367,39.04959
69.896,37.7079
69.95832,36.4754
70.02065,35.33949
70.08297,34.29003
70.1453,33.31759
70.20763,32.41447
70.26996,31.57379
70.33228,30.78965
70.39461,30.05649
70.45694,29.36979
70.51927,28.7254
70.58159,28.11975
70.64392,27.54938
70.70625,27.01147
70.76858,26.5034
70.8309,26.0229
70.89323,25.5677
70.95556,25.13598
71.01789,24.726
71.08021,24.33626
71.14254,23.96522
71.20487,23.61164
71.2672,23.27434
71.32952,22.95229
71.45418,22.34983
71.57883,21.79738
71.70349,21.28895
71.82814,20.8196
71.95279,20.38499
72.07744,19.98141
72.2021,19.60563
72.32675,19.25491
72.45141,18.92679
72.57606,18.61916
72.70072,18.3301
72.82537,18.05801
72.95003,17.80137
73.07468,17.5589
73.19934,17.32941
73.32399,17.11189
73.44865,16.90537
73.5733,16.70903
73.69796,16.52208
73.82261,16.34388
73.94726,16.17377
74.07191,16.01119
74.19657,15.85562
74.32122,15.70661
74.44588,15.5637
74.57053,15.42653
74.81984,15.16794
75.06915,14.92828
75.31846,14.70538
75.56777,14.49739
75.81708,14.30271
76.06638,14.11997
76.31569,13.94795
76.565,13.78562
76.81431,13.63206
77.06362,13.48647
77.31293,13.34813
77.56224,13.2164
77.81155,13.09073
78.06085,12.97061
78.31016,12.85559
78.55947,12.74526
78.80878,12.63926
79.05809,12.53727
79.3074,12.43897
79.55671,12.3441
80.05532,12.16368
80.55394,11.99427
81.05256,11.8344
81.55118,11.68285
82.04979,11.53855
82.54841,11.40059
83.04702,11.26817
83.54564,11.1406
84.04425,11.01727
84.54287,10.89762
85.04149,10.78118
85.54011,10.66749
86.03872,10.55617
86.53734,10.44682
87.03596,10.33913
87.53458,10.23275
88.03319,10.1274
88.53181,10.02278
89.03043,9.918611
89.52905,9.814627
90.02766,9.710563
90.52628,9.606153
91.0249,9.501133
91.52352,9.395236
92.02213,9.288191
92.52075,9.179712
93.01937,9.069507
93.51799,8.957267
94.0166,8.842668
94.51522,8.725358
95.01384,8.604964
95.51246,8.481081
96.01107,8.35327
96.50969,8.221044
97.00831,8.083874
97.50693,7.941169
98.00554,7.792277
98.50416,7.63646
98.75347,7.555701
99.00277,7.472899
99.25208,7.387928
99.50139,7.300662
99.7507,7.210969
100.0,7.118707
100.3031,7.00285
100.6061,6.88271
100.9092,6.757891
101.2122,6.628133
101.5153,6.492982
101.8183,6.352132
102.1213,6.205118
102.4243,6.051492
102.5759,5.972
102.7274,5.89073
102.8789,5.807568
103.0304,5.722453
103.1819,5.635324
103.3334,5.54612
103.4849,5.454784
103.6364,5.361259
103.788,5.265431
103.9395,5.16738
104.091,5.067009
104.2425,4.964291
104.394,4.859216
104.5455,4.751795
104.697,4.642063
104.8485,4.530088
105.0001,4.415908
105.1516,4.299843
105.3031,4.182059
105.4546,4.062892
105.6062,3.942722
105.7577,3.822325
105.9092,3.702449
105.985,3.642999
106.0607,3.584195
106.1365,3.526077
106.2123,3.468949
106.2881,3.413071
106.3638,3.358811
106.4396,3.306374
106.5153,3.256295
106.5911,3.208905
106.6668,3.164866
106.7426,3.124683
106.8183,3.089187
106.8941,3.059128
106.9698,3.035572
107.0456,3.019613
107.1213,3.01265
107.1971,3.016264
107.2728,3.032333
107.3486,3.063142
107.4244,3.111351
107.5002,3.180152
107.5381,3.223443
107.5759,3.273236
107.6138,3.330397
107.6517,3.395467
107.6896,3.469177
107.7274,3.552104
107.7653,3.645578
107.8032,3.75038
107.8411,3.867606
107.8789,3.998111
107.9168,4.143935
107.9547,4.306262
107.9926,4.486775
108.0304,4.686803
108.0683,4.909513
108.1062,5.156775
108.1441,5.43126
108.1819,5.735138
108.2198,6.073418
108.2577,6.449203
108.2956,6.866889
108.3334,7.330196
108.3713,7.847293
108.4092,8.423594
108.4282,8.737114
108.4471,9.066662
108.466,9.414965
108.4849,9.783231
108.5039,10.17488
108.5228,10.58719
108.5418,11.02607
108.5607,11.48853
108.5797,11.98127
108.5986,12.50101
108.6176,13.05537
108.6365,13.64077
108.6555,14.26589
108.6744,14.92684
108.6934,15.63354
108.7123,16.38175
108.7313,17.18289
108.7502,18.03233
108.7691,18.93833
108.788,19.90543
108.807,20.9443
108.8259,22.04954
108.8449,23.239
108.8638,24.50689
108.8828,25.87416
108.9017,27.33468
108.9206,28.90454
108.9395,30.59391
108.9585,32.42416
108.9774,34.38874
108.9964,36.52282
109.0153,38.81994
109.0343,41.32259
109.0532,44.02476
109.0721,46.96203
109.091,50.1604
109.11,53.66874
109.1289,57.48403
109.1479,61.68577
109.1668,66.27436
109.1858,71.35018
109.2047,76.91937
109.2236,83.07627
109.2331,86.41776
109.2425,89.90124
109.252,93.61313
109.2615,97.53078
109.271,101.6688
109.2804,105.9958
109.2899,110.621
109.2994,115.5185
109.3089,120.7089
109.3183,126.1551
109.3278,131.9973
109.3373,138.2063
109.3468,144.8119
109.3562,151.7702
109.3657,159.2648
109.3751,167.1767
109.3846,175.7176
109.394,184.7548
109.4035,194.5339
109.413,205.0213
109.4225,216.2832
109.4319,228.2612
109.4414,241.2917
109.4509,255.3439
109.4604,270.5208
109.4698,286.7585
109.4793,304.5316
109.4888,323.8207
109.4983,344.7916
109.5077,367.3809
109.5172,392.2798
109.5266,419.1998
109.5361,448.9856
109.5455,481.3155
109.555,517.2302
109.5645,556.8086
109.574,600.5157
109.5834,648.3481
109.5882,674.72
109.5929,701.9261
109.5977,731.2148
109.6024,761.4601
109.6072,794.0526
109.6119,827.7413
109.6166,863.2995
109.6213,900.8463
109.6261,941.3757
109.6308,983.3352
109.6356,1028.658
109.6403,1075.606
109.6451,1126.341
109.6498,1178.914
109.6545,1234.519
109.6592,1293.331
109.664,1356.886
109.6687,1422.716
109.6734,1492.285
109.6781,1565.764
109.6829,1645.009
109.6876,1726.87
109.6923,1813.079
109.697,1903.732
109.7035,2036.527
109.7099,2175.678
109.7164,2325.277
109.7228,2480.161
109.7357,2810.888
109.7485,3151.231
109.755,3321.706
109.7614,3483.111
109.7679,3636.092
109.7743,3771.352
109.7808,3888.437
109.7872,3979.515
109.7936,4043.101
109.8,4076.794
109.8065,4079.28
109.813,4050.111
109.8195,3991.04
109.826,3905.05
109.8325,3796.024
109.839,3668.371
109.8455,3526.655
109.852,3375.28
109.865,3059.078
109.878,2745.126
109.8845,2594.356
109.891,2449.521
109.8975,2311.433
109.904,2180.564
109.9106,2055.283
109.9171,1939.395
109.9237,1829.188
109.9302,1727.754
109.9368,1631.65
109.9433,1543.429
109.9499,1459.988
109.9564,1383.468
109.963,1311.121
109.9695,1244.769
109.9761,1182.005
109.9826,1124.393
109.9892,1069.837
109.9957,1019.694
110.0023,972.1421
110.0088,928.3668
110.0154,886.7824
110.0219,848.4331
110.0285,811.9365
110.035,778.2164
110.0416,746.0648
110.0481,716.3026
110.0547,687.8709
110.0612,661.5023
110.0678,636.265
110.0743,612.8153
110.0809,590.3303
110.0874,569.4001
110.094,549.2949
110.1005,530.547
110.1071,512.5071
110.1136,495.6564
110.1267,464.2198
110.1398,435.8049
110.1529,410.0427
110.166,386.6174
110.1791,365.2576
110.1922,345.7294
110.2053,327.8303
110.2184,311.3846
110.2315,296.2395
110.2446,282.2611
110.2577,269.3325
110.2708,257.3507
110.2839,246.2249
110.297,235.875
110.3101,226.2299
110.3232,217.2264
110.3363,208.8082
110.3494,200.925
110.3625,193.5319
110.3756,186.5885
110.3887,180.0584
110.4018,173.9091
110.4149,168.1108
110.428,162.637
110.4411,157.4633
110.4542,152.5678
110.4673,147.9305
110.4804,143.5331
110.4935,139.359
110.5066,135.3929
110.5328,128.0303
110.559,121.3469
110.5852,115.2595
110.6114,109.6974
110.6376,104.6002
110.6638,99.91591
110.69,95.59965
110.7162,91.61262
110.7424,87.92102
110.7686,84.49532
110.7948,81.30964
110.821,78.3412
110.8472,75.5699
110.8734,72.97795
110.8996,70.54954
110.9258,68.27057
110.952,66.12849
110.9782,64.11203
111.0044,62.21108
111.0306,60.41655
111.0568,58.72023
111.083,57.11471
111.1092,55.59327
111.1354,54.14981
111.1616,52.7788
111.214,50.23433
111.2664,47.92447
111.3188,45.81955
111.3712,43.89451
111.4236,42.12809
111.476,40.50213
111.5284,39.00106
111.5808,37.61144
111.6332,36.32162
111.6856,35.12148
111.738,34.00217
111.7904,32.95592
111.8428,31.97592
111.8952,31.05612
111.9476,30.19118
112.0,29.37634
112.0524,28.60738
112.1048,27.88051
112.1572,27.19232
112.2096,26.53978
112.262,25.92014
112.3144,25.33093
112.3668,24.76989
112.4192,24.235
112.524,23.23647
112.6288,22.32249
112.7336,21.48237
112.8384,20.70719
112.9432,19.98948
113.048,19.32295
113.1528,18.70234
113.2575,18.12379
113.3623,17.58258
113.4671,17.07634
113.5719,16.60276
113.6767,16.16017
113.7815,15.74747
113.8863,15.36423
113.9911,15.01067
114.0959,14.68785
114.1483,14.53853
114.2007,14.3977
114.2531,14.26578
114.3055,14.14329
114.3579,14.03083
114.4103,13.92912
114.4627,13.83899
114.5151,13.76145
114.5675,13.69766
114.6199,13.64896
114.6723,13.61695
114.7247,13.60346
114.7771,13.61067
114.8295,13.64111
114.8819,13.69773
114.9343,13.78404
114.9867,13.90414
115.0391,14.0629
115.0915,14.26609
115.1439,14.5206
115.1963,14.83464
115.2487,15.21812
115.3011,15.68301
115.3273,15.95041
115.3535,16.24385
115.3797,16.56566
115.4059,16.91844
115.4321,17.30505
115.4583,17.72869
115.4845,18.19295
115.5107,18.70182
115.5369,19.25978
115.5631,19.87185
115.5893,20.5437
115.6155,21.28172
115.6417,22.09314
115.6679,22.98616
115.6941,23.97011
115.7203,25.05563
115.7465,26.25493
115.7727,27.58198
115.7989,29.05292
115.8251,30.68641
115.8513,32.5041
115.8775,34.53125
115.9037,36.79742
115.9299,39.33739
115.943,40.72261
115.9561,42.19226
115.9692,43.75271
115.9823,45.41089
115.9954,47.17441
116.0085,49.05161
116.0216,51.05163
116.0347,53.18455
116.0478,55.46143
116.0609,57.89451
116.074,60.4973
116.0871,63.28475
116.1002,66.27346
116.1133,69.48188
116.1264,72.93055
116.1395,76.6424
116.1526,80.64309
116.1657,84.96138
116.1788,89.62959
116.1919,94.68415
116.205,100.1662
116.2181,106.1223
116.2312,112.6054
116.2443,119.6759
116.2574,127.4025
116.2705,135.8643
116.2836,145.1521
116.2967,155.3707
116.3098,166.6416
116.3229,179.1059
116.336,192.9285
116.3426,200.4669
116.3491,208.3024
116.3557,216.7061
116.3622,225.4551
116.3688,234.8539
116.3753,244.6553
116.3819,255.203
116.3884,266.2223
116.395,278.1025
116.4015,290.5372
116.4081,303.9695
116.4146,318.057
116.4212,333.3058
116.4277,349.3322
116.4343,366.7176
116.4408,385.0302
116.4474,404.941
116.4539,425.9629
116.4605,448.8744
116.467,473.124
116.4736,499.6196
116.4801,527.7343
116.4867,558.5331
116.4932,591.3005
116.4998,627.2921
116.5063,665.6874
116.5129,707.9746
116.5194,753.2073
116.526,803.1575
116.5325,856.7257
116.5391,916.029
116.5456,979.7786
116.5522,1050.507
116.5587,1126.685
116.5653,1211.338
116.5718,1302.619
116.5784,1404.115
116.5849,1513.546
116.5915,1635.1
116.598,1765.876
116.6045,1908.335
116.611,2063.038
116.6166,2206.398
116.6222,2359.099
116.6278,2520.878
116.6333,2688.014
116.6389,2865.546
116.6444,3045.606
116.6555,3416.944
116.6611,3601.895
116.6667,3779.766
116.6723,3945.71
116.6778,4092.074
116.6834,4219.085
116.6889,4317.61
116.6945,4387.338
116.7,4423.137
116.7056,4425.076
116.7112,4392.563
116.7168,4327.536
116.7223,4235.185
116.7279,4116.342
116.7334,3979.884
116.739,3825.764
116.7445,3664.118
116.7557,3320.275
116.7668,2981.775
116.7724,2817.696
116.7779,2662.829
116.7835,2512.429
116.789,2372.376
116.7953,2221.563
116.8015,2083.165
116.8077,1954.479
116.8139,1835.115
116.8202,1722.873
116.8264,1620.765
116.8326,1526.372
116.8388,1439.128
116.8451,1357.232
116.8513,1282.748
116.8575,1213.829
116.8637,1150.013
116.87,1089.951
116.8762,1035.152
116.8824,984.2645
116.8886,936.958
116.8949,892.2468
116.9011,851.2729
116.9073,813.0521
116.9135,777.3581
116.9198,743.4652
116.926,712.2601
116.9322,683.0172
116.9384,655.5823
116.9447,629.4125
116.9509,605.2094
116.9571,582.4283
116.9633,560.9632
116.9696,540.4003
116.9758,521.303
116.982,503.2547
116.9882,486.1813
116.9945,469.7616
117.0007,454.4539
117.0069,439.9334
117.0131,426.1478
117.0256,400.3964
117.038,377.2673
117.0505,356.0911
117.0629,336.9561
117.0754,319.3358
117.0878,303.3268
117.1003,288.5085
117.1127,274.9786
117.1252,262.3962
117.1376,250.8564
117.1501,240.0789
117.1625,230.1542
117.175,220.8492
117.1874,212.2487
117.1999,204.1567
117.2123,196.6521
117.2248,189.5683
117.2372,182.9783
117.2497,176.7393
117.2621,170.9187
117.2746,165.393
117.287,160.2243
117.2995,155.3052
117.3119,150.6926
117.3244,146.2924
117.3368,142.1573
117.3493,138.2039
117.3617,134.4809
117.3866,127.5492
117.4115,121.2662
117.4364,115.5512
117.4613,110.3358
117.4862,105.5615
117.5111,101.1784
117.536,97.14342
117.5609,93.41932
117.5858,89.97381
117.6107,86.77872
117.6356,83.80939
117.6605,81.04419
117.6854,78.46403
117.7103,76.05205
117.7352,73.79329
117.7601,71.67444
117.785,69.68364
117.8099,67.81027
117.8348,66.04481
117.8597,64.37871
117.8846,62.80426
117.9095,61.31451
117.9344,59.90314
117.9593,58.56445
117.9842,57.29325
118.0091,56.0848
118.034,54.93481
118.0838,52.79476
118.1336,50.84539
118.1834,49.06334
118.2332,47.4288
118.283,45.9249
118.3328,44.53713
118.3825,43.2555
118.4323,42.06407
118.4821,40.9561
118.5319,39.92339
118.5817,38.95876
118.6315,38.05585
118.6813,37.2091
118.7311,36.41353
118.7809,35.66476
118.8307,34.95886
118.8805,34.29232
118.9303,33.662
118.9801,33.06507
119.0299,32.499
119.0797,31.96147
119.1295,31.45041
119.1792,30.96489
119.229,30.50123
119.2788,30.05888
119.3286,29.63641
119.3784,29.23251
119.478,28.47577
119.5776,27.78021
119.6772,27.13869
119.7768,26.54513
119.8764,25.9943
119.9759,25.48221
120.0755,25.00394
120.1751,24.55662
120.2747,24.1373
120.3743,23.74338
120.4739,23.37258
120.5735,23.02286
120.6731,22.69244
120.7727,22.37971
120.8723,22.08326
120.9719,21.8018
121.0715,21.53418
121.1711,21.27937
121.2707,21.03644
121.3703,20.80454
121.4699,20.58291
121.5694,20.37106
121.669,20.16793
121.7686,19.97316
121.9678,19.60661
122.167,19.26766
122.3661,18.95332
122.5653,18.66057
122.7645,18.38727
122.9637,18.13142
123.1628,17.89142
123.362,17.66552
123.5612,17.45254
123.7604,17.25131
123.9596,17.06082
124.1588,16.88017
124.358,16.70855
124.5572,16.54524
124.7563,16.38968
124.9555,16.24113
125.1547,16.09917
125.3539,15.9633
125.553,15.83319
125.7522,15.70831
125.9514,15.58837
126.1506,15.47306
126.3497,15.36214
126.7481,15.15213
127.1464,14.95656
127.5448,14.77371
127.9431,14.60231
128.3415,14.44109
128.7398,14.2891
129.1382,14.14538
129.5365,14.00921
129.9349,13.87986
130.3333,13.75673
130.7317,13.63931
131.13,13.52713
131.5284,13.41971
131.9267,13.31672
132.3251,13.21777
132.7234,13.1226
133.1218,13.03086
133.5202,12.94234
133.9186,12.85679
134.3169,12.77402
134.7153,12.6938
135.1136,12.61597
135.9103,12.46679
136.7071,12.32527
137.5038,12.19041
138.3005,12.0613
139.0972,11.93712
139.8939,11.81718
140.6906,11.70082
141.4873,11.58745
142.284,11.47651
143.0808,11.36746
143.8775,11.25984
144.6742,11.15312
145.4709,11.04684
146.2677,10.94047
147.0644,10.83354
147.8611,10.72551
148.6578,10.61581
149.4546,10.50381
150.2513,10.38888
150.6497,10.33008
151.048,10.27027
151.4464,10.20931
151.8447,10.14712
152.2431,10.08354
152.6414,10.01847
153.0398,9.951742
153.4381,9.883226
153.8365,9.81272
154.2348,9.740077
154.6332,9.665059
155.0315,9.587487
155.4299,9.507082
155.8283,9.423601
156.2267,9.336754
156.625,9.246246
157.0234,9.151679
157.4217,9.052712
157.8201,8.948864
158.0193,8.894972
158.2184,8.839711
158.4176,8.782957
158.6168,8.724668
158.816,8.664768
159.0152,8.603178
159.2144,8.539817
159.4136,8.474597
159.6128,8.407428
159.8119,8.338251
160.0111,8.266899
160.2103,8.193305
160.4095,8.117363
160.6086,8.039008
160.8078,7.958052
161.007,7.874425
161.2062,7.788021
161.4053,7.698783
161.6045,7.606527
161.8037,7.511217
162.0029,7.412788
162.2021,7.311208
162.4013,7.206481
162.6005,7.098669
162.7001,7.043647
162.7997,6.987913
162.8993,6.931503
162.9988,6.874519
163.0984,6.8169
163.198,6.758772
163.2976,6.700218
163.3972,6.641338
163.4968,6.582254
163.5964,6.523115
163.696,6.464096
163.7955,6.405469
163.8951,6.347368
163.9947,6.290158
164.0943,6.234201
164.1939,6.179933
164.2935,6.127874
164.3931,6.078649
164.4927,6.033008
164.5922,5.991893
164.6918,5.956308
164.7914,5.927614
164.891,5.907408
164.9906,5.897636
165.0902,5.900675
165.1898,5.919444
165.2396,5.935823
165.2894,5.957548
165.3392,5.985207
165.3889,6.019379
165.4387,6.060935
165.4885,6.110636
165.5383,6.169404
165.5881,6.238277
165.6379,6.318427
165.6877,6.411172
165.7375,6.51801
165.7873,6.640635
165.8371,6.780976
165.8869,6.941229
165.9367,7.123906
165.9865,7.331883
166.0363,7.568467
166.0861,7.837469
166.1359,8.143297
166.1856,8.490322
166.2354,8.885888
166.2852,9.336305
166.335,9.849749
166.3848,10.43586
166.4097,10.75966
166.4346,11.10606
166.4595,11.47685
166.4844,11.87395
166.5093,12.29949
166.5342,12.75579
166.5591,13.24541
166.584,13.77117
166.6089,14.33617
166.6338,14.94381
166.6587,15.5979
166.6836,16.30261
166.7085,17.06261
166.7334,17.88305
166.7583,18.7697
166.7832,19.72899
166.8081,20.76811
166.833,21.89513
166.8579,23.11912
166.8828,24.45029
166.9077,25.90019
166.9326,27.48187
166.9575,29.21019
166.9823,31.09411
167.0072,33.16807
167.0321,35.44696
167.057,37.95624
167.0819,40.72531
167.1068,43.78822
167.1317,47.1846
167.1442,49.02958
167.1566,50.96072
167.1691,53.01625
167.1815,55.17089
167.194,57.46775
167.2064,59.8791
167.2189,62.45374
167.2313,65.16117
167.2438,68.05689
167.2562,71.10736
167.2687,74.37595
167.2811,77.82575
167.2936,81.52947
167.306,85.44647
167.3185,89.66066
167.3309,94.12724
167.3434,98.9436
167.3558,104.0604
167.3683,109.5914
167.3807,115.4822
167.3932,121.8666
167.4056,128.6851
167.4181,136.0957
167.4305,144.0335
167.443,152.6872
167.4554,161.9859
167.4679,172.157
167.4803,183.124
167.4928,195.1629
167.5052,208.1923
167.5177,222.5506
167.5301,238.1529
167.5426,255.4186
167.555,274.2619
167.5675,295.2079
167.5799,318.1741
167.5862,330.7686
167.5924,343.8259
167.5986,357.5845
167.6048,372.091
167.6111,387.6495
167.6173,403.8213
167.6235,420.9053
167.6297,438.9647
167.636,458.3846
167.6422,478.6229
167.6484,500.0586
167.6546,522.7769
167.6609,547.2702
167.6671,572.8613
167.6733,600.0341
167.6795,628.9032
167.6858,660.1018
167.692,692.7729
167.6982,727.537
167.7044,764.5441
167.7107,804.6089
167.7169,846.6299
167.7231,891.3994
167.7293,939.1016
167.7356,990.773
167.7418,1044.97
167.748,1102.685
167.7542,1164.109
167.7604,1229.43
167.7666,1298.819
167.7728,1372.429
167.779,1450.375
167.7866,1551.943
167.7942,1660.141
167.8018,1774.791
167.8093,1893.845
167.8169,2019.755
167.8244,2148.132
167.8395,2412.529
167.8471,2544.107
167.8547,2670.859
167.8623,2789.404
167.8698,2894.818
167.8774,2986.331
167.8849,3058.278
167.8925,3109.818
167.9,3137.691
167.9077,3141.613
167.9153,3121.153
167.9229,3077.817
167.9305,3013.834
167.9382,2930.946
167.9458,2834.668
167.9534,2727.491
167.961,2612.758
167.9763,2370.847
167.9915,2131.571
167.9992,2014.968
168.0068,1904.323
168.0144,1798.727
168.022,1698.555
168.0279,1624.646
168.0337,1555.296
168.0396,1488.086
168.0454,1425.233
168.0513,1364.484
168.0571,1307.795
168.063,1253.095
168.0688,1202.114
168.0747,1152.963
168.0805,1107.181
168.0864,1063.055
168.0922,1021.955
168.0981,982.3379
168.1039,945.426
168.1098,909.8292
168.1156,876.6446
168.1215,844.6208
168.1273,814.7442
168.1332,785.8886
168.139,758.9438
168.1449,732.8953
168.1507,708.5477
168.1624,662.9397
168.1741,621.5775
168.1858,583.9841
168.1975,549.7414
168.2092,518.4826
168.2209,489.8861
168.2326,463.6696
168.2443,439.585
168.256,417.4143
168.2677,396.9651
168.2794,378.0678
168.2911,360.5722
168.3028,344.3454
168.3145,329.2692
168.3262,315.2388
168.3379,302.1604
168.3496,289.9504
168.3613,278.5341
168.373,267.8444
168.3847,257.8209
168.3964,248.4095
168.4081,239.5613
168.4198,231.232
168.4315,223.3818
168.4432,215.9743
168.4549,208.9767
168.4666,202.359
168.4783,196.0939
168.49,190.1567
168.5017,184.5245
168.5134,179.1766
168.5368,169.2588
168.5602,160.2687
168.5836,152.0924
168.607,144.6329
168.6304,137.8073
168.6538,131.5443
168.6772,125.7824
168.7006,120.4683
168.724,115.5558
168.7474,111.0043
168.7707,106.7959
168.7941,102.8632
168.8175,99.19756
168.8409,95.77458
168.8643,92.57267
168.8877,89.57257
168.9111,86.75714
168.9345,84.11101
168.9579,81.6204
168.9813,79.27293
169.0047,77.05744
169.0281,74.96384
169.0515,72.98303
169.0749,71.10671
169.0983,69.32738
169.1217,67.6382
169.145,66.03961
169.1684,64.51221
169.1918,63.05781
169.2386,60.34929
169.2854,57.88027
169.3322,55.62211
169.379,53.55039
169.4258,51.64421
169.4726,49.88555
169.5193,48.26218
169.5661,46.75364
169.6129,45.35173
169.6597,44.0461
169.7065,42.82767
169.7533,41.68842
169.8001,40.62124
169.8469,39.61984
169.8936,38.68056
169.9404,37.79437
169.9872,36.95885
170.034,36.16999
170.0808,35.42415
170.1276,34.71806
170.1744,34.04877
170.2212,33.4136
170.2679,32.81136
170.3147,32.23727
170.3615,31.69064
170.4083,31.16961
170.4551,30.67251
170.5487,29.74402
170.6422,28.8951
170.7358,28.11469
170.8294,27.39584
170.923,26.73177
171.0165,26.11729
171.1101,25.54602
171.2037,25.01424
171.2973,24.51812
171.3909,24.05428
171.4845,23.61975
171.5781,23.21192
171.6717,22.82845
171.7652,22.46764
171.8588,22.1269
171.9524,21.80495
172.046,21.50032
172.1395,21.21198
172.2331,20.93811
172.3267,20.67793
172.4203,20.43047
172.5138,20.19507
172.6074,19.97042
172.701,19.75604
172.7946,19.55123
172.8881,19.3556
172.9817,19.16816
173.0753,18.98858
173.2624,18.65134
173.4496,18.34011
173.6367,18.05231
173.8239,17.78513
174.011,17.5367
174.1982,17.30486
174.3854,17.08813
174.5726,16.88508
174.7597,16.69454
174.9469,16.5152
175.134,16.34628
175.3212,16.18671
175.5083,16.0359
175.6955,15.89297
175.8826,15.75748
176.0698,15.6287
176.2569,15.50627
176.4441,15.38961
176.6312,15.27841
176.8184,15.1722
177.0055,15.07074
177.1927,14.9736
177.3798,14.88062
177.567,14.79142
177.7541,14.70587
178.1284,14.54464
178.5027,14.39538
178.877,14.25676
179.2513,14.12764
179.6256,14.00704
179.9999,13.89409
180.0001,71.22728
200.0,68.97567
250.0,64.37518
300.0,60.78859
350.0,57.87825
400.0,55.44784
500.0,51.5737
600.0,48.58084
720.0,45.74089
850.0,43.28597
1000.0,41.00029
1250.0,38.0469
1500.0,35.78748
1700.0,34.3137
2000.0,32.49087
2500.0,30.14882
3000.0,28.36705
3500.0,26.94868
4000.0,25.78254
5000.0,23.95716
6000.0,22.57433
7200.0,21.2834
8500.0,20.18357
10000.0,19.17239
12500.0,17.88299
15000.0,16.90827
17000.0,16.27709
20000.0,15.50035
20000.01,15.50035
25000.0,14.50608
30000.0,13.7493
35000.0,13.14426
40000.0,12.64333
50000.0,11.85244
50272.81,11.83086
50299.99,11.82871
50300.01,11.81664
60000.0,10.71098
70000.0,9.90669
80000.0,9.275479
90000.0,8.765607
100000.0,8.343982
128798.0,7.674381
128798.3,7.674369
150000.0,6.795658
191596.0,6.075546
191596.6,6.075533
200000.0,5.890117
216073.0,5.755397
216073.5,5.755392
250000.0,5.436338
300000.0,5.158575
316830.0,5.120454
316830.5,5.120452
400000.0,4.759299
466803.0,4.695446
466803.1,4.695446
495000.0,4.613646
495000.4,4.613645
500000.0,4.599028
520257.6,4.611827
520258.0,4.611827
585301.0,4.519412
585301.1,4.519412
600000.0,4.459618
608670.0,4.462586
608670.5,4.462586
635825.6,4.464502
635826.0,4.464502
660503.9,4.442924
660504.0,4.442924
700000.0,4.396584
754142.0,4.422345
754142.4,4.422345
774461.0,4.417861
798001.0,4.395415
798001.5,4.395414
800000.0,4.391922
814554.0,4.405108
814554.4,4.405108
864897.6,4.401904
864898.0,4.401904
900000.0,4.391374
910206.6,4.404778
910207.0,4.404779
940412.6,4.42831
940413.0,4.42831
948527.9,4.433652
948528.0,4.433652
963832.0,4.431042
963832.3,4.431042
989749.0,4.414112
1000000.0,4.398243
1036060.0,4.423896
1036066.0,4.423895
1048630.0,4.422306
1048631.0,4.422306
1100000.0,4.407947
1200000.0,4.414264
1300000.0,4.425047
1400000.0,4.421992
1500000.0,4.413497
1600000.0,4.395969
1700000.0,4.380447
1800000.0,4.346911
1900000.0,4.307532
1916070.0,4.300592
1918680.0,4.299464
1944360.0,4.288373
2000000.0,4.264341
2009600.0,4.258644
2163750.0,4.167174
2210070.0,4.139689
2280250.0,4.098045
2303000.0,4.084546
2370160.0,4.044694
2386370.0,4.035075
2390000.0,4.032921
2465410.0,3.988174
2500000.0,3.967649
2500550.0,3.967246
2527230.0,3.947686
2557340.0,3.925612
3000000.0,3.601092
3500000.0,3.231603
4000000.0,2.898617
4137210.0,2.830913
5000000.0,2.405184
5327327.0,2.371838
5327330.0,2.371838
6000000.0,2.153566
7000000.0,2.103914
8000000.0,2.187837
8738590.0,2.298654
9000000.0,2.337875
10000000.0,2.505384
11000000.0,2.662912
12000000.0,2.79456
12944270.0,2.8846
12944300.0,2.884603
13000000.0,2.889914
13975300.0,2.946985
14000000.0,2.94843
14500000.0,2.95851
15000000.0,2.96918
16000000.0,2.954857
17000000.0,2.90987
18000000.0,2.839622
19000000.0,2.750139
20000000.0,2.647541
