1e-05,4.148499
1.03125e-05,4.148498
1.0625e-05,4.148497
1.09375e-05,4.148496
1.125e-05,4.148495
1.15625e-05,4.148494
1.1875e-05,4.148493
1.21875e-05,4.148492
1.25e-05,4.148491
1.28125e-05,4.14849
1.3125e-05,4.14849
1.34375e-05,4.148489
1.375e-05,4.148488
1.4375e-05,4.148486
1.5e-05,4.148484
1.5625e-05,4.148482
1.625e-05,4.14848
1.6875e-05,4.148478
1.75e-05,4.148476
1.8125e-05,4.148475
1.875e-05,4.148473
1.9375e-05,4.148471
2e-05,4.148469
2.09375e-05,4.148466
2.1875e-05,4.148463
2.28125e-05,4.148461
2.375e-05,4.148458
2.46875e-05,4.148455
2.5625e-05,4.148452
2.65625e-05,4.148449
2.75e-05,4.148447
2.84375e-05,4.148444
2.9375e-05,4.148441
3.03125e-05,4.148438
3.125e-05,4.148435
3.21875e-05,4.148432
3.3125e-05,4.14843
3.40625e-05,4.148427
3.5e-05,4.148424
3.59375e-05,4.148421
3.6875e-05,4.148418
3.78125e-05,4.148416
3.875e-05,4.148413
3.96875e-05,4.14841
4.0625e-05,4.148407
4.25e-05,4.148401
4.4375e-05,4.148396
4.625e-05,4.14839
4.8125e-05,4.148385
5e-05,4.148379
5.15625e-05,4.148374
5.3125e-05,4.148369
5.46875e-05,4.148365
5.625e-05,4.14836
5.78125e-05,4.148355
5.9375e-05,4.148351
6.09375e-05,4.148346
6.25e-05,4.148341
6.40625e-05,4.148337
6.5625e-05,4.148332
6.71875e-05,4.148327
6.875e-05,4.148322
7.1875e-05,4.148313
7.5e-05,4.148304
7.8125e-05,4.148294
8.125e-05,4.148285
8.4375e-05,4.148275
8.75e-05,4.148266
9.0625e-05,4.148256
9.375e-05,4.148247
9.6875e-05,4.148238
0.0001,4.148228
0.000103125,4.148219
0.00010625,4.148209
0.000109375,4.1482
0.0001125,4.14819
0.000115625,4.148181
0.00011875,4.148172
0.000121875,4.148162
0.000125,4.148153
0.000128125,4.148143
0.00013125,4.148134
0.000134375,4.148124
0.0001375,4.148115
0.00014375,4.148096
0.00015,4.148077
0.00015625,4.148058
0.0001625,4.14804
0.00016875,4.148021
0.000175,4.148002
0.00018125,4.147983
0.0001875,4.147964
0.00019375,4.147945
0.0002,4.147926
0.000209375,4.147898
0.00021875,4.14787
0.000228125,4.147841
0.0002375,4.147813
0.000246875,4.147785
0.00025625,4.147756
0.000265625,4.147728
0.000275,4.1477
0.000284375,4.147671
0.00029375,4.147643
0.000303125,4.147615
0.0003125,4.147586
0.000321875,4.147558
0.00033125,4.14753
0.000340625,4.147501
0.00035,4.147473
0.000359375,4.147445
0.00036875,4.147416
0.000378125,4.147388
0.0003875,4.14736
0.000396875,4.147331
0.00040625,4.147303
0.000425,4.147246
0.00044375,4.14719
0.0004625,4.147133
0.00048125,4.147076
0.0005,4.14702
0.000515625,4.146972
0.00053125,4.146925
0.000546875,4.146878
0.0005625,4.146831
0.000578125,4.146783
0.00059375,4.146736
0.000609375,4.146689
0.000625,4.146642
0.000640625,4.146594
0.00065625,4.146547
0.000671875,4.1465
0.0006875,4.146453
0.00071875,4.146358
0.00075,4.146264
0.00078125,4.146169
0.0008125,4.146075
0.00084375,4.145981
0.000875,4.145886
0.00090625,4.145792
0.0009375,4.145697
0.00096875,4.145603
0.001,4.145509
0.00103125,4.145414
0.0010625,4.14532
0.00109375,4.145225
0.001125,4.145131
0.00115625,4.145037
0.0011875,4.144942
0.00121875,4.144848
0.00125,4.144754
0.00128125,4.144659
0.0013125,4.144565
0.00134375,4.144471
0.001375,4.144376
0.0014375,4.144188
0.0015,4.143999
0.0015625,4.14381
0.001625,4.143622
0.0016875,4.143433
0.00175,4.143245
0.0018125,4.143056
0.001875,4.142868
0.0019375,4.14268
0.002,4.142491
0.00209375,4.142209
0.0021875,4.141926
0.00228125,4.141644
0.002375,4.141362
0.00246875,4.14108
0.0025625,4.140798
0.00265625,4.140515
0.00275,4.140233
0.00284375,4.139952
0.0029375,4.13967
0.00303125,4.139388
0.003125,4.139106
0.00321875,4.138825
0.0033125,4.138543
0.00340625,4.138262
0.0035,4.13798
0.00359375,4.137699
0.0036875,4.137418
0.00378125,4.137137
0.003875,4.136856
0.00396875,4.136575
0.0040625,4.136294
0.00425,4.135732
0.0044375,4.135171
0.004625,4.13461
0.0048125,4.134049
0.005,4.133488
0.00515625,4.133022
0.0053125,4.132555
0.00546875,4.132089
0.005625,4.131623
0.00578125,4.131157
0.0059375,4.130691
0.00609375,4.130225
0.00625,4.12976
0.00640625,4.129295
0.0065625,4.12883
0.00671875,4.128365
0.006875,4.127901
0.0071875,4.126973
0.0075,4.126045
0.0078125,4.125119
0.008125,4.124193
0.0084375,4.123268
0.00875,4.122344
0.0090625,4.121421
0.009375,4.120498
0.0096875,4.119577
0.01,4.118656
0.0103125,4.117737
0.010625,4.116818
0.0109375,4.1159
0.01125,4.114982
0.0115625,4.114066
0.011875,4.113151
0.0121875,4.112236
0.0125,4.111322
0.0128125,4.110409
0.013125,4.109497
0.0134375,4.108586
0.01375,4.107675
0.014375,4.105857
0.015,4.104042
0.015625,4.102231
0.01625,4.100423
0.016875,4.098618
0.0175,4.096817
0.018125,4.09502
0.01875,4.093225
0.019375,4.091434
0.02,4.089647
0.0206625,4.087755
0.021325,4.085868
0.0219875,4.083985
0.02265,4.082105
0.0233125,4.080229
0.023975,4.078357
0.0246375,4.076488
0.0253,4.074624
0.02607188,4.072456
0.02684375,4.070294
0.02761563,4.068137
0.0283875,4.065984
0.02915938,4.063837
0.02993125,4.061696
0.03070313,4.059559
0.031475,4.057427
0.03224688,4.0553
0.03301875,4.053179
0.0345625,4.048951
0.03610625,4.044744
0.03765,4.040557
0.03919375,4.036391
0.0407375,4.032244
0.04228125,4.028118
0.043825,4.024013
0.04536875,4.019927
0.0469125,4.015862
0.04845625,4.011816
0.05,4.007791
0.0515625,4.003737
0.053125,3.999704
0.0546875,3.995691
0.05625,3.991699
0.0578125,3.987728
0.059375,3.983776
0.0609375,3.979845
0.0625,3.975935
0.0640625,3.972044
0.065625,3.968175
0.0671875,3.964325
0.06875,3.960496
0.071875,3.952897
0.075,3.94538
0.078125,3.937943
0.08125,3.930587
0.084375,3.92331
0.0875,3.916114
0.090625,3.908998
0.09375,3.901961
0.096875,3.895004
0.1,3.888126
0.103125,3.881328
0.10625,3.874609
0.109375,3.867968
0.1125,3.861407
0.115625,3.854925
0.11875,3.848522
0.121875,3.842197
0.125,3.835951
0.128125,3.829783
0.13125,3.823694
0.134375,3.817684
0.1375,3.811751
0.14375,3.800122
0.15,3.788806
0.15625,3.777803
0.1625,3.767113
0.16875,3.756736
0.175,3.746673
0.18125,3.736924
0.1875,3.727488
0.19375,3.718368
0.2,3.709563
0.2046875,3.703167
0.209375,3.696949
0.21875,3.685051
0.228125,3.673871
0.2375,3.663414
0.246875,3.653685
0.25625,3.644691
0.265625,3.636436
0.275,3.628929
0.284375,3.622176
0.29375,3.616185
0.303125,3.610966
0.3125,3.606528
0.321875,3.60288
0.33125,3.600034
0.340625,3.598002
0.35,3.596795
0.359375,3.596427
0.36875,3.596911
0.378125,3.598262
0.3875,3.600495
0.396875,3.603626
0.40625,3.607673
0.415625,3.612653
0.425,3.618585
0.434375,3.625488
0.44375,3.633384
0.4625,3.652241
0.48125,3.67534
0.5,3.702885
0.53125,3.759284
0.5625,3.829813
0.59375,3.915806
0.625,4.018798
0.65625,4.140561
0.6875,4.283133
0.71875,4.448868
0.75,4.640483
0.78125,4.861123
0.8125,5.114438
0.84375,5.404671
0.859375,5.565148
0.875,5.736775
0.890625,5.920304
0.90625,6.11655
0.921875,6.326399
0.9375,6.550812
0.953125,6.790835
0.96875,7.047606
0.984375,7.322365
1.0,7.616468
1.013813,7.893753
1.027625,8.188401
1.041438,8.501659
1.05525,8.834791
1.069063,9.189267
1.082875,9.566583
1.096688,9.968477
1.1105,10.39673
1.124313,10.85341
1.138125,11.34064
1.151938,11.8609
1.16575,12.41675
1.179563,13.01117
1.193375,13.64724
1.207188,14.32858
1.221,15.05896
1.234813,15.84277
1.248625,16.68465
1.262438,17.58998
1.27625,18.5645
1.290063,19.61488
1.303875,20.74828
1.317688,21.97304
1.3315,23.29814
1.345313,24.73412
1.359125,26.29241
1.372938,27.98642
1.38675,29.83085
1.400563,31.843
1.414375,34.04198
1.428188,36.45039
1.442,39.09344
1.455813,42.00104
1.469625,45.20694
1.483438,48.75139
1.490344,50.66456
1.49725,52.68032
1.504157,54.80605
1.511063,57.04883
1.517969,59.41732
1.524875,61.92062
1.531782,64.56905
1.538688,67.37267
1.545594,70.34372
1.5525,73.49517
1.559407,76.84175
1.566313,80.39814
1.573219,84.18203
1.580125,88.2124
1.587032,92.51086
1.593938,97.09937
1.600844,102.0043
1.60775,107.2541
1.614657,112.8816
1.621563,118.9207
1.628469,125.4118
1.635375,132.3995
1.642282,139.935
1.649188,148.0726
1.656094,156.8771
1.663,166.4208
1.669907,176.7874
1.676813,188.0676
1.683719,200.37
1.690625,213.8177
1.697532,228.5546
1.704438,244.7404
1.711344,262.5676
1.71825,282.2581
1.725157,304.0753
1.72861,315.8722
1.732063,328.3189
1.735516,341.4622
1.738969,355.3537
1.742422,370.0491
1.745875,385.6099
1.749329,402.1078
1.752782,419.6069
1.756235,438.1925
1.759688,457.9533
1.763141,478.987
1.766594,501.4015
1.770047,525.316
1.7735,550.8624
1.776954,578.1952
1.780407,607.4612
1.78386,638.8491
1.787313,672.5606
1.790766,708.8213
1.794219,747.8838
1.797672,790.0312
1.801125,835.5822
1.804579,884.9103
1.808032,938.3922
1.811485,996.4999
1.814938,1059.753
1.818391,1128.741
1.821844,1204.136
1.825297,1286.705
1.82875,1377.322
1.832204,1477.019
1.835657,1586.888
1.83911,1708.271
1.842563,1842.681
1.84429,1915.325
1.846016,1991.852
1.847743,2072.609
1.849469,2157.775
1.851196,2247.745
1.852922,2342.727
1.854649,2443.167
1.856375,2549.306
1.858102,2661.646
1.859829,2780.531
1.861556,2906.387
1.863282,3039.584
1.865009,3180.75
1.866735,3330.213
1.868462,3488.658
1.870188,3656.43
1.871915,3834.261
1.873641,4022.486
1.875368,4221.861
1.877094,4432.674
1.878821,4655.66
1.880547,4890.999
1.882274,5139.333
1.884,5400.641
1.88625,5761.168
1.8885,6144.026
1.89075,6548.372
1.893,6972.488
1.8975,7867.396
1.902,8789.002
1.90425,9240.274
1.9065,9671.448
1.90875,10070.55
1.911,10424.9
1.91325,10721.96
1.9155,10950.29
1.91775,11100.6
1.92,11166.67
1.92225,11146.01
1.9245,11040.15
1.92675,10854.4
1.929,10597.29
1.93125,10279.65
1.9335,9913.587
1.93575,9511.546
1.938,9085.433
1.9425,8202.63
1.947,7332.779
1.94925,6916.826
1.9515,6518.181
1.95375,6138.895
1.956,5780.114
1.95875,5370.055
1.9615,4991.03
1.96425,4642.004
1.967,4321.438
1.96975,4027.503
1.9725,3758.245
1.97525,3511.684
1.978,3285.892
1.98075,3079.03
1.9835,2889.381
1.98625,2715.353
1.989,2555.491
1.99175,2408.466
1.9945,2273.076
1.99725,2148.235
2.0,2032.963
2.003533,1897.505
2.007066,1774.735
2.010599,1663.207
2.014132,1561.658
2.017665,1468.988
2.021198,1384.234
2.024731,1306.553
2.028263,1235.225
2.031796,1169.562
2.035329,1109.012
2.038862,1053.073
2.042394,1001.312
2.045927,953.3048
2.04946,908.7175
2.052993,867.238
2.056525,828.5991
2.060058,792.5308
2.063591,758.8224
2.067124,727.2746
2.070657,697.7086
2.07419,669.963
2.077723,643.8928
2.081256,619.3663
2.084788,596.2713
2.088321,574.4867
2.091854,553.9214
2.095387,534.4864
2.098919,516.1054
2.102452,498.6941
2.105985,482.19
2.11305,451.665
2.120116,424.0848
2.127182,399.085
2.134248,376.3522
2.141313,355.622
2.148379,336.6591
2.155444,319.2717
2.16251,303.2842
2.169575,288.553
2.176641,274.9449
2.183707,262.3491
2.190773,250.6664
2.197838,239.8112
2.204904,229.7034
2.211969,220.2775
2.219035,211.4702
2.2261,203.2301
2.233166,195.5066
2.240232,188.2576
2.247298,181.4445
2.254363,175.0333
2.261429,168.9907
2.268494,163.29
2.27556,157.904
2.282625,152.8108
2.289691,147.9877
2.296757,143.4164
2.303823,139.0791
2.310888,134.9604
2.325019,127.3187
2.33915,120.3877
2.353282,114.0794
2.367413,108.3205
2.381544,103.0468
2.395675,98.20405
2.409807,93.74481
2.423938,89.62905
2.438069,85.82107
2.4522,82.28995
2.466332,79.0084
2.480463,75.95308
2.494594,73.10272
2.508725,70.43874
2.522857,67.94445
2.536988,65.60551
2.551119,63.4086
2.56525,61.34197
2.579382,59.39495
2.593513,57.55832
2.607644,55.82338
2.621775,54.1824
2.635907,52.62828
2.650038,51.15488
2.664169,49.75631
2.6783,48.4273
2.692432,47.16297
2.706563,45.9591
2.734825,43.71672
2.763088,41.67161
2.79135,39.79988
2.819613,38.08095
2.847875,36.49739
2.876138,35.03401
2.9044,33.67784
2.932663,32.41741
2.960925,31.24289
2.989188,30.14547
3.01745,29.1175
3.045713,28.15209
3.073975,27.2432
3.102238,26.38531
3.1305,25.57352
3.158763,24.8033
3.187025,24.07057
3.215288,23.37149
3.24355,22.70253
3.271813,22.06026
3.300075,21.44147
3.328338,20.8429
3.3566,20.26137
3.384863,19.69351
3.413125,19.13581
3.427257,18.85955
3.441388,18.58434
3.455519,18.3096
3.46965,18.03471
3.483782,17.75897
3.497913,17.48166
3.512044,17.20193
3.526175,16.91884
3.540307,16.6313
3.554438,16.33812
3.568569,16.03788
3.575635,15.8846
3.5827,15.72893
3.589766,15.57059
3.596832,15.40932
3.603898,15.24483
3.610963,15.07681
3.618029,14.90487
3.625094,14.72866
3.63216,14.54771
3.639225,14.36161
3.646291,14.16979
3.653357,13.97172
3.660423,13.76677
3.667488,13.55431
3.674554,13.33352
3.681619,13.10368
3.685152,12.98507
3.688685,12.86385
3.692218,12.73991
3.69575,12.61316
3.699283,12.48342
3.702816,12.35058
3.706349,12.21453
3.709882,12.07514
3.713415,11.93229
3.716948,11.78588
3.720481,11.63579
3.724013,11.48199
3.727546,11.32433
3.731079,11.16281
3.734612,10.99744
3.738144,10.82833
3.741677,10.65553
3.74521,10.47931
3.748743,10.30003
3.752275,10.11826
3.755808,9.934666
3.759341,9.750312
3.762874,9.566609
3.764641,9.475546
3.766407,9.385454
3.768174,9.29657
3.76994,9.209386
3.771707,9.124252
3.773473,9.041784
3.77524,8.962485
3.777006,8.887131
3.778772,8.816464
3.780538,8.751389
3.782305,8.692913
3.784071,8.642294
3.785838,8.600842
3.787604,8.570166
3.789371,8.552023
3.791137,8.548476
3.792903,8.561841
3.794669,8.594769
3.796436,8.65031
3.798202,8.731816
3.799969,8.843231
3.801735,8.988755
3.803502,9.173389
3.805268,9.402287
3.807034,9.681437
3.8088,10.01726
3.809775,10.22943
3.81075,10.46219
3.811725,10.71676
3.8127,10.99442
3.813675,11.29643
3.81465,11.62406
3.815625,11.97854
3.8166,12.3611
3.817575,12.77287
3.81855,13.21492
3.819525,13.68817
3.8205,14.19344
3.821475,14.73134
3.82245,15.30226
3.823425,15.90635
3.8244,16.54345
3.82635,17.91441
3.8283,19.40661
3.83025,21.00466
3.8322,22.68579
3.83415,24.42004
3.8361,26.17131
3.83805,27.89934
3.84,29.56246
3.84195,31.12071
3.8439,32.53899
3.84585,33.78959
3.8478,34.85383
3.84975,35.72256
3.8517,36.39568
3.85365,36.8808
3.8556,37.19143
3.85755,37.34504
3.8595,37.36127
3.86145,37.26036
3.8634,37.06204
3.86535,36.7847
3.8673,36.4449
3.86925,36.05722
3.8712,35.63415
3.873405,35.12626
3.87561,34.59898
3.877815,34.06217
3.880019,33.52377
3.882224,32.98913
3.884429,32.4629
3.886634,31.94825
3.888838,31.44767
3.891043,30.96219
3.893248,30.49298
3.895453,30.04053
3.897657,29.60518
3.899862,29.18646
3.902066,28.78445
3.904271,28.3984
3.906475,28.02815
3.90868,27.6728
3.910885,27.33194
3.91309,27.00493
3.915294,26.69132
3.917499,26.39018
3.919704,26.10107
3.921909,25.82339
3.924113,25.55669
3.926318,25.30019
3.928523,25.05349
3.930728,24.81609
3.932932,24.58761
3.935137,24.36742
3.937341,24.15527
3.939546,23.95057
3.94175,23.75314
3.94616,23.37819
3.950569,23.02798
3.954979,22.69999
3.959388,22.3923
3.963798,22.10293
3.968207,21.83035
3.972616,21.57303
3.977025,21.32966
3.981435,21.09902
3.985844,20.88016
3.990254,20.67204
3.994663,20.47391
3.999073,20.28492
4.003482,20.10445
4.007891,19.93185
4.0123,19.76655
4.01671,19.60799
4.021119,19.45579
4.025529,19.30945
4.029938,19.16864
4.034348,19.03295
4.038757,18.90211
4.047575,18.65372
4.056394,18.42131
4.065213,18.2031
4.074032,17.99756
4.08285,17.80338
4.091669,17.61939
4.100488,17.44462
4.109307,17.2782
4.118125,17.1194
4.126944,16.96751
4.135763,16.82197
4.144582,16.68225
4.1534,16.54791
4.162219,16.4185
4.171038,16.29368
4.179857,16.1731
4.188675,16.05648
4.206313,15.83402
4.22395,15.62443
4.241588,15.42617
4.259225,15.23794
4.276863,15.05865
4.2945,14.88738
4.312138,14.72333
4.329775,14.56584
4.347413,14.4143
4.36505,14.2682
4.382688,14.12708
4.400325,13.99056
4.4356,13.72991
4.470875,13.48386
4.50615,13.25048
4.541425,13.02817
4.5767,12.81563
4.611975,12.61174
4.64725,12.41553
4.682525,12.22616
4.7178,12.04291
4.753075,11.86512
4.78835,11.69217
4.823625,11.52352
4.8589,11.35864
4.894175,11.19704
4.92945,11.03824
4.964725,10.88174
5.0,10.72708
5.022772,10.62797
5.045544,10.52926
5.068316,10.43082
5.091088,10.33248
5.11386,10.23408
5.136632,10.13543
5.159404,10.03634
5.182175,9.936599
5.204947,9.835956
5.227719,9.734151
5.250491,9.630885
5.273263,9.525815
5.296035,9.418552
5.307421,9.363961
5.318807,9.308647
5.330193,9.252543
5.341579,9.195574
5.352965,9.137663
5.36435,9.078726
5.375736,9.01866
5.387122,8.957367
5.398508,8.894735
5.409894,8.83064
5.42128,8.764949
5.432666,8.697513
5.444052,8.628173
5.455438,8.556749
5.466824,8.483049
5.47821,8.406859
5.489596,8.327946
5.495289,8.287391
5.500982,8.246059
5.506675,8.203915
5.512368,8.160924
5.518061,8.117047
5.523754,8.072248
5.529447,8.026488
5.53514,7.979727
5.540833,7.931926
5.546525,7.883054
5.552218,7.833058
5.557911,7.78191
5.563604,7.729577
5.569297,7.676032
5.57499,7.621254
5.580683,7.565232
5.586376,7.507968
5.592069,7.449482
5.597762,7.389817
5.603455,7.329048
5.609148,7.267291
5.614841,7.20472
5.620534,7.141583
5.623381,7.1099
5.626227,7.078226
5.629074,7.046603
5.63192,7.015128
5.634767,6.983867
5.637613,6.952945
5.64046,6.92246
5.643306,6.892573
5.646153,6.863427
5.648999,6.835231
5.651846,6.808189
5.654692,6.782579
5.657539,6.758686
5.660385,6.73688
5.663232,6.717561
5.666078,6.701229
5.668925,6.688443
5.671771,6.679882
5.674618,6.676329
5.677464,6.678717
5.680311,6.688146
5.683157,6.705908
5.686004,6.733554
5.68885,6.77289
5.691697,6.826113
5.694543,6.895767
5.69739,6.984974
5.700236,7.097335
5.703083,7.2373
5.705929,7.409974
5.707353,7.51056
5.708776,7.621676
5.710199,7.744345
5.711622,7.879608
5.713046,8.028702
5.714469,8.192642
5.715892,8.372851
5.717315,8.570755
5.718739,8.788047
5.720162,9.026064
5.721585,9.286701
5.723008,9.571812
5.724431,9.883345
5.725854,10.22334
5.727277,10.59388
5.7287,10.99711
5.730657,11.60896
5.732613,12.29167
5.734569,13.0504
5.736525,13.8891
5.738482,14.81074
5.740438,15.81476
5.742394,16.89914
5.74435,18.05776
5.746307,19.28076
5.748263,20.55146
5.750219,21.84991
5.752175,23.15067
5.754132,24.42499
5.756088,25.63981
5.758044,26.7638
5.76,27.76725
5.761957,28.62556
5.763913,29.31959
5.765869,29.83953
5.767825,30.18342
5.769782,30.35702
5.771738,30.37228
5.773694,30.24609
5.77565,29.99801
5.777607,29.64847
5.779563,29.2182
5.783475,28.18916
5.785432,27.62198
5.787388,27.03756
5.789344,26.44582
5.7913,25.85488
5.793114,25.31311
5.794928,24.78133
5.796742,24.26243
5.798555,23.75878
5.800369,23.27123
5.802183,22.80099
5.803997,22.34854
5.80581,21.91429
5.807624,21.49765
5.809438,21.09862
5.811252,20.71675
5.813065,20.35175
5.814879,20.00262
5.816692,19.66912
5.818506,19.35023
5.820319,19.04563
5.822133,18.75433
5.823947,18.47585
5.825761,18.20954
5.827574,17.95494
5.829388,17.71116
5.831202,17.47778
5.833016,17.25425
5.834829,17.04018
5.836643,16.83483
5.838457,16.63786
5.840271,16.44884
5.842084,16.26743
5.843898,16.09305
5.845711,15.92553
5.849338,15.60929
5.852966,15.31607
5.856593,15.04378
5.860221,14.79024
5.863848,14.55383
5.867476,14.33281
5.871103,14.12592
5.87473,13.93182
5.878357,13.7494
5.881985,13.57761
5.885612,13.41565
5.889239,13.26266
5.892866,13.11794
5.896494,12.98078
5.900121,12.85067
5.903748,12.72705
5.907375,12.60943
5.911003,12.49735
5.91463,12.39048
5.918258,12.28838
5.921885,12.1908
5.925513,12.09737
5.92914,12.00786
5.932767,11.92201
5.936394,11.83958
5.940022,11.76033
5.943649,11.68412
5.950904,11.53999
5.958159,11.40589
5.965413,11.28075
5.972668,11.16358
5.979923,11.05356
5.987178,10.94999
5.994432,10.85225
6.001687,10.75976
6.008941,10.67206
6.016196,10.58872
6.02345,10.50937
6.030705,10.43365
6.03796,10.36127
6.045215,10.29198
6.052469,10.22553
6.059724,10.16169
6.066979,10.10028
6.074234,10.04111
6.081488,9.984044
6.088743,9.928913
6.095998,9.875592
6.110507,9.77392
6.125016,9.678173
6.139525,9.587637
6.154035,9.501703
6.168544,9.419866
6.183054,9.341672
6.197563,9.266749
6.212073,9.194756
6.226582,9.125412
6.241091,9.058459
6.2556,8.993673
6.27011,8.930852
6.284619,8.869828
6.299129,8.810436
6.313638,8.752545
6.328148,8.696021
6.342657,8.640756
6.371675,8.533593
6.400694,8.430333
6.429713,8.330379
6.458732,8.233226
6.48775,8.138439
6.516769,8.045636
6.545788,7.954485
6.574807,7.864689
6.603825,7.775981
6.632844,7.688107
6.661863,7.600837
6.690882,7.513951
6.7199,7.427241
6.748919,7.340492
6.777938,7.253499
6.806957,7.166054
6.835975,7.077944
6.864994,6.988938
6.894013,6.898802
6.923032,6.807279
6.95205,6.714099
6.981069,6.618949
7.010088,6.521497
7.039107,6.421364
7.068125,6.318126
7.082635,6.265188
7.097144,6.211288
7.111654,6.156346
7.126163,6.10029
7.140673,6.043029
7.155182,5.984478
7.169691,5.924535
7.1842,5.863092
7.19871,5.800028
7.213219,5.735224
7.227729,5.668532
7.242238,5.59981
7.256748,5.528885
7.271257,5.455584
7.285766,5.379708
7.300275,5.30104
7.314785,5.219344
7.329294,5.134376
7.336549,5.090576
7.343804,5.045853
7.351059,5.000171
7.358313,4.953496
7.365568,4.905778
7.372823,4.856984
7.380078,4.807073
7.387332,4.756013
7.394587,4.703751
7.401841,4.650262
7.409096,4.595495
7.41635,4.539433
7.423605,4.482031
7.43086,4.423276
7.438115,4.363155
7.445369,4.301674
7.452624,4.238833
7.459879,4.174676
7.467134,4.10927
7.474388,4.042725
7.481643,3.975177
7.488898,3.906851
7.496153,3.838052
7.49978,3.803605
7.503407,3.769207
7.507035,3.734924
7.510662,3.700865
7.514289,3.667122
7.517916,3.633816
7.521544,3.601077
7.525171,3.569084
7.528798,3.538016
7.532425,3.508093
7.536053,3.479561
7.53968,3.452732
7.543308,3.427939
7.546935,3.405598
7.550563,3.38617
7.55419,3.37022
7.557817,3.358392
7.561444,3.351451
7.565072,3.350297
7.568699,3.355996
7.572327,3.369813
7.575954,3.393235
7.579582,3.428059
7.583209,3.476394
7.586836,3.540795
7.590463,3.624322
7.594091,3.730697
7.595905,3.793804
7.597718,3.86432
7.599532,3.943029
7.601346,4.030676
7.60316,4.128121
7.604973,4.236253
7.606787,4.356243
7.608601,4.489198
7.610415,4.636404
7.612228,4.799193
7.614042,4.979323
7.615855,5.178342
7.617669,5.398408
7.619482,5.641427
7.621296,5.910046
7.62311,6.206778
7.624924,6.534545
7.626737,6.896369
7.628551,7.296218
7.630364,7.737583
7.632178,8.22528
7.633991,8.763513
7.635805,9.35806
7.637619,10.01427
7.639433,10.73823
7.641246,11.53598
7.64306,12.4153
7.644873,13.38238
7.646687,14.44568
7.6485,15.61135
7.649485,16.29035
7.650469,17.00216
7.652438,18.53091
7.654407,20.2042
7.656375,22.02518
7.658344,23.99622
7.660313,26.11203
7.662282,28.36193
7.66425,30.72624
7.666219,33.18004
7.668188,35.68517
7.670157,38.19505
7.672125,40.65342
7.674094,43.00174
7.676063,45.17529
7.678032,47.11286
7.68,48.75974
7.681969,50.07556
7.683938,51.03271
7.685907,51.62159
7.687875,51.84942
7.689844,51.73852
7.691813,51.3223
7.693782,50.642
7.69575,49.7431
7.697719,48.66996
7.699688,47.46601
7.703625,44.8171
7.705594,43.43388
7.707563,42.04445
7.709532,40.66715
7.7115,39.31671
7.713311,38.10609
7.715122,36.93221
7.716933,35.79906
7.718743,34.70973
7.720554,33.6644
7.722365,32.66413
7.724176,31.7087
7.725986,30.79783
7.727797,29.92938
7.729608,29.10245
7.731419,28.31547
7.733229,27.56712
7.73504,26.85482
7.736851,26.17722
7.738662,25.53254
7.740472,24.91939
7.742283,24.33541
7.744094,23.77932
7.745905,23.24956
7.747715,22.74494
7.749526,22.26348
7.751337,21.80415
7.753148,21.36569
7.754958,20.94713
7.756769,20.5469
7.75858,20.1642
7.760391,19.79803
7.762201,19.44767
7.764012,19.11185
7.765823,18.78998
7.769444,18.1852
7.773066,17.62745
7.776687,17.11219
7.780309,16.63483
7.78393,16.19189
7.787552,15.77977
7.791173,15.39577
7.794795,15.03707
7.798416,14.70154
7.802038,14.38695
7.805659,14.09164
7.809281,13.8138
7.812902,13.55212
7.816524,13.30513
7.820145,13.0718
7.823767,12.85092
7.827388,12.64166
7.83101,12.44303
7.834631,12.25434
7.838253,12.07479
7.841874,11.90382
7.845496,11.74074
7.849117,11.5851
7.852739,11.43631
7.85636,11.29401
7.859982,11.1577
7.863603,11.02708
7.870846,10.78137
7.878089,10.55437
7.885332,10.34396
7.892575,10.14832
7.899818,9.96586
7.907061,9.795223
7.914304,9.63522
7.921547,9.484815
7.92879,9.343096
7.936033,9.209263
7.943275,9.082624
7.950518,8.962518
7.957761,8.848402
7.965004,8.73978
7.972247,8.636205
7.97949,8.537277
7.986733,8.442636
7.993976,8.351957
8.001219,8.264947
8.008462,8.181339
8.015705,8.100892
8.030191,7.948618
8.044677,7.806585
8.059163,7.673501
8.073649,7.548274
8.088135,7.429979
8.102621,7.317822
8.117107,7.21112
8.131593,7.109285
8.146079,7.011803
8.160565,6.918226
8.17505,6.828168
8.189536,6.741268
8.204022,6.657228
8.218508,6.575776
8.232994,6.496668
8.24748,6.419688
8.261966,6.344641
8.290938,6.199664
8.31991,6.060529
8.348882,5.926244
8.377854,5.795985
8.406825,5.669066
8.435797,5.544901
8.464769,5.423006
8.493741,5.302971
8.522713,5.184451
8.551685,5.067162
8.580657,4.950876
8.609629,4.835418
8.6386,4.720671
8.667572,4.606562
8.696544,4.493096
8.725516,4.380343
8.754488,4.268462
8.78346,4.157714
8.812432,4.048486
8.841404,3.941331
8.870375,3.837008
8.884861,3.786214
8.899347,3.736535
8.913833,3.688157
8.928319,3.641289
8.942805,3.596177
8.957291,3.553103
8.971777,3.512394
8.986263,3.474428
9.000749,3.439643
9.015235,3.408545
9.029721,3.381726
9.044207,3.359871
9.058693,3.343782
9.073179,3.334395
9.087665,3.332807
9.10215,3.340308
9.116636,3.35842
9.131122,3.388944
9.145608,3.434017
9.160094,3.496189
9.17458,3.57851
9.189066,3.684652
9.196309,3.748008
9.203552,3.819052
9.210795,3.898491
9.218038,3.987104
9.225281,4.085754
9.232524,4.195399
9.239767,4.317102
9.24701,4.452047
9.254253,4.601553
9.261496,4.767092
9.268739,4.950313
9.275982,5.153065
9.283225,5.377423
9.290468,5.625726
9.297711,5.900613
9.304954,6.205072
9.312197,6.542489
9.31944,6.916719
9.326683,7.332155
9.333925,7.793759
9.341168,8.307424
9.348411,8.879732
9.355654,9.51835
9.359276,9.8653
9.362897,10.23217
9.366519,10.6205
9.37014,11.03154
9.373762,11.46706
9.377383,11.92853
9.381005,12.41805
9.384626,12.93734
9.388248,13.48885
9.391869,14.07465
9.395491,14.69763
9.399112,15.36026
9.402734,16.06595
9.406355,16.81768
9.409977,17.61952
9.413598,18.47506
9.41722,19.38918
9.420841,20.36625
9.424463,21.41215
9.428084,22.53221
9.431706,23.73357
9.435327,25.0228
9.438949,26.40863
9.44257,27.89918
9.446192,29.50519
9.449813,31.23682
9.453435,33.10736
9.457056,35.12962
9.460678,37.32022
9.464299,39.69538
9.467921,42.27609
9.471542,45.08311
9.475164,48.14314
9.478785,51.48303
9.482407,55.13709
9.486028,59.14034
9.48965,63.53737
9.493271,68.37431
9.496893,73.70969
9.500514,79.60494
9.502325,82.78674
9.504136,86.13772
9.505947,89.66904
9.507757,93.39063
9.509568,97.31957
9.511379,101.4678
9.51319,105.8506
9.515,110.4815
9.516811,115.3833
9.518622,120.5726
9.520433,126.07
9.522243,131.8946
9.524054,138.0769
9.525865,144.6398
9.527676,151.6118
9.529486,159.0192
9.531297,166.9032
9.533108,175.2957
9.534919,184.2354
9.536729,193.7587
9.53854,203.921
9.540351,214.7657
9.542162,226.345
9.543972,238.7076
9.545783,251.9268
9.547594,266.0595
9.549405,281.1727
9.551215,297.3279
9.553026,314.6166
9.554837,333.1064
9.556648,352.8749
9.558458,373.9878
9.560269,396.5446
9.562079,420.5924
9.56389,446.2228
9.5657,473.4612
9.567844,507.875
9.569988,544.6382
9.572132,583.7128
9.574275,624.9606
9.576419,668.1995
9.578563,713.064
9.58285,805.5018
9.584994,851.6001
9.587138,896.3286
9.589282,938.5422
9.591425,976.9878
9.593569,1010.449
9.595713,1037.731
9.597857,1057.837
9.6,1070.04
9.602144,1073.974
9.604288,1069.638
9.606432,1057.411
9.608575,1038.008
9.610719,1012.364
9.612863,981.5873
9.615007,946.8404
9.61715,909.276
9.621438,829.6679
9.625725,749.5381
9.627869,710.7249
9.630013,673.2608
9.632157,637.3858
9.6343,603.2656
9.637158,560.5937
9.640015,521.2012
9.642872,484.9962
9.645729,451.8282
9.648586,421.5043
9.651443,393.8115
9.6543,368.5318
9.657157,345.4514
9.660014,324.3673
9.662871,305.0897
9.665728,287.4444
9.668585,271.2722
9.671442,256.4293
9.674299,242.7859
9.677156,230.2255
9.680013,218.6439
9.68287,207.9475
9.685727,198.0529
9.688584,188.8853
9.691441,180.3779
9.694298,172.4709
9.697155,165.1107
9.700012,158.2493
9.702869,151.8436
9.705726,145.8547
9.708583,140.2479
9.71144,134.9916
9.714297,130.0576
9.717154,125.4202
9.720011,121.0562
9.722868,116.9445
9.725725,113.0661
9.728583,109.4024
9.73144,105.9402
9.734297,102.6636
9.737154,99.55963
9.740011,96.61622
9.742868,93.82237
9.745725,91.16799
9.748582,88.64383
9.754296,83.95284
9.76001,79.68912
9.765724,75.8014
9.771438,72.24586
9.777152,68.98486
9.782866,65.98598
9.78858,63.22112
9.794294,60.66588
9.800008,58.29896
9.805722,56.10171
9.811436,54.05777
9.81715,52.15268
9.822865,50.37341
9.828579,48.70924
9.834293,47.1498
9.840007,45.68612
9.845721,44.31018
9.851435,43.01479
9.857149,41.7935
9.862863,40.64049
9.868577,39.55051
9.874291,38.51882
9.880005,37.54112
9.885719,36.61351
9.891433,35.73243
9.897147,34.89464
9.902861,34.09719
9.908575,33.33739
9.920004,31.92085
9.931432,30.62781
9.94286,29.44332
9.954288,28.35479
9.965716,27.3514
9.977144,26.42388
9.988572,25.5642
10.0,24.76539
10.01163,24.00866
10.02325,23.30365
10.03487,22.64479
10.04649,22.02775
10.05811,21.44874
10.06973,20.90437
10.08135,20.39164
10.09297,19.90787
10.1046,19.4503
10.11622,19.01755
10.12784,18.60731
10.13946,18.21782
10.15108,17.84753
10.1627,17.49502
10.17432,17.15898
10.18594,16.83825
10.20919,16.23831
10.23243,15.68822
10.25567,15.18144
10.27891,14.71264
10.30216,14.27715
10.3254,13.87147
10.34864,13.49209
10.37188,13.13612
10.39513,12.80093
10.41837,12.48461
10.44161,12.18509
10.46485,11.90068
10.4881,11.62975
10.51134,11.37121
10.53458,11.12372
10.55782,10.88622
10.58107,10.65764
10.60431,10.43729
10.62755,10.22427
10.65079,10.01785
10.67403,9.817349
10.69727,9.622161
10.72051,9.431711
10.74375,9.245467
10.767,9.06286
10.79024,8.88359
10.81348,8.707151
10.83672,8.53315
10.85997,8.361149
10.88321,8.190967
10.90645,8.022237
10.92969,7.85471
10.95294,7.688121
10.97618,7.522486
10.9878,7.439986
10.99942,7.357703
11.01104,7.275653
11.02266,7.193863
11.03429,7.112303
11.04591,7.031165
11.05753,6.950454
11.06915,6.870261
11.08077,6.790706
11.09239,6.71194
11.10401,6.63415
11.11563,6.557568
11.12726,6.482419
11.13888,6.409187
11.1505,6.338244
11.16212,6.27013
11.17374,6.205509
11.18536,6.145202
11.19698,6.090225
11.2086,6.041842
11.22023,6.001595
11.22604,5.985151
11.23185,5.971524
11.23766,5.961042
11.24347,5.954071
11.24928,5.951025
11.25509,5.952373
11.2609,5.95864
11.26671,5.970426
11.27252,5.98841
11.27833,6.013361
11.28414,6.04616
11.28995,6.087811
11.29576,6.139463
11.30157,6.202435
11.30739,6.27839
11.3132,6.368822
11.31901,6.47588
11.32482,6.60192
11.33063,6.749691
11.33644,6.922404
11.34225,7.123829
11.34806,7.358407
11.35387,7.631393
11.35968,7.949032
11.36549,8.318778
11.3713,8.749575
11.37421,8.991587
11.37711,9.252208
11.38002,9.53495
11.38292,9.839752
11.38583,10.17081
11.38873,10.52815
11.39164,10.91682
11.39454,11.33698
11.39745,11.79471
11.40035,12.29039
11.40326,12.83141
11.40616,13.41843
11.40907,14.06049
11.41197,14.75871
11.41488,15.52417
11.41778,16.35866
11.42069,17.27591
11.42359,18.27859
11.4265,19.38388
11.4294,20.59575
11.43231,21.9358
11.43521,23.40985
11.43812,25.04531
11.44102,26.85059
11.44393,28.86077
11.44683,31.08786
11.44829,32.30284
11.44974,33.57705
11.45119,34.92298
11.45264,36.34535
11.4541,37.85989
11.45555,39.45128
11.457,41.13544
11.45845,42.91858
11.45991,44.82077
11.46136,46.82312
11.46281,48.94592
11.46426,51.1973
11.46572,53.6029
11.46717,56.13907
11.46862,58.8316
11.47007,61.6909
11.47153,64.74953
11.47298,67.97721
11.47443,71.40637
11.47588,75.04963
11.47734,78.94754
11.47879,83.0602
11.48024,87.42711
11.48169,92.06191
11.48315,97.01299
11.4846,102.2256
11.48605,107.7446
11.4875,113.5811
11.48954,122.3463
11.49157,131.7251
11.4936,141.7603
11.49563,152.4345
11.49766,163.7046
11.49969,175.4962
11.50375,200.1497
11.50579,212.7137
11.50782,225.0149
11.50985,236.8236
11.51188,247.8192
11.51391,257.6692
11.51594,266.0533
11.51797,272.6897
11.52,277.3611
11.52204,279.9425
11.52407,280.3734
11.5261,278.7347
11.52813,275.1769
11.53016,269.9198
11.53219,263.2288
11.53422,255.3912
11.53625,246.6938
11.54032,227.7225
11.54438,208.1922
11.54641,198.6013
11.54844,189.2714
11.55047,180.275
11.5525,171.6606
11.55432,164.2868
11.55613,157.2927
11.55794,150.6399
11.55975,144.3261
11.56157,138.3122
11.56338,132.6543
11.56519,127.3064
11.567,122.255
11.56882,117.4602
11.57063,112.9598
11.57244,108.7121
11.57425,104.7026
11.57607,100.8967
11.57788,97.32272
11.57969,93.94609
11.5815,90.75447
11.58332,87.71996
11.58513,84.86487
11.58694,82.16173
11.58875,79.60085
11.59057,77.16015
11.59238,74.85794
11.59419,72.67259
11.596,70.59676
11.59782,68.61297
11.59963,66.73664
11.60144,64.95066
11.60325,63.24953
11.60688,60.07329
11.6105,57.18839
11.61413,54.5467
11.61775,52.13487
11.62138,49.91524
11.625,47.87888
11.62863,45.99599
11.63225,44.26074
11.63588,42.64928
11.6395,41.15796
11.64313,39.76745
11.64675,38.47564
11.65038,37.26668
11.654,36.13952
11.65763,35.08105
11.66125,34.09096
11.66488,33.15826
11.6685,32.28317
11.67213,31.45641
11.67575,30.67853
11.67938,29.94163
11.683,29.24649
11.68663,28.58633
11.69025,27.96209
11.69388,27.36787
11.6975,26.80472
11.70113,26.26751
11.70475,25.75732
11.70838,25.26964
11.712,24.80561
11.71925,23.93757
11.7265,23.14308
11.73375,22.41348
11.741,21.7414
11.74825,21.12051
11.7555,20.54532
11.76275,20.01109
11.77,19.51368
11.77725,19.04949
11.7845,18.61535
11.79175,18.20846
11.799,17.82636
11.80625,17.46686
11.8135,17.12802
11.82075,16.8081
11.828,16.50556
11.83525,16.219
11.8425,15.94718
11.84975,15.68897
11.857,15.44335
11.86425,15.20941
11.8715,14.9863
11.87875,14.77327
11.886,14.56962
11.9005,14.18801
11.915,13.83703
11.9295,13.51295
11.944,13.21261
11.9585,12.93331
11.973,12.67274
11.9875,12.4289
12.002,12.20008
12.0165,11.98477
12.031,11.78166
12.0455,11.5896
12.06,11.40758
12.0745,11.2347
12.089,11.07016
12.1035,10.91326
12.118,10.76337
12.1325,10.61991
12.147,10.48237
12.1615,10.35031
12.176,10.2233
12.1905,10.10096
12.2195,9.868992
12.2485,9.65201
12.2775,9.448023
12.3065,9.25535
12.3355,9.072557
12.3645,8.898415
12.3935,8.73186
12.4225,8.571964
12.4515,8.41791
12.4805,8.268973
12.5095,8.124502
12.5385,7.983909
12.5675,7.846656
12.5965,7.712244
12.6255,7.580206
12.6545,7.450097
12.6835,7.321489
12.7125,7.193961
12.7415,7.067091
12.7705,6.940453
12.7995,6.813602
12.8285,6.686072
12.8575,6.557356
12.8865,6.426901
12.9155,6.294087
12.9445,6.158209
12.959,6.088871
12.9735,6.018451
12.988,5.946823
13.0025,5.873851
13.017,5.799387
13.0315,5.723264
13.046,5.645303
13.0605,5.565303
13.075,5.48304
13.0895,5.398267
13.104,5.310709
13.1185,5.220057
13.133,5.12597
13.14025,5.07752
13.1475,5.028064
13.15475,4.97755
13.162,4.925919
13.16925,4.873111
13.1765,4.819066
13.18375,4.763718
13.191,4.707
13.19825,4.648845
13.2055,4.589183
13.21275,4.527946
13.22,4.465066
13.22725,4.400481
13.2345,4.334134
13.24175,4.265979
13.249,4.195988
13.25625,4.124157
13.2635,4.050517
13.26713,4.012989
13.27075,3.975148
13.27438,3.936806
13.278,3.898203
13.28163,3.85916
13.28525,3.819936
13.28888,3.780368
13.2925,3.740741
13.29613,3.700917
13.29975,3.661214
13.30338,3.621532
13.307,3.582235
13.31063,3.543279
13.31425,3.50509
13.31788,3.467709
13.3215,3.431649
13.32513,3.397078
13.32875,3.36463
13.33238,3.334662
13.336,3.307987
13.33963,3.285244
13.34325,3.26751
13.34688,3.255849
13.3505,3.251735
13.35413,3.256879
13.35775,3.273366
13.35957,3.286736
13.36138,3.303897
13.36319,3.325332
13.365,3.351507
13.36682,3.38313
13.36863,3.420434
13.37044,3.464219
13.37225,3.515203
13.37407,3.574533
13.37588,3.642453
13.37769,3.720258
13.3795,3.809057
13.38132,3.910681
13.38313,4.025399
13.38494,4.155271
13.38675,4.302011
13.38857,4.468495
13.39038,4.655021
13.39219,4.864801
13.394,5.100432
13.39582,5.366324
13.39763,5.662716
13.39944,5.994418
13.40125,6.365151
13.40307,6.781325
13.40488,7.242632
13.40669,7.755675
13.4085,8.325009
13.40949,8.661865
13.41047,9.01396
13.41146,9.389176
13.41244,9.78058
13.41343,10.19677
13.41441,10.62986
13.41638,11.56571
13.41835,12.59035
13.42032,13.70362
13.42229,14.90215
13.42425,16.17185
13.42622,17.51352
13.42819,18.90327
13.43016,20.31796
13.43213,21.72924
13.4341,23.10466
13.43607,24.4094
13.43804,25.60874
13.44,26.66571
13.44197,27.56464
13.44394,28.28078
13.44591,28.80398
13.44788,29.13321
13.44985,29.27584
13.45182,29.24607
13.45379,29.06307
13.45575,28.75073
13.45772,28.3288
13.45969,27.82112
13.46363,26.63011
13.4656,25.98165
13.46757,25.31677
13.46954,24.64646
13.4715,23.98282
13.47331,23.37864
13.47512,22.78686
13.47693,22.21042
13.47874,21.65142
13.48055,21.11127
13.48236,20.59083
13.48417,20.09053
13.48598,19.61045
13.48779,19.15042
13.4896,18.71008
13.49141,18.28891
13.49322,17.8863
13.49503,17.50157
13.49684,17.134
13.49865,16.78285
13.50046,16.44736
13.50227,16.12678
13.50408,15.82039
13.50589,15.52747
13.5077,15.24732
13.50951,14.97928
13.51132,14.72273
13.51313,14.47704
13.51494,14.24166
13.51675,14.01603
13.51856,13.79963
13.52037,13.59198
13.52218,13.39262
13.5258,13.01704
13.52941,12.67063
13.53303,12.34866
13.53665,12.0496
13.54027,11.77124
13.54389,11.51162
13.54751,11.26897
13.55113,11.04176
13.55475,10.82859
13.55837,10.62822
13.56199,10.43956
13.56561,10.26162
13.56923,10.09351
13.57285,9.934441
13.57647,9.783688
13.58009,9.64061
13.58371,9.50462
13.58732,9.37554
13.59094,9.252176
13.59456,9.134457
13.59818,9.021988
13.6018,8.914405
13.60542,8.811378
13.60904,8.712604
13.61266,8.617807
13.61628,8.526731
13.62352,8.354827
13.63076,8.195233
13.638,8.046535
13.64523,7.907708
13.65247,7.777327
13.65971,7.654686
13.66695,7.539003
13.67419,7.429593
13.68143,7.325856
13.68867,7.227264
13.69591,7.133352
13.70314,7.043827
13.71038,6.958076
13.71762,6.875899
13.72486,6.797002
13.7321,6.721123
13.73934,6.648026
13.74658,6.577498
13.76105,6.443488
13.77553,6.317572
13.79001,6.198742
13.80449,6.086075
13.81896,5.978866
13.83344,5.87631
13.84792,5.777922
13.8624,5.68322
13.87687,5.59185
13.89135,5.503327
13.90583,5.417401
13.92031,5.333795
13.93478,5.252324
13.96374,5.094674
13.99269,4.943121
14.02165,4.796416
14.0506,4.653738
14.07956,4.514239
14.10851,4.377401
14.13747,4.242628
14.16642,4.1096
14.19538,3.97789
14.22433,3.84732
14.25329,3.717594
14.28224,3.588652
14.3112,3.460312
14.34015,3.332631
14.3691,3.205594
14.39805,3.0793
14.42701,2.95389
14.45596,2.829726
14.48492,2.707114
14.51387,2.586673
14.54283,2.469025
14.57178,2.355179
14.60074,2.246259
14.62969,2.143898
14.64417,2.095754
14.65865,2.050041
14.67313,2.007104
14.6876,1.967364
14.70208,1.931217
14.71656,1.899206
14.73104,1.871919
14.74551,1.850047
14.75999,1.834332
14.77447,1.825685
14.78895,1.825134
14.80342,1.833859
14.8179,1.853251
14.83238,1.884907
14.84686,1.930694
14.8541,1.959554
14.86133,1.992745
14.86857,2.030689
14.87581,2.073705
14.88305,2.122183
14.89029,2.176549
14.89753,2.237266
14.90477,2.304839
14.91201,2.379817
14.91924,2.46268
14.92648,2.554314
14.93372,2.655326
14.94096,2.766504
14.9482,2.888711
14.95544,3.022894
14.96268,3.170097
14.96992,3.331467
14.97715,3.508017
14.98439,3.701635
14.99163,3.913636
14.99887,4.145738
15.00611,4.39985
15.01335,4.678094
15.02059,4.982836
15.02783,5.316718
15.03506,5.682169
15.0423,6.083512
15.04954,6.52399
15.05678,7.007804
15.06402,7.539694
15.07126,8.125029
15.0785,8.769904
15.08574,9.481256
15.09297,10.26587
15.09659,10.68936
15.10021,11.13496
15.10383,11.604
15.10745,12.09793
15.11107,12.61829
15.11469,13.16677
15.11831,13.74516
15.12193,14.35539
15.12555,14.99955
15.12917,15.6799
15.13279,16.39888
15.13641,17.15912
15.14003,17.96347
15.14365,18.81504
15.14727,19.71717
15.15088,20.67081
15.1545,21.68519
15.15812,22.76208
15.16174,23.9062
15.16536,25.1227
15.16898,26.4172
15.1726,27.7959
15.17622,29.26554
15.17984,30.83357
15.18346,32.50816
15.18708,34.29832
15.1907,36.21398
15.19432,38.26613
15.19794,40.46694
15.20156,42.8299
15.20518,45.36998
15.20879,48.09605
15.21241,51.04177
15.21603,54.22066
15.21965,57.656
15.22327,61.37392
15.22689,65.40381
15.23051,69.77877
15.23413,74.53623
15.23775,79.71854
15.24137,85.37378
15.24499,91.55664
15.24861,98.32948
15.25223,105.7636
15.25585,113.9408
15.25947,122.9548
15.26309,132.9139
15.2649,138.2861
15.2667,143.9107
15.26851,149.8689
15.27032,156.1503
15.27213,162.7766
15.27394,169.771
15.27575,177.1589
15.27756,184.9672
15.27937,193.2254
15.28118,201.9649
15.28299,211.2199
15.2848,221.0272
15.28661,231.4264
15.28842,242.4605
15.29023,254.1755
15.29204,266.6213
15.29385,279.8515
15.29565,293.8435
15.29746,308.8145
15.29927,324.7556
15.30108,341.7378
15.30289,359.8371
15.3047,379.1339
15.30651,399.7139
15.30832,421.6671
15.31013,445.0876
15.31194,470.0733
15.31375,496.7248
15.31556,525.1439
15.31737,555.4321
15.31918,587.6881
15.32099,622.0047
15.3228,658.4647
15.3246,696.9162
15.32682,747.4176
15.32903,801.0889
15.33124,858.0868
15.33345,918.231
15.33567,981.4822
15.33788,1046.755
15.3423,1181.04
15.34452,1248.158
15.34673,1312.876
15.34894,1373.83
15.35115,1429.225
15.35337,1477.442
15.35558,1516.343
15.35779,1544.729
15.36,1561.568
15.36222,1566.33
15.36443,1559.002
15.36664,1540.207
15.36885,1510.992
15.37107,1472.565
15.37328,1426.895
15.37549,1375.523
15.3777,1320.103
15.38213,1202.756
15.38655,1085.178
15.38877,1028.067
15.39098,973.2365
15.39319,920.7682
15.3954,870.8742
15.39721,832.0074
15.39901,795.161
15.40081,760.1066
15.40261,726.8146
15.40441,695.2394
15.40621,665.3242
15.40801,637.0041
15.40981,610.2091
15.41162,584.7297
15.41342,560.7733
15.41522,538.1217
15.41702,516.7027
15.41882,496.4462
15.42062,477.2845
15.42242,459.1528
15.42422,441.9894
15.42603,425.6479
15.42783,410.2532
15.42963,395.6606
15.43143,381.8209
15.43323,368.688
15.43503,356.219
15.43683,344.3733
15.43863,333.1133
15.44224,312.1557
15.44584,293.2064
15.44944,275.9815
15.45304,260.2867
15.45665,245.9145
15.46025,232.7962
15.46385,220.7606
15.46745,209.6944
15.47106,199.4709
15.47466,190.059
15.47826,181.3521
15.48186,173.2821
15.48547,165.7686
15.48907,158.7996
15.49267,152.3062
15.49627,146.2458
15.49988,140.5655
15.50348,135.2628
15.50708,130.2911
15.51068,125.6233
15.51429,121.2229
15.51789,117.0921
15.52149,113.1985
15.52509,109.524
15.5287,106.0427
15.5323,102.759
15.5359,99.64942
15.5395,96.70167
15.54311,93.89685
15.54671,91.24019
15.55391,86.3104
15.56112,81.83185
15.56832,77.76061
15.57553,74.03739
15.58273,70.63162
15.58994,67.49866
15.59714,64.61692
15.60435,61.95215
15.61155,59.48894
15.61875,57.20359
15.62595,55.07869
15.63316,53.09628
15.64036,51.24836
15.64757,49.51781
15.65477,47.89884
15.66198,46.37748
15.66918,44.94953
15.67639,43.60347
15.68359,42.33627
15.6908,41.13833
15.698,40.00748
15.70521,38.93563
15.71241,37.92126
15.71962,36.95748
15.72682,36.04328
15.73403,35.17274
15.74123,34.34521
15.75564,32.80348
15.77005,31.39833
15.78446,30.11312
15.79887,28.93371
15.81328,27.84808
15.82769,26.84588
15.8421,25.91823
15.8565,25.058
15.87091,24.2573
15.88532,23.51093
15.89973,22.81376
15.91414,22.1613
15.92855,21.54958
15.94296,20.97511
15.95737,20.43476
15.97178,19.92579
15.98619,19.44573
16.0006,18.99237
16.01501,18.56374
16.02942,18.1581
16.04383,17.77384
16.05824,17.40955
16.08705,16.7361
16.11587,16.12851
16.14469,15.57992
16.17351,15.08461
16.20233,14.63803
16.23115,14.2366
16.25997,13.87766
16.28879,13.55931
16.3176,13.28051
16.34642,13.04065
16.37524,12.84016
16.40406,12.68012
16.43288,12.56245
16.4617,12.49
16.49052,12.4667
16.51934,12.49774
16.54815,12.5898
16.57697,12.75156
16.59138,12.86188
16.60579,12.99395
16.6202,13.1496
16.63461,13.33092
16.64902,13.54026
16.66343,13.78027
16.67784,14.05397
16.69225,14.36479
16.70666,14.71661
16.72107,15.11389
16.73548,15.5617
16.74989,16.06586
16.7643,16.63309
16.7787,17.27062
16.79311,17.9883
16.80752,18.79609
16.82193,19.7061
16.83634,20.73254
16.85075,21.89208
16.86516,23.20447
16.87957,24.69315
16.88678,25.51272
16.89398,26.3861
16.90119,27.32011
16.90839,28.31698
16.9156,29.38479
16.9228,30.52644
16.93001,31.75159
16.93721,33.06401
16.94442,34.47529
16.95162,35.99036
16.95883,37.62329
16.96603,39.38051
16.97324,41.27922
16.98044,43.32792
16.98765,45.54781
16.99485,47.95016
17.00205,50.55761
17.00925,53.39246
17.01646,56.4845
17.02366,59.85406
17.03087,63.5436
17.03807,67.58076
17.04528,72.02047
17.05248,76.9008
17.05969,82.29385
17.06689,88.2527
17.0741,94.87364
17.0777,98.45301
17.0813,102.2318
17.08491,106.2356
17.08851,110.458
17.09211,114.9267
17.09571,119.6603
17.09932,124.6935
17.10292,130.0206
17.10652,135.6795
17.11012,141.697
17.11373,148.1208
17.11733,154.9478
17.12093,162.231
17.12453,170.0097
17.12814,178.3516
17.13174,187.2589
17.13534,196.8077
17.13894,207.0578
17.14255,218.1075
17.14615,229.97
17.14975,242.7581
17.15335,256.5648
17.15696,271.5377
17.16056,287.7118
17.16416,305.2593
17.16776,324.3298
17.17137,345.1523
17.17497,367.8034
17.17857,392.5555
17.18217,419.655
17.18578,449.4692
17.18938,482.1528
17.19298,518.1486
17.19658,557.8711
17.20019,601.9208
17.20199,625.6278
17.20379,650.5917
17.20559,676.8911
17.20739,704.6093
17.20919,733.835
17.21099,764.6621
17.2128,797.3757
17.2146,831.7198
17.2164,867.9809
17.2182,906.275
17.22,946.7232
17.2218,989.4516
17.2236,1034.59
17.2254,1082.273
17.2272,1132.635
17.229,1185.814
17.2308,1241.943
17.2326,1301.155
17.2344,1363.571
17.2362,1429.305
17.238,1498.452
17.2398,1571.085
17.24232,1678.704
17.24483,1792.757
17.24734,1913.449
17.24985,2040.315
17.25488,2309.57
17.2599,2588.011
17.26242,2725.7
17.26493,2857.388
17.26744,2980.061
17.26995,3089.924
17.27247,3183.521
17.27498,3256.608
17.27749,3306.718
17.28,3331.873
17.28252,3331.142
17.28503,3304.851
17.28754,3254.512
17.29005,3182.564
17.29257,3091.764
17.29508,2986.41
17.29759,2869.856
17.3001,2745.649
17.30513,2486.249
17.31015,2229.669
17.31267,2106.073
17.31518,1987.87
17.31769,1875.211
17.3202,1768.471
17.32201,1695.271
17.32381,1625.623
17.32561,1559.086
17.32741,1495.606
17.32921,1435.108
17.33101,1377.502
17.33281,1322.687
17.33461,1270.553
17.33642,1220.721
17.33822,1173.624
17.34002,1128.864
17.34182,1086.327
17.34362,1045.901
17.34542,1007.476
17.34722,970.9467
17.34902,936.2116
17.35263,871.5686
17.35623,813.1794
17.35983,760.203
17.36343,712.0559
17.36703,668.2186
17.37063,628.2306
17.37423,591.6842
17.37783,558.2191
17.38144,527.4351
17.38504,499.2207
17.38864,473.2381
17.39224,449.2669
17.39585,427.0528
17.39945,406.545
17.40305,387.5257
17.40665,369.8577
17.41026,353.3747
17.41386,338.0586
17.41746,323.7643
17.42106,310.4044
17.42466,297.9001
17.42826,286.1807
17.43186,275.1825
17.43546,264.8479
17.43907,255.0987
17.44267,245.9417
17.44627,237.3064
17.44987,229.1538
17.45348,221.428
17.45708,214.1393
17.46068,207.2365
17.46428,200.6927
17.47149,188.5697
17.47869,177.6307
17.48589,167.7116
17.49309,158.6883
17.5003,150.444
17.5075,142.9107
17.51471,135.9891
17.52191,129.6309
17.52912,123.7596
17.53632,118.3404
17.54352,113.3204
17.55072,108.6603
17.55793,104.32
17.56513,100.281
17.57234,96.50515
17.57954,92.97899
17.58675,89.67136
17.59395,86.57243
17.60115,83.66046
17.60835,80.92017
17.61556,78.33438
17.62276,75.89786
17.62997,73.59264
17.63717,71.41499
17.64438,69.34968
17.65158,67.39407
17.65878,65.53765
17.66598,63.7735
17.68039,60.49509
17.6948,57.51696
17.70921,54.80163
17.72361,52.31895
17.73802,50.03843
17.75242,47.94009
17.76683,46.00107
17.78123,44.20683
17.79564,42.53991
17.81005,40.98855
17.82446,39.54131
17.83886,38.18906
17.85327,36.92108
17.86768,35.73049
17.88209,34.61036
17.89649,33.55521
17.9109,32.55805
17.92531,31.61469
17.93972,30.72071
17.95412,29.87268
17.96853,29.06582
17.98293,28.298
17.99734,27.56521
18.01174,26.86579
18.04056,25.55507
18.06937,24.34968
18.09819,23.23445
18.127,22.19805
18.15582,21.22944
18.18463,20.32046
18.21344,19.46311
18.24225,18.65077
18.27107,17.87735
18.29988,17.13828
18.3287,16.4285
18.35751,15.74447
18.38633,15.0821
18.41514,14.4386
18.44396,13.8106
18.47277,13.19595
18.50159,12.5919
18.5304,11.99688
18.55922,11.40881
18.57363,11.11705
18.58803,10.82685
18.60244,10.53773
18.61685,10.24987
18.63126,9.963272
18.64566,9.678219
18.66007,9.394462
18.67447,9.112626
18.68888,8.832658
18.70328,8.555404
18.71769,8.281094
18.7321,8.010723
18.74651,7.745324
18.76091,7.486397
18.77532,7.235261
18.78973,6.994228
18.80414,6.765996
18.81854,6.554121
18.83295,6.362644
18.84016,6.276222
18.84736,6.197231
18.85457,6.126384
18.86177,6.064929
18.86897,6.013956
18.87617,5.974821
18.88338,5.94904
18.89058,5.938444
18.89778,5.944994
18.90498,5.970987
18.91219,6.019137
18.91939,6.092339
18.92659,6.194127
18.93379,6.328527
18.941,6.500462
18.9482,6.714874
18.95541,6.978681
18.95901,7.131051
18.96261,7.298529
18.96622,7.482771
18.96982,7.683975
18.97342,7.903951
18.97702,8.144136
18.98062,8.406092
18.98422,8.691522
18.98782,9.002284
18.99142,9.340403
18.99503,9.70916
18.99863,10.10894
19.00223,10.54338
19.00583,11.01539
19.00944,11.52966
19.01304,12.08686
19.01664,12.69224
19.02024,13.35006
19.02385,14.06713
19.02745,14.84471
19.03105,15.69048
19.03465,16.61088
19.03825,17.61304
19.04185,18.70491
19.04545,19.89537
19.04905,21.19431
19.05266,22.61696
19.05626,24.16791
19.05986,25.86493
19.06346,27.72378
19.06707,29.76819
19.07067,32.00701
19.07427,34.46848
19.07787,37.17856
19.08148,40.1755
19.08508,43.47655
19.08688,45.25593
19.08868,47.12823
19.09048,49.09917
19.09228,51.1749
19.09408,53.36199
19.09588,55.66754
19.09768,58.09914
19.09948,60.66497
19.10128,63.37381
19.10308,66.23515
19.10488,69.25917
19.10668,72.45686
19.10849,75.8594
19.11029,79.44204
19.11209,83.23685
19.11389,87.25873
19.11569,91.52378
19.11749,96.0494
19.11929,100.8544
19.12109,105.9591
19.12289,111.3855
19.12469,117.1575
19.12649,123.3006
19.12829,129.8429
19.13009,136.8144
19.13189,144.2476
19.13369,152.1777
19.13549,160.6426
19.1373,169.7351
19.1391,179.399
19.1409,189.7302
19.1427,200.7795
19.1445,212.601
19.1463,225.2526
19.1481,238.7955
19.1499,253.2944
19.1517,268.8169
19.1535,285.4335
19.1553,303.2164
19.1571,322.2389
19.1589,342.5739
19.1607,364.2923
19.1625,387.4604
19.1643,412.1374
19.16654,445.0246
19.16877,480.2157
19.171,517.8557
19.17323,557.876
19.17546,600.1136
19.17769,644.2869
19.18215,736.5842
19.18439,783.5713
19.18662,829.5773
19.18885,873.726
19.19108,914.8217
19.19331,951.6267
19.19554,982.949
19.19777,1007.741
19.2,1025.194
19.20224,1034.843
19.20447,1036.47
19.2067,1030.371
19.20893,1017.103
19.21116,997.4857
19.21339,972.5054
19.21562,943.2312
19.21785,910.7324
19.22232,839.8175
19.22678,766.7409
19.22901,730.8349
19.23124,695.8948
19.23347,662.1927
19.2357,629.9126
19.23869,589.05
19.24168,551.0564
19.24467,515.9224
19.24765,483.6583
19.25064,453.9036
19.25362,426.6858
19.25661,401.6385
19.25959,378.7446
19.26258,357.6706
19.26556,338.3878
19.26855,320.6083
19.27153,304.3056
19.27452,289.2369
19.2775,275.3826
19.28049,262.5404
19.28347,250.6981
19.28646,239.6877
19.28945,229.4704
19.29244,219.9747
19.29542,211.1647
19.29841,202.9236
19.30139,195.2549
19.30438,188.0605
19.30736,181.3467
19.31035,175.0306
19.31333,169.1204
19.31632,163.5455
19.3193,158.3155
19.32229,153.37
19.32527,148.7191
19.32826,144.3107
19.33124,140.1555
19.33423,136.2083
19.33722,132.4675
19.34021,128.9188
19.34319,125.5598
19.34618,122.3559
19.34916,119.3176
19.35215,116.4143
19.35513,113.656
19.3611,108.503
19.36707,103.7976
19.37304,99.48751
19.37901,95.52803
19.38499,91.87472
19.39096,88.5064
19.39693,85.38773
19.4029,82.49346
19.40887,79.80147
19.41484,77.29237
19.42081,74.94903
19.42678,72.75634
19.43276,70.69756
19.43873,68.76764
19.4447,66.9524
19.45067,65.24233
19.45664,63.62892
19.46261,62.10451
19.46858,60.6622
19.47455,59.29578
19.48053,57.9975
19.4865,56.76658
19.49247,55.59616
19.49844,54.48202
19.50441,53.4203
19.51038,52.40749
19.52232,50.516
19.53427,48.78346
19.54621,47.19357
19.55815,45.72849
19.57009,44.37426
19.58203,43.11889
19.59397,41.952
19.60591,40.86459
19.61785,39.84881
19.6298,38.89701
19.64174,38.00474
19.65368,37.16585
19.66562,36.37564
19.67757,35.6293
19.68951,34.92434
19.70145,34.2568
19.71339,33.62368
19.72534,33.02181
19.73728,32.44977
19.74922,31.90487
19.76116,31.38513
19.77311,30.88834
19.78505,30.41371
19.80893,29.52381
19.83282,28.70425
19.8567,27.94695
19.88059,27.24386
19.90447,26.58926
19.92836,25.97717
19.95224,25.40343
19.97612,24.86373
20.0,24.35454
20.01699,24.00912
20.03398,23.67656
20.06795,23.04662
20.10193,22.45786
20.1359,21.90508
20.16988,21.38319
20.20385,20.88831
20.23783,20.41649
20.2718,19.96472
20.30578,19.52977
20.33975,19.10916
20.37373,18.7001
20.39072,18.4992
20.4077,18.30043
20.42469,18.10328
20.44168,17.90759
20.45867,17.71306
20.47565,17.51952
20.49264,17.32647
20.50963,17.13374
20.52662,16.94103
20.5436,16.74817
20.56059,16.55464
20.57758,16.36026
20.59457,16.16472
20.61155,15.96784
20.62854,15.76909
20.64553,15.56827
20.66252,15.36511
20.6795,15.15946
20.69649,14.95081
20.70499,14.84528
20.71348,14.7391
20.72198,14.63198
20.73047,14.52418
20.73896,14.41557
20.74745,14.30617
20.75595,14.19585
20.76444,14.08493
20.77294,13.97318
20.78143,13.86095
20.78993,13.74807
20.79842,13.63494
20.80691,13.5216
20.8154,13.40826
20.8239,13.29506
20.83239,13.18262
20.84089,13.0711
20.84938,12.96131
20.85788,12.85366
20.86637,12.74925
20.87486,12.64899
20.88335,12.55419
20.89185,12.46638
20.90034,12.38782
20.90459,12.35271
20.90884,12.32091
20.91309,12.29286
20.91733,12.26908
20.92158,12.25003
20.92583,12.23637
20.93008,12.22881
20.93432,12.22815
20.93857,12.23527
20.94281,12.25117
20.94706,12.2771
20.9513,12.31425
20.95555,12.36435
20.9598,12.42906
20.96405,12.51042
20.96829,12.61047
20.97254,12.73238
20.97679,12.87905
20.98104,13.05408
20.98528,13.26117
20.98953,13.5062
20.99378,13.79449
20.99803,14.13283
21.00227,14.52823
21.00652,14.99201
21.01076,15.53324
21.01501,16.1679
21.01713,16.52388
21.01925,16.90908
21.02138,17.32807
21.0235,17.77968
21.02563,18.27126
21.02775,18.80156
21.02988,19.37933
21.032,20.00324
21.03412,20.68042
21.03624,21.41586
21.03837,22.21902
21.04049,23.0885
21.04262,24.03939
21.04474,25.07033
21.04687,26.1995
21.04899,27.42567
21.05111,28.76425
21.05323,30.22678
21.05536,31.83394
21.05748,33.58493
21.05961,35.51228
21.06173,37.61551
21.06386,39.93415
21.06598,42.46806
21.0681,45.25141
21.07022,48.31031
21.07235,51.68995
21.07447,55.38972
21.07659,59.45812
21.07871,63.93062
21.08084,68.86868
21.08296,74.26412
21.08508,80.17686
21.0872,86.64278
21.08925,93.45107
21.0913,100.8283
21.09335,108.7866
21.0954,117.3242
21.09745,126.4203
21.0995,136.0296
21.10155,146.0768
21.1036,156.4509
21.10565,167.0022
21.1077,177.5405
21.10975,187.8383
21.1118,197.6384
21.11385,206.6675
21.1159,214.654
21.11795,221.3498
21.12,226.5519
21.12205,230.1209
21.1241,231.993
21.12615,232.1834
21.1282,230.7806
21.13025,227.9339
21.1323,223.8357
21.13435,218.7022
21.1364,212.7563
21.1405,199.2673
21.1446,184.8302
21.14665,177.599
21.1487,170.4892
21.15075,163.5691
21.1528,156.8875
21.15468,150.9979
21.15656,145.3523
21.15844,139.9593
21.16032,134.8215
21.1622,129.9373
21.16408,125.3019
21.16596,120.9082
21.16783,116.7687
21.16971,112.8295
21.17159,109.1027
21.17347,105.5776
21.17535,102.2432
21.17723,99.089
21.17911,96.10445
21.18099,93.27953
21.18286,90.61846
21.18474,88.08368
21.18662,85.68114
21.1885,83.40265
21.19038,81.24054
21.19226,79.18757
21.19414,77.23699
21.19602,75.38249
21.19789,73.62732
21.19977,71.94721
21.20165,70.34664
21.20353,68.82083
21.20541,67.3653
21.20729,65.97588
21.20917,64.64869
21.21292,62.17308
21.21668,59.89916
21.22044,57.81107
21.2242,55.88894
21.22795,54.11994
21.23171,52.47946
21.23547,50.95905
21.23923,49.54698
21.24298,48.23623
21.24674,47.01068
21.2505,45.86582
21.25426,44.79443
21.25801,43.79266
21.26177,42.84945
21.26552,41.96469
21.26928,41.12908
21.27303,40.34293
21.27679,39.59833
21.28055,38.89407
21.28431,38.22711
21.28806,37.59631
21.29182,36.99583
21.29558,36.42509
21.29934,35.88204
21.30309,35.36611
21.30685,34.87283
21.31061,34.40201
21.31437,33.95221
21.31812,33.5232
21.32563,32.71809
21.33314,31.97799
21.34066,31.2946
21.34817,30.66338
21.35569,30.07714
21.3632,29.53269
21.37072,29.02444
21.37823,28.55014
21.38574,28.10593
21.39325,27.68902
21.40077,27.29645
21.40828,26.9271
21.4158,26.57803
21.42331,26.24846
21.43083,25.93595
21.43834,25.63996
21.44586,25.35845
21.45337,25.09105
21.46089,24.83603
21.4684,24.59316
21.47592,24.36096
21.48343,24.13929
21.49095,23.92686
21.49846,23.72362
21.50597,23.5287
21.51348,23.34157
21.52851,22.98857
21.54354,22.66145
21.55857,22.35731
21.57359,22.07382
21.58862,21.80847
21.60365,21.55958
21.61868,21.32554
21.6337,21.10509
21.64873,20.8967
21.66376,20.69943
21.67879,20.51232
21.69382,20.33452
21.70885,20.16526
21.72388,20.00387
21.73891,19.84975
21.75393,19.70244
21.76896,19.56126
21.78399,19.42587
21.79902,19.29585
21.81404,19.17094
21.82907,19.05064
21.8441,18.93472
21.87415,18.71504
21.90421,18.50982
21.93427,18.31749
21.96433,18.13666
21.99438,17.9662
22.02444,17.80497
22.05449,17.65219
22.08455,17.50699
22.1146,17.36878
22.14466,17.23689
22.17472,17.11084
22.20478,16.99016
22.23483,16.87447
22.26489,16.76334
22.29494,16.65649
22.325,16.55358
22.35505,16.45439
22.38511,16.35863
22.41517,16.26609
22.47528,16.08996
22.53539,15.92458
22.5955,15.76877
22.65562,15.62151
22.71573,15.482
22.77584,15.3495
22.83595,15.22336
22.89607,15.10301
22.95618,14.98803
23.01629,14.87795
23.0764,14.77241
23.13652,14.67106
23.19663,14.57363
23.25674,14.47983
23.31685,14.38943
23.37697,14.30218
23.43708,14.21794
23.5573,14.05768
23.67753,13.90737
23.79775,13.76597
23.91798,13.63256
24.0382,13.50639
24.15843,13.38679
24.27865,13.27318
24.39888,13.16505
24.5191,13.06198
24.63933,12.96354
24.75955,12.86941
24.87977,12.77927
24.99999,12.69283
25.00001,36.25283
30.0,35.65655
35.0,35.13395
40.0,34.668
50.0,33.8631
60.0,33.1824
72.0,32.48251
85.0,31.83001
100.0,31.17833
125.0,30.26545
150.0,29.5064
170.0,28.97969
200.0,28.29031
250.0,27.33653
300.0,26.55373
350.0,25.89132
400.0,25.31826
500.0,24.36476
600.0,23.59199
720.0,22.82717
850.0,22.1395
1000.0,21.47555
1250.0,20.58128
1500.0,19.86728
1700.0,19.38657
2000.0,18.7746
2500.0,17.95799
3000.0,17.31205
3500.0,16.78135
4000.0,16.3333
4500.0,15.94719
5000.0,15.60909
5000.001,15.60909
5500.0,15.30918
6499.999,14.79717
6500.001,14.93209
7000.0,15.07854
7589.73,15.09015
7589.735,15.09015
8000.0,14.96313
10000.0,13.89044
15000.0,12.16377
20000.0,11.03827
30000.0,10.05398
36076.4,9.72676
36076.41,9.726759
40000.0,9.404324
50000.0,8.989812
53883.09,8.868969
53883.1,8.868969
65911.9,8.474324
65911.91,8.474324
70000.0,8.336139
80000.0,8.051912
91469.38,7.915095
91469.4,7.915095
99049.0,7.736597
99049.05,7.736596
100000.0,7.714165
113695.0,7.512421
113695.1,7.512419
128139.8,7.242369
128140.0,7.242365
150000.0,6.739829
175318.9,6.510674
175319.0,6.510673
184106.0,6.419638
184106.5,6.419631
190448.0,6.336885
190448.1,6.336884
195934.0,6.265266
197192.0,6.238893
197192.2,6.238889
200000.0,6.180019
238563.0,5.85611
238563.3,5.856107
247924.7,5.777413
247925.0,5.77741
262721.6,5.653022
262722.0,5.653019
300000.0,5.314187
400000.0,4.909205
500000.0,4.608009
600000.0,4.497731
613017.0,4.488504
700000.0,4.426844
800000.0,4.40869
900000.0,4.408418
1000000.0,4.424059
1100000.0,4.431394
1106250.0,4.432229
1138460.0,4.436531
1172680.0,4.441103
1200000.0,4.444752
1213950.0,4.445349
1258240.0,4.447243
1300000.0,4.449029
1307570.0,4.44986
1362930.0,4.455934
1400000.0,4.460001
1500000.0,4.452887
1600000.0,4.449018
1700000.0,4.427392
1800000.0,4.406539
1900000.0,4.372129
2000000.0,4.333458
3000000.0,3.677154
4000000.0,2.95474
5000000.0,2.459117
5684250.0,2.299518
5905699.0,2.247866
5905700.0,2.247866
6000000.0,2.225871
7000000.0,2.181111
8000000.0,2.247698
8646660.0,2.295558
9000000.0,2.321709
10000000.0,2.451903
11000000.0,2.577054
12000000.0,2.689663
13000000.0,2.778124
14000000.0,2.841418
14218180.0,2.84965
14218200.0,2.849651
14500000.0,2.860104
14625800.0,2.864857
15000000.0,2.878995
16000000.0,2.891078
17000000.0,2.87995
18000000.0,2.848868
19000000.0,2.801566
20000000.0,2.741359
