1e-05,5.296399
1.03125e-05,5.296397
1.0625e-05,5.296396
1.09375e-05,5.296395
1.125e-05,5.296394
1.15625e-05,5.296393
1.1875e-05,5.296392
1.21875e-05,5.296391
1.25e-05,5.29639
1.28125e-05,5.296389
1.3125e-05,5.296388
1.34375e-05,5.296387
1.375e-05,5.296386
1.4375e-05,5.296384
1.5e-05,5.296382
1.5625e-05,5.296379
1.625e-05,5.296377
1.6875e-05,5.296375
1.75e-05,5.296373
1.8125e-05,5.296371
1.875e-05,5.296369
1.9375e-05,5.296367
2e-05,5.296365
2.09375e-05,5.296362
2.1875e-05,5.296358
2.28125e-05,5.296355
2.375e-05,5.296352
2.46875e-05,5.296349
2.5625e-05,5.296346
2.65625e-05,5.296343
2.75e-05,5.29634
2.84375e-05,5.296336
2.9375e-05,5.296333
3.03125e-05,5.29633
3.125e-05,5.296327
3.21875e-05,5.296324
3.3125e-05,5.296321
3.40625e-05,5.296318
3.5e-05,5.296314
3.59375e-05,5.296311
3.6875e-05,5.296308
3.78125e-05,5.296305
3.875e-05,5.296302
3.96875e-05,5.296299
4.0625e-05,5.296296
4.25e-05,5.296289
4.4375e-05,5.296283
4.625e-05,5.296277
4.8125e-05,5.296271
5e-05,5.296264
5.15625e-05,5.296259
5.3125e-05,5.296254
5.46875e-05,5.296249
5.625e-05,5.296244
5.78125e-05,5.296238
5.9375e-05,5.296233
6.09375e-05,5.296228
6.25e-05,5.296223
6.40625e-05,5.296218
6.5625e-05,5.296212
6.71875e-05,5.296207
6.875e-05,5.296202
7.1875e-05,5.296192
7.5e-05,5.296181
7.8125e-05,5.296171
8.125e-05,5.29616
8.4375e-05,5.29615
8.75e-05,5.29614
9.0625e-05,5.296129
9.375e-05,5.296119
9.6875e-05,5.296109
0.0001,5.296098
0.000103125,5.296088
0.00010625,5.296077
0.000109375,5.296067
0.0001125,5.296057
0.000115625,5.296046
0.00011875,5.296036
0.000121875,5.296026
0.000125,5.296015
0.000128125,5.296005
0.00013125,5.295995
0.000134375,5.295984
0.0001375,5.295974
0.00014375,5.295953
0.00015,5.295933
0.00015625,5.295912
0.0001625,5.295891
0.00016875,5.29587
0.000175,5.29585
0.00018125,5.295829
0.0001875,5.295808
0.00019375,5.295788
0.0002,5.295767
0.000209375,5.295736
0.00021875,5.295705
0.000228125,5.295674
0.0002375,5.295643
0.000246875,5.295612
0.00025625,5.295581
0.000265625,5.29555
0.000275,5.295519
0.000284375,5.295488
0.00029375,5.295457
0.000303125,5.295426
0.0003125,5.295395
0.000321875,5.295364
0.00033125,5.295333
0.000340625,5.295302
0.00035,5.295272
0.000359375,5.295241
0.00036875,5.29521
0.000378125,5.295179
0.0003875,5.295148
0.000396875,5.295117
0.00040625,5.295086
0.000425,5.295024
0.00044375,5.294962
0.0004625,5.2949
0.00048125,5.294838
0.0005,5.294777
0.000515625,5.294725
0.00053125,5.294673
0.000546875,5.294622
0.0005625,5.29457
0.000578125,5.294519
0.00059375,5.294467
0.000609375,5.294416
0.000625,5.294364
0.000640625,5.294313
0.00065625,5.294261
0.000671875,5.29421
0.0006875,5.294158
0.00071875,5.294055
0.00075,5.293952
0.00078125,5.293849
0.0008125,5.293746
0.00084375,5.293643
0.000875,5.29354
0.00090625,5.293437
0.0009375,5.293334
0.00096875,5.293231
0.001,5.293128
0.00103125,5.293025
0.0010625,5.292922
0.00109375,5.292819
0.001125,5.292716
0.00115625,5.292613
0.0011875,5.29251
0.00121875,5.292407
0.00125,5.292304
0.00128125,5.292201
0.0013125,5.292098
0.001375,5.291892
0.0014375,5.291686
0.0015,5.29148
0.0015625,5.291274
0.001625,5.291068
0.0016875,5.290862
0.00175,5.290656
0.0018125,5.29045
0.001875,5.290244
0.0019375,5.290038
0.002,5.289831
0.00209375,5.289522
0.0021875,5.289213
0.00228125,5.288904
0.002375,5.288595
0.00246875,5.288285
0.0025625,5.287976
0.00265625,5.287667
0.00275,5.287357
0.00284375,5.287048
0.0029375,5.286739
0.00303125,5.286429
0.003125,5.28612
0.00321875,5.28581
0.0033125,5.285501
0.00340625,5.285191
0.0035,5.284882
0.00359375,5.284572
0.0036875,5.284263
0.00378125,5.283953
0.003875,5.283643
0.00396875,5.283334
0.0040625,5.283024
0.00425,5.282404
0.0044375,5.281785
0.004625,5.281165
0.0048125,5.280545
0.005,5.279925
0.00515625,5.279408
0.0053125,5.278891
0.00546875,5.278374
0.005625,5.277857
0.00578125,5.27734
0.0059375,5.276823
0.00609375,5.276306
0.00625,5.275788
0.00640625,5.275271
0.0065625,5.274753
0.006875,5.273718
0.0071875,5.272683
0.0075,5.271647
0.0078125,5.270611
0.008125,5.269575
0.0084375,5.268539
0.00875,5.267502
0.0090625,5.266465
0.009375,5.265428
0.0096875,5.26439
0.01,5.263353
0.0103125,5.262315
0.010625,5.261277
0.0109375,5.260239
0.01125,5.259201
0.0115625,5.258163
0.011875,5.257124
0.0121875,5.256085
0.0125,5.255047
0.013125,5.252969
0.01375,5.250891
0.014375,5.248813
0.015,5.246734
0.015625,5.244656
0.01625,5.242578
0.016875,5.2405
0.0175,5.238422
0.018125,5.236345
0.01875,5.234268
0.019375,5.232192
0.02,5.230117
0.0206625,5.227919
0.021325,5.225721
0.0219875,5.223525
0.02265,5.221331
0.0233125,5.219138
0.023975,5.216947
0.0246375,5.214758
0.0253,5.212572
0.02607188,5.210027
0.02684375,5.207487
0.02761563,5.20495
0.0283875,5.202417
0.02915938,5.199889
0.02993125,5.197366
0.031475,5.192335
0.03301875,5.187328
0.0345625,5.182349
0.03610625,5.177399
0.03765,5.172483
0.03919375,5.167604
0.0407375,5.162765
0.04228125,5.157972
0.043825,5.153228
0.04536875,5.148538
0.0469125,5.143905
0.04845625,5.139336
0.05,5.134836
0.0515625,5.130356
0.053125,5.125958
0.0546875,5.121648
0.05625,5.117434
0.0578125,5.113321
0.059375,5.109318
0.0609375,5.105432
0.0625,5.101671
0.0640625,5.098045
0.065625,5.094563
0.0671875,5.091234
0.06875,5.088069
0.0703125,5.085077
0.071875,5.082272
0.075,5.077266
0.078125,5.073154
0.08125,5.07005
0.084375,5.068079
0.0875,5.067382
0.090625,5.068112
0.09375,5.070436
0.096875,5.074541
0.1,5.080629
0.102495,5.087061
0.10499,5.09502
0.107485,5.104637
0.10998,5.116049
0.112475,5.129404
0.11497,5.144858
0.117465,5.162576
0.11996,5.182731
0.122305,5.204056
0.12465,5.227849
0.126995,5.25427
0.12934,5.283484
0.131685,5.315657
0.13403,5.350958
0.136375,5.389553
0.13872,5.431607
0.141065,5.477278
0.14341,5.526717
0.145755,5.580061
0.1481,5.637433
0.150445,5.698933
0.15279,5.764639
0.155135,5.834598
0.15748,5.908824
0.159825,5.987289
0.16217,6.069922
0.164515,6.156603
0.16686,6.247157
0.169205,6.341355
0.17155,6.438907
0.173895,6.539465
0.17624,6.642622
0.178585,6.747914
0.18093,6.854826
0.1821025,6.908715
0.183275,6.962795
0.1844475,7.016989
0.18562,7.071221
0.1867925,7.125409
0.187965,7.179474
0.1891375,7.233335
0.19031,7.286909
0.1914825,7.340116
0.192655,7.392874
0.1938275,7.445102
0.195,7.496722
0.19625,7.550997
0.1975,7.604401
0.19875,7.656846
0.2,7.708247
0.2021888,7.795497
0.2043775,7.878898
0.2065663,7.958105
0.208755,8.03281
0.2109438,8.102771
0.2131325,8.167792
0.2153213,8.227743
0.21751,8.282537
0.2196988,8.33215
0.2218875,8.376597
0.2240763,8.415947
0.226265,8.450298
0.2284538,8.479794
0.2306425,8.504599
0.2328313,8.524906
0.23502,8.540927
0.2372088,8.552887
0.2393975,8.56102
0.2415863,8.565569
0.243775,8.566777
0.2459638,8.564886
0.2481525,8.560135
0.2503413,8.552758
0.25253,8.542981
0.2547188,8.531019
0.2569075,8.517083
0.2590963,8.501365
0.261285,8.484055
0.2634738,8.465323
0.2656625,8.445334
0.2678513,8.424239
0.27004,8.402179
0.2718366,8.383441
0.2736332,8.364206
0.2754298,8.344536
0.2772263,8.324491
0.2790229,8.304122
0.2808194,8.28348
0.282616,8.262609
0.2844125,8.241554
0.2862091,8.220351
0.2880057,8.199038
0.2898023,8.177647
0.2915988,8.156211
0.2933954,8.134753
0.2951919,8.113303
0.2969885,8.091879
0.298785,8.070507
0.3005816,8.049201
0.3023782,8.02798
0.3041748,8.006861
0.3059713,7.985857
0.3077679,7.964979
0.3095644,7.94424
0.311361,7.923647
0.3131575,7.903212
0.3149541,7.882941
0.3167507,7.86284
0.3185473,7.842916
0.3203438,7.823175
0.3221404,7.803618
0.3239369,7.784252
0.3257335,7.765077
0.32753,7.746098
0.3293266,7.727315
0.3311232,7.70873
0.3329198,7.690343
0.3347163,7.672157
0.3365129,7.65417
0.3383094,7.636383
0.340106,7.618794
0.3419025,7.601405
0.3436991,7.584212
0.3454957,7.567215
0.3472923,7.550414
0.3490888,7.533806
0.3508854,7.51739
0.3526819,7.501164
0.3544785,7.485126
0.356275,7.469274
0.3580716,7.453605
0.3598682,7.438118
0.3616648,7.42281
0.3634613,7.407681
0.3652579,7.392725
0.3670544,7.377942
0.368851,7.363328
0.3706475,7.348882
0.3724441,7.334601
0.3742407,7.320481
0.3760373,7.306521
0.3778338,7.29272
0.3796304,7.279072
0.3814269,7.265577
0.3832235,7.252231
0.38502,7.239033
0.3868166,7.225978
0.3886132,7.213066
0.3922063,7.187659
0.3957994,7.162792
0.3993925,7.138444
0.4029857,7.114598
0.4065788,7.091235
0.4101719,7.068338
0.413765,7.045889
0.4173582,7.023871
0.4209513,7.002269
0.4245444,6.981066
0.4281375,6.960247
0.4317307,6.939797
0.4353238,6.919703
0.4389169,6.899949
0.44251,6.880523
0.4461032,6.861411
0.4496963,6.842602
0.4532894,6.824083
0.4568825,6.805842
0.4604757,6.787867
0.4640688,6.770149
0.4676619,6.752675
0.471255,6.735437
0.4748482,6.718424
0.4784413,6.701626
0.4820344,6.685035
0.4856275,6.66864
0.4892207,6.652434
0.4928138,6.636408
0.5,6.604862
0.5091866,6.565435
0.5183732,6.526903
0.5275598,6.489151
0.5367463,6.452071
0.5459329,6.415559
0.5551194,6.37952
0.564306,6.343861
0.5734925,6.308492
0.5826791,6.273329
0.5918657,6.238288
0.6010523,6.20329
0.6102388,6.168256
0.6194254,6.133109
0.6286119,6.097775
0.6377985,6.062183
0.646985,6.026262
0.6561716,5.98995
0.6653582,5.953187
0.6745448,5.915928
0.6837313,5.87814
0.6929179,5.839812
0.7021044,5.800969
0.7066977,5.781375
0.711291,5.761685
0.7158843,5.741921
0.7204775,5.722109
0.7250708,5.702286
0.7296641,5.682498
0.7342574,5.662802
0.7388507,5.64327
0.743444,5.623994
0.7480373,5.605083
0.7526306,5.586674
0.7572238,5.568936
0.7618171,5.552072
0.7664104,5.536329
0.7710037,5.522007
0.7755969,5.509467
0.7801902,5.499135
0.7847835,5.49152
0.7893768,5.487217
0.79397,5.486912
0.7979094,5.490426
0.8018488,5.497997
0.8057882,5.510207
0.8097275,5.52766
0.8176063,5.580678
0.825485,5.661167
0.8294244,5.712434
0.8333638,5.770966
0.8373032,5.836294
0.8412425,5.907564
0.8451819,5.983526
0.8491213,6.06255
0.8530607,6.142713
0.857,6.221909
0.8609394,6.298018
0.8648788,6.369052
0.8688182,6.433312
0.8727575,6.489492
0.8766969,6.536744
0.8806363,6.574671
0.888515,6.622978
0.8963938,6.638159
0.9042725,6.626686
0.9082119,6.613154
0.9121513,6.595525
0.9160907,6.574534
0.92003,6.550831
0.9250282,6.517728
0.9300263,6.482122
0.9350244,6.444781
0.9400225,6.406309
0.9450207,6.36717
0.9500188,6.327721
0.9550169,6.288222
0.960015,6.248865
0.9650132,6.209784
0.9700113,6.171072
0.9750094,6.132786
0.9800075,6.094961
0.9850057,6.057609
0.9900038,6.020731
0.9950019,5.984317
1.0,5.948347
1.004693,5.914958
1.009385,5.881925
1.018769,5.816812
1.028154,5.752795
1.037538,5.689689
1.046923,5.627291
1.056307,5.565445
1.065691,5.503994
1.075075,5.442816
1.08446,5.381808
1.093844,5.320923
1.103229,5.260128
1.112613,5.199461
1.121998,5.138994
1.131382,5.078893
1.140766,5.019397
1.15015,4.960865
1.154843,4.932106
1.159535,4.903797
1.164227,4.876026
1.168919,4.848901
1.173612,4.822545
1.178304,4.797114
1.182996,4.772774
1.187688,4.749722
1.192381,4.728181
1.197073,4.708425
1.201765,4.690756
1.206457,4.675524
1.211149,4.66314
1.215841,4.654076
1.220533,4.648878
1.225225,4.648179
1.229918,4.652713
1.23461,4.663326
1.239302,4.680999
1.243994,4.706868
1.248687,4.742256
1.253379,4.788669
1.258071,4.847866
1.262763,4.921871
1.267456,5.013031
1.272148,5.123976
1.27684,5.257768
1.281532,5.417859
1.286224,5.608137
1.290916,5.832932
1.295608,6.097001
1.3003,6.405473
1.304532,6.726256
1.308763,7.091465
1.312994,7.505056
1.317225,7.970552
1.321457,8.490928
1.325688,9.06771
1.329919,9.701235
1.33415,10.38966
1.338382,11.12871
1.342613,11.91057
1.346844,12.7246
1.351075,13.55667
1.355307,14.3899
1.359538,15.2047
1.363769,15.9811
1.368,16.6995
1.372232,17.34253
1.376463,17.89585
1.380694,18.35009
1.384925,18.70061
1.389157,18.94767
1.393388,19.09557
1.397619,19.15214
1.40185,19.12737
1.406082,19.03249
1.410313,18.87911
1.418775,18.44093
1.423007,18.17576
1.427238,17.89113
1.431469,17.59376
1.4357,17.28929
1.440109,16.96931
1.444518,16.65056
1.448927,16.33613
1.453335,16.0284
1.457744,15.72887
1.462152,15.43884
1.466561,15.15892
1.470969,14.88965
1.475378,14.63108
1.479787,14.38328
1.484196,14.1461
1.488604,13.91934
1.493013,13.7026
1.497421,13.49559
1.50183,13.29785
1.506238,13.10906
1.510647,12.9287
1.515056,12.75643
1.519465,12.59183
1.523873,12.43454
1.528282,12.28411
1.53269,12.14025
1.537099,12.00253
1.541507,11.8707
1.545916,11.74437
1.550324,11.62331
1.554733,11.50718
1.559141,11.39576
1.56355,11.28876
1.567958,11.18598
1.572367,11.08717
1.576775,10.99215
1.581184,10.90068
1.585593,10.81261
1.59441,10.64599
1.603227,10.491
1.612044,10.34651
1.620862,10.21152
1.629679,10.08519
1.638496,9.966708
1.647313,9.855387
1.656131,9.750596
1.664948,9.651804
1.673765,9.558502
1.682582,9.470245
1.691399,9.386633
1.700216,9.307304
1.709033,9.231935
1.71785,9.160228
1.726668,9.09191
1.735485,9.026754
1.744302,8.96453
1.753119,8.905038
1.761937,8.848086
1.770754,8.79352
1.779571,8.741179
1.788388,8.690921
1.797206,8.642611
1.806023,8.596139
1.81484,8.551391
1.823657,8.508263
1.841291,8.426499
1.858925,8.350172
1.87656,8.278697
1.894194,8.211578
1.911829,8.148367
1.929463,8.088689
1.947098,8.032199
1.964732,7.978608
1.982366,7.927648
2.0,7.879087
2.022694,7.819787
2.045388,7.763725
2.068082,7.710561
2.090775,7.659998
2.113469,7.611769
2.136163,7.565646
2.158857,7.521421
2.18155,7.478913
2.204244,7.437954
2.226938,7.398398
2.249632,7.36011
2.272325,7.322972
2.295019,7.286868
2.317713,7.2517
2.340407,7.217373
2.3631,7.183804
2.385794,7.150908
2.408488,7.118613
2.431182,7.086847
2.453875,7.055547
2.499263,6.994085
2.54465,6.933756
2.590038,6.874112
2.635425,6.814727
2.680813,6.75517
2.7262,6.695004
2.748894,6.664548
2.771588,6.633761
2.794282,6.602578
2.816975,6.57093
2.839669,6.53874
2.862363,6.505927
2.885057,6.472405
2.90775,6.438076
2.930444,6.402831
2.953138,6.366552
2.975832,6.329106
2.998525,6.290342
3.021219,6.250085
3.043913,6.208139
3.066607,6.164276
3.0893,6.118232
3.100647,6.094295
3.111994,6.069692
3.123341,6.044374
3.134688,6.018289
3.146035,5.991381
3.157382,5.963587
3.168729,5.934839
3.180075,5.905064
3.191422,5.874174
3.202769,5.842082
3.214116,5.808689
3.225463,5.773884
3.23681,5.737546
3.248157,5.699545
3.259504,5.659735
3.27085,5.617964
3.276524,5.596286
3.282197,5.574056
3.287871,5.551244
3.293544,5.527836
3.299218,5.503799
3.304891,5.479119
3.310565,5.453764
3.316238,5.427723
3.321912,5.400964
3.327585,5.373479
3.333259,5.345244
3.338932,5.316259
3.344606,5.286509
3.350279,5.256011
3.355952,5.224774
3.361625,5.192831
3.367299,5.160228
3.372972,5.127055
3.378646,5.093414
3.384319,5.059473
3.389993,5.02544
3.395666,4.991619
3.40134,4.95839
3.404177,4.942157
3.407013,4.926286
3.40985,4.910858
3.412687,4.895983
3.415524,4.881779
3.41836,4.868387
3.421197,4.855954
3.424034,4.84466
3.426871,4.834705
3.429707,4.826319
3.432544,4.819753
3.435381,4.815297
3.438218,4.813278
3.441054,4.814056
3.443891,4.818038
3.446727,4.82567
3.449564,4.83745
3.4524,4.853911
3.456,4.882478
3.4596,4.920837
3.4632,4.970369
3.4668,5.03251
3.4704,5.108686
3.474,5.200236
3.4776,5.308297
3.4812,5.433672
3.4848,5.57667
3.4884,5.736939
3.492,5.913321
3.4956,6.103737
3.4992,6.305158
3.5028,6.513671
3.5064,6.724665
3.51,6.933121
3.5136,7.133979
3.5172,7.32253
3.5208,7.494761
3.5244,7.647614
3.528,7.779117
3.5316,7.888392
3.5352,7.975545
3.5388,8.041498
3.5424,8.08777
3.546,8.11627
3.5532,8.128431
3.5568,8.116333
3.5604,8.094759
3.564,8.065466
3.5676,8.03001
3.571567,7.985407
3.575533,7.936483
3.5795,7.88447
3.583466,7.830412
3.587433,7.775102
3.591399,7.719214
3.595366,7.663227
3.599332,7.607559
3.603299,7.552477
3.607265,7.498228
3.611232,7.444945
3.615198,7.392762
3.619165,7.341726
3.623131,7.291904
3.627097,7.243302
3.631063,7.195919
3.63503,7.149732
3.638996,7.104739
3.642963,7.060887
3.646929,7.018161
3.650896,6.9765
3.654862,6.935881
3.658828,6.89625
3.662794,6.857562
3.666761,6.819762
3.670727,6.782825
3.67866,6.711327
3.686593,6.64273
3.694525,6.576724
3.702458,6.512999
3.710391,6.451288
3.718324,6.391339
3.726257,6.332921
3.73419,6.27582
3.742123,6.219839
3.750056,6.164795
3.757988,6.110525
3.765921,6.056857
3.773854,6.00365
3.781787,5.950766
3.789719,5.898078
3.797652,5.845448
3.805585,5.792765
3.813518,5.739914
3.82145,5.686791
3.829383,5.633277
3.837316,5.579277
3.845249,5.524693
3.853182,5.469428
3.861115,5.413393
3.869048,5.3565
3.876981,5.298667
3.884913,5.239828
3.892846,5.179902
3.900779,5.11884
3.908712,5.056603
3.916644,4.993177
3.924577,4.928552
3.93251,4.862773
3.940443,4.795925
3.948375,4.728159
3.956308,4.659681
3.964241,4.590826
3.968208,4.556392
3.972174,4.52206
3.976141,4.487901
3.980107,4.454034
3.984074,4.420562
3.98804,4.387644
3.992007,4.355426
3.995973,4.324116
3.99994,4.293919
4.003906,4.26511
4.007872,4.23798
4.011838,4.212878
4.015805,4.190202
4.019771,4.170432
4.023738,4.154098
4.027704,4.141837
4.031671,4.134367
4.035637,4.132529
4.039603,4.137285
4.043569,4.149743
4.047536,4.171185
4.051502,4.203057
4.055469,4.247038
4.059435,4.304992
4.063402,4.379076
4.067368,4.471635
4.071334,4.585326
4.0753,4.723038
4.079344,4.891423
4.083388,5.091511
4.087432,5.326878
4.091475,5.600974
4.095519,5.91719
4.099563,6.278186
4.103607,6.685799
4.10765,7.140465
4.111694,7.641237
4.115738,8.184694
4.119782,8.765043
4.123825,9.37369
4.127869,9.999939
4.131913,10.63049
4.135957,11.25076
4.14,11.84561
4.144044,12.40102
4.148088,12.9044
4.152132,13.34598
4.156175,13.71926
4.160219,14.02142
4.164263,14.25265
4.168307,14.41596
4.17235,14.51644
4.176394,14.56066
4.180438,14.55579
4.184482,14.50925
4.188525,14.42825
4.192569,14.31941
4.196613,14.18873
4.200657,14.04146
4.2047,13.88212
4.207807,13.75382
4.210914,13.62205
4.214021,13.48803
4.217127,13.35286
4.220234,13.21731
4.223341,13.08216
4.226448,12.94802
4.229554,12.8154
4.232661,12.68462
4.235768,12.55602
4.238875,12.42987
4.241981,12.30636
4.245088,12.18556
4.248194,12.06764
4.251301,11.95258
4.254407,11.84048
4.257514,11.73128
4.260621,11.625
4.263728,11.52161
4.266834,11.4211
4.273047,11.22839
4.27926,11.04638
4.285474,10.8745
4.291687,10.7122
4.2979,10.55888
4.304113,10.41394
4.310327,10.27679
4.31654,10.14696
4.322753,10.02391
4.328966,9.907163
4.33518,9.796264
4.341393,9.690837
4.347606,9.590485
4.353819,9.494856
4.360033,9.403612
4.366246,9.316483
4.372459,9.233176
4.378672,9.153437
4.384886,9.07702
4.391099,9.00373
4.397312,8.933355
4.403525,8.86571
4.409739,8.800612
4.415952,8.737924
4.422166,8.677478
4.428379,8.619158
4.434593,8.562818
4.440806,8.508358
4.453232,8.40462
4.465659,8.30714
4.478085,8.215246
4.490512,8.128323
4.502938,8.045857
4.515365,7.967371
4.527791,7.892465
4.540218,7.820762
4.552644,7.751946
4.565071,7.685712
4.577497,7.621806
4.589924,7.559978
4.60235,7.500021
4.614777,7.441724
4.627204,7.384909
4.639631,7.329407
4.652057,7.275064
4.664484,7.221723
4.67691,7.169256
4.689337,7.117521
4.701763,7.066402
4.71419,7.01577
4.726616,6.965518
4.739043,6.915524
4.751469,6.865685
4.763896,6.815885
4.776322,6.766023
4.788749,6.715981
4.801175,6.665661
4.813602,6.614942
4.826029,6.563717
4.838456,6.511874
4.850882,6.459299
4.863309,6.405866
4.875735,6.351464
4.888162,6.295963
4.900588,6.23925
4.913015,6.1812
4.925441,6.121708
4.931655,6.091384
4.937868,6.060667
4.944081,6.029544
4.950294,5.998009
4.956508,5.96605
4.962721,5.933679
4.968934,5.900893
4.975147,5.8677
4.981361,5.834111
4.987574,5.800159
4.993787,5.765872
5.0,5.731294
5.008113,5.685807
5.016225,5.640116
5.024338,5.594466
5.03245,5.549214
5.036507,5.52687
5.040563,5.504818
5.044619,5.483136
5.048675,5.461921
5.052732,5.441281
5.056788,5.421356
5.060844,5.40229
5.0649,5.384256
5.068957,5.367448
5.073013,5.352104
5.077069,5.338481
5.081125,5.326881
5.085182,5.317648
5.089238,5.311183
5.093294,5.307936
5.09735,5.308426
5.101407,5.313243
5.105463,5.323054
5.109519,5.338618
5.113575,5.360786
5.117632,5.390523
5.121688,5.428876
5.125744,5.47702
5.1298,5.536233
5.134188,5.614343
5.138575,5.70882
5.142963,5.821594
5.14735,5.954478
5.151738,6.109268
5.156125,6.287361
5.160513,6.489856
5.1649,6.717016
5.169288,6.968412
5.173675,7.242287
5.178063,7.535829
5.18245,7.844585
5.186838,8.163032
5.191225,8.484215
5.195613,8.800704
5.2,9.104524
5.204388,9.388322
5.208775,9.645401
5.213163,9.870708
5.21755,10.06067
5.221938,10.21372
5.226325,10.32979
5.230713,10.41042
5.2351,10.45814
5.239488,10.47628
5.243875,10.46855
5.25265,10.39064
5.257038,10.32762
5.261425,10.25284
5.265813,10.16901
5.2702,10.07849
5.274672,9.981357
5.279144,9.881026
5.283616,9.778892
5.288088,9.676067
5.29256,9.573426
5.297032,9.471642
5.301504,9.371225
5.305975,9.272574
5.310447,9.17591
5.314919,9.081436
5.319391,8.989264
5.323863,8.89945
5.328335,8.81201
5.332807,8.726925
5.337279,8.644153
5.34175,8.563651
5.346222,8.485308
5.350694,8.409058
5.355166,8.334812
5.359638,8.262473
5.36411,8.191946
5.368582,8.123132
5.373054,8.055935
5.377525,7.990273
5.381997,7.926022
5.386469,7.863105
5.390941,7.801433
5.395413,7.74092
5.399885,7.681481
5.404357,7.623038
5.4133,7.508844
5.422244,7.397742
5.431188,7.289228
5.43566,7.235799
5.440132,7.182854
5.444604,7.130349
5.449075,7.078256
5.453547,7.02652
5.458019,6.975126
5.462491,6.924057
5.466963,6.873305
5.471435,6.822873
5.475907,6.772778
5.480379,6.723051
5.48485,6.673753
5.489322,6.624935
5.493794,6.576705
5.498266,6.529193
5.502738,6.482566
5.50721,6.437038
5.511682,6.392874
5.516154,6.350405
5.520625,6.310048
5.525097,6.272286
5.529569,6.237737
5.534041,6.207136
5.538513,6.181369
5.542985,6.161491
5.547457,6.148751
5.551929,6.144614
5.5564,6.150768
5.560375,6.166432
5.56435,6.193248
5.568325,6.232835
5.5723,6.286892
5.576275,6.357133
5.58025,6.445203
5.584225,6.552546
5.5882,6.680258
5.592175,6.828901
5.59615,6.998308
5.600125,7.187405
5.6041,7.394066
5.608075,7.61506
5.61205,7.846107
5.616025,8.082064
5.62,8.317246
5.623975,8.545836
5.62795,8.762327
5.631925,8.961932
5.6359,9.140896
5.639875,9.296674
5.64385,9.427955
5.647825,9.534569
5.6518,9.6173
5.655775,9.677656
5.65975,9.717631
5.6677,9.745594
5.671675,9.738257
5.67565,9.719664
5.679625,9.691812
5.6836,9.656475
5.687129,9.620091
5.690658,9.579975
5.694187,9.536944
5.697716,9.491693
5.701245,9.444814
5.704774,9.396805
5.708303,9.348083
5.711832,9.298993
5.715361,9.249821
5.71889,9.200797
5.722419,9.152112
5.725948,9.103916
5.729477,9.056327
5.733006,9.00944
5.736535,8.963325
5.740063,8.918047
5.743592,8.873619
5.747121,8.830077
5.75065,8.787438
5.754179,8.745707
5.761237,8.664963
5.768294,8.587792
5.775352,8.514053
5.78241,8.443604
5.789468,8.376273
5.796525,8.311888
5.803583,8.250252
5.810641,8.191197
5.817699,8.134554
5.824757,8.08016
5.831815,8.027863
5.838873,7.97752
5.845931,7.928998
5.852988,7.88218
5.860046,7.836935
5.867104,7.793165
5.874162,7.750769
5.881219,7.709661
5.888277,7.669745
5.895335,7.630947
5.90945,7.556421
5.923566,7.485547
5.937682,7.417872
5.951798,7.353002
5.965913,7.290593
5.980029,7.230334
5.994144,7.171964
6.00826,7.115238
6.022375,7.05995
6.036491,7.005901
6.050607,6.952922
6.064723,6.900857
6.078838,6.849563
6.092954,6.798902
6.107069,6.748755
6.121185,6.699001
6.1353,6.649537
6.149416,6.600252
6.163532,6.551052
6.177648,6.501841
6.191763,6.45253
6.205879,6.403023
6.219994,6.353237
6.23411,6.30308
6.248225,6.252471
6.262341,6.201318
6.276457,6.149538
6.290573,6.097045
6.304688,6.043755
6.318804,5.989576
6.332919,5.934427
6.347035,5.878213
6.36115,5.820857
6.375266,5.762265
6.389382,5.702361
6.403498,5.641069
6.417613,5.578326
6.431729,5.514071
6.445844,5.448279
6.45996,5.380941
6.467018,5.346704
6.474075,5.312109
6.481133,5.277161
6.488191,5.241889
6.495249,5.206325
6.502307,5.170509
6.509365,5.134496
6.516423,5.098356
6.523481,5.06218
6.530538,5.026088
6.537596,4.990221
6.544654,4.954776
6.551712,4.920001
6.558769,4.88622
6.565827,4.853834
6.572885,4.823378
6.579943,4.795533
6.587,4.771162
6.594875,4.749396
6.60275,4.735142
6.610625,4.730574
6.6185,4.738033
6.626375,4.7597
6.63425,4.797094
6.642125,4.850613
6.65,4.919469
6.657875,5.002304
6.66575,5.09839
6.673625,5.208828
6.677563,5.270457
6.6815,5.337202
6.685438,5.409936
6.689375,5.489595
6.693313,5.577318
6.69725,5.674276
6.701188,5.781847
6.705125,5.901418
6.709063,6.034604
6.713,6.183012
6.71685,6.344617
6.7207,6.524329
6.72455,6.724069
6.7284,6.945882
6.73225,7.191929
6.7361,7.46448
6.73995,7.765893
6.7438,8.098587
6.748563,8.557097
6.753325,9.071594
6.758088,9.646449
6.76285,10.28491
6.767613,10.98965
6.772375,11.76119
6.777138,12.59848
6.7819,13.49699
6.786663,14.44954
6.791425,15.44425
6.796188,16.46602
6.80095,17.49495
6.805713,18.50872
6.810475,19.48211
6.815238,20.39025
6.82,21.209
6.824763,21.91838
6.829525,22.50281
6.834288,22.95339
6.83905,23.26722
6.843813,23.4478
6.848575,23.50353
6.853338,23.44671
6.8581,23.29204
6.862863,23.05515
6.867625,22.75181
6.87715,22.00326
6.881913,21.58312
6.886675,21.14634
6.891438,20.70093
6.8962,20.25368
6.900829,19.82201
6.905457,19.39717
6.910086,18.98174
6.914714,18.5779
6.919343,18.18686
6.923971,17.80969
6.928599,17.44679
6.933227,17.09838
6.937856,16.76437
6.942484,16.44468
6.947113,16.13887
6.951741,15.84664
6.95637,15.5674
6.960998,15.30073
6.965626,15.04605
6.970254,14.80279
6.974883,14.57037
6.979511,14.34835
6.98414,14.13609
6.988768,13.93319
6.993397,13.73906
6.998025,13.55332
7.002653,13.37547
7.007281,13.20511
7.01191,13.04178
7.016538,12.88519
7.021166,12.73492
7.025794,12.59065
7.030423,12.45203
7.035051,12.31882
7.044307,12.06741
7.053564,11.8343
7.062821,11.61769
7.072078,11.41597
7.081334,11.22772
7.090591,11.05164
7.099847,10.88664
7.109104,10.73168
7.11836,10.5859
7.127617,10.44848
7.136874,10.31872
7.146131,10.19599
7.155387,10.07972
7.164644,9.969368
7.1739,9.864503
7.183157,9.76468
7.192413,9.66954
7.20167,9.578719
7.210927,9.491913
7.220184,9.40884
7.22944,9.329246
7.238697,9.252879
7.247953,9.179538
7.25721,9.109008
7.266466,9.041121
7.275723,8.975696
7.28498,8.912585
7.303493,8.792751
7.322006,8.680599
7.340519,8.575256
7.359033,8.475967
7.377546,8.38209
7.396059,8.293054
7.414572,8.208362
7.433086,8.127575
7.451599,8.050316
7.470112,7.976241
7.488625,7.905045
7.507139,7.836455
7.525652,7.770236
7.544166,7.706162
7.562679,7.644043
7.581193,7.583693
7.599706,7.524959
7.618219,7.467687
7.636732,7.411743
7.673759,7.303351
7.710785,7.198905
7.747812,7.097643
7.784838,6.998911
7.821865,6.90212
7.858891,6.806755
7.895918,6.712338
7.932944,6.618437
7.969971,6.524638
8.006997,6.430558
8.044024,6.335817
8.08105,6.240055
8.118077,6.142902
8.155104,6.043994
8.192131,5.942957
8.229157,5.83941
8.266184,5.732945
8.30321,5.623147
8.340237,5.509563
8.377263,5.391721
8.41429,5.269103
8.451316,5.141166
8.46983,5.075013
8.488343,5.007308
8.506856,4.937963
8.525369,4.866896
8.543883,4.794015
8.562396,4.719237
8.580909,4.642465
8.599422,4.563605
8.617936,4.482555
8.636449,4.399224
8.654962,4.313511
8.673475,4.225316
8.691989,4.134542
8.710502,4.041106
8.729016,3.944919
8.747529,3.84592
8.766043,3.744049
8.784556,3.639292
8.803069,3.531654
8.821582,3.421194
8.840096,3.308035
8.858609,3.192407
8.877122,3.074649
8.886379,3.015121
8.895635,2.955276
8.904892,2.895204
8.914149,2.835031
8.923406,2.774902
8.932662,2.714995
8.941919,2.655501
8.951175,2.596674
8.960432,2.538788
8.969688,2.482194
8.978945,2.427284
8.988202,2.37454
8.997459,2.324532
9.006715,2.27794
9.015972,2.235557
9.025228,2.198356
9.034485,2.167478
9.043741,2.144313
9.052998,2.130517
9.062255,2.128102
9.071512,2.139503
9.07614,2.151286
9.080768,2.16768
9.085397,2.189165
9.090025,2.216257
9.094653,2.249543
9.099281,2.28967
9.10391,2.337367
9.108538,2.393416
9.113166,2.458718
9.117794,2.534272
9.122423,2.621213
9.127051,2.720752
9.13168,2.834335
9.136308,2.963488
9.140937,3.110038
9.145565,3.27592
9.150193,3.46342
9.154821,3.67509
9.15945,3.913876
9.164078,4.182958
9.166392,4.330026
9.168706,4.486119
9.17102,4.651786
9.173334,4.827612
9.175649,5.014308
9.177963,5.212381
9.180277,5.422626
9.182591,5.645811
9.184905,5.882756
9.187219,6.134339
9.189533,6.401502
9.191847,6.685256
9.194162,6.986815
9.196476,7.307081
9.19879,7.647425
9.201104,8.009183
9.203419,8.393959
9.205733,8.80296
9.208047,9.237999
9.210361,9.70085
9.212676,10.19364
9.21499,10.71797
9.217304,11.27626
9.219618,11.87085
9.221932,12.50427
9.224246,13.17921
9.22656,13.89857
9.228874,14.66544
9.231189,15.48351
9.233503,16.35558
9.235817,17.28577
9.238131,18.27808
9.240445,19.33673
9.242759,20.4662
9.245073,21.67123
9.247387,22.95675
9.249702,24.32854
9.252016,25.79077
9.25433,27.34953
9.256644,29.01041
9.258958,30.77908
9.261272,32.66114
9.263586,34.66203
9.2659,36.7869
9.269282,40.12509
9.272663,43.74877
9.276044,47.66603
9.279425,51.87718
9.282807,56.37467
9.286188,61.13487
9.289569,66.12328
9.29295,71.28659
9.296332,76.55362
9.299713,81.82836
9.303094,87.00065
9.306475,91.94362
9.309857,96.52304
9.313238,100.6009
9.316619,104.0542
9.32,106.7802
9.323382,108.7077
9.326763,109.8008
9.330144,110.0647
9.333525,109.5405
9.336907,108.2992
9.340288,106.4352
9.343669,104.0544
9.34705,101.267
9.350432,98.17869
9.353813,94.88968
9.360575,88.0398
9.363957,84.61137
9.367338,81.25001
9.370719,77.99132
9.3741,74.86252
9.3772,72.12463
9.3803,69.52274
9.3834,67.0638
9.3865,64.75208
9.3896,62.58993
9.3927,60.57829
9.3958,58.71719
9.3989,57.00612
9.402,55.44436
9.4051,54.03116
9.4082,52.76597
9.4113,51.64856
9.4144,50.67907
9.4175,49.85807
9.4206,49.18652
9.4237,48.66571
9.427219,48.25909
9.430738,48.05084
9.434257,48.04262
9.437775,48.23483
9.441294,48.62592
9.444813,49.21108
9.448332,49.98113
9.45185,50.92094
9.455369,52.00941
9.458888,53.21696
9.462407,54.50631
9.465925,55.83233
9.469444,57.14511
9.472963,58.39034
9.476482,59.51426
9.48,60.46713
9.483519,61.20812
9.487038,61.70687
9.490557,61.94652
9.494075,61.92388
9.497594,61.64819
9.501113,61.13896
9.504632,60.42313
9.50815,59.53228
9.515188,57.35531
9.522225,54.85534
9.525744,53.54838
9.529263,52.23047
9.532782,50.91718
9.5363,49.62112
9.539923,48.31383
9.543546,47.04177
9.547169,45.81016
9.550791,44.62268
9.554414,43.4806
9.558037,42.38506
9.56166,41.33602
9.565282,40.33307
9.568905,39.37455
9.572528,38.4593
9.576151,37.58567
9.579773,36.75212
9.583396,35.95634
9.587018,35.19693
9.590641,34.47162
9.594263,33.77902
9.597886,33.117
9.601509,32.48408
9.605132,31.87866
9.608754,31.29938
9.612377,30.74447
9.615999,30.21289
9.619622,29.70305
9.623244,29.21404
9.626867,28.74444
9.63049,28.29334
9.637735,27.44278
9.64498,26.65497
9.652225,25.92352
9.659471,25.24271
9.666716,24.60781
9.673962,24.01426
9.681207,23.45838
9.688453,22.93662
9.695698,22.44608
9.702943,21.98401
9.710188,21.548
9.717434,21.13586
9.724679,20.74578
9.731924,20.37597
9.739169,20.02488
9.746415,19.69106
9.75366,19.37334
9.760905,19.07052
9.76815,18.78155
9.775396,18.50545
9.782641,18.24142
9.789887,17.9886
9.797132,17.74634
9.804378,17.51389
9.811623,17.29072
9.826113,16.86989
9.840604,16.47978
9.855094,16.11702
9.869585,15.77861
9.884075,15.46207
9.898566,15.16513
9.913057,14.88586
9.927548,14.62259
9.942038,14.37381
9.956529,14.13818
9.971019,13.91453
9.98551,13.70179
10.0,13.49904
10.02019,13.23157
10.04038,12.97977
10.06057,12.74186
10.08075,12.51637
10.10094,12.30167
10.12113,12.09663
10.14132,11.90012
10.1615,11.71118
10.18169,11.52869
10.20188,11.35183
10.22207,11.17979
10.24225,11.01183
10.26244,10.847
10.28263,10.68461
10.30282,10.5239
10.323,10.36413
10.34319,10.20432
10.35329,10.12412
10.36338,10.04367
10.37348,9.962701
10.38357,9.881238
10.39366,9.79907
10.40375,9.716058
10.41385,9.631972
10.42394,9.546823
10.43404,9.46028
10.44413,9.37234
10.45423,9.282649
10.46432,9.191195
10.47441,9.097697
10.4845,9.001956
10.4946,8.903677
10.50469,8.802868
10.50974,8.751377
10.51479,8.699169
10.51984,8.646233
10.52488,8.592667
10.52993,8.538256
10.53498,8.483111
10.54003,8.42725
10.54507,8.370812
10.55012,8.313619
10.55516,8.255964
10.56021,8.197709
10.56525,8.13921
10.5703,8.0804
10.57535,8.021614
10.5804,7.963137
10.58544,7.905449
10.59049,7.848791
10.59554,7.79388
10.60059,7.741483
10.60563,7.692664
10.61068,7.648455
10.61573,7.610504
10.62078,7.58075
10.6233,7.569701
10.62582,7.561638
10.62835,7.55694
10.63087,7.556079
10.63339,7.559506
10.63591,7.567745
10.63844,7.581437
10.64096,7.601098
10.646,7.661216
10.64938,7.719501
10.65275,7.794235
10.65613,7.8879
10.6595,8.001979
10.66288,8.139091
10.66625,8.300114
10.66963,8.487273
10.673,8.700074
10.67638,8.939508
10.67975,9.202762
10.68313,9.488667
10.6865,9.791368
10.68988,10.10705
10.69325,10.42702
10.69663,10.74541
10.7,11.05225
10.70338,11.34146
10.70675,11.60429
10.71013,11.83659
10.7135,12.03296
10.71688,12.19237
10.72025,12.31343
10.72363,12.39794
10.727,12.44768
10.73038,12.46605
10.73375,12.45653
10.7405,12.36895
10.74388,12.29802
10.74725,12.21371
10.75063,12.11835
10.754,12.01499
10.75835,11.87267
10.76269,11.72404
10.76704,11.57126
10.77138,11.41719
10.77573,11.26273
10.78007,11.10979
10.78441,10.95885
10.78875,10.8105
10.7931,10.66481
10.79744,10.52272
10.80179,10.38376
10.80613,10.24869
10.81048,10.11697
10.81482,9.989304
10.81916,9.865482
10.8235,9.745643
10.82785,9.629717
10.83219,9.518499
10.83654,9.41183
10.84088,9.310667
10.84523,9.215148
10.84957,9.126482
10.85391,9.045406
10.85825,8.973121
10.8626,8.910977
10.86694,8.861072
10.87129,8.825381
10.87563,8.80671
10.87998,8.808135
10.88432,8.833363
10.88866,8.886688
10.893,8.973047
10.89657,9.072732
10.90013,9.201427
10.90369,9.362824
10.90725,9.560394
10.91082,9.798181
10.91438,10.07778
10.91794,10.40203
10.9215,10.77206
10.92507,11.18879
10.92863,11.64765
10.93219,12.1453
10.93575,12.67486
10.93932,13.22859
10.94288,13.79192
10.94644,14.3534
10.95,14.89935
10.95357,15.41783
10.95713,15.89388
10.96069,16.31922
10.96425,16.68685
10.96782,16.99358
10.97138,17.2367
10.97494,17.41874
10.9785,17.54334
10.98207,17.61569
10.98563,17.64134
10.99275,17.5784
10.99632,17.50171
10.99988,17.40262
11.00344,17.28575
11.007,17.15529
11.00983,17.04428
11.01265,16.9289
11.01548,16.80965
11.0183,16.68848
11.02113,16.5655
11.02395,16.44237
11.02678,16.31889
11.0296,16.19648
11.03243,16.07473
11.03525,15.95486
11.03808,15.83631
11.0409,15.72016
11.04373,15.60574
11.04655,15.49402
11.04937,15.38466
11.05219,15.27774
11.05502,15.17292
11.05784,15.07097
11.06349,14.87417
11.06914,14.68718
11.07479,14.50969
11.08044,14.34128
11.08609,14.18151
11.09174,14.02989
11.09738,13.88619
11.10303,13.74943
11.10868,13.6194
11.11433,13.49568
11.11998,13.37784
11.12563,13.26549
11.13128,13.15829
11.13693,13.05588
11.14257,12.95812
11.14822,12.86439
11.15387,12.77457
11.15952,12.68844
11.16516,12.60589
11.17081,12.52642
11.17646,12.44999
11.18211,12.37641
11.18775,12.30563
11.1934,12.23725
11.19905,12.17124
11.21035,12.04584
11.22165,11.92844
11.23294,11.81831
11.24424,11.71451
11.25554,11.61651
11.26684,11.52375
11.27813,11.43581
11.28943,11.35211
11.30073,11.27234
11.31203,11.19617
11.32332,11.12335
11.33462,11.05349
11.34591,10.98647
11.35721,10.92194
11.3685,10.85984
11.3798,10.79986
11.3911,10.74191
11.41369,10.63156
11.43629,10.52767
11.45888,10.42946
11.48148,10.33612
11.50407,10.2471
11.52666,10.16183
11.54925,10.07984
11.57185,10.00068
11.59444,9.924052
11.61704,9.849556
11.63963,9.776962
11.66223,9.705932
11.68482,9.636275
11.70741,9.567723
11.73,9.500051
11.7526,9.433015
11.77519,9.366464
11.79779,9.300133
11.82038,9.233876
11.84298,9.167428
11.86557,9.100636
11.88816,9.033251
11.91075,8.965045
11.93335,8.895746
11.95594,8.825157
11.97854,8.752938
12.00113,8.67885
12.02373,8.602498
12.03503,8.563373
12.04632,8.523587
12.05762,8.483017
12.06891,8.441682
12.08021,8.399451
12.0915,8.356339
12.1028,8.312208
12.1141,8.267028
12.1254,8.220729
12.13669,8.173282
12.14799,8.124526
12.15929,8.074423
12.17059,8.022892
12.18188,7.969894
12.19318,7.915252
12.20448,7.858925
12.21578,7.800828
12.22707,7.740936
12.23837,7.67907
12.24966,7.61528
12.26096,7.54941
12.27225,7.481566
12.28355,7.411655
12.2892,7.375971
12.29485,7.339824
12.3005,7.303238
12.30615,7.266243
12.3118,7.22888
12.31744,7.191265
12.32309,7.153325
12.32874,7.115204
12.33439,7.076992
12.34004,7.038801
12.34569,7.000764
12.35134,6.963042
12.35699,6.925827
12.36263,6.889413
12.36828,6.853942
12.37393,6.819806
12.37958,6.787389
12.38523,6.757146
12.39088,6.729617
12.39653,6.705438
12.40218,6.685356
12.40782,6.670274
12.41347,6.661168
12.41912,6.659274
12.42477,6.665995
12.43041,6.682913
12.43606,6.711959
12.44171,6.755248
12.44736,6.815203
12.453,6.894372
12.45844,6.991802
12.46388,7.112825
12.46932,7.260458
12.47475,7.437408
12.48019,7.647285
12.48563,7.892456
12.49107,8.175029
12.4965,8.495612
12.50194,8.855408
12.50738,9.25231
12.51282,9.682889
12.51825,10.14078
12.52369,10.62009
12.52913,11.11054
12.53457,11.60131
12.54,12.07998
12.54544,12.53699
12.55088,12.9611
12.55632,13.34376
12.56175,13.67818
12.56719,13.9619
12.57263,14.19306
12.57807,14.37268
12.5835,14.50333
12.58894,14.58955
12.59438,14.63585
12.59982,14.64742
12.60525,14.62949
12.61069,14.58692
12.61613,14.52426
12.62157,14.4456
12.627,14.35465
12.63089,14.28357
12.63478,14.20865
12.63867,14.13074
12.64255,14.05079
12.64644,13.96902
12.65033,13.88619
12.65422,13.80277
12.6581,13.71938
12.66199,13.63594
12.66588,13.55294
12.66977,13.47062
12.67365,13.38939
12.67754,13.30899
12.68142,13.22996
12.68919,13.07559
12.69697,12.92666
12.70474,12.78384
12.71252,12.64689
12.72029,12.51611
12.72807,12.39106
12.73584,12.27185
12.74361,12.1581
12.75138,12.04955
12.75916,11.94582
12.76693,11.8469
12.77471,11.75228
12.78248,11.66194
12.79026,11.5754
12.79803,11.49265
12.8058,11.41335
12.81357,11.33729
12.82135,11.26419
12.82912,11.19404
12.83689,11.12656
12.84466,11.06161
12.85244,10.99894
12.86021,10.93857
12.86798,10.88028
12.87575,10.82396
12.88353,10.76942
12.8913,10.71668
12.89908,10.6655
12.90685,10.61594
12.9224,10.52099
12.93794,10.43125
12.95349,10.34602
12.96904,10.26485
12.98459,10.18728
13.00013,10.11295
13.01568,10.0414
13.03123,9.972346
13.04678,9.905485
13.06232,9.840581
13.07787,9.777293
13.09341,9.715464
13.10896,9.654788
13.1245,9.595129
13.14005,9.536203
13.1556,9.477848
13.17115,9.419869
13.18669,9.362105
13.20224,9.304286
13.21779,9.246249
13.23334,9.187788
13.24888,9.128725
13.26443,9.068759
13.27998,9.007688
13.29553,8.945254
13.31107,8.88122
13.32662,8.815201
13.34216,8.746949
13.34994,8.711813
13.35771,8.676013
13.36548,8.639453
13.37325,8.602079
13.38103,8.563786
13.3888,8.524611
13.39658,8.484391
13.40435,8.443166
13.41213,8.40076
13.4199,8.357214
13.42767,8.312402
13.43544,8.26625
13.44322,8.218624
13.45099,8.169573
13.45877,8.118901
13.46654,8.066675
13.47432,8.012706
13.48209,7.957093
13.48986,7.899748
13.49763,7.840686
13.50541,7.779883
13.5093,7.748892
13.51318,7.717617
13.51707,7.685927
13.52096,7.653937
13.52485,7.621694
13.52873,7.589337
13.53262,7.556768
13.53651,7.524154
13.5404,7.491595
13.54428,7.459295
13.54817,7.427233
13.55205,7.395745
13.55594,7.364875
13.55982,7.335028
13.56371,7.306339
13.5676,7.279233
13.57149,7.254122
13.57537,7.231543
13.57926,7.211954
13.58314,7.196126
13.58703,7.184772
13.59091,7.178881
13.5948,7.179516
13.59869,7.187982
13.60258,7.205769
13.60646,7.234515
13.61035,7.276356
13.61423,7.333335
13.61812,7.40831
13.622,7.503747
13.62563,7.614476
13.62925,7.748322
13.63288,7.908861
13.6365,8.098038
13.64013,8.319595
13.64375,8.574656
13.64738,8.866385
13.651,9.194027
13.65463,9.559012
13.65825,9.957395
13.66188,10.3876
13.6655,10.84148
13.66913,11.31381
13.67275,11.79253
13.67638,12.26957
13.68,12.73111
13.68363,13.16878
13.68725,13.57043
13.69088,13.93036
13.6945,14.24102
13.69813,14.50105
13.70175,14.70838
13.70538,14.86562
13.709,14.97503
13.71263,15.04149
13.71625,15.06962
13.7235,15.03221
13.72713,14.97659
13.73075,14.90271
13.73438,14.8141
13.738,14.71471
13.74227,14.58726
13.74653,14.45279
13.75079,14.31412
13.75505,14.17371
13.75932,14.0331
13.76358,13.89435
13.76784,13.75818
13.7721,13.62531
13.77637,13.49597
13.78063,13.37109
13.78489,13.25056
13.78915,13.13445
13.79341,13.02279
13.79767,12.91552
13.80193,12.81255
13.80619,12.71377
13.81046,12.6188
13.81472,12.52795
13.81898,12.44083
13.82324,12.35728
13.8275,12.27712
13.83176,12.20021
13.83602,12.12637
13.84028,12.05547
13.84455,11.9872
13.84881,11.92173
13.85307,11.85877
13.85733,11.7982
13.86159,11.73988
13.86585,11.68371
13.87011,11.62958
13.87437,11.57738
13.87864,11.52691
13.8829,11.4783
13.89142,11.38598
13.89994,11.29968
13.90846,11.21884
13.91699,11.14286
13.92551,11.07148
13.93403,11.00421
13.94255,10.9407
13.95108,10.88056
13.9596,10.82365
13.96812,10.76964
13.97664,10.71831
13.98517,10.66939
13.99369,10.62281
14.00221,10.57834
14.01073,10.53583
14.01926,10.49509
14.02778,10.45611
14.0363,10.4187
14.04482,10.38276
14.05335,10.34817
14.06187,10.31491
14.07039,10.28286
14.07891,10.25195
14.09596,10.19324
14.113,10.13835
14.13005,10.08682
14.14709,10.03833
14.16414,9.992538
14.18118,9.949215
14.19823,9.90808
14.21527,9.868976
14.23232,9.831676
14.24936,9.796065
14.26641,9.761959
14.28345,9.729272
14.3005,9.697852
14.31755,9.66762
14.3346,9.638483
14.35164,9.610376
14.36869,9.583192
14.38573,9.556895
14.41982,9.506662
14.45391,9.459247
14.488,9.414292
14.52209,9.371489
14.55618,9.330578
14.59027,9.291331
14.62436,9.253551
14.65845,9.217062
14.69254,9.18171
14.72663,9.147354
14.76072,9.113866
14.79481,9.08113
14.8289,9.049036
14.863,9.017472
14.89709,8.986357
14.93118,8.955585
14.96527,8.925062
14.99936,8.894691
15.03345,8.864376
15.06754,8.834014
15.10163,8.803499
15.13572,8.772715
15.16981,8.741538
15.2039,8.709827
15.23799,8.677425
15.27208,8.644155
15.30617,8.609807
15.34026,8.574139
15.35731,8.555716
15.37435,8.53686
15.3914,8.517504
15.40845,8.497608
15.4255,8.477116
15.44254,8.455978
15.45959,8.434099
15.47663,8.411427
15.49368,8.387847
15.51072,8.363287
15.52777,8.337604
15.54481,8.310701
15.56186,8.282398
15.5789,8.252559
15.58743,8.236979
15.59595,8.220954
15.60447,8.204436
15.61299,8.187393
15.62152,8.16977
15.63004,8.151572
15.63856,8.132739
15.64708,8.113226
15.65561,8.092963
15.66413,8.071946
15.67265,8.050096
15.68117,8.027353
15.6897,8.003623
15.69822,7.978889
15.70674,7.953047
15.71526,7.926012
15.72379,7.897658
15.73231,7.86795
15.74083,7.836749
15.74935,7.803936
15.75788,7.769345
15.7664,7.732922
15.77066,7.713964
15.77492,7.694485
15.77918,7.674466
15.78344,7.653888
15.78771,7.632683
15.79197,7.610931
15.79623,7.588564
15.80049,7.565567
15.80475,7.541924
15.80901,7.517619
15.81327,7.492642
15.81753,7.466984
15.8218,7.440577
15.82606,7.413548
15.83032,7.385842
15.83458,7.357478
15.83884,7.328484
15.8431,7.298903
15.84736,7.268797
15.85162,7.238251
15.85589,7.207306
15.86015,7.176256
15.86441,7.145226
15.86867,7.114468
15.87293,7.084306
15.87719,7.055153
15.88145,7.027531
15.88571,7.002101
15.88998,6.979645
15.89424,6.961311
15.8985,6.948337
15.90276,6.942328
15.90702,6.945258
15.91128,6.959533
15.91554,6.988049
15.9198,7.034236
15.92294,7.081894
15.92608,7.143071
15.92922,7.219649
15.93235,7.313251
15.93549,7.426405
15.93863,7.560648
15.94177,7.717506
15.9449,7.897426
15.94804,8.101937
15.95118,8.329975
15.95432,8.579905
15.95745,8.847952
15.96059,9.131654
15.96373,9.424798
15.96687,9.721057
15.97,10.01264
15.97314,10.29453
15.97628,10.55936
15.97942,10.80168
15.98255,11.01672
15.98569,11.20321
15.98883,11.35927
15.99197,11.48509
15.9951,11.58171
15.99824,11.65186
16.00138,11.69782
16.00765,11.72887
16.01079,11.71982
16.01393,11.69799
16.01707,11.66577
16.0202,11.62545
16.02409,11.56662
16.02798,11.50085
16.03187,11.43049
16.03575,11.35758
16.03964,11.28317
16.04353,11.20855
16.04742,11.13453
16.0513,11.06191
16.05519,10.99074
16.05908,10.92151
16.06297,10.85442
16.06685,10.78975
16.07074,10.72723
16.07462,10.66719
16.07851,10.6093
16.08239,10.55382
16.08628,10.50041
16.09017,10.44915
16.09406,10.39994
16.09794,10.35284
16.10183,10.30751
16.10571,10.26411
16.1096,10.22232
16.11348,10.18228
16.11737,10.1437
16.12126,10.10661
16.12515,10.07094
16.12903,10.0367
16.13292,10.00366
16.1368,9.971904
16.14069,9.941224
16.14457,9.911716
16.14846,9.883174
16.15235,9.855623
16.15624,9.829016
16.16012,9.803371
16.1679,9.754468
16.17567,9.708722
16.18345,9.665732
16.19122,9.625358
16.19899,9.587317
16.20676,9.551409
16.21454,9.517411
16.22231,9.48525
16.23008,9.454736
16.23785,9.425739
16.24563,9.398107
16.2534,9.371805
16.26117,9.346701
16.26894,9.322709
16.27672,9.299719
16.28449,9.27772
16.29227,9.256588
16.30004,9.23632
16.30782,9.216806
16.31559,9.198049
16.32336,9.179975
16.33113,9.162543
16.34668,9.129431
16.36222,9.098478
16.37777,9.069408
16.39331,9.042054
16.40886,9.016207
16.42441,8.99173
16.43996,8.968492
16.4555,8.946389
16.47105,8.92529
16.48659,8.905132
16.50214,8.885809
16.51768,8.867275
16.53323,8.849442
16.54878,8.832265
16.56433,8.815694
16.57987,8.799693
16.59542,8.784198
16.61096,8.769194
16.64205,8.740484
16.67315,8.713315
16.70424,8.687508
16.73533,8.662889
16.76642,8.639315
16.79752,8.61666
16.82861,8.594836
16.8597,8.573746
16.89079,8.553312
16.92188,8.533467
16.95297,8.514151
17.01515,8.476902
17.07734,8.441207
17.13952,8.406791
17.20171,8.373413
17.26389,8.340891
17.32608,8.309054
17.38826,8.277774
17.45045,8.246922
17.51263,8.216401
17.57482,8.186109
17.637,8.155971
17.69919,8.125899
17.76137,8.095831
17.82356,8.065688
17.88574,8.035416
18.0101,7.974215
18.13447,7.911729
18.19666,7.879849
18.25884,7.847468
18.32103,7.814511
18.38321,7.78092
18.4454,7.746616
18.50758,7.711536
18.56977,7.675589
18.63195,7.638705
18.69414,7.600783
18.75632,7.561739
18.81851,7.521458
18.88069,7.479841
18.94287,7.436761
19.00505,7.392082
19.06724,7.345653
19.12942,7.297328
19.19161,7.246911
19.25379,7.194223
19.31598,7.139025
19.37816,7.081089
19.44035,7.02012
19.50253,6.955826
19.56472,6.887832
19.59581,6.852335
19.6269,6.81576
19.658,6.778038
19.68909,6.739129
19.72018,6.698954
19.75127,6.65744
19.78237,6.614495
19.81346,6.570064
19.84455,6.524041
19.87564,6.476332
19.90673,6.426832
19.93782,6.375427
19.96891,6.321998
20.0,6.266412
20.03132,6.208093
20.06263,6.147307
20.09394,6.083867
20.12525,6.017594
20.15657,5.948269
20.18788,5.875727
20.21919,5.799722
20.2505,5.720017
20.28182,5.636332
20.29748,5.592925
20.31313,5.548458
20.32879,5.502842
20.34444,5.4561
20.3601,5.408139
20.37575,5.358988
20.39141,5.308552
20.40707,5.256832
20.42273,5.203802
20.43838,5.149472
20.45404,5.093756
20.46969,5.036712
20.48535,4.978264
20.501,4.918495
20.51666,4.857349
20.53232,4.794904
20.54798,4.731223
20.56363,4.666441
20.57929,4.600605
20.59494,4.533977
20.6106,4.466711
20.62625,4.39921
20.64191,4.331806
20.65757,4.265089
20.67323,4.199773
20.68106,4.167922
20.68888,4.13683
20.69671,4.106579
20.70454,4.077393
20.71237,4.049483
20.72019,4.023122
20.72802,3.99852
20.73585,3.976027
20.74368,3.956007
20.7515,3.938898
20.75933,3.925138
20.76716,3.915303
20.77499,3.910036
20.78282,3.910078
20.79065,3.916288
20.79848,3.929667
20.80631,3.951376
20.81413,3.982727
20.82196,4.025388
20.82979,4.081187
20.83762,4.152318
20.84544,4.241238
20.85327,4.351232
20.8611,4.485826
20.86893,4.649344
20.87675,4.846668
20.88067,4.960262
20.88458,5.084481
20.8885,5.220933
20.89241,5.369985
20.89633,5.533572
20.90024,5.712145
20.90416,5.908036
20.90807,6.121804
20.91199,6.356266
20.9159,6.612121
20.91982,6.892774
20.92373,7.199102
20.92765,7.535229
20.93156,7.902257
20.93547,8.304112
20.93938,8.744223
20.9433,9.227672
20.94721,9.756185
20.95113,10.33711
20.95504,10.97258
20.95896,11.67148
20.96287,12.4364
20.96678,13.27579
20.97069,14.19699
20.97461,15.2107
20.97852,16.3204
20.98244,17.54106
20.98635,18.87632
20.99027,20.34339
20.99418,21.94547
20.99809,23.69693
21.002,25.60835
21.00625,27.87901
21.0105,30.36152
21.01475,33.06416
21.019,35.99089
21.02325,39.13966
21.0275,42.50035
21.03175,46.05264
21.036,49.76393
21.04025,53.58766
21.0445,57.46242
21.04875,61.31236
21.053,65.04931
21.05725,68.57693
21.0615,71.79666
21.06575,74.61512
21.07,76.95193
21.07425,78.74674
21.0785,79.96422
21.08275,80.59632
21.087,80.6613
21.09125,80.20013
21.0955,79.27091
21.09975,77.94255
21.104,76.28861
21.10825,74.38199
21.1125,72.29102
21.121,67.792
21.12525,65.48022
21.1295,63.17661
21.13375,60.90847
21.138,58.69631
21.14175,56.80277
21.1455,54.9714
21.14925,53.2069
21.153,51.51204
21.15675,49.88809
21.1605,48.33515
21.16425,46.8524
21.168,45.43834
21.17175,44.09099
21.1755,42.80803
21.17925,41.58688
21.183,40.42486
21.18675,39.31922
21.1905,38.26718
21.19425,37.26602
21.198,36.31306
21.20175,35.40572
21.2055,34.5415
21.20925,33.71801
21.213,32.93299
21.21675,32.18428
21.2205,31.46983
21.22425,30.78771
21.228,30.1361
21.23175,29.51329
21.2355,28.91766
21.23925,28.34771
21.243,27.802
21.2505,26.77805
21.258,25.8361
21.2655,24.96757
21.273,24.16493
21.2805,23.42153
21.288,22.7315
21.2955,22.08967
21.303,21.49145
21.3105,20.93278
21.318,20.41004
21.3255,19.92002
21.333,19.45984
21.3405,19.02695
21.348,18.61905
21.3555,18.23406
21.363,17.87015
21.3705,17.52562
21.378,17.19897
21.3855,16.88884
21.393,16.59398
21.4005,16.31326
21.408,16.04566
21.4155,15.79025
21.423,15.54616
21.4305,15.31262
21.438,15.08891
21.453,14.66841
21.468,14.27998
21.483,13.91968
21.498,13.58409
21.513,13.27031
21.528,12.9758
21.543,12.69835
21.558,12.43603
21.573,12.18715
21.588,11.95019
21.603,11.72382
21.618,11.50685
21.633,11.29818
21.648,11.09685
21.663,10.90198
21.678,10.71275
21.693,10.52842
21.708,10.34832
21.723,10.17181
21.738,9.998318
21.753,9.827318
21.768,9.658322
21.783,9.490898
21.798,9.324668
21.813,9.159319
21.8205,9.0769
21.828,8.994624
21.8355,8.912478
21.843,8.83046
21.8505,8.748577
21.858,8.66685
21.8655,8.585312
21.873,8.504014
21.8805,8.423028
21.888,8.342448
21.8955,8.262398
21.903,8.183035
21.9105,8.104557
21.918,8.027213
21.9255,7.951308
21.933,7.87722
21.9405,7.805414
21.948,7.736458
21.9555,7.671051
21.963,7.610043
21.9705,7.554479
21.978,7.505633
21.9855,7.46507
21.993,7.434705
22.0005,7.416892
22.008,7.414522
22.01175,7.42021
22.0155,7.431154
22.01925,7.447929
22.023,7.471175
22.02675,7.501601
22.0305,7.539996
22.03425,7.587236
22.038,7.644293
22.04175,7.712249
22.0455,7.792303
22.04925,7.885785
22.053,7.994169
22.05675,8.119089
22.0605,8.262347
22.06425,8.425936
22.068,8.612044
22.07175,8.823077
22.0755,9.061662
22.07925,9.330659
22.083,9.63316
22.08675,9.972488
22.0905,10.35218
22.09425,10.77596
22.098,11.24769
22.1025,11.8826
22.107,12.59895
22.1115,13.40307
22.116,14.30043
22.1205,15.29507
22.125,16.38884
22.1295,17.58055
22.134,18.8651
22.1385,20.23252
22.143,21.66731
22.1475,23.14805
22.152,24.64754
22.1565,26.13364
22.161,27.57094
22.1655,28.92297
22.17,30.155
22.1745,31.23681
22.179,32.14503
22.1835,32.86485
22.188,33.39057
22.1925,33.72524
22.197,33.87938
22.2015,33.86919
22.206,33.71461
22.2105,33.4374
22.215,33.05952
22.224,32.08395
22.2285,31.52239
22.233,30.93178
22.2375,30.32425
22.242,29.70965
22.24747,28.96423
22.25294,28.23057
22.25841,27.51624
22.26387,26.82762
22.26934,26.16542
22.2748,25.53387
22.28027,24.93139
22.28573,24.36018
22.2912,23.81757
22.29666,23.30464
22.30213,22.81835
22.30759,22.35917
22.31306,21.92406
22.31852,21.51319
22.32399,21.12369
22.32945,20.75563
22.33492,20.40636
22.34039,20.07534
22.34586,19.7614
22.35132,19.46395
22.35679,19.18088
22.36225,18.91226
22.36772,18.65621
22.37318,18.41283
22.37865,18.18045
22.38411,17.9592
22.38958,17.74759
22.39504,17.54578
22.40051,17.35245
22.40597,17.16777
22.41144,16.99057
22.4169,16.82104
22.42237,16.65812
22.42784,16.50174
22.43331,16.35151
22.43877,16.20736
22.4497,15.93493
22.46063,15.68213
22.47156,15.44695
22.48249,15.22761
22.49342,15.02257
22.50435,14.83048
22.51528,14.65013
22.52621,14.48047
22.53714,14.32056
22.54807,14.16957
22.559,14.02674
22.56993,13.89143
22.58086,13.76302
22.59179,13.64099
22.60273,13.52474
22.61366,13.41406
22.62459,13.30844
22.63552,13.20753
22.64645,13.11099
22.65738,13.01854
22.66831,12.9299
22.67924,12.84482
22.69018,12.76301
22.70111,12.68441
22.71204,12.60876
22.72297,12.53586
22.74483,12.39774
22.76669,12.2689
22.78856,12.14828
22.81042,12.03516
22.83228,11.92873
22.85414,11.82835
22.876,11.73345
22.89786,11.64354
22.91972,11.55818
22.94158,11.47698
22.96345,11.39956
22.98531,11.32568
23.00717,11.25503
23.02903,11.18736
23.0509,11.12242
23.07276,11.06007
23.09462,11.00008
23.11648,10.94229
23.13835,10.88653
23.16021,10.8327
23.18207,10.78065
23.20393,10.73027
23.24765,10.63406
23.29137,10.54332
23.3351,10.45734
23.37882,10.3756
23.42254,10.29756
23.46626,10.22277
23.50999,10.15082
23.55371,10.08138
23.59743,10.01409
23.64115,9.948655
23.68488,9.884764
23.7286,9.822175
23.77233,9.760597
23.81605,9.6998
23.85978,9.639499
23.9035,9.579462
23.94722,9.51941
23.99094,9.459063
24.03467,9.398112
24.07839,9.336261
24.12212,9.273131
24.16584,9.208357
24.18771,9.175195
24.20957,9.141461
24.23143,9.107073
24.25329,9.07196
24.27515,9.036045
24.29701,8.999242
24.31887,8.96146
24.34073,8.922597
24.3626,8.882526
24.38446,8.841161
24.40632,8.798348
24.42818,8.75394
24.45005,8.707748
24.47191,8.65963
24.49377,8.609357
24.51563,8.556696
24.5375,8.501359
24.55936,8.443099
24.57029,8.412759
24.58122,8.381552
24.59215,8.349429
24.60308,8.316335
24.61401,8.282215
24.62494,8.247008
24.63587,8.210648
24.6468,8.173066
24.65773,8.134187
24.66866,8.09393
24.67959,8.05221
24.69052,8.008933
24.70146,7.963958
24.71239,7.917261
24.72332,7.868687
24.73425,7.818113
24.74518,7.765408
24.75611,7.71043
24.76704,7.653031
24.77797,7.593052
24.7889,7.530326
24.79983,7.464678
24.81076,7.395927
24.82169,7.32389
24.82716,7.286547
24.83262,7.248384
24.83809,7.209239
24.84355,7.169235
24.84902,7.128207
24.85448,7.086288
24.85995,7.043311
24.86541,6.999423
24.87088,6.954456
24.87635,6.908491
24.88182,6.861533
24.88728,6.813686
24.89275,6.764802
24.89821,6.715097
24.90368,6.664446
24.90914,6.613108
24.91461,6.560996
24.92007,6.50843
24.92554,6.455383
24.931,6.402262
24.93647,6.34914
24.94193,6.296544
24.9474,6.244702
24.95286,6.194325
24.95833,6.145876
24.96379,6.100337
24.96926,6.058536
24.97472,6.02186
24.98019,5.9917
24.98565,5.970052
24.99112,5.959169
24.99385,5.958657
24.99658,5.961965
24.99932,5.969592
25.00205,5.981998
25.00478,5.999773
25.00751,6.023548
25.01025,6.054146
25.01298,6.092115
25.01571,6.138405
25.01844,6.19395
25.02118,6.260037
25.02391,6.337312
25.02664,6.427222
25.02937,6.531098
25.03211,6.650847
25.03484,6.78715
25.03757,6.942066
25.0403,7.117345
25.04404,7.39388
25.04777,7.716033
25.0515,8.089393
25.05523,8.518702
25.05896,9.008235
25.06269,9.561385
25.06642,10.18017
25.07015,10.86466
25.07389,11.61442
25.07762,12.41978
25.08135,13.27343
25.08508,14.16236
25.08881,15.07001
25.09254,15.97694
25.09627,16.8619
25.1,17.70335
25.10374,18.48311
25.10747,19.17974
25.1112,19.78236
25.11493,20.28285
25.11866,20.67814
25.12239,20.96979
25.12612,21.16326
25.12985,21.26686
25.13359,21.29068
25.13732,21.24562
25.14105,21.14291
25.14478,20.99315
25.14851,20.80608
25.15224,20.59034
25.15597,20.35342
25.1597,20.10169
25.16379,19.81487
25.16788,19.5222
25.17197,19.2281
25.17605,18.93668
25.18014,18.64906
25.18423,18.36786
25.18832,18.09439
25.1924,17.8302
25.19649,17.57455
25.20058,17.32841
25.20467,17.09189
25.20875,16.86548
25.21284,16.64792
25.21693,16.43957
25.22102,16.24012
25.2251,16.04972
25.22919,15.86709
25.23328,15.69236
25.23737,15.52516
25.24145,15.36552
25.24554,15.21231
25.24963,15.0656
25.25372,14.92504
25.2578,14.79065
25.26189,14.66148
25.26598,14.53755
25.27007,14.41862
25.27415,14.30468
25.27824,14.19494
25.28232,14.0897
25.28641,13.98823
25.29049,13.89083
25.29458,13.79681
25.29867,13.70624
25.30684,13.53497
25.31502,13.37534
25.32319,13.22662
25.33137,13.08745
25.33954,12.95729
25.34771,12.83518
25.35588,12.72041
25.36406,12.61223
25.37223,12.51034
25.38041,12.41399
25.38858,12.32297
25.39676,12.23664
25.40493,12.15485
25.4131,12.07715
25.42127,12.00324
25.42945,11.93278
25.43762,11.86567
25.4458,11.80154
25.45397,11.74032
25.46215,11.68169
25.47032,11.62561
25.47849,11.57185
25.48666,11.52027
25.49484,11.47067
25.50301,11.42305
25.51119,11.37717
25.51936,11.33306
25.53571,11.24949
25.55205,11.1717
25.5684,11.09898
25.58475,11.03086
25.6011,10.96689
25.61744,10.9067
25.63379,10.84988
25.65014,10.79615
25.66649,10.74523
25.68283,10.69693
25.69918,10.65095
25.71553,10.60714
25.73188,10.56533
25.74822,10.52539
25.76457,10.48711
25.78092,10.45041
25.79727,10.41517
25.81361,10.38129
25.82996,10.34866
25.84631,10.31719
25.86266,10.28681
25.879,10.25747
25.9117,10.20153
25.94439,10.14892
25.97709,10.0992
26.00978,10.05205
26.04248,10.00712
26.07517,9.964176
26.10787,9.922939
26.14056,9.883218
26.17326,9.844792
26.20595,9.807501
26.23865,9.771154
26.27135,9.735604
26.30405,9.700697
26.33674,9.666296
26.36944,9.632234
26.40213,9.598386
26.43483,9.564581
26.46752,9.530684
26.50022,9.496508
26.53291,9.461895
26.56561,9.426629
26.5983,9.390512
26.631,9.353274
26.64735,9.33415
26.66369,9.31465
26.68004,9.294706
26.69639,9.274283
26.71274,9.253328
26.72908,9.231799
26.74543,9.209606
26.76178,9.186694
26.77813,9.162985
26.79447,9.138409
26.81082,9.112842
26.82717,9.086191
26.84352,9.058336
26.85986,9.029159
26.87621,8.99847
26.89256,8.96611
26.90891,8.931878
26.91708,8.914
26.92525,8.895566
26.93343,8.876516
26.9416,8.856861
26.94978,8.836511
26.95795,8.815474
26.96613,8.793651
26.9743,8.771045
26.98247,8.747574
26.99064,8.72318
26.99882,8.697765
27.00699,8.671322
27.01517,8.643709
27.02334,8.614911
27.03152,8.584766
27.03969,8.553249
27.04786,8.520218
27.05603,8.485553
27.06421,8.449083
27.07238,8.410757
27.08056,8.37033
27.08873,8.327737
27.09691,8.282697
27.101,8.25922
27.10508,8.235132
27.10917,8.210289
27.11325,8.184787
27.11734,8.158475
27.12142,8.131454
27.12551,8.103566
27.1296,8.074848
27.13369,8.045276
27.13777,8.014897
27.14186,7.983541
27.14595,7.951259
27.15004,7.918031
27.15412,7.883929
27.15821,7.848775
27.1623,7.81265
27.16639,7.775561
27.17047,7.737621
27.17456,7.698678
27.17864,7.658976
27.18273,7.618399
27.18681,7.577252
27.1909,7.535481
27.19499,7.493383
27.19908,7.451217
27.20316,7.409419
27.20725,7.368218
27.21134,7.328269
27.21543,7.290278
27.21951,7.255221
27.2236,7.224053
27.22769,7.198279
27.23178,7.179673
27.23382,7.173739
27.23586,7.170447
27.23791,7.170157
27.23995,7.173267
27.24199,7.180198
27.24403,7.191425
27.24812,7.229016
27.2522,7.290598
27.25519,7.354158
27.25818,7.435987
27.26117,7.538658
27.26415,7.664378
27.26714,7.816638
27.27013,7.997546
27.27312,8.20922
27.2761,8.452282
27.27909,8.728935
27.28208,9.037766
27.28507,9.376618
27.28805,9.740363
27.29104,10.12582
27.29403,10.52453
27.29702,10.92791
27.3,11.32532
27.30299,11.71003
27.30598,12.07193
27.30897,12.40357
27.31195,12.69835
27.31494,12.95458
27.31793,13.1696
27.32092,13.3436
27.3239,13.47793
27.32689,13.57631
27.32988,13.64177
27.33585,13.68976
27.33884,13.68025
27.34183,13.65325
27.34482,13.61204
27.3478,13.55972
27.35018,13.51152
27.35256,13.45884
27.35494,13.40263
27.35732,13.34371
27.3597,13.28279
27.36208,13.22048
27.36446,13.15729
27.36683,13.09393
27.36921,13.03021
27.37159,12.9667
27.37397,12.90366
27.37634,12.84154
27.37872,12.77999
27.3811,12.71939
27.38348,12.65985
27.38585,12.6017
27.38823,12.54449
27.39061,12.48851
27.39299,12.43381
27.39537,12.38038
27.39775,12.32824
27.40013,12.27738
27.40488,12.17969
27.40964,12.08675
27.41439,11.99879
27.41915,11.91522
27.4239,11.83616
27.42866,11.76104
27.43342,11.68979
27.43818,11.62218
27.44293,11.55811
27.44769,11.49711
27.45244,11.43923
27.4572,11.38404
27.46195,11.33158
27.46671,11.28147
27.47146,11.23378
27.47622,11.18814
27.48097,11.14463
27.48573,11.10293
27.49048,11.0631
27.49524,11.02487
27.49999,10.98829
27.50001,10.36314
30.0,10.35466
32.5,10.34642
35.0,10.3388
37.5,10.33122
40.0,10.32414
42.5,10.31693
45.0,10.31014
47.5,10.30373
50.0,10.29764
55.0,10.28526
60.0,10.27398
66.0,10.26058
72.0,10.24836
78.5,10.23527
85.0,10.22324
92.5,10.20952
100.0,10.19688
106.25,10.1862
112.5,10.17615
118.75,10.16665
125.0,10.15764
137.5,10.13942
150.0,10.12281
160.0,10.10968
170.0,10.09736
185.0,10.07914
200.0,10.06237
212.5,10.04826
225.0,10.03498
237.5,10.02244
250.0,10.01055
275.0,9.9866
300.0,9.964786
325.0,9.943361
350.0,9.923566
375.0,9.904093
400.0,9.885911
425.0,9.867628
450.0,9.850421
475.0,9.834172
500.0,9.818782
550.0,9.787936
600.0,9.75986
660.0,9.72701
720.0,9.697117
760.0,9.677569
800.0,9.659061
850.0,9.635869
900.0,9.614053
950.0,9.593463
1000.0,9.57397
1062.5,9.549052
1125.0,9.525617
1187.5,9.503503
1250.0,9.482571
1375.0,9.440915
1500.0,9.403045
1600.0,9.373512
1700.0,9.345854
1850.0,9.305458
2000.0,9.268368
2125.0,9.237673
2250.0,9.208826
2375.0,9.181622
2500.0,9.155888
2625.0,9.129754
2750.0,9.104906
3000.0,9.058611
3250.0,9.013793
3500.0,8.972496
3750.0,8.932354
4000.0,8.894967
4250.0,8.857868
4500.0,8.823031
4750.0,8.790205
5000.0,8.759176
5250.0,8.727737
5500.0,8.697865
6000.0,8.642268
6500.0,8.588545
7000.0,8.539104
7500.0,8.491102
8000.0,8.446443
8500.0,8.402141
9000.0,8.360584
9500.0,8.321465
10000.0,8.284521
10625.0,8.237659
11250.0,8.193719
11875.0,8.152371
12500.0,8.113337
13125.0,8.073702
13750.0,8.036092
15000.0,7.966216
16000.0,7.91192
17000.0,7.861254
18500.0,7.787402
20000.0,7.719926
21250.0,7.664012
22500.0,7.611666
23750.0,7.562481
25000.0,7.516112
26250.0,7.468763
27500.0,7.423895
30000.0,7.340695
32500.0,7.259849
35000.0,7.185791
37500.0,7.113486
40000.0,7.046507
42500.0,6.979425
45000.0,6.916763
47500.0,6.858007
50000.0,6.802728
55000.0,6.692236
60000.0,6.592933
64323.5,6.508536
68647.0,6.430608
70000.0,6.40741
72371.0,6.365036
72371.18,6.365032
76185.59,6.30024
80000.0,6.239226
81128.0,6.220288
81128.19,6.220285
83343.0,6.184016
87507.23,6.118898
91671.45,6.057447
99999.9,5.944155
100000.1,5.771398
100550.0,5.7618
100554.8,5.761626
101460.0,5.7288
101460.7,5.728788
123300.0,5.3448
123302.9,5.344768
197500.0,4.5158
300000.0,4.1008
570270.0,3.9223
570272.8,3.922301
800000.0,4.0084
1000000.0,4.0941
1200000.0,4.1573
1300000.0,4.1779
1350000.0,4.1852
1400000.0,4.1905
1450000.0,4.1939
1500000.0,4.1953
1550000.0,4.1947
1600000.0,4.1922
1650000.0,4.1878
1700000.0,4.1815
1900000.0,4.1389
2100000.0,4.0712
2350000.0,3.959
2500000.0,3.8686
3000000.0,3.574
3879100.0,2.9918
3879156.0,2.991769
4271500.0,2.7751
4271510.0,2.775096
5000000.0,2.4661
5500000.0,2.3209
6483300.0,2.1662
6483310.0,2.166198
6510600.0,2.161
7000000.0,2.1331
7385700.0,2.1266
7634900.0,2.1279
8500000.0,2.1554
9000000.0,2.1792
9500000.0,2.2064
10500000.0,2.265
11500000.0,2.3233
12500000.0,2.377
13500000.0,2.4232
14100000.0,2.4463
15089000.0,2.4759
15089250.0,2.475905
16000000.0,2.4929
17000000.0,2.5008
18000000.0,2.4995
19000000.0,2.4855
20000000.0,2.4641
