1e-05,5.946644
1.03125e-05,5.946652
1.0625e-05,5.946659
1.09375e-05,5.946666
1.125e-05,5.946674
1.15625e-05,5.946681
1.1875e-05,5.946688
1.21875e-05,5.946695
1.25e-05,5.946703
1.28125e-05,5.94671
1.3125e-05,5.946717
1.34375e-05,5.946724
1.375e-05,5.946732
1.4375e-05,5.946746
1.5e-05,5.946761
1.5625e-05,5.946775
1.625e-05,5.946789
1.6875e-05,5.946804
1.75e-05,5.946818
1.8125e-05,5.946832
1.875e-05,5.946846
1.9375e-05,5.946861
2e-05,5.946875
2.09375e-05,5.946896
2.1875e-05,5.946917
2.28125e-05,5.946939
2.375e-05,5.94696
2.46875e-05,5.946981
2.5625e-05,5.947002
2.65625e-05,5.947023
2.75e-05,5.947044
2.84375e-05,5.947065
2.9375e-05,5.947086
3.03125e-05,5.947107
3.125e-05,5.947128
3.21875e-05,5.947149
3.3125e-05,5.94717
3.40625e-05,5.94719
3.5e-05,5.947211
3.59375e-05,5.947232
3.6875e-05,5.947253
3.78125e-05,5.947274
3.875e-05,5.947294
3.96875e-05,5.947315
4.0625e-05,5.947336
4.25e-05,5.947377
4.4375e-05,5.947419
4.625e-05,5.94746
4.8125e-05,5.947501
5e-05,5.947543
5.15625e-05,5.947577
5.3125e-05,5.947611
5.46875e-05,5.947645
5.625e-05,5.94768
5.78125e-05,5.947714
5.9375e-05,5.947748
6.09375e-05,5.947782
6.25e-05,5.947816
6.40625e-05,5.94785
6.5625e-05,5.947884
6.71875e-05,5.947919
6.875e-05,5.947953
7.1875e-05,5.948021
7.5e-05,5.948089
7.8125e-05,5.948156
8.125e-05,5.948224
8.4375e-05,5.948292
8.75e-05,5.94836
9.0625e-05,5.948427
9.375e-05,5.948495
9.6875e-05,5.948563
0.0001,5.94863
0.000103125,5.948698
0.00010625,5.948765
0.000109375,5.948832
0.0001125,5.9489
0.000115625,5.948967
0.00011875,5.949034
0.000121875,5.949102
0.000125,5.949169
0.000128125,5.949236
0.00013125,5.949303
0.000134375,5.94937
0.0001375,5.949438
0.00014375,5.949572
0.00015,5.949706
0.00015625,5.94984
0.0001625,5.949974
0.00016875,5.950108
0.000175,5.950241
0.00018125,5.950375
0.0001875,5.950509
0.00019375,5.950642
0.0002,5.950776
0.000209375,5.950976
0.00021875,5.951176
0.000228125,5.951376
0.0002375,5.951576
0.000246875,5.951776
0.00025625,5.951975
0.000265625,5.952175
0.000275,5.952375
0.000284375,5.952574
0.00029375,5.952774
0.000303125,5.952973
0.0003125,5.953172
0.000321875,5.953372
0.00033125,5.953571
0.000340625,5.95377
0.00035,5.953969
0.000359375,5.954168
0.00036875,5.954368
0.000378125,5.954567
0.0003875,5.954766
0.000396875,5.954965
0.00040625,5.955164
0.000425,5.955562
0.00044375,5.955959
0.0004625,5.956357
0.00048125,5.956755
0.0005,5.957152
0.000515625,5.957484
0.00053125,5.957815
0.000546875,5.958146
0.0005625,5.958478
0.000578125,5.958809
0.00059375,5.95914
0.000609375,5.959471
0.000625,5.959802
0.000640625,5.960134
0.00065625,5.960465
0.000671875,5.960796
0.0006875,5.961127
0.00071875,5.96179
0.00075,5.962452
0.00078125,5.963115
0.0008125,5.963778
0.00084375,5.96444
0.000875,5.965103
0.00090625,5.965766
0.0009375,5.966429
0.00096875,5.967092
0.001,5.967756
0.00103125,5.968419
0.0010625,5.969083
0.00109375,5.969746
0.001125,5.97041
0.00115625,5.971074
0.0011875,5.971738
0.00121875,5.972403
0.00125,5.973067
0.00128125,5.973732
0.0013125,5.974397
0.00134375,5.975062
0.001375,5.975727
0.0014375,5.977059
0.0015,5.97839
0.0015625,5.979723
0.001625,5.981057
0.0016875,5.982391
0.00175,5.983726
0.0018125,5.985063
0.001875,5.9864
0.0019375,5.987738
0.002,5.989076
0.00209375,5.991086
0.0021875,5.993099
0.00228125,5.995113
0.002375,5.997129
0.00246875,5.999148
0.0025625,6.001168
0.00265625,6.003191
0.00275,6.005217
0.00284375,6.007244
0.0029375,6.009274
0.00303125,6.011306
0.003125,6.01334
0.00321875,6.015377
0.0033125,6.017416
0.00340625,6.019457
0.0035,6.0215
0.00359375,6.023546
0.0036875,6.025595
0.00378125,6.027645
0.003875,6.029698
0.00396875,6.031754
0.0040625,6.033811
0.00425,6.037934
0.0044375,6.042066
0.004625,6.046208
0.0048125,6.05036
0.005,6.054521
0.00515625,6.057996
0.0053125,6.061478
0.00546875,6.064967
0.005625,6.068462
0.00578125,6.071965
0.0059375,6.075474
0.00609375,6.07899
0.00625,6.082513
0.00640625,6.086043
0.0065625,6.08958
0.00671875,6.093124
0.006875,6.096675
0.0071875,6.103797
0.0075,6.110948
0.0078125,6.118126
0.008125,6.125332
0.0084375,6.132566
0.00875,6.139829
0.0090625,6.14712
0.009375,6.154439
0.0096875,6.161787
0.01,6.169162
0.0103125,6.176567
0.010625,6.184
0.0109375,6.191462
0.01125,6.198952
0.0115625,6.206471
0.011875,6.214019
0.0121875,6.221596
0.0125,6.229201
0.0128125,6.236836
0.013125,6.2445
0.0134375,6.252192
0.01375,6.259914
0.014375,6.275445
0.015,6.291093
0.015625,6.306859
0.01625,6.322742
0.016875,6.338743
0.0175,6.354863
0.018125,6.371102
0.01875,6.387461
0.019375,6.403939
0.02,6.420537
0.0206625,6.438263
0.021325,6.456125
0.0219875,6.474123
0.02265,6.492258
0.0233125,6.51053
0.023975,6.52894
0.0246375,6.547488
0.0253,6.566175
0.02607188,6.588123
0.02684375,6.61026
0.02761563,6.632588
0.0283875,6.655107
0.02915938,6.677819
0.02993125,6.700723
0.03070313,6.723821
0.031475,6.747113
0.03224688,6.770601
0.03301875,6.794285
0.0345625,6.842244
0.03610625,6.890998
0.03765,6.940554
0.03919375,6.990918
0.0407375,7.042098
0.04228125,7.094101
0.043825,7.146934
0.04536875,7.200605
0.0469125,7.255122
0.04845625,7.310492
0.05,7.366724
0.0515625,7.424525
0.053125,7.483225
0.0546875,7.542834
0.05625,7.60336
0.0578125,7.664812
0.059375,7.7272
0.0609375,7.790534
0.0625,7.854823
0.0640625,7.920077
0.065625,7.986305
0.06875,8.121729
0.071875,8.261177
0.075,8.404738
0.078125,8.552503
0.08125,8.704565
0.084375,8.861021
0.0875,9.021975
0.090625,9.187529
0.09375,9.357793
0.096875,9.53288
0.1,9.712906
0.103125,9.897994
0.10625,10.08827
0.109375,10.28386
0.1125,10.4849
0.115625,10.69153
0.11875,10.90391
0.121875,11.12216
0.125,11.34646
0.128125,11.57697
0.13125,11.81385
0.134375,12.05727
0.1375,12.30742
0.140625,12.56448
0.14375,12.82865
0.146875,13.10013
0.15,13.37913
0.153125,13.66585
0.15625,13.96054
0.159375,14.26341
0.1625,14.57472
0.165625,14.89472
0.16875,15.22366
0.171875,15.56181
0.175,15.90946
0.178125,16.2669
0.18125,16.63444
0.184375,17.01239
0.1875,17.40108
0.190625,17.80084
0.19375,18.21204
0.196875,18.63505
0.2,19.07025
0.2046875,19.74678
0.209375,20.45307
0.2140625,21.19062
0.21875,21.96105
0.2234375,22.76605
0.2257813,23.18209
0.228125,23.60745
0.2304688,24.04242
0.2328125,24.4872
0.2351563,24.9421
0.2375,25.40736
0.2398438,25.88328
0.2421875,26.37013
0.2445313,26.86823
0.246875,27.37787
0.2492188,27.8994
0.2515625,28.4331
0.2539063,28.97937
0.25625,29.53851
0.2585938,30.11094
0.2609375,30.69698
0.2632813,31.29708
0.265625,31.9116
0.2679688,32.541
0.2703125,33.18566
0.2726563,33.8461
0.275,34.52273
0.2773438,35.21607
0.2796875,35.92659
0.2820313,36.65486
0.284375,37.40135
0.2867188,38.1667
0.2890625,38.95141
0.2914063,39.75616
0.29375,40.5815
0.2960938,41.42815
0.2984375,42.29672
0.3007813,43.18798
0.303125,44.10259
0.3054688,45.04137
0.3078125,46.00504
0.3101563,46.99449
0.3125,48.0105
0.3148438,49.05404
0.3171875,50.12594
0.3195313,51.22724
0.321875,52.35886
0.3242188,53.52194
0.3265625,54.71745
0.3289063,55.94664
0.33125,57.21058
0.3335938,58.5106
0.3359375,59.84787
0.3382813,61.22385
0.340625,62.63982
0.3429688,64.09736
0.3453125,65.59787
0.3476563,67.14306
0.35,68.73448
0.3523438,70.37399
0.3546875,72.06329
0.3570313,73.80441
0.359375,75.5992
0.3617188,77.44992
0.3640625,79.35857
0.3664063,81.32763
0.36875,83.35933
0.3710938,85.45635
0.3734375,87.62117
0.3757813,89.85674
0.378125,92.16579
0.3804688,94.55158
0.3828125,97.01711
0.3851563,99.56599
0.3875,102.2015
0.3898438,104.9278
0.3921875,107.7483
0.3945313,110.6676
0.396875,113.6898
0.3992188,116.8197
0.4015625,120.0619
0.4039063,123.4219
0.40625,126.9047
0.4085938,130.5163
0.4109375,134.2626
0.4132813,138.1502
0.415625,142.1855
0.4179688,146.376
0.4203125,150.729
0.4226563,155.2528
0.425,159.9556
0.4273438,164.8467
0.4296875,169.9353
0.4320313,175.2321
0.434375,180.7473
0.4367188,186.4929
0.4390625,192.4806
0.4414063,198.7239
0.44375,205.2361
0.4460938,212.0325
0.4484375,219.1282
0.4507813,226.5407
0.453125,234.2871
0.4554688,242.3872
0.4578125,250.8608
0.4601563,259.7305
0.4613282,264.3209
0.4625,269.0187
0.4636719,273.828
0.4648438,278.7515
0.4660157,283.7927
0.4671875,288.9547
0.4683594,294.2421
0.4695313,299.6581
0.4707032,305.2066
0.471875,310.8914
0.4730469,316.7175
0.4742188,322.6888
0.4753907,328.8099
0.4765625,335.0848
0.4777344,341.5196
0.4789063,348.1188
0.4800782,354.8875
0.48125,361.8305
0.4824219,368.9548
0.4835938,376.2656
0.4847657,383.7688
0.4859375,391.4701
0.4871094,399.3774
0.4882813,407.4968
0.4894532,415.8352
0.490625,424.3993
0.4917969,433.198
0.4929688,442.2386
0.4941407,451.5291
0.4953125,461.0773
0.4964844,470.8935
0.4976563,480.9861
0.5,502.0379
0.5035288,536.0712
0.5070575,573.1823
0.5105863,613.7119
0.514115,658.0368
0.5176438,706.5829
0.5211725,759.8201
0.5247013,818.2765
0.52823,882.5294
0.5317588,953.2202
0.5352875,1031.039
0.5388163,1116.735
0.542345,1211.088
0.5458738,1314.908
0.5494025,1428.981
0.5529313,1554.044
0.55646,1690.685
0.5593063,1809.594
0.5621525,1936.291
0.5649988,2070.588
0.567845,2211.996
0.5706913,2359.685
0.5735375,2512.368
0.57923,2825.012
0.5820763,2979.672
0.5849225,3128.733
0.5877688,3268.246
0.590615,3393.966
0.5934613,3501.659
0.5963075,3587.383
0.5991538,3647.875
0.602,3680.843
0.6048463,3685.215
0.6076925,3661.238
0.6105388,3610.432
0.613385,3535.414
0.6162313,3439.602
0.6190775,3326.9
0.6219238,3201.348
0.62477,3066.878
0.6304625,2785.032
0.636155,2504.145
0.6390013,2368.918
0.6418475,2238.825
0.6446938,2114.613
0.64754,1996.744
0.6502936,1888.944
0.6530472,1787.307
0.6558008,1691.746
0.6585544,1602.084
0.661308,1518.09
0.6640616,1439.491
0.6668152,1365.995
0.6695688,1297.299
0.6723224,1233.1
0.675076,1173.102
0.6778296,1117.015
0.6805832,1064.568
0.6833368,1015.499
0.6860904,969.564
0.688844,926.5358
0.6915975,886.2027
0.6943511,848.3647
0.6971047,812.8404
0.6998583,779.461
0.7026119,748.0707
0.7053655,718.5258
0.7081191,690.6939
0.7108727,664.453
0.7136263,639.6908
0.7163799,616.304
0.7191335,594.1974
0.7218871,573.2832
0.7246407,553.4806
0.7273943,534.7151
0.7301479,516.918
0.7329015,500.0258
0.735655,483.9805
0.7384086,468.7268
0.7411622,454.2153
0.7466694,427.2369
0.7521766,402.7138
0.7576838,380.3613
0.763191,359.9333
0.7686982,341.2169
0.7742054,324.0273
0.7797125,308.2037
0.7852197,293.6048
0.7907269,280.1076
0.7962341,267.6038
0.8017413,255.9977
0.8072485,245.205
0.8127557,235.1509
0.8182629,225.7688
0.82377,216.9999
0.8292772,208.7908
0.8347844,201.0945
0.8402916,193.8685
0.8457988,187.0748
0.851306,180.6789
0.8568132,174.6499
0.8623204,168.9597
0.8678275,163.583
0.8733347,158.4966
0.8788419,153.6796
0.8843491,149.1128
0.8898563,144.7789
0.8953635,140.6618
0.9008707,136.7471
0.9063779,133.0213
0.911885,129.4722
0.9228994,122.8595
0.9339138,116.8291
0.9449282,111.3126
0.9559425,106.2517
0.9669569,101.5959
0.9779713,97.30181
0.9889857,93.3317
1.0,89.65271
1.007735,87.22743
1.015469,84.92282
1.023204,82.73017
1.030938,80.64257
1.038673,78.65265
1.046407,76.75466
1.061875,73.21099
1.077344,69.9701
1.092813,66.99725
1.108282,64.26244
1.12375,61.73997
1.139219,59.40716
1.154688,57.24471
1.170157,55.23565
1.185625,53.36522
1.201094,51.62009
1.216563,49.98886
1.232032,48.46129
1.2475,47.02841
1.262969,45.68194
1.278438,44.41476
1.293907,43.2204
1.309375,42.09312
1.324844,41.02756
1.340313,40.01906
1.355782,39.06335
1.37125,38.15664
1.386719,37.29528
1.402188,36.47614
1.417657,35.6963
1.433125,34.95314
1.448594,34.24413
1.464063,33.56707
1.479532,32.91991
1.495,32.30079
1.510469,31.70789
1.525938,31.13963
1.556875,30.07119
1.587813,29.08472
1.61875,28.17097
1.649688,27.32178
1.680625,26.53001
1.696094,26.15359
1.711563,25.78916
1.727032,25.43597
1.7425,25.09336
1.757969,24.7606
1.773438,24.43702
1.788907,24.12196
1.804375,23.81474
1.819844,23.51462
1.835313,23.22087
1.850782,22.93274
1.858516,22.79052
1.86625,22.64939
1.873985,22.50922
1.881719,22.36993
1.889454,22.23137
1.897188,22.09347
1.904923,21.95609
1.912657,21.81918
1.920391,21.68267
1.928125,21.54656
1.931993,21.47866
1.93586,21.41092
1.939727,21.34336
1.943594,21.27601
1.947462,21.20893
1.951329,21.14223
1.955196,21.07602
1.959063,21.01041
1.962931,20.9456
1.966798,20.88184
1.970665,20.8194
1.974532,20.75867
1.978399,20.70008
1.982266,20.6442
1.986133,20.59171
1.99,20.54342
1.995,20.4888
2.0,20.44524
2.005,20.41552
2.01,20.40251
2.015,20.40884
2.02,20.43631
2.0225,20.4581
2.025,20.48507
2.0275,20.51686
2.03,20.55296
2.0325,20.59265
2.035,20.63508
2.0375,20.67926
2.04,20.72411
2.043125,20.77943
2.04625,20.83193
2.049375,20.8797
2.0525,20.92114
2.055625,20.95507
2.05875,20.98075
2.065,21.00653
2.07125,21.00004
2.0775,20.96629
2.080625,20.94114
2.08375,20.9115
2.086875,20.8781
2.09,20.84158
2.092842,20.80616
2.095684,20.76904
2.098526,20.73055
2.101368,20.69098
2.10421,20.65059
2.107052,20.6096
2.109894,20.56817
2.112735,20.52648
2.115577,20.48463
2.118419,20.44275
2.121261,20.40091
2.124102,20.3592
2.126944,20.31766
2.129786,20.27635
2.135469,20.19457
2.141153,20.11405
2.146837,20.03493
2.152521,19.95728
2.158204,19.88113
2.163888,19.80644
2.169571,19.73321
2.175255,19.66138
2.180938,19.59093
2.186622,19.52177
2.192306,19.45388
2.19799,19.3872
2.203673,19.32168
2.209357,19.25726
2.21504,19.19391
2.226407,19.07021
2.237774,18.95025
2.249141,18.83373
2.260508,18.7204
2.271875,18.61003
2.283243,18.50243
2.29461,18.39742
2.305977,18.29485
2.317344,18.19458
2.328712,18.09648
2.340079,18.00045
2.362813,17.81419
2.385548,17.6351
2.408282,17.46261
2.431016,17.29623
2.45375,17.13553
2.476485,16.98015
2.499219,16.82976
2.521954,16.68406
2.544688,16.54282
2.590157,16.27274
2.635625,16.01789
2.681094,15.77686
2.726563,15.54846
2.772032,15.33166
2.8175,15.12555
2.862969,14.92931
2.908438,14.74221
2.953907,14.56361
2.999375,14.39292
3.044844,14.2296
3.090313,14.07317
3.135782,13.9232
3.18125,13.77927
3.226719,13.64101
3.272188,13.50809
3.317657,13.38019
3.363125,13.25702
3.408594,13.13831
3.454063,13.02381
3.545,12.80657
3.635938,12.60361
3.726875,12.41352
3.817813,12.23503
3.90875,12.06703
3.999688,11.90857
4.090625,11.75877
4.181563,11.61688
4.2725,11.48221
4.363438,11.35415
4.454375,11.23215
4.545313,11.11571
4.63625,11.00437
4.727188,10.89774
4.818125,10.79543
4.909063,10.69709
5.0,10.6024
5.133744,10.46914
5.267488,10.34225
5.401232,10.22088
5.534975,10.10422
5.601847,10.04741
5.668719,9.991467
5.735591,9.936286
5.802463,9.88175
5.869335,9.827731
5.936207,9.774091
6.003079,9.720672
6.06995,9.667294
6.136822,9.613743
6.203694,9.559764
6.23713,9.532517
6.270566,9.50504
6.304002,9.477278
6.337438,9.449173
6.370874,9.420655
6.40431,9.391645
6.437746,9.362052
6.471182,9.331769
6.504618,9.300667
6.538054,9.268597
6.554772,9.252144
6.57149,9.235378
6.588208,9.21827
6.604925,9.200791
6.621643,9.182901
6.638361,9.164565
6.655079,9.145737
6.671797,9.126369
6.688515,9.106406
6.705233,9.085786
6.721951,9.06444
6.738669,9.042287
6.755387,9.019239
6.772105,8.995191
6.788823,8.970025
6.805541,8.943605
6.8139,8.929876
6.822259,8.915771
6.830618,8.901268
6.838977,8.886341
6.847336,8.87096
6.855695,8.855097
6.864054,8.838718
6.872413,8.821787
6.880772,8.804265
6.889131,8.786111
6.89749,8.767278
6.905849,8.747715
6.914208,8.727367
6.922567,8.706175
6.930926,8.684071
6.939285,8.660985
6.947644,8.636837
6.956003,8.61154
6.964362,8.585001
6.972721,8.557115
6.98108,8.527771
6.989439,8.496847
6.993619,8.48075
6.997798,8.464212
7.001978,8.447208
7.006157,8.429727
7.010337,8.411743
7.014516,8.393245
7.018696,8.374206
7.022875,8.354615
7.027055,8.334446
7.031234,8.313689
7.035414,8.292318
7.039593,8.270327
7.043773,8.247694
7.047952,8.224418
7.052132,8.200481
7.056311,8.175896
7.060491,8.150655
7.06467,8.124785
7.06885,8.098302
7.073029,8.071258
7.077209,8.0437
7.081388,8.015727
7.085568,7.987437
7.089747,7.958998
7.093927,7.930595
7.098106,7.902503
7.102286,7.875045
7.106465,7.848666
7.110645,7.823903
7.114824,7.801464
7.119004,7.782215
7.123183,7.767263
7.127363,7.757961
7.131542,7.75599
7.135721,7.763382
7.1399,7.782575
7.143032,7.806399
7.146163,7.839794
7.149294,7.884233
7.152425,7.941261
7.158688,8.099354
7.161819,8.203268
7.16495,8.325278
7.168082,8.466027
7.171213,8.625381
7.174344,8.802534
7.177475,8.995702
7.180607,9.202177
7.183738,9.418093
7.186869,9.638991
7.19,9.859831
7.193132,10.07549
7.196263,10.28087
7.199394,10.4717
7.202525,10.64455
7.205657,10.79707
7.208788,10.9279
7.211919,11.03681
7.21505,11.12442
7.221313,11.24119
7.227575,11.29252
7.230707,11.29876
7.233838,11.29466
7.236969,11.282
7.2401,11.26236
7.242796,11.24092
7.245491,11.21612
7.248186,11.18864
7.250881,11.15904
7.253577,11.12782
7.256272,11.09543
7.258967,11.0622
7.261662,11.02845
7.264358,10.99441
7.267053,10.96031
7.269748,10.92631
7.272443,10.89254
7.275139,10.85912
7.277834,10.82616
7.280529,10.79371
7.283224,10.76183
7.28592,10.73054
7.288615,10.69991
7.29131,10.66994
7.294005,10.64065
7.296701,10.61203
7.299396,10.58411
7.302091,10.55686
7.304786,10.5303
7.307482,10.50439
7.310177,10.47915
7.315567,10.43059
7.320957,10.38449
7.326347,10.34074
7.331738,10.29919
7.337128,10.25972
7.342519,10.2222
7.347909,10.18652
7.3533,10.15255
7.35869,10.12018
7.364081,10.08931
7.369471,10.05985
7.374862,10.03169
7.380252,10.00477
7.385643,9.97899
7.391033,9.954293
7.396424,9.930601
7.401814,9.907861
7.407204,9.88601
7.412594,9.864994
7.417985,9.844761
7.423375,9.825271
7.428766,9.806475
7.434156,9.788339
7.439547,9.77082
7.444937,9.75389
7.450328,9.73751
7.455718,9.721657
7.466499,9.69141
7.47728,9.662947
7.488061,9.636093
7.498841,9.610694
7.509622,9.586612
7.520403,9.563729
7.531184,9.541939
7.541965,9.521148
7.552746,9.501273
7.563527,9.482238
7.574308,9.463978
7.585088,9.446433
7.595869,9.429546
7.60665,9.413271
7.617431,9.397563
7.628212,9.382382
7.638993,9.367692
7.649774,9.35346
7.660555,9.339656
7.671335,9.326253
7.692897,9.300547
7.714459,9.276165
7.736021,9.252957
7.757582,9.230795
7.779144,9.209567
7.800706,9.18918
7.822268,9.16955
7.843829,9.150608
7.865391,9.132288
7.886952,9.114537
7.908514,9.097305
7.930075,9.080551
7.951637,9.064234
7.973199,9.048322
8.016322,9.01759
8.059446,8.988146
8.102569,8.95982
8.145693,8.93247
8.188816,8.90598
8.23194,8.880251
8.275063,8.8552
8.318187,8.830757
8.36131,8.806861
8.404434,8.783458
8.447557,8.760504
8.533804,8.715784
8.62005,8.672433
8.706297,8.630241
8.792544,8.589035
8.878791,8.548677
8.965038,8.509051
9.051285,8.470056
9.137532,8.431608
9.310025,8.356069
9.482519,8.281936
9.655013,8.208805
9.827507,8.136334
10.0,8.064219
10.16969,7.993352
10.33938,7.92231
10.50907,7.850848
10.67875,7.778724
10.84844,7.705681
11.01813,7.631461
11.18782,7.555785
11.3575,7.478358
11.52719,7.398839
11.69688,7.316864
11.86657,7.232015
12.03625,7.143822
12.1211,7.098295
12.20594,7.051721
12.29079,7.004007
12.37563,6.955071
12.46048,6.904803
12.54532,6.853104
12.63016,6.799848
12.715,6.744904
12.79985,6.688116
12.88469,6.629336
12.96954,6.568369
13.05438,6.505025
13.13923,6.439064
13.22407,6.370244
13.30891,6.298268
13.39375,6.22281
13.4786,6.143484
13.52102,6.102248
13.56344,6.059883
13.60587,6.016315
13.64829,5.971496
13.69071,5.925342
13.73313,5.877775
13.77556,5.828698
13.81798,5.778043
13.8604,5.725698
13.90282,5.671558
13.94524,5.615505
13.98766,5.557415
14.03008,5.497152
14.0725,5.434569
14.11493,5.369491
14.15735,5.301774
14.19977,5.231218
14.24219,5.157619
14.28462,5.080739
14.32704,5.000378
14.36946,4.916266
14.39067,4.872719
14.41188,4.828132
14.4331,4.782447
14.45431,4.735668
14.47552,4.687739
14.49673,4.638621
14.51794,4.588275
14.53915,4.536664
14.56036,4.48375
14.58157,4.429497
14.60278,4.373872
14.62399,4.316842
14.6452,4.258381
14.66641,4.198467
14.68762,4.137086
14.70883,4.074232
14.73004,4.009916
14.75125,3.94416
14.77247,3.876981
14.79368,3.808515
14.81489,3.738842
14.8361,3.668117
14.85731,3.596556
14.87852,3.524451
14.89973,3.452194
14.92094,3.380305
14.93155,3.34469
14.94216,3.309441
14.95277,3.274681
14.96337,3.240579
14.97398,3.207233
14.98458,3.174887
14.99519,3.143694
15.00579,3.113955
15.0164,3.085895
15.027,3.059891
15.03761,3.036268
15.04821,3.015505
15.05882,2.998064
15.06942,2.984563
15.08003,2.975655
15.09063,2.97215
15.10124,2.974969
15.11185,2.985207
15.12246,3.004144
15.13306,3.033257
15.14367,3.074389
15.15427,3.129579
15.16488,3.201461
15.17548,3.292923
15.18609,3.407777
15.19139,3.47522
15.19669,3.550195
15.202,3.633563
15.2073,3.725781
15.2126,3.827848
15.2179,3.940707
15.22321,4.06565
15.22851,4.20337
15.23381,4.355382
15.23911,4.523129
15.24442,4.708585
15.24972,4.912854
15.25502,5.138286
15.26032,5.387146
15.26563,5.662527
15.27093,5.966268
15.27623,6.302108
15.28153,6.673723
15.28684,7.086099
15.29214,7.542434
15.29744,8.048874
15.30274,8.611601
15.30805,9.238944
15.31335,9.936694
15.316,10.31527
15.31865,10.71535
15.3213,11.13833
15.32395,11.58573
15.32661,12.06101
15.32926,12.56235
15.33191,13.09337
15.33456,13.65612
15.33721,14.25279
15.33986,14.88576
15.34251,15.55761
15.34516,16.27111
15.34782,17.03224
15.35047,17.83855
15.35312,18.69636
15.35577,19.60952
15.35842,20.5822
15.36107,21.61893
15.36372,22.72467
15.36637,23.90475
15.36903,25.16993
15.37168,26.51707
15.37433,27.95767
15.37698,29.49926
15.37963,31.15003
15.38228,32.91888
15.38493,34.81551
15.38758,36.85045
15.39024,39.04372
15.39289,41.39128
15.39554,43.91458
15.39819,46.6282
15.40084,49.54786
15.40349,52.69051
15.40614,56.07428
15.40879,59.71854
15.41145,63.6592
15.4141,67.88829
15.41675,72.44261
15.4194,77.34534
15.42205,82.61997
15.4247,88.28976
15.42735,94.37707
15.43,100.9025
15.43313,109.1979
15.43625,118.1198
15.43938,127.7331
15.4425,137.9665
15.44563,148.8514
15.44875,160.254
15.455,184.3067
15.45813,196.6229
15.46125,208.7772
15.46438,220.5649
15.4675,231.597
15.47063,241.6138
15.47375,250.2302
15.47688,257.2139
15.48,262.2948
15.48313,265.3615
15.48625,266.3464
15.48938,265.3052
15.4925,262.3813
15.49563,257.764
15.49875,251.7367
15.50188,244.539
15.505,236.4956
15.51125,218.8
15.5175,200.3958
15.52063,191.3086
15.52375,182.4802
15.52688,173.9263
15.53,165.7506
15.53219,160.2382
15.53437,154.9434
15.53656,149.8208
15.53874,144.9179
15.54093,140.1883
15.54311,135.6724
15.54529,131.3442
15.54747,127.1988
15.54966,123.2128
15.55184,119.4167
15.55402,115.7855
15.5562,112.3126
15.55839,108.9765
15.56057,105.8013
15.56493,99.86042
15.5693,94.41223
15.57366,89.43433
15.57803,84.85997
15.58239,80.67009
15.58676,76.80907
15.59112,73.26182
15.59549,69.98257
15.59985,66.95995
15.60422,64.15639
15.60858,61.56363
15.61295,59.1508
15.61731,56.91205
15.62168,54.82195
15.62604,52.8765
15.63041,51.0546
15.63477,49.35367
15.63914,47.75606
15.6435,46.26027
15.64787,44.85145
15.65223,43.52885
15.6566,42.27989
15.66096,41.1044
15.66533,39.99164
15.66969,38.94184
15.67406,37.94578
15.67843,37.00189
15.6828,36.10649
15.68716,35.2581
15.69153,34.44977
15.69589,33.68238
15.70026,32.94983
15.70462,32.2531
15.71335,30.95205
15.72208,29.76373
15.73081,28.67495
15.73954,27.67442
15.74827,26.75241
15.757,25.90051
15.76573,25.11142
15.77446,24.37878
15.78319,23.69704
15.79192,23.06132
15.80065,22.4673
15.80938,21.91121
15.81812,21.38909
15.82685,20.89913
15.83558,20.43806
15.84431,20.00348
15.85304,19.59326
15.86177,19.20548
15.8705,18.83841
15.87923,18.49048
15.88796,18.16027
15.89669,17.84651
15.90542,17.54803
15.91415,17.26376
15.92288,16.99275
15.93161,16.73411
15.94034,16.48702
15.94907,16.25074
15.96653,15.80796
15.98399,15.40094
16.00145,15.02556
16.01891,14.6783
16.03637,14.35614
16.05383,14.05646
16.07129,13.77698
16.08875,13.51572
16.10622,13.27081
16.12368,13.041
16.14114,12.82479
16.1586,12.62098
16.17606,12.42853
16.19352,12.24647
16.21098,12.07396
16.22844,11.91025
16.24591,11.75457
16.26337,11.60647
16.28083,11.46531
16.29829,11.33058
16.31575,11.20183
16.33321,11.07865
16.35067,10.96065
16.36813,10.84749
16.3856,10.73879
16.40306,10.63439
16.43798,10.43722
16.4729,10.25404
16.50782,10.08323
16.54274,9.923426
16.57766,9.773426
16.61258,9.632205
16.6475,9.498867
16.68243,9.372594
16.71735,9.25277
16.75227,9.13875
16.78719,9.029999
16.82212,8.926009
16.85704,8.826414
16.89196,8.730802
16.92688,8.638832
16.96181,8.550171
16.99673,8.46459
17.03165,8.381811
17.06657,8.301605
17.10149,8.223764
17.13641,8.148095
17.20625,8.002592
17.2761,7.863838
17.34594,7.730815
17.41579,7.602577
17.48563,7.478367
17.55548,7.357454
17.62532,7.239251
17.69516,7.123185
17.765,7.00875
17.83485,6.895464
17.90469,6.782929
17.97454,6.670704
18.04438,6.558435
18.11423,6.445716
18.18407,6.332215
18.25391,6.217559
18.32375,6.10139
18.3936,5.983331
18.46344,5.863051
18.53329,5.740143
18.60313,5.614257
18.67298,5.484957
18.74282,5.351866
18.81266,5.214533
18.8825,5.072505
18.95235,4.925292
18.98727,4.849608
19.02219,4.77245
19.05712,4.693734
19.09204,4.613441
19.12696,4.531489
19.16188,4.447815
19.19681,4.362337
19.23173,4.275047
19.26665,4.185869
19.30157,4.094757
19.33649,4.00167
19.37141,3.906582
19.40633,3.809477
19.44125,3.710356
19.47618,3.609216
19.5111,3.506169
19.54602,3.401278
19.58094,3.294684
19.61587,3.186557
19.65079,3.077242
19.68571,2.967094
19.72063,2.856629
19.75556,2.746507
19.77302,2.691877
19.79048,2.637704
19.80794,2.584149
19.8254,2.531395
19.84286,2.479654
19.86032,2.429169
19.87778,2.380219
19.89524,2.333125
19.9127,2.288256
19.93016,2.246039
19.94762,2.206965
19.96508,2.1716
19.98254,2.140602
20.0,2.114733
20.02019,2.092378
20.04038,2.079682
20.06057,2.07857
20.08075,2.091348
20.09085,2.103806
20.10094,2.120811
20.11104,2.142838
20.12113,2.170328
20.13123,2.203871
20.14132,2.243993
20.15141,2.291375
20.1615,2.346743
20.1716,2.410967
20.18169,2.484812
20.19179,2.56942
20.20188,2.66573
20.21198,2.775168
20.22207,2.898901
20.23216,3.038577
20.24225,3.195929
20.25235,3.373097
20.26244,3.57193
20.27254,3.795311
20.28263,4.045613
20.29273,4.326529
20.29778,4.479498
20.30282,4.641135
20.30787,4.812617
20.31291,4.993833
20.31796,5.186115
20.323,5.389355
20.32805,5.605061
20.3331,5.833596
20.33815,6.075768
20.34319,6.331925
20.34824,6.604015
20.35329,6.892552
20.35834,7.198617
20.36338,7.522716
20.36843,7.867393
20.37348,8.233384
20.37853,8.622158
20.38357,9.034463
20.38862,9.473655
20.39366,9.939855
20.39871,10.43693
20.40375,10.96512
20.4088,11.5289
20.41385,12.12986
20.4189,12.77085
20.42394,13.45357
20.42899,14.18413
20.43404,14.96491
20.43909,15.80001
20.44413,16.69204
20.44918,17.64944
20.45423,18.67592
20.45928,19.77741
20.46432,20.95807
20.46937,22.22983
20.47441,23.59566
20.47946,25.06989
20.4845,26.65655
20.48955,28.37295
20.4946,30.22835
20.49965,32.2365
20.50469,34.4083
20.50974,36.76956
20.51479,39.33553
20.51984,42.12803
20.52488,45.16536
20.52993,48.48734
20.53498,52.11973
20.54003,56.09828
20.54507,60.45464
20.55012,65.25241
20.55516,70.52533
20.56021,76.35488
20.56273,79.48962
20.56525,82.7872
20.56778,86.27201
20.5703,89.92754
20.57283,93.7947
20.57535,97.85562
20.57788,102.1563
20.5804,106.6773
20.58292,111.4509
20.58544,116.4939
20.58797,121.8462
20.59049,127.4849
20.59302,133.4758
20.59554,139.794
20.59807,146.5138
20.60059,153.6078
20.60311,161.1294
20.60563,169.1081
20.60816,177.6098
20.61068,186.601
20.61321,196.1889
20.61573,206.3358
20.61826,217.1623
20.62078,228.6253
20.6233,240.8103
20.62582,253.7632
20.62835,267.5879
20.63087,282.2238
20.63339,297.7732
20.63591,314.2852
20.63844,331.8794
20.64096,350.4625
20.64348,370.1438
20.646,390.9591
20.64938,420.7055
20.65275,452.4775
20.65613,486.4475
20.6595,522.3312
20.66288,560.1703
20.66625,599.4625
20.673,681.0874
20.67638,722.1627
20.67975,762.1581
20.68313,800.3206
20.6865,835.3494
20.68988,866.3478
20.69325,892.0871
20.69663,911.8146
20.7,924.7399
20.70338,930.5585
20.70675,929.1846
20.71013,920.8864
20.7135,906.2761
20.71688,886.0555
20.72025,861.2715
20.72363,832.7684
20.727,801.6901
20.73375,734.9881
20.7405,667.0896
20.74388,633.9522
20.74725,601.9487
20.75063,571.1146
20.754,541.7781
20.75664,519.833
20.75927,498.8975
20.76191,478.8158
20.76454,459.7321
20.76718,441.4839
20.76981,424.186
20.77245,407.678
20.77508,392.0529
20.77772,377.1577
20.78035,363.0698
20.78299,349.6461
20.78562,336.9525
20.78826,324.8572
20.79089,313.4176
20.79353,302.5133
20.79616,292.195
20.7988,282.3536
20.80143,273.0346
20.80407,264.1393
20.8067,255.7091
20.80934,247.6549
20.81197,240.0146
20.81724,225.7697
20.82251,212.8137
20.82778,201.0049
20.83305,190.2186
20.83831,180.3629
20.84358,171.304
20.84885,162.9767
20.85412,155.306
20.85939,148.226
20.86466,141.6786
20.86993,135.6122
20.8752,129.9812
20.88046,124.7546
20.88573,119.8766
20.891,115.3254
20.89627,111.0723
20.90154,107.0917
20.90681,103.3605
20.91208,99.85816
20.91735,96.56602
20.92261,93.47306
20.92788,90.55242
20.93315,87.79646
20.93842,85.19279
20.94369,82.73013
20.94896,80.39825
20.95423,78.1878
20.9595,76.09029
20.96477,74.09793
20.97004,72.2036
20.97531,70.40078
20.98585,67.04619
20.99639,63.99181
21.00692,61.2042
21.01746,58.64739
21.028,56.29782
21.03854,54.1328
21.04907,52.13453
21.05961,50.28218
21.07015,48.56284
21.08069,46.96349
21.09122,45.47405
21.10176,44.08161
21.1123,42.77871
21.12284,41.55743
21.13338,40.41073
21.14392,39.33232
21.15446,38.31657
21.165,37.35845
21.17553,36.45425
21.18607,35.59817
21.19661,34.7874
21.20715,34.01859
21.21768,33.28939
21.22822,32.59566
21.23876,31.93559
21.2493,31.30689
21.25983,30.70803
21.28091,29.58947
21.30199,28.56698
21.32307,27.62911
21.34414,26.76651
21.36522,25.97
21.38629,25.23319
21.40737,24.54914
21.42844,23.91313
21.44952,23.31985
21.4706,22.76548
21.49168,22.24641
21.51275,21.75966
21.53383,21.30193
21.5549,20.87115
21.57598,20.46467
21.59705,20.08087
21.61813,19.7176
21.63921,19.37342
21.66029,19.04688
21.68136,18.73682
21.70244,18.44175
21.72351,18.16088
21.74459,17.89295
21.76566,17.63734
21.78674,17.39298
21.80782,17.15925
21.8289,16.93548
21.84997,16.72112
21.89212,16.31801
21.93427,15.94584
21.97643,15.60104
22.01858,15.28079
22.06073,14.98244
22.10288,14.70374
22.14504,14.44269
22.18719,14.19773
22.22934,13.96728
22.27149,13.75005
22.31365,13.5448
22.3558,13.35062
22.39795,13.16653
22.4401,12.9917
22.48226,12.82536
22.52441,12.66692
22.56656,12.51576
22.60871,12.37132
22.65087,12.23309
22.69302,12.10069
22.73517,11.97368
22.77732,11.8517
22.81948,11.73437
22.86163,11.62145
22.94593,11.40764
23.03024,11.20821
23.11454,11.0215
23.19885,10.846
23.28315,10.68051
23.36745,10.52389
23.45175,10.37521
23.53606,10.2336
23.62036,10.09836
23.70467,9.96879
23.78897,9.844332
23.87328,9.724424
23.95758,9.60861
24.04189,9.496419
24.12619,9.387467
24.2105,9.281347
24.2948,9.177723
24.37911,9.076229
24.46341,8.976555
24.54772,8.878355
24.58987,8.829717
24.63202,8.781329
24.67418,8.73314
24.71633,8.685131
24.75848,8.637251
24.80063,8.589456
24.84279,8.541694
24.88494,8.493943
24.92709,8.44615
24.96924,8.39827
25.0114,8.350247
25.05355,8.30206
25.0957,8.253655
25.13785,8.20499
25.18001,8.156016
25.22216,8.106725
25.24324,8.081941
25.26431,8.05708
25.28539,8.032116
25.30646,8.007074
25.32754,7.981932
25.34862,7.956707
25.3697,7.931404
25.39077,7.906048
25.41185,7.880625
25.43292,7.855179
25.454,7.82971
25.47507,7.804271
25.49615,7.778878
25.51723,7.753593
25.53831,7.728479
25.55938,7.703628
25.58046,7.679116
25.60153,7.655093
25.62261,7.631697
25.64368,7.609151
25.66476,7.587691
25.6753,7.57747
25.68584,7.567652
25.69638,7.558292
25.70692,7.549451
25.71746,7.541202
25.72799,7.533631
25.73853,7.526815
25.74907,7.520867
25.75961,7.515905
25.77014,7.51207
25.78068,7.509511
25.79122,7.508413
25.80176,7.508983
25.81229,7.511459
25.82283,7.516126
25.83337,7.523305
25.84391,7.533375
25.85445,7.54678
25.86499,7.564039
25.87553,7.585767
25.88607,7.612689
25.8966,7.645634
25.90714,7.685695
25.91768,7.734081
25.92822,7.792282
25.93349,7.825614
25.93875,7.862035
25.94402,7.90197
25.94929,7.945674
25.95456,7.993501
25.95983,8.045846
25.9651,8.103146
25.97037,8.165891
25.97564,8.234628
25.9809,8.309817
25.98617,8.392431
25.99144,8.483102
25.99671,8.582699
26.00198,8.692201
26.00725,8.812715
26.01252,8.945497
26.01779,9.091973
26.02305,9.253446
26.02832,9.43238
26.03359,9.630608
26.03886,9.850565
26.04413,10.09506
26.0494,10.36731
26.05467,10.67108
26.05994,11.0107
26.0652,11.39044
26.07047,11.81764
26.07574,12.29847
26.08101,12.841
26.08365,13.13887
26.08628,13.45466
26.08892,13.79222
26.09155,14.15056
26.09419,14.5341
26.09682,14.94176
26.09946,15.37865
26.10209,15.84362
26.10472,16.34059
26.10735,16.8721
26.10999,17.44311
26.11262,18.05224
26.11526,18.70734
26.11789,19.40689
26.12053,20.15989
26.12316,20.96458
26.1258,21.8313
26.12843,22.75794
26.13107,23.75622
26.1337,24.82346
26.13634,25.97285
26.13897,27.20078
26.14161,28.52174
26.14424,29.9307
26.14687,31.43717
26.1495,33.04529
26.15266,35.11662
26.15582,37.34314
26.15898,39.72511
26.16213,42.24996
26.16529,44.92338
26.16844,47.71066
26.17475,53.54382
26.17791,56.50469
26.18107,59.41644
26.18423,62.20978
26.18738,64.80058
26.19054,67.12655
26.19369,69.09741
26.19685,70.65907
26.2,71.75056
26.20316,72.34773
26.20632,72.43825
26.20948,72.03731
26.21263,71.18429
26.21579,69.92609
26.21894,68.33351
26.2221,66.46463
26.22525,64.39913
26.23157,59.89466
26.23788,55.25642
26.24104,52.97582
26.24419,50.76469
26.24735,48.62613
26.2505,46.58512
26.25387,44.50972
26.25724,42.54999
26.26061,40.70647
26.26398,38.97722
26.26735,37.35853
26.27072,35.84554
26.27409,34.4327
26.27745,33.11789
26.28082,31.88725
26.28419,30.73889
26.28756,29.66701
26.29093,28.66607
26.2943,27.73083
26.29767,26.85637
26.30104,26.03809
26.3044,25.27396
26.30777,24.55547
26.31114,23.88135
26.31451,23.24826
26.31788,22.65311
26.32125,22.09308
26.32462,21.56557
26.32799,21.06821
26.33135,20.60016
26.33472,20.15664
26.33809,19.73724
26.34146,19.34028
26.34483,18.9642
26.3482,18.60757
26.35157,18.26909
26.35494,17.94754
26.3583,17.6427
26.36167,17.35173
26.36504,17.07462
26.37178,16.55851
26.37852,16.08816
26.38525,15.65882
26.39199,15.26463
26.39873,14.90228
26.40547,14.56834
26.4122,14.26024
26.41894,13.97449
26.42568,13.70925
26.43242,13.46254
26.43915,13.23291
26.44589,13.01812
26.45263,12.81715
26.45937,12.62877
26.4661,12.45214
26.47284,12.28577
26.47958,12.12904
26.48632,11.98118
26.49305,11.84168
26.49979,11.7095
26.50653,11.58428
26.51327,11.46549
26.52,11.35282
26.52674,11.24552
26.53348,11.14337
26.54022,11.04601
26.54695,10.95326
26.56043,10.77971
26.5739,10.62089
26.58738,10.4748
26.60085,10.34016
26.61433,10.21548
26.6278,10.09984
26.64128,9.992122
26.65475,9.891662
26.66822,9.797658
26.68169,9.709481
26.69517,9.626523
26.70864,9.54842
26.72212,9.474626
26.73559,9.404871
26.74907,9.338712
26.76254,9.275945
26.77602,9.216207
26.78949,9.159343
26.80297,9.10505
26.81644,9.053214
26.82992,9.003578
26.84339,8.956055
26.85687,8.910428
26.87034,8.866633
26.89729,8.783928
26.92424,8.70709
26.95119,8.635404
26.97814,8.568268
27.00509,8.505167
27.03204,8.445663
27.05899,8.389377
27.08594,8.335984
27.11288,8.285217
27.13983,8.236793
27.16678,8.190513
27.19373,8.146187
27.22068,8.103648
27.24763,8.062746
27.27458,8.023349
27.30153,7.985339
27.32848,7.948612
27.35543,7.913073
27.38238,7.878638
27.43628,7.812781
27.49018,7.750518
27.54407,7.69143
27.59797,7.635141
27.65187,7.581369
27.70577,7.529871
27.75966,7.480451
27.81356,7.432921
27.86746,7.387149
27.92136,7.343016
27.97525,7.300433
28.02915,7.259303
28.08305,7.21957
28.13695,7.181181
28.19085,7.144097
28.29865,7.073743
28.40644,7.0084
28.51424,6.948088
28.62203,6.892976
28.72983,6.84334
28.83762,6.799603
28.94542,6.762303
29.05322,6.732139
29.16102,6.709972
29.26881,6.69685
29.37661,6.694038
29.4844,6.703061
29.5922,6.725753
29.69999,6.764309
29.70001,43.26365
30.0,43.20836
32.5,42.76027
35.0,42.34954
37.5,41.95543
40.0,41.59009
42.5,41.23321
45.0,40.89954
47.5,40.5864
50.0,40.29154
52.5,39.99815
55.0,39.7204
60.0,39.20607
63.0,38.90741
66.0,38.62477
72.0,38.10161
78.5,37.56729
85.0,37.08212
92.5,36.55377
100.0,36.07331
106.25,35.75204
112.5,35.45177
118.75,35.17005
125.0,34.90486
131.25,34.6473
137.5,34.40349
143.75,34.17213
150.0,33.95207
160.0,33.61461
170.0,33.30067
177.5,33.07521
185.0,32.86052
200.0,32.45986
212.5,32.10709
225.0,31.778
237.5,31.46982
250.0,31.18021
262.5,30.90056
275.0,30.63626
287.5,30.38582
300.0,30.14796
325.0,29.67749
350.0,29.24845
375.0,28.84853
400.0,28.47939
425.0,28.12206
450.0,27.78926
475.0,27.47809
500.0,27.1861
525.0,26.90134
550.0,26.63261
575.0,26.37833
600.0,26.13715
630.0,25.85535
660.0,25.58949
690.0,25.338
720.0,25.09954
760.0,24.79656
800.0,24.51251
850.0,24.17237
900.0,23.856
950.0,23.56056
1000.0,23.28365
1062.5,22.95196
1125.0,22.64357
1187.5,22.35567
1250.0,22.08592
1312.5,21.82981
1375.0,21.58838
1437.5,21.36018
1500.0,21.14395
1600.0,20.81452
1700.0,20.50974
1775.0,20.29438
1850.0,20.09005
1925.0,19.89578
2000.0,19.71071
2125.0,19.42088
2250.0,19.15152
2375.0,18.90017
2500.0,18.66477
2625.0,18.44286
2750.0,18.23374
2875.0,18.03612
3000.0,17.84893
3125.0,17.66634
3250.0,17.49267
3500.0,17.16917
3750.0,16.87316
4000.0,16.60088
4250.0,16.34835
4500.0,16.11378
4750.0,15.89499
5000.0,15.69017
5250.0,15.49711
5500.0,15.31525
5750.0,15.14347
6000.0,14.9808
6250.0,14.82673
6500.0,14.6802
7000.0,14.40727
7500.0,14.1576
8000.0,13.92797
8500.0,13.71593
9000.0,13.51897
9500.0,13.33527
10000.0,13.1633
10625.0,12.96316
11250.0,12.77724
11875.0,12.60384
12500.0,12.44151
13125.0,12.28932
13750.0,12.14594
14375.0,12.0105
15000.0,11.88224
16000.0,11.68904
17000.0,11.51042
18500.0,11.26573
20000.0,11.04474
21250.0,10.87548
22500.0,10.71828
23750.0,10.57167
25000.0,10.43444
26250.0,10.30595
27500.0,10.18492
30000.0,9.96234
32500.0,9.760788
35000.0,9.577817
37500.0,9.409165
40000.0,9.254091
42500.0,9.10904
45000.0,8.974365
47500.0,8.848807
50000.0,8.731314
55000.0,8.51291
60000.0,8.318296
65000.0,8.139403
70000.0,7.977205
74556.0,7.816549
79112.0,7.668379
80000.0,7.640811
84999.98,7.457648
89999.95,7.288981
94999.93,7.132948
99999.9,6.988009
100000.1,7.054198
104980.0,6.9345
170100.0,5.936
170100.4,5.935991
180370.0,5.711
197500.0,5.5188
247400.0,5.1763
247400.5,5.176294
256260.0,5.0717
300000.0,4.8348
302660.0,4.8254
500000.0,4.4888
851420.0,4.5916
861830.0,4.5966
1200000.0,4.7014
1300000.0,4.7041
1350000.0,4.7006
1400000.0,4.6939
1450000.0,4.6843
1500000.0,4.6718
1550000.0,4.6567
1600000.0,4.6392
1650000.0,4.6194
1700000.0,4.5976
1900000.0,4.4792
2100000.0,4.324
2350000.0,4.1135
2500000.0,3.9713
3000000.0,3.5504
3500000.0,3.1702
4457000.0,2.6202
5000000.0,2.4077
5500000.0,2.2702
6178800.0,2.1621
6696000.0,2.1309
6696016.0,2.1309
7000000.0,2.1285
7500000.0,2.1435
8071700.0,2.1798
8205300.0,2.1903
9000000.0,2.2608
9500000.0,2.3073
10500000.0,2.3958
11500000.0,2.47
12500000.0,2.5258
13500000.0,2.5628
14100000.0,2.5763
14688000.0,2.5833
14688020.0,2.5833
16000000.0,2.5775
17000000.0,2.5533
18000000.0,2.5131
19000000.0,2.4603
20000000.0,2.3998
