1e-05,6.6
1.03125e-05,6.6
1.0625e-05,6.6
1.09375e-05,6.6
1.125e-05,6.6
1.15625e-05,6.6
1.1875e-05,6.6
1.21875e-05,6.6
1.25e-05,6.6
1.28125e-05,6.6
1.3125e-05,6.6
1.34375e-05,6.6
1.375e-05,6.6
1.4375e-05,6.6
1.5e-05,6.6
1.5625e-05,6.6
1.625e-05,6.6
1.6875e-05,6.6
1.75e-05,6.6
1.8125e-05,6.6
1.875e-05,6.6
1.9375e-05,6.6
2e-05,6.6
2.09375e-05,6.6
2.1875e-05,6.6
2.28125e-05,6.6
2.375e-05,6.6
2.46875e-05,6.6
2.5625e-05,6.6
2.65625e-05,6.6
2.75e-05,6.6
2.84375e-05,6.6
2.9375e-05,6.6
3.03125e-05,6.6
3.125e-05,6.6
3.21875e-05,6.6
3.3125e-05,6.6
3.40625e-05,6.6
3.5e-05,6.6
3.59375e-05,6.6
3.6875e-05,6.6
3.78125e-05,6.6
3.875e-05,6.6
3.96875e-05,6.6
4.0625e-05,6.6
4.25e-05,6.6
4.4375e-05,6.6
4.625e-05,6.6
4.8125e-05,6.6
5e-05,6.6
5.15625e-05,6.6
5.3125e-05,6.6
5.46875e-05,6.6
5.625e-05,6.6
5.78125e-05,6.6
5.9375e-05,6.6
6.09375e-05,6.6
6.25e-05,6.6
6.40625e-05,6.6
6.5625e-05,6.6
6.71875e-05,6.6
6.875e-05,6.6
7.1875e-05,6.6
7.5e-05,6.6
7.8125e-05,6.6
8.125e-05,6.6
8.4375e-05,6.6
8.75e-05,6.6
9.0625e-05,6.6
9.375e-05,6.6
9.6875e-05,6.6
0.0001,6.6
0.000103125,6.6
0.00010625,6.6
0.000109375,6.6
0.0001125,6.6
0.000115625,6.6
0.00011875,6.6
0.000121875,6.6
0.000125,6.6
0.000128125,6.6
0.00013125,6.6
0.000134375,6.6
0.0001375,6.6
0.00014375,6.6
0.00015,6.6
0.00015625,6.6
0.0001625,6.6
0.00016875,6.6
0.000175,6.6
0.00018125,6.6
0.0001875,6.6
0.00019375,6.6
0.0002,6.6
0.000209375,6.6
0.00021875,6.6
0.000228125,6.6
0.0002375,6.6
0.000246875,6.6
0.00025625,6.6
0.000265625,6.6
0.000275,6.6
0.000284375,6.6
0.00029375,6.6
0.000303125,6.6
0.0003125,6.6
0.000321875,6.6
0.00033125,6.6
0.000340625,6.6
0.00035,6.6
0.000359375,6.6
0.00036875,6.6
0.000378125,6.6
0.0003875,6.6
0.000396875,6.6
0.00040625,6.6
0.000425,6.6
0.00044375,6.6
0.0004625,6.6
0.00048125,6.6
0.0005,6.6
0.000515625,6.6
0.00053125,6.6
0.000546875,6.6
0.0005625,6.6
0.000578125,6.6
0.00059375,6.6
0.000609375,6.6
0.000625,6.6
0.000640625,6.6
0.00065625,6.6
0.000671875,6.6
0.0006875,6.6
0.00071875,6.6
0.00075,6.6
0.00078125,6.6
0.0008125,6.6
0.00084375,6.6
0.000875,6.6
0.00090625,6.6
0.0009375,6.6
0.00096875,6.6
0.001,6.6
0.00103125,6.6
0.0010625,6.6
0.00109375,6.6
0.001125,6.6
0.00115625,6.6
0.0011875,6.6
0.00121875,6.6
0.00125,6.6
0.00128125,6.6
0.0013125,6.6
0.00134375,6.6
0.001375,6.6
0.0014375,6.6
0.0015,6.6
0.0015625,6.6
0.001625,6.6
0.0016875,6.6
0.00175,6.6
0.0018125,6.6
0.001875,6.6
0.0019375,6.6
0.002,6.6
0.00209375,6.6
0.0021875,6.6
0.00228125,6.6
0.002375,6.6
0.00246875,6.6
0.0025625,6.6
0.00265625,6.6
0.00275,6.6
0.00284375,6.6
0.0029375,6.6
0.00303125,6.6
0.003125,6.6
0.00321875,6.6
0.0033125,6.6
0.00340625,6.6
0.0035,6.6
0.00359375,6.6
0.0036875,6.6
0.00378125,6.6
0.003875,6.6
0.00396875,6.6
0.0040625,6.6
0.00425,6.6
0.0044375,6.6
0.004625,6.6
0.0048125,6.6
0.005,6.6
0.00515625,6.6
0.0053125,6.6
0.00546875,6.6
0.005625,6.6
0.00578125,6.6
0.0059375,6.6
0.00609375,6.6
0.00625,6.6
0.00640625,6.6
0.0065625,6.6
0.00671875,6.6
0.006875,6.6
0.0071875,6.6
0.0075,6.6
0.0078125,6.6
0.008125,6.6
0.0084375,6.6
0.00875,6.6
0.0090625,6.6
0.009375,6.6
0.0096875,6.6
0.01,6.6
0.0103125,6.6
0.010625,6.6
0.0109375,6.6
0.01125,6.6
0.0115625,6.6
0.011875,6.6
0.0121875,6.6
0.0125,6.6
0.0128125,6.6
0.013125,6.6
0.0134375,6.6
0.01375,6.6
0.014375,6.6
0.015,6.6
0.015625,6.6
0.01625,6.6
0.016875,6.6
0.0175,6.6
0.018125,6.6
0.01875,6.6
0.019375,6.6
0.02,6.6
0.0206625,6.6
0.021325,6.6
0.0219875,6.6
0.02265,6.6
0.0233125,6.6
0.023975,6.6
0.0246375,6.6
0.0253,6.6
0.02607188,6.6
0.02684375,6.6
0.02761563,6.6
0.0283875,6.6
0.02915938,6.6
0.02993125,6.6
0.03070313,6.6
0.031475,6.6
0.03224688,6.6
0.03301875,6.6
0.0345625,6.6
0.03610625,6.6
0.03765,6.6
0.03919375,6.6
0.0407375,6.6
0.04228125,6.6
0.043825,6.6
0.04536875,6.6
0.0469125,6.6
0.04845625,6.6
0.05,6.6
0.0515625,6.6
0.053125,6.6
0.0546875,6.6
0.05625,6.6
0.0578125,6.6
0.059375,6.6
0.0609375,6.6
0.0625,6.6
0.0640625,6.6
0.065625,6.6
0.0671875,6.6
0.06875,6.6
0.071875,6.6
0.075,6.6
0.078125,6.6
0.08125,6.6
0.084375,6.6
0.0875,6.6
0.090625,6.6
0.09375,6.6
0.096875,6.6
0.1,6.6
0.103125,6.6
0.10625,6.6
0.109375,6.6
0.1125,6.6
0.115625,6.6
0.11875,6.6
0.121875,6.6
0.125,6.6
0.128125,6.6
0.13125,6.6
0.134375,6.6
0.1375,6.6
0.14375,6.6
0.15,6.6
0.15625,6.6
0.1625,6.6
0.16875,6.6
0.175,6.6
0.18125,6.6
0.1875,6.6
0.19375,6.6
0.2,6.6
0.209375,6.6
0.21875,6.6
0.228125,6.6
0.2375,6.6
0.246875,6.6
0.25625,6.6
0.265625,6.6
0.275,6.6
0.284375,6.6
0.29375,6.6
0.303125,6.6
0.3125,6.6
0.321875,6.6
0.33125,6.6
0.340625,6.6
0.35,6.6
0.359375,6.6
0.36875,6.6
0.378125,6.6
0.3875,6.6
0.396875,6.6
0.40625,6.6
0.425,6.6
0.44375,6.6
0.4625,6.6
0.48125,6.6
0.5,6.6
0.53125,6.6
0.5624999,6.6
0.5937499,6.6
0.6249998,6.6
0.6562498,6.6
0.6874997,6.6
0.7187496,6.6
0.7499995,6.6
0.7812495,6.6
0.8124994,6.6
0.8437494,6.6
0.8749993,6.6
0.9374992,6.6
0.999999,6.6
1.000001,81.61885
1.070314,81.76242
1.140626,81.89708
1.210939,82.02389
1.281251,82.14371
1.351564,82.2573
1.421876,82.36526
1.492189,82.46815
1.562501,82.56642
1.703126,82.75066
1.843751,82.92063
1.984376,83.07842
2.125001,83.22567
2.265626,83.36372
2.406251,83.49366
2.546876,83.6164
2.687501,83.73271
2.828126,83.84324
2.968751,83.94854
3.250001,84.1453
3.531251,84.32612
3.812501,84.49342
4.093751,84.64911
4.375001,84.79471
4.656251,84.93146
4.937501,85.06039
5.218751,85.18236
5.500001,85.29808
5.781251,85.40818
6.062501,85.51317
6.625001,85.70964
7.187501,85.89048
7.750001,86.05803
8.312501,86.21413
8.875001,86.36026
9.437501,86.49763
10.0,86.62725
10.625,85.8315
11.25,85.08794
11.875,84.39052
12.5,83.73417
13.125,83.08838
13.75,82.47729
15.0,81.34632
16.0,80.49276
17.0,79.69913
18.5,78.57663
20.0,77.5557
21.25,76.74523
22.5,75.98886
23.75,75.28026
25.0,74.61412
26.25,73.96609
27.5,73.35345
28.75,72.77279
30.0,72.22115
32.5,71.17048
35.0,70.21135
37.5,69.31342
40.0,68.48386
42.5,67.69703
45.0,66.96348
47.5,66.27691
50.0,65.63207
52.5,65.01082
55.0,64.42395
57.5,63.86812
60.0,63.34045
63.0,62.72967
66.0,62.1528
69.0,61.60653
72.0,61.08801
75.25,60.54569
78.5,60.03081
81.75,59.54094
85.0,59.07394
88.75,58.55303
92.5,58.05799
96.25,57.58657
100.0,57.13678
106.25,56.22967
112.5,55.38762
118.75,54.60271
125.0,53.86836
131.25,53.16543
137.5,52.50375
143.75,51.87918
150.0,51.28816
160.0,50.39294
170.0,49.56624
177.5,48.97924
185.0,48.42306
192.5,47.89493
200.0,47.39242
212.5,46.5651
225.0,45.79832
237.5,45.08462
250.0,44.41783
262.5,43.78419
275.0,43.18845
287.5,42.62677
300.0,42.09584
312.5,41.58347
325.0,41.09707
350.0,40.19349
375.0,39.36409
400.0,38.60373
425.0,37.89345
450.0,37.23575
475.0,36.62413
500.0,36.05318
525.0,35.51294
550.0,35.00538
575.0,34.52717
600.0,34.07543
630.0,33.56046
660.0,33.07669
690.0,32.62095
720.0,32.1905
760.0,31.65038
800.0,31.14636
850.0,30.55821
900.0,30.01386
950.0,29.50788
1000.0,29.03574
1062.5,28.48546
1125.0,27.9762
1187.5,27.50287
1250.0,27.06122
1312.5,26.64832
1375.0,26.26049
1437.5,25.89518
1500.0,25.55019
1600.0,25.03553
1700.0,24.56153
1775.0,24.23051
1850.0,23.91739
1925.0,23.62052
2000.0,23.33847
2125.0,22.89948
2250.0,22.49315
2375.0,22.11543
2500.0,21.76296
2625.0,21.43537
2750.0,21.12761
2875.0,20.83766
3000.0,20.56379
3125.0,20.30599
3250.0,20.06135
3375.0,19.82873
3500.0,19.60712
3750.0,19.19645
4000.0,18.82008
4250.0,18.47632
4500.0,18.15797
4750.0,17.86189
5000.0,17.58546
5250.0,17.32909
5500.0,17.08813
5750.0,16.86101
6000.0,16.64639
6250.0,16.44543
6500.0,16.25465
7000.0,15.90017
7500.0,15.58051
8000.0,15.28731
8500.0,15.02003
9000.0,14.77232
9500.0,14.54176
10000.0,14.32636
10625.0,14.08
11250.0,13.85161
11875.0,13.63898
12500.0,13.44028
13125.0,13.25677
13750.0,13.08413
15000.0,12.76723
15500.0,12.5874
16000.0,12.4157
16500.0,12.25152
17000.0,12.09431
17750.0,11.88882
18500.0,11.69512
19250.0,11.51208
20000.0,11.33875
21373.11,11.06621
22746.21,10.8166
22816.65,10.80435
22887.08,10.79215
23027.94,10.76792
23168.8,10.74388
23309.66,10.72005
23591.39,10.67296
23873.11,10.62664
24154.84,10.58106
24436.56,10.5362
25000.0,10.44856
26250.0,10.24243
27500.0,10.04968
28750.0,9.868892
30000.0,9.698846
32500.0,9.454836
35000.0,9.234395
37500.0,9.037758
40000.0,8.857609
42027.3,8.706556
44054.6,8.565017
48109.2,8.306638
48227.38,8.29955
48345.55,8.292487
48581.9,8.278429
49054.6,8.250588
49527.3,8.223106
50000.0,8.195975
52500.0,8.052271
55000.0,7.917601
57500.0,7.791023
60000.0,7.67173
65000.0,7.488718
70000.0,7.32317
75000.0,7.180484
80000.0,7.049527
83882.05,6.943256
87764.1,6.84329
87955.29,6.838518
88146.47,6.83376
88528.84,6.824284
89293.58,6.805494
90058.32,6.786916
90823.05,6.768545
92352.53,6.732407
93882.0,6.697052
95411.48,6.662449
96940.95,6.628571
98470.43,6.595392
99999.9,6.562886
100000.1,6.685258
106527.9,6.579092
113055.6,6.480783
119583.3,6.389341
126111.0,6.30395
126484.3,6.299195
126857.6,6.294457
127604.1,6.285036
129097.2,6.266398
130590.3,6.248029
132083.3,6.229922
133576.4,6.21207
135069.4,6.194467
138055.5,6.159982
141041.7,6.12642
144027.8,6.09374
147013.9,6.061899
150000.0,6.03086
156250.0,5.97682
162500.0,5.925356
168750.0,5.876252
175000.0,5.82932
187500.0,5.741312
200000.0,5.66019
212500.0,5.59684
225000.0,5.537761
237500.0,5.482451
250000.0,5.43049
271491.5,5.362974
292983.0,5.30135
292983.2,5.301348
293860.3,5.294606
294737.4,5.287892
296491.6,5.27455
300000.0,5.2482
308033.8,5.224661
316067.5,5.20183
324101.3,5.179668
332135.0,5.15814
333446.5,5.156052
334757.9,5.153973
337380.8,5.149842
340003.7,5.145746
342626.6,5.141684
347872.4,5.133664
353118.2,5.125775
358364.0,5.118015
363609.8,5.110379
374101.3,5.095465
384592.9,5.081006
395084.4,5.066975
405576.0,5.053349
416067.5,5.040106
426559.1,5.027227
437050.7,5.014692
458033.8,4.990589
479016.9,4.967674
500000.0,4.94584
512500.0,4.94021
525000.0,4.934722
550000.0,4.924144
575000.0,4.914057
600000.0,4.90442
625000.0,4.895193
650000.0,4.886345
675000.0,4.877846
700000.0,4.86967
725000.0,4.864812
750000.0,4.860123
775000.0,4.855593
800000.0,4.85121
850000.0,4.844184
900000.0,4.83757
950000.0,4.831115
1000000.0,4.825
1055690.0,4.816421
1111380.0,4.808297
1167070.0,4.800583
1222760.0,4.79324
1229570.0,4.79236
1236380.0,4.791485
1243190.0,4.790615
1250000.0,4.78975
1257813.0,4.787892
1265625.0,4.786046
1273438.0,4.784212
1281250.0,4.78239
1289063.0,4.780579
1296875.0,4.778781
1304688.0,4.776993
1312500.0,4.775218
1320313.0,4.773453
1328125.0,4.771699
1335938.0,4.769957
1343750.0,4.768225
1351563.0,4.766503
1359375.0,4.764793
1367188.0,4.763093
1375000.0,4.761403
1382813.0,4.759723
1390625.0,4.758053
1398438.0,4.756393
1406250.0,4.754743
1414063.0,4.753103
1421875.0,4.751472
1429688.0,4.749851
1437500.0,4.748239
1445313.0,4.746636
1453125.0,4.745043
1460938.0,4.743459
1468750.0,4.741884
1476563.0,4.740317
1484375.0,4.738759
1492188.0,4.73721
1500000.0,4.73567
1507813.0,4.733074
1515625.0,4.730492
1523438.0,4.727925
1531250.0,4.725373
1539063.0,4.722835
1546875.0,4.720311
1554688.0,4.717802
1562500.0,4.715306
1570313.0,4.712824
1578125.0,4.710356
1585938.0,4.707901
1593750.0,4.705459
1601563.0,4.703031
1609375.0,4.700615
1617188.0,4.698213
1625000.0,4.695823
1632813.0,4.693446
1640625.0,4.691082
1648438.0,4.68873
1656250.0,4.68639
1664063.0,4.684063
1671875.0,4.681747
1679688.0,4.679444
1687500.0,4.677152
1695313.0,4.674872
1703125.0,4.672603
1710938.0,4.670346
1718750.0,4.668101
1726563.0,4.665866
1734375.0,4.663643
1742188.0,4.661431
1750000.0,4.65923
1757813.0,4.655873
1765625.0,4.652534
1773438.0,4.649212
1781250.0,4.645907
1789063.0,4.642618
1796875.0,4.639346
1804688.0,4.636091
1812500.0,4.632852
1820313.0,4.629629
1828125.0,4.626423
1835938.0,4.623232
1843750.0,4.620057
1851563.0,4.616897
1859375.0,4.613753
1867188.0,4.610624
1875000.0,4.607511
1882813.0,4.604412
1890625.0,4.601328
1898438.0,4.598259
1906250.0,4.595205
1914063.0,4.592165
1921875.0,4.58914
1929688.0,4.586129
1937500.0,4.583132
1945313.0,4.580149
1953125.0,4.57718
1960938.0,4.574224
1968750.0,4.571283
1976563.0,4.568354
1984375.0,4.56544
1992188.0,4.562538
2000000.0,4.55965
2007813.0,4.553847
2015625.0,4.548075
2023438.0,4.542332
2031250.0,4.536619
2039063.0,4.530934
2046875.0,4.525279
2054688.0,4.519651
2062500.0,4.514053
2070313.0,4.508482
2078125.0,4.50294
2085938.0,4.497424
2093750.0,4.491936
2101563.0,4.486475
2109375.0,4.481042
2117188.0,4.475634
2125000.0,4.470253
2132813.0,4.464898
2140625.0,4.45957
2148438.0,4.454266
2156250.0,4.448989
2164063.0,4.443737
2171875.0,4.43851
2179688.0,4.433307
2187500.0,4.42813
2195313.0,4.422977
2203125.0,4.417848
2210938.0,4.412743
2218750.0,4.407663
2226563.0,4.402605
2234375.0,4.397572
2242188.0,4.392561
2250000.0,4.387574
2257813.0,4.382609
2265625.0,4.377668
2273438.0,4.372748
2281250.0,4.367852
2289063.0,4.362977
2296875.0,4.358125
2304688.0,4.353294
2312500.0,4.348485
2320313.0,4.343697
2328125.0,4.338932
2335938.0,4.334186
2343750.0,4.329463
2351563.0,4.324759
2359375.0,4.320077
2367188.0,4.315415
2375000.0,4.310774
2382813.0,4.306152
2390625.0,4.301551
2398438.0,4.296969
2406250.0,4.292408
2414063.0,4.287866
2421875.0,4.283343
2429688.0,4.27884
2437500.0,4.274356
2445313.0,4.269891
2453125.0,4.265445
2460938.0,4.261017
2468750.0,4.256608
2476563.0,4.252218
2484375.0,4.247846
2492188.0,4.243492
2500000.0,4.239157
2507813.0,4.234838
2515625.0,4.230539
2523438.0,4.226256
2531250.0,4.221992
2539063.0,4.217744
2546875.0,4.213514
2554688.0,4.209301
2562500.0,4.205106
2570313.0,4.200926
2578125.0,4.196765
2585938.0,4.192619
2593750.0,4.188491
2601563.0,4.184378
2609375.0,4.180282
2617188.0,4.176202
2625000.0,4.172139
2632813.0,4.168091
2640625.0,4.16406
2648438.0,4.160043
2656250.0,4.156044
2664063.0,4.152059
2671875.0,4.14809
2679688.0,4.144136
2687500.0,4.140197
2695313.0,4.136274
2703125.0,4.132366
2710938.0,4.128472
2718750.0,4.124594
2726563.0,4.12073
2734375.0,4.116881
2742188.0,4.113046
2750000.0,4.109226
2757813.0,4.105421
2765625.0,4.101629
2773438.0,4.097852
2781250.0,4.094089
2789063.0,4.09034
2796875.0,4.086605
2804688.0,4.082883
2812500.0,4.079175
2820313.0,4.075481
2828125.0,4.071801
2835938.0,4.068134
2843750.0,4.06448
2851563.0,4.06084
2859375.0,4.057213
2867188.0,4.053598
2875000.0,4.049998
2882813.0,4.046409
2890625.0,4.042834
2898438.0,4.039272
2906250.0,4.035722
2914063.0,4.032185
2921875.0,4.028661
2929688.0,4.025149
2937500.0,4.021649
2945313.0,4.018162
2953125.0,4.014687
2960938.0,4.011224
2968750.0,4.007773
2976563.0,4.004334
2984375.0,4.000908
2992188.0,3.997493
3000000.0,3.99409
3007813.0,3.988347
3015625.0,3.982627
3023438.0,3.97693
3031250.0,3.971257
3039063.0,3.965605
3046875.0,3.959977
3054688.0,3.95437
3062500.0,3.948786
3070313.0,3.943223
3078125.0,3.937684
3085938.0,3.932165
3093750.0,3.926669
3101563.0,3.921193
3109375.0,3.91574
3117188.0,3.910307
3125000.0,3.904896
3132813.0,3.899505
3140625.0,3.894135
3148438.0,3.888786
3156250.0,3.883458
3164063.0,3.87815
3171875.0,3.872863
3179688.0,3.867595
3187500.0,3.862348
3195313.0,3.85712
3203125.0,3.851913
3210938.0,3.846725
3218750.0,3.841557
3226563.0,3.836408
3234375.0,3.831278
3242188.0,3.826168
3250000.0,3.821077
3257813.0,3.816004
3265625.0,3.810951
3273438.0,3.805916
3281250.0,3.8009
3289063.0,3.795902
3296875.0,3.790924
3304688.0,3.785962
3312500.0,3.78102
3320313.0,3.776095
3328125.0,3.771189
3335938.0,3.7663
3343750.0,3.761429
3351563.0,3.756576
3359375.0,3.75174
3367188.0,3.746921
3375000.0,3.742121
3382813.0,3.737336
3390625.0,3.73257
3398438.0,3.72782
3406250.0,3.723088
3414063.0,3.718371
3421875.0,3.713673
3429688.0,3.70899
3437500.0,3.704324
3445313.0,3.699674
3453125.0,3.695041
3460938.0,3.690424
3468750.0,3.685824
3476563.0,3.681239
3484375.0,3.67667
3492188.0,3.672117
3500000.0,3.66758
3507813.0,3.663059
3515625.0,3.658553
3523438.0,3.654063
3531250.0,3.649588
3539063.0,3.645128
3546875.0,3.640684
3554688.0,3.636255
3562500.0,3.631842
3570313.0,3.627442
3578125.0,3.623059
3585938.0,3.618689
3593750.0,3.614335
3601563.0,3.609995
3609375.0,3.60567
3617188.0,3.60136
3625000.0,3.597064
3632813.0,3.592782
3640625.0,3.588514
3648438.0,3.584261
3656250.0,3.580022
3664063.0,3.575797
3671875.0,3.571586
3679688.0,3.567388
3687500.0,3.563205
3695313.0,3.559035
3703125.0,3.554879
3710938.0,3.550736
3718750.0,3.546608
3726563.0,3.542492
3734375.0,3.53839
3742188.0,3.534301
3750000.0,3.530226
3757813.0,3.526163
3765625.0,3.522114
3773438.0,3.518078
3781250.0,3.514055
3789063.0,3.510044
3796875.0,3.506047
3804688.0,3.502062
3812500.0,3.49809
3820313.0,3.49413
3828125.0,3.490183
3835938.0,3.486249
3843750.0,3.482327
3851563.0,3.478417
3859375.0,3.47452
3867188.0,3.470634
3875000.0,3.466762
3882813.0,3.462901
3890625.0,3.459052
3898438.0,3.455215
3906250.0,3.45139
3914063.0,3.447577
3921875.0,3.443776
3929688.0,3.439986
3937500.0,3.436209
3945313.0,3.432442
3953125.0,3.428688
3960938.0,3.424945
3968750.0,3.421213
3976563.0,3.417493
3984375.0,3.413784
3992188.0,3.410086
4000000.0,3.4064
4008322.0,3.401803
4016644.0,3.397222
4024966.0,3.392656
4033288.0,3.388106
4041610.0,3.383572
4049932.0,3.379053
4058254.0,3.374549
4066575.0,3.370061
4074897.0,3.365587
4083219.0,3.361129
4091541.0,3.356685
4099863.0,3.352256
4108185.0,3.347843
4116507.0,3.343443
4124829.0,3.339059
4133150.0,3.33469
4141472.0,3.330334
4149794.0,3.325993
4158116.0,3.321667
4166438.0,3.317354
4174760.0,3.313056
4183082.0,3.308772
4191404.0,3.304502
4199725.0,3.300246
4208047.0,3.296004
4216369.0,3.291776
4224691.0,3.287561
4233013.0,3.28336
4241335.0,3.279173
4249657.0,3.274999
4257979.0,3.270838
4266300.0,3.266692
4274622.0,3.262558
4282944.0,3.258438
4291266.0,3.254331
4299588.0,3.250237
4307910.0,3.246156
4316232.0,3.242088
4324554.0,3.238032
4332875.0,3.233991
4341197.0,3.229961
4349519.0,3.225944
4357841.0,3.22194
4366163.0,3.217949
4374485.0,3.21397
4382807.0,3.210003
4391129.0,3.206049
4399450.0,3.202108
4407772.0,3.198178
4416094.0,3.194261
4424416.0,3.190356
4432738.0,3.186463
4441060.0,3.182582
4449382.0,3.178713
4457704.0,3.174856
4466025.0,3.171011
4474347.0,3.167178
4482669.0,3.163356
4490991.0,3.159546
4499313.0,3.155748
4507635.0,3.151961
4515957.0,3.148186
4524279.0,3.144422
4532600.0,3.14067
4544145.0,3.135395
4555690.0,3.130142
4567235.0,3.124912
4578779.0,3.119704
4590324.0,3.114517
4601869.0,3.109351
4613414.0,3.104208
4624958.0,3.099086
4636503.0,3.093984
4648048.0,3.088904
4659593.0,3.083845
4671137.0,3.078807
4682682.0,3.073789
4694226.0,3.068792
4705771.0,3.063815
4717315.0,3.058858
4728860.0,3.053922
4740405.0,3.049005
4751950.0,3.044108
4763494.0,3.039231
4775039.0,3.034374
4786584.0,3.029536
4798129.0,3.024717
4809673.0,3.019918
4821218.0,3.015137
4832763.0,3.010376
4844308.0,3.005633
4855852.0,3.00091
4867397.0,2.996204
4878941.0,2.991518
4890486.0,2.98685
4902030.0,2.9822
4914277.0,2.977248
4926523.0,2.972316
4938769.0,2.967405
4951015.0,2.962514
4963262.0,2.957643
4975508.0,2.952792
4987754.0,2.947961
5000000.0,2.94315
5029827.0,2.932804
5059654.0,2.922554
5089481.0,2.912401
5119308.0,2.902342
5149135.0,2.892376
5178962.0,2.882501
5208789.0,2.872716
5238615.0,2.863021
5268442.0,2.853412
5298269.0,2.84389
5328096.0,2.834453
5357923.0,2.8251
5387750.0,2.815829
5417577.0,2.806639
5447404.0,2.79753
5477230.0,2.7885
5509159.0,2.77883
5541088.0,2.769248
5573017.0,2.759755
5604945.0,2.750348
5636874.0,2.741026
5668803.0,2.731788
5700732.0,2.722633
5732660.0,2.71356
5766078.0,2.704091
5799495.0,2.69471
5832913.0,2.685416
5866330.0,2.676206
5899748.0,2.667079
5933165.0,2.658035
5966583.0,2.649073
6000000.0,2.64019
6029468.0,2.641212
6058935.0,2.642229
6088403.0,2.643242
6117870.0,2.644251
6147338.0,2.645255
6176805.0,2.646254
6206273.0,2.647249
6235740.0,2.64824
6270575.0,2.649452
6305410.0,2.650657
6340245.0,2.651857
6375080.0,2.65305
6401495.0,2.646007
6427910.0,2.639011
6454325.0,2.632062
6480740.0,2.62516
6512569.0,2.616796
6544398.0,2.608498
6576227.0,2.600267
6608055.0,2.592102
6639884.0,2.584002
6671713.0,2.575965
6703542.0,2.567991
6735370.0,2.56008
6768449.0,2.55177
6801528.0,2.543528
6834607.0,2.535352
6867685.0,2.527242
6900764.0,2.519196
6933843.0,2.511215
6966922.0,2.503296
7000000.0,2.49544
7007097.0,2.49614
7014194.0,2.49684
7021291.0,2.497539
7028388.0,2.498238
7035485.0,2.498936
7042582.0,2.499634
7049679.0,2.500332
7056775.0,2.501028
7063872.0,2.501724
7070969.0,2.50242
7078066.0,2.503115
7085163.0,2.50381
7092260.0,2.504504
7099357.0,2.505198
7106454.0,2.505891
7113550.0,2.506584
7120647.0,2.507276
7127744.0,2.507968
7134841.0,2.508659
7141938.0,2.50935
7149035.0,2.51004
7156132.0,2.51073
7163229.0,2.511419
7170325.0,2.512108
7177422.0,2.512796
7184519.0,2.513484
7191616.0,2.514171
7198713.0,2.514858
7205810.0,2.515544
7212907.0,2.51623
7220004.0,2.516915
7227100.0,2.5176
7237620.0,2.51706
7245298.0,2.516667
7252976.0,2.516274
7260654.0,2.515882
7268332.0,2.51549
7276010.0,2.515099
7283688.0,2.514708
7291366.0,2.514318
7299043.0,2.513928
7306721.0,2.513538
7314399.0,2.51315
7322077.0,2.512761
7329754.0,2.512373
7337432.0,2.511986
7345110.0,2.511599
7352788.0,2.511212
7360465.0,2.510826
7368143.0,2.51044
7375821.0,2.510055
7383499.0,2.50967
7391177.0,2.509286
7398855.0,2.508902
7406533.0,2.508519
7414211.0,2.508136
7421888.0,2.507753
7429566.0,2.507371
7437244.0,2.50699
7444922.0,2.506609
7452599.0,2.506228
7460277.0,2.505848
7467955.0,2.505468
7475633.0,2.505089
7483310.0,2.50471
7491384.0,2.504312
7499457.0,2.503914
7507531.0,2.503516
7515604.0,2.503119
7523678.0,2.502723
7531751.0,2.502327
7539824.0,2.501931
7547897.0,2.501536
7555971.0,2.501142
7564044.0,2.500748
7572117.0,2.500354
7580190.0,2.499961
7588264.0,2.499569
7596337.0,2.499177
7604410.0,2.498785
7612483.0,2.498394
7620557.0,2.498003
7628630.0,2.497613
7636703.0,2.497223
7644776.0,2.496834
7652850.0,2.496445
7660923.0,2.496057
7668996.0,2.495669
7677069.0,2.495282
7685143.0,2.494895
7693216.0,2.494509
7701289.0,2.494123
7709362.0,2.493737
7717436.0,2.493352
7725509.0,2.492968
7733582.0,2.492584
7741655.0,2.4922
7749729.0,2.491817
7757802.0,2.491434
7765876.0,2.491052
7773949.0,2.49067
7782023.0,2.490288
7790096.0,2.489908
7798169.0,2.489527
7806242.0,2.489147
7814316.0,2.488768
7822389.0,2.488388
7830462.0,2.48801
7838535.0,2.487632
7846609.0,2.487254
7854682.0,2.486877
7862755.0,2.4865
7870828.0,2.486123
7878902.0,2.485747
7886975.0,2.485372
7895048.0,2.484997
7903121.0,2.484622
7911195.0,2.484248
7919268.0,2.483874
7927341.0,2.483501
7935414.0,2.483128
7943488.0,2.482755
7951561.0,2.482383
7959634.0,2.482012
7967707.0,2.48164
7975781.0,2.48127
7983854.0,2.480899
7991927.0,2.480529
8000000.0,2.48016
8008497.0,2.480333
8016993.0,2.480505
8025489.0,2.480677
8033985.0,2.480849
8042481.0,2.481021
8050977.0,2.481193
8059473.0,2.481364
8067969.0,2.481535
8076466.0,2.481706
8084962.0,2.481877
8093458.0,2.482048
8101954.0,2.482219
8110450.0,2.482389
8118946.0,2.48256
8127442.0,2.48273
8135938.0,2.4829
8144435.0,2.48307
8152931.0,2.483239
8161427.0,2.483409
8169923.0,2.483578
8178419.0,2.483747
8186915.0,2.483916
8195411.0,2.484085
8203907.0,2.484254
8212403.0,2.484422
8220899.0,2.484591
8229395.0,2.484759
8237891.0,2.484927
8246387.0,2.485095
8254883.0,2.485262
8263379.0,2.48543
8271875.0,2.485597
8280372.0,2.485764
8288868.0,2.485932
8297364.0,2.486098
8305860.0,2.486265
8314356.0,2.486432
8322852.0,2.486598
8331348.0,2.486764
8339844.0,2.48693
8348341.0,2.487096
8356837.0,2.487262
8365333.0,2.487428
8373829.0,2.487593
8382325.0,2.487759
8390821.0,2.487924
8399317.0,2.488089
8407813.0,2.488254
8416310.0,2.488418
8424806.0,2.488583
8433302.0,2.488747
8441798.0,2.488911
8450294.0,2.489075
8458790.0,2.489239
8467286.0,2.489403
8475782.0,2.489567
8484278.0,2.48973
8492774.0,2.489893
8501270.0,2.490057
8509766.0,2.49022
8518262.0,2.490382
8526758.0,2.490545
8535254.0,2.490708
8543750.0,2.49087
8550879.0,2.491759
8558008.0,2.492647
8565137.0,2.493535
8572266.0,2.494423
8579395.0,2.49531
8586524.0,2.496196
8593653.0,2.497083
8600782.0,2.497969
8607911.0,2.498854
8615040.0,2.499739
8622169.0,2.500624
8629298.0,2.501508
8636427.0,2.502391
8643556.0,2.503275
8650685.0,2.504158
8657813.0,2.50504
8664942.0,2.505922
8672071.0,2.506804
8679200.0,2.507685
8686329.0,2.508566
8693458.0,2.509446
8700587.0,2.510326
8707716.0,2.511206
8714844.0,2.512085
8721973.0,2.512964
8729102.0,2.513842
8736231.0,2.51472
8743360.0,2.515598
8750489.0,2.516475
8757618.0,2.517351
8764747.0,2.518228
8771875.0,2.519104
8779004.0,2.519979
8786133.0,2.520854
8793262.0,2.521729
8800391.0,2.522603
8807520.0,2.523477
8814649.0,2.52435
8821778.0,2.525224
8828907.0,2.526096
8836036.0,2.526968
8843165.0,2.52784
8850294.0,2.528712
8857423.0,2.529583
8864552.0,2.530453
8871681.0,2.531324
8878810.0,2.532194
8885938.0,2.533063
8893067.0,2.533932
8900196.0,2.534801
8907325.0,2.535669
8914454.0,2.536537
8921583.0,2.537404
8928712.0,2.538271
8935841.0,2.539138
8942969.0,2.540004
8950098.0,2.54087
8957227.0,2.541735
8964356.0,2.542601
8971485.0,2.543465
8978614.0,2.54433
8985743.0,2.545193
8992872.0,2.546057
9000000.0,2.54692
9008682.0,2.547701
9017363.0,2.548481
9026044.0,2.549261
9034725.0,2.550041
9043406.0,2.55082
9052087.0,2.551598
9060768.0,2.552376
9069449.0,2.553153
9078131.0,2.55393
9086812.0,2.554707
9095493.0,2.555482
9104174.0,2.556258
9112855.0,2.557033
9121536.0,2.557807
9130217.0,2.558581
9138898.0,2.559354
9147580.0,2.560127
9156261.0,2.560899
9164942.0,2.561671
9173623.0,2.562443
9182304.0,2.563213
9190985.0,2.563984
9199666.0,2.564754
9208347.0,2.565523
9217028.0,2.566292
9225709.0,2.56706
9234390.0,2.567828
9243071.0,2.568595
9251752.0,2.569362
9260433.0,2.570129
9269114.0,2.570895
9277795.0,2.57166
9286477.0,2.572425
9295158.0,2.57319
9303839.0,2.573954
9312520.0,2.574717
9321201.0,2.57548
9329882.0,2.576242
9338563.0,2.577004
9347244.0,2.577766
9355926.0,2.578527
9364607.0,2.579288
9373288.0,2.580048
9381969.0,2.580807
9390650.0,2.581567
9399331.0,2.582325
9408012.0,2.583083
9416693.0,2.583841
9425375.0,2.584598
9434056.0,2.585355
9442737.0,2.586111
9451418.0,2.586867
9460099.0,2.587622
9468780.0,2.588377
9477461.0,2.589132
9486142.0,2.589886
9494823.0,2.590639
9503504.0,2.591392
9512185.0,2.592145
9520866.0,2.592897
9529547.0,2.593648
9538228.0,2.594399
9546909.0,2.59515
9555590.0,2.5959
9562534.0,2.596916
9569478.0,2.597931
9576422.0,2.598945
9583366.0,2.59996
9590310.0,2.600974
9597254.0,2.601988
9604198.0,2.603001
9611142.0,2.604015
9618086.0,2.605027
9625030.0,2.60604
9631974.0,2.607052
9638918.0,2.608064
9645862.0,2.609075
9652806.0,2.610086
9659750.0,2.611097
9666693.0,2.612107
9673637.0,2.613117
9680581.0,2.614127
9687525.0,2.615137
9694469.0,2.616146
9701413.0,2.617154
9708357.0,2.618163
9715301.0,2.619171
9722244.0,2.620179
9729188.0,2.621186
9736132.0,2.622193
9743076.0,2.6232
9750020.0,2.624206
9756964.0,2.625212
9763908.0,2.626218
9770852.0,2.627224
9777795.0,2.628229
9784739.0,2.629233
9791683.0,2.630238
9798627.0,2.631242
9805571.0,2.632246
9812515.0,2.633249
9819459.0,2.634253
9826403.0,2.635255
9833347.0,2.636258
9840291.0,2.63726
9847235.0,2.638262
9854179.0,2.639263
9861123.0,2.640265
9868067.0,2.641265
9875011.0,2.642266
9881955.0,2.643266
9888898.0,2.644266
9895842.0,2.645265
9902786.0,2.646265
9909730.0,2.647264
9916674.0,2.648262
9923618.0,2.64926
9930562.0,2.650258
9937506.0,2.651256
9944449.0,2.652253
9951393.0,2.65325
9958337.0,2.654247
9965281.0,2.655243
9972225.0,2.656239
9979169.0,2.657235
9986113.0,2.65823
9993057.0,2.659225
10000000.0,2.66022
10005820.0,2.661005
10011630.0,2.661789
10017440.0,2.662573
10023250.0,2.663356
10029070.0,2.664141
10034880.0,2.664924
10040690.0,2.665707
10046500.0,2.666489
10052320.0,2.667273
10058130.0,2.668055
10063940.0,2.668837
10069750.0,2.669619
10075570.0,2.670401
10081380.0,2.671183
10087190.0,2.671964
10093000.0,2.672744
10098820.0,2.673526
10104630.0,2.674307
10110440.0,2.675087
10116250.0,2.675866
10122070.0,2.676647
10127880.0,2.677427
10133690.0,2.678206
10139500.0,2.678985
10145320.0,2.679765
10151130.0,2.680544
10156940.0,2.681322
10162750.0,2.6821
10168570.0,2.68288
10174380.0,2.683657
10180190.0,2.684435
10186000.0,2.685212
10191820.0,2.68599
10197630.0,2.686767
10203440.0,2.687544
10209250.0,2.68832
10215070.0,2.689098
10220880.0,2.689873
10226690.0,2.690649
10232500.0,2.691425
10238320.0,2.692201
10244130.0,2.692976
10249940.0,2.693751
10255750.0,2.694526
10261570.0,2.695302
10267380.0,2.696076
10273190.0,2.69685
10279000.0,2.697624
10284820.0,2.698398
10290630.0,2.699172
10296440.0,2.699945
10302250.0,2.700718
10308070.0,2.701492
10313880.0,2.702264
10319690.0,2.703037
10325500.0,2.703809
10331320.0,2.704582
10337130.0,2.705353
10342940.0,2.706125
10348750.0,2.706896
10354570.0,2.707668
10360380.0,2.708439
10366190.0,2.70921
10372000.0,2.70998
10378030.0,2.710772
10384060.0,2.711565
10390090.0,2.712357
10396120.0,2.713149
10402150.0,2.71394
10408180.0,2.714731
10414210.0,2.715523
10420230.0,2.716312
10426260.0,2.717103
10432290.0,2.717893
10438320.0,2.718683
10444340.0,2.719472
10450370.0,2.720262
10456400.0,2.721051
10462430.0,2.721841
10468450.0,2.722628
10474480.0,2.723417
10480510.0,2.724206
10486540.0,2.724994
10492570.0,2.725782
10498600.0,2.72657
10504630.0,2.727358
10510660.0,2.728146
10516680.0,2.728932
10522710.0,2.729719
10528740.0,2.730505
10534770.0,2.731292
10540790.0,2.732077
10546820.0,2.732863
10552850.0,2.733649
10558880.0,2.734435
10564900.0,2.735219
10570930.0,2.736004
10576960.0,2.736789
10582990.0,2.737574
10589020.0,2.738359
10595050.0,2.739143
10601080.0,2.739927
10607110.0,2.740711
10613130.0,2.741494
10619160.0,2.742277
10625190.0,2.74306
10631220.0,2.743843
10637240.0,2.744625
10643270.0,2.745407
10649300.0,2.74619
10655330.0,2.746972
10661350.0,2.747753
10667380.0,2.748534
10673410.0,2.749316
10679440.0,2.750097
10685470.0,2.750878
10691500.0,2.751659
10697530.0,2.75244
10703560.0,2.75322
10709580.0,2.753999
10715610.0,2.754779
10721640.0,2.755559
10727670.0,2.756338
10733690.0,2.757116
10739720.0,2.757895
10745750.0,2.758674
10751780.0,2.759453
10757800.0,2.76023
10765370.0,2.761438
10772940.0,2.762646
10780510.0,2.763853
10788080.0,2.76506
10795650.0,2.766266
10803220.0,2.767473
10810790.0,2.768679
10818350.0,2.769883
10825920.0,2.771088
10833490.0,2.772293
10841060.0,2.773498
10848630.0,2.774703
10856200.0,2.775907
10863770.0,2.77711
10871340.0,2.778314
10878900.0,2.779515
10886470.0,2.780718
10894040.0,2.781921
10901610.0,2.783123
10909180.0,2.784325
10916750.0,2.785527
10924320.0,2.786728
10931890.0,2.787929
10939450.0,2.789128
10947020.0,2.790328
10954590.0,2.791528
10962160.0,2.792728
10969730.0,2.793927
10977300.0,2.795126
10984870.0,2.796325
10992440.0,2.797523
11000000.0,2.79872
11007650.0,2.800077
11015290.0,2.801431
11022930.0,2.802786
11030570.0,2.80414
11038220.0,2.805496
11045860.0,2.806849
11053500.0,2.808202
11061140.0,2.809555
11068790.0,2.81091
11076430.0,2.812262
11084070.0,2.813615
11091710.0,2.814966
11099360.0,2.81632
11107000.0,2.817671
11114640.0,2.819022
11122280.0,2.820373
11129930.0,2.821725
11137570.0,2.823075
11145210.0,2.824425
11152850.0,2.825775
11160500.0,2.827126
11168140.0,2.828475
11175780.0,2.829824
11183420.0,2.831172
11191070.0,2.832522
11198710.0,2.83387
11206350.0,2.835218
11213990.0,2.836565
11221630.0,2.837912
11229270.0,2.839259
11236910.0,2.840606
11244550.0,2.841952
11252200.0,2.8433
11259840.0,2.844645
11267480.0,2.845991
11275120.0,2.847336
11282770.0,2.848683
11290410.0,2.850027
11298050.0,2.851372
11305690.0,2.852716
11313340.0,2.854061
11320980.0,2.855405
11328620.0,2.856748
11336260.0,2.858091
11343910.0,2.859435
11351550.0,2.860778
11359190.0,2.86212
11366830.0,2.863462
11374480.0,2.864805
11382120.0,2.866146
11389760.0,2.867488
11397400.0,2.868828
11405050.0,2.870171
11412690.0,2.871511
11420330.0,2.872851
11427970.0,2.87419
11435620.0,2.875532
11443260.0,2.876871
11450900.0,2.87821
11458540.0,2.879548
11466180.0,2.880887
11473820.0,2.882225
11481460.0,2.883562
11489100.0,2.8849
11497090.0,2.886267
11505070.0,2.887633
11513060.0,2.888999
11521040.0,2.890364
11529030.0,2.89173
11537010.0,2.893094
11544990.0,2.894458
11552970.0,2.895821
11560960.0,2.897186
11568940.0,2.898549
11576920.0,2.899912
11584900.0,2.901274
11592890.0,2.902638
11600870.0,2.903999
11608850.0,2.905361
11616830.0,2.906722
11624820.0,2.908084
11632800.0,2.909445
11640780.0,2.910805
11648760.0,2.912165
11656750.0,2.913526
11664730.0,2.914885
11672710.0,2.916244
11680690.0,2.917603
11688680.0,2.918963
11696660.0,2.920321
11704640.0,2.921679
11712620.0,2.923037
11720610.0,2.924395
11728590.0,2.925752
11736570.0,2.927109
11744550.0,2.928465
11752540.0,2.929823
11760520.0,2.931179
11768510.0,2.932536
11776490.0,2.933891
11784480.0,2.935248
11792460.0,2.936602
11800440.0,2.937957
11808420.0,2.939311
11816410.0,2.940666
11824390.0,2.942019
11832370.0,2.943373
11840350.0,2.944725
11848340.0,2.94608
11856320.0,2.947432
11864300.0,2.948784
11872280.0,2.950136
11880270.0,2.951489
11888250.0,2.95284
11896230.0,2.954191
11904210.0,2.955541
11912200.0,2.956893
11920180.0,2.958243
11928160.0,2.959593
11936140.0,2.960942
11944130.0,2.962293
11952110.0,2.963642
11960090.0,2.96499
11968070.0,2.966338
11976060.0,2.967688
11984040.0,2.969036
11992020.0,2.970383
12000000.0,2.97173
12008710.0,2.972822
12017420.0,2.973914
12026130.0,2.975006
12034840.0,2.976097
12043550.0,2.977188
12052260.0,2.978278
12060970.0,2.979368
12069670.0,2.980456
12078380.0,2.981546
12087090.0,2.982634
12095800.0,2.983723
12104500.0,2.98481
12113210.0,2.985897
12121920.0,2.986984
12130630.0,2.988071
12139330.0,2.989157
12148040.0,2.990243
12156750.0,2.991328
12165460.0,2.992414
12174160.0,2.993498
12182870.0,2.994582
12191580.0,2.995666
12200290.0,2.99675
12208990.0,2.997832
12217700.0,2.998915
12226410.0,2.999998
12235120.0,3.00108
12243820.0,3.002161
12252530.0,3.003242
12261240.0,3.004324
12269950.0,3.005404
12278650.0,3.006484
12287360.0,3.007564
12296070.0,3.008643
12304780.0,3.009722
12313490.0,3.010801
12322200.0,3.01188
12330910.0,3.012958
12339620.0,3.014036
12348320.0,3.015112
12357030.0,3.016189
12365740.0,3.017265
12374450.0,3.018342
12383150.0,3.019416
12391860.0,3.020492
12400570.0,3.021567
12409280.0,3.022642
12417980.0,3.023715
12426690.0,3.024789
12435400.0,3.025863
12444110.0,3.026936
12452810.0,3.028008
12461520.0,3.02908
12470230.0,3.030152
12478940.0,3.031224
12487640.0,3.032294
12496350.0,3.033365
12505060.0,3.034436
12513770.0,3.035506
12522470.0,3.036575
12531180.0,3.037645
12539890.0,3.038714
12548600.0,3.039783
12557300.0,3.04085
12564220.0,3.041798
12571140.0,3.042746
12578060.0,3.043694
12584970.0,3.044641
12591890.0,3.045588
12598810.0,3.046535
12605730.0,3.047482
12612640.0,3.048428
12619560.0,3.049374
12626480.0,3.050321
12633400.0,3.051267
12640310.0,3.052211
12647230.0,3.053157
12654150.0,3.054102
12661070.0,3.055047
12667980.0,3.055991
12674900.0,3.056936
12681820.0,3.05788
12688740.0,3.058824
12695650.0,3.059767
12702570.0,3.060711
12709490.0,3.061655
12716410.0,3.062598
12723320.0,3.06354
12730240.0,3.064483
12737160.0,3.065426
12744080.0,3.066368
12750990.0,3.067309
12757910.0,3.068251
12764820.0,3.069192
12771740.0,3.070133
12778650.0,3.071073
12785570.0,3.072014
12792490.0,3.072955
12799410.0,3.073896
12806320.0,3.074835
12813240.0,3.075776
12820160.0,3.076716
12827080.0,3.077655
12833990.0,3.078594
12840910.0,3.079533
12847830.0,3.080472
12854750.0,3.081411
12861660.0,3.082349
12868580.0,3.083287
12875500.0,3.084226
12882420.0,3.085164
12889330.0,3.0861
12896250.0,3.087038
12903170.0,3.087975
12910090.0,3.088913
12917000.0,3.089848
12923920.0,3.090785
12930840.0,3.091722
12937760.0,3.092658
12944670.0,3.093593
12951590.0,3.094529
12958510.0,3.095464
12965430.0,3.0964
12972340.0,3.097334
12979260.0,3.098269
12986170.0,3.099202
12993090.0,3.100137
13000000.0,3.10107
13007670.0,3.102169
13015340.0,3.103267
13023010.0,3.104365
13030670.0,3.105462
13038340.0,3.10656
13046010.0,3.107657
13053680.0,3.108754
13061340.0,3.10985
13069010.0,3.110946
13076680.0,3.112043
13084350.0,3.113139
13092010.0,3.114233
13099680.0,3.115329
13107350.0,3.116424
13115020.0,3.11752
13122680.0,3.118613
13130350.0,3.119708
13138020.0,3.120802
13145690.0,3.121896
13153350.0,3.122988
13161020.0,3.124082
13168690.0,3.125175
13176360.0,3.126268
13184020.0,3.12736
13191690.0,3.128452
13199360.0,3.129545
13207030.0,3.130637
13214690.0,3.131727
13222360.0,3.132819
13230020.0,3.133909
13237690.0,3.135
13245350.0,3.136089
13253020.0,3.13718
13260690.0,3.13827
13268360.0,3.13936
13276020.0,3.140448
13283690.0,3.141538
13291360.0,3.142627
13299030.0,3.143716
13306690.0,3.144804
13314360.0,3.145892
13322030.0,3.14698
13329700.0,3.148068
13337360.0,3.149155
13345030.0,3.150242
13352700.0,3.15133
13360370.0,3.152417
13368030.0,3.153502
13375700.0,3.154589
13383370.0,3.155675
13391040.0,3.156761
13398700.0,3.157845
13406370.0,3.158931
13414040.0,3.160016
13421710.0,3.161101
13429370.0,3.162185
13437040.0,3.163269
13444710.0,3.164354
13452380.0,3.165438
13460040.0,3.16652
13467710.0,3.167604
13475370.0,3.168685
13483040.0,3.169769
13490700.0,3.17085
13498660.0,3.171946
13506620.0,3.173041
13514580.0,3.174136
13522540.0,3.175231
13530500.0,3.176325
13538460.0,3.17742
13546420.0,3.178514
13554370.0,3.179606
13562330.0,3.1807
13570290.0,3.181793
13578250.0,3.182886
13586200.0,3.183977
13594160.0,3.185069
13602120.0,3.186162
13610080.0,3.187254
13618030.0,3.188344
13625990.0,3.189435
13633950.0,3.190526
13641910.0,3.191617
13649860.0,3.192706
13657820.0,3.193797
13665780.0,3.194887
13673740.0,3.195976
13681690.0,3.197065
13689650.0,3.198154
13697610.0,3.199243
13705570.0,3.200332
13713520.0,3.201419
13721480.0,3.202507
13729440.0,3.203595
13737400.0,3.204682
13745350.0,3.205769
13753310.0,3.206856
13761270.0,3.207943
13769230.0,3.209029
13777190.0,3.210116
13785150.0,3.211202
13793110.0,3.212288
13801070.0,3.213373
13809020.0,3.214457
13816980.0,3.215542
13824940.0,3.216627
13832900.0,3.217712
13840850.0,3.218795
13848810.0,3.219879
13856770.0,3.220962
13864730.0,3.222046
13872680.0,3.223128
13880640.0,3.224211
13888600.0,3.225294
13896560.0,3.226376
13904510.0,3.227457
13912470.0,3.228539
13920430.0,3.229621
13928390.0,3.230702
13936340.0,3.231782
13944300.0,3.232863
13952260.0,3.233944
13960220.0,3.235024
13968170.0,3.236103
13976130.0,3.237183
13984090.0,3.238263
13992050.0,3.239342
14000000.0,3.24042
14007820.0,3.241475
14015630.0,3.242528
14023440.0,3.243581
14031250.0,3.244633
14039070.0,3.245687
14046880.0,3.246739
14054690.0,3.247791
14062500.0,3.248843
14070320.0,3.249895
14078130.0,3.250947
14085940.0,3.251998
14093750.0,3.253048
14101570.0,3.2541
14109380.0,3.25515
14117190.0,3.2562
14125000.0,3.25725
14132820.0,3.258301
14140630.0,3.25935
14148440.0,3.260399
14156250.0,3.261447
14164070.0,3.262497
14171880.0,3.263546
14179690.0,3.264594
14187500.0,3.265641
14195320.0,3.26669
14203130.0,3.267738
14210940.0,3.268785
14218750.0,3.269831
14226570.0,3.270879
14234380.0,3.271926
14242190.0,3.272972
14250000.0,3.274018
14257820.0,3.275064
14265630.0,3.27611
14273440.0,3.277155
14281250.0,3.2782
14289070.0,3.279246
14296880.0,3.28029
14304690.0,3.281334
14312500.0,3.282378
14320320.0,3.283423
14328130.0,3.284467
14335940.0,3.28551
14343750.0,3.286553
14351570.0,3.287597
14359380.0,3.28864
14367190.0,3.289682
14375000.0,3.290724
14382820.0,3.291767
14390630.0,3.292809
14398440.0,3.29385
14406250.0,3.294891
14414070.0,3.295933
14421880.0,3.296974
14429690.0,3.298014
14437500.0,3.299055
14445320.0,3.300096
14453130.0,3.301135
14460940.0,3.302175
14468750.0,3.303214
14476570.0,3.304254
14484380.0,3.305293
14492190.0,3.306332
14500000.0,3.30737
14512890.0,3.30897
14525780.0,3.310569
14538670.0,3.312168
14551550.0,3.313765
14564440.0,3.315363
14577330.0,3.316959
14590220.0,3.318556
14603100.0,3.32015
14615510.0,3.321665
14627910.0,3.323177
14640320.0,3.324691
14652720.0,3.326203
14665130.0,3.327715
14677530.0,3.329225
14689930.0,3.330735
14702330.0,3.332244
14714740.0,3.333754
14727140.0,3.335262
14739540.0,3.33677
14751940.0,3.338277
14764350.0,3.339784
14776750.0,3.34129
14789150.0,3.342795
14801550.0,3.3443
14813960.0,3.345805
14826360.0,3.347308
14838770.0,3.348812
14851170.0,3.350315
14863580.0,3.351817
14875980.0,3.353319
14888380.0,3.354819
14900780.0,3.356319
14913190.0,3.35782
14925590.0,3.359318
14937990.0,3.360816
14950390.0,3.362314
14962800.0,3.363812
14975200.0,3.365309
14987600.0,3.366805
15000000.0,3.3683
15007690.0,3.369234
15015380.0,3.370168
15023070.0,3.371101
15030750.0,3.372034
15038440.0,3.372967
15046120.0,3.373898
15053810.0,3.374831
15061490.0,3.375762
15069180.0,3.376695
15076870.0,3.377627
15084560.0,3.378559
15092240.0,3.379489
15099930.0,3.38042
15107610.0,3.38135
15115300.0,3.382281
15122980.0,3.383211
15130670.0,3.384141
15138360.0,3.385072
15146050.0,3.386002
15153730.0,3.38693
15161420.0,3.38786
15169100.0,3.388788
15176790.0,3.389718
15184470.0,3.390645
15192160.0,3.391574
15199840.0,3.392501
15207530.0,3.39343
15215210.0,3.394357
15222900.0,3.395285
15230580.0,3.396211
15238270.0,3.397139
15245950.0,3.398065
15253640.0,3.398992
15261330.0,3.399919
15269020.0,3.400845
15276700.0,3.401771
15284390.0,3.402697
15292070.0,3.403622
15299760.0,3.404547
15307440.0,3.405472
15315130.0,3.406397
15322820.0,3.407322
15330510.0,3.408247
15338190.0,3.409171
15345880.0,3.410095
15353560.0,3.411018
15361250.0,3.411942
15368930.0,3.412865
15376620.0,3.413789
15384310.0,3.414712
15399680.0,3.416557
15415050.0,3.418402
15430420.0,3.420245
15445790.0,3.422087
15461160.0,3.423929
15476530.0,3.42577
15491900.0,3.42761
15499840.0,3.428541
15507780.0,3.429473
15515720.0,3.430404
15523660.0,3.431334
15531600.0,3.432265
15539540.0,3.433195
15547480.0,3.434125
15555420.0,3.435055
15563360.0,3.435985
15571300.0,3.436914
15579240.0,3.437843
15587180.0,3.438772
15595120.0,3.439701
15603060.0,3.44063
15611000.0,3.441558
15618930.0,3.442485
15626870.0,3.443413
15634810.0,3.444341
15642750.0,3.445268
15650690.0,3.446195
15658630.0,3.447122
15666570.0,3.448049
15674510.0,3.448975
15682440.0,3.449901
15690380.0,3.450827
15698320.0,3.451753
15706260.0,3.452678
15714200.0,3.453604
15722140.0,3.454529
15730080.0,3.455454
15738020.0,3.456379
15745950.0,3.457302
15753890.0,3.458226
15761830.0,3.459151
15769770.0,3.460074
15777710.0,3.460998
15785650.0,3.461922
15793590.0,3.462845
15801530.0,3.463768
15809470.0,3.464691
15817410.0,3.465613
15825350.0,3.466536
15833290.0,3.467458
15841230.0,3.46838
15849170.0,3.469302
15857110.0,3.470223
15865050.0,3.471144
15872980.0,3.472064
15880920.0,3.472985
15888860.0,3.473906
15904740.0,3.475746
15920620.0,3.477586
15936490.0,3.479424
15952370.0,3.481262
15968250.0,3.483099
15984130.0,3.484936
16000000.0,3.48677
16015630.0,3.488449
16031250.0,3.490126
16046880.0,3.491804
16062500.0,3.49348
16078130.0,3.495156
16093750.0,3.49683
16109380.0,3.498504
16125000.0,3.500176
16140630.0,3.501849
16156250.0,3.503519
16171880.0,3.50519
16187500.0,3.506859
16203130.0,3.508529
16218750.0,3.510196
16234380.0,3.511864
16250000.0,3.51353
16265630.0,3.515196
16281250.0,3.51686
16296880.0,3.518524
16312500.0,3.520187
16328130.0,3.52185
16343750.0,3.523511
16359380.0,3.525172
16375000.0,3.526831
16390630.0,3.528491
16406250.0,3.530149
16421880.0,3.531807
16437500.0,3.533463
16453130.0,3.535119
16468750.0,3.536774
16484380.0,3.538428
16500000.0,3.540081
16515630.0,3.541735
16531250.0,3.543386
16546880.0,3.545038
16562500.0,3.546687
16578130.0,3.548337
16593750.0,3.549986
16609380.0,3.551634
16625000.0,3.553281
16640630.0,3.554928
16656250.0,3.556573
16671880.0,3.558218
16687500.0,3.559862
16703130.0,3.561505
16718750.0,3.563147
16734380.0,3.56479
16750000.0,3.56643
16765630.0,3.568071
16781250.0,3.56971
16796880.0,3.571349
16812500.0,3.572986
16828130.0,3.574624
16843750.0,3.576259
16859380.0,3.577895
16875000.0,3.57953
16890630.0,3.581164
16906250.0,3.582797
16921880.0,3.58443
16937500.0,3.586061
16953130.0,3.587692
16968750.0,3.589322
16984380.0,3.590952
17000000.0,3.59258
17015630.0,3.594114
17031250.0,3.595645
17046880.0,3.597177
17062500.0,3.598708
17078130.0,3.600238
17093750.0,3.601767
17109380.0,3.603296
17125000.0,3.604824
17140630.0,3.606351
17156250.0,3.607877
17171880.0,3.609403
17187500.0,3.610927
17203130.0,3.612452
17218750.0,3.613975
17234380.0,3.615498
17250000.0,3.617019
17265630.0,3.618541
17281250.0,3.620061
17296880.0,3.621581
17312500.0,3.6231
17328130.0,3.624618
17343750.0,3.626135
17359380.0,3.627652
17375000.0,3.629168
17390630.0,3.630684
17406250.0,3.632198
17421880.0,3.633712
17437500.0,3.635225
17453130.0,3.636738
17468750.0,3.638249
17484380.0,3.63976
17500000.0,3.64127
17515630.0,3.64278
17531250.0,3.644288
17546880.0,3.645797
17562500.0,3.647303
17578130.0,3.64881
17593750.0,3.650316
17609380.0,3.651821
17625000.0,3.653325
17640630.0,3.65483
17656250.0,3.656332
17671880.0,3.657835
17687500.0,3.659336
17703130.0,3.660837
17718750.0,3.662337
17734380.0,3.663837
17750000.0,3.665335
17765630.0,3.666834
17781250.0,3.668331
17796880.0,3.669828
17812500.0,3.671323
17828130.0,3.672819
17843750.0,3.674313
17859380.0,3.675807
17875000.0,3.6773
17890630.0,3.678793
17906250.0,3.680284
17921880.0,3.681776
17937500.0,3.683266
17953130.0,3.684756
17968750.0,3.686244
17984380.0,3.687733
18000000.0,3.68922
18015630.0,3.690674
18031250.0,3.692127
18046880.0,3.69358
18062500.0,3.695031
18078130.0,3.696482
18093750.0,3.697932
18109380.0,3.699382
18125000.0,3.700831
18140630.0,3.70228
18156250.0,3.703727
18171880.0,3.705174
18187500.0,3.70662
18203130.0,3.708066
18218750.0,3.70951
18234380.0,3.710955
18250000.0,3.712398
18265630.0,3.713841
18281250.0,3.715283
18296880.0,3.716725
18312500.0,3.718165
18328130.0,3.719606
18343750.0,3.721045
18359380.0,3.722484
18375000.0,3.723922
18390630.0,3.72536
18406250.0,3.726796
18421880.0,3.728233
18437500.0,3.729668
18453130.0,3.731103
18468750.0,3.732537
18484380.0,3.733971
18500000.0,3.735403
18515630.0,3.736836
18531250.0,3.738267
18546880.0,3.739698
18562500.0,3.741128
18578130.0,3.742558
18593750.0,3.743986
18609380.0,3.745415
18625000.0,3.746842
18640630.0,3.74827
18656250.0,3.749695
18671880.0,3.751122
18687500.0,3.752546
18703130.0,3.753971
18718750.0,3.755394
18734380.0,3.756818
18750000.0,3.758239
18765630.0,3.759662
18781250.0,3.761082
18796880.0,3.762503
18812500.0,3.763922
18828130.0,3.765342
18843750.0,3.76676
18859380.0,3.768178
18875000.0,3.769595
18890630.0,3.771012
18906250.0,3.772428
18921880.0,3.773843
18937500.0,3.775258
18953130.0,3.776672
18968750.0,3.778085
18984380.0,3.779498
19000000.0,3.78091
19031250.0,3.783793
19062500.0,3.786674
19093750.0,3.789552
19125000.0,3.792428
19156250.0,3.795302
19187500.0,3.798172
19218750.0,3.801041
19250000.0,3.803906
19281250.0,3.806769
19312500.0,3.80963
19343750.0,3.812489
19375000.0,3.815344
19406250.0,3.818198
19437500.0,3.821049
19468750.0,3.823897
19500000.0,3.826743
19531250.0,3.829586
19562500.0,3.832428
19593750.0,3.835266
19625000.0,3.838102
19656250.0,3.840936
19687500.0,3.843768
19718750.0,3.846597
19750000.0,3.849423
19781250.0,3.852247
19812500.0,3.855069
19843750.0,3.857889
19875000.0,3.860706
19906250.0,3.86352
19937500.0,3.866333
19968750.0,3.869142
20000000.0,3.87195
