1e-05,3.422989
1.03125e-05,3.422994
1.0625e-05,3.422999
1.09375e-05,3.423005
1.125e-05,3.42301
1.15625e-05,3.423015
1.1875e-05,3.42302
1.21875e-05,3.423026
1.25e-05,3.423031
1.28125e-05,3.423036
1.3125e-05,3.423041
1.34375e-05,3.423046
1.375e-05,3.423052
1.4375e-05,3.423062
1.5e-05,3.423072
1.5625e-05,3.423083
1.625e-05,3.423093
1.6875e-05,3.423104
1.75e-05,3.423114
1.8125e-05,3.423125
1.875e-05,3.423135
1.9375e-05,3.423145
2e-05,3.423156
2.09375e-05,3.423172
2.1875e-05,3.423187
2.28125e-05,3.423203
2.375e-05,3.423219
2.46875e-05,3.423234
2.5625e-05,3.42325
2.65625e-05,3.423266
2.75e-05,3.423281
2.84375e-05,3.423297
2.9375e-05,3.423313
3.03125e-05,3.423328
3.125e-05,3.423344
3.21875e-05,3.42336
3.3125e-05,3.423375
3.40625e-05,3.423391
3.5e-05,3.423407
3.59375e-05,3.423422
3.6875e-05,3.423438
3.78125e-05,3.423454
3.875e-05,3.423469
3.96875e-05,3.423485
4.0625e-05,3.423501
4.25e-05,3.423532
4.4375e-05,3.423563
4.625e-05,3.423595
4.8125e-05,3.423626
5e-05,3.423657
5.15625e-05,3.423684
5.3125e-05,3.42371
5.46875e-05,3.423736
5.625e-05,3.423762
5.78125e-05,3.423788
5.9375e-05,3.423814
6.09375e-05,3.423841
6.25e-05,3.423867
6.40625e-05,3.423893
6.5625e-05,3.423919
6.71875e-05,3.423945
6.875e-05,3.423971
7.1875e-05,3.424024
7.5e-05,3.424076
7.8125e-05,3.424128
8.125e-05,3.424181
8.4375e-05,3.424233
8.75e-05,3.424285
9.0625e-05,3.424338
9.375e-05,3.42439
9.6875e-05,3.424443
0.0001,3.424495
0.000103125,3.424547
0.00010625,3.4246
0.000109375,3.424652
0.0001125,3.424705
0.000115625,3.424757
0.00011875,3.424809
0.000121875,3.424862
0.000125,3.424914
0.000128125,3.424967
0.00013125,3.425019
0.000134375,3.425071
0.0001375,3.425124
0.00014375,3.425229
0.00015,3.425334
0.00015625,3.425439
0.0001625,3.425543
0.00016875,3.425648
0.000175,3.425753
0.00018125,3.425858
0.0001875,3.425963
0.00019375,3.426068
0.0002,3.426173
0.000209375,3.426331
0.00021875,3.426488
0.000228125,3.426646
0.0002375,3.426804
0.000246875,3.426961
0.00025625,3.427119
0.000265625,3.427277
0.000275,3.427434
0.000284375,3.427592
0.00029375,3.42775
0.000303125,3.427908
0.0003125,3.428066
0.000321875,3.428224
0.00033125,3.428382
0.000340625,3.42854
0.00035,3.428698
0.000359375,3.428856
0.00036875,3.429014
0.000378125,3.429172
0.0003875,3.42933
0.000396875,3.429488
0.00040625,3.429646
0.000425,3.429963
0.00044375,3.430279
0.0004625,3.430596
0.00048125,3.430913
0.0005,3.431229
0.000515625,3.431494
0.00053125,3.431758
0.000546875,3.432022
0.0005625,3.432286
0.000578125,3.432551
0.00059375,3.432815
0.000609375,3.43308
0.000625,3.433345
0.000640625,3.43361
0.00065625,3.433874
0.000671875,3.434139
0.0006875,3.434404
0.00071875,3.434935
0.00075,3.435465
0.00078125,3.435996
0.0008125,3.436527
0.00084375,3.437059
0.000875,3.437591
0.00090625,3.438123
0.0009375,3.438655
0.00096875,3.439188
0.001,3.439721
0.00103125,3.440254
0.0010625,3.440788
0.00109375,3.441322
0.001125,3.441856
0.00115625,3.442391
0.0011875,3.442926
0.00121875,3.443461
0.00125,3.443996
0.00128125,3.444532
0.0013125,3.445068
0.00134375,3.445605
0.001375,3.446141
0.0014375,3.447216
0.0015,3.448292
0.0015625,3.449369
0.001625,3.450447
0.0016875,3.451526
0.00175,3.452607
0.0018125,3.453689
0.001875,3.454772
0.0019375,3.455856
0.002,3.456942
0.00209375,3.458573
0.0021875,3.460206
0.00228125,3.461842
0.002375,3.463482
0.00246875,3.465124
0.0025625,3.466769
0.00265625,3.468416
0.00275,3.470067
0.00284375,3.47172
0.0029375,3.473376
0.00303125,3.475035
0.003125,3.476697
0.00321875,3.478362
0.0033125,3.48003
0.00340625,3.4817
0.0035,3.483373
0.00359375,3.485049
0.0036875,3.486729
0.00378125,3.48841
0.003875,3.490095
0.00396875,3.491783
0.0040625,3.493474
0.00425,3.496863
0.0044375,3.500265
0.004625,3.503678
0.0048125,3.507103
0.005,3.51054
0.00515625,3.513412
0.0053125,3.516293
0.00546875,3.519183
0.005625,3.52208
0.00578125,3.524986
0.0059375,3.5279
0.00609375,3.530822
0.00625,3.533753
0.00640625,3.536692
0.0065625,3.539639
0.006875,3.545559
0.0071875,3.551513
0.0075,3.557501
0.0078125,3.563522
0.008125,3.569578
0.0084375,3.575669
0.00875,3.581794
0.0090625,3.587954
0.009375,3.594149
0.0096875,3.60038
0.01,3.606646
0.0103125,3.612947
0.010625,3.619284
0.0109375,3.625658
0.01125,3.632067
0.0115625,3.638513
0.011875,3.644996
0.0121875,3.651515
0.0125,3.658071
0.013125,3.671296
0.01375,3.684671
0.014375,3.698198
0.015,3.71188
0.015625,3.725716
0.01625,3.73971
0.016875,3.753863
0.0175,3.768177
0.018125,3.782654
0.01875,3.797295
0.019375,3.812102
0.02,3.827078
0.0206625,3.843137
0.021325,3.85939
0.0219875,3.875839
0.02265,3.892485
0.0233125,3.909332
0.023975,3.926382
0.0246375,3.943637
0.0253,3.961099
0.02607188,3.98171
0.02684375,4.00261
0.02761563,4.023804
0.0283875,4.045295
0.02915938,4.067088
0.02993125,4.089187
0.031475,4.134321
0.03301875,4.180733
0.0345625,4.22846
0.03610625,4.27754
0.03765,4.328012
0.03919375,4.379918
0.0407375,4.4333
0.04228125,4.488201
0.043825,4.544666
0.04536875,4.602743
0.0469125,4.662479
0.04845625,4.723925
0.05,4.787133
0.0515625,4.852956
0.053125,4.920697
0.0546875,4.990415
0.05625,5.062171
0.0578125,5.136029
0.059375,5.212057
0.0609375,5.290323
0.0625,5.370897
0.0640625,5.453855
0.065625,5.539274
0.0671875,5.627232
0.06875,5.717813
0.0703125,5.811102
0.071875,5.907189
0.0734375,6.006166
0.075,6.108131
0.0765625,6.213181
0.078125,6.321422
0.0796875,6.432962
0.08125,6.547912
0.0828125,6.66639
0.084375,6.788517
0.0859375,6.914419
0.0875,7.044227
0.0890625,7.17808
0.090625,7.316118
0.0921875,7.458491
0.09375,7.605352
0.0953125,7.756864
0.096875,7.913194
0.0984375,8.074516
0.1,8.241013
0.1015625,8.412876
0.103125,8.590303
0.1046875,8.773501
0.10625,8.962685
0.1078125,9.158083
0.109375,9.359928
0.1109375,9.568469
0.1125,9.783961
0.1140625,10.00667
0.115625,10.23689
0.1171875,10.4749
0.11875,10.72101
0.1203125,10.97555
0.121875,11.23885
0.1234375,11.51126
0.125,11.79316
0.1265625,12.08493
0.128125,12.38697
0.1296875,12.69971
0.13125,13.0236
0.1328125,13.3591
0.134375,13.70671
0.1359375,14.06693
0.1375,14.4403
0.1390625,14.82741
0.140625,15.22883
0.1421875,15.64519
0.14375,16.07716
0.1453125,16.52542
0.146875,16.99071
0.1484375,17.47377
0.15,17.97543
0.1515625,18.49652
0.153125,19.03794
0.1546875,19.60063
0.15625,20.18557
0.1578125,20.79381
0.159375,21.42645
0.1609375,22.08463
0.1625,22.7696
0.1640625,23.48262
0.165625,24.22506
0.1671875,24.99835
0.16875,25.804
0.1703125,26.64362
0.171875,27.51887
0.1734375,28.43155
0.175,29.38353
0.1765625,30.37679
0.178125,31.41343
0.1796875,32.49566
0.18125,33.62582
0.1828125,34.80636
0.184375,36.0399
0.1859375,37.32918
0.1875,38.6771
0.1882813,39.37405
0.1890625,40.08673
0.1898438,40.81573
0.190625,41.56129
0.1914063,42.32402
0.1921875,43.10418
0.1929688,43.90242
0.19375,44.719
0.1945313,45.5546
0.1953125,46.40951
0.1960938,47.28444
0.196875,48.17969
0.1976563,49.09602
0.1984375,50.03373
0.1992188,50.99361
0.2,51.976
0.200911,53.15095
0.2018219,54.35828
0.2027329,55.59921
0.2036438,56.87446
0.2045548,58.18535
0.2054657,59.53262
0.2063766,60.9175
0.2072875,62.34108
0.2081985,63.80465
0.2091094,65.30904
0.2100204,66.85573
0.2109313,68.4456
0.2118423,70.08019
0.2127532,71.76039
0.2136641,73.48761
0.214575,75.26314
0.215486,77.08844
0.2163969,78.96442
0.2173079,80.89279
0.2182188,82.87442
0.2191298,84.91107
0.2200407,87.00359
0.2209516,89.1535
0.2218625,91.36208
0.2227735,93.63085
0.2236844,95.96055
0.2245954,98.3529
0.2255063,100.8085
0.2264173,103.3291
0.2273282,105.9151
0.2282391,108.5679
0.22915,111.2882
0.2305516,115.6079
0.2319532,120.0919
0.2333548,124.742
0.2347563,129.5587
0.2361579,134.5423
0.2375594,139.6908
0.238961,145.0021
0.2403625,150.4711
0.2417641,156.0922
0.2431657,161.857
0.2445673,167.7551
0.2459688,173.7731
0.2473704,179.8967
0.2487719,186.1067
0.251575,198.7006
0.2529766,205.0335
0.2543782,211.351
0.2557798,217.6204
0.2571813,223.8055
0.2585829,229.8695
0.2599844,235.7715
0.261386,241.4712
0.2627875,246.9257
0.2641891,252.0937
0.2648899,254.5571
0.2655907,256.9333
0.2662915,259.2175
0.2669923,261.4048
0.2676931,263.4906
0.2683938,265.4703
0.2690946,267.3403
0.2697954,269.0963
0.2704962,270.7348
0.2711969,272.2522
0.2718977,273.6459
0.2725985,274.913
0.2732993,276.0513
0.274,277.0587
0.2747008,277.9338
0.2754016,278.6754
0.2761024,279.2826
0.2768032,279.7552
0.277504,280.093
0.2782048,280.2964
0.2789056,280.3664
0.2796063,280.304
0.2803071,280.1107
0.2810079,279.7884
0.2817087,279.3394
0.2824094,278.7662
0.2831102,278.0716
0.283811,277.2586
0.2845118,276.3306
0.2852125,275.2914
0.2866141,272.8939
0.2880157,270.0985
0.2894173,266.9397
0.2908188,263.4537
0.2922204,259.6764
0.2936219,255.6449
0.2950235,251.3943
0.296425,246.9603
0.2978266,242.3753
0.2992282,237.6712
0.3020313,228.0214
0.3034329,223.1274
0.3048344,218.2186
0.306236,213.3145
0.3076375,208.4338
0.3090391,203.5916
0.3104407,198.8019
0.3118423,194.0766
0.3132438,189.4259
0.3146454,184.8576
0.3160469,180.3792
0.3174485,175.9957
0.31885,171.7119
0.3202653,167.4902
0.3216805,163.3759
0.3230958,159.37
0.324511,155.4737
0.3259263,151.6867
0.3273415,148.009
0.3287567,144.4394
0.3301719,140.9767
0.3315872,137.6189
0.3330024,134.3647
0.3344177,131.2114
0.3358329,128.1572
0.3372482,125.1993
0.3386634,122.3354
0.3400786,119.5628
0.3414938,116.8789
0.3429091,114.2808
0.3443243,111.7662
0.3457396,109.3321
0.3471548,106.9761
0.3485701,104.6954
0.3499853,102.4878
0.3514005,100.3504
0.3528157,98.28103
0.354231,96.27699
0.3556462,94.33628
0.3570614,92.45651
0.3584766,90.63549
0.3598919,88.87096
0.3613071,87.16114
0.3627223,85.50391
0.3641375,83.89735
0.3655528,82.33952
0.366968,80.82885
0.3683833,79.36342
0.3697985,77.94178
0.3712138,76.56215
0.372629,75.22319
0.3740442,73.92334
0.3754594,72.66119
0.3768747,71.43529
0.3782899,70.2445
0.3797052,69.08743
0.3811204,67.96301
0.3825357,66.86995
0.3839509,65.80728
0.3853661,64.77385
0.3867813,63.76866
0.3881966,62.79065
0.3896118,61.839
0.3910271,60.91269
0.3924423,60.01097
0.3938576,59.13288
0.3952728,58.27774
0.396688,57.44472
0.3981032,56.63307
0.3995185,55.84203
0.4009337,55.07103
0.4023489,54.31935
0.4037641,53.58636
0.4051794,52.8714
0.4065946,52.174
0.4080098,51.49353
0.409425,50.82946
0.4108403,50.18122
0.4122555,49.54841
0.4136708,48.93044
0.415086,48.32696
0.4165013,47.73741
0.4179165,47.16147
0.4193317,46.59867
0.4207469,46.04862
0.4221622,45.51089
0.4235774,44.98519
0.4249927,44.47109
0.4264079,43.96832
0.4278232,43.47647
0.4292384,42.9953
0.4306536,42.52447
0.4320688,42.06366
0.4334841,41.61258
0.4348993,41.171
0.4363146,40.73859
0.4377298,40.31516
0.4391451,39.90039
0.4405603,39.49412
0.4419755,39.09607
0.4433907,38.70601
0.444806,38.32371
0.4462212,37.94901
0.4490516,37.22153
0.4518821,36.52195
0.4547125,35.8489
0.457543,35.20096
0.4603735,34.57689
0.463204,33.9755
0.4660344,33.3957
0.4688649,32.8364
0.4716954,32.29662
0.4745259,31.77544
0.4773563,31.27201
0.4801868,30.78547
0.4830173,30.31506
0.4858478,29.86004
0.4886782,29.41976
0.4915087,28.99351
0.4943391,28.58073
0.5,27.79317
0.5078125,26.78296
0.515625,25.85275
0.5234375,24.99397
0.53125,24.19916
0.5390625,23.46184
0.546875,22.77633
0.5546875,22.13764
0.5625,21.54139
0.5703125,20.98371
0.578125,20.46116
0.5859375,19.97068
0.59375,19.50955
0.6015625,19.07533
0.609375,18.66586
0.6171875,18.27916
0.625,17.91347
0.6328125,17.5672
0.640625,17.2389
0.6484375,16.92728
0.65625,16.63114
0.6640625,16.34941
0.671875,16.08109
0.6796875,15.82529
0.6875,15.58119
0.6953125,15.34803
0.703125,15.12511
0.7109375,14.91181
0.71875,14.70752
0.7265625,14.51172
0.734375,14.3239
0.7421875,14.14359
0.75,13.97038
0.765625,13.64365
0.78125,13.34087
0.796875,13.05955
0.8125,12.79756
0.828125,12.55301
0.84375,12.32425
0.859375,12.10984
0.875,11.90848
0.890625,11.71905
0.90625,11.54053
0.921875,11.37201
0.9375,11.2127
0.953125,11.06187
0.96875,10.91886
0.984375,10.78309
1.0,10.65402
1.015625,10.53118
1.03125,10.41412
1.046875,10.30245
1.0625,10.1958
1.078125,10.09385
1.09375,9.996292
1.109375,9.902842
1.125,9.813247
1.140625,9.727271
1.15625,9.6447
1.171875,9.56533
1.1875,9.488979
1.203125,9.415475
1.21875,9.344658
1.234375,9.276381
1.25,9.210508
1.28125,9.085471
1.3125,8.968626
1.34375,8.859173
1.375,8.756408
1.40625,8.659716
1.4375,8.568551
1.46875,8.48243
1.5,8.400924
1.53125,8.323652
1.5625,8.250271
1.59375,8.180473
1.625,8.113983
1.65625,8.050552
1.6875,7.989954
1.71875,7.931985
1.75,7.87646
1.78125,7.823209
1.8125,7.77208
1.84375,7.72293
1.875,7.675631
1.90625,7.630064
1.9375,7.58612
1.96875,7.543699
2.0,7.502708
2.046875,7.443718
2.09375,7.387492
2.140625,7.333797
2.1875,7.282421
2.234375,7.233177
2.28125,7.185893
2.328125,7.140415
2.375,7.096605
2.421875,7.054335
2.46875,7.01349
2.515625,6.973964
2.5625,6.93566
2.609375,6.89849
2.65625,6.862372
2.703125,6.827231
2.75,6.792998
2.84375,6.727003
2.9375,6.663925
3.03125,6.603368
3.125,6.544981
3.21875,6.488459
3.3125,6.43353
3.40625,6.379951
3.5,6.327504
3.59375,6.27599
3.6875,6.225229
3.78125,6.175052
3.875,6.125304
3.96875,6.075841
4.0625,6.026524
4.15625,5.977222
4.25,5.927811
4.34375,5.878168
4.4375,5.828175
4.53125,5.777715
4.625,5.726675
4.71875,5.674938
4.8125,5.622392
4.90625,5.56892
5.0,5.514408
5.107813,5.450279
5.215625,5.384437
5.323438,5.316697
5.43125,5.246873
5.539063,5.174777
5.646875,5.100222
5.754688,5.023025
5.808594,4.983382
5.8625,4.943015
5.916407,4.901904
5.970313,4.860035
6.024219,4.817393
6.078125,4.773967
6.132032,4.729749
6.185938,4.684739
6.239844,4.63894
6.29375,4.592363
6.347657,4.545031
6.401563,4.496976
6.455469,4.448247
6.509375,4.398909
6.563282,4.34905
6.617188,4.298787
6.671094,4.24827
6.725,4.197691
6.778907,4.147296
6.832813,4.0974
6.886719,4.0484
6.940625,4.000797
6.994532,3.95523
7.048438,3.912506
7.102344,3.873653
7.129297,3.856074
7.15625,3.83998
7.183204,3.825593
7.210157,3.813164
7.23711,3.802978
7.264063,3.795361
7.291016,3.790683
7.317969,3.789364
7.344922,3.791889
7.371875,3.798809
7.398829,3.810761
7.425782,3.828474
7.452735,3.852792
7.479688,3.884689
7.506641,3.925296
7.533594,3.97593
7.560547,4.038124
7.5875,4.113678
7.614454,4.204707
7.641407,4.313698
7.66836,4.443608
7.695313,4.59795
7.722266,4.780924
7.749219,4.99758
7.762696,5.120401
7.776172,5.254014
7.789649,5.39941
7.803125,5.557638
7.816602,5.729908
7.830079,5.917527
7.843556,6.121957
7.857032,6.344812
7.870509,6.587942
7.883985,6.853344
7.897462,7.143333
7.910938,7.460423
7.924415,7.807538
7.937891,8.187871
7.951368,8.605148
7.964844,9.063469
7.978321,9.567632
7.991797,10.12296
8.005274,10.7357
8.01875,11.41286
8.032227,12.16267
8.045704,12.99452
8.059181,13.91934
8.072657,14.94977
8.079396,15.50926
8.086134,16.10085
8.092872,16.7269
8.09961,17.38987
8.106349,18.09255
8.113087,18.83765
8.119825,19.62846
8.126563,20.46844
8.133302,21.36154
8.14004,22.31164
8.146778,23.32343
8.153516,24.40193
8.160255,25.55281
8.166993,26.78181
8.173731,28.09578
8.180469,29.50214
8.187208,31.0093
8.193946,32.62593
8.200684,34.36236
8.207422,36.22985
8.214161,38.2413
8.220899,40.41018
8.227637,42.75258
8.234375,45.28621
8.241114,48.03151
8.247852,51.01023
8.254591,54.24883
8.261329,57.7754
8.268068,61.62405
8.274806,65.83144
8.281544,70.44137
8.288282,75.50361
8.295021,81.07639
8.301759,87.22446
8.308497,94.02572
8.311866,97.69882
8.315235,101.5701
8.318605,105.6543
8.321974,109.964
8.325343,114.5162
8.328712,119.3285
8.332081,124.4198
8.33545,129.8108
8.338819,135.5237
8.342188,141.5832
8.345558,148.018
8.348927,154.8535
8.352296,162.1235
8.355665,169.863
8.359034,178.1103
8.362403,186.9078
8.365772,196.3015
8.369141,206.3424
8.372511,217.0898
8.37588,228.5991
8.379249,240.9412
8.382618,254.1912
8.385987,268.4318
8.389356,283.7544
8.392725,300.26
8.396094,318.0598
8.399464,337.2829
8.402833,358.0535
8.406202,380.5264
8.409571,404.8662
8.41294,431.2532
8.416309,459.8848
8.419678,490.9757
8.423047,524.7587
8.426417,561.4951
8.429786,601.4289
8.433155,644.8493
8.436524,692.0431
8.439893,743.2975
8.443262,798.8887
8.446631,859.0665
8.45,924.0317
8.453125,988.6808
8.45625,1057.567
8.459375,1130.586
8.4625,1207.477
8.465625,1287.788
8.46875,1370.826
8.475,1540.903
8.478125,1625.067
8.48125,1706.213
8.484375,1782.19
8.4875,1850.696
8.490625,1909.418
8.49375,1956.213
8.496875,1989.292
8.5,2007.401
8.503125,2009.943
8.50625,1997.042
8.509375,1969.515
8.5125,1928.778
8.515625,1876.688
8.51875,1815.368
8.521875,1747.022
8.525,1673.788
8.53125,1520.229
8.5375,1367.137
8.540625,1293.423
8.54375,1222.501
8.546875,1154.785
8.55,1090.524
8.552833,1035.352
8.555665,983.1521
8.558497,933.8672
8.561329,887.425
8.564161,843.7256
8.566993,802.6515
8.569825,764.0739
8.572657,727.8584
8.575489,693.8688
8.578321,661.97
8.581153,632.0302
8.583985,603.9223
8.586817,577.5251
8.589649,552.7234
8.592481,529.4089
8.595313,507.4796
8.598145,486.8405
8.600977,467.4027
8.603809,449.0837
8.606641,431.8065
8.609473,415.5
8.612305,400.0982
8.615137,385.54
8.617969,371.7687
8.620801,358.7319
8.623633,346.3811
8.626465,334.6714
8.629297,323.5613
8.632129,313.0122
8.634961,302.9886
8.640625,284.3877
8.64629,267.5193
8.651954,252.1856
8.657618,238.2076
8.663282,225.4329
8.668946,213.7294
8.67461,202.9821
8.680274,193.0906
8.685938,183.967
8.691602,175.5344
8.697266,167.7248
8.70293,160.4784
8.708594,153.7422
8.714258,147.4695
8.719922,141.6184
8.725586,136.1517
8.73125,131.0364
8.736915,126.2417
8.742579,121.7429
8.748243,117.515
8.753907,113.5364
8.759571,109.7877
8.765235,106.2512
8.770899,102.911
8.776563,99.75255
8.782227,96.76269
8.787891,93.92939
8.793555,91.24172
8.799219,88.68966
8.810547,83.95647
8.821875,79.66523
8.833204,75.76106
8.844532,72.19827
8.85586,68.93692
8.867188,65.94306
8.878516,63.18739
8.889844,60.64459
8.901172,58.29261
8.9125,56.11223
8.923829,54.08645
8.935157,52.20081
8.946485,50.44209
8.957813,48.79874
8.969141,47.26051
8.980469,45.81828
8.991797,44.46393
9.003125,43.19016
9.014454,41.99035
9.025782,40.85884
9.03711,39.79023
9.048438,38.77973
9.059766,37.82302
9.071094,36.91619
9.082422,36.05565
9.09375,35.23817
9.105079,34.46071
9.116407,33.72072
9.139063,32.34317
9.161719,31.08799
9.184375,29.94041
9.207032,28.88782
9.229688,27.91956
9.252344,27.02635
9.275,26.20021
9.297657,25.43419
9.320313,24.72232
9.342969,24.0593
9.365625,23.44049
9.388282,22.86178
9.410938,22.31963
9.433594,21.81079
9.45625,21.33242
9.478907,20.88196
9.501563,20.45717
9.524219,20.05599
9.546875,19.67658
9.569532,19.31727
9.592188,18.9766
9.614844,18.65319
9.6375,18.34581
9.660157,18.05333
9.682813,17.77476
9.705469,17.50915
9.728125,17.25564
9.750782,17.01345
9.773438,16.78188
9.81875,16.34798
9.864063,15.94925
9.909375,15.5817
9.954688,15.24192
10.0,14.92696
10.03907,14.67334
10.07813,14.4349
10.11719,14.21027
10.15625,13.99834
10.19532,13.79801
10.23438,13.60849
10.27344,13.42888
10.3125,13.25846
10.35157,13.09651
10.39063,12.94249
10.42969,12.79582
10.46875,12.65599
10.50782,12.5225
10.54688,12.39501
10.58594,12.27309
10.625,12.1564
10.66407,12.04458
10.70313,11.93739
10.78125,11.73573
10.85938,11.54941
10.9375,11.37681
11.01563,11.21644
11.09375,11.06709
11.17188,10.92763
11.25,10.79715
11.32813,10.67478
11.40625,10.55981
11.48438,10.45157
11.5625,10.34951
11.64063,10.25309
11.71875,10.16188
11.79688,10.07544
11.875,9.993426
11.95313,9.915484
12.03125,9.841336
12.10938,9.77069
12.1875,9.703319
12.26563,9.638981
12.34375,9.577489
12.42188,9.518642
12.5,9.462283
12.57813,9.408242
12.65625,9.356389
12.73438,9.30658
12.8125,9.258705
12.89063,9.21264
12.96875,9.168294
13.125,9.084355
13.28125,9.006201
13.4375,8.933238
13.59375,8.864952
13.75,8.800892
13.90625,8.740664
14.0625,8.683922
14.21875,8.630359
14.375,8.579705
14.53125,8.531718
14.6875,8.486181
14.84375,8.442903
15.0,8.401709
15.15625,8.362445
15.3125,8.324968
15.46875,8.289151
15.625,8.254878
15.78125,8.222044
15.9375,8.190554
16.09375,8.160318
16.25,8.131257
16.40625,8.103298
16.5625,8.076372
16.71875,8.050417
16.875,8.025376
17.03125,8.001196
17.1875,7.977828
17.5,7.933347
17.8125,7.891607
18.125,7.852327
18.4375,7.815261
18.75,7.780193
19.0625,7.746935
19.375,7.71532
19.6875,7.6852
20.0,7.656445
20.23438,7.635703
20.46875,7.615617
20.70313,7.596146
20.9375,7.577252
21.40625,7.541055
21.875,7.50677
22.34375,7.474179
22.8125,7.443088
23.28125,7.41333
23.75,7.384756
24.21875,7.357235
24.6875,7.330647
25.15625,7.304889
25.625,7.279863
26.09375,7.255484
26.5625,7.231672
27.03125,7.208355
27.5,7.185465
27.96875,7.162939
28.4375,7.140719
28.90625,7.11875
29.375,7.096979
29.84375,7.075357
30.3125,7.053835
30.78125,7.032367
31.25,7.010907
31.71875,6.989411
32.1875,6.967835
32.65625,6.946135
33.125,6.924267
33.59375,6.902186
34.0625,6.879847
34.53125,6.857205
35.0,6.83421
35.46875,6.810815
35.9375,6.786968
36.40625,6.762614
36.875,6.737698
37.34375,6.71216
37.8125,6.685935
38.28125,6.658956
38.75,6.63115
39.21875,6.602439
39.6875,6.572737
40.15625,6.541953
40.625,6.509987
41.09375,6.476729
41.5625,6.442058
42.03125,6.405843
42.5,6.367938
42.96875,6.32818
43.4375,6.28639
43.90625,6.242366
44.375,6.195884
44.84375,6.146691
45.3125,6.0945
45.54688,6.067181
45.78125,6.03899
46.01563,6.009876
46.25,5.979792
46.48438,5.948682
46.71875,5.916489
46.95313,5.88315
47.1875,5.848601
47.42188,5.812769
47.65625,5.775579
47.89063,5.736946
48.125,5.696787
48.35938,5.655002
48.59375,5.611494
48.82813,5.566148
49.0625,5.518851
49.29688,5.469471
49.53125,5.417875
49.76563,5.363911
50.0,5.307427
50.2289,5.249662
50.45779,5.189163
50.68668,5.125746
50.91557,5.059221
51.14446,4.98939
51.37335,4.916044
51.4878,4.877985
51.60224,4.838971
51.71669,4.79897
51.83113,4.757961
51.94558,4.715914
52.06002,4.672811
52.17447,4.628623
52.28891,4.583338
52.40336,4.536931
52.5178,4.4894
52.63225,4.440727
52.74669,4.390923
52.86114,4.339987
52.97558,4.287947
53.09003,4.234828
53.20447,4.18069
53.31892,4.125596
53.43336,4.069656
53.54781,4.012993
53.66225,3.955795
53.7767,3.898281
53.89115,3.840757
54.0056,3.783607
54.12004,3.727332
54.23449,3.672555
54.34893,3.6201
54.40616,3.595053
54.46338,3.571003
54.5206,3.548123
54.57782,3.526617
54.63505,3.50671
54.69227,3.488671
54.74949,3.472797
54.80671,3.459427
54.86394,3.44895
54.92116,3.441817
54.97838,3.438538
55.0356,3.439704
55.09283,3.445996
55.15005,3.458197
55.20727,3.477217
55.26449,3.504112
55.32172,3.540118
55.37894,3.586659
55.43616,3.645422
55.49338,3.718385
55.55061,3.807898
55.60783,3.916696
55.66505,4.048083
55.72227,4.20599
55.7795,4.395176
55.80811,4.503208
55.83672,4.621279
55.86533,4.750293
55.89394,4.891251
55.92255,5.045262
55.95116,5.213554
55.97978,5.397557
56.00839,5.598663
56.037,5.818624
56.06561,6.059332
56.09422,6.322903
56.12283,6.61171
56.15144,6.928423
56.18005,7.276049
56.20867,7.658126
56.23728,8.078237
56.26589,8.540879
56.2945,9.05103
56.32311,9.614376
56.35172,10.23743
56.38033,10.92769
56.40894,11.69379
56.43756,12.54605
56.46617,13.49552
56.48048,14.01115
56.49478,14.55605
56.50909,15.13304
56.52339,15.74356
56.5377,16.39089
56.552,17.07679
56.56631,17.80509
56.58061,18.57793
56.59492,19.39983
56.60922,20.27339
56.62353,21.20395
56.63783,22.19473
56.65214,23.25207
56.66645,24.38079
56.68076,25.58689
56.69506,26.8761
56.70937,28.25759
56.72367,29.73757
56.73798,31.32716
56.75228,33.03421
56.76659,34.87235
56.78089,36.85154
56.7952,38.98864
56.8095,41.29642
56.82381,43.7959
56.83811,46.50363
56.85242,49.44611
56.86672,52.64495
56.88103,56.13397
56.89534,59.94452
56.90965,64.115
56.92395,68.68618
56.93826,73.71531
56.95256,79.25423
56.96687,85.37916
56.98117,92.16142
56.98833,95.83448
56.99548,99.70424
57.00263,103.79
57.00978,108.1074
57.01694,112.68
57.02409,117.5135
57.03124,122.6344
57.03839,128.0648
57.04555,133.8372
57.0527,139.9622
57.05985,146.4767
57.067,153.413
57.07416,160.817
57.08131,168.7073
57.08846,177.137
57.09561,186.154
57.10277,195.8255
57.10992,206.1834
57.11708,217.3227
57.12423,229.2857
57.13139,242.188
57.13854,256.0854
57.14569,271.0985
57.15284,287.3429
57.16,304.975
57.16715,324.0929
57.1743,344.8872
57.18145,367.5469
57.18861,392.3231
57.19576,419.3913
57.20291,449.0637
57.21006,481.6591
57.21722,517.5948
57.22437,557.1891
57.23152,600.9694
57.2351,624.6322
57.23867,649.4863
57.24225,675.7527
57.24583,703.4513
57.24941,732.6762
57.25298,763.4395
57.25656,796.0208
57.26013,830.3525
57.26371,866.7492
57.26728,905.1377
57.27086,945.8718
57.27444,988.9946
57.27802,1034.663
57.28159,1082.902
57.28517,1134.155
57.28874,1188.317
57.29232,1245.879
57.29589,1306.713
57.29947,1371.359
57.30305,1439.853
57.30663,1512.395
57.3102,1588.961
57.31378,1670.166
57.31735,1755.724
57.32093,1846.26
57.3245,1941.38
57.32922,2074.661
57.33394,2216.484
57.33866,2366.595
57.34338,2524.418
57.35282,2858.793
57.36225,3205.052
57.36697,3375.868
57.37169,3539.973
57.37641,3692.928
57.38113,3830.006
57.38585,3946.484
57.39057,4038.011
57.39529,4100.995
57.4,4132.927
57.40472,4132.837
57.40944,4101.0
57.41416,4039.22
57.41888,3950.514
57.4236,3838.792
57.42832,3708.482
57.43304,3564.161
57.43775,3410.578
57.44719,3089.525
57.45663,2771.056
57.46135,2618.172
57.46607,2471.329
57.47079,2331.34
57.4755,2198.956
57.47918,2100.744
57.48285,2007.378
57.48653,1918.304
57.4902,1833.913
57.49388,1753.62
57.49755,1677.712
57.50123,1605.61
57.5049,1537.529
57.50858,1472.915
57.51225,1411.937
57.51593,1354.079
57.5196,1299.479
57.52328,1247.663
57.52695,1198.748
57.53062,1152.427
57.53429,1108.55
57.53797,1066.86
57.54164,1027.447
57.54532,989.9667
57.54899,954.5001
57.55267,920.739
57.55634,888.7591
57.56369,829.3868
57.57104,775.6481
57.57839,726.899
57.58574,682.5763
57.59308,642.2399
57.60043,605.3494
57.60778,571.585
57.61513,540.6159
57.62248,512.1517
57.62983,485.9372
57.63718,461.7472
57.64453,439.3832
57.65187,418.6966
57.65922,399.4757
57.66657,381.6112
57.67392,364.9802
57.68126,349.4933
57.68861,335.0103
57.69596,321.4652
57.70331,308.7792
57.71065,296.8971
57.718,285.7229
57.72535,275.2157
57.7327,265.3234
57.74005,255.9989
57.7474,247.1996
57.75475,238.8866
57.7621,231.0245
57.76944,223.591
57.77679,216.5365
57.78414,209.8445
57.79883,197.4595
57.81353,186.2458
57.82822,176.0721
57.84292,166.8001
57.85762,158.3304
57.87232,150.572
57.88701,143.4506
57.90171,136.8887
57.9164,130.836
57.9311,125.233
57.94579,120.042
57.96049,115.2164
57.97519,110.7251
57.98989,106.537
58.00458,102.6275
58.01928,98.96693
58.03397,95.5386
58.04867,92.31848
58.06336,89.29363
58.07806,86.44433
58.09276,83.75868
58.10746,81.22401
58.12215,78.83046
58.13685,76.56439
58.15154,74.4195
58.16624,72.38429
58.18093,70.45374
58.19563,68.61812
58.21033,66.87224
58.23972,63.62746
58.26911,60.67608
58.2985,57.98254
58.3279,55.51578
58.35729,53.25159
58.38668,51.16684
58.41607,49.2423
58.44547,47.46073
58.47486,45.8088
58.50425,44.27319
58.53364,42.84275
58.56304,41.50722
58.59243,40.25883
58.62182,39.08941
58.65121,37.99213
58.68061,36.96053
58.71,35.98987
58.73939,35.07488
58.76878,34.21118
58.79818,33.39452
58.82757,32.62188
58.85696,31.88975
58.88635,31.19518
58.91575,30.53528
58.94514,29.90807
58.97453,29.3111
59.00392,28.74235
59.06271,27.68206
59.12149,26.71446
59.18028,25.82816
59.23906,25.01403
59.29785,24.26373
59.35663,23.57057
59.41542,22.92832
59.4742,22.332
59.53299,21.77686
59.59177,21.25911
59.65056,20.77509
59.70934,20.32187
59.76813,19.89657
59.82691,19.49692
59.8857,19.12061
59.94448,18.76586
60.00327,18.43082
60.06205,18.11404
60.12084,17.81403
60.17962,17.52962
60.23841,17.25957
60.29719,17.00296
60.35598,16.75873
60.41476,16.52614
60.47355,16.30431
60.53233,16.09261
60.59112,15.8903
60.6499,15.69687
60.76747,15.33433
60.88504,15.00108
61.00261,14.69379
61.12018,14.40961
61.23775,14.14609
61.35532,13.9011
61.47289,13.6728
61.59046,13.45958
61.70803,13.26001
61.8256,13.07285
61.94317,12.897
62.06074,12.73148
62.17831,12.57543
62.29588,12.42807
62.41345,12.2887
62.53102,12.1567
62.64859,12.03151
62.76616,11.91263
62.88373,11.79959
63.0013,11.69198
63.11887,11.58942
63.23644,11.49158
63.35401,11.39813
63.47158,11.30879
63.58915,11.2233
63.70672,11.14142
63.82429,11.06293
64.05943,10.91529
64.29457,10.77896
64.52971,10.65268
64.76485,10.53539
64.99999,10.42617
65.00001,36.08696
72.0,35.53303
85.0,34.62676
100.0,33.73256
125.0,32.49778
150.0,31.48648
170.0,30.79272
200.0,29.8944
250.0,28.66921
300.0,27.67862
350.0,26.85069
400.0,26.14192
500.0,24.97774
600.0,24.04784
720.0,23.13933
850.0,22.33238
1000.0,21.56211
1000.001,21.56211
1100.0,21.11991
1250.0,20.53825
1500.0,19.732
1600.0,19.45333
1700.0,19.19481
2000.0,18.51751
2100.0,18.3187
2600.0,17.47326
3000.0,16.92917
3500.0,16.36419
4000.0,15.89213
5000.0,15.13924
6000.0,14.55747
7000.0,14.08894
8000.0,13.70029
9000.0,13.37065
10000.0,13.08616
11000.0,12.83717
12000.0,12.61673
13000.0,12.41965
14000.0,12.242
15000.0,12.0807
16000.0,11.93334
17000.0,11.79796
18000.0,11.67297
19000.0,11.55706
20000.0,11.44914
25000.0,11.00176
30000.0,10.66072
35000.0,10.38758
40000.0,10.16074
48548.34,9.851176
50000.0,9.798606
60000.0,9.515042
70000.0,9.281586
76949.94,9.143364
80000.0,9.082703
90000.0,8.909119
100000.0,8.754894
110000.0,8.616022
120000.0,8.489667
132000.0,8.331644
132549.9,8.324403
132550.1,8.323139
132566.1,8.322929
166098.7,7.882688
166099.0,7.882684
175545.8,7.758253
175546.0,7.75825
186039.0,7.608625
186039.2,7.608622
200000.0,7.408848
227359.0,7.280616
256233.0,7.145284
256233.3,7.145283
259372.0,7.129968
259372.2,7.129966
260000.0,7.123766
279000.8,7.064946
279001.0,7.064945
290882.6,7.015064
290883.0,7.015062
292683.0,7.00613
292683.5,7.006128
325763.0,6.84199
325763.4,6.841988
344355.7,6.738228
344356.0,6.738226
500000.0,5.194645
559556.0,4.889086
631561.0,4.519655
700000.0,4.16852
726837.0,4.143574
733346.0,4.137524
799053.0,4.076446
845403.0,4.033362
853170.0,4.026143
885214.0,3.996356
1000000.0,3.889658
1010000.0,3.887228
1020000.0,3.890201
1030000.0,3.893173
1040000.0,3.896145
1050000.0,3.89925
1060000.0,3.889277
1070000.0,3.892895
1080000.0,3.896158
1090000.0,3.899771
1100000.0,3.903384
1110000.0,3.906997
1130000.0,3.913831
1140000.0,3.917251
1150000.0,3.912406
1160000.0,3.916228
1170000.0,3.92005
1200000.0,3.931519
1300000.0,3.982115
1500000.0,4.088737
1550000.0,4.114673
1600000.0,4.139904
1630000.0,4.157925
1650000.0,4.166826
1690000.0,4.18758
1700000.0,4.192664
1750000.0,4.219439
1800000.0,4.24237
1850000.0,4.265631
1900000.0,4.282452
1950000.0,4.299407
2000000.0,4.314452
2010000.0,4.317393
2020000.0,4.320313
2040000.0,4.326735
2060000.0,4.332248
2080000.0,4.337771
2100000.0,4.343211
2500000.0,4.371501
2600000.0,4.353152
2700000.0,4.336747
2800000.0,4.319656
2900000.0,4.288912
3000000.0,4.257692
3500000.0,4.036201
4000000.0,3.762833
5000000.0,3.222829
6000000.0,2.819024
6135080.0,2.821721
6275930.0,2.824534
6275940.0,2.824531
6783000.0,2.64845
7000000.0,2.573095
8000000.0,2.454703
9000000.0,2.433924
10000000.0,2.483854
11000000.0,2.577128
12000000.0,2.688232
12532700.0,2.748575
13000000.0,2.80151
14000000.0,2.900357
14312480.0,2.926442
14312490.0,2.926443
15000000.0,2.981402
16000000.0,3.038294
17000000.0,3.070456
18000000.0,3.078578
19000000.0,3.064374
20000000.0,3.030327
