1e-05,4.41849
1.03125e-05,4.41849
1.0625e-05,4.41849
1.09375e-05,4.41849
1.125e-05,4.41849
1.15625e-05,4.41849
1.1875e-05,4.41849
1.21875e-05,4.41849
1.25e-05,4.41849
1.28125e-05,4.41849
1.3125e-05,4.41849
1.34375e-05,4.418489
1.375e-05,4.418489
1.4375e-05,4.418489
1.5e-05,4.418489
1.5625e-05,4.418489
1.625e-05,4.418489
1.6875e-05,4.418489
1.75e-05,4.418489
1.8125e-05,4.418489
1.875e-05,4.418489
1.9375e-05,4.418489
2e-05,4.418489
2.09375e-05,4.418489
2.1875e-05,4.418489
2.28125e-05,4.418489
2.375e-05,4.418488
2.46875e-05,4.418488
2.5625e-05,4.418488
2.65625e-05,4.418488
2.75e-05,4.418488
2.84375e-05,4.418488
2.9375e-05,4.418488
3.03125e-05,4.418488
3.125e-05,4.418488
3.21875e-05,4.418488
3.3125e-05,4.418488
3.40625e-05,4.418488
3.5e-05,4.418488
3.59375e-05,4.418488
3.6875e-05,4.418488
3.78125e-05,4.418488
3.875e-05,4.418488
3.96875e-05,4.418488
4.0625e-05,4.418487
4.25e-05,4.418487
4.4375e-05,4.418487
4.625e-05,4.418487
4.8125e-05,4.418487
5e-05,4.418487
5.15625e-05,4.418487
5.3125e-05,4.418487
5.46875e-05,4.418487
5.625e-05,4.418487
5.78125e-05,4.418487
5.9375e-05,4.418487
6.09375e-05,4.418487
6.25e-05,4.418487
6.40625e-05,4.418487
6.5625e-05,4.418487
6.71875e-05,4.418487
6.875e-05,4.418487
7.1875e-05,4.418486
7.5e-05,4.418486
7.8125e-05,4.418486
8.125e-05,4.418486
8.4375e-05,4.418486
8.75e-05,4.418486
9.0625e-05,4.418486
9.375e-05,4.418486
9.6875e-05,4.418486
0.0001,4.418486
0.000103125,4.418486
0.00010625,4.418486
0.000109375,4.418486
0.0001125,4.418486
0.000115625,4.418486
0.00011875,4.418486
0.000121875,4.418486
0.000125,4.418485
0.000128125,4.418485
0.00013125,4.418485
0.000134375,4.418485
0.0001375,4.418485
0.00014375,4.418485
0.00015,4.418485
0.00015625,4.418485
0.0001625,4.418485
0.00016875,4.418485
0.000175,4.418485
0.00018125,4.418485
0.0001875,4.418485
0.00019375,4.418485
0.0002,4.418485
0.000209375,4.418485
0.00021875,4.418484
0.000228125,4.418484
0.0002375,4.418484
0.000246875,4.418484
0.00025625,4.418484
0.000265625,4.418484
0.000275,4.418484
0.000284375,4.418484
0.00029375,4.418484
0.000303125,4.418484
0.0003125,4.418484
0.000321875,4.418484
0.00033125,4.418484
0.000340625,4.418484
0.00035,4.418484
0.000359375,4.418484
0.00036875,4.418484
0.000378125,4.418484
0.0003875,4.418483
0.000396875,4.418483
0.00040625,4.418483
0.000425,4.418483
0.00044375,4.418483
0.0004625,4.418483
0.00048125,4.418483
0.0005,4.418483
0.000515625,4.418483
0.00053125,4.418483
0.000546875,4.418483
0.0005625,4.418483
0.000578125,4.418483
0.00059375,4.418483
0.000609375,4.418483
0.000625,4.418483
0.000640625,4.418483
0.00065625,4.418483
0.000671875,4.418482
0.0006875,4.418482
0.00071875,4.418482
0.00075,4.418482
0.00078125,4.418482
0.0008125,4.418482
0.00084375,4.418482
0.000875,4.418482
0.00090625,4.418482
0.0009375,4.418482
0.00096875,4.418482
0.001,4.418482
0.00103125,4.418482
0.0010625,4.418482
0.00109375,4.418482
0.001125,4.418482
0.00115625,4.418482
0.0011875,4.418481
0.00121875,4.418481
0.00125,4.418481
0.00128125,4.418481
0.0013125,4.418481
0.00134375,4.418481
0.001375,4.418481
0.0014375,4.418481
0.0015,4.418481
0.0015625,4.418481
0.001625,4.418481
0.0016875,4.418481
0.00175,4.418481
0.0018125,4.418481
0.001875,4.418481
0.0019375,4.418481
0.002,4.418481
0.00209375,4.41848
0.0021875,4.41848
0.00228125,4.41848
0.002375,4.41848
0.00246875,4.41848
0.0025625,4.41848
0.00265625,4.41848
0.00275,4.41848
0.00284375,4.41848
0.0029375,4.41848
0.00303125,4.41848
0.003125,4.41848
0.00321875,4.41848
0.0033125,4.41848
0.00340625,4.41848
0.0035,4.41848
0.00359375,4.418479
0.0036875,4.418479
0.00378125,4.418479
0.003875,4.418479
0.00396875,4.418479
0.0040625,4.418479
0.00425,4.418479
0.0044375,4.418479
0.004625,4.418479
0.0048125,4.418479
0.005,4.418479
0.00515625,4.418479
0.0053125,4.418479
0.00546875,4.418479
0.005625,4.418479
0.00578125,4.418479
0.0059375,4.418479
0.00609375,4.418479
0.00625,4.418478
0.00640625,4.418478
0.0065625,4.418478
0.00671875,4.418478
0.006875,4.418478
0.0071875,4.418478
0.0075,4.418478
0.0078125,4.418478
0.008125,4.418478
0.0084375,4.418478
0.00875,4.418478
0.0090625,4.418478
0.009375,4.418478
0.0096875,4.418478
0.01,4.418478
0.0103125,4.418478
0.010625,4.418478
0.0109375,4.418477
0.01125,4.418477
0.0115625,4.418477
0.011875,4.418477
0.0121875,4.418477
0.0125,4.418477
0.0128125,4.418477
0.013125,4.418477
0.0134375,4.418477
0.01375,4.418477
0.014375,4.418477
0.015,4.418477
0.015625,4.418477
0.01625,4.418477
0.016875,4.418477
0.0175,4.418477
0.018125,4.418477
0.01875,4.418477
0.019375,4.418476
0.02,4.418476
0.0206625,4.418476
0.021325,4.418476
0.0219875,4.418476
0.02265,4.418476
0.0233125,4.418476
0.023975,4.418476
0.0246375,4.418476
0.0253,4.418476
0.02607188,4.417947
0.02684375,4.417433
0.02761563,4.416933
0.0283875,4.416448
0.02915938,4.415975
0.02993125,4.415515
0.03070313,4.415066
0.031475,4.414629
0.03224688,4.414202
0.03301875,4.413785
0.0345625,4.41298
0.03610625,4.412211
0.03765,4.411473
0.03919375,4.410765
0.0407375,4.410085
0.04228125,4.40943
0.043825,4.408798
0.04536875,4.408188
0.0469125,4.407599
0.04845625,4.407028
0.05,4.406476
0.0515625,4.405934
0.053125,4.405408
0.0546875,4.404897
0.05625,4.404401
0.0578125,4.403918
0.059375,4.403448
0.0609375,4.402991
0.0625,4.402545
0.0640625,4.40211
0.065625,4.401685
0.0671875,4.401271
0.06875,4.400866
0.071875,4.400083
0.075,4.399333
0.078125,4.398614
0.08125,4.397923
0.084375,4.397258
0.0875,4.396618
0.090625,4.396
0.09375,4.395402
0.096875,4.394825
0.1,4.394265
0.103125,4.393723
0.10625,4.393197
0.109375,4.392687
0.1125,4.392191
0.115625,4.391708
0.11875,4.391238
0.121875,4.390781
0.125,4.390335
0.128125,4.3899
0.13125,4.389475
0.134375,4.389061
0.1375,4.388656
0.14375,4.387873
0.15,4.387123
0.15625,4.386404
0.1625,4.385713
0.16875,4.385048
0.175,4.384407
0.18125,4.383789
0.1875,4.383192
0.19375,4.382614
0.2,4.382055
0.209375,4.381248
0.21875,4.380476
0.228125,4.379737
0.2375,4.379028
0.246875,4.378346
0.25625,4.377689
0.265625,4.377056
0.275,4.376445
0.284375,4.375855
0.29375,4.375283
0.303125,4.37473
0.3125,4.374193
0.321875,4.373673
0.33125,4.373167
0.340625,4.372675
0.35,4.372197
0.359375,4.371731
0.36875,4.371278
0.378125,4.370835
0.3875,4.370404
0.396875,4.369983
0.40625,4.369572
0.425,4.368777
0.44375,4.368016
0.4625,4.367287
0.5,4.365914
0.53125,4.364846
0.5625,4.363839
0.59375,4.362887
0.625,4.361983
0.6875,4.360304
0.75,4.358771
0.8125,4.357361
0.875,4.356056
0.9375,4.35484
1.0,4.353704
1.0625,4.352636
1.125,4.351629
1.1875,4.350676
1.25,4.349773
1.375,4.348094
1.5,4.346561
1.625,4.345151
1.75,4.343845
1.875,4.34263
2.0,4.341493
2.1875,4.339915
2.375,4.338466
2.5625,4.337127
2.75,4.335883
2.9375,4.334721
3.125,4.333631
3.3125,4.332605
3.5,4.331635
3.875,4.329842
4.25,4.328215
4.625,4.326725
5.0,4.325352
5.3125,4.324284
5.625,4.323277
5.9375,4.322325
6.25,4.321421
6.875,4.319742
7.5,4.318209
8.125,4.316799
8.75,4.315494
9.375,4.314278
10.0,4.313142
10.625,4.312074
11.25,4.311067
11.875,4.310114
12.5,4.309211
13.75,4.307532
15.0,4.305999
17.5,4.303286
20.0,4.300936
22.5,4.298862
25.0,4.297008
27.5,4.29533
30.0,4.293799
40.0,4.288736
50.0,4.284808
60.0,4.281599
80.0,4.276509
100.0,4.272562
125.0,4.268614
150.0,4.265389
200.0,4.260299
237.5,4.257277
275.0,4.254699
312.5,4.252452
350.0,4.250459
387.5,4.248669
425.0,4.247045
500.0,4.244187
562.5,4.242116
625.0,4.240263
750.0,4.237058
875.0,4.234347
1000.0,4.231999
1125.0,4.229922
1250.0,4.228064
1375.0,4.226384
1500.0,4.224849
1625.0,4.223438
1750.0,4.222131
2000.0,4.219777
2187.5,4.218196
2375.0,4.216746
2750.0,4.214161
3125.0,4.211907
3500.0,4.209909
3875.0,4.208114
4250.0,4.206485
5000.0,4.203619
5625.0,4.201543
6250.0,4.199685
6875.0,4.198004
7500.0,4.19647
8750.0,4.193752
10000.0,4.191397
10625.0,4.189986
11250.0,4.188655
11875.0,4.187396
12500.0,4.186202
13125.0,4.185066
13750.0,4.183983
15000.0,4.181957
16250.0,4.180094
17500.0,4.178368
18750.0,4.176762
20000.0,4.17526
21875.0,4.173173
23750.0,4.171259
25625.0,4.16949
27500.0,4.167846
29375.0,4.16631
31250.0,4.16487
35000.0,4.162231
38750.0,4.159862
42500.0,4.157711
46250.0,4.155742
50000.0,4.153927
56250.0,4.151185
62500.0,4.148732
68750.0,4.146513
75000.0,4.144488
81250.0,4.142624
87500.0,4.140899
100000.0,4.13779
106250.0,4.122146
112500.0,4.106502
118750.0,4.090858
125000.0,4.075214
131250.0,4.05957
137500.0,4.043926
143750.0,4.028282
150000.0,4.012639
156250.0,3.996995
162500.0,3.981351
168750.0,3.965707
175000.0,3.950063
187500.0,3.918775
200000.0,3.887487
212500.0,3.859399
225000.0,3.831312
237500.0,3.803224
250000.0,3.775136
262500.0,3.747048
275000.0,3.718961
287500.0,3.690873
300000.0,3.662785
312500.0,3.637385
325000.0,3.611985
337500.0,3.586585
350000.0,3.561185
375000.0,3.510384
400000.0,3.459584
425000.0,3.413384
450000.0,3.367184
475000.0,3.320983
500000.0,3.274783
518750.0,3.245583
537500.0,3.216383
575000.0,3.157983
612500.0,3.099582
650000.0,3.041182
687500.0,2.982782
725000.0,2.924382
762500.0,2.865981
800000.0,2.807581
850000.0,2.74458
898830.0,2.80348
900000.0,2.81758
907120.0,2.98398
917220.0,4.06378
920620.0,4.79088
922330.0,4.96978
925770.0,4.61258
930950.0,3.69668
944100.0,2.92848
950000.0,2.82898
975000.0,2.67028
1000000.0,2.60788
1050000.0,2.52808
1060000.0,2.51388
1070000.0,2.49948
1080000.0,2.48428
1090000.0,2.48028
1093900.0,2.78768
1094500.0,3.19398
1095000.0,3.90798
1095600.0,4.32918
1096100.0,3.70308
1096700.0,3.14038
1098400.0,2.67998
1100000.0,2.58148
1150000.0,2.42128
1200000.0,2.36728
1250000.0,2.31788
1300000.0,2.27168
1350000.0,2.22818
1400000.0,2.18738
1450000.0,2.14938
1500000.0,2.11488
1525000.0,2.10058
1550000.0,2.11068
1558600.0,2.27618
1560400.0,2.48768
1563300.0,3.34238
1565200.0,2.79388
1569000.0,2.22348
1600000.0,2.05648
1650000.0,2.02778
1700000.0,2.00638
1750000.0,1.99058
1800000.0,1.98148
1850000.0,1.98268
1875000.0,1.99188
1890000.0,2.00488
1910000.0,2.04778
1920000.0,2.09908
1930000.0,2.20728
1940500.0,2.47238
1943100.0,2.57508
1947000.0,2.73968
1949600.0,2.82628
1952300.0,2.85878
1955000.0,2.81098
1960000.0,2.56718
1965000.0,2.30108
1970000.0,2.10578
1975000.0,1.97178
1980000.0,1.87378
1985000.0,1.79388
1990000.0,1.72098
1995000.0,1.64818
2000000.0,1.57108
2005000.0,1.48688
2010000.0,1.39518
2015000.0,1.29788
2020000.0,1.20118
2025000.0,1.11618
2030000.0,1.05788
2033400.0,1.04088
2035000.0,1.04038
2037000.0,1.04678
2039000.0,1.06098
2040000.0,1.07088
2045000.0,1.14498
2050000.0,1.24908
2055000.0,1.36658
2100000.0,2.04768
2150000.0,2.30058
2200000.0,2.47268
2250000.0,2.64168
2300000.0,2.85848
2350000.0,3.27348
2375000.0,3.63178
2400000.0,4.01408
2410000.0,4.11058
2419000.0,4.14438
2420000.0,4.14468
2426500.0,4.13078
2428300.0,4.12218
2430200.0,4.11108
2435000.0,4.07438
2440000.0,4.02528
2445000.0,3.96778
2450000.0,3.90458
2475000.0,3.57758
2500000.0,3.32268
2525000.0,3.15568
2550000.0,3.05378
2575000.0,2.99638
2600000.0,2.97048
2625000.0,2.96908
2650000.0,2.98898
2675000.0,3.02788
2700000.0,3.02868
2705000.0,2.98708
2710000.0,2.90108
2715000.0,2.75128
2720000.0,2.54748
2725000.0,2.36178
2728000.0,2.29558
2730200.0,2.27318
2732400.0,2.27018
2734600.0,2.28208
2736800.0,2.30408
2740000.0,2.34608
2745000.0,2.41858
2750000.0,2.48668
2755000.0,2.54588
2760000.0,2.59648
2770000.0,2.67738
2780000.0,2.74188
2790000.0,2.80208
2795000.0,2.83568
2800000.0,2.87658
2810000.0,3.01988
2815000.0,3.17558
2821900.0,3.67798
2824200.0,3.97718
2825000.0,4.09618
2830000.0,4.70528
2831100.0,4.72078
2835000.0,4.40478
2840000.0,3.85148
2845000.0,3.51898
2850000.0,3.34078
2860000.0,3.18138
2870000.0,3.12008
2880000.0,3.09388
2890000.0,3.08788
2900000.0,3.13968
2905000.0,3.29528
2911000.0,4.05618
2913500.0,4.36908
2915900.0,4.27928
2918000.0,4.05888
2920000.0,3.86948
2925000.0,3.58458
2930000.0,3.45458
2935000.0,3.38818
2940000.0,3.35078
2945000.0,3.32828
2950000.0,3.31408
2960000.0,3.29878
2970000.0,3.29128
2980000.0,3.285981
3000000.0,3.248481
3050000.0,3.154681
3100000.0,2.928981
3150000.0,2.679681
3200000.0,2.458681
3250000.0,2.269681
3300000.0,2.101181
3350000.0,1.938781
3400000.0,1.761381
3410000.0,1.722081
3420000.0,1.682781
3430000.0,1.647481
3435000.0,1.634581
3440000.0,1.627981
3443200.0,1.628881
3446300.0,1.635081
3450000.0,1.650881
3455000.0,1.690181
3460000.0,1.750881
3464900.0,1.825181
3468000.0,1.873681
3470000.0,1.903281
3475000.0,1.964681
3480000.0,2.002281
3485000.0,2.016581
3490000.0,2.013281
3495000.0,1.998881
3500000.0,1.978481
3550000.0,1.778481
3600000.0,1.716881
3650000.0,1.833681
3700000.0,1.948381
3725000.0,1.932481
3750000.0,1.884681
3757000.0,1.868381
3760000.0,1.861181
3765000.0,1.848981
3770000.0,1.836581
3780000.0,1.811281
3790000.0,1.785781
3800000.0,1.760381
3825000.0,1.697881
3850000.0,1.637181
3875000.0,1.577781
3900000.0,1.518481
3910000.0,1.494581
3920000.0,1.470581
3930000.0,1.446781
3940000.0,1.424081
3954800.0,1.397681
3962400.0,1.393181
3970000.0,1.403181
3975000.0,1.423781
3980000.0,1.461981
3985000.0,1.524681
3990000.0,1.617581
3995000.0,1.739781
4000000.0,1.875882
4010000.0,2.077582
4016400.0,2.109082
4024200.0,2.074282
4027500.0,2.048582
4030000.0,2.027782
4035000.0,1.986182
4040000.0,1.947882
4045000.0,1.914882
4050000.0,1.887982
4056000.0,1.863882
4063600.0,1.846882
4067600.0,1.844282
4070000.0,1.844982
4080000.0,1.868682
4090000.0,1.934282
4100000.0,2.058282
4115000.0,2.384682
4125000.0,2.654182
4130000.0,2.763282
4140000.0,2.848682
4150000.0,2.755482
4160000.0,2.583682
4170000.0,2.419182
4180000.0,2.292482
4200000.0,2.152882
4214000.0,2.125882
4225000.0,2.136082
4231300.0,2.152482
4240000.0,2.185782
4250000.0,2.235782
4275000.0,2.371282
4280000.0,2.391282
4286600.0,2.409982
4295200.0,2.418682
4300000.0,2.415482
4325000.0,2.319482
4350000.0,2.162982
4375000.0,2.021282
4400000.0,1.917382
4450000.0,1.810682
4500000.0,1.796382
4550000.0,1.837282
4600000.0,1.900682
4625000.0,1.929782
4642700.0,1.946282
4650000.0,1.951782
4686600.0,1.965182
4690000.0,1.965082
4700000.0,1.963682
4725000.0,1.951082
4730000.0,1.946982
4750000.0,1.924582
4775000.0,1.874482
4791600.0,2.124982
4796600.0,2.268682
4806800.0,1.958982
4817500.0,1.902082
4820000.0,1.893682
4850000.0,1.822682
4900000.0,1.728182
4950000.0,1.636882
5000000.0,1.538983
5017800.0,1.502583
5025000.0,1.495183
5050000.0,2.473683
5050600.0,2.484483
5056200.0,2.260883
5060000.0,2.067683
5075000.0,1.728683
5100000.0,1.579883
5150000.0,1.473383
5200000.0,1.410383
5250000.0,1.360983
5300000.0,1.319283
5350000.0,1.282983
5360000.0,1.257983
5370000.0,1.274983
5380000.0,1.299983
5390000.0,1.354983
5400000.0,1.474983
5410000.0,1.749983
5420000.0,1.919983
5425000.0,1.937983
5430000.0,1.889983
5440000.0,1.619983
5450000.0,1.444983
5460000.0,1.429983
5470000.0,1.499983
5500000.0,1.714983
5550000.0,1.922983
5600000.0,2.089983
5624500.0,2.195383
5625000.0,2.197853
5650000.0,2.363324
5655100.0,2.401992
5655119.0,2.402155
5700000.0,2.787435
5750000.0,2.736225
5800000.0,2.185939
5840000.0,1.733711
5850000.0,1.722653
5860000.0,1.745596
5870000.0,1.782539
5880000.0,1.831482
5890000.0,1.881425
5900000.0,1.887367
5910000.0,1.85231
5920000.0,1.747253
5930000.0,1.651196
5940000.0,1.591139
5950000.0,1.545081
6000000.0,1.363796
6050000.0,1.060282
6100000.0,0.9557677
6130000.0,0.9270593
6150000.0,0.9462537
6200000.0,1.09174
6220000.0,1.095934
6250000.0,1.180226
6270000.0,1.218874
6300000.0,1.173846
6335000.0,1.12248
6350000.0,1.135466
6400000.0,1.301086
6425000.0,1.348396
6450000.0,1.273706
6500000.0,1.105326
6550000.0,1.042492
6585000.0,1.011908
6600000.0,1.023657
6650000.0,1.252823
6655000.0,1.256739
6700000.0,0.9899882
6720000.0,0.9666544
6745000.0,1.041237
6747200.0,1.044252
6749151.0,1.041407
6749200.0,1.041336
6750000.0,0.9911667
6775000.0,0.9601308
6800000.0,0.9040948
6825000.0,0.8230588
6850000.0,0.7690228
6875000.0,0.8109869
6900000.0,0.8629509
6925000.0,0.8489149
6950000.0,0.8478789
7000000.0,0.875807
7050000.0,0.9618007
7095000.0,1.201695
7100000.0,1.199794
7125000.0,1.078291
7150000.0,1.061788
7190000.0,0.9945829
7200000.0,0.9937816
7250000.0,1.006775
7260000.0,1.007614
7300000.0,1.053971
7320000.0,1.071649
7350000.0,0.984167
7360000.0,0.9720061
7400000.0,1.023363
7445000.0,1.163139
7450000.0,1.152559
7475000.0,0.9596566
7500000.0,0.8317545
7530000.0,0.8064522
7550000.0,0.8089173
7600000.0,0.85808
7636200.0,0.9363018
7636246.0,0.9364453
7650000.0,0.9793396
7700000.0,1.13723
7720000.0,1.164386
7750000.0,1.115121
7792100.0,0.9950477
7800000.0,0.9527364
7850000.0,0.8504368
7900000.0,0.7771372
7950000.0,0.7308376
8000000.0,0.753538
8050000.0,0.8859859
8075900.0,1.100628
8075950.0,1.100204
8090000.0,0.9811851
8100000.0,0.8894527
8134000.0,0.7935625
8134009.0,0.7936059
8140000.0,0.822523
8200000.0,0.9171284
8250000.0,1.043466
8290000.0,1.078723
8300000.0,1.075537
8350000.0,0.9416075
8375000.0,0.9136428
8400000.0,0.8806781
8425000.0,0.8627135
8450000.0,0.8597488
8500000.0,0.8758194
8519600.0,0.8869358
8519604.0,0.8869371
8550000.0,0.8970143
8590000.0,0.9051703
8600000.0,0.9022093
8650000.0,0.8574042
8700000.0,0.8775991
8750000.0,0.949794
8785000.0,1.030216
8790000.0,1.021848
8800000.0,1.019111
8830000.0,0.8939013
8850000.0,0.7974281
8871800.0,0.7058223
8875000.0,0.7105669
8900000.0,0.6885712
8950000.0,0.6545797
8979000.0,0.6872647
9000000.0,0.6305883
9100000.0,0.6332586
9151200.0,0.6370178
9200000.0,0.6629288
9250000.0,0.704764
9300000.0,0.7470237
9400000.0,0.794543
9500000.0,0.9820624
9550000.0,1.198643
9593800.0,1.206523
9600000.0,1.208223
9655000.0,1.058561
9700000.0,1.121382
9750000.0,1.209662
9775000.0,1.253897
9800000.0,1.236832
9900000.0,1.002571
9922000.0,0.9416338
10000000.0,0.8983106
10050000.0,0.8863949
10100000.0,0.9014793
10200000.0,1.015648
10250000.0,1.029732
10300000.0,0.9770186
10384000.0,0.9321394
10392000.0,0.8338652
10400000.0,0.831591
10450000.0,0.7998773
10500000.0,0.8101635
10502000.0,0.830112
10568000.0,0.8884113
10600000.0,0.9355867
10650000.0,0.9862983
10700000.0,0.8850099
10750000.0,0.8277214
10800000.0,0.7710603
10893000.0,0.8018304
10893380.0,0.8006854
10900000.0,0.7807378
10933000.0,0.8013014
11000000.0,0.9054152
11039000.0,0.9547645
11100000.0,0.9627468
11200000.0,0.9370783
11250000.0,0.9392441
11300000.0,0.9416619
11400000.0,0.9694976
11500000.0,0.9433334
11561000.0,0.9183098
11561470.0,0.9181867
11600000.0,0.9080961
11700000.0,0.8925484
11730000.0,0.878384
11730100.0,0.8783585
11750000.0,0.8732743
11754000.0,0.8722204
11800000.0,0.8566012
11850000.0,0.8509282
11860000.0,0.8557936
11900000.0,0.8602551
12000000.0,0.9089091
12100000.0,0.9578344
12200000.0,0.9257598
12250000.0,0.8997225
12300000.0,0.8744968
12400000.0,0.8300454
12500000.0,0.804594
12600000.0,0.8143059
12700000.0,0.8340177
12750000.0,0.8288737
12800000.0,0.8239068
12900000.0,0.8339732
13000000.0,0.8840396
13100000.0,0.9631896
13200000.0,1.01034
13250000.0,1.004915
13300000.0,0.9994007
13400000.0,0.9693729
13500000.0,0.9623451
13600000.0,0.9817264
13700000.0,0.9841077
13750000.0,0.9707984
13800000.0,0.9573466
13865000.0,0.9390592
13900000.0,0.940443
14000000.0,0.9585394
14030000.0,0.9685355
14250000.0,0.9985065
14500000.0,0.9797856
14606000.0,0.9621427
14750000.0,0.9343449
15000000.0,0.9317794
15024000.0,0.9401442
15250000.0,1.004579
15500000.0,0.9957285
15650000.0,0.9677425
15701000.0,0.9580873
15750000.0,0.9534186
16000000.0,0.9486853
16250000.0,1.003315
16500000.0,1.022945
16750000.0,1.022718
17000000.0,1.02049
17250000.0,1.018706
17500000.0,1.025921
17750000.0,1.05638
18000000.0,1.05284
18250000.0,1.04393
18500000.0,1.081021
18750000.0,1.086008
19000000.0,1.120996
19250000.0,1.132064
19500000.0,1.132132
19750000.0,1.151207
20000000.0,1.155282
