1e-05,9.971359
1.03125e-05,9.971359
1.0625e-05,9.971359
1.09375e-05,9.971358
1.125e-05,9.971358
1.15625e-05,9.971358
1.1875e-05,9.971358
1.21875e-05,9.971358
1.25e-05,9.971358
1.28125e-05,9.971357
1.3125e-05,9.971357
1.34375e-05,9.971357
1.375e-05,9.971357
1.4375e-05,9.971357
1.5e-05,9.971356
1.5625e-05,9.971356
1.625e-05,9.971356
1.6875e-05,9.971355
1.75e-05,9.971355
1.8125e-05,9.971355
1.875e-05,9.971354
1.9375e-05,9.971354
2e-05,9.971354
2.09375e-05,9.971353
2.1875e-05,9.971353
2.28125e-05,9.971352
2.375e-05,9.971352
2.46875e-05,9.971351
2.5625e-05,9.971351
2.65625e-05,9.97135
2.75e-05,9.97135
2.84375e-05,9.971349
2.9375e-05,9.971349
3.03125e-05,9.971348
3.125e-05,9.971348
3.21875e-05,9.971347
3.3125e-05,9.971347
3.40625e-05,9.971346
3.5e-05,9.971346
3.59375e-05,9.971345
3.6875e-05,9.971345
3.78125e-05,9.971344
3.875e-05,9.971344
3.96875e-05,9.971343
4.0625e-05,9.971343
4.25e-05,9.971342
4.4375e-05,9.971341
4.625e-05,9.97134
4.8125e-05,9.971339
5e-05,9.971338
5.15625e-05,9.971337
5.3125e-05,9.971336
5.46875e-05,9.971335
5.625e-05,9.971334
5.78125e-05,9.971334
5.9375e-05,9.971333
6.09375e-05,9.971332
6.25e-05,9.971331
6.40625e-05,9.97133
6.5625e-05,9.971329
6.71875e-05,9.971329
6.875e-05,9.971328
7.1875e-05,9.971326
7.5e-05,9.971324
7.8125e-05,9.971323
8.125e-05,9.971321
8.4375e-05,9.971319
8.75e-05,9.971318
9.0625e-05,9.971316
9.375e-05,9.971314
9.6875e-05,9.971313
0.0001,9.971311
0.000103125,9.97131
0.00010625,9.971308
0.000109375,9.971306
0.0001125,9.971305
0.000115625,9.971303
0.00011875,9.971301
0.000121875,9.9713
0.000125,9.971298
0.000128125,9.971296
0.00013125,9.971295
0.000134375,9.971293
0.0001375,9.971291
0.00014375,9.971288
0.00015,9.971285
0.00015625,9.971281
0.0001625,9.971278
0.00016875,9.971275
0.000175,9.971271
0.00018125,9.971268
0.0001875,9.971265
0.00019375,9.971262
0.0002,9.971258
0.000209375,9.971253
0.00021875,9.971248
0.000228125,9.971243
0.0002375,9.971238
0.000246875,9.971233
0.00025625,9.971228
0.000265625,9.971224
0.000275,9.971219
0.000284375,9.971214
0.00029375,9.971209
0.000303125,9.971204
0.0003125,9.971199
0.000321875,9.971194
0.00033125,9.971189
0.000340625,9.971184
0.00035,9.971179
0.000359375,9.971174
0.00036875,9.971169
0.000378125,9.971164
0.0003875,9.971159
0.000396875,9.971154
0.00040625,9.971149
0.000425,9.971139
0.00044375,9.971129
0.0004625,9.971119
0.00048125,9.97111
0.0005,9.9711
0.000515625,9.971091
0.00053125,9.971083
0.000546875,9.971075
0.0005625,9.971067
0.000578125,9.971058
0.00059375,9.97105
0.000609375,9.971042
0.000625,9.971034
0.000640625,9.971025
0.00065625,9.971017
0.000671875,9.971009
0.0006875,9.971001
0.00071875,9.970984
0.00075,9.970968
0.00078125,9.970951
0.0008125,9.970935
0.00084375,9.970918
0.000875,9.970902
0.00090625,9.970885
0.0009375,9.970869
0.00096875,9.970852
0.001,9.970835
0.00103125,9.970819
0.0010625,9.970802
0.00109375,9.970786
0.001125,9.970769
0.00115625,9.970753
0.0011875,9.970736
0.00121875,9.97072
0.00125,9.970703
0.00128125,9.970687
0.0013125,9.97067
0.00134375,9.970654
0.001375,9.970637
0.0014375,9.970604
0.0015,9.970571
0.0015625,9.970538
0.001625,9.970505
0.0016875,9.970472
0.00175,9.970439
0.0018125,9.970407
0.001875,9.970374
0.0019375,9.970341
0.002,9.970308
0.00209375,9.970258
0.0021875,9.970209
0.00228125,9.970159
0.002375,9.97011
0.00246875,9.97006
0.0025625,9.970011
0.00265625,9.969961
0.00275,9.969912
0.00284375,9.969862
0.0029375,9.969813
0.00303125,9.969763
0.003125,9.969714
0.00321875,9.969664
0.0033125,9.969615
0.00340625,9.969566
0.0035,9.969516
0.00359375,9.969467
0.0036875,9.969417
0.00378125,9.969368
0.003875,9.969318
0.00396875,9.969269
0.0040625,9.969219
0.00425,9.96912
0.0044375,9.969022
0.004625,9.968923
0.0048125,9.968824
0.005,9.968725
0.00515625,9.968643
0.0053125,9.96856
0.00546875,9.968478
0.005625,9.968396
0.00578125,9.968313
0.0059375,9.968231
0.00609375,9.968148
0.00625,9.968066
0.00640625,9.967984
0.0065625,9.967901
0.00671875,9.967819
0.006875,9.967737
0.0071875,9.967572
0.0075,9.967407
0.0078125,9.967243
0.008125,9.967078
0.0084375,9.966914
0.00875,9.966749
0.0090625,9.966585
0.009375,9.96642
0.0096875,9.966255
0.01,9.966091
0.0103125,9.965926
0.010625,9.965762
0.0109375,9.965597
0.01125,9.965433
0.0115625,9.965269
0.011875,9.965104
0.0121875,9.96494
0.0125,9.964775
0.0128125,9.964611
0.013125,9.964447
0.0134375,9.964282
0.01375,9.964118
0.014375,9.963789
0.015,9.963461
0.015625,9.963132
0.01625,9.962804
0.016875,9.962475
0.0175,9.962147
0.018125,9.961819
0.01875,9.96149
0.019375,9.961162
0.02,9.960834
0.0206625,9.960486
0.021325,9.960139
0.0219875,9.959791
0.02265,9.959444
0.0233125,9.959096
0.023975,9.958749
0.0246375,9.958401
0.0253,9.958054
0.02607188,9.95765
0.02684375,9.957245
0.02761563,9.956841
0.0283875,9.956436
0.02915938,9.956032
0.02993125,9.955628
0.03070313,9.955224
0.031475,9.95482
0.03224688,9.954416
0.03301875,9.954013
0.0345625,9.953205
0.03610625,9.952398
0.03765,9.951592
0.03919375,9.950785
0.0407375,9.949979
0.04228125,9.949174
0.043825,9.948369
0.04536875,9.947564
0.0469125,9.946759
0.04845625,9.945955
0.05,9.945151
0.0515625,9.944338
0.053125,9.943525
0.0546875,9.942712
0.05625,9.9419
0.0578125,9.941088
0.059375,9.940276
0.0609375,9.939465
0.0625,9.938654
0.0640625,9.937844
0.065625,9.937034
0.0671875,9.936224
0.06875,9.935414
0.071875,9.933796
0.075,9.93218
0.078125,9.930564
0.08125,9.92895
0.084375,9.927338
0.0875,9.925727
0.090625,9.924117
0.09375,9.922508
0.096875,9.920901
0.1,9.919295
0.103125,9.917691
0.10625,9.916088
0.109375,9.914486
0.1125,9.912885
0.115625,9.911286
0.11875,9.909688
0.121875,9.908092
0.125,9.906497
0.128125,9.904903
0.13125,9.90331
0.134375,9.901719
0.1375,9.900129
0.14375,9.896954
0.15,9.893783
0.15625,9.890618
0.1625,9.887458
0.16875,9.884303
0.175,9.881153
0.18125,9.878009
0.1875,9.87487
0.19375,9.871735
0.2,9.868606
0.2046875,9.866263
0.209375,9.863922
0.21875,9.859249
0.228125,9.854588
0.2375,9.849938
0.246875,9.845299
0.25625,9.840672
0.265625,9.836055
0.275,9.83145
0.284375,9.826856
0.29375,9.822273
0.303125,9.8177
0.3125,9.813139
0.321875,9.808588
0.33125,9.804048
0.340625,9.799519
0.35,9.795001
0.359375,9.790493
0.36875,9.785996
0.378125,9.781509
0.3875,9.777033
0.396875,9.772567
0.40625,9.768112
0.415625,9.763667
0.425,9.759232
0.434375,9.754808
0.44375,9.750394
0.4625,9.741595
0.48125,9.732837
0.5,9.724119
0.53125,9.709677
0.5625,9.695342
0.59375,9.681114
0.625,9.66699
0.65625,9.652969
0.6875,9.63905
0.71875,9.625231
0.75,9.611511
0.78125,9.597887
0.8125,9.584359
0.84375,9.570925
0.875,9.557584
0.9375,9.531174
1.0,9.505119
1.0625,9.479407
1.125,9.45403
1.1875,9.428977
1.25,9.404238
1.3125,9.379805
1.375,9.355669
1.4375,9.33182
1.5,9.308251
1.5625,9.284953
1.625,9.261919
1.6875,9.239141
1.75,9.216611
1.875,9.172268
2.0,9.128834
2.09375,9.096825
2.1875,9.065276
2.28125,9.034167
2.375,9.00348
2.46875,8.973195
2.5625,8.943294
2.65625,8.913759
2.75,8.884575
2.9375,8.827189
3.125,8.771012
3.3125,8.715926
3.5,8.661821
3.6875,8.608592
3.875,8.556138
4.0625,8.504364
4.25,8.453178
4.4375,8.402491
4.625,8.352217
4.8125,8.302272
5.0,8.252574
5.3125,8.17007
5.625,8.087653
5.9375,8.004949
6.25,7.921579
6.5625,7.837154
6.875,7.751263
7.1875,7.663473
7.5,7.573315
7.8125,7.48028
8.125,7.383804
8.4375,7.283259
8.75,7.177934
8.90625,7.12323
9.0625,7.067018
9.21875,7.009177
9.375,6.949575
9.53125,6.888073
9.6875,6.824517
9.84375,6.758739
10.0,6.690559
10.18309,6.607342
10.36618,6.520201
10.54927,6.42874
10.73235,6.332525
10.91544,6.231047
11.09853,6.123752
11.28162,6.010002
11.37316,5.950488
11.4647,5.889081
11.55625,5.825669
11.64779,5.760149
11.73934,5.692386
11.83088,5.622263
11.92243,5.549622
12.01397,5.474328
12.10551,5.396209
12.19705,5.315088
12.2886,5.230765
12.38014,5.143054
12.47169,5.051712
12.56323,4.956518
12.65478,4.857191
12.74632,4.753471
12.83786,4.64504
12.9294,4.531566
13.02095,4.412677
13.11249,4.288009
13.20404,4.157111
13.29558,4.019556
13.38713,3.874822
13.47867,3.722412
13.52444,3.643147
13.57021,3.561745
13.61598,3.478131
13.66175,3.392225
13.70753,3.303931
13.7533,3.213207
13.79907,3.119954
13.84484,3.02409
13.89062,2.925516
13.93639,2.824197
13.98216,2.720038
14.02793,2.612971
14.07371,2.502912
14.11948,2.389858
14.16525,2.273749
14.21102,2.154568
14.25679,2.032324
14.30256,1.907056
14.34833,1.778844
14.3941,1.647824
14.43988,1.51417
14.48565,1.378234
14.53142,1.240393
14.57719,1.101205
14.62297,0.9613843
14.66874,0.8219886
14.69163,0.7528206
14.71451,0.6843065
14.7374,0.6166184
14.76028,0.5500819
14.78317,0.4849454
14.80606,0.4215906
14.82895,0.360423
14.84039,0.3308154
14.85183,0.3019344
14.86328,0.273825
14.87472,0.2466112
14.88616,0.2203481
14.8976,0.1951218
14.90905,0.1710044
14.91477,0.159411
14.92049,0.1481378
14.92621,0.1371985
14.93193,0.1266073
14.93765,0.1163789
14.94337,0.1065285
14.9491,0.09705576
14.95482,0.08801012
14.96054,0.07939176
14.96626,0.07121837
14.97198,0.06350832
14.97484,0.05983298
14.9777,0.05628068
14.98056,0.05285393
14.98342,0.04955527
14.98628,0.0463873
14.98914,0.04335266
14.99201,0.04044417
14.99487,0.03768484
14.99773,0.03506711
15.00059,0.03259384
15.00345,0.03026793
15.00631,0.02809237
15.00917,0.02607017
15.01203,0.02420444
15.01489,0.0224983
15.01775,0.02095499
15.02061,0.01957777
15.02347,0.01836997
15.02633,0.01733502
15.02919,0.01647636
15.03205,0.01579756
15.03491,0.01530221
15.03778,0.01499327
15.04064,0.01487664
15.0435,0.01495476
15.04636,0.01523154
15.04922,0.01571097
15.05208,0.01639711
15.05494,0.01729413
15.0578,0.01840624
15.06066,0.01973778
15.06352,0.02129316
15.06638,0.02307688
15.06924,0.02509352
15.0721,0.02734778
15.07496,0.02984443
15.07782,0.03258837
15.08068,0.03558457
15.08355,0.03884995
15.08641,0.04236696
15.08927,0.04615182
15.09213,0.05020996
15.09499,0.05454688
15.09785,0.05916823
15.10071,0.06407976
15.10357,0.06928736
15.10643,0.07479703
15.10929,0.0806149
15.11215,0.08674723
15.11501,0.09320041
15.11787,0.09998097
15.12073,0.1070956
15.12359,0.1145511
15.12645,0.1223544
15.12932,0.1305418
15.13218,0.1390635
15.13504,0.1479549
15.1379,0.1572236
15.14076,0.1668772
15.14362,0.1769237
15.14648,0.1873712
15.14934,0.198228
15.15221,0.2095427
15.15507,0.2212451
15.16079,0.2459646
15.16651,0.2724983
15.17223,0.3009226
15.17796,0.3313722
15.18368,0.3638244
15.1894,0.3984182
15.19512,0.4352449
15.20084,0.4744002
15.20656,0.5159844
15.21228,0.5601023
15.218,0.6068641
15.22373,0.6564739
15.22945,0.7088797
15.23517,0.7642922
15.24089,0.8228444
15.24661,0.8846757
15.25233,0.9499326
15.25805,1.018769
15.26377,1.091346
15.2695,1.16797
15.27522,1.248554
15.28094,1.333414
15.28666,1.422748
15.29238,1.516764
15.2981,1.61568
15.30382,1.719727
15.30954,1.829147
15.31527,1.944402
15.32099,2.065361
15.32671,2.192502
15.33243,2.326128
15.33816,2.466807
15.34388,2.614383
15.3496,2.76945
15.35532,2.932382
15.36105,3.103883
15.36677,3.283773
15.37249,3.47279
15.37821,3.671403
15.38393,3.880112
15.38965,4.099446
15.39537,4.329967
15.40109,4.572272
15.40682,4.82745
15.41254,5.095288
15.41826,5.376936
15.42398,5.673157
15.4297,5.984767
15.43542,6.312631
15.44114,6.657675
15.44686,7.020886
15.45259,7.404006
15.45831,7.806826
15.46403,8.231204
15.46975,8.678433
15.47547,9.149896
15.48119,9.647077
15.48691,10.17157
15.49263,10.72509
15.49836,11.31051
15.50408,11.92779
15.5098,12.58005
15.51552,13.26958
15.52125,14.00018
15.52697,14.77199
15.53269,15.58913
15.53841,16.45476
15.54414,17.37391
15.54986,18.34708
15.55558,19.37983
15.5613,20.47652
15.56702,21.64189
15.57274,22.88112
15.57846,24.19985
15.58418,25.60427
15.58991,27.10381
15.59563,28.70068
15.60135,30.40554
15.60707,32.22734
15.61279,34.17592
15.61851,36.26216
15.62423,38.49806
15.62995,40.89692
15.63568,43.47816
15.6414,46.24917
15.64712,49.23255
15.65284,52.44865
15.65856,55.92024
15.66428,59.67282
15.67,63.73504
15.67572,68.13914
15.68145,72.93024
15.68717,78.13286
15.69289,83.80177
15.69861,89.99013
15.70433,96.75864
15.71005,104.1767
15.71577,112.3242
15.72149,121.2928
15.72722,131.207
15.73008,136.5414
15.73294,142.1555
15.7358,148.0677
15.73866,154.2983
15.74152,160.8688
15.74438,167.803
15.74724,175.1263
15.7501,182.8665
15.75296,191.0536
15.75582,199.7206
15.75868,208.903
15.76154,218.6397
15.7644,228.9732
15.76726,239.95
15.77013,251.6628
15.77299,264.0857
15.77585,277.3192
15.77871,291.4301
15.78157,306.492
15.78443,322.5857
15.78729,339.8
15.79015,358.2331
15.79301,377.9932
15.79587,399.1998
15.79873,421.9849
15.80159,446.4947
15.80445,472.8908
15.80731,501.3526
15.81017,532.0784
15.81303,565.2881
15.8159,601.3561
15.81876,640.3017
15.82162,682.5441
15.82448,728.4133
15.82734,778.2725
15.8302,832.5215
15.83306,891.5972
15.83592,955.9756
15.83878,1026.171
15.84164,1102.732
15.8445,1186.24
15.84736,1277.296
15.85022,1376.505
15.85308,1484.456
15.85594,1601.685
15.8588,1728.631
15.86138,1851.717
15.86395,1982.45
15.86653,2121.664
15.8691,2267.806
15.87168,2421.172
15.87425,2579.284
15.8794,2904.319
15.88198,3065.832
15.88455,3221.251
15.88713,3367.7
15.8897,3499.681
15.89228,3613.808
15.89485,3705.109
15.89743,3770.851
15.9,3808.093
15.90259,3815.896
15.90517,3794.168
15.90775,3744.493
15.91033,3669.517
15.91291,3572.739
15.91549,3458.169
15.91807,3329.994
15.92065,3192.28
15.92582,2902.109
15.93098,2612.605
15.93356,2472.997
15.93614,2338.561
15.93872,2210.101
15.9413,2088.107
15.94329,1998.586
15.94527,1913.507
15.94725,1832.386
15.94923,1755.158
15.95122,1681.366
15.9532,1611.632
15.95518,1545.441
15.95716,1482.646
15.95915,1422.804
15.96113,1366.361
15.96311,1312.852
15.96509,1262.125
15.96707,1214.031
15.96905,1168.425
15.97103,1125.168
15.97301,1084.127
15.975,1044.983
15.97698,1008.008
15.97896,972.8859
15.98094,939.5095
15.98293,907.6203
15.98491,877.4429
15.98887,821.3753
15.99284,770.3639
15.9968,724.0871
16.00076,681.9034
16.00472,643.3677
16.00869,608.004
16.01265,575.6466
16.01662,545.8287
16.02058,518.4345
16.02455,493.0899
16.02851,469.7153
16.03247,448.0614
16.03643,427.9658
16.0404,409.2388
16.04436,391.8461
16.04833,375.5849
16.05229,360.4346
16.05626,346.2267
16.06022,332.9503
16.06418,320.4949
16.06814,308.7939
16.07211,297.7604
16.07607,287.3957
16.08004,277.5982
16.084,268.3727
16.08797,259.6319
16.09193,251.383
16.09589,243.57
16.09985,236.1623
16.10382,229.1146
16.10778,222.4368
16.11571,210.0294
16.12364,198.7739
16.13156,188.5417
16.13949,179.1873
16.14742,170.6214
16.15535,162.7559
16.16327,155.5234
16.1712,148.8396
16.17912,142.6641
16.18705,136.931
16.19497,131.6111
16.2029,126.652
16.21083,122.0266
16.21876,117.7047
16.22668,113.6642
16.23461,109.8712
16.24254,106.3094
16.25047,102.9597
16.25839,99.80893
16.26632,96.8336
16.27425,94.02392
16.28218,91.36731
16.2901,88.85547
16.29803,86.47173
16.30596,84.20997
16.31389,82.06163
16.32181,80.02142
16.32974,78.07706
16.33767,76.22466
16.35352,72.77439
16.36938,69.62395
16.38523,66.74146
16.40109,64.09271
16.41694,61.65479
16.43279,59.4034
16.44864,57.31898
16.4645,55.38335
16.48035,53.58412
16.49621,51.90599
16.51206,50.33963
16.52792,48.87295
16.54377,47.49886
16.55963,46.20765
16.57548,44.99389
16.59134,43.84969
16.60719,42.77084
16.62305,41.75087
16.6389,40.78648
16.65476,39.87232
16.67061,39.00577
16.68646,38.18286
16.70231,37.40051
16.71817,36.65544
16.73402,35.94602
16.74988,35.26903
16.76573,34.62316
16.79744,33.41544
16.82915,32.30893
16.86086,31.29185
16.89257,30.3541
16.92428,29.48703
16.95598,28.68342
16.98769,27.9363
17.0194,27.24028
17.05111,26.59045
17.08282,25.98247
17.11453,25.41252
17.14624,24.87725
17.17795,24.37365
17.20965,23.8992
17.24136,23.45122
17.27307,23.02775
17.30478,22.62686
17.33649,22.24684
17.3682,21.88612
17.39991,21.54331
17.43162,21.21712
17.46332,20.90649
17.49503,20.61018
17.52674,20.32732
17.55845,20.05703
17.59016,19.7985
17.62187,19.55099
17.65358,19.31382
17.71699,18.86814
17.78041,18.45685
17.84382,18.07628
17.90724,17.72304
17.97065,17.39442
18.03407,17.08786
18.09749,16.80127
18.16091,16.53277
18.22432,16.28075
18.28774,16.04367
18.35116,15.82029
18.41458,15.60945
18.47799,15.41015
18.54141,15.22142
18.60483,15.04247
18.66825,14.87255
18.73166,14.71102
18.79508,14.55723
18.8585,14.41065
18.92192,14.27078
18.98533,14.1372
19.04875,14.00944
19.11217,13.88716
19.17559,13.76999
19.239,13.65765
19.30242,13.5498
19.36584,13.44619
19.49267,13.25074
19.61951,13.0695
19.74634,12.90098
19.87317,12.74384
20.0,12.59696
20.11431,12.47253
20.22861,12.355
20.34292,12.24377
20.45722,12.13835
20.57153,12.03827
20.68583,11.94313
20.80014,11.85256
20.91444,11.76623
21.02875,11.68383
21.14305,11.6051
21.25736,11.52978
21.37166,11.45765
21.48597,11.3885
21.60027,11.32214
21.71457,11.25839
21.82887,11.19711
21.94318,11.13812
22.05748,11.08132
22.17179,11.02656
22.28609,10.97373
22.5147,10.87346
22.74331,10.77972
22.97192,10.69186
23.20053,10.60929
23.42914,10.53152
23.65774,10.4581
23.88635,10.38864
24.11496,10.32278
24.34357,10.26023
24.57218,10.20072
24.80079,10.14399
25.0294,10.08984
25.25801,10.03805
25.48661,9.988462
25.71522,9.940903
25.94383,9.895232
26.17244,9.851315
26.40105,9.809032
26.62966,9.76827
26.85827,9.728931
27.08688,9.690919
27.31548,9.654152
27.54409,9.618548
27.7727,9.584035
28.22992,9.518018
28.68714,9.455619
29.14435,9.396422
29.60157,9.340059
30.05879,9.286213
30.51601,9.234598
30.97322,9.184964
31.43044,9.137082
31.88766,9.090747
32.34488,9.04577
32.80209,9.00198
33.25931,8.959214
33.71652,8.917321
34.17374,8.876155
34.63095,8.835579
35.08817,8.795455
35.54539,8.75565
36.00261,8.716029
36.45982,8.676456
36.91704,8.636786
37.37426,8.596871
37.83148,8.55655
38.28869,8.515653
38.74591,8.473985
39.20313,8.431335
39.66035,8.387459
40.11756,8.342079
40.34617,8.318724
40.57478,8.294866
40.80339,8.270454
41.032,8.245433
41.26061,8.219741
41.48922,8.193312
41.71783,8.16607
41.94643,8.137933
42.17504,8.108806
42.40365,8.078584
42.63226,8.047149
42.86087,8.014368
43.08948,7.980086
43.31809,7.944129
43.5467,7.906295
43.7753,7.866353
44.00391,7.824026
44.11822,7.80187
44.23252,7.778997
44.34683,7.755352
44.46113,7.730888
44.57544,7.70554
44.68974,7.67925
44.80405,7.651943
44.91835,7.623545
45.03266,7.593967
45.14696,7.563119
45.26127,7.530892
45.37557,7.497174
45.48987,7.461833
45.60417,7.424724
45.71848,7.385681
45.83278,7.344527
45.94709,7.301048
46.06139,7.255017
46.1757,7.206157
46.29,7.154172
46.40431,7.098698
46.46146,7.069534
46.51861,7.039341
46.57577,7.008053
46.63292,6.975616
46.69007,6.941952
46.74722,6.906983
46.80438,6.870619
46.86153,6.832781
46.91868,6.793362
46.97583,6.752255
47.03299,6.709331
47.09014,6.664476
47.14729,6.617538
47.20444,6.568359
47.26159,6.516766
47.31874,6.462566
47.37589,6.405545
47.43304,6.345466
47.4902,6.282054
47.54735,6.215034
47.6045,6.144066
47.66165,6.068776
47.71881,5.988731
47.77596,5.903481
47.80454,5.858727
47.83311,5.812475
47.86169,5.764615
47.89026,5.715095
47.91884,5.663789
47.94742,5.610616
47.976,5.555472
48.00457,5.498264
48.03315,5.438831
48.06172,5.377085
48.0903,5.312841
48.11887,5.245992
48.14745,5.176327
48.17602,5.103719
48.2046,5.027923
48.23317,4.948786
48.26175,4.866025
48.29032,4.779452
48.3189,4.688741
48.34747,4.593664
48.37605,4.493839
48.40463,4.388953
48.43321,4.278631
48.46178,4.162507
48.49036,4.040053
48.51893,3.910872
48.53322,3.843557
48.54751,3.774349
48.5618,3.703175
48.57608,3.630013
48.59037,3.554683
48.60466,3.477156
48.61895,3.397348
48.63324,3.315177
48.64753,3.230554
48.66182,3.143394
48.67611,3.053607
48.69039,2.96117
48.70468,2.865867
48.71897,2.767675
48.73326,2.666515
48.74754,2.562383
48.76183,2.455069
48.77612,2.344589
48.79041,2.230908
48.80469,2.114093
48.81898,1.993997
48.83327,1.870756
48.84756,1.74448
48.86185,1.615343
48.87614,1.483613
48.89043,1.349671
48.90472,1.21405
48.919,1.077579
48.92615,1.009191
48.93329,0.9410576
48.94044,0.8731677
48.94758,0.8059168
48.95473,0.7393557
48.96187,0.6739463
48.96901,0.6099137
48.97615,0.5476266
48.9833,0.4874292
48.99044,0.4299846
48.99402,0.4023622
48.99759,0.3757068
49.00116,0.3500261
49.00473,0.3254131
49.00831,0.3019038
49.01188,0.2797378
49.01545,0.2589643
49.01902,0.2397091
49.02259,0.222108
49.02438,0.213951
49.02616,0.2063078
49.02795,0.1991129
49.02973,0.1924674
49.03152,0.1863188
49.0333,0.1807585
49.03509,0.1757476
49.03688,0.171344
49.03867,0.1675734
49.04045,0.1644783
49.04224,0.1620518
49.04402,0.1603499
49.04581,0.1593838
49.04759,0.1591955
49.04938,0.1598158
49.05117,0.1612823
49.05296,0.1636309
49.05474,0.166878
49.05653,0.171099
49.05831,0.1762867
49.0601,0.1825417
49.06188,0.1898377
49.06367,0.1983026
49.06546,0.2079466
49.06725,0.2188199
49.06903,0.2309035
49.07082,0.2443876
49.0726,0.259178
49.07439,0.2755004
49.07617,0.2932342
49.07796,0.3126436
49.07974,0.333579
49.08153,0.3563468
49.08331,0.3807662
49.0851,0.4071893
49.08688,0.4354016
49.08867,0.4658052
49.09045,0.4981487
49.09224,0.5328889
49.09403,0.5699483
49.09582,0.6094297
49.0976,0.651199
49.09939,0.6958382
49.10117,0.7429655
49.10296,0.7932342
49.10474,0.8462117
49.10653,0.9026294
49.10832,0.9623421
49.11011,1.025501
49.11189,1.091881
49.11368,1.162394
49.11546,1.236426
49.11725,1.314992
49.11903,1.397405
49.12082,1.484795
49.12261,1.576926
49.1244,1.674024
49.12618,1.775741
49.12797,1.88347
49.12975,1.996268
49.13154,2.115682
49.13332,2.240667
49.13511,2.372939
49.13689,2.511343
49.13868,2.657779
49.14046,2.810973
49.14225,2.973033
49.14403,3.142551
49.14582,3.321865
49.1476,3.509423
49.14939,3.707817
49.15118,3.916535
49.15297,4.13612
49.15475,4.36583
49.15654,4.608854
49.15832,4.863122
49.16011,5.13218
49.16189,5.413746
49.16368,5.711762
49.16547,6.025517
49.16726,6.355895
49.16904,6.701842
49.17083,7.068244
49.17261,7.452061
49.1744,7.858741
49.17618,8.284938
49.17797,8.736733
49.17976,9.213178
49.18155,9.715753
49.18333,10.243
49.18512,10.80252
49.1869,11.38986
49.18869,12.01354
49.19047,12.66865
49.19226,13.36477
49.19404,14.09648
49.19583,14.87455
49.19761,15.69301
49.1994,16.56399
49.20118,17.48091
49.20297,18.45747
49.20475,19.48639
49.20654,20.58317
49.20833,21.74645
49.21012,22.98083
49.2119,24.28371
49.21369,25.67504
49.21547,27.14496
49.21726,28.71616
49.21904,30.37769
49.22083,32.15542
49.22262,34.04808
49.22441,36.06408
49.22619,38.2001
49.22798,40.48988
49.22976,42.91824
49.23155,45.52376
49.23333,48.28941
49.23512,51.25933
49.23691,54.43259
49.2387,57.8243
49.24048,61.42968
49.24227,65.3064
49.24405,69.42927
49.24584,73.86393
49.24762,78.58107
49.24941,83.65503
49.25119,89.05119
49.25298,94.85312
49.25476,101.0192
49.25655,107.6422
49.25833,114.6712
49.26012,122.2076
49.2619,130.1877
49.26429,141.6956
49.26667,154.0883
49.26905,167.4275
49.27143,181.7049
49.27381,196.8801
49.27619,212.8713
49.27857,229.5467
49.28095,246.7156
49.28334,264.1963
49.28572,281.5208
49.2881,298.3808
49.29048,314.3484
49.29286,328.9716
49.29524,341.8049
49.29762,352.4445
49.3,360.5645
49.30239,365.9627
49.30477,368.5014
49.30715,368.248
49.30953,365.3622
49.31191,360.1022
49.31429,352.7957
49.31667,343.8074
49.31905,333.5108
49.32382,310.3401
49.32858,285.8052
49.33096,273.5721
49.33334,261.5733
49.33572,249.9189
49.3381,238.6867
49.34069,227.0031
49.34328,215.9183
49.34587,205.4481
49.34845,195.6281
49.35104,186.3692
49.35362,177.7221
49.35621,169.5933
49.35879,162.0163
49.36138,154.9017
49.36396,148.2732
49.36655,142.0487
49.36913,136.2467
49.37172,130.7937
49.3743,125.7052
49.37689,120.9164
49.37947,116.441
49.38206,112.2224
49.38465,108.2582
49.38724,104.5296
49.38982,101.0325
49.39241,97.72391
49.39499,94.61487
49.39758,91.66782
49.40016,88.89323
49.40275,86.25824
49.40533,83.7728
49.40792,81.40805
49.4105,79.17343
49.41309,77.0435
49.41567,75.02724
49.41826,73.10211
49.42084,71.27663
49.42343,69.53075
49.42602,67.86628
49.43119,64.76746
49.43636,61.93744
49.44153,59.3454
49.4467,56.9648
49.45187,54.77264
49.45704,52.74898
49.46221,50.87643
49.46739,49.13654
49.47256,47.52268
49.47773,46.01964
49.4829,44.61709
49.48807,43.30585
49.49324,42.07782
49.49841,40.92574
49.50358,39.84319
49.50876,38.82246
49.51393,37.86233
49.5191,36.9561
49.52427,36.0996
49.52944,35.28904
49.53461,34.52099
49.53978,33.79235
49.54495,33.10031
49.55013,32.44106
49.5553,31.8148
49.56047,31.2181
49.56564,30.64899
49.57081,30.10568
49.57598,29.58654
49.58632,28.61481
49.59667,27.72225
49.60701,26.90144
49.61735,26.14363
49.62769,25.44208
49.63803,24.79094
49.64837,24.18515
49.65871,23.62025
49.66905,23.09237
49.6794,22.59763
49.68974,22.13394
49.70008,21.69815
49.71042,21.28788
49.72077,20.90063
49.73111,20.53527
49.74145,20.18969
49.75179,19.86239
49.76214,19.55167
49.77248,19.2569
49.78282,18.97664
49.79316,18.70986
49.80351,18.4554
49.81385,18.21289
49.82419,17.98131
49.83453,17.75996
49.84488,17.54797
49.85522,17.34516
49.8759,16.9643
49.89659,16.61311
49.91727,16.28861
49.93796,15.98762
49.95864,15.70796
49.97932,15.44735
50.0,15.20392
50.02474,14.93301
50.04947,14.68205
50.07421,14.44874
50.09894,14.23146
50.12368,14.02848
50.14841,13.83857
50.17315,13.66038
50.19788,13.49299
50.22262,13.33533
50.24735,13.18668
50.27209,13.0462
50.29682,12.91332
50.32156,12.78735
50.34629,12.66785
50.37103,12.55425
50.39576,12.4462
50.4205,12.34323
50.44523,12.24505
50.46997,12.15127
50.4947,12.06166
50.51944,11.97589
50.54417,11.89377
50.56891,11.81501
50.59364,11.73947
50.61838,11.66689
50.64311,11.59715
50.69258,11.46545
50.74205,11.34322
50.79152,11.22944
50.84099,11.12325
50.89046,11.0239
50.93993,10.93074
50.9894,10.84318
51.03887,10.76072
51.08834,10.68293
51.13781,10.60938
51.18728,10.53975
51.23675,10.4737
51.28622,10.41096
51.33569,10.35128
51.38516,10.29442
51.43463,10.24017
51.4841,10.18836
51.53357,10.13881
51.58304,10.09137
51.63251,10.0459
51.68198,10.00226
51.73145,9.960343
51.78092,9.920041
51.83039,9.881252
51.87986,9.843886
51.9788,9.773091
52.07774,9.707057
52.17668,9.645271
52.27562,9.587288
52.37456,9.532725
52.4735,9.481246
52.57244,9.432557
52.67138,9.386402
52.77032,9.342551
52.86926,9.300803
52.9682,9.260979
53.06714,9.222917
53.16608,9.186474
53.26502,9.151522
53.36396,9.117943
53.4629,9.085634
53.56184,9.054497
53.66078,9.024448
53.75972,8.995407
53.85866,8.967302
53.9576,8.940068
54.15548,8.887975
54.35336,8.838699
54.55124,8.791878
54.74912,8.747198
54.947,8.704388
55.14488,8.663212
55.34276,8.623463
55.54064,8.584954
55.73852,8.547521
55.9364,8.511015
56.13428,8.475299
56.33215,8.44025
56.53003,8.405748
56.72791,8.371684
56.92579,8.337952
57.12367,8.304451
57.32155,8.27108
57.51943,8.237739
57.71731,8.204326
57.91519,8.170734
58.11307,8.136851
58.31095,8.102559
58.50883,8.067724
58.70671,8.0322
58.90459,7.995821
59.10247,7.958391
59.30035,7.919683
59.39929,7.899766
59.49823,7.879422
59.59717,7.858607
59.69611,7.837272
59.79505,7.81536
59.89399,7.79281
59.99293,7.769551
60.09187,7.745501
60.19081,7.720568
60.28975,7.694643
60.38869,7.667603
60.48763,7.6393
60.58657,7.609562
60.63604,7.594092
60.68551,7.578184
60.73498,7.561804
60.78445,7.544918
60.83392,7.527486
60.88339,7.509466
60.93286,7.49081
60.98233,7.471463
61.0318,7.451368
61.08127,7.430458
61.13074,7.408657
61.18021,7.385883
61.22968,7.362039
61.27915,7.337019
61.32862,7.310698
61.37809,7.282937
61.42756,7.253572
61.47703,7.222416
61.50177,7.206096
61.5265,7.189251
61.55124,7.171833
61.57597,7.153821
61.60071,7.13516
61.62544,7.115824
61.65018,7.095751
61.67491,7.074904
61.69965,7.053213
61.72438,7.030634
61.74912,7.00708
61.77385,6.982497
61.79859,6.956784
61.82332,6.929869
61.84806,6.901631
61.87279,6.87198
61.89753,6.840766
61.92226,6.807873
61.947,6.773117
61.97173,6.736347
61.99647,6.697331
62.0212,6.655869
62.04594,6.611665
62.05831,6.588449
62.07067,6.564454
62.08304,6.539597
62.09541,6.513849
62.10778,6.487158
62.12014,6.459489
62.13251,6.430738
62.14488,6.40086
62.15725,6.369784
62.16961,6.33746
62.18198,6.303752
62.19435,6.268592
62.20672,6.231881
62.21908,6.193542
62.23145,6.153393
62.24382,6.111333
62.25619,6.067219
62.26855,6.020928
62.28092,5.972212
62.29329,5.920914
62.30566,5.866817
62.31802,5.809732
62.33039,5.749299
62.34276,5.685267
62.35513,5.617303
62.36749,5.545095
62.37368,5.507189
62.37986,5.468108
62.38605,5.427664
62.39223,5.385924
62.39842,5.342683
62.4046,5.298009
62.41078,5.251755
62.41696,5.203839
62.42315,5.15409
62.42933,5.102574
62.43552,5.049026
62.4417,4.993511
62.44789,4.935734
62.45407,4.875762
62.46025,4.813374
62.46643,4.748433
62.47262,4.68068
62.4788,4.610179
62.48499,4.536538
62.49117,4.45982
62.49736,4.379596
62.50354,4.295932
62.50972,4.208504
62.5159,4.117108
62.52209,4.021379
62.52827,3.921421
62.53446,3.816711
62.54064,3.707402
62.54374,3.650726
62.54683,3.592985
62.54992,3.533986
62.55301,3.473719
62.5561,3.412183
62.55919,3.349381
62.56228,3.285324
62.56537,3.220033
62.56847,3.153324
62.57156,3.085672
62.57465,3.016927
62.57774,2.947172
62.58084,2.876284
62.58393,2.804855
62.58702,2.732829
62.59011,2.660418
62.59321,2.587649
62.5963,2.515316
62.59939,2.44358
62.60248,2.372924
62.60557,2.303937
62.60866,2.237336
62.61175,2.173992
62.61484,2.114965
62.61794,2.061376
62.62103,2.015136
62.62412,1.977957
62.62721,1.952136
62.62876,1.944316
62.6303,1.940463
62.63185,1.940973
62.63339,1.946324
62.63494,1.957124
62.63648,1.973821
62.63803,1.997287
62.63957,2.027929
62.64112,2.066936
62.64267,2.115005
62.64422,2.173094
62.64576,2.24177
62.64731,2.323069
62.64885,2.417184
62.6504,2.526706
62.65194,2.651698
62.65349,2.795405
62.65503,2.957714
62.65658,3.142631
62.65812,3.349794
62.65967,3.584083
62.66121,3.844781
62.66199,3.988212
62.66276,4.137737
62.6643,4.461728
62.66542,4.719481
62.66654,4.99703
62.66766,5.295426
62.66877,5.612759
62.66989,5.955778
62.671,6.319349
62.67212,6.710989
62.67323,7.124594
62.67435,7.568437
62.67546,8.035298
62.67658,8.534168
62.67769,9.056551
62.67881,9.612081
62.67992,10.19083
62.68104,10.80297
62.68215,11.43702
62.68327,12.10351
62.68439,12.7956
62.68662,14.24297
62.68885,15.7672
62.69108,17.34402
62.69331,18.9431
62.69554,20.52936
62.69777,22.06507
62.7,23.51249
62.70224,24.84244
62.70447,26.01383
62.7067,27.0116
62.70893,27.82332
62.71116,28.44558
62.71339,28.88313
62.71562,29.14734
62.71785,29.25436
62.72009,29.22286
62.72232,29.07347
62.72455,28.82651
62.72678,28.50105
62.72901,28.1144
62.73124,27.68184
62.73347,27.21647
62.7357,26.72932
62.73874,26.04621
62.74177,25.3594
62.74329,25.01682
62.7448,24.6795
62.74632,24.34398
62.74783,24.01549
62.74935,23.69036
62.75086,23.37338
62.75389,22.75693
62.75692,22.16823
62.75995,21.6082
62.76298,21.07692
62.76601,20.57386
62.76904,20.09814
62.77207,19.64861
62.7751,19.22399
62.77813,18.82294
62.78116,18.44407
62.78419,18.08606
62.78722,17.74757
62.79025,17.42737
62.79328,17.12425
62.79631,16.8371
62.79934,16.56486
62.80237,16.30656
62.8054,16.06127
62.80843,15.82815
62.81146,15.6064
62.81449,15.39529
62.81752,15.19414
62.82055,15.00232
62.82358,14.81925
62.82661,14.64439
62.82964,14.47723
62.83267,14.31732
62.83571,14.16372
62.83874,14.01705
62.84177,13.87641
62.8448,13.74147
62.84783,13.6119
62.85086,13.4874
62.85389,13.3677
62.85692,13.25254
62.86298,13.03486
62.86904,12.83263
62.8751,12.64431
62.88116,12.46856
62.88722,12.30419
62.89328,12.15018
62.89934,12.00558
62.9054,11.86959
62.91146,11.74148
62.91752,11.62059
62.92358,11.50633
62.92964,11.3982
62.93571,11.29554
62.94177,11.19827
62.94783,11.10584
62.95389,11.0179
62.95995,10.93413
62.96601,10.85423
62.97207,10.77796
62.97813,10.70508
62.98419,10.63535
62.99025,10.56858
62.99631,10.50459
63.00237,10.44321
63.00843,10.38428
63.01449,10.32765
63.02055,10.2732
63.02661,10.2208
63.03873,10.1217
63.05085,10.02952
63.06297,9.943574
63.07509,9.863231
63.08721,9.787955
63.09933,9.717274
63.11145,9.650773
63.12357,9.588085
63.1357,9.528835
63.14782,9.472831
63.15994,9.419765
63.17206,9.369404
63.18418,9.321539
63.1963,9.275984
63.20842,9.232569
63.22054,9.19114
63.23267,9.151527
63.24479,9.113669
63.25691,9.077416
63.26903,9.042664
63.28115,9.009315
63.29327,8.977283
63.30539,8.946485
63.31751,8.916848
63.32964,8.888279
63.34176,8.860762
63.366,8.808582
63.39024,8.759865
63.41448,8.714248
63.43872,8.67142
63.46296,8.631108
63.4872,8.593073
63.51144,8.557106
63.53569,8.523008
63.55993,8.490645
63.58417,8.459856
63.60841,8.430512
63.63266,8.402485
63.6569,8.375697
63.68114,8.350039
63.70538,8.32543
63.72963,8.301782
63.75387,8.279047
63.77811,8.257151
63.80235,8.236037
63.82659,8.215653
63.85083,8.195951
63.89931,8.158423
63.9478,8.123137
63.99628,8.089844
64.04477,8.058306
64.09325,8.028345
64.14174,7.99978
64.19022,7.972479
64.2387,7.94631
64.28718,7.921162
64.33567,7.896933
64.38415,7.873545
64.43264,7.850914
64.48112,7.828979
64.52961,7.80767
64.57809,7.786942
64.62657,7.766741
64.67505,7.747021
64.77202,7.708868
64.86899,7.672204
64.96596,7.636797
65.06292,7.602453
65.15989,7.568999
65.25686,7.536295
65.35383,7.504217
65.45079,7.472662
65.54776,7.441528
65.64472,7.41074
65.74169,7.380216
65.83865,7.349895
66.03259,7.289616
66.22652,7.229487
66.42046,7.169141
66.61439,7.108269
66.80833,7.046581
67.00226,6.983819
67.1962,6.919727
67.39013,6.854069
67.58407,6.786597
67.778,6.717074
67.97194,6.645244
68.16587,6.570854
68.35981,6.493623
68.55374,6.413266
68.74767,6.329467
68.9416,6.241886
69.13554,6.150148
69.32947,6.053858
69.52341,5.952557
69.71734,5.84576
69.91128,5.732905
70.10521,5.613385
70.20218,5.550908
70.29915,5.486496
70.39612,5.42005
70.49308,5.35147
70.59005,5.280629
70.68702,5.207412
70.78399,5.13169
70.88095,5.053334
70.97792,4.972182
71.07489,4.888085
71.17186,4.800874
71.26882,4.710382
71.36579,4.616398
71.46276,4.518728
71.55973,4.417152
71.65669,4.31145
71.75366,4.20135
71.85062,4.08661
71.94759,3.966924
72.04455,3.842018
72.14152,3.711548
72.23849,3.575195
72.33546,3.43261
72.43242,3.283447
72.52939,3.127308
72.62636,2.963839
72.67485,2.879233
72.72333,2.792681
72.77181,2.704123
72.82029,2.613522
72.86878,2.520827
72.91726,2.426048
72.96575,2.329124
73.01423,2.230084
73.06272,2.128885
73.1112,2.025583
73.15968,1.920185
73.20816,1.812741
73.25665,1.703305
73.30513,1.592031
73.35362,1.479018
73.4021,1.364509
73.45059,1.248712
73.49907,1.132003
73.54755,1.01478
73.59603,0.8975739
73.64452,0.7810365
73.693,0.6660657
73.74149,0.5536851
73.76573,0.4988949
73.78997,0.4452889
73.81422,0.3930695
73.83846,0.3425313
73.8627,0.2939351
73.87482,0.270463
73.88694,0.2475987
73.89906,0.2253881
73.91118,0.20388
73.9233,0.1831263
73.93542,0.1631821
73.94754,0.1441059
73.95966,0.1259598
73.96572,0.1172561
73.97178,0.10881
73.97784,0.1006305
73.9839,0.09272665
73.98997,0.08509574
73.99603,0.07777266
74.00209,0.07075469
74.00815,0.06405223
74.01421,0.05767604
74.02027,0.05163718
74.02633,0.04594709
74.03239,0.04061758
74.03845,0.03566082
74.04451,0.03108938
74.05057,0.02691625
74.05663,0.02315482
74.06269,0.01981893
74.06875,0.01692287
74.07481,0.01448139
74.08087,0.01250974
74.08694,0.01102161
74.093,0.01003819
74.09906,0.009573439
74.10512,0.009644721
74.11118,0.01026998
74.11724,0.01146777
74.1233,0.01325727
74.12936,0.0156583
74.13542,0.01869136
74.14148,0.02237765
74.14754,0.0267391
74.1536,0.03179837
74.15966,0.03757894
74.16572,0.04410508
74.17178,0.05140191
74.17784,0.05949542
74.18391,0.06842794
74.18997,0.07819793
74.19603,0.08884827
74.20209,0.1004088
74.20815,0.1129106
74.21421,0.1263855
74.22027,0.1408669
74.22633,0.1563891
74.23239,0.1729878
74.23845,0.1906999
74.24451,0.2095638
74.25057,0.2296193
74.25663,0.2509074
74.26269,0.2734711
74.26875,0.2973546
74.27481,0.3226039
74.28087,0.3492668
74.28693,0.3773929
74.29299,0.4070336
74.29905,0.4382424
74.30511,0.4710748
74.31117,0.5055885
74.31723,0.5418434
74.32329,0.5799017
74.32935,0.6198282
74.33541,0.6616903
74.34147,0.7055578
74.34753,0.7515035
74.35359,0.7996033
74.35965,0.8499359
74.36571,0.9025834
74.37177,0.9576311
74.37784,1.015265
74.3839,1.075388
74.38996,1.13819
74.39602,1.203771
74.40208,1.272235
74.40814,1.343693
74.4142,1.418258
74.42026,1.496049
74.42632,1.577191
74.43238,1.661812
74.43844,1.750049
74.4445,1.842041
74.45056,1.937938
74.45662,2.037892
74.46268,2.142066
74.46874,2.250627
74.47481,2.363942
74.48087,2.481824
74.49299,2.732613
74.50511,3.004832
74.51723,3.300299
74.52935,3.621011
74.54147,3.969164
74.55359,4.347183
74.56571,4.75774
74.57784,5.204178
74.58996,5.689038
74.60208,6.216308
74.6142,6.790027
74.62632,7.414696
74.63844,8.095334
74.65056,8.837553
74.66268,9.647644
74.6748,10.53267
74.68692,11.50057
74.69298,12.01837
74.69904,12.56033
74.7051,13.12777
74.71116,13.72208
74.71722,14.34474
74.72328,14.99733
74.72934,15.68154
74.7354,16.39916
74.74146,17.15213
74.74752,17.9425
74.75358,18.77248
74.75964,19.64442
74.76571,20.56242
74.77177,21.52615
74.77783,22.54002
74.78389,23.60717
74.78995,24.73096
74.79601,25.91503
74.80207,27.1633
74.80813,28.47999
74.81419,29.86968
74.82025,31.3373
74.82631,32.88819
74.83237,34.52816
74.83843,36.26347
74.84449,38.10097
74.85055,40.04808
74.85661,42.11287
74.86267,44.30418
74.86873,46.63161
74.87479,49.1057
74.88085,51.73795
74.88691,54.54102
74.89297,57.52875
74.89903,60.7164
74.90509,64.12078
74.91115,67.76041
74.91721,71.65579
74.92327,75.82959
74.92933,80.30698
74.93539,85.1159
74.94145,90.28749
74.94751,95.85648
74.95357,101.8617
74.95964,108.3578
74.9657,115.3722
74.97176,122.9704
74.97782,131.2142
74.98388,140.1739
74.98994,149.9291
74.996,160.5701
75.00206,172.2002
75.00812,184.9371
75.01418,198.9161
75.02024,214.2924
75.0263,231.2452
75.03236,249.9817
75.03539,260.0925
75.03842,270.7424
75.04145,281.9675
75.04448,293.8071
75.04751,306.3036
75.05054,319.5027
75.05357,333.4542
75.0566,348.2119
75.05963,363.8341
75.06266,380.3842
75.06569,397.931
75.06872,416.5492
75.07175,436.3202
75.07478,457.3323
75.07781,479.6819
75.08084,503.4736
75.08387,528.8217
75.0869,555.8504
75.08993,584.695
75.09296,615.5029
75.09599,648.4346
75.09902,683.6645
75.10205,721.3823
75.10508,761.7937
75.10811,805.1215
75.11114,851.6068
75.11417,901.5088
75.1172,955.1062
75.12023,1012.696
75.12326,1074.594
75.12629,1141.133
75.12932,1212.657
75.13235,1289.523
75.13538,1372.088
75.13841,1460.703
75.14144,1555.703
75.14447,1657.384
75.1475,1765.987
75.15079,1891.928
75.15407,2025.833
75.15735,2167.886
75.16063,2317.609
75.16391,2474.144
75.16719,2636.175
75.17375,2968.698
75.17704,3134.148
75.18032,3293.499
75.1836,3443.084
75.18688,3578.422
75.19016,3694.999
75.19344,3788.615
75.19672,3855.747
75.2,3893.893
75.20329,3901.806
75.20657,3879.606
75.20985,3828.888
75.21313,3752.345
75.21641,3653.54
75.21969,3536.561
75.22297,3405.674
75.22625,3265.026
75.23282,2968.726
75.23938,2672.886
75.24266,2530.188
75.24594,2392.755
75.24922,2261.414
75.2525,2136.667
75.25546,2029.961
75.25842,1928.873
75.26138,1833.346
75.26433,1743.545
75.26729,1658.681
75.27025,1578.849
75.27321,1503.808
75.27616,1433.538
75.27912,1367.306
75.28208,1305.102
75.28504,1246.676
75.28799,1191.967
75.29095,1140.372
75.2939,1092.024
75.29686,1046.386
75.29981,1003.574
75.30277,963.1164
75.30573,924.9912
75.30869,889.0397
75.31164,855.2257
75.3146,823.183
75.31755,793.0016
75.32051,764.3593
75.32346,737.3408
75.32642,711.662
75.32938,687.3229
75.33234,664.2366
75.33529,642.3946
75.3412,601.8477
75.34711,565.15
75.35303,531.79
75.35894,501.4849
75.36485,473.8339
75.37076,448.5415
75.37668,425.3127
75.38259,404.0019
75.3885,384.3724
75.39441,366.253
75.40033,349.4658
75.40624,333.9348
75.41215,319.5136
75.41806,306.0985
75.42398,293.5774
75.42989,281.9105
75.4358,271.0032
75.44171,260.7902
75.44763,251.1976
75.45354,242.2052
75.45945,233.7493
75.46536,225.7874
75.47128,218.2689
75.47719,211.1842
75.4831,204.489
75.48901,198.1546
75.49493,192.1452
75.50084,186.4574
75.50675,181.059
75.51266,175.9304
75.52449,166.4037
75.53631,157.7656
75.54814,149.8933
75.55996,142.7084
75.57179,136.12
75.58361,130.0718
75.59544,124.4954
75.60726,119.3499
75.61909,114.5827
75.63091,110.1636
75.64274,106.0515
75.65456,102.2239
75.66639,98.64821
75.67821,95.3075
75.69004,92.17561
75.70186,89.23961
75.71369,86.47827
75.72551,83.88169
75.73734,81.43238
75.74916,79.12274
75.76099,76.93824
75.77281,74.873
75.78464,72.91484
75.79646,71.05918
75.80829,69.29573
75.82011,67.62093
75.83194,66.02601
75.84376,64.5082
75.86741,61.67916
75.89106,59.09863
75.91471,56.73681
75.93836,54.56836
75.96201,52.57157
75.98566,50.72777
76.00931,49.02082
76.03297,47.43606
76.05662,45.96261
76.08027,44.58907
76.10392,43.30604
76.12757,42.10523
76.15122,40.97931
76.17487,39.92176
76.19852,38.92678
76.22217,37.98919
76.24582,37.10436
76.26947,36.26812
76.29312,35.47672
76.31677,34.72677
76.34042,34.01522
76.36407,33.33929
76.38772,32.69647
76.41137,32.08446
76.43502,31.50118
76.45867,30.9447
76.48232,30.41328
76.52962,29.41935
76.57692,28.50804
76.62422,27.66974
76.67152,26.89624
76.71882,26.18049
76.76612,25.5164
76.81343,24.89858
76.86073,24.32269
76.90803,23.78459
76.95533,23.28074
77.00263,22.80804
77.04993,22.36373
77.09723,21.94538
77.14453,21.5508
77.19183,21.17807
77.23913,20.82543
77.28643,20.49133
77.33373,20.17435
77.38103,19.87324
77.42833,19.58683
77.47563,19.31408
77.52293,19.05406
77.57023,18.80588
77.61753,18.56877
77.66483,18.342
77.71213,18.12492
77.75943,17.91691
77.80673,17.71741
77.90133,17.34197
77.99593,16.99493
78.09053,16.67317
78.18513,16.37399
78.27973,16.09508
78.37434,15.83438
78.46894,15.59018
78.56354,15.3609
78.65814,15.14518
78.75274,14.94181
78.84734,14.74972
78.94194,14.56796
79.03654,14.39567
79.13114,14.2321
79.22574,14.07655
79.32034,13.92841
79.41494,13.78712
79.50954,13.65218
79.60414,13.52312
79.69874,13.39953
79.79334,13.28102
79.88795,13.16724
79.98255,13.05788
80.07715,12.95264
80.17175,12.85124
80.26635,12.75344
80.36095,12.65901
80.55015,12.47939
80.73935,12.31085
80.92855,12.15202
81.11775,12.00174
81.30695,11.85895
81.49616,11.72272
81.68536,11.5922
81.87456,11.46661
82.06376,11.34524
82.25297,11.22738
82.44217,11.11241
82.63137,10.99967
82.82057,10.88854
83.00978,10.77836
83.19898,10.66848
83.38818,10.55818
83.57738,10.44668
83.67198,10.39022
83.76658,10.33313
83.86118,10.27528
83.95578,10.21654
84.05038,10.15677
84.14498,10.09579
84.23958,10.03343
84.33418,9.969502
84.42879,9.903783
84.52339,9.836048
84.61799,9.766023
84.71259,9.693408
84.80719,9.617865
84.90179,9.539009
84.99639,9.456402
85.09099,9.369537
85.13829,9.324329
85.18559,9.277831
85.23289,9.229954
85.28019,9.180603
85.32749,9.129676
85.37479,9.077058
85.42209,9.022629
85.46939,8.966255
85.51669,8.90779
85.56399,8.847076
85.61129,8.783936
85.65859,8.718178
85.70589,8.64959
85.75319,8.577939
85.80049,8.502963
85.84779,8.424374
85.8951,8.341833
85.9424,8.255015
85.9897,8.1635
86.037,8.066835
86.0843,7.96451
86.1316,7.855945
86.15525,7.799121
86.1789,7.740484
86.20255,7.679936
86.2262,7.617374
86.24985,7.552688
86.2735,7.485758
86.29715,7.416457
86.3208,7.344646
86.34445,7.270178
86.3681,7.192894
86.39175,7.112622
86.4154,7.029177
86.43905,6.942357
86.4627,6.851944
86.48635,6.757705
86.51,6.659383
86.53365,6.556699
86.5573,6.449353
86.58095,6.337014
86.6046,6.219325
86.62825,6.095893
86.6519,5.96629
86.67555,5.83005
86.6992,5.686661
86.72285,5.535564
86.7465,5.37615
86.77015,5.207751
86.78198,5.11992
86.7938,5.029641
86.80563,4.936662
86.81745,4.841033
86.82928,4.742486
86.8411,4.641075
86.85293,4.536511
86.86475,4.428853
86.87658,4.317796
86.8884,4.203404
86.90023,4.085355
86.91205,3.963723
86.92388,3.838175
86.9357,3.708801
86.94753,3.575262
86.95935,3.437675
86.97118,3.295709
86.983,3.149522
86.99483,2.998813
87.00665,2.843811
87.01848,2.684277
87.0303,2.52056
87.04213,2.352543
87.05395,2.180773
87.06578,2.005357
87.0776,1.82717
87.08352,1.737074
87.08943,1.646727
87.09534,1.556131
87.10125,1.465461
87.10717,1.374771
87.11308,1.284609
87.11899,1.1951
87.1249,1.106572
87.13082,1.019256
87.13673,0.9338876
87.14264,0.8508311
87.14855,0.7706814
87.15447,0.6940057
87.16038,0.6218713
87.16334,0.5876891
87.16629,0.555087
87.16925,0.5239868
87.1722,0.4947524
87.17516,0.4673526
87.17812,0.4420711
87.18108,0.4191043
87.18403,0.3987296
87.18699,0.3810386
87.18847,0.3733045
87.18994,0.3663994
87.19142,0.3602637
87.1929,0.3549832
87.19438,0.3505953
87.19585,0.3471595
87.19733,0.3446696
87.19881,0.3431946
87.20029,0.342779
87.20177,0.343469
87.20325,0.345313
87.20473,0.3483613
87.20621,0.3526664
87.20768,0.3582408
87.20916,0.3652174
87.21064,0.3736223
87.21212,0.3835182
87.21359,0.3948874
87.21507,0.4079525
87.21655,0.4227126
87.21803,0.4392421
87.2195,0.4574883
87.22098,0.4777803
87.22246,0.5000853
87.22394,0.5244924
87.22542,0.5510946
87.2269,0.5799893
87.22838,0.6112785
87.22986,0.6450691
87.23133,0.6812177
87.23281,0.7203328
87.23429,0.7623002
87.23577,0.8072483
87.23724,0.8549765
87.23872,0.9062748
87.2402,0.9609774
87.24168,1.01924
87.24315,1.080794
87.24463,1.146647
87.24611,1.216573
87.24759,1.290762
87.24907,1.36941
87.25055,1.452729
87.25203,1.540935
87.25351,1.634261
87.25498,1.732263
87.25646,1.836528
87.25794,1.946677
87.25942,2.062993
87.26089,2.18492
87.26237,2.314431
87.26385,2.451048
87.26533,2.595119
87.2668,2.74596
87.26828,2.906006
87.26976,3.074669
87.27124,3.252379
87.27272,3.439593
87.2742,3.636792
87.27568,3.844485
87.27716,4.06321
87.27863,4.291939
87.28011,4.534383
87.28159,4.789662
87.28307,5.05845
87.28454,5.3395
87.28602,5.637386
87.2875,5.951047
87.28898,6.281333
87.29045,6.626733
87.29193,6.992897
87.29341,7.378549
87.29489,7.784766
87.29637,8.212692
87.29785,8.663541
87.29933,9.138605
87.30081,9.639256
87.30228,10.1633
87.30376,10.7194
87.30524,11.30574
87.30672,11.92409
87.30819,12.5718
87.30967,13.25965
87.31115,13.98548
87.31263,14.75157
87.3141,15.5547
87.31558,16.40838
87.31706,17.31002
87.31854,18.26255
87.32002,19.26909
87.3215,20.33298
87.32298,21.45776
87.32446,22.64721
87.32593,23.89664
87.32741,25.22732
87.32889,26.63557
87.33037,28.12629
87.33184,29.6937
87.33332,31.36462
87.3348,33.1346
87.33628,35.00987
87.33775,36.98326
87.33923,39.08861
87.34071,41.32033
87.34219,43.68627
87.34367,46.19474
87.34515,48.85445
87.34663,51.67454
87.34811,54.66456
87.34958,57.81242
87.35106,61.17118
87.35254,64.73065
87.35402,68.50167
87.35549,72.46749
87.35697,76.69304
87.35845,81.16304
87.35993,85.88815
87.3614,90.84392
87.36382,99.59651
87.36623,109.0766
87.36864,119.341
87.37105,130.3948
87.37347,142.2698
87.37588,154.8181
87.37829,167.9991
87.3807,181.6787
87.38312,195.7308
87.38553,209.8
87.38794,223.6552
87.39035,236.9662
87.39277,249.427
87.39518,260.5759
87.39759,270.1343
87.4,277.8235
87.40242,283.4621
87.40484,286.9075
87.40726,288.1563
87.40968,287.3025
87.4121,284.5218
87.41452,280.0505
87.41694,274.1602
87.41935,267.1661
87.42177,259.2866
87.42419,250.8049
87.42903,232.9077
87.43145,223.8422
87.43387,214.8762
87.43629,206.105
87.4387,197.6329
87.44177,187.2948
87.44484,177.5197
87.44791,168.3349
87.45097,159.7711
87.45404,151.7599
87.45711,144.3073
87.46018,137.3838
87.46324,130.9769
87.46631,125.0106
87.46938,119.4727
87.47245,114.3303
87.47551,109.5669
87.47858,105.1221
87.48164,100.9977
87.48471,97.14127
87.48777,93.55499
87.49084,90.19412
87.49391,87.05134
87.49698,84.10889
87.50004,81.35932
87.50311,78.77001
87.50618,76.33684
87.50925,74.04766
87.51231,71.89821
87.51538,69.86438
87.51845,67.94422
87.52152,66.12934
87.52458,64.41756
87.52765,62.79071
87.53071,61.25305
87.53378,59.78869
87.53684,58.40187
87.53991,57.0786
87.54298,55.81903
87.54605,54.619
87.54911,53.47833
87.55218,52.38606
87.55525,51.34276
87.56138,49.39431
87.56752,47.60525
87.57365,45.96313
87.57978,44.44913
87.58591,43.04963
87.59205,41.75074
87.59818,40.54635
87.60431,39.42521
87.61044,38.37937
87.61658,37.40031
87.62271,36.48501
87.62884,35.62632
87.63497,34.81938
87.64111,34.05863
87.64724,33.34263
87.65338,32.66557
87.65951,32.02649
87.66565,31.42048
87.67178,30.84695
87.67791,30.30258
87.68404,29.78527
87.69018,29.29234
87.69631,28.82366
87.70245,28.3761
87.70858,27.94967
87.71472,27.54166
87.72085,27.15218
87.72698,26.77943
87.73311,26.42238
87.74538,25.75117
87.75765,25.13241
87.76992,24.56031
87.78218,24.03033
87.79445,23.53728
87.80671,23.07824
87.81898,22.64919
87.83124,22.24796
87.84351,21.87139
87.85578,21.51759
87.86805,21.18457
87.88031,20.87084
87.89258,20.57432
87.90485,20.29386
87.91712,20.02822
87.92938,19.77646
87.94165,19.53714
87.95392,19.30957
87.96619,19.0929
87.97845,18.88654
87.99072,18.68946
88.00298,18.50135
88.01525,18.32133
88.02751,18.14916
88.03978,17.98409
88.05205,17.82581
88.06432,17.67391
88.07658,17.52813
88.10112,17.25297
88.12565,16.99807
88.15019,16.76108
88.17472,16.54036
88.19925,16.33418
88.22378,16.14117
88.24832,15.96001
88.27285,15.78978
88.29739,15.62938
88.32192,15.47809
88.34646,15.33504
88.37099,15.19968
88.39552,15.07133
88.42005,14.94947
88.44459,14.83356
88.46912,14.72325
88.49366,14.61806
88.51819,14.51771
88.54273,14.4218
88.56726,14.3301
88.59179,14.2423
88.61632,14.15814
88.64086,14.07738
88.66539,13.99986
88.68993,13.92534
88.71446,13.85368
88.76353,13.71821
88.81259,13.59233
88.86166,13.47495
88.91072,13.36527
88.95979,13.26248
89.00885,13.16597
89.05792,13.07512
89.10699,12.98943
89.15606,12.90846
89.20512,12.83183
89.25419,12.75915
89.30326,12.69012
89.35233,12.62446
89.40139,12.56191
89.45046,12.50223
89.49953,12.44523
89.5486,12.39071
89.59766,12.33852
89.64673,12.28847
89.6958,12.24045
89.74487,12.19431
89.79393,12.14995
89.843,12.10724
89.89207,12.0661
89.9902,11.98814
90.08834,11.91541
90.18647,11.84737
90.28461,11.78352
90.38274,11.72346
90.48087,11.66681
90.579,11.61327
90.67714,11.56255
90.77527,11.51442
90.87341,11.46864
90.97154,11.42505
91.06968,11.38345
91.16781,11.3437
91.26595,11.30566
91.36408,11.26921
91.46222,11.23423
91.56035,11.20063
91.65849,11.16831
91.75662,11.13719
91.85476,11.10719
91.95289,11.07824
92.14915,11.02326
92.34542,10.97178
92.54169,10.92344
92.73796,10.87791
92.93423,10.83491
93.1305,10.79419
93.32677,10.75555
93.52304,10.7188
93.7193,10.68379
93.91557,10.65037
94.11184,10.61841
94.30811,10.5878
94.50438,10.55844
94.70065,10.53025
94.89692,10.50314
95.09319,10.47704
95.28945,10.45188
95.48572,10.4276
95.68199,10.40415
96.07453,10.35954
96.46707,10.31771
96.8596,10.27835
97.25214,10.24121
97.64468,10.20608
98.03722,10.17278
98.42975,10.14113
98.82229,10.11101
99.21483,10.08228
99.60737,10.05484
99.9999,10.02858
100.0001,64.02399
200.0,51.248
300.0,44.841
400.0,40.751
500.0,37.828
700.0,33.818
900.0,31.119
1000.0,30.06
1200.0,28.322
1500.0,26.354
1800.0,24.868
2000.0,24.057
2500.0,22.447
3000.0,21.235
4000.0,19.494
5000.0,18.277
6000.0,17.36
7000.0,16.636
8000.0,16.045
9000.0,15.548
10000.0,15.108
11000.0,14.74
12000.0,14.415
13000.0,14.127
14000.0,13.867
15000.0,13.632
17000.0,13.222
20000.0,12.706
22000.0,12.424
25000.0,12.062
30000.0,11.561
35000.0,11.17
40000.0,10.835
45000.0,10.559
50000.0,10.309
55000.0,10.097
60000.0,9.8978
65000.0,9.7271
70000.0,9.5619
80000.0,9.2784
90000.0,9.034
95000.0,8.9281
100000.0,8.8198
104140.6,8.724649
105000.0,8.7049
110000.0,8.5914
115000.0,8.4921
120000.0,8.3899
130000.0,8.2088
140000.0,8.0433
150000.0,7.8909
160000.0,7.7495
170000.0,7.6134
180000.0,7.4847
190000.0,7.3729
200000.0,7.2529
220000.0,7.0642
250000.0,6.7728
270000.0,6.6263
300000.0,6.3932
320000.0,6.2756
339432.1,6.173258
350000.0,6.1176
400000.0,5.8872
420000.0,5.8052
450000.0,5.6916
500000.0,5.5228
520000.0,5.4618
550000.0,5.3761
594000.1,5.26346
600000.0,5.2481
610000.0,5.2245
620000.0,5.2016
630000.0,5.1793
650000.0,5.1367
692299.0,5.052271
700000.0,5.0369
750000.0,4.9536
800000.0,4.8808
850000.0,4.8176
900000.0,4.7636
950000.0,4.717
1000000.0,4.6764
1011992.0,4.66129
1050000.0,4.6134
1088438.0,4.571272
1100000.0,4.5586
1123564.0,4.526223
1144842.0,4.496987
1150000.0,4.4899
1191513.0,4.436514
1200000.0,4.4256
1250000.0,4.3765
1300000.0,4.3256
1700000.0,3.9948
1800000.0,3.9233
1900000.0,3.8781
2000000.0,3.8392
2050000.0,3.8257
2100000.0,3.804
2200000.0,3.7723
2300000.0,3.743
2500000.0,3.6871
2750000.0,3.6154
3000000.0,3.5367
3500000.0,3.3469
4000000.0,3.1369
4500000.0,2.9233
5000000.0,2.7264
5500000.0,2.5581
6000000.0,2.4236
6500000.0,2.3234
7000000.0,2.2557
7500000.0,2.2172
8000000.0,2.2039
8200000.0,2.2047
8400000.0,2.2086
8459153.0,2.210582
8600000.0,2.2153
8682300.0,2.219127
8800000.0,2.2246
9000000.0,2.236
9300000.0,2.2569
9600000.0,2.2814
10000000.0,2.3184
10500000.0,2.3433
10900000.0,2.3752
11500000.0,2.423
12000000.0,2.4806
12500000.0,2.5242
13000000.0,2.5739
13500000.0,2.6238
14000000.0,2.6789
14500000.0,2.7282
15000000.0,2.7715
15429010.0,2.80359
15500000.0,2.8089
16000000.0,2.8523
17000000.0,2.8392
18000000.0,2.8217
20000000.0,2.7042
22000000.0,2.5606
24000000.0,2.4248
24268280.0,2.403794
26000000.0,2.2682
28000000.0,2.125
32000000.0,1.8528
34000000.0,1.7867
40000000.0,1.7361
45000000.0,1.8161
50000000.0,1.9508
55000000.0,2.0991
60000000.0,2.2343
70000000.0,2.4163
80000000.0,2.4681
90000000.0,2.4179
100000000.0,2.3043
115000000.0,2.0828
130000000.0,1.859
150000000.0,1.5955
