1e-05,111.5967
1.03125e-05,111.5966
1.0625e-05,111.5966
1.09375e-05,111.5966
1.125e-05,111.5965
1.15625e-05,111.5965
1.1875e-05,111.5965
1.21875e-05,111.5965
1.25e-05,111.5964
1.28125e-05,111.5964
1.3125e-05,111.5964
1.34375e-05,111.5963
1.375e-05,111.5963
1.4375e-05,111.5963
1.5e-05,111.5962
1.5625e-05,111.5962
1.625e-05,111.5961
1.6875e-05,111.596
1.75e-05,111.596
1.8125e-05,111.5959
1.875e-05,111.5959
1.9375e-05,111.5958
2e-05,111.5958
2.09375e-05,111.5957
2.1875e-05,111.5956
2.28125e-05,111.5955
2.375e-05,111.5955
2.46875e-05,111.5954
2.5625e-05,111.5953
2.65625e-05,111.5952
2.75e-05,111.5951
2.84375e-05,111.5951
2.9375e-05,111.595
3.03125e-05,111.5949
3.125e-05,111.5948
3.21875e-05,111.5947
3.3125e-05,111.5947
3.40625e-05,111.5946
3.5e-05,111.5945
3.59375e-05,111.5944
3.6875e-05,111.5943
3.78125e-05,111.5943
3.875e-05,111.5942
3.96875e-05,111.5941
4.0625e-05,111.594
4.25e-05,111.5939
4.4375e-05,111.5937
4.625e-05,111.5935
4.8125e-05,111.5934
5e-05,111.5932
5.15625e-05,111.5931
5.3125e-05,111.593
5.46875e-05,111.5928
5.625e-05,111.5927
5.78125e-05,111.5926
5.9375e-05,111.5924
6.09375e-05,111.5923
6.25e-05,111.5922
6.40625e-05,111.592
6.5625e-05,111.5919
6.71875e-05,111.5918
6.875e-05,111.5916
7.1875e-05,111.5914
7.5e-05,111.5911
7.8125e-05,111.5908
8.125e-05,111.5906
8.4375e-05,111.5903
8.75e-05,111.5901
9.0625e-05,111.5898
9.375e-05,111.5895
9.6875e-05,111.5893
0.0001,111.589
0.000103125,111.5887
0.00010625,111.5885
0.000109375,111.5882
0.0001125,111.588
0.000115625,111.5877
0.00011875,111.5874
0.000121875,111.5872
0.000125,111.5869
0.000128125,111.5866
0.00013125,111.5864
0.000134375,111.5861
0.0001375,111.5859
0.00014375,111.5853
0.00015,111.5848
0.00015625,111.5843
0.0001625,111.5838
0.00016875,111.5833
0.000175,111.5827
0.00018125,111.5822
0.0001875,111.5817
0.00019375,111.5812
0.0002,111.5807
0.000209375,111.5799
0.00021875,111.5791
0.000228125,111.5783
0.0002375,111.5775
0.000246875,111.5768
0.00025625,111.576
0.000265625,111.5752
0.000275,111.5744
0.000284375,111.5736
0.00029375,111.5729
0.000303125,111.5721
0.0003125,111.5713
0.000321875,111.5705
0.00033125,111.5698
0.000340625,111.569
0.00035,111.5682
0.000359375,111.5674
0.00036875,111.5667
0.000378125,111.5659
0.0003875,111.5651
0.000396875,111.5643
0.00040625,111.5635
0.000425,111.562
0.00044375,111.5604
0.0004625,111.5589
0.00048125,111.5573
0.0005,111.5558
0.000515625,111.5545
0.00053125,111.5532
0.000546875,111.5519
0.0005625,111.5506
0.000578125,111.5493
0.00059375,111.5481
0.000609375,111.5468
0.000625,111.5455
0.000640625,111.5442
0.00065625,111.5429
0.000671875,111.5416
0.0006875,111.5403
0.00071875,111.5377
0.00075,111.5352
0.00078125,111.5326
0.0008125,111.53
0.00084375,111.5274
0.000875,111.5249
0.00090625,111.5223
0.0009375,111.5197
0.00096875,111.5172
0.001,111.5146
0.00103125,111.512
0.0010625,111.5094
0.00109375,111.5069
0.001125,111.5043
0.00115625,111.5017
0.0011875,111.4992
0.00121875,111.4966
0.00125,111.494
0.00128125,111.4915
0.0013125,111.4889
0.00134375,111.4863
0.001375,111.4838
0.0014375,111.4786
0.0015,111.4735
0.0015625,111.4684
0.001625,111.4632
0.0016875,111.4581
0.00175,111.453
0.0018125,111.4478
0.001875,111.4427
0.0019375,111.4376
0.002,111.4325
0.00209375,111.4248
0.0021875,111.4171
0.00228125,111.4094
0.002375,111.4017
0.00246875,111.3941
0.0025625,111.3864
0.00265625,111.3787
0.00275,111.3711
0.00284375,111.3634
0.0029375,111.3557
0.00303125,111.3481
0.003125,111.3404
0.00321875,111.3327
0.0033125,111.3251
0.00340625,111.3174
0.0035,111.3097
0.00359375,111.3021
0.0036875,111.2944
0.00378125,111.2868
0.003875,111.2791
0.00396875,111.2715
0.0040625,111.2638
0.00425,111.2485
0.0044375,111.2332
0.004625,111.218
0.0048125,111.2027
0.005,111.1874
0.00515625,111.1747
0.0053125,111.162
0.00546875,111.1492
0.005625,111.1365
0.00578125,111.1238
0.0059375,111.1111
0.00609375,111.0984
0.00625,111.0857
0.00640625,111.073
0.0065625,111.0603
0.00671875,111.0476
0.006875,111.0349
0.0071875,111.0096
0.0075,110.9842
0.0078125,110.9589
0.008125,110.9336
0.0084375,110.9083
0.00875,110.883
0.0090625,110.8577
0.009375,110.8324
0.0096875,110.8071
0.01,110.7819
0.0103125,110.7566
0.010625,110.7314
0.0109375,110.7062
0.01125,110.681
0.0115625,110.6558
0.011875,110.6306
0.0121875,110.6055
0.0125,110.5803
0.0128125,110.5552
0.013125,110.53
0.0134375,110.5049
0.01375,110.4798
0.014375,110.4296
0.015,110.3795
0.015625,110.3294
0.01625,110.2794
0.016875,110.2294
0.0175,110.1794
0.018125,110.1295
0.01875,110.0796
0.019375,110.0298
0.02,109.9801
0.0206625,109.9274
0.021325,109.8747
0.0219875,109.8221
0.02265,109.7695
0.0233125,109.717
0.023975,109.6646
0.0246375,109.6122
0.0253,109.5598
0.02607188,109.4989
0.02684375,109.438
0.02761563,109.3772
0.0283875,109.3165
0.02915938,109.2558
0.02993125,109.1952
0.03070313,109.1347
0.031475,109.0742
0.03224688,109.0138
0.03301875,108.9535
0.03379063,108.8932
0.0345625,108.833
0.03610625,108.7128
0.03765,108.5928
0.03919375,108.4731
0.0407375,108.3537
0.04228125,108.2345
0.043825,108.1156
0.04536875,107.997
0.0469125,107.8786
0.04845625,107.7604
0.05,107.6425
0.0515625,107.5234
0.053125,107.4046
0.0546875,107.2861
0.05625,107.1678
0.0578125,107.0497
0.059375,106.9319
0.0609375,106.8144
0.0625,106.6971
0.0640625,106.5801
0.065625,106.4633
0.0671875,106.3467
0.06875,106.2305
0.0703125,106.1144
0.071875,105.9986
0.075,105.7678
0.078125,105.538
0.08125,105.3091
0.084375,105.0812
0.0875,104.8543
0.090625,104.6283
0.09375,104.4033
0.096875,104.1792
0.1,103.9561
0.103125,103.7339
0.10625,103.5126
0.109375,103.2922
0.1125,103.0728
0.115625,102.8543
0.11875,102.6367
0.121875,102.42
0.125,102.2042
0.128125,101.9893
0.13125,101.7753
0.134375,101.5621
0.1375,101.3499
0.140625,101.1385
0.14375,100.9279
0.146875,100.7183
0.15,100.5095
0.15625,100.0944
0.1625,99.68267
0.16875,99.27429
0.175,98.8692
0.18125,98.46736
0.1875,98.06874
0.19375,97.6733
0.2,97.281
0.2046875,96.98881
0.209375,96.69836
0.2140625,96.40963
0.21875,96.12261
0.2234375,95.83728
0.228125,95.55362
0.2328125,95.27162
0.2375,94.99128
0.246875,94.43548
0.25625,93.88612
0.265625,93.34309
0.275,92.80629
0.284375,92.27562
0.29375,91.75098
0.303125,91.23228
0.3125,90.71941
0.321875,90.21229
0.33125,89.71083
0.340625,89.21494
0.35,88.72453
0.359375,88.23952
0.36875,87.75982
0.378125,87.28536
0.3875,86.81605
0.396875,86.35181
0.40625,85.89256
0.415625,85.43824
0.425,84.98876
0.434375,84.54406
0.44375,84.10407
0.453125,83.6687
0.4625,83.2379
0.471875,82.8116
0.48125,82.38973
0.5,81.55902
0.53125,80.21197
0.5625,78.90983
0.59375,77.65052
0.625,76.43207
0.65625,75.25263
0.6875,74.11046
0.71875,73.00392
0.75,71.93145
0.78125,70.89158
0.8125,69.88293
0.84375,68.90419
0.875,67.95412
0.90625,67.03154
0.9375,66.13533
0.96875,65.26443
1.0,64.41786
1.03125,63.59464
1.0625,62.79388
1.125,61.25632
1.1875,59.79878
1.25,58.41548
1.3125,57.10112
1.375,55.85093
1.4375,54.66051
1.5,53.52588
1.5625,52.44338
1.625,51.40964
1.6875,50.42159
1.75,49.47639
1.8125,48.57143
1.875,47.7043
1.9375,46.87277
2.0,46.07478
2.09375,44.93655
2.1875,43.86365
2.28125,42.85083
2.375,41.89336
2.46875,40.98699
2.5625,40.12788
2.65625,39.31254
2.75,38.53785
2.84375,37.80092
2.9375,37.09915
3.03125,36.43018
3.125,35.79182
3.21875,35.18208
3.3125,34.59915
3.40625,34.04134
3.5,33.50712
3.59375,32.99505
3.6875,32.50384
3.78125,32.03226
3.875,31.5792
3.96875,31.14361
4.0625,30.72453
4.15625,30.32106
4.25,29.93237
4.34375,29.55768
4.4375,29.19626
4.53125,28.84745
4.625,28.5106
4.71875,28.18512
4.8125,27.87047
5.0,27.27158
5.15625,26.80126
5.3125,26.355
5.46875,25.93102
5.625,25.52773
5.78125,25.14368
5.9375,24.77753
6.09375,24.4281
6.25,24.09427
6.40625,23.77504
6.5625,23.46948
6.71875,23.17675
6.875,22.89606
7.03125,22.62669
7.1875,22.36798
7.34375,22.11931
7.5,21.88012
7.65625,21.64987
7.8125,21.42809
7.96875,21.2143
8.125,21.0081
8.28125,20.80908
8.4375,20.61688
8.59375,20.43116
8.75,20.25158
9.0625,19.90971
9.375,19.58909
9.6875,19.28779
10.0,19.0041
10.3125,18.73653
10.625,18.48371
10.9375,18.24447
11.25,18.01771
11.5625,17.80247
11.875,17.59789
12.1875,17.40318
12.5,17.21761
12.8125,17.04056
13.125,16.87144
13.4375,16.7097
13.75,16.55486
14.0625,16.40648
14.375,16.26413
14.6875,16.12746
15.0,15.99611
15.3125,15.86975
15.625,15.74811
15.9375,15.6309
16.25,15.51788
16.5625,15.4088
16.875,15.30346
17.1875,15.20165
17.5,15.10319
17.8125,15.00789
18.125,14.9156
18.75,14.73943
19.375,14.57358
20.0,14.41708
20.46875,14.30532
20.9375,14.198
21.40625,14.09484
21.875,13.99555
22.34375,13.89989
22.8125,13.80763
23.28125,13.71856
23.75,13.63247
24.21875,13.5492
24.6875,13.46856
25.15625,13.39041
25.625,13.3146
26.09375,13.241
26.5625,13.16947
27.5,13.0322
28.4375,12.90193
29.375,12.77792
30.3125,12.6595
31.25,12.54609
32.1875,12.43717
33.125,12.33227
34.0625,12.23095
35.0,12.13285
35.9375,12.0376
36.875,11.94488
37.8125,11.8544
38.75,11.76588
39.6875,11.67908
40.625,11.59374
41.5625,11.50964
42.5,11.42656
43.4375,11.3443
44.375,11.26266
45.3125,11.18145
46.25,11.10047
47.1875,11.01955
48.125,10.93849
49.0625,10.85711
50.0,10.77523
51.35305,10.65577
52.7061,10.53429
54.05915,10.41015
55.41219,10.28272
56.76524,10.15128
58.11829,10.01508
59.47134,9.87325
60.82438,9.724861
61.50091,9.647877
62.17743,9.568843
62.85396,9.487599
63.53048,9.403981
64.20701,9.317806
64.88353,9.228883
65.56005,9.136999
66.23657,9.041929
66.9131,8.943425
67.58962,8.841224
68.26614,8.735032
68.94266,8.624532
69.61919,8.509374
70.29571,8.389182
70.97223,8.263535
71.64875,8.13197
72.32528,7.993978
73.0018,7.848999
73.67833,7.696402
74.35485,7.535497
75.03138,7.365506
75.7079,7.185566
76.04616,7.091568
76.38442,6.994709
76.72268,6.894853
77.06094,6.79185
77.39921,6.685541
77.73747,6.575766
78.07573,6.462347
78.41399,6.345096
78.75226,6.223813
79.09052,6.098294
79.42878,5.968315
79.76704,5.83364
80.10531,5.694017
80.44357,5.549191
80.78183,5.398882
81.12009,5.242799
81.45835,5.080637
81.79661,4.912079
82.13487,4.736796
82.47313,4.554449
82.8114,4.364688
83.14966,4.167181
83.48792,3.961584
83.82618,3.74758
84.16445,3.524878
84.50271,3.293263
84.67184,3.174062
84.84097,3.052587
85.0101,2.928842
85.17923,2.802841
85.34837,2.674607
85.5175,2.544201
85.68663,2.411682
85.85576,2.277143
86.02489,2.140706
86.19402,2.002529
86.36315,1.862813
86.53228,1.721811
86.70141,1.579837
86.87054,1.437284
87.03967,1.29463
87.2088,1.15247
87.37793,1.011525
87.54706,0.8726841
87.71619,0.7370309
87.88532,0.6058923
87.96989,0.5425065
88.05446,0.4808854
88.13903,0.4212901
88.22359,0.3640164
88.26588,0.3363399
88.30816,0.3093715
88.35044,0.2831502
88.39272,0.2577241
88.43501,0.2331381
88.47729,0.2094572
88.51957,0.1867318
88.56185,0.1650213
88.60414,0.1443835
88.62528,0.1344917
88.64642,0.1248944
88.66756,0.1156003
88.6887,0.1066186
88.70984,0.09795861
88.73098,0.08962986
88.75213,0.08163855
88.77327,0.07400234
88.79441,0.06672778
88.81555,0.05982558
88.83669,0.05330671
88.85783,0.04718249
88.87897,0.04146454
88.90011,0.0361648
88.92126,0.03129336
88.9424,0.02686746
88.96354,0.02289769
88.98468,0.01939742
89.00582,0.01638039
89.02696,0.01386074
89.0481,0.01185302
89.06924,0.01037219
89.09039,0.009433341
89.11153,0.009053218
89.13267,0.009247555
89.15381,0.01003314
89.17495,0.01142725
89.19609,0.01344766
89.21723,0.01611271
89.23837,0.01944123
89.25952,0.0234547
89.28066,0.02816934
89.3018,0.03360746
89.32294,0.03979028
89.34408,0.04673965
89.36522,0.05447808
89.38636,0.06302876
89.4075,0.0724156
89.42865,0.08266827
89.44979,0.09380249
89.47093,0.1058491
89.49207,0.118835
89.51321,0.132788
89.53435,0.1477369
89.55549,0.1637112
89.57663,0.1807415
89.59778,0.1988679
89.61892,0.218106
89.64006,0.2384974
89.6612,0.2600768
89.68234,0.2828798
89.70348,0.3069433
89.72462,0.3323053
89.74576,0.359005
89.76691,0.3870966
89.78805,0.4165954
89.80919,0.4475576
89.83033,0.4800279
89.85147,0.5140524
89.87261,0.5496787
89.89375,0.5869563
89.91489,0.625936
89.93604,0.6666901
89.95718,0.7092347
89.97832,0.7536449
89.99946,0.7999789
90.0206,0.848297
90.04174,0.8986614
90.06288,0.9511369
90.08402,1.00579
90.10517,1.062717
90.12631,1.121937
90.14745,1.183548
90.16859,1.247629
90.18973,1.314259
90.21087,1.383519
90.25315,1.530278
90.29544,1.688665
90.33772,1.85938
90.38,2.043292
90.42228,2.2413
90.46457,2.454422
90.50685,2.683602
90.54913,2.930015
90.59141,3.194876
90.6337,3.479572
90.67598,3.785393
90.71827,4.114028
90.76055,4.466997
90.80284,4.846286
90.84512,5.253693
90.8874,5.691455
90.92968,6.161917
90.97197,6.667758
91.01425,7.211535
91.05653,7.796415
91.09881,8.425743
91.1411,9.103354
91.18338,9.832955
91.22566,10.61913
91.26794,11.46676
91.31023,12.38145
91.35251,13.36872
91.39479,14.43535
91.43707,15.58866
91.47936,16.83705
91.52164,18.18896
91.56392,19.65476
91.6062,21.24568
91.64849,22.97476
91.69077,24.85532
91.73305,26.90369
91.77533,29.13781
91.81762,31.57858
91.8599,34.24789
91.90218,37.17246
91.94446,40.38215
91.96561,42.10523
91.98675,43.91198
92.00789,45.80826
92.02903,47.79949
92.05017,49.89153
92.07131,52.09063
92.09245,54.40355
92.11359,56.83756
92.13474,59.40174
92.15588,62.10213
92.17702,64.94904
92.19816,67.95235
92.2193,71.12277
92.24044,74.47188
92.26158,78.01226
92.28272,81.75758
92.30387,85.72462
92.32501,89.92585
92.34615,94.38071
92.36729,99.1085
92.38843,104.1303
92.40957,109.4691
92.43071,115.1503
92.45185,121.2017
92.473,127.6568
92.49414,134.5435
92.51528,141.9016
92.53642,149.7723
92.55756,158.2009
92.5787,167.238
92.59984,176.9396
92.62098,187.3679
92.64213,198.5981
92.66327,210.6973
92.68441,223.7577
92.70555,237.8771
92.72669,253.1655
92.74783,269.7469
92.76897,287.7614
92.79011,307.3677
92.81126,328.7566
92.8324,352.1133
92.85354,377.6815
92.87468,405.7291
92.89582,436.5636
92.91696,470.5382
92.9381,508.0605
92.94867,528.2964
92.95924,549.6013
92.96982,572.0676
92.98039,595.7289
92.99096,620.688
93.00153,647.0332
93.0121,674.8601
93.02267,704.2715
93.03324,735.3786
93.04381,768.3016
93.05438,803.1702
93.06495,840.1243
93.07552,879.3155
93.08609,920.907
93.09666,965.0752
93.10723,1012.011
93.1178,1061.918
93.12837,1115.019
93.13895,1171.607
93.14952,1231.829
93.16009,1296.01
93.17066,1364.444
93.18123,1437.441
93.1918,1515.33
93.20237,1598.46
93.21294,1687.194
93.22351,1781.91
93.23408,1882.998
93.24465,1990.849
93.25522,2105.857
93.26579,2228.399
93.27636,2358.831
93.28693,2497.466
93.2975,2644.556
93.31016,2832.078
93.32282,3032.008
93.33548,3244.062
93.34813,3467.33
93.36079,3700.873
93.37344,3942.342
93.39875,4437.776
93.41141,4683.446
93.42407,4920.636
93.43673,5143.103
93.44938,5344.0
93.46204,5516.916
93.47469,5655.324
93.48735,5754.209
93.5,5809.716
93.51266,5820.137
93.52532,5785.7
93.53798,5708.717
93.55063,5593.347
93.56329,5444.752
93.57594,5269.283
93.5886,5073.041
93.60125,4862.524
93.62657,4419.821
93.65188,3977.728
93.66454,3764.519
93.67719,3559.403
93.68985,3363.281
93.7025,3177.201
93.7148,3006.091
93.7271,2844.733
93.7394,2692.999
93.7517,2550.621
93.764,2417.234
93.7763,2292.411
93.7886,2175.69
93.8009,2066.593
93.8132,1964.639
93.8255,1869.356
93.8378,1780.289
93.8501,1697.0
93.8624,1619.078
93.8747,1546.135
93.887,1477.808
93.8993,1413.76
93.9116,1353.675
93.9239,1297.265
93.9362,1244.26
93.9485,1194.414
93.9608,1147.497
93.9731,1103.299
93.9854,1061.627
93.9977,1022.302
94.01,985.1601
94.0223,950.05
94.0346,916.8322
94.0469,885.3785
94.0592,855.5706
94.0715,827.2994
94.0838,800.4641
94.0961,774.9718
94.1207,727.6789
94.1453,684.8075
94.1699,645.8322
94.1945,610.3007
94.2191,577.823
94.2437,548.0611
94.2683,520.722
94.2929,495.5501
94.3175,472.3223
94.3421,450.843
94.3667,430.9403
94.3913,412.4628
94.4159,395.2765
94.4405,379.2628
94.4651,364.3163
94.48969,350.3486
94.51429,337.2646
94.53889,324.995
94.56349,313.4727
94.58809,302.6371
94.61269,292.4337
94.63729,282.8133
94.66189,273.7316
94.68649,265.148
94.71109,257.0261
94.73569,249.3326
94.76029,242.037
94.78489,235.1119
94.80949,228.5317
94.83409,222.2735
94.88329,210.6395
94.93249,200.0598
94.98169,190.4071
95.03089,181.5731
95.08009,173.4649
95.12929,166.0024
95.17849,159.1167
95.22769,152.7476
95.27688,146.8441
95.32608,141.358
95.37528,136.2504
95.42448,131.4858
95.47368,127.033
95.52288,122.8642
95.57208,118.9547
95.62128,115.2825
95.67048,111.828
95.71968,108.5734
95.76888,105.5029
95.81808,102.6022
95.86728,99.85849
95.91648,97.25997
95.96568,94.79608
96.01488,92.45723
96.06407,90.23507
96.11327,88.12073
96.16247,86.10736
96.26087,82.3574
96.35927,78.93809
96.45766,75.80991
96.55606,72.93836
96.65446,70.29482
96.75286,67.85437
96.85125,65.59574
96.94965,63.49981
97.04805,61.55055
97.14645,59.73373
97.24485,58.03686
97.34325,56.44891
97.44165,54.96015
97.54005,53.56192
97.63844,52.24666
97.73684,51.00723
97.83524,49.83762
97.93364,48.7323
98.03204,47.68631
98.13044,46.69516
98.22884,45.7548
98.32724,44.86156
98.42563,44.01218
98.52403,43.20346
98.62243,42.43272
98.72083,41.69743
98.81923,40.99527
98.91763,40.32413
99.01603,39.68205
99.21282,38.47812
99.40962,37.37065
99.60641,36.34888
99.80321,35.4034
100.0,34.52627
100.1782,33.78507
100.3563,33.09001
100.5344,32.43662
100.7125,31.82137
100.8907,31.24075
101.0688,30.69259
101.2469,30.174
101.425,29.68271
101.6032,29.21639
101.7813,28.77371
101.9594,28.35272
102.1375,27.95189
102.3156,27.56983
102.4937,27.20527
102.6718,26.85705
102.8499,26.52412
102.8501,95.36496
109.8586,92.54883
116.867,89.9826
123.876,87.62954
130.885,85.4626
137.894,83.45688
144.903,81.59426
151.912,79.85833
158.921,78.2352
165.93,76.71195
172.939,75.27959
179.948,73.92932
186.957,72.6535
193.966,71.44481
200.975,70.29808
214.993,68.1704
229.011,66.23469
243.029,64.4642
257.047,62.83589
271.065,61.332
285.083,59.93659
299.101,58.63768
313.119,57.42453
327.137,56.288
341.155,55.21975
355.173,54.2136
369.191,53.26368
383.209,52.3649
411.245,50.70267
439.281,49.1978
467.317,47.82619
495.353,46.5695
523.389,45.41206
551.425,44.3416
579.4608,43.34733
607.4965,42.4208
635.5323,41.55457
663.568,40.7423
691.604,39.97825
719.64,39.25805
747.676,38.57762
775.712,37.9334
831.784,36.74104
887.856,35.6604
943.928,34.67462
1000.0,33.7707
1070.313,33.17096
1140.625,32.61906
1210.938,32.10855
1281.25,31.6342
1351.563,31.19148
1421.875,30.77696
1562.5,30.0207
1703.125,29.3457
1843.75,28.73771
1984.375,28.18568
2125.0,27.681
2265.625,27.21668
2406.25,26.78742
2546.875,26.38876
2687.5,26.017
2828.125,25.66898
2968.75,25.34218
3250.0,24.7437
3531.25,24.20717
3812.5,23.72211
4093.75,23.28031
4375.0,22.8753
4656.25,22.50186
4937.5,22.15589
5218.75,21.83399
5500.0,21.5333
6062.5,20.98631
6625.0,20.5
7187.5,20.06314
7750.0,19.6675
8312.5,19.30658
8875.0,18.97529
9437.5,18.66954
10000.0,18.386
10703.13,18.14845
11406.25,17.9288
12109.38,17.72472
12812.5,17.5343
14218.75,17.18822
15625.0,16.8807
17031.25,16.60446
18437.5,16.35415
19843.75,16.12561
21250.0,15.9156
22656.25,15.72149
24062.5,15.54123
26875.0,15.2157
29687.5,14.92838
32500.0,14.6718
35312.5,14.44041
38125.0,14.23
40937.5,14.03732
43750.0,13.8598
46562.5,13.69532
49375.0,13.54228
55000.0,13.2652
60625.0,13.02001
66250.0,12.80054
71875.0,12.60223
77500.0,12.4216
83125.0,12.25592
88750.0,12.10308
94375.0,11.96138
100000.0,11.8294
106250.0,11.60176
112500.0,11.39115
118750.0,11.19545
125000.0,11.0129
137500.0,10.68152
150000.0,10.3877
162500.0,10.12458
175000.0,9.886919
187500.0,9.670677
200000.0,9.47268
218750.0,9.204439
237500.0,8.96496
256250.0,8.749221
275000.0,8.55338
293750.0,8.374419
312500.0,8.209941
331250.0,8.058004
350000.0,7.91702
368750.0,7.785665
387500.0,7.662846
425000.0,7.43924
428170.0,7.42153
428172.7,7.421514
428193.0,7.42139
430000.0,7.39909
447500.0,7.19714
465000.0,7.00397
500000.0,6.64122
525000.0,6.437252
550000.0,6.248612
575000.0,6.073525
600000.0,5.91049
650000.0,5.643299
700000.0,5.4067
750000.0,5.184946
800000.0,4.98575
850000.0,4.861433
900000.0,4.747063
1000000.0,4.54325
1041530.0,4.56336
1041534.0,4.563358
1044638.0,4.561856
1047741.0,4.560359
1053947.0,4.55738
1066360.0,4.55148
1066362.0,4.551478
1070180.0,4.54775
1077343.0,4.540902
1084505.0,4.53411
1098830.0,4.52069
1113158.0,4.507573
1127485.0,4.494661
1141813.0,4.481948
1156140.0,4.46943
1179605.0,4.449859
1203070.0,4.430757
1226535.0,4.412104
1250000.0,4.39388
1270760.0,4.37534
1298225.0,4.353473
1325690.0,4.33217
1329421.0,4.327778
1333152.0,4.323402
1340613.0,4.314702
1355535.0,4.297498
1370458.0,4.280549
1385380.0,4.26385
1397760.0,4.25106
1400955.0,4.243918
1404150.0,4.236804
1410540.0,4.22266
1423320.0,4.194703
1436100.0,4.167178
1448880.0,4.140076
1474440.0,4.087097
1500000.0,4.03569
1566460.0,4.104632
1632920.0,4.171814
1699380.0,4.23735
1765840.0,4.301342
1765844.0,4.301345
1770493.0,4.305291
1775142.0,4.309231
1784440.0,4.317089
1789315.0,4.31882
1794190.0,4.320547
1797922.0,4.321774
1801653.0,4.322998
1809115.0,4.325441
1824040.0,4.3303
1824042.0,4.3303
1830599.0,4.329215
1837155.0,4.328134
1850270.0,4.325984
1850276.0,4.325983
1854500.0,4.325314
1859306.0,4.322777
1864112.0,4.320247
1873723.0,4.315213
1892945.0,4.305239
1912168.0,4.295388
1931390.0,4.285658
1931391.0,4.285657
1938577.0,4.27826
1945763.0,4.270903
1960135.0,4.256307
1974508.0,4.241866
1988880.0,4.22758
1988886.0,4.227568
1994443.0,4.216062
2000000.0,4.20462
2022660.0,4.22366
2029118.0,4.228083
2035575.0,4.232496
2048490.0,4.241294
2061405.0,4.250056
2074320.0,4.25878
2074323.0,4.258782
2080571.0,4.262602
2086818.0,4.266414
2099312.0,4.274014
2124303.0,4.28912
2149294.0,4.304102
2174285.0,4.318962
2199277.0,4.333703
2224268.0,4.348327
2274250.0,4.377232
2279490.0,4.380496
2284729.0,4.383755
2295208.0,4.390258
2316165.0,4.403202
2337123.0,4.416069
2358080.0,4.428857
2364915.0,4.432451
2371750.0,4.436038
2377756.0,4.439382
2383762.0,4.44272
2395773.0,4.449378
2419795.0,4.462623
2443818.0,4.475777
2467840.0,4.48884
2475880.0,4.490442
2483920.0,4.492039
2500000.0,4.49522
2508340.0,4.50855
2508346.0,4.508559
2508850.0,4.5093
2516525.0,4.512013
2524199.0,4.514718
2539547.0,4.520109
2570244.0,4.530814
2600941.0,4.541417
2631638.0,4.55192
2662335.0,4.562325
2693032.0,4.572634
2754425.0,4.592971
2815819.0,4.612948
2877213.0,4.632578
2938607.0,4.651875
3000000.0,4.67085
3031250.0,4.66982
3062500.0,4.668801
3093750.0,4.667792
3125000.0,4.666794
3187500.0,4.664827
3250000.0,4.6629
3312500.0,4.661949
3375000.0,4.661015
3437500.0,4.660099
3500000.0,4.6592
3562500.0,4.657421
3625000.0,4.655674
3687500.0,4.653957
3750000.0,4.65227
3812500.0,4.65132
3875000.0,4.650385
3937500.0,4.649465
4000000.0,4.64856
4045872.0,4.631304
4091743.0,4.614306
4137614.0,4.597559
4183485.0,4.581057
4229357.0,4.564792
4275228.0,4.54876
4321099.0,4.532955
4366970.0,4.51737
4406534.0,4.504038
4428690.0,4.496641
4446098.0,4.490863
4485662.0,4.477844
4525225.0,4.464976
4564789.0,4.452257
4604353.0,4.439683
4643917.0,4.427251
4683480.0,4.41496
4723045.0,4.402769
4762610.0,4.390713
4802175.0,4.378789
4841740.0,4.366995
4881305.0,4.355329
4920870.0,4.343787
4960435.0,4.332369
5000000.0,4.32107
5031250.0,4.304213
5062500.0,4.287527
5125000.0,4.25465
5187500.0,4.22242
5250000.0,4.190816
5312500.0,4.159818
5375000.0,4.129407
5437500.0,4.099567
5500000.0,4.07028
5562500.0,4.041443
5625000.0,4.013129
5687500.0,3.985323
5750000.0,3.95801
5812500.0,3.931135
5875000.0,3.904727
5937500.0,3.878773
6000000.0,3.85326
6037690.0,3.829502
6075379.0,3.806038
6113069.0,3.782861
6150758.0,3.759967
6188448.0,3.737349
6226137.0,3.715004
6263826.0,3.692927
6301515.0,3.671112
6339205.0,3.649554
6376894.0,3.628249
6414584.0,3.607194
6452273.0,3.586383
6489963.0,3.565811
6527652.0,3.545477
6565341.0,3.525374
6603030.0,3.5055
6603034.0,3.505498
6646689.0,3.482181
6664750.0,3.472624
6690343.0,3.459171
6733998.0,3.436461
6777652.0,3.414046
6821307.0,3.391918
6864961.0,3.370075
6908616.0,3.348509
6952270.0,3.327216
6995925.0,3.30619
7039580.0,3.285426
7083235.0,3.26492
7126890.0,3.244666
7170545.0,3.224661
7214200.0,3.2049
7257855.0,3.185377
7301510.0,3.16609
7345165.0,3.146667
7388820.0,3.127477
7432475.0,3.108517
7476130.0,3.089781
7519785.0,3.071266
7563440.0,3.052969
7607095.0,3.034884
7650750.0,3.01701
7694407.0,2.999129
7738063.0,2.981455
7825375.0,2.946712
7912688.0,2.912752
7956344.0,2.896058
8000000.0,2.87955
8049608.0,2.886192
8099215.0,2.892808
8148823.0,2.899399
8198430.0,2.905965
8248038.0,2.912506
8297645.0,2.919022
8347253.0,2.925514
8396860.0,2.931981
8446468.0,2.938425
8496075.0,2.944845
8545683.0,2.951242
8595290.0,2.957615
8644898.0,2.963965
8694505.0,2.970293
8744113.0,2.976598
8793720.0,2.98288
8793722.0,2.982879
8831010.0,2.965335
8869114.0,2.947588
8944506.0,2.913009
9019898.0,2.87912
9095290.0,2.845902
9170683.0,2.813337
9246075.0,2.781407
9321468.0,2.750094
9396860.0,2.719382
9472253.0,2.689254
9547645.0,2.659694
9623038.0,2.630688
9698430.0,2.602222
9773823.0,2.57428
9849215.0,2.546849
9924608.0,2.519917
10000000.0,2.49347
10062500.0,2.494997
10125000.0,2.496516
10187500.0,2.498026
10250000.0,2.499528
10312500.0,2.501022
10375000.0,2.502507
10437500.0,2.503985
10500000.0,2.505455
10562500.0,2.506916
10625000.0,2.50837
10687500.0,2.509816
10750000.0,2.511255
10812500.0,2.512686
10875000.0,2.51411
10937500.0,2.515526
11000000.0,2.516935
11062500.0,2.518337
11125000.0,2.519732
11187500.0,2.521119
11250000.0,2.5225
11312500.0,2.523874
11375000.0,2.525241
11437500.0,2.526601
11500000.0,2.527955
11562500.0,2.529301
11625000.0,2.530642
11687500.0,2.531976
11750000.0,2.533303
11812500.0,2.534624
11875000.0,2.535939
11937500.0,2.537248
12000000.0,2.53855
12031250.0,2.541841
12062500.0,2.545128
12093750.0,2.548411
12125000.0,2.551689
12156250.0,2.554964
12187500.0,2.558234
12218750.0,2.561499
12250000.0,2.564761
12281250.0,2.568018
12312500.0,2.571272
12343750.0,2.574521
12375000.0,2.577766
12437500.0,2.584243
12500000.0,2.590705
12562500.0,2.59715
12625000.0,2.603579
12687500.0,2.609992
12750000.0,2.616389
12812500.0,2.622771
12875000.0,2.629137
12937500.0,2.635487
13000000.0,2.641823
13062500.0,2.648142
13125000.0,2.654447
13187500.0,2.660737
13250000.0,2.667012
13312500.0,2.673271
13375000.0,2.679517
13437500.0,2.685747
13500000.0,2.691963
13562500.0,2.698165
13625000.0,2.704352
13687500.0,2.710525
13750000.0,2.716684
13812500.0,2.722829
13875000.0,2.72896
13937500.0,2.735077
14000000.0,2.74118
14059000.0,2.747491
14117990.0,2.75379
14176990.0,2.760077
14235980.0,2.766351
14294980.0,2.772615
14353970.0,2.778866
14412960.0,2.785106
14471950.0,2.791333
14530950.0,2.797551
14589940.0,2.803756
14648940.0,2.80995
14707930.0,2.816132
14766930.0,2.822305
14825920.0,2.828464
14884910.0,2.834613
14943900.0,2.840751
15002900.0,2.846879
15061890.0,2.852995
15120890.0,2.859101
15179880.0,2.865195
15238880.0,2.871279
15297870.0,2.877352
15356860.0,2.883414
15415850.0,2.889466
15474850.0,2.895508
15533840.0,2.901539
15592840.0,2.907561
15651830.0,2.913571
15710830.0,2.919571
15769820.0,2.925561
15828810.0,2.931541
15887800.0,2.93751
15943900.0,2.942525
16000000.0,2.94753
16062500.0,2.951813
16125000.0,2.956085
16187500.0,2.960347
16250000.0,2.964598
16312500.0,2.96884
16318200.0,2.969226
16375000.0,2.973071
16437500.0,2.977292
16500000.0,2.981503
16562500.0,2.985704
16625000.0,2.989895
16687500.0,2.994076
16750000.0,2.998247
16812500.0,3.002409
16875000.0,3.006561
16937500.0,3.010703
17000000.0,3.014836
17062500.0,3.018959
17125000.0,3.023072
17187500.0,3.027177
17250000.0,3.031272
17312500.0,3.035357
17375000.0,3.039433
17437500.0,3.043501
17500000.0,3.047559
17562500.0,3.051608
17625000.0,3.055647
17687500.0,3.059678
17750000.0,3.0637
17812500.0,3.067713
17875000.0,3.071718
17937500.0,3.075713
18000000.0,3.0797
18125000.0,3.081209
18250000.0,3.082708
18375000.0,3.084197
18500000.0,3.085678
18625000.0,3.087149
18750000.0,3.08861
18875000.0,3.090063
19000000.0,3.091507
19125000.0,3.092942
19250000.0,3.094368
19375000.0,3.095786
19500000.0,3.097195
19625000.0,3.098596
19750000.0,3.099989
19875000.0,3.101374
20000000.0,3.10275
20000010.0,3.08
21000000.0,3.063105
21877230.0,3.030427
22000000.0,3.0245
22094640.0,3.01974
22113240.0,3.018789
22199980.0,3.014292
23000000.0,2.96784
24000000.0,2.8973
24855580.0,2.829997
25000000.0,2.818254
25249400.0,2.797593
25756490.0,2.753809
26000000.0,2.7318
27000000.0,2.64134
28000000.0,2.5514
28883310.0,2.471514
29000000.0,2.461108
29224350.0,2.441283
30000000.0,2.3753
30572460.0,2.329465
31000000.0,2.296588
32000000.0,2.223905
32451680.0,2.192895
33000000.0,2.156676
33144430.0,2.147387
34000000.0,2.094412
34445390.0,2.068168
35000000.0,2.0367
36000000.0,1.987701
37000000.0,1.95006
37151550.0,1.945198
37521940.0,1.934142
38000000.0,1.921478
38323350.0,1.913846
39000000.0,1.90003
40000000.0,1.8841
40797010.0,1.875553
41000000.0,1.874099
41094740.0,1.873519
41732600.0,1.87119
42000000.0,1.871011
43000000.0,1.874329
44000000.0,1.883616
45000000.0,1.8985
45146390.0,1.901074
45498390.0,1.907288
46000000.0,1.916292
47000000.0,1.935254
48000000.0,1.956382
49000000.0,1.980566
49426400.0,1.992005
50000000.0,2.0086
50301280.0,2.017669
51000000.0,2.038479
52000000.0,2.067775
53000000.0,2.096585
53823220.0,2.120001
54000000.0,2.124999
54765240.0,2.146528
55000000.0,2.1531
56000000.0,2.180947
57000000.0,2.208478
57358820.0,2.218261
58000000.0,2.235592
59000000.0,2.262194
59292320.0,2.269861
60000000.0,2.2882
61000000.0,2.312748
61348050.0,2.320803
62000000.0,2.335297
62386670.0,2.343561
63000000.0,2.356224
64000000.0,2.375883
65000000.0,2.3946
66000000.0,2.411858
66930740.0,2.426115
67000000.0,2.427111
68000000.0,2.440614
69000000.0,2.452603
70000000.0,2.4633
71000000.0,2.472623
71893750.0,2.479646
72000000.0,2.480401
73000000.0,2.48671
74000000.0,2.49162
75000000.0,2.4952
76000000.0,2.497541
77000000.0,2.498694
77043930.0,2.498718
78000000.0,2.498665
79000000.0,2.497463
79875020.0,2.495459
80000000.0,2.4951
81000000.0,2.491722
82000000.0,2.487453
83000000.0,2.482271
84000000.0,2.476158
84988010.0,2.46919
85000000.0,2.4691
86000000.0,2.461248
87000000.0,2.452744
88000000.0,2.443566
89000000.0,2.433691
90000000.0,2.4231
91000000.0,2.41189
92000000.0,2.400188
93000000.0,2.388035
94000000.0,2.375461
95000000.0,2.3625
96000000.0,2.34914
97000000.0,2.335352
98000000.0,2.321145
99000000.0,2.306525
100000000.0,2.2915
102000000.0,2.260725
104000000.0,2.22931
106000000.0,2.197271
108000000.0,2.164627
110000000.0,2.1314
112000000.0,2.09789
114000000.0,2.064333
116000000.0,2.030666
118000000.0,1.996836
120000000.0,1.9628
122000000.0,1.928978
124000000.0,1.895689
126000000.0,1.862761
128000000.0,1.830043
130000000.0,1.7974
132000000.0,1.765109
134000000.0,1.733478
136000000.0,1.702439
138000000.0,1.671931
140000000.0,1.6419
142000000.0,1.612418
144000000.0,1.583551
146000000.0,1.555242
148000000.0,1.527441
150000000.0,1.5001
