1e-05,67.6972
1.03125e-05,67.69719
1.0625e-05,67.69717
1.09375e-05,67.69715
1.125e-05,67.69713
1.15625e-05,67.69712
1.1875e-05,67.6971
1.21875e-05,67.69708
1.25e-05,67.69706
1.28125e-05,67.69705
1.3125e-05,67.69703
1.34375e-05,67.69701
1.375e-05,67.69699
1.4375e-05,67.69696
1.5e-05,67.69693
1.5625e-05,67.69689
1.625e-05,67.69686
1.6875e-05,67.69682
1.75e-05,67.69679
1.8125e-05,67.69676
1.875e-05,67.69672
1.9375e-05,67.69669
2e-05,67.69666
2.09375e-05,67.69661
2.1875e-05,67.69656
2.28125e-05,67.69651
2.375e-05,67.69646
2.46875e-05,67.69641
2.5625e-05,67.69636
2.65625e-05,67.69631
2.75e-05,67.69626
2.84375e-05,67.69621
2.9375e-05,67.69616
3.03125e-05,67.69611
3.125e-05,67.69606
3.21875e-05,67.69602
3.3125e-05,67.69597
3.40625e-05,67.69592
3.5e-05,67.69587
3.59375e-05,67.69582
3.6875e-05,67.69577
3.78125e-05,67.69573
3.875e-05,67.69568
3.96875e-05,67.69563
4.0625e-05,67.69558
4.25e-05,67.69549
4.4375e-05,67.69539
4.625e-05,67.69529
4.8125e-05,67.6952
5e-05,67.6951
5.15625e-05,67.69502
5.3125e-05,67.69495
5.46875e-05,67.69487
5.625e-05,67.69479
5.78125e-05,67.69471
5.9375e-05,67.69463
6.09375e-05,67.69455
6.25e-05,67.69447
6.40625e-05,67.6944
6.5625e-05,67.69432
6.71875e-05,67.69424
6.875e-05,67.69416
7.1875e-05,67.694
7.5e-05,67.69385
7.8125e-05,67.69369
8.125e-05,67.69354
8.4375e-05,67.69338
8.75e-05,67.69323
9.0625e-05,67.69307
9.375e-05,67.69292
9.6875e-05,67.69276
0.0001,67.69261
0.000103125,67.69246
0.00010625,67.6923
0.000109375,67.69215
0.0001125,67.69199
0.000115625,67.69184
0.00011875,67.69169
0.000121875,67.69153
0.000125,67.69138
0.000128125,67.69123
0.00013125,67.69107
0.000134375,67.69092
0.0001375,67.69077
0.00014375,67.69046
0.00015,67.69016
0.00015625,67.68986
0.0001625,67.68955
0.00016875,67.68925
0.000175,67.68894
0.00018125,67.68864
0.0001875,67.68834
0.00019375,67.68804
0.0002,67.68773
0.000209375,67.68728
0.00021875,67.68683
0.000228125,67.68638
0.0002375,67.68592
0.000246875,67.68547
0.00025625,67.68502
0.000265625,67.68457
0.000275,67.68412
0.000284375,67.68367
0.00029375,67.68322
0.000303125,67.68277
0.0003125,67.68232
0.000321875,67.68187
0.00033125,67.68143
0.000340625,67.68098
0.00035,67.68053
0.000359375,67.68008
0.00036875,67.67963
0.000378125,67.67919
0.0003875,67.67874
0.000396875,67.67829
0.00040625,67.67785
0.000425,67.67695
0.00044375,67.67606
0.0004625,67.67517
0.00048125,67.67428
0.0005,67.67339
0.000515625,67.67265
0.00053125,67.6719
0.000546875,67.67116
0.0005625,67.67042
0.000578125,67.66968
0.00059375,67.66894
0.000609375,67.6682
0.000625,67.66746
0.000640625,67.66672
0.00065625,67.66599
0.000671875,67.66525
0.0006875,67.66451
0.00071875,67.66303
0.00075,67.66156
0.00078125,67.66008
0.0008125,67.65861
0.00084375,67.65714
0.000875,67.65566
0.00090625,67.65419
0.0009375,67.65272
0.00096875,67.65125
0.001,67.64978
0.00103125,67.64831
0.0010625,67.64684
0.00109375,67.64538
0.001125,67.64391
0.00115625,67.64244
0.0011875,67.64098
0.00121875,67.63951
0.00125,67.63804
0.00128125,67.63658
0.0013125,67.63511
0.00134375,67.63365
0.001375,67.63219
0.0014375,67.62926
0.0015,67.62633
0.0015625,67.62341
0.001625,67.62049
0.0016875,67.61757
0.00175,67.61465
0.0018125,67.61173
0.001875,67.60881
0.0019375,67.60589
0.002,67.60298
0.00209375,67.5986
0.0021875,67.59423
0.00228125,67.58987
0.002375,67.5855
0.00246875,67.58113
0.0025625,67.57677
0.00265625,67.57241
0.00275,67.56805
0.00284375,67.56369
0.0029375,67.55934
0.00303125,67.55498
0.003125,67.55063
0.00321875,67.54628
0.0033125,67.54192
0.00340625,67.53757
0.0035,67.53323
0.00359375,67.52888
0.0036875,67.52453
0.00378125,67.52019
0.003875,67.51585
0.00396875,67.5115
0.0040625,67.50716
0.00425,67.49848
0.0044375,67.48981
0.004625,67.48114
0.0048125,67.47247
0.005,67.46381
0.00515625,67.45659
0.0053125,67.44938
0.00546875,67.44216
0.005625,67.43496
0.00578125,67.42775
0.0059375,67.42055
0.00609375,67.41334
0.00625,67.40615
0.00640625,67.39895
0.0065625,67.39175
0.00671875,67.38456
0.006875,67.37737
0.0071875,67.363
0.0075,67.34863
0.0078125,67.33428
0.008125,67.31993
0.0084375,67.30559
0.00875,67.29125
0.0090625,67.27693
0.009375,67.26261
0.0096875,67.2483
0.01,67.234
0.0103125,67.21971
0.010625,67.20542
0.0109375,67.19114
0.01125,67.17687
0.0115625,67.16261
0.011875,67.14835
0.0121875,67.1341
0.0125,67.11986
0.0128125,67.10562
0.013125,67.09139
0.0134375,67.07717
0.01375,67.06295
0.014375,67.03454
0.015,67.00616
0.015625,66.9778
0.01625,66.94947
0.016875,66.92117
0.0175,66.89289
0.018125,66.86464
0.01875,66.83641
0.019375,66.80821
0.02,66.78004
0.0206625,66.7502
0.021325,66.72039
0.0219875,66.69061
0.02265,66.66086
0.0233125,66.63113
0.023975,66.60144
0.0246375,66.57177
0.0253,66.54212
0.02607188,66.50762
0.02684375,66.47316
0.02761563,66.43873
0.0283875,66.40434
0.02915938,66.36999
0.02993125,66.33567
0.03070313,66.30139
0.031475,66.26714
0.03224688,66.23293
0.03301875,66.19876
0.03379063,66.16463
0.0345625,66.13052
0.03610625,66.06243
0.03765,65.99448
0.03919375,65.92667
0.0407375,65.859
0.04228125,65.79146
0.043825,65.72407
0.04536875,65.65682
0.0469125,65.58971
0.04845625,65.52273
0.05,65.45589
0.0515625,65.38837
0.053125,65.321
0.0546875,65.25376
0.05625,65.18667
0.0578125,65.11971
0.059375,65.05288
0.0609375,64.9862
0.0625,64.91965
0.0640625,64.85323
0.065625,64.78695
0.0671875,64.72081
0.06875,64.65479
0.0703125,64.58892
0.071875,64.52317
0.075,64.39208
0.078125,64.26152
0.08125,64.13148
0.084375,64.00197
0.0875,63.87297
0.090625,63.74449
0.09375,63.61652
0.096875,63.48905
0.1,63.3621
0.103125,63.23564
0.10625,63.10969
0.109375,62.98423
0.1125,62.85927
0.115625,62.73479
0.11875,62.61081
0.121875,62.48731
0.125,62.36429
0.128125,62.24176
0.13125,62.1197
0.134375,61.99811
0.1375,61.877
0.140625,61.75635
0.14375,61.63618
0.146875,61.51646
0.15,61.39721
0.15625,61.16008
0.1625,60.92477
0.16875,60.69126
0.175,60.45952
0.18125,60.22953
0.1875,60.00129
0.19375,59.77477
0.2,59.54995
0.2046875,59.38244
0.209375,59.21587
0.2140625,59.05024
0.21875,58.88553
0.2234375,58.72173
0.228125,58.55885
0.2328125,58.39687
0.2375,58.23579
0.246875,57.91629
0.25625,57.6003
0.265625,57.28775
0.275,56.97861
0.284375,56.67281
0.29375,56.37031
0.303125,56.07106
0.3125,55.775
0.321875,55.4821
0.33125,55.1923
0.340625,54.90557
0.35,54.62184
0.359375,54.34109
0.36875,54.06327
0.378125,53.78833
0.3875,53.51623
0.396875,53.24694
0.40625,52.98041
0.415625,52.7166
0.425,52.45548
0.434375,52.19701
0.44375,51.94114
0.453125,51.68785
0.4625,51.43709
0.471875,51.18884
0.48125,50.94306
0.5,50.45875
0.53125,49.6725
0.5625,48.91138
0.59375,48.17429
0.625,47.46019
0.65625,46.76809
0.6875,46.09705
0.71875,45.4462
0.75,44.8147
0.78125,44.20175
0.8125,43.6066
0.84375,43.02854
0.875,42.46689
0.90625,41.92101
0.9375,41.39029
0.96875,40.87414
1.0,40.37201
1.0625,39.40772
1.125,38.49351
1.1875,37.62581
1.25,36.80136
1.3125,36.0172
1.375,35.27062
1.4375,34.55914
1.5,33.88049
1.5625,33.23256
1.625,32.61343
1.6875,32.02134
1.75,31.45465
1.8125,30.91184
1.875,30.39153
1.9375,29.8924
2.0,29.41327
2.09375,28.72964
2.1875,28.08506
2.28125,27.47645
2.375,26.901
2.46875,26.35622
2.5625,25.83982
2.65625,25.34974
2.75,24.88411
2.84375,24.44122
2.9375,24.01951
3.03125,23.61756
3.125,23.23407
3.21875,22.86784
3.3125,22.51778
3.40625,22.18288
3.5,21.8622
3.59375,21.5549
3.6875,21.26017
3.78125,20.9773
3.875,20.70559
3.96875,20.44442
4.0625,20.1932
4.15625,19.95139
4.25,19.71849
4.34375,19.49402
4.4375,19.27754
4.53125,19.06865
4.625,18.86695
4.8125,18.48373
5.0,18.12528
5.15625,17.84383
5.3125,17.57678
5.46875,17.32307
5.625,17.08173
5.78125,16.85186
5.9375,16.63267
6.09375,16.42343
6.25,16.22346
6.40625,16.03215
6.5625,15.84895
6.71875,15.67332
6.875,15.50481
7.03125,15.34297
7.1875,15.1874
7.34375,15.03772
7.5,14.8936
7.65625,14.7547
7.8125,14.62075
7.96875,14.49145
8.125,14.36655
8.4375,14.12903
8.75,13.90646
9.0625,13.69732
9.375,13.50031
9.6875,13.31424
10.0,13.13811
10.3125,12.97098
10.625,12.81204
10.9375,12.66056
11.25,12.5159
11.5625,12.37746
11.875,12.2447
12.1875,12.11715
12.5,11.99436
12.8125,11.87594
13.125,11.76152
13.4375,11.65076
13.75,11.54335
14.0625,11.439
14.375,11.33745
14.6875,11.23845
15.0,11.14175
15.3125,11.04716
15.625,10.95445
15.9375,10.86344
16.25,10.77393
16.875,10.59874
17.5,10.42752
18.125,10.25901
18.75,10.09197
19.0625,10.00863
19.375,9.925191
19.6875,9.841512
20.0,9.757431
20.41654,9.64445
20.83307,9.530068
21.2496,9.413862
21.66613,9.295382
22.08266,9.174146
22.49919,9.049631
22.91572,8.921264
23.33225,8.788412
23.74879,8.650371
23.95706,8.579164
24.16532,8.506362
24.37359,8.431844
24.58185,8.355496
24.79012,8.277183
24.99838,8.196773
25.20665,8.114112
25.41491,8.029052
25.62318,7.941415
25.83144,7.851031
26.03971,7.757699
26.24797,7.66122
26.45624,7.561366
26.6645,7.45791
26.87277,7.35059
27.08104,7.239143
27.28931,7.123283
27.49757,7.002714
27.70584,6.877109
27.9141,6.74615
28.12237,6.609488
28.2265,6.538917
28.33063,6.466796
28.43477,6.393075
28.5389,6.317731
28.64303,6.240719
28.74716,6.162006
28.8513,6.081555
28.95543,5.999357
29.05956,5.915389
29.16369,5.829643
29.26783,5.742117
29.37196,5.652845
29.47609,5.56186
29.58022,5.469222
29.68436,5.375015
29.78849,5.279384
29.89262,5.182496
29.99675,5.084582
30.10089,4.985938
30.20502,4.886978
30.30916,4.788192
30.41329,4.690253
30.51743,4.593981
30.62156,4.500464
30.72569,4.411063
30.77776,4.368432
30.82982,4.327532
30.88189,4.288645
30.93396,4.252116
30.98603,4.218332
31.03809,4.187734
31.09016,4.160808
31.14222,4.138133
31.19429,4.120349
31.24635,4.108205
31.29842,4.102547
31.35049,4.104356
31.40256,4.114758
31.45462,4.135046
31.50669,4.166729
31.55875,4.211535
31.61082,4.271504
31.66288,4.348973
31.71495,4.446731
31.76702,4.568004
31.81909,4.716607
31.87115,4.897012
31.89719,5.000827
31.92322,5.114643
31.94925,5.23933
31.97528,5.375796
32.00132,5.525099
32.02735,5.688217
32.05338,5.866406
32.07941,6.060986
32.10545,6.273498
32.13148,6.505383
32.15752,6.758595
32.18355,7.034901
32.20959,7.336691
32.23562,7.666146
32.26165,8.026064
32.28768,8.419433
32.31372,8.849767
32.33975,9.320468
32.36578,9.835882
32.39181,10.40071
32.41785,11.02048
32.44388,11.7007
32.46991,12.44834
32.49594,13.27105
32.52198,14.1779
32.54801,15.17811
32.57405,16.28378
32.60008,17.50707
32.62612,18.86388
32.63914,19.59747
32.65215,20.3704
32.66517,21.18643
32.67818,22.04709
32.6912,22.95672
32.70421,23.91715
32.71723,24.93338
32.73025,26.00848
32.74327,27.14657
32.75628,28.35115
32.7693,29.62892
32.78231,30.98316
32.79533,32.42168
32.80834,33.94847
32.82136,35.57268
32.83438,37.30058
32.8474,39.14027
32.86041,41.09905
32.87343,43.18965
32.88644,45.41949
32.89946,47.80367
32.91247,50.35138
32.92549,53.08069
32.93851,56.00533
32.95153,59.14254
32.96454,62.50872
32.97756,66.13014
32.99058,70.02772
33.0036,74.22747
33.01661,78.75467
33.02963,83.64847
33.04265,88.94139
33.05567,94.67351
33.06868,100.8846
33.0817,107.6344
33.09471,114.9684
33.10773,122.9608
33.12074,131.67
33.13376,141.1883
33.14678,151.5984
33.1598,163.0002
33.17281,175.4955
33.18583,189.2291
33.19884,204.3198
33.21186,220.9473
33.22487,239.2591
33.23789,259.4749
33.2444,270.3565
33.25091,281.7906
33.25742,293.8061
33.26393,306.4327
33.27044,319.701
33.27694,333.6202
33.28345,348.2646
33.28996,363.6451
33.29647,379.7931
33.30297,396.7126
33.30948,414.4854
33.31599,433.1135
33.329,473.0006
33.33969,508.5124
33.35038,546.537
33.36107,587.0513
33.37175,629.9102
33.38244,674.985
33.39313,721.8981
33.4145,819.0467
33.42519,867.8103
33.43588,915.3703
33.44657,960.5415
33.45725,1001.998
33.46794,1038.502
33.47863,1068.764
33.48932,1091.712
33.5,1106.54
33.51069,1112.836
33.52138,1110.535
33.53207,1099.984
33.54275,1081.892
33.55344,1057.181
33.56413,1026.984
33.57482,992.4921
33.5855,954.9141
33.60688,874.5468
33.62825,793.0145
33.63894,753.3303
33.64963,714.9272
33.66032,678.0689
33.671,642.9569
33.67898,617.897
33.68695,593.8931
33.69493,570.8876
33.7029,548.9295
33.71088,527.9457
33.71885,507.964
33.72682,488.9277
33.73479,470.8033
33.74277,453.5338
33.75074,437.1252
33.75872,421.4984
33.76669,406.6544
33.77467,392.5185
33.78264,379.0891
33.79061,366.3126
33.79858,354.1544
33.80656,342.5672
33.81453,331.5485
33.82251,321.0401
33.83048,311.0399
33.84643,292.4046
33.86237,275.4519
33.87832,259.9818
33.89426,245.8548
33.91021,232.9129
33.92615,221.048
33.9421,210.1352
33.95805,200.0853
33.974,190.8123
33.98994,182.2451
34.00589,174.3056
34.02183,166.9439
34.03778,160.0977
34.05372,153.728
34.06967,147.7847
34.08562,142.234
34.10157,137.0422
34.11751,132.1818
34.13346,127.6194
34.1494,123.3363
34.16535,119.305
34.18129,115.5106
34.19724,111.9302
34.21319,108.55
34.22914,105.3549
34.24508,102.3334
34.26103,99.46923
34.27697,96.7549
34.29292,94.17668
34.30886,91.72842
34.32481,89.39845
34.34076,87.18044
34.37265,83.05309
34.40454,79.29351
34.43643,75.85799
34.46833,72.70822
34.50022,69.81408
34.53211,67.14685
34.564,64.68254
34.5959,62.39961
34.62779,60.28126
34.65968,58.31078
34.69157,56.47412
34.72347,54.75838
34.75536,53.15367
34.78725,51.64969
34.81914,50.23777
34.85104,48.90977
34.88293,47.6596
34.91482,46.4806
34.94671,45.36719
34.97861,44.31401
35.0105,43.31714
35.04239,42.37214
35.07428,41.47525
35.10618,40.6228
35.13807,39.81224
35.16996,39.04045
35.20185,38.30484
35.23375,37.60284
35.26564,36.9327
35.32942,35.67951
35.39321,34.53071
35.45699,33.47461
35.52078,32.50055
35.58456,31.59994
35.64835,30.76483
35.71213,29.9888
35.77592,29.26578
35.8397,28.5909
35.90349,27.95947
35.96727,27.36773
36.03106,26.812
36.09484,26.28932
36.15863,25.79678
36.22241,25.33205
36.2862,24.89276
36.34998,24.47706
36.41377,24.08302
36.47755,23.70914
36.54134,23.35385
36.60512,23.01591
36.66891,22.69402
36.73269,22.38717
36.79648,22.09427
36.86026,21.81448
36.92405,21.54688
36.98783,21.29077
37.1154,20.8101
37.24297,20.36744
37.37054,19.95849
37.49811,19.57958
37.62568,19.22754
37.75325,18.89962
37.88083,18.59341
38.0084,18.30687
38.13597,18.03815
38.26354,17.78562
38.39111,17.54787
38.51868,17.32362
38.64625,17.11175
38.77382,16.91124
38.90139,16.72121
39.02896,16.54084
39.15653,16.36941
39.2841,16.20624
39.41167,16.05075
39.53924,15.9024
39.66681,15.76069
39.79438,15.62518
39.92195,15.49546
40.04952,15.37116
40.17709,15.25193
40.30466,15.13746
40.43223,15.02745
40.5598,14.92166
40.81494,14.7217
41.07008,14.53585
41.32522,14.36258
41.58036,14.20062
41.8355,14.04882
42.09065,13.9062
42.34579,13.77191
42.60093,13.64519
42.85607,13.52537
43.11121,13.41187
43.36635,13.30415
43.62149,13.20174
43.87663,13.10423
44.13177,13.01124
44.38691,12.92243
44.64205,12.8375
44.89719,12.75616
45.15233,12.67816
45.40747,12.60329
45.66261,12.53132
45.91775,12.46207
46.1729,12.39537
46.42804,12.33106
46.68318,12.26899
46.93832,12.20902
47.4486,12.09492
47.95888,11.98788
48.46916,11.88714
48.97944,11.79204
49.48972,11.70203
50.0,11.6166
50.39063,11.55404
50.78125,11.49374
51.17188,11.43554
51.5625,11.37931
51.95313,11.32492
52.34375,11.27223
53.125,11.17158
53.90625,11.07658
54.6875,10.98659
55.46875,10.90103
56.25,10.81943
57.03125,10.74137
57.8125,10.66648
58.59375,10.59444
59.375,10.52498
60.15625,10.45784
60.9375,10.39281
61.71875,10.32968
62.5,10.26828
63.28125,10.20845
64.0625,10.15005
64.84375,10.09295
65.625,10.03703
67.1875,9.928292
68.75,9.823086
70.3125,9.720759
71.875,9.620751
73.4375,9.52257
75.0,9.42578
76.5625,9.329987
78.125,9.234834
79.6875,9.139985
81.25,9.045127
82.8125,8.949958
84.375,8.854185
85.9375,8.757517
87.5,8.659662
89.0625,8.560321
90.625,8.459184
92.1875,8.355922
93.75,8.250186
95.3125,8.141592
96.875,8.029721
98.4375,7.914103
100.0,7.794203
101.8433,7.64641
102.7649,7.569598
103.6865,7.490617
104.6082,7.409267
105.5298,7.325353
106.4514,7.238626
107.373,7.148818
108.2947,7.055613
109.2163,6.958683
110.1379,6.857617
111.0595,6.751954
111.9812,6.641145
112.9028,6.524589
113.8244,6.401534
114.2852,6.337303
114.746,6.271108
115.2069,6.202799
115.6677,6.132256
116.1285,6.059302
116.5893,5.983759
117.0501,5.905433
117.5109,5.824107
117.9717,5.739547
118.4325,5.651495
118.8934,5.559648
119.3542,5.463741
119.815,5.363421
120.0454,5.311498
120.2758,5.258338
120.5062,5.203893
120.7366,5.148118
120.967,5.090965
121.1974,5.032388
121.4278,4.972341
121.6582,4.910784
121.8886,4.847679
122.119,4.782995
122.3495,4.716684
122.5799,4.648795
122.8103,4.579312
123.0407,4.508271
123.2711,4.435742
123.5015,4.361842
123.7319,4.286748
123.9623,4.210723
124.0775,4.172472
124.1927,4.134138
124.3079,4.095794
124.4231,4.057521
124.5383,4.019419
124.6535,3.981605
124.7687,3.944214
124.8839,3.907408
124.9991,3.871378
125.1143,3.836346
125.2295,3.802578
125.3447,3.770386
125.4599,3.740139
125.5751,3.712275
125.6903,3.687314
125.8055,3.665877
125.9208,3.648691
126.036,3.636673
126.1512,3.630872
126.2664,3.632576
126.3816,3.643343
126.4968,3.66507
126.612,3.700076
126.7272,3.751215
126.7848,3.783905
126.8424,3.822013
126.9,3.866117
126.9576,3.916863
127.0152,3.974975
127.0728,4.041267
127.1304,4.116657
127.188,4.202179
127.2456,4.299002
127.3032,4.408453
127.3608,4.532038
127.4184,4.671473
127.476,4.828719
127.5336,5.006021
127.5912,5.205961
127.6488,5.431514
127.7064,5.686119
127.764,5.973768
127.8216,6.299114
127.8792,6.667596
127.9368,7.085602
127.9656,7.31548
127.9944,7.560668
128.0232,7.822327
128.052,8.101726
128.0808,8.400249
128.1096,8.719413
128.1384,9.06088
128.1672,9.426471
128.196,9.81819
128.2248,10.23824
128.2536,10.68905
128.2824,11.17331
128.3112,11.69399
128.34,12.25436
128.3688,12.85809
128.3976,13.50923
128.4264,14.21231
128.4552,14.97238
128.484,15.79509
128.5128,16.68678
128.5416,17.65458
128.5704,18.70652
128.5992,19.85167
128.628,21.1003
128.6568,22.46408
128.6856,23.95628
128.7144,25.59208
128.7432,27.38883
128.772,29.36652
128.8008,31.54815
128.8296,33.96034
128.8584,36.63401
128.8728,38.07992
128.8872,39.60516
128.9016,41.21519
128.916,42.91592
128.9304,44.71379
128.9448,46.61577
128.9592,48.62944
128.9736,50.76304
128.988,53.02557
129.0024,55.42682
129.0168,57.97749
129.0312,60.68927
129.0456,63.57496
129.06,66.64857
129.0744,69.92546
129.0888,73.42251
129.1032,77.15827
129.1176,81.15313
129.132,85.42957
129.1464,90.01236
129.1608,94.92887
129.1752,100.2093
129.1896,105.8871
129.204,111.9991
129.2184,118.5865
129.2328,125.6944
129.2472,133.3733
129.2616,141.6788
129.276,150.6727
129.2904,160.4234
129.3048,171.0067
129.3192,182.5062
129.3336,195.0143
129.348,208.6326
129.3624,223.4721
129.3768,239.654
129.3912,257.3092
129.4056,276.5782
129.42,297.609
129.4344,320.5556
129.4488,345.5739
129.4632,372.8154
129.4776,402.4199
129.492,434.503
129.505,465.6599
129.518,498.9143
129.531,534.2259
129.544,571.4819
129.557,610.4764
129.57,650.89
129.596,734.0143
129.609,775.3658
129.622,815.4178
129.635,853.1392
129.648,887.4202
129.661,917.1395
129.674,941.2485
129.687,958.8616
129.7,969.3416
129.7131,972.3572
129.7262,967.8185
129.7393,956.0893
129.7523,937.9941
129.7654,914.135
129.7784,885.8814
129.7915,853.862
129.8045,819.5921
129.8307,746.6746
129.8568,673.7812
129.8699,638.4191
129.8829,604.5849
129.896,571.9698
129.909,541.2011
129.9199,516.6784
129.9308,493.333
129.9417,471.1578
129.9526,450.1315
129.9635,430.2224
129.9744,411.3913
129.9853,393.5937
129.9961,376.932
130.007,361.0489
130.0179,346.0537
130.0288,331.897
130.0397,318.5308
130.0506,305.9086
130.0615,293.9854
130.0724,282.7186
130.0832,272.1628
130.0941,262.0842
130.105,252.5473
130.1159,243.5181
130.1268,234.9647
130.1377,226.8572
130.1486,219.1678
130.1595,211.8704
130.1703,205.0026
130.1812,198.4147
130.1921,192.1509
130.2138,180.5686
130.2356,170.0071
130.2573,160.4409
130.2791,151.6747
130.3009,143.661
130.3227,136.318
130.3444,129.6042
130.3662,123.3952
130.388,117.6687
130.4098,112.3763
130.4315,107.4971
130.4533,102.9489
130.4751,98.72155
130.4969,94.78567
130.5186,91.13123
130.5404,87.70122
130.5621,84.50638
130.5839,81.4986
130.6056,78.68884
130.6274,76.03611
130.6492,73.54016
130.671,71.18869
130.6927,68.98047
130.7145,66.88509
130.7363,64.9039
130.7581,63.02858
130.7798,61.25949
130.8016,59.57344
130.8234,57.97249
130.8669,55.00979
130.9104,52.32301
130.9539,49.87803
130.9975,47.64096
131.041,45.59728
131.0846,43.71627
131.1281,41.98823
131.1717,40.38935
131.2152,38.91318
131.2587,37.54393
131.3022,36.2711
131.3458,35.08284
131.3893,33.97646
131.4329,32.93964
131.4764,31.97076
131.52,31.05966
131.5635,30.20544
131.607,29.40142
131.6505,28.64354
131.6941,27.92655
131.7376,27.25045
131.7812,26.60913
131.8247,26.00286
131.8683,25.42638
131.9118,24.88013
131.9553,24.36072
131.9988,23.86633
132.0859,22.94496
132.173,22.10538
132.2601,21.33757
132.3471,20.63382
132.4342,19.98527
132.5213,19.38655
132.6084,18.83232
132.6954,18.31849
132.7825,17.83987
132.8696,17.39354
132.9567,16.97641
133.0437,16.5862
133.1308,16.21963
133.2179,15.87501
133.305,15.55047
133.392,15.24466
133.4791,14.95536
133.5662,14.68161
133.6533,14.42216
133.7403,14.17622
133.8274,13.94223
133.9145,13.71957
134.0016,13.50745
134.0886,13.30534
134.2628,12.9274
134.4369,12.58148
134.6111,12.26323
134.7852,11.96967
134.9594,11.69763
135.1335,11.44501
135.3076,11.20956
135.4817,10.98948
135.6559,10.78309
135.83,10.58927
136.0042,10.40659
136.1783,10.23423
136.3525,10.07106
136.5266,9.916437
136.7008,9.769465
136.8749,9.62966
137.0491,9.49628
137.2232,9.368959
137.5715,9.130366
137.9198,8.910657
138.268,8.707245
138.6163,8.517827
138.9646,8.340638
139.3129,8.174146
139.6612,8.017054
140.0095,7.868257
140.3578,7.726808
140.7061,7.591894
141.0543,7.462845
141.4026,7.338974
141.7509,7.219785
142.4475,6.993632
143.1441,6.781269
143.8406,6.580285
144.5372,6.388702
145.2338,6.205029
145.9304,6.02806
146.6269,5.85687
147.3235,5.690677
148.0201,5.528957
148.7167,5.371329
149.4132,5.217588
150.1098,5.067615
150.8064,4.921513
151.503,4.779529
152.1995,4.642109
152.8961,4.50985
153.5927,4.383648
154.2893,4.264673
154.9859,4.154444
155.6825,4.054912
156.3791,3.968572
156.7274,3.931309
157.0757,3.898597
157.424,3.870969
157.7722,3.849034
158.1205,3.833459
158.4688,3.825023
158.8171,3.824598
159.1654,3.833176
159.5137,3.85188
159.862,3.881991
160.2103,3.92497
160.5585,3.982464
160.9068,4.056418
161.2551,4.149006
161.6034,4.262752
161.9517,4.400563
162.3,4.565805
162.6483,4.762382
162.9966,4.994842
163.1707,5.126114
163.3448,5.26841
163.519,5.422629
163.6931,5.58947
163.8673,5.770079
164.0414,5.965282
164.2156,6.176432
164.3897,6.404514
164.5639,6.651131
164.738,6.917461
164.9122,7.205412
165.0863,7.516405
165.2605,7.85272
165.4346,8.216082
165.6088,8.609229
165.7829,9.034264
165.957,9.494224
166.1311,9.99222
166.3053,10.53202
166.4794,11.11683
166.6536,11.75156
166.8277,12.44021
167.0019,13.18885
167.176,14.0025
167.3502,14.8887
167.5243,15.85381
167.6985,16.90729
167.8726,18.0573
168.0468,19.31579
168.2209,20.69333
168.3951,22.20521
168.5692,23.86528
168.7433,25.69219
168.9174,27.70641
169.0916,29.93284
169.1787,31.13357
169.2657,32.39615
169.3528,33.72756
169.4399,35.13081
169.527,36.61068
169.614,38.17049
169.7011,39.81942
169.7882,41.56178
169.8753,43.40415
169.9623,45.35139
170.0494,47.41573
170.1365,49.60348
170.2236,51.92388
170.3106,54.38411
170.3977,57.00087
170.4848,59.7835
170.5719,62.74528
170.6589,65.89706
170.746,69.26212
170.8331,72.85465
170.9202,76.69422
171.0072,80.79756
171.0943,85.19807
171.1814,89.91783
171.2685,94.98648
171.3555,100.4306
171.4426,106.2996
171.5296,112.6213
171.6167,119.4566
171.7037,126.8421
171.7908,134.8537
171.8779,143.55
171.965,153.0068
172.052,163.298
172.1391,174.5455
172.2262,186.8506
172.3133,200.3427
172.4003,215.153
172.4874,231.4878
172.5745,249.5309
172.6616,269.5156
172.7051,280.3068
172.7486,291.6878
172.7922,303.7284
172.8357,316.4184
172.8793,329.8655
172.9228,344.0613
172.9664,359.1295
173.0099,375.0644
173.0534,391.9688
173.0969,409.9182
173.1405,429.0408
173.184,449.3398
173.2276,471.0086
173.2711,494.0575
173.3147,518.7134
173.3582,544.996
173.4017,573.1064
173.4452,603.2058
173.4888,635.5493
173.5323,670.1862
173.5759,707.4951
173.6194,747.5474
173.663,790.7969
173.7065,837.3438
173.75,887.6141
173.7935,941.9752
173.8371,1000.976
173.8806,1064.798
173.9242,1134.241
173.9677,1209.542
174.0113,1291.667
174.0548,1380.916
174.0983,1478.214
174.1418,1584.373
174.1854,1700.552
174.2289,1827.161
174.2724,1965.454
174.3159,2116.467
174.3595,2281.64
174.403,2461.231
174.4465,2656.522
174.49,2868.251
174.5282,3068.097
174.5663,3280.409
174.6044,3505.347
174.6425,3742.088
174.6807,3989.861
174.7188,4245.194
174.795,4767.356
174.8332,5025.876
174.8713,5273.957
174.9094,5505.59
174.9475,5713.627
174.9857,5891.33
175.0238,6031.148
175.0619,6128.123
175.1,6178.469
175.1382,6180.421
175.1763,6134.51
175.2144,6043.508
175.2525,5911.959
175.2907,5745.278
175.3288,5551.022
175.3669,5335.692
175.405,5105.931
175.4813,4625.863
175.5575,4150.284
175.5957,3921.41
175.6338,3702.183
175.6719,3493.205
175.71,3295.18
175.7575,3064.076
175.8049,2850.847
175.8524,2654.064
175.8998,2473.714
175.9473,2308.018
175.9947,2156.574
176.0422,2017.624
176.0896,1890.662
176.1371,1774.11
176.1845,1667.486
176.232,1569.439
176.2794,1479.557
176.3269,1396.711
176.3743,1320.57
176.4217,1250.341
176.4691,1185.473
176.5166,1125.349
176.564,1069.775
176.6115,1018.117
176.6589,970.2313
176.7064,925.5913
176.7538,884.0944
176.8013,845.3029
176.8487,809.1445
176.8962,775.2535
176.9436,743.5806
176.9911,713.8184
177.0385,685.9351
177.086,659.6706
177.1334,635.0064
177.1808,611.7686
177.2282,589.8508
177.2757,569.1137
177.3231,549.5559
177.3706,531.0139
177.418,513.4917
177.4655,496.8476
177.5129,481.0896
177.6078,451.8718
177.7027,425.4347
177.7976,401.4361
177.8925,379.5843
177.9873,359.6495
178.0822,341.3751
178.1771,324.5977
178.272,309.1567
178.3668,294.9266
178.4617,281.7557
178.5566,269.5525
178.6515,258.2233
178.7463,247.6958
178.8412,237.8748
178.9361,228.7068
179.031,220.1341
179.1259,212.1053
179.2208,204.5743
179.3157,197.4998
179.4106,190.845
179.5054,184.5828
179.6003,178.67
179.6952,173.0863
179.7901,167.807
179.8849,162.815
179.9798,158.0794
180.0747,153.5871
180.1696,149.3212
180.2644,145.2705
180.4542,137.7382
180.644,130.8951
180.8338,124.657
181.0235,118.9553
181.2133,113.7227
181.403,108.9123
181.5928,104.4737
181.7825,100.3723
181.9723,96.56958
182.1621,93.03791
182.3519,89.75106
182.5416,86.68753
182.7314,83.82372
182.9212,81.14326
183.111,78.6301
183.3007,76.27117
183.4905,74.05122
183.6803,71.96009
183.8701,69.9875
184.0598,68.12516
184.2496,66.36277
184.4393,64.69464
184.6291,63.11217
184.8188,61.61082
185.0086,60.18337
185.1984,58.82546
185.3882,57.53239
185.5779,56.30049
185.9574,54.00209
186.3369,51.90239
186.7165,49.97732
187.096,48.20775
187.4755,46.57593
187.855,45.06699
188.2346,43.66773
188.6141,42.36772
188.9937,41.1565
189.3732,40.02618
189.7528,38.96862
190.1323,37.97776
190.5118,37.04743
190.8913,36.1724
191.2709,35.3478
191.6504,34.56992
192.0299,33.83479
192.4094,33.13908
192.789,32.47958
193.1685,31.85392
193.548,31.25946
193.9275,30.69396
194.3071,30.15524
194.6866,29.64173
195.0662,29.15148
195.4457,28.68319
196.2048,27.80645
196.9638,27.00162
197.7229,26.26002
198.4819,25.57464
199.241,24.93909
200.0,24.34824
200.498,23.98255
200.996,23.6329
201.494,23.29823
201.9919,22.97765
202.9878,22.37495
203.9837,21.8185
204.9797,21.30289
205.9756,20.82364
206.9715,20.37675
207.9674,19.95881
208.9634,19.56682
209.9593,19.19827
210.9552,18.85085
211.9511,18.52256
212.9471,18.2116
213.943,17.91647
214.9389,17.63573
215.9348,17.36814
216.9308,17.11256
217.9267,16.86801
218.9226,16.63358
219.9185,16.40842
220.9145,16.19177
221.9104,15.98299
222.9063,15.78142
223.9022,15.5865
224.8982,15.39768
225.8941,15.2145
227.8859,14.86324
229.8777,14.52942
231.8695,14.21014
233.8614,13.9028
235.8532,13.605
237.8451,13.31443
239.8369,13.02884
240.8329,12.88717
241.8288,12.74585
242.8247,12.60455
243.8206,12.4629
244.8166,12.3205
245.8125,12.17693
246.8084,12.03168
247.8043,11.88414
248.8003,11.7336
249.7962,11.57923
250.2942,11.50027
250.7921,11.41994
251.2901,11.33802
251.788,11.25435
252.286,11.16865
252.784,11.08065
253.282,10.99003
253.7799,10.89641
254.2779,10.79931
254.7758,10.69819
255.0248,10.64591
255.2738,10.59236
255.5228,10.53742
255.7717,10.48101
256.0207,10.42293
256.2697,10.36306
256.5187,10.30123
256.7677,10.23723
257.0167,10.17085
257.2657,10.10183
257.5147,10.02989
257.7636,9.954707
258.0126,9.875842
258.2616,9.792869
258.5106,9.705254
258.6351,9.659514
258.7595,9.612407
258.884,9.56376
259.0085,9.513504
259.133,9.461522
259.2575,9.407686
259.382,9.351853
259.5065,9.293867
259.631,9.233555
259.7554,9.170776
259.8799,9.105216
260.0044,9.036685
260.1289,8.964916
260.2534,8.88961
260.3779,8.810427
260.5024,8.726988
260.6269,8.638858
260.7513,8.545621
260.8136,8.496811
260.8758,8.446566
260.9381,8.394643
261.0003,8.341119
261.0626,8.285725
261.1248,8.228535
261.1871,8.169254
261.2493,8.107952
261.3116,8.044302
261.3738,7.978369
261.4361,7.909788
261.4983,7.838616
261.5606,7.764445
261.6228,7.68732
261.685,7.606915
261.7472,7.523003
261.8095,7.43519
261.8717,7.343489
261.934,7.247309
261.9962,7.146638
262.0585,7.040801
262.1207,6.929755
262.183,6.812728
262.2452,6.689645
262.2764,6.625404
262.3075,6.559619
262.3386,6.492022
262.3697,6.422543
262.4009,6.350877
262.432,6.27741
262.4631,6.20184
262.4942,6.124091
262.5254,6.043822
262.5565,5.961471
262.5876,5.876703
262.6187,5.789443
262.6498,5.699613
262.6809,5.607144
262.712,5.511968
262.7431,5.41403
262.7743,5.312953
262.8054,5.209357
262.8365,5.102914
262.8676,4.993643
262.8988,4.881235
262.9299,4.766518
262.961,4.649303
262.9921,4.529839
263.0233,4.40809
263.0544,4.285331
263.0855,4.161851
263.1011,4.099914
263.1166,4.038557
263.1322,3.97715
263.1478,3.916279
263.1634,3.856162
263.1789,3.797427
263.1945,3.739603
263.21,3.683764
263.2256,3.629571
263.2411,3.578158
263.2567,3.529374
263.2723,3.484151
263.2879,3.443176
263.3034,3.407457
263.319,3.377447
263.3345,3.354586
263.3501,3.339813
263.3656,3.334742
263.3812,3.340982
263.3968,3.360564
263.4124,3.39579
263.4279,3.448947
263.4435,3.523875
263.459,3.62329
263.4668,3.684066
263.4746,3.752848
263.4824,3.830311
263.4901,3.916014
263.4979,4.012976
263.5057,4.121017
263.5135,4.241088
263.5213,4.374227
263.5291,4.521564
263.5369,4.684336
263.5447,4.863891
263.5524,5.059045
263.5602,5.276461
263.568,5.515483
263.5758,5.778036
263.5835,6.062355
263.5913,6.378101
263.5991,6.724262
263.6069,7.103585
263.6146,7.513501
263.6224,7.9679
263.6302,8.46527
263.638,9.009507
263.6457,9.596881
263.6535,10.24721
263.6613,10.9582
263.6691,11.73527
263.6768,12.57288
263.6846,13.49901
263.6924,14.50997
263.7002,15.61288
263.7079,16.79922
263.7157,18.10762
263.7235,19.53152
263.7313,21.07927
263.739,22.73686
263.7441,23.90958
263.7491,25.11972
263.7542,26.41775
263.7592,27.75464
263.7643,29.18558
263.7693,30.6559
263.7743,32.19409
263.7793,33.8009
263.7894,37.25675
263.7994,40.95099
263.8095,44.94256
263.8195,49.12436
263.8296,53.53579
263.8397,58.07396
263.8498,62.65882
263.8598,67.14977
263.8699,71.52898
263.8799,75.59759
263.89,79.32535
263.9,82.53907
263.9101,85.2217
263.9202,87.28273
263.9303,88.6964
263.9403,89.46268
263.9504,89.62829
263.9604,89.24217
263.9705,88.36444
263.9805,87.0874
263.9906,85.46349
264.0007,83.57941
264.0208,79.32336
264.0309,77.04341
264.0409,74.75247
264.051,72.43926
264.061,70.17618
264.0732,67.48064
264.0853,64.90158
264.0975,62.41268
264.1096,60.06393
264.1218,57.82057
264.1339,55.71966
264.1461,53.72412
264.1582,51.86258
264.1704,50.09903
264.1825,48.45654
264.1947,46.90172
264.2068,45.45386
264.219,44.0828
264.2311,42.8051
264.2433,41.5939
264.2554,40.46371
264.2676,39.39077
264.2797,38.38797
264.2919,37.43433
264.304,36.54143
264.3162,35.69074
264.3283,34.89274
264.3405,34.13102
264.3526,33.41513
264.3648,32.73051
264.3769,32.08587
264.3891,31.46825
264.4012,30.88564
264.4134,30.32644
264.4255,29.79801
264.4376,29.294
264.4497,28.8129
264.4619,28.34956
264.474,27.91028
264.4862,27.48655
264.4983,27.0842
264.5105,26.69551
264.5226,26.32589
264.5469,25.62781
264.5712,24.98341
264.5955,24.38704
264.6198,23.83377
264.644,23.32131
264.6683,22.84169
264.6926,22.39376
264.7169,21.9746
264.7412,21.58162
264.7655,21.21251
264.7898,20.86523
264.8141,20.53796
264.8383,20.23028
264.8626,19.93819
264.8869,19.66169
264.9112,19.39959
264.9355,19.15081
264.9598,18.91438
264.9841,18.68941
265.0084,18.47511
265.0327,18.27073
265.057,18.07563
265.0813,17.88918
265.1056,17.71082
265.1299,17.54006
265.1542,17.3764
265.1785,17.21942
265.227,16.92452
265.2756,16.6513
265.3242,16.39795
265.3728,16.16236
265.4213,15.94316
265.4699,15.73786
265.5185,15.54554
265.5671,15.36499
265.6156,15.19548
265.6642,15.03536
265.7128,14.88417
265.7614,14.74115
265.81,14.60564
265.8586,14.47704
265.9072,14.35481
265.9558,14.23848
266.0043,14.12783
266.0529,14.02201
266.1015,13.9209
266.1501,13.82417
266.1986,13.73172
266.2472,13.64289
266.2958,13.55763
266.3444,13.47572
266.3929,13.3971
266.4901,13.24819
266.5873,13.10973
266.6845,12.98056
266.7816,12.85979
266.8788,12.74633
266.9759,12.63967
267.0731,12.53894
267.1702,12.44377
267.2674,12.35348
267.3646,12.26771
267.4618,12.18609
267.5589,12.10834
267.6561,12.03398
267.7532,11.96291
267.8504,11.89471
267.9475,11.82931
268.0447,11.76637
268.1419,11.70578
268.2391,11.64736
268.3362,11.59103
268.5305,11.48385
268.7248,11.38327
268.9192,11.28844
269.1135,11.19876
269.3078,11.11361
269.5021,11.03247
269.6964,10.95494
269.8907,10.88062
270.085,10.80919
270.2793,10.74037
270.4737,10.67387
270.668,10.60955
270.8623,10.54717
271.0566,10.48655
271.4453,10.36998
271.8339,10.25884
272.2226,10.15221
272.6112,10.04943
272.9998,9.949899
273.3884,9.85312
273.7771,9.758654
274.1657,9.666197
274.5544,9.575397
274.943,9.486038
275.7203,9.310665
276.4975,9.138579
277.2748,8.968537
278.0521,8.79959
278.8294,8.630936
279.6067,8.461897
280.384,8.291887
281.1613,8.120392
281.9386,7.946952
282.7158,7.771171
283.4931,7.59262
284.2704,7.410966
285.0477,7.225876
285.8249,7.037063
286.6022,6.844189
287.3795,6.647012
288.1568,6.44529
288.934,6.23884
289.7113,6.027439
290.4886,5.810997
291.2659,5.589462
292.0432,5.362876
292.8205,5.131399
293.5978,4.895353
293.9865,4.775759
294.3751,4.655277
294.7637,4.533989
295.1523,4.412033
295.541,4.289543
295.9296,4.166781
296.3183,4.043923
296.7069,3.921313
297.0956,3.799224
297.4842,3.678117
297.8728,3.55843
298.2614,3.440721
298.6501,3.325616
299.0387,3.213953
299.4274,3.106596
299.816,3.00469
300.2047,2.909476
300.5933,2.822541
300.9819,2.745688
301.3705,2.6811
301.7592,2.631375
302.1478,2.599674
302.3422,2.591724
302.5365,2.589753
302.7308,2.594352
302.9251,2.606175
303.1195,2.625958
303.3138,2.654479
303.5081,2.692626
303.7024,2.741376
303.8968,2.801842
304.0911,2.875163
304.2854,2.962696
304.4797,3.065925
304.6741,3.186565
304.8684,3.326336
305.0627,3.487355
305.257,3.671928
305.4514,3.882759
305.6457,4.122542
305.7429,4.254407
305.84,4.394655
305.9372,4.544053
306.0343,4.702798
306.1315,4.871758
306.2287,5.051348
306.3259,5.242181
306.423,5.444695
306.5202,5.660003
306.6173,5.888405
306.7145,6.131163
306.8116,6.388628
306.9088,6.662235
307.0059,6.952394
307.1031,7.260743
307.2002,7.587762
307.2974,7.935322
307.3945,8.303993
307.4917,8.695917
307.5888,9.111771
307.686,9.554012
307.7832,10.02395
307.8804,10.52345
307.9775,11.05396
308.0747,11.61874
308.1718,12.21896
308.269,12.85842
308.3661,13.53854
308.4633,14.26372
308.5605,15.03652
308.6577,15.86048
308.7548,16.73851
308.852,17.67663
308.9491,18.67746
309.0463,19.74807
309.1434,20.89173
309.2406,22.11679
309.3378,23.4287
309.435,24.83473
309.5321,26.34123
309.6293,27.96011
309.7264,29.69774
309.8236,31.56843
309.9207,33.58024
310.0179,35.75055
310.115,38.08957
310.2122,40.61855
310.3093,43.35059
310.4065,46.31182
310.5036,49.51917
310.6008,53.00512
310.6979,56.79167
310.7951,60.91961
310.8923,65.42261
310.9895,70.3432
311.0866,75.72401
311.1838,81.63146
311.2809,88.1167
311.3781,95.266
311.4752,103.1487
311.5238,107.4019
311.5724,111.8783
311.621,116.5925
311.6696,121.5604
311.7182,126.7992
311.7668,132.3272
311.8154,138.1647
311.8639,144.3203
311.9125,150.8429
311.9611,157.746
312.0097,165.0574
312.0582,172.791
312.1068,181.0119
312.1554,189.7406
312.204,199.0168
312.2525,208.8625
312.3011,219.3657
312.3497,230.5584
312.3983,242.4976
312.4469,255.2458
312.4955,268.8718
312.5441,283.4513
312.5927,299.0678
312.6412,315.7779
312.6898,333.752
312.7384,353.0697
312.787,373.8556
312.8355,396.2
312.8841,420.3481
312.9327,446.4255
312.9813,474.6207
313.0298,505.0779
313.0784,538.1548
313.127,574.049
313.1756,613.0464
313.2241,655.3729
313.2727,701.5522
313.3213,751.8863
313.3699,806.7984
313.4184,866.6218
313.467,932.1033
313.5156,1003.663
313.5642,1081.87
313.6127,1167.135
313.6613,1260.41
313.7099,1362.117
313.7585,1472.798
313.807,1592.648
313.8504,1708.103
313.8937,1831.083
313.937,1961.701
313.9803,2099.542
314.0236,2243.85
314.0669,2393.445
314.1535,2701.242
314.1969,2854.758
314.2402,3003.121
314.2835,3142.859
314.3268,3269.851
314.3701,3379.933
314.4134,3469.207
314.4567,3534.387
314.5,3573.109
314.5434,3584.164
314.5867,3567.574
314.63,3524.718
314.6733,3457.994
314.7166,3370.611
314.7599,3266.274
314.8032,3148.868
314.8465,3022.182
314.9332,2754.187
315.0198,2485.321
315.0631,2355.292
315.1064,2229.873
315.1497,2109.849
315.193,1995.708
315.2358,1888.912
315.2785,1788.406
315.3212,1693.871
315.3639,1605.151
315.4066,1522.028
315.4493,1444.241
315.492,1371.504
315.5347,1303.521
315.5774,1239.992
315.6201,1180.624
315.6628,1125.131
315.7055,1073.241
315.7482,1024.697
315.7909,979.2564
315.8336,936.6916
315.8763,896.792
315.919,859.3615
315.9617,824.2188
316.0044,791.1963
316.0471,760.1394
316.0898,730.9056
316.1325,703.3636
316.1752,677.3928
316.2179,652.8818
316.2606,629.7283
316.3033,607.8382
316.346,587.1247
316.3887,567.5078
316.4314,548.9141
316.4741,531.2754
316.5168,514.5293
316.5595,498.6179
316.645,469.0565
316.7304,442.2791
316.8158,417.9228
316.9012,395.7067
316.9866,375.3886
317.072,356.7589
317.1574,339.6355
317.2428,323.8598
317.3282,309.2935
317.4136,295.815
317.499,283.3179
317.5844,271.7079
317.6698,260.9021
317.7552,250.8268
317.8406,241.4166
317.926,232.6131
318.0115,224.3551
318.0969,216.6151
318.1823,209.3414
318.2677,202.4965
318.3531,196.0465
318.4385,189.9608
318.5239,184.2117
318.6093,178.7743
318.6947,173.6257
318.7801,168.7453
318.8655,164.1141
318.9509,159.715
319.0363,155.5321
319.1217,151.5511
319.2925,144.1429
319.4633,137.3968
319.6341,131.2334
319.8049,125.585
319.9757,120.3938
320.1465,115.6097
320.3173,111.1894
320.4881,107.0955
320.6589,103.2952
320.8298,99.75778
321.0006,96.46221
321.1714,93.38412
321.3422,90.50384
321.513,87.80394
321.6838,85.26888
321.8546,82.88482
322.0254,80.63935
322.1962,78.52135
322.367,76.5208
322.5378,74.6287
322.7086,72.83688
322.8794,71.13797
323.0502,69.52526
323.221,67.99267
323.3918,66.53464
323.5627,65.14531
323.7335,63.82169
324.0751,61.35243
324.4167,59.0961
324.7583,57.02736
325.0999,55.12462
325.4415,53.36941
325.7831,51.74581
326.1247,50.24006
326.4664,48.83982
326.808,47.53546
327.1496,46.31743
327.4912,45.17769
327.8329,44.10883
328.1745,43.10522
328.5161,42.16093
328.8577,41.271
329.1994,40.43075
329.541,39.63668
329.8826,38.88495
330.2242,38.17235
330.5658,37.49596
330.9074,36.85314
331.249,36.2415
331.5906,35.65886
331.9323,35.1031
332.2739,34.57271
332.6155,34.0659
332.9571,33.58113
333.6403,32.67228
334.3235,31.83635
335.0068,31.06486
335.69,30.35089
336.3732,29.68816
337.0564,29.07137
337.7397,28.49583
338.4229,27.95766
339.1062,27.4532
339.7894,26.97948
340.4727,26.53363
341.1559,26.11336
341.8391,25.71643
342.5223,25.34094
343.2056,24.9851
343.8888,24.64748
344.572,24.32664
345.2552,24.02132
345.9385,23.73036
346.6217,23.45282
347.3049,23.18771
347.9881,22.93419
348.6714,22.69145
349.3546,22.45886
350.0379,22.23571
350.7211,22.02145
352.0876,21.61738
353.454,21.24281
354.8205,20.89438
356.1869,20.56931
357.5534,20.26512
358.9198,19.97973
360.2863,19.71125
361.6528,19.45809
363.0193,19.21884
364.3857,18.99225
365.7522,18.77717
367.1186,18.57267
368.4851,18.37781
369.8515,18.19185
371.218,18.01404
372.5845,17.84377
373.951,17.68046
375.3174,17.52358
376.6839,17.37266
378.0503,17.22727
379.4168,17.087
380.7832,16.95151
382.1497,16.82045
383.5162,16.69352
386.2491,16.45098
388.982,16.22186
391.7149,16.00444
394.4478,15.79723
397.1807,15.59891
399.9136,15.40833
402.6465,15.22445
405.3795,15.04635
408.1124,14.87318
410.8453,14.70419
413.5782,14.53864
416.3112,14.37589
419.0441,14.21532
421.777,14.05633
424.5099,13.89838
427.2429,13.74092
429.9758,13.58349
432.7087,13.4256
434.0752,13.34635
435.4416,13.26684
436.8081,13.18702
438.1746,13.10686
439.5411,13.02632
440.9075,12.9454
442.274,12.86408
443.6404,12.78236
445.0069,12.70028
446.3733,12.61787
447.7398,12.53522
449.1063,12.45243
450.4728,12.36966
451.8392,12.28714
453.2057,12.20515
454.5721,12.12409
455.9386,12.04447
457.305,11.96698
457.9883,11.92929
458.6715,11.89251
459.3548,11.85676
460.038,11.82225
460.7213,11.78917
461.4045,11.75777
462.0877,11.72833
462.7709,11.70115
463.4542,11.67661
464.1374,11.65515
464.8206,11.63725
465.5038,11.62349
466.1871,11.61454
466.8703,11.61121
467.5535,11.61439
468.2367,11.6252
468.92,11.6449
469.6032,11.67501
470.2865,11.71735
470.9697,11.77406
471.653,11.84775
472.3362,11.9415
473.0194,12.0591
473.7026,12.20515
474.0443,12.29058
474.3859,12.38531
474.7275,12.49026
475.0691,12.60646
475.4107,12.73505
475.7523,12.87728
476.0939,13.03458
476.4355,13.20855
476.7772,13.40104
477.1188,13.61397
477.4604,13.8497
477.802,14.11081
478.1436,14.40028
478.4852,14.72147
478.8268,15.07824
479.1684,15.47503
479.5101,15.91705
479.8517,16.40994
480.1933,16.96063
480.5349,17.57706
480.8765,18.26849
481.2181,19.04579
481.5597,19.92177
481.9013,20.91159
482.243,22.03364
482.5846,23.30886
482.7554,24.01194
482.9262,24.76353
483.097,25.56775
483.2678,26.42912
483.4386,27.35267
483.6094,28.34395
483.7802,29.40913
483.951,30.55506
484.1218,31.78938
484.2926,33.12062
484.4634,34.5583
484.6342,36.11312
484.8051,37.7981
484.9759,39.62481
485.1467,41.60945
485.3175,43.76931
485.4883,46.12399
485.6591,48.69579
485.8299,51.51015
486.0007,54.59621
486.1715,57.98736
486.3423,61.72209
486.5131,65.84481
486.6839,70.407
486.8547,75.46851
487.0255,81.09913
487.1109,84.15286
487.1963,87.38057
487.2817,90.79471
487.3671,94.40881
487.4526,98.24219
487.538,102.3019
487.6234,106.6096
487.7088,111.1844
487.7942,116.0469
487.8796,121.2197
487.965,126.7273
488.0504,132.5967
488.1358,138.8573
488.2212,145.5412
488.3066,152.6836
488.392,160.3232
488.4774,168.502
488.5628,177.2663
488.6482,186.6666
488.7336,196.7583
488.819,207.6018
488.9044,219.2632
488.9898,231.8147
489.0752,245.3345
489.1606,259.9078
489.246,275.6266
489.3314,292.59
489.4168,310.9038
489.5022,330.6806
489.5876,352.0385
489.673,375.0999
489.7584,399.9893
489.8438,426.8303
489.9292,455.7411
490.0146,486.8285
490.1,520.1796
490.1875,556.7588
490.275,595.7898
490.3625,637.2227
490.45,680.9214
490.5375,726.6402
490.625,773.9988
490.8,871.3084
490.8875,919.6487
490.975,966.408
491.0625,1010.368
491.15,1050.22
491.2375,1084.644
491.325,1112.411
491.4125,1132.485
491.5,1144.13
491.5875,1146.979
491.675,1141.074
491.7625,1126.848
491.85,1105.077
491.9375,1076.794
492.025,1043.182
492.1125,1005.481
492.2,964.8969
492.375,879.3668
492.55,793.6753
492.6375,752.2942
492.725,712.4135
492.8125,674.2772
492.9,638.0353
493.011,594.8972
493.1219,554.9839
493.2329,518.1472
493.3438,484.3124
493.4548,453.2385
493.5657,424.7834
493.6766,398.7139
493.7875,374.829
493.8985,352.9177
494.0094,332.8385
494.1204,314.3877
494.2313,297.4447
494.3423,281.8389
494.4532,267.4714
494.5641,254.2132
494.675,241.961
494.786,230.6122
494.8969,220.1036
495.0079,210.3413
495.1188,201.2753
495.2298,192.8288
495.3407,184.9624
495.4516,177.6192
495.5625,170.7552
495.6735,164.325
495.7844,158.3041
495.8954,152.6491
496.0063,147.341
496.1173,142.3433
496.2282,137.641
496.3391,133.2074
496.45,129.0227
496.561,125.065
496.6719,121.325
496.7829,117.7807
496.8938,114.4247
497.0048,111.2381
497.1157,108.2151
497.3375,102.6091
497.5594,97.52591
497.7813,92.90396
498.0032,88.68845
498.225,84.83412
498.4469,81.29713
498.6688,78.04442
498.8907,75.04573
499.1125,72.27595
499.3344,69.70959
499.5563,67.32778
499.7782,65.1128
500.0,63.04991
500.181,61.46875
500.3619,59.97301
500.5429,58.55493
500.7238,57.21051
500.9048,55.93317
501.0857,54.7197
501.4475,52.46555
501.8094,50.41689
502.1713,48.54909
502.5332,46.84068
502.895,45.27373
503.2569,43.83162
503.6188,42.50122
503.9807,41.27079
504.3425,40.13038
504.7044,39.07044
505.0662,38.08372
505.4281,37.1628
505.7899,36.3021
506.1518,35.49577
506.5137,34.73927
506.8756,34.02835
507.2374,33.35937
507.5993,32.72857
507.9611,32.13322
508.323,31.57026
508.6848,31.03751
509.0467,30.53243
509.4086,30.05313
509.7705,29.59776
510.1323,29.16477
510.4942,28.75238
510.856,28.35941
511.5797,27.62631
512.3035,26.95636
513.0272,26.34212
513.751,25.77695
514.4747,25.25548
515.1985,24.77279
515.9222,24.32491
516.6459,23.90822
517.3696,23.5196
518.0934,23.15629
518.8171,22.81602
519.5408,22.49662
520.2645,22.19623
520.9883,21.91317
521.712,21.64605
522.4357,21.3935
523.1594,21.15437
523.8832,20.92756
524.6069,20.71218
525.3307,20.50733
526.0544,20.31227
526.7782,20.12626
527.5019,19.94871
528.2256,19.77901
528.9493,19.61663
530.3968,19.31192
531.8442,19.03121
533.2917,18.77158
534.7391,18.53063
536.1866,18.30624
537.6341,18.09662
539.0816,17.90024
540.529,17.71575
541.9765,17.54195
543.4239,17.37785
544.8714,17.22252
546.3188,17.07518
547.7663,16.9351
549.2138,16.80166
550.6613,16.67431
552.1087,16.55254
553.5562,16.4359
555.0036,16.32398
556.4511,16.21641
557.8985,16.11287
560.7935,15.91665
563.6884,15.73324
566.5833,15.56085
569.4782,15.39799
572.3732,15.24339
575.2681,15.09596
578.163,14.95473
581.0579,14.81887
583.9528,14.68763
586.8477,14.56036
589.7426,14.43644
592.6375,14.31533
595.5325,14.1965
598.4274,14.07948
601.3223,13.9638
604.2172,13.84901
607.1122,13.73466
610.0071,13.62032
612.902,13.50553
615.7969,13.3898
618.6919,13.27263
621.5868,13.15349
624.4817,13.03178
627.3766,12.90683
630.2716,12.77789
631.7191,12.71167
633.1665,12.64412
634.614,12.5751
636.0614,12.50449
637.5089,12.43212
638.9563,12.35784
640.4038,12.28144
641.8513,12.20273
643.2988,12.12149
644.7462,12.03747
646.1937,11.95038
647.6411,11.85993
649.0886,11.76576
650.536,11.6675
651.9835,11.5647
653.431,11.45688
654.1548,11.40091
654.8785,11.34348
655.6022,11.2845
656.3259,11.22389
657.0497,11.16155
657.7734,11.0974
658.4971,11.03132
659.2208,10.96321
659.9446,10.89295
660.6683,10.82044
661.392,10.74553
662.1157,10.66809
662.8395,10.58797
663.5632,10.50506
664.287,10.41918
665.0107,10.33021
665.7345,10.23798
666.4582,10.14238
667.1819,10.04327
667.9056,9.940553
668.2675,9.887815
668.6294,9.834158
668.9913,9.779584
669.3531,9.724117
669.715,9.667741
670.0768,9.610511
670.4387,9.552429
670.8005,9.493572
671.1624,9.433969
671.5243,9.373715
671.8862,9.312911
672.248,9.251702
672.6099,9.190216
672.9717,9.128686
673.3336,9.067329
673.6954,9.006487
674.0573,8.946511
674.4192,8.887893
674.7811,8.831218
675.1429,8.777231
675.5048,8.726804
675.8666,8.681089
676.2285,8.641464
676.4094,8.624477
676.5903,8.609706
676.7713,8.597436
676.9522,8.588008
677.1332,8.58178
677.3141,8.579175
677.4951,8.580659
677.676,8.58676
677.8569,8.59808
678.0378,8.615301
678.2188,8.639212
678.3997,8.670673
678.5806,8.710704
678.7615,8.760461
678.9425,8.821308
679.1234,8.894705
679.3043,8.982444
679.4852,9.086564
679.6662,9.209503
679.8471,9.353884
680.0281,9.52309
680.209,9.720713
680.39,9.951426
680.5709,10.22023
680.7518,10.5335
680.9327,10.89869
681.1137,11.32497
681.2946,11.82268
681.3851,12.10253
681.4755,12.40508
681.566,12.73307
681.6564,13.08811
681.7469,13.47354
681.8374,13.89183
681.9279,14.34618
682.0183,14.83957
682.1088,15.37705
682.1992,15.96187
682.2897,16.60033
682.3801,17.29661
682.4706,18.05861
682.5611,18.89274
682.6516,19.80714
682.742,20.80988
682.8325,21.91369
682.923,23.12953
683.0135,24.47118
683.1039,25.95274
683.1944,27.59572
683.2849,29.41967
683.3754,31.44906
683.4658,33.70975
683.5111,34.94059
683.5563,36.24002
683.6015,37.61573
683.6467,39.07321
683.692,40.62192
683.7372,42.26149
683.7824,44.00229
683.8276,45.85195
683.8729,47.8233
683.9181,49.91677
683.9634,52.15159
684.0086,54.52877
684.0539,57.07077
684.0991,59.77938
684.1443,62.67427
684.1895,65.77106
684.2348,69.09449
684.28,72.64871
684.3252,76.4615
684.3704,80.55557
684.4157,84.966
684.4609,89.70083
684.5061,94.79968
684.5513,100.2958
684.5966,106.2392
684.6418,112.644
684.6871,119.5826
684.7323,127.0727
684.7776,135.2003
684.8228,143.9868
684.868,153.5118
684.9132,163.8421
684.9585,175.0756
685.0037,187.2388
685.0489,200.4357
685.0941,214.7487
685.1394,230.2969
685.1846,247.0934
685.2298,265.2472
685.275,284.8242
685.3204,305.9699
685.3657,328.5735
685.411,352.6685
685.4563,378.1953
685.5016,405.0324
685.5469,432.9812
685.6375,490.9517
685.6829,520.1415
685.7282,548.5818
685.7735,575.6352
685.8188,600.537
685.8641,622.5048
685.9094,640.7956
685.9547,654.7685
686.0,663.9452
686.0454,668.0598
686.0907,667.0587
686.136,661.1535
686.1813,650.7455
686.2266,636.3939
686.2719,618.7584
686.3172,598.5411
686.3625,576.4356
686.4532,529.0139
686.5438,480.8029
686.5891,457.3102
686.6344,434.5546
686.6797,412.6955
686.725,391.8365
686.7841,366.2196
686.8431,342.4849
686.9021,320.5624
686.9611,300.3817
687.0201,281.845
687.0791,264.8402
687.1381,249.2497
687.1971,234.9564
687.2561,221.8472
687.3151,209.8154
687.3741,198.7621
687.4331,188.5962
687.4921,179.2345
687.5511,170.6017
687.6101,162.6297
687.6691,155.2572
687.7281,148.4288
687.7871,142.095
687.8461,136.2111
687.9051,130.7371
687.9641,125.6369
688.0231,120.8783
688.0821,116.4319
688.1411,112.2717
688.2001,108.3739
688.2591,104.7172
688.3181,101.2822
688.3771,98.0515
688.4361,95.00924
688.4951,92.14104
688.5541,89.43385
688.6131,86.87579
688.6722,84.45203
688.7312,82.1609
688.7902,79.98914
688.8492,77.92852
688.9082,75.97147
688.9672,74.11105
689.0852,70.65516
689.2032,67.51576
689.3212,64.65458
689.4392,62.03891
689.5572,59.64075
689.6752,57.43596
689.7932,55.40368
689.9112,53.52581
690.0292,51.78656
690.1472,50.17213
690.2652,48.67041
690.3832,47.27074
690.5012,45.96371
690.6193,44.73997
690.7373,43.59417
690.8553,42.51864
690.9733,41.50748
691.0913,40.55541
691.2093,39.65768
691.3273,38.81002
691.4453,38.00858
691.5633,37.24989
691.6813,36.53078
691.7993,35.8484
691.9173,35.20014
692.0353,34.58364
692.1533,33.99672
692.2713,33.4374
692.3893,32.90389
692.6254,31.90732
692.8614,30.99609
693.0974,30.15977
693.3334,29.38984
693.5694,28.67898
693.8054,28.02088
694.0414,27.41008
694.2774,26.8418
694.5135,26.31168
694.7495,25.81652
694.9855,25.35287
695.2215,24.91789
695.4575,24.50907
695.6935,24.12417
695.9295,23.76119
696.1655,23.41835
696.4016,23.09391
696.6376,22.7867
696.8736,22.4953
697.1096,22.21852
697.3456,21.9553
697.5816,21.70468
697.8176,21.46578
698.0536,21.2378
698.2897,21.01992
698.5257,20.81166
698.9977,20.42131
699.4697,20.06234
699.9417,19.73108
700.4138,19.42434
700.8858,19.13957
701.3578,18.87439
701.8298,18.62679
702.3019,18.39499
702.7739,18.17756
703.2459,17.9731
703.7179,17.78044
704.19,17.59849
704.662,17.42641
705.134,17.26333
705.606,17.10851
706.0781,16.96126
706.5501,16.82106
707.0221,16.68733
707.4941,16.55959
707.9662,16.43738
708.4382,16.32036
709.3822,16.10039
710.3263,15.89711
711.2703,15.70845
712.2144,15.5326
713.1584,15.36809
714.1025,15.21358
715.0465,15.06801
715.9905,14.93041
716.9345,14.79993
717.8786,14.67585
718.8226,14.55755
719.7667,14.44445
720.7107,14.33608
721.6548,14.23196
722.5988,14.13174
723.5429,14.03504
724.4869,13.94157
726.375,13.76314
728.2631,13.59449
730.1512,13.43399
732.0393,13.28029
733.9274,13.13222
735.8155,12.98878
737.7036,12.84912
739.5917,12.71247
741.4798,12.57814
743.3679,12.44552
745.256,12.31403
747.144,12.18315
749.0321,12.05237
750.9202,11.92119
752.8083,11.78913
754.6964,11.65573
756.5845,11.52048
758.4726,11.38288
760.3607,11.2424
762.2488,11.09847
764.1369,10.95047
766.025,10.79773
767.9131,10.63949
769.8012,10.4749
770.7453,10.38992
771.6893,10.30299
772.6334,10.21394
773.5774,10.12263
774.5215,10.02888
775.4655,9.932508
776.4095,9.833313
777.3535,9.731072
778.2976,9.625528
779.2416,9.516437
780.1857,9.403481
781.1297,9.286356
782.0738,9.164678
783.0178,9.038068
783.9619,8.906052
784.9059,8.768155
785.85,8.62379
786.322,8.549
786.794,8.472356
787.2661,8.393749
787.7381,8.313117
788.2101,8.230342
788.6821,8.145316
789.1542,8.057906
789.6262,7.968029
790.0982,7.87554
790.5702,7.780306
791.0423,7.682165
791.5143,7.581012
791.9863,7.476674
792.4583,7.368992
792.9304,7.257782
793.4024,7.142926
793.8744,7.024239
794.3464,6.901563
794.8185,6.774724
795.2905,6.64365
795.7625,6.508217
795.9985,6.43885
796.2345,6.36838
796.4706,6.296784
796.7066,6.224133
796.9426,6.150418
797.1786,6.075668
797.4146,5.999924
797.6506,5.92324
797.8866,5.845689
798.1226,5.76736
798.3587,5.688335
798.5947,5.608826
798.8307,5.528976
799.0667,5.449008
799.3027,5.369193
799.5387,5.289864
799.7747,5.211432
800.0107,5.134398
800.2468,5.059346
800.4828,4.987095
800.7188,4.918537
800.9548,4.854815
801.1908,4.797334
801.4268,4.747837
801.6628,4.708484
801.7808,4.693431
801.8988,4.681976
802.0169,4.674559
802.1349,4.671693
802.2529,4.673932
802.3709,4.681908
802.4889,4.696336
802.6069,4.718021
802.7249,4.747876
802.8429,4.786936
802.9609,4.836376
803.0789,4.897536
803.1969,4.971946
803.3149,5.061354
803.4329,5.16777
803.5509,5.293501
803.6689,5.441214
803.7869,5.61399
803.905,5.815595
804.023,6.049859
804.141,6.321816
804.259,6.637188
804.377,7.002716
804.436,7.206727
804.495,7.42638
804.554,7.662909
804.613,7.917664
804.672,8.192121
804.731,8.487898
804.79,8.806772
804.849,9.150691
804.908,9.521803
804.967,9.922474
805.026,10.35531
805.085,10.82321
805.144,11.32935
805.203,11.87729
805.262,12.47097
805.321,13.11477
805.38,13.81359
805.439,14.57289
805.498,15.3988
805.557,16.29821
805.616,17.27883
805.675,18.34941
805.734,19.51979
805.793,20.80116
805.852,22.20622
805.911,23.74943
805.97,25.44732
806.029,27.31884
806.088,29.38577
806.147,31.67323
806.1765,32.90856
806.206,34.21027
806.2355,35.58272
806.265,37.03064
806.2945,38.55912
806.324,40.17367
806.3535,41.88026
806.383,43.68534
806.4125,45.59595
806.442,47.61968
806.4715,49.76482
806.501,52.04036
806.5305,54.45611
806.56,57.02275
806.5895,59.75196
806.619,62.65648
806.6485,65.75025
806.678,69.04853
806.7075,72.56807
806.737,76.32721
806.7665,80.34614
806.796,84.64704
806.8255,89.25433
806.855,94.1949
806.8845,99.49845
806.914,105.1977
806.9435,111.3289
806.973,117.9321
807.0025,125.0515
807.032,132.7362
807.0615,141.0404
807.091,150.0242
807.1205,159.7542
807.15,170.3039
807.1795,181.7549
807.209,194.1969
807.2385,207.729
807.268,222.4599
807.2975,238.5087
807.327,256.005
807.3565,275.0888
807.386,295.9103
807.4155,318.6283
807.445,343.4079
807.4745,370.4171
807.504,399.8209
807.5335,431.773
807.563,466.4046
807.5904,501.0538
807.6177,537.9869
807.645,577.2973
807.6723,618.8768
807.6996,662.5156
807.7269,707.878
807.7815,801.6694
807.8089,848.7893
807.8362,894.4932
807.8635,937.8085
807.8908,977.4937
807.9181,1012.284
807.9454,1040.985
807.9727,1062.575
808.0,1076.299
808.0274,1081.754
808.0547,1078.868
808.082,1068.026
808.1093,1049.904
808.1366,1025.432
808.1639,995.6962
808.1912,961.8497
808.2185,925.0251
808.2732,846.3748
808.3278,766.8517
808.3551,728.2043
808.3824,690.8244
808.4097,654.9642
808.437,620.7851
808.4712,580.47
808.5053,543.0889
808.5394,508.4779
808.5735,476.5321
808.6077,447.0249
808.6418,419.9637
808.6759,395.0851
808.71,372.2157
808.7442,351.1281
808.7783,331.7856
808.8124,313.9751
808.8465,297.5587
808.8807,282.3675
808.9148,268.375
808.9489,255.4304
808.983,243.4392
809.0172,232.2844
809.0513,221.954
809.0854,212.3447
809.1195,203.3936
809.1537,195.0207
809.1878,187.2237
809.2219,179.9313
809.256,173.102
809.2902,166.6799
809.3243,160.6686
809.3584,155.0177
809.3925,149.6995
809.4267,144.6742
809.4608,139.9481
809.4949,135.4851
809.529,131.266
809.5632,127.2619
809.5973,123.4803
809.6314,119.8945
809.6655,116.4911
809.6997,113.2487
809.7338,110.1749
809.802,104.4631
809.8703,99.26546
809.9385,94.53447
810.0068,90.20263
810.075,86.23665
810.1433,82.58516
810.2115,79.22454
810.2798,76.11503
810.348,73.23971
810.4163,70.56733
810.4845,68.08571
810.5528,65.7699
810.621,63.6111
810.6893,61.58915
810.7575,59.69768
810.8258,57.92019
810.894,56.25208
810.9623,54.6797
811.0305,53.19977
811.0988,51.80085
811.167,50.48065
811.2353,49.22949
811.3035,48.04582
811.3718,46.92139
811.44,45.85517
811.5083,44.84009
811.5765,43.87552
811.713,42.07923
811.8495,40.44313
811.986,38.94765
812.1225,37.5762
812.259,36.31458
812.3955,35.15064
812.532,34.07389
812.6685,33.07524
812.805,32.14678
812.9415,31.28162
813.078,30.47369
813.2145,29.71767
813.351,29.00884
813.4875,28.34304
813.624,27.71655
813.7605,27.12608
813.897,26.56866
814.0335,26.04165
814.17,25.54266
814.3065,25.06955
814.443,24.62038
814.5795,24.1934
814.716,23.787
814.8525,23.39976
814.989,23.03034
815.1255,22.67754
815.262,22.34027
815.535,21.70836
815.808,21.12749
816.081,20.59164
816.354,20.09567
816.627,19.63519
816.9,19.20641
817.173,18.80604
817.446,18.43123
817.719,18.07949
817.992,17.74863
818.265,17.43673
818.538,17.14208
818.811,16.86317
819.084,16.59867
819.357,16.34737
819.63,16.1082
819.903,15.8802
820.176,15.6625
820.449,15.45432
820.722,15.25495
820.995,15.06375
821.541,14.70358
822.087,14.36974
822.633,14.05882
823.179,13.76797
823.725,13.49475
824.271,13.23709
824.817,12.99321
825.363,12.76157
825.909,12.54084
826.455,12.32986
827.001,12.12761
827.547,11.93319
828.093,11.7458
828.639,11.56476
829.185,11.38942
829.731,11.21923
830.277,11.05369
831.369,10.7348
832.461,10.42962
833.553,10.13559
834.645,9.850582
835.737,9.572807
836.829,9.300759
837.921,9.033161
839.013,8.768933
840.105,8.507162
841.197,8.247087
842.289,7.988088
843.381,7.729682
844.473,7.471528
845.565,7.213434
846.657,6.95538
847.749,6.697543
848.841,6.440337
849.933,6.184468
851.025,5.931015
851.571,5.805655
852.117,5.681523
852.663,5.558908
853.209,5.438149
853.755,5.319643
854.301,5.20385
854.847,5.091306
855.393,4.982635
855.939,4.878561
856.485,4.779927
857.031,4.687712
857.577,4.603056
858.123,4.527286
858.669,4.461953
859.215,4.408867
859.761,4.370149
860.307,4.348287
860.853,4.346209
861.399,4.36737
861.945,4.415854
862.491,4.496512
862.764,4.55067
863.037,4.615122
863.31,4.690767
863.583,4.778592
863.856,4.879679
864.129,4.995217
864.402,5.126513
864.675,5.275005
864.948,5.442277
865.221,5.63008
865.494,5.840348
865.767,6.075221
866.04,6.337072
866.313,6.628534
866.586,6.952537
866.859,7.312343
867.132,7.711593
867.405,8.154357
867.678,8.645193
867.951,9.189216
868.224,9.79218
868.497,10.46057
868.77,11.20171
869.043,12.02389
869.316,12.93652
869.589,13.95032
869.7255,14.49892
869.862,15.07751
869.9985,15.68793
870.135,16.33208
870.2715,17.01206
870.408,17.73008
870.5445,18.48853
870.681,19.28998
870.8175,20.13719
870.954,21.03314
871.0905,21.98102
871.227,22.98428
871.3635,24.04667
871.5,25.17219
871.6365,26.36521
871.773,27.63044
871.9095,28.97299
872.046,30.3984
872.1825,31.91269
872.319,33.5224
872.4555,35.23466
872.592,37.05721
872.7285,38.99853
872.865,41.06785
873.0015,43.27529
873.138,45.63191
873.2745,48.14986
873.411,50.84244
873.5475,53.72431
873.684,56.81158
873.8205,60.12204
873.957,63.67529
874.0935,67.49304
874.23,71.59931
874.3665,76.02073
874.503,80.7869
874.6395,85.93073
874.776,91.48889
874.9125,97.50232
875.049,104.0168
875.1855,111.0835
875.322,118.7598
875.4585,127.1104
875.595,136.2077
875.7315,146.1335
875.868,156.9799
876.0045,168.8512
876.141,181.8649
876.2775,196.1543
876.414,211.8703
876.5505,229.1837
876.687,248.2878
876.7553,258.5865
876.8235,269.4017
876.8918,280.797
876.96,292.7727
877.0283,305.3998
877.0965,318.6794
877.1648,332.6907
877.233,347.435
877.3013,363.0006
877.3695,379.389
877.4378,396.6979
877.506,414.9286
877.5743,434.1887
877.6425,454.4782
877.7108,475.9149
877.779,498.4958
877.8473,522.3482
877.9155,547.4641
877.9838,573.9789
878.052,601.8758
878.1203,631.2955
878.1885,662.2074
878.2568,694.7529
878.325,728.8803
878.4297,784.5167
878.5344,844.1354
878.6391,907.709
878.7438,975.0837
878.8485,1045.942
878.9532,1119.764
879.1625,1272.903
879.2672,1349.936
879.3719,1425.203
879.4766,1496.854
879.5813,1562.867
879.686,1621.176
879.7907,1669.815
879.8954,1707.085
880.0,1731.702
880.1047,1742.993
880.2094,1740.826
880.3141,1725.712
880.4188,1698.701
880.5235,1661.263
880.6282,1615.131
880.7329,1562.156
880.8375,1504.223
881.0469,1379.814
881.2563,1253.045
881.361,1191.229
881.4657,1131.331
881.5704,1073.773
881.675,1018.884
881.7594,976.6088
881.8437,936.2236
881.928,897.6839
882.0123,860.9722
882.0966,826.053
882.1809,792.8765
882.2652,761.3835
882.3495,731.5077
882.4338,703.1788
882.5181,676.3242
882.6024,650.8706
882.6867,626.7453
882.771,603.8768
882.8553,582.1958
882.9396,561.6355
883.0239,542.1317
883.1082,523.6233
883.1925,506.0522
883.2768,489.3635
883.3611,473.5052
883.4454,458.4284
883.5297,444.0872
883.614,430.4381
883.6983,417.4408
883.8669,393.2514
884.0355,371.2425
884.2041,351.1719
884.3727,332.8272
884.5414,316.0128
884.71,300.5855
884.8786,286.3916
885.0472,273.3052
885.2158,261.2153
885.3844,250.0241
885.553,239.6451
885.7216,230.0017
885.8902,221.0258
886.0588,212.6571
886.2274,204.8415
886.396,197.5309
886.5646,190.6823
886.7332,184.2569
886.9018,178.2201
887.0704,172.5406
887.2391,167.1871
887.4077,162.1404
887.5763,157.3743
887.7449,152.8679
887.9135,148.602
888.0821,144.5594
888.2507,140.7244
888.4193,137.0826
888.5879,133.6207
888.7565,130.3267
889.0937,124.1993
889.4309,118.6221
889.7681,113.5289
890.1053,108.8632
890.4425,104.5766
890.7797,100.6274
891.1169,96.97956
891.4541,93.60189
891.7913,90.4671
892.1285,87.55133
892.4657,84.83365
892.803,82.29487
893.1402,79.92018
893.4774,77.69433
893.8146,75.60446
894.1518,73.63908
894.489,71.78794
894.8262,70.04183
895.1634,68.39247
895.5006,66.83241
895.8378,65.35491
896.175,63.95389
896.5122,62.6238
896.8494,61.35962
897.1866,60.15679
897.5238,59.01112
897.861,57.9188
898.1983,56.87604
898.5355,55.88024
899.2099,54.01708
899.8843,52.30813
900.5587,50.73566
901.2331,49.28447
901.9075,47.9415
902.5819,46.69543
903.2563,45.53644
903.9308,44.45583
904.6052,43.44641
905.2796,42.50141
905.954,41.61501
906.6284,40.78206
907.3028,39.99798
907.9772,39.25869
908.6516,38.56053
909.3261,37.90016
910.0005,37.27481
910.6749,36.68174
911.3493,36.11857
912.0237,35.58312
912.6981,35.07344
913.3725,34.58773
914.0469,34.12437
914.7214,33.68181
915.3958,33.25882
916.0702,32.85409
916.7446,32.46647
918.0934,31.73847
919.4422,31.06735
920.7911,30.44671
922.1399,29.87119
923.4887,29.33602
924.8375,28.83713
926.1864,28.37093
927.5352,27.93438
928.884,27.52471
930.2328,27.13952
931.5817,26.77664
932.9305,26.43424
934.2793,26.11061
935.6281,25.80423
936.977,25.51374
938.3258,25.23797
939.6746,24.97579
941.0234,24.72621
942.3723,24.48834
943.7211,24.26138
945.0699,24.04458
946.4187,23.83727
947.7676,23.63881
949.1164,23.44867
950.4652,23.26631
951.814,23.09127
954.5117,22.76138
957.2093,22.45593
959.907,22.17222
962.6046,21.908
965.3023,21.66126
967.9999,21.43031
968.0001,29.8184
1000.0,29.399
1070.313,28.97214
1140.625,28.57807
1210.938,28.21247
1281.25,27.8718
1351.563,27.54742
1421.875,27.243
1492.188,26.95639
1562.5,26.6858
1632.813,26.42637
1703.125,26.18025
1843.75,25.7233
1984.375,25.30291
2125.0,24.9175
2265.625,24.55825
2406.25,24.22537
2546.875,23.91553
2687.5,23.626
2828.125,23.35143
2968.75,23.09315
3109.375,22.84948
3250.0,22.619
3531.25,22.18925
3812.5,21.7997
4093.75,21.4417
4375.0,21.1128
4656.25,20.80681
4937.5,20.52283
5218.75,20.25814
5500.0,20.0105
5781.25,19.77624
6062.5,19.55565
6343.75,19.34737
6625.0,19.1502
7187.5,18.78318
7750.0,18.4501
8312.5,18.1438
8875.0,17.86215
9437.5,17.6018
10000.0,17.36
10703.13,17.15587
11406.25,16.96691
12812.5,16.627
14218.75,16.3277
15625.0,16.0613
17031.25,15.82107
18437.5,15.6031
19843.75,15.40383
21250.0,15.2205
22656.25,15.0505
24062.5,14.89248
26875.0,14.6067
29687.5,14.35369
32500.0,14.1274
35312.5,13.92262
38125.0,13.73618
40937.5,13.56525
43750.0,13.4076
46562.5,13.26118
49375.0,13.12481
55000.0,12.8776
60625.0,12.65804
66250.0,12.46123
71875.0,12.28317
77500.0,12.1208
83125.0,11.97146
88750.0,11.83357
94375.0,11.70559
100000.0,11.5863
106250.0,11.42469
112500.0,11.27439
118750.0,11.13404
125000.0,11.0025
137500.0,10.76188
150000.0,10.5468
159180.0,10.4023
159183.0,10.40226
159203.0,10.402
160000.0,10.3401
165000.0,10.23507
170000.0,10.1342
175000.0,10.037
180000.0,9.94343
190000.0,9.759483
200000.0,9.58812
209255.0,9.43221
209255.6,9.432197
209270.0,9.43189
214940.0,9.31281
220611.0,9.19739
225000.0,9.11075
231952.0,8.97553
240976.0,8.806622
250000.0,8.64693
254635.0,8.56694
264817.5,8.397625
275000.0,8.23786
277317.0,8.20164
288658.5,8.029603
300000.0,7.8676
313193.3,7.708665
326386.5,7.559305
339579.8,7.418589
352773.0,7.28571
364579.8,7.169495
376386.5,7.058752
400000.0,6.85205
405546.0,6.806
406852.5,6.792426
408159.0,6.778923
410772.0,6.752125
413385.0,6.725602
415998.0,6.69935
415998.4,6.699345
417352.0,6.68338
420303.8,6.648658
423255.5,6.614358
429159.0,6.54699
435062.5,6.479658
440966.0,6.413912
446869.5,6.349694
452773.0,6.28695
457809.0,6.2343
457809.2,6.234297
458965.1,6.219305
460120.9,6.204388
462432.5,6.174771
467055.8,6.116397
471679.2,6.059141
476302.5,6.002972
485549.3,5.89377
494796.0,5.78856
496097.0,5.764449
497398.0,5.740502
500000.0,5.69309
508800.0,5.620707
517600.0,5.550462
526400.0,5.482257
535200.0,5.416
537225.0,5.399971
539250.0,5.384049
543300.0,5.352524
547350.0,5.321416
551400.0,5.290715
559500.0,5.230506
567600.0,5.171833
575700.0,5.114635
583800.0,5.058856
600000.0,4.95134
610308.5,4.910463
620617.0,4.870599
630925.5,4.831708
641234.0,4.79375
641234.4,4.793748
643175.5,4.786024
645116.5,4.778335
648998.5,4.763064
656762.5,4.732937
664526.8,4.703351
672291.0,4.67429
672291.1,4.67429
673987.2,4.666874
675683.2,4.659488
679075.3,4.644808
685859.5,4.615802
692643.8,4.58726
699428.0,4.55917
701563.8,4.547978
703699.5,4.536848
707971.0,4.51477
716514.0,4.471327
716514.1,4.471327
718053.1,4.463889
719592.1,4.45648
722670.0,4.441747
728826.0,4.41261
734982.0,4.383908
741138.0,4.355629
741138.3,4.355627
743353.8,4.343755
745569.2,4.33195
750000.0,4.308541
753802.0,4.288279
753802.2,4.288278
754204.0,4.28604
754204.2,4.286039
757066.4,4.266721
759928.5,4.247563
765653.0,4.209717
771377.5,4.172486
777102.0,4.135856
788551.0,4.064342
800000.0,3.99507
806250.0,3.97917
812500.0,3.963456
825000.0,3.932568
837500.0,3.902381
850000.0,3.872867
862500.0,3.844003
875000.0,3.815764
900000.0,3.761077
925000.0,3.70864
950000.0,3.658303
975000.0,3.609932
1000000.0,3.5634
1031250.0,3.547574
1062500.0,3.532288
1093750.0,3.517509
1125000.0,3.503205
1156250.0,3.489348
1187500.0,3.475914
1218750.0,3.462878
1250000.0,3.45022
1312500.0,3.424198
1375000.0,3.39957
1437500.0,3.376202
1500000.0,3.35398
1562500.0,3.402098
1625000.0,3.448978
1687500.0,3.494699
1750000.0,3.53933
1812500.0,3.584712
1875000.0,3.629108
1937500.0,3.672571
2000000.0,3.71515
2125000.0,3.835072
2250000.0,3.95168
2375000.0,4.066729
2437500.0,4.123187
2500000.0,4.17897
2625000.0,4.26697
2750000.0,4.3526
2875000.0,4.436047
2937500.0,4.476991
3000000.0,4.51744
3062500.0,4.530636
3125000.0,4.543602
3187500.0,4.556348
3250000.0,4.568881
3312500.0,4.581209
3375000.0,4.593338
3500000.0,4.61703
3625000.0,4.640329
3750000.0,4.66295
3875000.0,4.685147
3937500.0,4.696017
4000000.0,4.70674
4062500.0,4.686954
4125000.0,4.667552
4187500.0,4.64852
4250000.0,4.629846
4312500.0,4.611518
4375000.0,4.593525
4437500.0,4.575856
4500000.0,4.5585
4562500.0,4.541393
4625000.0,4.524582
4687500.0,4.508057
4750000.0,4.49181
4812500.0,4.475809
4875000.0,4.46007
4937500.0,4.444586
5000000.0,4.42935
5040030.0,4.40759
5095510.0,4.377837
5100028.0,4.375437
5160025.0,4.343892
5220023.0,4.312934
5280020.0,4.282548
5340018.0,4.252714
5400015.0,4.223419
5460013.0,4.194646
5520010.0,4.16638
5580009.0,4.138552
5640008.0,4.111204
5700007.0,4.084324
5760005.0,4.057898
5820004.0,4.031914
5880003.0,4.006361
5940002.0,3.981226
6000000.0,3.9565
6042650.0,3.940946
6085300.0,3.925563
6127950.0,3.910346
6170600.0,3.895293
6213250.0,3.880401
6255900.0,3.865667
6298550.0,3.851089
6341200.0,3.836663
6426500.0,3.808261
6511800.0,3.780438
6597100.0,3.753178
6682400.0,3.72646
6756590.0,3.675873
6830780.0,3.626515
6904970.0,3.578342
6979160.0,3.531313
7053350.0,3.48539
7096280.0,3.459307
7127540.0,3.440535
7201730.0,3.396713
7275920.0,3.35389
7331400.0,3.318546
7366430.0,3.296558
7456940.0,3.240887
7547450.0,3.186812
7637960.0,3.134268
7728470.0,3.083194
7818980.0,3.033532
7909490.0,2.985228
8000000.0,2.93823
8031250.0,2.931772
8062500.0,2.925353
8125000.0,2.912631
8187500.0,2.900062
8250000.0,2.887642
8312500.0,2.875368
8375000.0,2.863237
8437500.0,2.851248
8500000.0,2.839396
8562500.0,2.82768
8625000.0,2.816097
8687500.0,2.804645
8750000.0,2.793321
8812500.0,2.782122
8875000.0,2.771048
8937500.0,2.760094
9000000.0,2.74926
9062500.0,2.734092
9125000.0,2.719111
9187500.0,2.704314
9250000.0,2.689697
9312500.0,2.675256
9375000.0,2.660989
9437500.0,2.646891
9500000.0,2.632961
9562500.0,2.619195
9625000.0,2.60559
9687500.0,2.592142
9750000.0,2.57885
9812500.0,2.565711
9875000.0,2.552721
9937500.0,2.539878
10000000.0,2.52718
10062500.0,2.52849
10125000.0,2.529793
10187500.0,2.531088
10250000.0,2.532376
10312500.0,2.533657
10375000.0,2.534931
10437500.0,2.536198
10500000.0,2.537458
10562500.0,2.538711
10625000.0,2.539957
10687500.0,2.541196
10750000.0,2.542429
10812500.0,2.543655
10875000.0,2.544875
10937500.0,2.546089
11000000.0,2.547296
11062500.0,2.548497
11125000.0,2.549691
11187500.0,2.55088
11250000.0,2.552062
11312500.0,2.553239
11375000.0,2.554409
11437500.0,2.555574
11500000.0,2.556732
11562500.0,2.557885
11625000.0,2.559033
11687500.0,2.560174
11750000.0,2.56131
11812500.0,2.562441
11875000.0,2.563566
11937500.0,2.564686
12000000.0,2.5658
12062500.0,2.572172
12125000.0,2.578526
12187500.0,2.584863
12250000.0,2.591184
12312500.0,2.597487
12375000.0,2.603774
12437500.0,2.610044
12500000.0,2.616298
12562500.0,2.622536
12625000.0,2.628757
12687500.0,2.634962
12750000.0,2.641151
12812500.0,2.647325
12875000.0,2.653483
12937500.0,2.659625
13000000.0,2.665751
13062500.0,2.671863
13125000.0,2.677959
13187500.0,2.68404
13250000.0,2.690105
13312500.0,2.696156
13375000.0,2.702192
13437500.0,2.708214
13500000.0,2.71422
13562500.0,2.720213
13625000.0,2.72619
13687500.0,2.732154
13750000.0,2.738103
13812500.0,2.744038
13875000.0,2.749959
13937500.0,2.755867
14000000.0,2.76176
14064080.0,2.770012
14128150.0,2.778249
14192230.0,2.786475
14256300.0,2.794687
14320380.0,2.802887
14384450.0,2.811074
14448530.0,2.819249
14512600.0,2.82741
14576680.0,2.835559
14640750.0,2.843696
14704830.0,2.851821
14768900.0,2.859932
14832980.0,2.868033
14897050.0,2.87612
14961130.0,2.884197
15025200.0,2.89226
15086130.0,2.897702
15147050.0,2.903131
15159900.0,2.904275
15207980.0,2.908549
15268900.0,2.913955
15329830.0,2.91935
15390750.0,2.924733
15451680.0,2.930105
15512600.0,2.935466
15573530.0,2.940815
15634450.0,2.946153
15695380.0,2.95148
15756300.0,2.956796
15817230.0,2.962101
15878150.0,2.967395
15939080.0,2.972678
16000000.0,2.97795
16125000.0,2.98661
16250000.0,2.995228
16375000.0,3.003805
16500000.0,3.012341
16625000.0,3.020836
16750000.0,3.029291
16875000.0,3.037707
17000000.0,3.046084
17125000.0,3.054423
17250000.0,3.062723
17375000.0,3.070986
17500000.0,3.079211
17625000.0,3.0874
17750000.0,3.095552
17875000.0,3.103669
18000000.0,3.11175
18250000.0,3.112544
18500000.0,3.113327
18750000.0,3.1141
19000000.0,3.114863
19250000.0,3.115617
19500000.0,3.11636
19750000.0,3.117095
20000000.0,3.11782
20000010.0,3.1102
20008920.0,3.110215
20100690.0,3.110268
21000000.0,3.100939
22000000.0,3.0694
22045290.0,3.067452
23000000.0,3.019084
24000000.0,2.9537
25000000.0,2.878538
25612490.0,2.828573
26000000.0,2.7948
26513330.0,2.749135
27000000.0,2.706002
28000000.0,2.6157
28513520.0,2.568448
28726290.0,2.549056
29000000.0,2.524364
29910770.0,2.445155
30000000.0,2.4377
30943580.0,2.361577
31000000.0,2.357173
31936790.0,2.286379
32000000.0,2.281757
32864770.0,2.220398
33000000.0,2.211113
34000000.0,2.144947
35000000.0,2.083
35200350.0,2.071283
35260950.0,2.067851
36000000.0,2.029852
37000000.0,1.988318
37627090.0,1.967053
37864890.0,1.959809
38000000.0,1.955876
39000000.0,1.930425
40000000.0,1.9102
40240070.0,1.906093
41000000.0,1.896204
41106640.0,1.89518
42000000.0,1.889886
43000000.0,1.890463
44000000.0,1.89726
44156920.0,1.898852
44243560.0,1.89979
45000000.0,1.9097
46000000.0,1.925185
47000000.0,1.942197
47292840.0,1.947616
47799800.0,1.95758
48000000.0,1.961739
49000000.0,1.984707
50000000.0,2.0119
50926470.0,2.039031
51000000.0,2.041165
51267390.0,2.048904
52000000.0,2.069961
53000000.0,2.098442
54000000.0,2.126746
54494570.0,2.140719
55000000.0,2.155
56000000.0,2.183261
56488020.0,2.197006
57000000.0,2.211353
58000000.0,2.239056
59000000.0,2.266166
59564340.0,2.281135
60000000.0,2.2925
60365680.0,2.301837
61000000.0,2.317451
62000000.0,2.340717
63000000.0,2.362568
63774670.0,2.378681
64000000.0,2.383251
65000000.0,2.403
66000000.0,2.421242
67000000.0,2.437451
67540270.0,2.445458
68000000.0,2.451897
69000000.0,2.464834
70000000.0,2.4765
71000000.0,2.486775
71467880.0,2.491027
72000000.0,2.495452
73000000.0,2.502624
74000000.0,2.508379
75000000.0,2.5128
76000000.0,2.515967
76806400.0,2.517629
77000000.0,2.517911
78000000.0,2.51864
79000000.0,2.518165
80000000.0,2.5165
81000000.0,2.513785
81333040.0,2.512676
82000000.0,2.510143
83000000.0,2.505557
84000000.0,2.500012
85000000.0,2.4935
86000000.0,2.486175
87000000.0,2.478173
88000000.0,2.469461
89000000.0,2.460012
90000000.0,2.4498
91000000.0,2.438923
92000000.0,2.427529
93000000.0,2.415663
94000000.0,2.403374
95000000.0,2.3907
96000000.0,2.377626
97000000.0,2.364107
98000000.0,2.350145
99000000.0,2.335741
100000000.0,2.3209
102000000.0,2.290391
104000000.0,2.259124
106000000.0,2.227143
108000000.0,2.194487
110000000.0,2.1612
112000000.0,2.127594
114000000.0,2.093918
116000000.0,2.06012
118000000.0,2.026158
120000000.0,1.992
122000000.0,1.958067
124000000.0,1.924657
126000000.0,1.891573
128000000.0,1.858638
130000000.0,1.8257
132000000.0,1.793056
134000000.0,1.761051
136000000.0,1.729625
138000000.0,1.698724
140000000.0,1.6683
142000000.0,1.638437
144000000.0,1.609205
146000000.0,1.580541
148000000.0,1.55239
150000000.0,1.5247
