1e-05,14.57042
1.03125e-05,14.57042
1.0625e-05,14.57042
1.09375e-05,14.57042
1.125e-05,14.57042
1.15625e-05,14.57042
1.1875e-05,14.57042
1.21875e-05,14.57042
1.25e-05,14.57042
1.28125e-05,14.57042
1.3125e-05,14.57042
1.34375e-05,14.57042
1.375e-05,14.57042
1.4375e-05,14.57042
1.5e-05,14.57042
1.5625e-05,14.57042
1.625e-05,14.57042
1.6875e-05,14.57042
1.75e-05,14.57042
1.8125e-05,14.57042
1.875e-05,14.57042
1.9375e-05,14.57042
2e-05,14.57042
2.09375e-05,14.57042
2.1875e-05,14.57042
2.28125e-05,14.57042
2.375e-05,14.57042
2.46875e-05,14.57042
2.5625e-05,14.57042
2.65625e-05,14.57042
2.75e-05,14.57042
2.84375e-05,14.57042
2.9375e-05,14.57042
3.03125e-05,14.57042
3.125e-05,14.57042
3.21875e-05,14.57042
3.3125e-05,14.57042
3.40625e-05,14.57042
3.5e-05,14.57042
3.59375e-05,14.57042
3.6875e-05,14.57042
3.78125e-05,14.57042
3.875e-05,14.57042
3.96875e-05,14.57042
4.0625e-05,14.57042
4.25e-05,14.57042
4.4375e-05,14.57042
4.625e-05,14.57042
4.8125e-05,14.57042
5e-05,14.57042
5.15625e-05,14.57042
5.3125e-05,14.57042
5.46875e-05,14.57042
5.625e-05,14.57042
5.78125e-05,14.57042
5.9375e-05,14.57042
6.09375e-05,14.57042
6.25e-05,14.57042
6.40625e-05,14.57042
6.5625e-05,14.57042
6.71875e-05,14.57042
6.875e-05,14.57042
7.1875e-05,14.57042
7.5e-05,14.57042
7.8125e-05,14.57042
8.125e-05,14.57042
8.4375e-05,14.57042
8.75e-05,14.57042
9.0625e-05,14.57042
9.375e-05,14.57042
9.6875e-05,14.57042
0.0001,14.57042
0.000103125,14.57042
0.00010625,14.57042
0.000109375,14.57042
0.0001125,14.57042
0.000115625,14.57042
0.00011875,14.57042
0.000121875,14.57042
0.000125,14.57042
0.000128125,14.57042
0.00013125,14.57042
0.000134375,14.57042
0.0001375,14.57042
0.00014375,14.57042
0.00015,14.57042
0.00015625,14.57042
0.0001625,14.57042
0.00016875,14.57042
0.000175,14.57042
0.00018125,14.57042
0.0001875,14.57042
0.00019375,14.57042
0.0002,14.57042
0.000209375,14.57042
0.00021875,14.57042
0.000228125,14.57041
0.0002375,14.57041
0.000246875,14.57041
0.00025625,14.57041
0.000265625,14.57041
0.000275,14.57041
0.000284375,14.57041
0.00029375,14.57041
0.000303125,14.57041
0.0003125,14.57041
0.000321875,14.57041
0.00033125,14.57041
0.000340625,14.57041
0.00035,14.57041
0.000359375,14.57041
0.00036875,14.57041
0.000378125,14.57041
0.0003875,14.57041
0.000396875,14.57041
0.00040625,14.57041
0.000425,14.57041
0.00044375,14.57041
0.0004625,14.57041
0.00048125,14.57041
0.0005,14.57041
0.000515625,14.57041
0.00053125,14.57041
0.000546875,14.57041
0.0005625,14.57041
0.000578125,14.57041
0.00059375,14.57041
0.000609375,14.57041
0.000625,14.57041
0.000640625,14.57041
0.00065625,14.57041
0.000671875,14.57041
0.0006875,14.57041
0.00071875,14.57041
0.00075,14.57041
0.00078125,14.57041
0.0008125,14.57041
0.00084375,14.57041
0.000875,14.57041
0.00090625,14.5704
0.0009375,14.5704
0.00096875,14.5704
0.001,14.5704
0.00103125,14.5704
0.0010625,14.5704
0.00109375,14.5704
0.001125,14.5704
0.00115625,14.5704
0.0011875,14.5704
0.00121875,14.5704
0.00125,14.5704
0.00128125,14.5704
0.0013125,14.5704
0.00134375,14.5704
0.001375,14.5704
0.0014375,14.5704
0.0015,14.5704
0.0015625,14.57039
0.001625,14.57039
0.0016875,14.57039
0.00175,14.57039
0.0018125,14.57039
0.001875,14.57039
0.0019375,14.57039
0.002,14.57039
0.00209375,14.57039
0.0021875,14.57039
0.00228125,14.57038
0.002375,14.57038
0.00246875,14.57038
0.0025625,14.57038
0.00265625,14.57038
0.00275,14.57038
0.00284375,14.57038
0.0029375,14.57037
0.00303125,14.57037
0.003125,14.57037
0.00321875,14.57037
0.0033125,14.57037
0.00340625,14.57037
0.0035,14.57037
0.00359375,14.57036
0.0036875,14.57036
0.00378125,14.57036
0.003875,14.57036
0.00396875,14.57036
0.0040625,14.57036
0.00425,14.57035
0.0044375,14.57035
0.004625,14.57035
0.0048125,14.57035
0.005,14.57034
0.00515625,14.57034
0.0053125,14.57034
0.00546875,14.57034
0.005625,14.57033
0.00578125,14.57033
0.0059375,14.57033
0.00609375,14.57033
0.00625,14.57032
0.00640625,14.57032
0.0065625,14.57032
0.00671875,14.57032
0.006875,14.57032
0.0071875,14.57031
0.0075,14.57031
0.0078125,14.5703
0.008125,14.5703
0.0084375,14.57029
0.00875,14.57029
0.0090625,14.57028
0.009375,14.57028
0.0096875,14.57027
0.01,14.57027
0.0103125,14.57026
0.010625,14.57026
0.0109375,14.57025
0.01125,14.57025
0.0115625,14.57025
0.011875,14.57024
0.0121875,14.57024
0.0125,14.57023
0.0128125,14.57023
0.013125,14.57022
0.0134375,14.57022
0.01375,14.57021
0.014375,14.5702
0.015,14.57019
0.015625,14.57019
0.01625,14.57018
0.016875,14.57017
0.0175,14.57016
0.018125,14.57015
0.01875,14.57014
0.019375,14.57013
0.02,14.57012
0.0206625,14.57011
0.021325,14.5701
0.0219875,14.57009
0.02265,14.57008
0.0233125,14.57007
0.023975,14.57006
0.0246375,14.57005
0.0253,14.57004
0.02607188,14.57003
0.02684375,14.57002
0.02761563,14.57001
0.0283875,14.56999
0.02915938,14.56998
0.02993125,14.56997
0.03070313,14.56996
0.031475,14.56995
0.03224688,14.56994
0.03301875,14.56993
0.0345625,14.5699
0.03610625,14.56988
0.03765,14.56986
0.03919375,14.56983
0.0407375,14.56981
0.04228125,14.56979
0.043825,14.56977
0.04536875,14.56974
0.0469125,14.56972
0.04845625,14.5697
0.05,14.56967
0.0515625,14.56965
0.053125,14.56963
0.0546875,14.5696
0.05625,14.56958
0.0578125,14.56956
0.059375,14.56953
0.0609375,14.56951
0.0625,14.56949
0.0640625,14.56946
0.065625,14.56944
0.0671875,14.56942
0.06875,14.56939
0.071875,14.56935
0.075,14.5693
0.078125,14.56925
0.08125,14.56921
0.084375,14.56916
0.0875,14.56912
0.090625,14.56907
0.09375,14.56902
0.096875,14.56898
0.1,14.56893
0.103125,14.56888
0.10625,14.56884
0.109375,14.56879
0.1125,14.56874
0.115625,14.5687
0.11875,14.56865
0.121875,14.5686
0.125,14.56856
0.128125,14.56851
0.13125,14.56846
0.134375,14.56842
0.1375,14.56837
0.14375,14.56828
0.15,14.56819
0.15625,14.56809
0.1625,14.568
0.16875,14.56791
0.175,14.56781
0.18125,14.56772
0.1875,14.56763
0.19375,14.56754
0.2,14.56744
0.209375,14.5673
0.21875,14.56716
0.228125,14.56703
0.2375,14.56689
0.246875,14.56675
0.25625,14.56661
0.265625,14.56647
0.275,14.56633
0.284375,14.56619
0.29375,14.56605
0.303125,14.56591
0.3125,14.56577
0.321875,14.56563
0.33125,14.56549
0.340625,14.56535
0.35,14.56522
0.359375,14.56508
0.36875,14.56494
0.378125,14.5648
0.3875,14.56466
0.396875,14.56452
0.40625,14.56438
0.425,14.5641
0.44375,14.56383
0.4625,14.56355
0.48125,14.56327
0.5,14.56299
0.53125,14.56253
0.5625,14.56206
0.59375,14.5616
0.625,14.56114
0.65625,14.56068
0.6875,14.56021
0.71875,14.55975
0.75,14.55929
0.78125,14.55883
0.8125,14.55836
0.84375,14.5579
0.875,14.55744
0.9375,14.55652
1.0,14.55559
1.0625,14.55467
1.125,14.55375
1.1875,14.55283
1.25,14.5519
1.3125,14.55098
1.375,14.55006
1.4375,14.54914
1.5,14.54822
1.5625,14.5473
1.625,14.54638
1.6875,14.54546
1.75,14.54455
1.875,14.54271
2.0,14.54088
2.09375,14.5395
2.1875,14.53813
2.28125,14.53676
2.375,14.53538
2.46875,14.53401
2.5625,14.53264
2.65625,14.53127
2.75,14.52991
2.9375,14.52717
3.125,14.52444
3.3125,14.52171
3.5,14.51899
3.6875,14.51627
3.875,14.51356
4.0625,14.51084
4.25,14.50813
4.4375,14.50543
4.625,14.50273
4.8125,14.50003
5.0,14.49733
5.3125,14.49285
5.625,14.48837
5.9375,14.48391
6.25,14.47945
6.5625,14.47501
6.875,14.47057
7.1875,14.46614
7.5,14.46173
7.8125,14.45732
8.125,14.45292
8.4375,14.44853
8.75,14.44415
9.375,14.43541
10.0,14.42672
10.625,14.41806
11.25,14.40943
11.875,14.40085
12.5,14.39229
13.125,14.38378
13.75,14.3753
14.375,14.36685
15.0,14.35844
15.625,14.35006
16.25,14.34172
16.875,14.33341
17.5,14.32514
18.75,14.30869
20.0,14.29237
20.9375,14.28023
21.875,14.26815
22.8125,14.25615
23.75,14.24422
24.6875,14.23236
25.625,14.22057
26.5625,14.20885
27.5,14.1972
29.375,14.17411
31.25,14.15128
33.125,14.12872
35.0,14.10643
36.875,14.08438
38.75,14.06259
40.625,14.04105
42.5,14.01975
44.375,13.99868
46.25,13.97785
48.125,13.95725
50.0,13.93688
53.125,13.90341
56.25,13.87055
59.375,13.83827
62.5,13.80655
65.625,13.77539
68.75,13.74477
71.875,13.71466
75.0,13.68507
78.125,13.65597
81.25,13.62735
84.375,13.5992
87.5,13.57151
93.75,13.51745
100.0,13.46508
106.25,13.41433
112.5,13.3651
118.75,13.31734
125.0,13.27097
131.25,13.22592
137.5,13.18214
143.75,13.13957
150.0,13.09815
156.25,13.05784
162.5,13.01858
168.75,12.98033
175.0,12.94306
181.25,12.90671
187.5,12.87125
193.75,12.83665
200.0,12.80286
209.375,12.75365
218.75,12.7061
228.125,12.66013
237.5,12.61564
246.875,12.57255
256.25,12.53079
265.625,12.49028
275.0,12.45095
284.375,12.41275
293.75,12.37561
303.125,12.33948
312.5,12.30431
321.875,12.27005
331.25,12.23666
340.625,12.20409
350.0,12.1723
359.375,12.14126
368.75,12.11093
387.5,12.05225
406.25,11.99603
425.0,11.94203
443.75,11.89007
462.5,11.83994
481.25,11.79149
500.0,11.74456
515.625,11.70651
531.25,11.66934
546.875,11.63299
562.5,11.59739
578.125,11.56247
593.75,11.52817
609.375,11.49444
625.0,11.46123
640.625,11.42848
656.25,11.39615
671.875,11.36419
687.5,11.33254
718.75,11.27004
750.0,11.2083
781.25,11.14699
812.5,11.08578
843.75,11.02433
875.0,10.9623
906.25,10.89933
937.5,10.83504
968.75,10.76901
1000.0,10.70077
1022.094,10.65092
1044.188,10.5995
1066.282,10.54629
1088.375,10.49104
1110.469,10.43345
1132.563,10.3732
1154.657,10.30994
1176.75,10.24323
1198.844,10.17259
1209.891,10.13562
1220.938,10.09745
1231.985,10.05798
1243.032,10.01713
1254.079,9.974786
1265.125,9.930846
1276.172,9.885178
1287.219,9.837648
1298.266,9.788107
1309.313,9.736391
1320.36,9.682318
1331.407,9.625684
1342.454,9.566265
1353.5,9.503814
1364.547,9.43804
1375.594,9.36863
1386.641,9.295229
1397.688,9.217431
1408.735,9.134779
1419.782,9.046748
1430.829,8.952737
1436.352,8.903282
1441.875,8.852064
1447.399,8.798972
1452.922,8.743911
1458.446,8.686741
1463.969,8.627352
1469.493,8.565582
1475.016,8.501298
1480.54,8.43431
1486.063,8.36446
1491.587,8.291526
1497.11,8.215315
1502.634,8.135564
1508.157,8.052039
1513.681,7.964426
1519.204,7.87244
1524.727,7.775716
1530.25,7.673871
1535.774,7.566456
1541.297,7.453036
1546.821,7.33304
1552.344,7.205919
1557.868,7.070965
1563.391,6.927482
1566.153,6.852262
1568.915,6.77458
1571.677,6.694315
1574.438,6.611368
1577.2,6.52554
1579.962,6.436715
1582.724,6.344735
1585.485,6.249469
1588.247,6.150669
1591.009,6.04818
1593.771,5.941797
1596.532,5.831346
1599.294,5.716514
1602.056,5.597094
1604.818,5.472822
1607.579,5.343464
1610.341,5.208627
1613.102,5.068088
1615.864,4.921409
1618.625,4.768334
1621.387,4.608376
1624.149,4.441189
1626.911,4.266358
1629.672,4.083523
1632.434,3.892113
1635.196,3.691758
1636.577,3.588094
1637.958,3.482036
1639.339,3.373538
1640.719,3.262637
1642.1,3.149135
1643.481,3.033077
1644.862,2.914439
1646.243,2.793207
1647.624,2.66938
1649.005,2.54297
1650.386,2.414011
1651.766,2.282657
1653.147,2.148801
1654.528,2.01266
1655.909,1.8744
1657.29,1.734239
1658.671,1.592464
1660.052,1.44944
1661.433,1.305634
1662.813,1.161738
1664.194,1.018286
1665.575,0.8763113
1666.956,0.7369789
1668.337,0.6017462
1669.028,0.5361738
1669.718,0.4724379
1670.409,0.4106552
1671.099,0.3513416
1671.445,0.3226109
1671.79,0.2947041
1672.135,0.2675915
1672.48,0.2413309
1672.825,0.2159834
1673.17,0.1916139
1673.515,0.1682912
1673.86,0.1460882
1674.206,0.1250233
1674.551,0.1053006
1674.896,0.08694472
1675.241,0.07004833
1675.587,0.05466776
1675.932,0.04099679
1676.277,0.02909989
1676.45,0.02383888
1676.622,0.01909533
1676.795,0.01483011
1676.968,0.01108886
1677.141,0.007888722
1677.227,0.006504715
1677.313,0.005261016
1677.4,0.004147929
1677.486,0.00319336
1677.572,0.002386016
1677.658,0.001728266
1677.702,0.001450368
1677.745,0.001217541
1677.788,0.001023333
1677.831,0.0008680534
1677.874,0.0007520139
1677.917,0.000675529
1677.96,0.0006389158
1678.003,0.0006424938
1678.047,0.000688095
1678.09,0.0007739776
1678.133,0.0009010328
1678.176,0.001069591
1678.22,0.001285377
1678.263,0.001538925
1678.306,0.001834989
1678.349,0.00217391
1678.436,0.002992119
1678.522,0.003977551
1678.608,0.005141426
1678.694,0.006486617
1678.781,0.008034922
1678.867,0.009753743
1679.039,0.0137652
1679.212,0.01859268
1679.384,0.02420603
1679.557,0.03069724
1679.73,0.03806384
1679.903,0.04633451
1680.075,0.05548296
1680.248,0.06564609
1680.42,0.07673771
1680.593,0.08891943
1680.765,0.1020839
1680.938,0.1164191
1681.111,0.1318878
1681.284,0.1485278
1681.456,0.1662709
1681.629,0.1853637
1681.801,0.2056264
1681.974,0.2273377
1682.146,0.2502905
1682.319,0.2747979
1682.492,0.3007781
1682.665,0.3282809
1682.837,0.3571849
1683.01,0.3878793
1683.182,0.4200636
1683.355,0.4541692
1683.527,0.4898602
1683.7,0.5276131
1683.872,0.5670542
1684.045,0.6087081
1684.217,0.6521612
1684.39,0.6979896
1684.562,0.7457365
1684.735,0.7960336
1684.907,0.8483781
1685.08,0.9034612
1685.253,0.9610715
1685.426,1.021298
1685.598,1.083863
1685.771,1.149588
1685.943,1.217815
1686.116,1.289439
1686.288,1.363739
1686.461,1.441694
1686.634,1.522996
1686.807,1.607768
1686.979,1.695616
1687.152,1.787694
1687.324,1.883073
1687.497,1.983006
1687.669,2.086486
1687.842,2.19487
1688.015,2.307733
1688.36,2.546859
1688.705,2.805914
1689.05,3.086462
1689.396,3.391124
1689.741,3.720004
1690.086,4.075985
1690.431,4.461291
1690.777,4.879618
1691.122,5.331231
1691.467,5.82023
1691.812,6.349848
1692.158,6.925374
1692.503,7.547421
1692.848,8.221924
1693.193,8.953685
1693.539,9.750424
1693.884,10.61346
1694.229,11.55157
1694.574,12.57207
1694.919,13.68314
1695.264,14.89391
1695.609,16.21462
1695.954,17.65676
1696.3,19.23805
1696.645,20.96396
1696.99,22.85536
1697.163,23.87187
1697.335,24.93094
1697.508,26.04762
1697.681,27.21884
1697.854,28.44775
1698.026,29.73007
1698.199,31.08428
1698.371,32.49853
1698.544,33.99335
1698.716,35.55582
1698.889,37.2088
1699.062,38.94851
1699.235,40.7804
1699.407,42.69887
1699.58,44.7325
1699.752,46.86445
1699.925,49.12679
1700.097,51.50112
1700.27,54.0235
1700.442,56.67379
1700.615,59.49268
1700.787,62.45812
1700.96,65.61613
1701.132,68.94258
1701.305,72.48966
1701.477,76.23092
1701.65,80.2258
1701.823,84.47056
1701.996,88.9841
1702.168,93.75837
1702.341,98.87117
1702.513,104.2875
1702.686,110.0968
1702.858,116.2606
1703.031,122.8821
1703.204,129.9612
1703.377,137.5358
1703.549,145.5985
1703.722,154.2881
1703.894,163.5527
1704.067,173.5539
1704.239,184.2339
1704.412,195.7808
1704.585,208.2048
1704.758,221.5818
1704.93,235.9082
1705.103,251.4396
1705.275,268.0921
1705.448,286.1628
1705.62,305.5525
1705.793,326.6044
1705.965,349.1977
1706.138,373.724
1706.31,400.0307
1706.483,428.5561
1706.655,459.0988
1706.828,492.1352
1707.0,527.3885
1707.188,568.7629
1707.375,612.9176
1707.563,660.3148
1707.75,710.3482
1707.938,763.3288
1708.125,818.3211
1708.5,933.0795
1708.688,991.1251
1708.875,1047.694
1709.063,1102.012
1709.25,1152.002
1709.438,1196.649
1709.625,1234.002
1709.813,1263.174
1710.0,1282.883
1710.188,1292.771
1710.375,1292.624
1710.563,1282.786
1710.75,1264.114
1710.938,1237.478
1711.125,1204.429
1711.313,1165.984
1711.5,1123.9
1711.875,1032.874
1712.25,939.6462
1712.438,893.9341
1712.625,849.8048
1712.813,807.1127
1713.0,766.5262
1713.141,737.2412
1713.281,709.3166
1713.421,682.5492
1713.561,656.9341
1713.702,632.284
1713.842,608.9238
1713.982,586.6435
1714.122,565.4072
1714.263,545.035
1714.403,525.7748
1714.543,507.4365
1714.683,489.9778
1714.823,473.3567
1714.963,457.5319
1715.103,442.463
1715.243,428.111
1715.384,414.343
1715.524,401.3181
1715.664,388.9017
1715.804,377.0611
1716.084,354.9843
1716.364,334.8575
1716.645,316.4126
1716.925,299.5972
1717.205,284.1805
1717.485,270.0188
1717.766,256.9399
1718.046,244.924
1718.326,233.8226
1718.606,223.5473
1718.887,213.9866
1719.167,205.1385
1719.447,196.9055
1719.727,189.2321
1720.008,182.0442
1720.288,175.3485
1720.568,169.0787
1720.848,163.1993
1721.129,157.6591
1721.409,152.4687
1721.689,147.5815
1721.969,142.9741
1722.25,138.61
1722.53,134.5009
1722.811,130.5997
1723.091,126.9182
1723.372,123.4153
1723.652,120.1028
1723.932,116.9555
1724.212,113.9623
1724.493,111.1032
1724.773,108.3891
1725.333,103.3307
1725.894,98.70759
1726.454,94.48419
1727.015,90.60064
1727.575,87.03239
1728.136,83.73345
1728.696,80.68682
1729.257,77.8565
1729.817,75.23067
1730.378,72.7807
1730.938,70.49841
1731.499,68.36066
1732.06,66.35837
1732.621,64.47974
1733.181,62.71729
1733.742,61.05534
1734.302,59.4914
1734.863,58.01234
1735.423,56.61664
1735.984,55.29317
1736.544,54.0411
1737.105,52.85092
1737.665,51.72231
1738.226,50.64708
1738.786,49.62526
1739.347,48.64975
1739.907,47.72086
1741.028,45.98474
1742.149,44.39638
1743.27,42.93838
1744.391,41.59588
1745.512,40.35617
1746.633,39.20827
1747.754,38.14268
1748.875,37.15115
1749.997,36.22564
1751.118,35.36149
1752.239,34.55227
1753.36,33.79304
1754.481,33.07945
1755.602,32.40762
1756.723,31.77408
1757.844,31.17574
1758.966,30.60933
1760.087,30.07335
1761.208,29.56503
1762.329,29.08234
1763.45,28.62344
1764.571,28.18663
1765.692,27.77041
1766.813,27.37339
1767.935,26.99395
1769.056,26.63162
1770.177,26.28498
1771.298,25.95306
1773.54,25.32984
1775.782,24.75556
1778.024,24.22478
1780.266,23.73281
1782.508,23.27559
1784.75,22.84964
1786.993,22.45171
1789.235,22.07948
1791.477,21.73043
1793.719,21.40247
1795.962,21.09364
1798.204,20.80258
1800.446,20.52769
1802.688,20.26767
1804.931,20.02126
1807.173,19.78761
1809.415,19.56568
1811.657,19.35462
1813.899,19.15363
1816.141,18.96203
1818.383,18.77918
1820.625,18.60448
1822.868,18.43734
1825.11,18.27742
1827.352,18.12419
1829.594,17.97725
1831.837,17.83614
1834.079,17.70066
1838.563,17.44509
1843.048,17.20814
1847.532,16.98792
1852.016,16.78267
1856.5,16.59092
1860.985,16.41132
1865.469,16.24283
1869.954,16.08436
1874.438,15.93511
1878.923,15.79422
1883.407,15.66106
1887.891,15.53498
1892.375,15.41541
1896.86,15.30184
1901.344,15.19386
1905.829,15.09102
1910.313,14.993
1914.798,14.89941
1919.282,14.81
1923.766,14.72446
1928.25,14.64255
1932.735,14.56401
1937.219,14.48867
1941.704,14.4163
1946.188,14.34675
1950.673,14.27982
1955.157,14.21539
1964.125,14.09345
1973.094,13.97987
1982.063,13.87381
1991.032,13.77451
2000.0,13.68132
2008.187,13.60108
2016.374,13.52505
2024.561,13.4529
2032.747,13.38433
2040.934,13.31903
2049.12,13.25677
2057.307,13.19733
2065.493,13.1405
2073.68,13.08609
2081.866,13.03394
2090.053,12.9839
2098.239,12.93583
2106.426,12.88959
2114.612,12.84508
2122.799,12.80218
2130.985,12.76081
2139.172,12.72085
2147.358,12.68224
2163.731,12.60874
2180.104,12.53975
2196.477,12.47478
2212.85,12.41343
2229.223,12.35533
2245.596,12.30016
2261.969,12.24765
2278.343,12.19754
2294.716,12.14962
2311.089,12.1037
2327.462,12.0596
2343.835,12.01716
2360.208,11.97624
2376.581,11.93671
2392.954,11.89846
2409.327,11.86138
2425.7,11.82538
2442.073,11.79037
2458.446,11.75627
2474.819,11.723
2491.192,11.6905
2523.938,11.62753
2556.685,11.56693
2589.431,11.50828
2622.177,11.45123
2654.923,11.39547
2687.669,11.34071
2720.415,11.28669
2753.161,11.23316
2785.907,11.17989
2818.653,11.12665
2851.399,11.07322
2884.145,11.0194
2916.891,10.96496
2949.637,10.90968
2982.383,10.85333
3015.129,10.79568
3047.875,10.73646
3080.622,10.67542
3113.368,10.61225
3146.114,10.54663
3178.86,10.47822
3211.606,10.4066
3244.352,10.33134
3277.098,10.25193
3293.471,10.21049
3309.844,10.1678
3326.218,10.12375
3342.591,10.07828
3358.964,10.03126
3375.337,9.982598
3391.71,9.932175
3408.083,9.879863
3424.456,9.825526
3440.829,9.769012
3457.202,9.710157
3473.575,9.648782
3489.948,9.58469
3506.321,9.517662
3522.694,9.44746
3539.067,9.373818
3555.44,9.296443
3571.813,9.215008
3588.187,9.129143
3604.56,9.038451
3620.933,8.942469
3637.306,8.840682
3653.679,8.732506
3670.052,8.617282
3678.239,8.556792
3686.425,8.494257
3694.612,8.42955
3702.798,8.362569
3710.985,8.293169
3719.171,8.221231
3727.358,8.146588
3735.544,8.069101
3743.731,7.988579
3751.917,7.904857
3760.104,7.817716
3768.29,7.72696
3776.477,7.632332
3784.663,7.533603
3792.85,7.430472
3801.036,7.322663
3809.223,7.209824
3817.409,7.091625
3825.596,6.967646
3833.782,6.837492
3841.969,6.700664
3850.155,6.556683
3858.342,6.404951
3866.528,6.244888
3874.715,6.075775
3882.901,5.896908
3886.995,5.803533
3891.088,5.707424
3895.181,5.608442
3899.274,5.506468
3903.368,5.401349
3907.461,5.293005
3911.554,5.181274
3915.647,5.066012
3919.741,4.947042
3923.834,4.824267
3927.927,4.697499
3932.02,4.566574
3936.114,4.43129
3940.207,4.291541
3944.3,4.147123
3948.393,3.997863
3952.487,3.843552
3956.58,3.684102
3960.673,3.519322
3964.766,3.349078
3968.86,3.173212
3972.953,2.991734
3977.046,2.804572
3981.139,2.611763
3985.233,2.413385
3989.326,2.209781
3993.419,2.001312
3995.466,1.895412
3997.512,1.788604
3999.559,1.680907
4001.606,1.572521
4003.653,1.463625
4005.699,1.354479
4007.746,1.245226
4009.792,1.136263
4011.839,1.027827
4013.885,0.9204276
4015.932,0.8144336
4017.979,0.7104552
4020.026,0.609147
4022.072,0.5113251
4023.096,0.4639335
4024.119,0.4177985
4025.142,0.3730116
4026.165,0.3297226
4027.189,0.2880545
4028.212,0.248266
4029.235,0.2105078
4030.258,0.1749892
4031.282,0.1419065
4032.305,0.1115725
4033.329,0.08419815
4033.841,0.07172368
4034.352,0.06013136
4034.864,0.04941681
4035.376,0.03964646
4035.888,0.03086514
4036.399,0.02313377
4036.911,0.01647096
4037.167,0.01356223
4037.422,0.01095371
4037.678,0.008631668
4037.934,0.006613833
4038.19,0.004907272
4038.445,0.003524013
4038.573,0.002951093
4038.701,0.00246058
4038.829,0.002053425
4038.957,0.00173059
4039.085,0.001493049
4039.213,0.001341785
4039.341,0.001277793
4039.469,0.001302081
4039.597,0.001415667
4039.725,0.00161958
4039.853,0.001914862
4039.981,0.002302567
4040.109,0.002783761
4040.237,0.003359523
4040.365,0.004030942
4040.492,0.004792742
4040.748,0.006622315
4041.004,0.008852456
4041.26,0.01149246
4041.515,0.01453906
4041.771,0.01802586
4042.027,0.0219517
4042.538,0.03114175
4043.05,0.04222957
4043.562,0.05528755
4044.074,0.07040857
4044.585,0.08765412
4045.097,0.1071937
4045.608,0.1290577
4046.12,0.153444
4046.631,0.180375
4047.143,0.2100798
4047.655,0.2426386
4048.167,0.2781882
4048.678,0.3167936
4049.19,0.358757
4049.702,0.4041649
4050.214,0.4531846
4050.725,0.505885
4051.237,0.5626575
4051.749,0.6235977
4052.261,0.6889112
4052.772,0.7586732
4053.284,0.8333847
4053.795,0.9129936
4054.307,0.9980648
4054.818,1.088533
4055.33,1.185034
4055.842,1.287695
4056.354,1.396833
4056.865,1.512546
4057.377,1.63564
4057.888,1.766005
4058.4,1.904546
4058.911,2.051138
4059.423,2.206796
4059.935,2.371709
4060.447,2.546377
4060.958,2.730954
4061.47,2.926721
4061.981,3.133505
4062.493,3.352745
4063.004,3.584253
4063.516,3.829646
4064.028,4.089242
4064.54,4.36385
4065.051,4.653745
4065.563,4.960976
4066.075,5.285968
4066.587,5.629765
4067.098,5.992747
4067.61,6.377522
4068.122,6.784668
4068.634,7.215543
4069.145,7.670685
4069.657,8.153426
4070.168,8.663542
4070.68,9.204813
4071.191,9.777033
4071.703,10.3845
4072.215,11.02833
4072.727,11.7109
4073.238,12.43332
4073.75,13.20115
4074.261,14.01436
4074.773,14.87932
4075.284,15.79609
4075.796,16.77196
4076.308,17.80923
4076.82,18.91226
4077.331,20.08337
4077.843,21.33226
4078.354,22.65955
4078.866,24.07642
4079.377,25.58381
4079.889,27.1947
4080.401,28.9139
4080.913,30.74978
4081.424,32.70749
4081.936,34.80458
4082.448,37.04816
4082.96,39.45002
4083.471,42.01783
4083.983,44.77565
4084.495,47.73398
4085.007,50.90958
4085.518,54.31386
4086.03,57.98015
4086.541,61.91592
4087.053,66.16043
4087.564,70.72312
4088.076,75.6503
4088.588,80.96447
4089.1,86.69947
4089.611,92.87954
4090.123,99.56872
4090.634,106.7839
4091.146,114.5997
4091.657,123.0353
4092.169,132.1769
4092.681,142.0648
4093.193,152.758
4093.704,164.2941
4094.216,176.7803
4094.727,190.2296
4095.239,204.7542
4095.75,220.3524
4096.329,239.4157
4096.907,259.9651
4097.485,282.0524
4098.063,305.6575
4098.641,330.7062
4099.219,357.0557
4100.375,412.6541
4100.954,441.2001
4101.532,469.4816
4102.11,496.9139
4102.688,522.7893
4103.266,546.3638
4103.844,566.9086
4104.422,583.7687
4105.0,596.421
4105.579,604.5331
4106.157,607.9443
4106.735,606.7564
4107.313,601.2509
4107.891,591.8693
4108.469,579.1638
4109.047,563.7443
4109.625,546.231
4110.782,507.197
4111.938,466.1073
4112.516,445.6971
4113.094,425.7182
4113.672,406.347
4114.25,387.7067
4115.034,363.7289
4115.818,341.342
4116.21,330.754
4116.602,320.5663
4116.994,310.7732
4117.385,301.39
4117.777,292.3592
4118.169,283.6942
4118.953,267.414
4119.737,252.4494
4120.52,238.7143
4121.304,226.0722
4122.088,214.4446
4122.872,203.7406
4123.655,193.8882
4124.439,184.7851
4125.223,176.3742
4126.007,168.5917
4126.79,161.389
4127.574,154.6959
4128.358,148.4752
4129.142,142.6848
4129.925,137.2937
4130.709,132.254
4131.493,127.5422
4132.277,123.1307
4133.06,118.9999
4133.844,115.1167
4134.628,111.4662
4135.412,108.0301
4136.195,104.7958
4136.979,101.74
4137.762,98.85679
4138.546,96.12634
4139.329,93.54431
4140.113,91.09377
4140.897,88.76866
4141.681,86.56032
4142.464,84.46345
4143.248,82.46544
4144.032,80.56238
4144.816,78.74814
4145.599,77.01922
4147.167,73.78603
4148.734,70.82998
4150.301,68.11736
4151.868,65.62103
4153.436,63.31616
4155.003,61.18538
4156.571,59.2083
4158.138,57.37201
4159.706,55.66062
4161.273,54.06443
4162.84,52.57182
4164.407,51.17349
4165.975,49.8604
4167.542,48.62685
4169.11,47.46472
4170.677,46.3696
4172.245,45.33482
4173.812,44.35695
4175.379,43.43104
4176.946,42.55321
4178.514,41.71944
4180.081,40.92761
4181.649,40.17381
4183.216,39.45637
4184.784,38.77195
4186.351,38.11922
4187.918,37.49572
4189.485,36.89959
4192.62,35.78244
4195.755,34.75607
4198.89,33.81016
4202.024,32.93615
4205.159,32.12585
4208.294,31.37297
4211.429,30.67177
4214.563,30.01742
4217.698,29.40513
4220.833,28.83122
4223.968,28.2923
4227.102,27.78546
4230.237,27.30771
4233.372,26.85679
4236.507,26.43055
4239.641,26.02718
4242.776,25.64468
4245.911,25.28163
4249.046,24.93659
4252.18,24.60839
4255.315,24.29564
4258.45,23.99739
4261.585,23.71268
4264.719,23.44069
4267.854,23.18045
4270.989,22.93129
4274.124,22.69254
4277.258,22.46363
4283.528,22.03272
4289.797,21.63454
4296.067,21.26544
4302.336,20.92249
4308.606,20.60291
4314.875,20.30452
4321.145,20.02521
4327.414,19.76329
4333.684,19.51713
4339.953,19.28543
4346.223,19.06689
4352.492,18.86048
4358.762,18.66518
4365.031,18.48016
4371.301,18.30458
4377.57,18.1378
4383.84,17.97913
4390.109,17.82802
4396.379,17.68392
4402.648,17.54638
4408.918,17.41493
4415.187,17.28921
4421.457,17.16882
4427.726,17.05347
4433.996,16.9428
4440.265,16.83657
4446.535,16.73449
4452.804,16.63634
4465.343,16.45093
4477.882,16.27875
4490.421,16.11842
4502.96,15.96875
4515.499,15.82872
4515.501,21.0315
4858.281,20.66382
5201.061,20.32701
5543.841,20.01668
5886.62,19.7293
6229.403,19.46179
6572.185,19.21195
7257.75,18.7576
7943.31,18.35343
8628.87,17.9904
9314.435,17.66136
10000.0,17.3611
10703.13,17.16209
11406.25,16.97782
12812.5,16.6462
14218.75,16.35448
15625.0,16.0947
17031.25,15.8608
18437.5,15.64848
19843.75,15.4543
21250.0,15.2756
22656.25,15.11014
24062.5,14.95627
26875.0,14.6779
29687.5,14.4316
32500.0,14.2112
35312.5,14.01198
38125.0,13.83051
40937.5,13.66407
43750.0,13.5105
46562.5,13.36799
49375.0,13.23522
55000.0,12.9944
60625.0,12.78072
66250.0,12.58907
71875.0,12.41558
77500.0,12.2573
83125.0,12.11188
88750.0,11.97754
94375.0,11.85281
100000.0,11.7365
110000.0,11.40236
120000.0,11.10564
130000.0,10.8395
140000.0,10.59878
160000.0,10.17845
180000.0,9.82156
200000.0,9.512889
220000.0,9.242028
240000.0,9.001491
260000.0,8.78575
280000.0,8.590594
300000.0,8.412806
340000.0,8.099613
380000.0,7.831093
420000.0,7.59709
430895.0,7.513294
441790.0,7.43248
441795.0,7.43244
451682.0,7.32126
461570.0,7.21317
465000.0,7.1766
473173.0,7.089509
481346.0,7.00494
495673.0,6.860413
510000.0,6.72286
520897.0,6.61904
537948.5,6.462845
555000.0,6.31504
560448.0,6.26792
570336.0,6.183803
580224.0,6.102231
600000.0,5.94626
650000.0,5.664707
673700.0,5.543091
700000.0,5.41593
750000.0,5.183627
800000.0,4.97535
882245.0,4.784169
964490.0,4.61644
964492.9,4.61644
964493.0,4.61644
1000000.0,4.43957
1031250.0,4.40499
1062500.0,4.3717
1094050.0,4.33981
1125000.0,4.30879
1125290.0,4.30852
1125293.0,4.308517
1125300.0,4.30851
1156470.0,4.26294
1187650.0,4.21814
1188100.0,4.2175
1188105.0,4.217485
1191974.0,4.205658
1195842.0,4.193905
1203578.0,4.170611
1211314.0,4.147594
1219050.0,4.12485
1234525.0,4.078735
1250000.0,4.0337
1284075.0,4.042713
1318150.0,4.05151
1318151.0,4.05151
1318200.0,4.0515
1354630.0,4.04599
1354633.0,4.045988
1359142.0,4.042331
1363650.0,4.03869
1375000.0,4.02962
1385870.0,4.021973
1396740.0,4.0144
1396742.0,4.014397
1399832.0,4.010162
1402921.0,4.005941
1409100.0,3.99754
1422895.0,3.978381
1436690.0,3.959497
1450485.0,3.940882
1464280.0,3.92253
1468745.0,3.912218
1473210.0,3.901965
1482140.0,3.881631
1500000.0,3.84164
1516340.0,3.87447
1520158.0,3.881199
1523975.0,3.88792
1531610.0,3.90135
1531612.0,3.901353
1536398.0,3.908987
1541183.0,3.916611
1550755.0,3.931835
1560328.0,3.947026
1569900.0,3.96218
1569902.0,3.962183
1572510.0,3.96565
1572515.0,3.965656
1577990.0,3.972561
1583470.0,3.97946
1587716.0,3.983099
1591962.0,3.986732
1600453.0,3.993979
1617435.0,4.008395
1634418.0,4.022713
1651400.0,4.036933
1651407.0,4.036933
1651410.0,4.036933
1668995.0,4.051416
1686580.0,4.065799
1686582.0,4.0658
1690781.0,4.068605
1694980.0,4.071404
1704588.0,4.077834
1714195.0,4.084237
1733410.0,4.096967
1733415.0,4.096969
1738550.0,4.099029
1750000.0,4.103648
1754620.0,4.105066
1759972.0,4.105817
1765323.0,4.106566
1776025.0,4.108057
1797430.0,4.111014
1797433.0,4.111014
1802960.0,4.110326
1803260.0,4.110117
1803262.0,4.110115
1808871.0,4.104744
1814480.0,4.099397
1825700.0,4.088771
1847488.0,4.068525
1869275.0,4.048616
1891063.0,4.029032
1912850.0,4.009767
1956425.0,3.972154
2000000.0,3.93571
2031250.0,3.96078
2062500.0,3.985623
2093750.0,4.010244
2125000.0,4.03465
2187500.0,4.082833
2250000.0,4.13021
2312500.0,4.180608
2375000.0,4.230252
2437500.0,4.279173
2500000.0,4.3274
2613540.0,4.403115
2727080.0,4.47685
2795310.0,4.522504
2863540.0,4.567506
3000000.0,4.65565
3125000.0,4.68266
3168880.0,4.691922
3250000.0,4.708759
3375000.0,4.73401
3500000.0,4.75847
3625000.0,4.781834
3750000.0,4.804515
3875000.0,4.826554
4000000.0,4.84799
4125000.0,4.809973
4250000.0,4.773376
4375000.0,4.738106
4500000.0,4.70408
4625000.0,4.671308
4750000.0,4.639628
4875000.0,4.608979
5000000.0,4.5793
5125000.0,4.512024
5250000.0,4.447323
5375000.0,4.385039
5500000.0,4.32503
5625000.0,4.267601
5750000.0,4.212173
5875000.0,4.158633
6000000.0,4.10688
6070458.0,4.063282
6140915.0,4.020642
6211373.0,3.978928
6281830.0,3.93811
6371602.0,3.886952
6383330.0,3.880371
6461373.0,3.837162
6551144.0,3.788682
6640915.0,3.741463
6730687.0,3.695455
6820458.0,3.65061
6910229.0,3.606886
7000000.0,3.56424
7038120.0,3.54645
7132658.0,3.502788
7227195.0,3.460229
7321733.0,3.418729
7416270.0,3.37825
7510808.0,3.338613
7605345.0,3.299928
7699883.0,3.262161
7794420.0,3.22528
7794424.0,3.225277
7796030.0,3.223885
7897212.0,3.13798
8000000.0,3.05413
8064694.0,3.041643
8129388.0,3.029306
8194082.0,3.017117
8258775.0,3.005072
8323469.0,2.993169
8388163.0,2.981404
8452857.0,2.969775
8517550.0,2.95828
8563877.0,2.946292
8610204.0,2.934417
8619050.0,2.932163
8656531.0,2.922654
8702857.0,2.911
8749184.0,2.899454
8795510.0,2.888015
8841837.0,2.87668
8888163.0,2.865448
8934490.0,2.854319
8980816.0,2.84329
9027143.0,2.83236
9073469.0,2.821528
9119796.0,2.810792
9166122.0,2.800151
9212449.0,2.789603
9258775.0,2.779148
9305102.0,2.768784
9351429.0,2.75851
9397756.0,2.748324
9444082.0,2.738226
9490409.0,2.728214
9536735.0,2.718287
9583062.0,2.708444
9629388.0,2.698684
9675715.0,2.689006
9722041.0,2.679409
9768368.0,2.669891
9814694.0,2.660451
9861021.0,2.651089
9907347.0,2.641804
9953674.0,2.632595
10000000.0,2.62346
10062500.0,2.623992
10125000.0,2.62452
10187500.0,2.625045
10250000.0,2.625567
10312500.0,2.626086
10375000.0,2.626602
10437500.0,2.627116
10500000.0,2.627626
10562500.0,2.628133
10625000.0,2.628637
10687500.0,2.629138
10750000.0,2.629637
10812500.0,2.630133
10875000.0,2.630626
10937500.0,2.631116
11000000.0,2.631603
11062500.0,2.632088
11125000.0,2.632571
11187500.0,2.63305
11250000.0,2.633527
11312500.0,2.634002
11375000.0,2.634474
11437500.0,2.634943
11500000.0,2.63541
11562500.0,2.635875
11625000.0,2.636337
11687500.0,2.636797
11750000.0,2.637254
11812500.0,2.637709
11875000.0,2.638162
11937500.0,2.638612
12000000.0,2.63906
12062500.0,2.64476
12125000.0,2.650444
12187500.0,2.65611
12250000.0,2.661759
12312500.0,2.667391
12375000.0,2.673007
12437500.0,2.678606
12500000.0,2.684189
12562500.0,2.689755
12625000.0,2.695305
12687500.0,2.70084
12750000.0,2.706358
12812500.0,2.71186
12875000.0,2.717347
12937500.0,2.722818
13000000.0,2.728274
13062500.0,2.733715
13125000.0,2.73914
13187500.0,2.74455
13250000.0,2.749945
13312500.0,2.755326
13375000.0,2.760691
13437500.0,2.766042
13500000.0,2.771379
13562500.0,2.776701
13625000.0,2.782009
13687500.0,2.787302
13750000.0,2.792582
13812500.0,2.797847
13875000.0,2.803098
13937500.0,2.808336
14000000.0,2.81356
14050200.0,2.82306
14050230.0,2.823064
14111170.0,2.83094
14172100.0,2.838803
14233030.0,2.846654
14293960.0,2.854493
14354890.0,2.86232
14415820.0,2.870135
14420000.0,2.870671
14476750.0,2.877939
14537680.0,2.885731
14598610.0,2.893511
14659540.0,2.90128
14720470.0,2.909037
14781400.0,2.916782
14842330.0,2.924517
14903260.0,2.93224
14964190.0,2.939952
15025120.0,2.947652
15086050.0,2.955342
15146980.0,2.96302
15207910.0,2.970687
15268840.0,2.978344
15329770.0,2.98599
15390700.0,2.993624
15451630.0,3.001248
15512560.0,3.008862
15573490.0,3.016465
15634420.0,3.024057
15695350.0,3.031638
15756280.0,3.039209
15817210.0,3.04677
15878140.0,3.05432
15939070.0,3.06186
16000000.0,3.06939
16125000.0,3.076218
16250000.0,3.083008
16375000.0,3.089761
16500000.0,3.096477
16625000.0,3.103157
16750000.0,3.109801
16875000.0,3.11641
17000000.0,3.122984
17125000.0,3.129523
17250000.0,3.136029
17375000.0,3.1425
17500000.0,3.148939
17625000.0,3.155345
17750000.0,3.161719
17875000.0,3.16806
18000000.0,3.17437
18250000.0,3.175863
18500000.0,3.177336
18750000.0,3.17879
19000000.0,3.180225
19250000.0,3.181642
19500000.0,3.183042
19750000.0,3.184424
20000000.0,3.18579
20000010.0,3.1371
20378470.0,3.139057
20889100.0,3.136517
21000000.0,3.135184
21293920.0,3.130316
22000000.0,3.1108
22122030.0,3.106364
23000000.0,3.067249
24000000.0,3.0075
25000000.0,2.936598
25920100.0,2.863061
26000000.0,2.8562
26475160.0,2.815345
27000000.0,2.770016
27429710.0,2.732092
27434030.0,2.731705
28000000.0,2.6798
28819710.0,2.604079
29000000.0,2.58784
30000000.0,2.5008
31000000.0,2.41867
32000000.0,2.340836
33000000.0,2.267112
33751420.0,2.214312
34000000.0,2.197323
34286380.0,2.178038
35000000.0,2.1313
35544730.0,2.09848
35842910.0,2.082213
36000000.0,2.074087
37000000.0,2.028722
37346490.0,2.01525
38000000.0,1.99245
39000000.0,1.962983
39703400.0,1.945283
40000000.0,1.9384
40516640.0,1.92792
41000000.0,1.920276
42000000.0,1.910532
42129550.0,1.909828
42221210.0,1.909403
43000000.0,1.908138
44000000.0,1.912213
44165770.0,1.913459
45000000.0,1.922
46000000.0,1.935022
47000000.0,1.949969
48000000.0,1.967818
48633370.0,1.981022
49000000.0,1.989436
50000000.0,2.0156
50633410.0,2.033676
50846270.0,2.039716
51000000.0,2.044069
52000000.0,2.072253
53000000.0,2.100341
53063390.0,2.102123
54000000.0,2.128506
54984330.0,2.156453
55000000.0,2.1569
56000000.0,2.185505
57000000.0,2.214007
57319740.0,2.223051
57380340.0,2.224761
58000000.0,2.242123
59000000.0,2.2696
59984080.0,2.295784
60000000.0,2.2962
61000000.0,2.321556
62000000.0,2.345556
63000000.0,2.368353
64000000.0,2.390089
65000000.0,2.4109
66000000.0,2.430115
66362370.0,2.436537
67000000.0,2.447209
68000000.0,2.462505
69000000.0,2.476308
69411320.0,2.481619
70000000.0,2.4889
71000000.0,2.500141
72000000.0,2.50977
73000000.0,2.51787
73385670.0,2.520602
74000000.0,2.524522
75000000.0,2.5298
76000000.0,2.533769
76612510.0,2.535568
77000000.0,2.536463
78000000.0,2.537912
79000000.0,2.538147
80000000.0,2.5372
81000000.0,2.535205
82000000.0,2.532259
83000000.0,2.528339
84000000.0,2.523425
85000000.0,2.5175
86000000.0,2.510713
87000000.0,2.503201
88000000.0,2.494942
89000000.0,2.485914
90000000.0,2.4761
91000000.0,2.465601
92000000.0,2.45456
93000000.0,2.443019
94000000.0,2.431019
95000000.0,2.4186
96000000.0,2.405744
97000000.0,2.392414
98000000.0,2.378623
99000000.0,2.364381
100000000.0,2.3497
102000000.0,2.319517
104000000.0,2.288563
106000000.0,2.25685
108000000.0,2.224389
110000000.0,2.1912
112000000.0,2.157586
114000000.0,2.123814
116000000.0,2.089857
118000000.0,2.055691
120000000.0,2.0213
122000000.0,1.987125
124000000.0,1.953466
126000000.0,1.920125
128000000.0,1.88692
130000000.0,1.8537
132000000.0,1.820761
134000000.0,1.78845
136000000.0,1.756706
138000000.0,1.725472
140000000.0,1.6947
142000000.0,1.664476
144000000.0,1.634874
146000000.0,1.60583
148000000.0,1.577289
150000000.0,1.5492
