1e-05,3.842443
1.04655e-05,3.842601
1.0931e-05,3.842759
1.14325e-05,3.843006
1.1934e-05,3.843252
1.2402e-05,3.843414
1.287e-05,3.843576
1.33685e-05,3.84358
1.3867e-05,3.843584
1.43375e-05,3.843915
1.4808e-05,3.844246
1.53045e-05,3.844222
1.5801e-05,3.844197
1.62725e-05,3.844556
1.6744e-05,3.844914
1.7239e-05,3.844769
1.7734e-05,3.844624
1.819775e-05,3.844836
1.86615e-05,3.845048
1.912525e-05,3.84526
1.9589e-05,3.845472
2e-05,3.845457
2.08005e-05,3.845427
2.1601e-05,3.845398
2.2535e-05,3.84553
2.3469e-05,3.845662
2.4469e-05,3.845837
2.5469e-05,3.846012
2.6407e-05,3.846217
2.7345e-05,3.846421
2.83405e-05,3.846421
2.9336e-05,3.84642
3.0278e-05,3.846506
3.122e-05,3.846591
3.22115e-05,3.846723
3.3203e-05,3.846855
3.41075e-05,3.846924
3.5012e-05,3.846993
3.5957e-05,3.847059
3.6902e-05,3.847125
3.7889e-05,3.847189
3.8876e-05,3.847253
3.99065e-05,3.847315
4.0937e-05,3.847377
4.2801e-05,3.847478
4.4665e-05,3.847578
4.66685e-05,3.847623
4.8672e-05,3.847668
5e-05,3.847759
5.121e-05,3.847843
5.242e-05,3.847926
5.4413e-05,3.848001
5.6406e-05,3.848076
5.8288e-05,3.84809
6.017e-05,3.848104
6.21555e-05,3.848165
6.4141e-05,3.848226
6.60285e-05,3.84828
6.7916e-05,3.848333
6.98955e-05,3.848434
7.1875e-05,3.848535
7.373e-05,3.848578
7.5585e-05,3.848621
7.744e-05,3.848663
7.9295e-05,3.848706
8.1307e-05,3.848721
8.3319e-05,3.848736
8.5331e-05,3.848751
8.7343e-05,3.848766
9.1079e-05,3.848881
9.4815e-05,3.848996
9.74075e-05,3.849003
0.0001,3.849011
0.00010281,3.849019
0.000106565,3.849121
0.00011032,3.849223
0.0001143,3.849272
0.00011828,3.849321
0.00012205,3.849314
0.00012582,3.849306
0.000129785,3.849347
0.00013375,3.849387
0.00013745,3.849445
0.00014115,3.849504
0.00014485,3.849562
0.00014855,3.84962
0.000152585,3.849626
0.00015662,3.849633
0.000160655,3.849639
0.00016469,3.849645
0.000172145,3.849745
0.0001796,3.849845
0.00018761,3.849842
0.00019562,3.849839
0.0002,3.849862
0.00020531,3.84989
0.00021062,3.849918
0.00021859,3.850005
0.00022656,3.850092
0.00023409,3.850124
0.00024162,3.850156
0.00024956,3.850137
0.0002575,3.850117
0.00026472,3.850142
0.00027194,3.850167
0.000279495,3.850192
0.00028705,3.850216
0.0002951325,3.850239
0.000303215,3.850263
0.0003112975,3.850286
0.00031938,3.850309
0.000334275,3.850396
0.00034917,3.850483
0.00036521,3.850468
0.00038125,3.850452
0.000396235,3.850481
0.00041122,3.85051
0.000427175,3.850587
0.00044313,3.850664
0.000458175,3.850688
0.00047322,3.850711
0.00048661,3.85073
0.0005,3.850748
0.000505,3.850755
0.0005197625,3.850748
0.000534525,3.850742
0.0005492875,3.850735
0.00056405,3.850728
0.00057986,3.850795
0.00059567,3.850862
0.00061221,3.850879
0.00062875,3.850895
0.00064364,3.850883
0.00065853,3.850872
0.00068831,3.850848
0.000720405,3.850873
0.0007525,3.850898
0.000782455,3.850969
0.00081241,3.85104
0.00084433,3.85101
0.00087625,3.850979
0.000906335,3.850996
0.00093642,3.851012
0.00096821,3.851028
0.001,3.851044
0.00104575,3.851065
0.0010915,3.851085
0.00114065,3.851105
0.0011898,3.851124
0.0012358,3.85119
0.0012818,3.851256
0.00133075,3.851221
0.0013797,3.851186
0.0014259,3.851199
0.0014721,3.851212
0.0015208,3.851275
0.0015695,3.851337
0.001616975,3.851323
0.00166445,3.851309
0.001711925,3.851294
0.0017594,3.85128
0.001804925,3.851289
0.00185045,3.851297
0.001895975,3.851306
0.0019415,3.851314
0.002,3.851324
0.00206955,3.851335
0.0021391,3.851347
0.0022308,3.85136
0.0023225,3.851373
0.00242065,3.851386
0.0025188,3.851398
0.0026109,3.851459
0.002703,3.851519
0.0027981,3.851503
0.0028932,3.851488
0.0029883,3.851472
0.0030834,3.851456
0.00318075,3.851464
0.0032781,3.851472
0.0033689,3.851479
0.0034597,3.851486
0.0035505,3.851492
0.0036413,3.851499
0.00374035,3.851505
0.0038394,3.851512
0.00393845,3.851518
0.0040375,3.851524
0.00422055,3.851535
0.0044036,3.851545
0.00460025,3.851555
0.0047969,3.851564
0.005,3.851572
0.005139075,3.851578
0.00527815,3.851584
0.005417225,3.851589
0.0055563,3.851595
0.005746125,3.851601
0.00593595,3.851608
0.006125775,3.851614
0.0063156,3.85162
0.0065016,3.851625
0.0066876,3.85163
0.0068736,3.851634
0.0070596,3.851639
0.0072456,3.851644
0.0074316,3.851649
0.0076176,3.851653
0.0078036,3.851658
0.007994075,3.851662
0.00818455,3.851665
0.0085655,3.851673
0.00894645,3.85168
0.0093274,3.851687
0.0096637,3.851692
0.01,3.851697
0.01040775,3.851702
0.0108155,3.851708
0.01122325,3.851714
0.011631,3.85172
0.01201075,3.851724
0.0123905,3.851728
0.01277025,3.851732
0.01315,3.851736
0.01352975,3.851739
0.0139095,3.851743
0.01428925,3.851746
0.014669,3.851749
0.01504875,3.851752
0.0154285,3.851756
0.01580825,3.851759
0.016188,3.851762
0.01694725,3.851767
0.0177065,3.851772
0.01846575,3.851777
0.019225,3.851782
0.02,3.851786
0.02093525,3.85179
0.0218705,3.851795
0.02280575,3.851799
0.023741,3.851804
0.0245205,3.851807
0.0253,3.85181
0.02643,3.851814
0.02756,3.851818
0.02844875,3.851821
0.0293375,3.851823
0.03022625,3.851826
0.031115,3.851828
0.03200375,3.851831
0.0328925,3.851833
0.03378125,3.851836
0.03467,3.851838
0.03584125,3.851841
0.0370125,3.851843
0.03818375,3.851846
0.039355,3.851848
0.04050275,3.85185
0.0416505,3.851852
0.04279825,3.851854
0.043946,3.851856
0.04509375,3.851857
0.0462415,3.851859
0.04738925,3.851861
0.048537,3.851863
0.05,3.851865
0.0519845,3.851867
0.053969,3.851869
0.0559535,3.851872
0.057938,3.851874
0.05971463,3.851876
0.06149125,3.851877
0.06326788,3.851879
0.0650445,3.851881
0.06682113,3.851882
0.06859775,3.851884
0.07037438,3.851885
0.072151,3.851887
0.07389157,3.851888
0.07563213,3.851889
0.07911325,3.851891
0.08259438,3.851894
0.0860755,3.851896
0.08955663,3.851898
0.09303775,3.8519
0.09651888,3.851903
0.1,3.851905
0.10026,3.851905
0.104945,3.851907
0.10963,3.851909
0.114315,3.85191
0.119,3.851912
0.1224838,3.851913
0.1259675,3.851914
0.1294513,3.851915
0.132935,3.851917
0.1364188,3.851918
0.1399025,3.851919
0.1433863,3.85192
0.14687,3.851921
0.15156,3.851922
0.15625,3.851924
0.16094,3.851925
0.16563,3.851926
0.1699263,3.851927
0.1742225,3.851927
0.1785188,3.851928
0.182815,3.851929
0.1914075,3.85193
0.2,3.851932
0.206355,3.851933
0.21271,3.851934
0.22208,3.851936
0.23145,3.851937
0.24082,3.851939
0.25019,3.85194
0.2571575,3.851941
0.264125,3.851941
0.2710925,3.851942
0.27806,3.851943
0.2850275,3.851943
0.291995,3.851944
0.2989625,3.851944
0.30593,3.851945
0.314075,3.851946
0.32222,3.851946
0.330365,3.851947
0.33851,3.851947
0.346655,3.851948
0.3548,3.851948
0.37109,3.85195
0.38738,3.851951
0.40367,3.851952
0.41996,3.851953
0.43625,3.851954
0.4521875,3.851955
0.468125,3.851956
0.5,3.851957
0.51141,3.851958
0.5398075,3.851959
0.568205,3.85196
0.5966025,3.851961
0.625,3.851962
0.6554975,3.851963
0.685995,3.851964
0.7164925,3.851964
0.74699,3.851965
0.79232,3.851966
0.83765,3.851967
0.88298,3.851968
0.92831,3.851969
0.964155,3.85197
1.0,3.85197
1.0505,3.851971
1.0888,3.851971
1.1271,3.851972
1.2037,3.851973
1.2803,3.851973
1.3569,3.851974
1.4179,3.851975
1.4789,3.851975
1.5399,3.851976
1.6009,3.851976
1.691625,3.851977
1.78235,3.851977
1.873075,3.851978
1.9638,3.851978
2.0,3.851978
2.1015,3.851979
2.203,3.85198
2.35525,3.851981
2.5075,3.851981
2.65975,3.851982
2.812,3.851982
2.934288,3.851982
3.056575,3.851983
3.178863,3.851983
3.30115,3.851983
3.423438,3.851983
3.545725,3.851984
3.7903,3.851984
3.974925,3.851985
4.15955,3.851985
4.344175,3.851986
4.5288,3.851986
4.7644,3.851986
5.0,3.851987
5.244025,3.851987
5.48805,3.851987
5.732075,3.851988
5.9761,3.851988
6.220675,3.851988
6.46525,3.851989
6.709825,3.851989
6.9544,3.851989
7.323925,3.851989
7.69345,3.85199
8.062975,3.85199
8.4325,3.85199
8.824375,3.85199
9.21625,3.85199
9.608125,3.851991
10.0,3.851991
10.384,3.851991
10.872,3.851991
11.36,3.851991
11.848,3.851991
12.336,3.851991
12.824,3.851991
13.312,3.851992
13.8,3.851992
14.288,3.851992
15.242,3.851992
16.196,3.851993
17.15,3.851993
18.104,3.851993
19.052,3.851993
20.0,3.851993
20.144,3.851993
21.11988,3.851993
21.792,3.851993
22.09575,3.851993
23.07163,3.851993
24.0475,3.851994
25.02338,3.851994
25.99925,3.851994
26.97513,3.851994
27.951,3.851994
29.903,3.851995
31.6228,3.851995
31.855,3.851995
33.807,3.851995
35.759,3.851995
37.711,3.851995
39.663,3.851995
41.61475,3.85197
42.583,3.851958
43.5665,3.851946
45.51825,3.851921
47.47,3.851896
50.0,3.851896
53.27125,3.851896
56.5425,3.851896
59.81375,3.851896
63.085,3.851896
63.375,3.851896
66.989,3.851896
70.7107,3.851896
70.893,3.851897
74.797,3.851897
78.701,3.851897
82.60475,3.851872
84.167,3.851862
86.5085,3.851847
90.41225,3.851822
94.316,3.851797
100.0,3.851797
104.96,3.851797
104.965,3.851797
109.93,3.851797
117.74,3.851797
125.55,3.851797
125.75,3.851796
133.3575,3.851772
141.165,3.851748
141.421,3.851747
146.54,3.85173
148.9725,3.851723
156.78,3.851698
164.5875,3.851673
167.33,3.851664
172.395,3.851648
180.2025,3.851623
188.01,3.851598
188.12,3.851598
200.0,3.851598
208.92,3.851598
209.62,3.851598
219.24,3.851598
229.71,3.851564
234.855,3.851548
250.47,3.851498
250.5,3.851498
266.085,3.851473
271.29,3.851465
281.7,3.851448
292.08,3.851431
297.315,3.851423
312.88,3.851398
312.93,3.851398
316.228,3.851387
328.545,3.851348
333.67,3.851332
344.16,3.851298
354.46,3.851265
359.775,3.851248
375.25,3.851198
375.39,3.851198
391.005,3.851161
396.04,3.851149
397.636,3.851145
406.62,3.851123
416.83,3.851099
422.235,3.851086
437.62,3.851049
437.85,3.851049
458.42,3.850999
469.08,3.850974
479.21,3.85095
500.0,3.8509
500.31,3.850899
531.54,3.850849
562.77,3.850799
594.0,3.850749
625.23,3.850699
656.4625,3.850624
687.695,3.850549
707.107,3.850502
718.9275,3.850474
750.16,3.850399
781.39,3.850324
812.62,3.850249
843.85,3.850174
875.08,3.850099
937.54,3.849949
1000.0,3.849799
1062.5,3.849674
1125.0,3.849549
1187.5,3.849424
1250.0,3.849299
1312.5,3.849149
1375.0,3.848999
1414.21,3.848905
1437.5,3.848849
1500.0,3.848699
1562.5,3.848562
1625.0,3.848424
1687.5,3.848287
1750.0,3.848149
1875.0,3.847874
2000.0,3.847599
2125.0,3.847324
2250.0,3.847049
2375.0,3.846774
2429.2,3.846655
2500.0,3.846499
2625.0,3.846224
2750.0,3.845949
2875.0,3.845674
3000.0,3.845399
3125.0,3.845124
3162.28,3.845042
3250.0,3.844849
3375.0,3.844574
3500.0,3.8443
3750.0,3.84375
3858.4,3.843511
4000.0,3.8432
4250.0,3.84265
4500.0,3.8421
4750.0,3.84155
5000.0,3.841
5287.6,3.840356
5312.5,3.8403
5625.0,3.8396
5937.5,3.8389
6250.0,3.8382
6562.5,3.837525
6716.7,3.837192
6875.0,3.83685
7071.07,3.836426
7187.5,3.836175
7500.0,3.8355
7812.5,3.8348
8125.0,3.8341
8145.9,3.834053
8437.5,3.8334
8750.0,3.8327
9375.0,3.83135
9575.1,3.830918
10000.0,3.83
10625.0,3.828625
11004.0,3.827791
11250.0,3.82725
11875.0,3.825875
12433.0,3.824647
12500.0,3.8245
13125.0,3.82315
13750.0,3.8218
13863.0,3.821556
14142.1,3.820953
14375.0,3.82045
15000.0,3.8191
15292.0,3.818463
15625.0,3.817738
16250.0,3.816375
16721.0,3.815348
16875.0,3.815013
17500.0,3.81365
18150.0,3.812233
18750.0,3.810925
19579.0,3.809118
20000.0,3.8082
21009.0,3.806021
21250.0,3.8055
22438.0,3.802934
22500.0,3.8028
23750.0,3.8001
23867.0,3.799847
25000.0,3.7974
25296.0,3.796767
26250.0,3.794725
26725.0,3.793709
27500.0,3.79205
28155.0,3.790648
28750.0,3.789375
29584.0,3.78759
30000.0,3.7867
31013.0,3.784542
31250.0,3.784038
32442.0,3.781499
32500.0,3.781375
33750.0,3.778713
33871.0,3.778455
35000.0,3.77605
35300.0,3.775411
36730.0,3.772365
37500.0,3.770725
38159.0,3.769321
39588.0,3.766278
40000.0,3.7654
41017.0,3.763254
42446.0,3.760239
42500.0,3.760125
43876.0,3.757222
45000.0,3.75485
45305.0,3.754206
46734.0,3.751191
47500.0,3.749575
48163.0,3.748176
49592.0,3.745161
50000.0,3.7443
51021.0,3.742184
52451.0,3.739222
53125.0,3.737825
53880.0,3.736261
55309.0,3.7333
56250.0,3.73135
56738.0,3.730339
58167.0,3.727378
59375.0,3.724875
59597.0,3.724415
61026.0,3.721454
62455.0,3.718493
62500.0,3.7184
63884.0,3.715588
65313.0,3.712684
65625.0,3.71205
66742.0,3.70978
68171.9,3.706875
68750.0,3.7057
69600.9,3.703971
71029.9,3.701067
71875.0,3.69935
72458.9,3.698164
73888.0,3.69526
74999.9,3.693
75000.0,3.693
75317.9,3.692367
76746.9,3.68952
78125.0,3.686775
78175.9,3.686674
79604.9,3.683827
81033.9,3.68098
81250.0,3.68055
82464.0,3.678132
83893.0,3.675285
84375.0,3.674325
85322.0,3.672439
86751.0,3.669592
87500.0,3.6681
88179.9,3.666773
89608.9,3.663983
91039.0,3.661192
92468.0,3.658402
93750.0,3.6559
93897.0,3.655613
95326.0,3.652824
96755.0,3.650034
98184.9,3.647243
99613.9,3.644454
100000.0,3.6437
101040.0,3.641745
102470.0,3.639056
103900.0,3.636368
105330.0,3.63368
106250.0,3.63195
106760.0,3.630991
108190.0,3.628303
109620.0,3.625614
111050.0,3.622926
112480.0,3.620238
112500.0,3.6202
113910.0,3.617549
115330.0,3.61488
116760.0,3.612191
118190.0,3.609503
118750.0,3.60845
119620.0,3.606814
121050.0,3.604126
122480.0,3.601438
123910.0,3.598749
125000.0,3.5967
125340.0,3.5961
126770.0,3.593578
128200.0,3.591055
129630.0,3.588533
131060.0,3.58601
131250.0,3.585675
132480.0,3.583505
133910.0,3.580983
135340.0,3.57846
136770.0,3.575938
137500.0,3.57465
138200.0,3.573415
139630.0,3.570893
141060.0,3.56837
142490.0,3.565848
143750.0,3.563625
143920.0,3.563325
145350.0,3.560803
146780.0,3.55828
148210.0,3.555758
149640.0,3.553235
150000.0,3.5526
151060.0,3.550887
152490.0,3.548576
153920.0,3.546265
155350.0,3.543954
156250.0,3.5425
156780.0,3.541644
158210.0,3.539333
159640.0,3.537022
161070.0,3.534711
162500.0,3.5324
163930.0,3.530089
165360.0,3.527778
166790.0,3.525467
168210.0,3.523173
168750.0,3.5223
169640.0,3.520862
171070.0,3.518551
172500.0,3.51624
173930.0,3.513929
175000.0,3.5122
175360.0,3.511695
176790.0,3.509687
178220.0,3.507679
179650.0,3.505671
181080.0,3.503664
182510.0,3.501656
183940.0,3.499648
185360.0,3.497655
186790.0,3.495647
187500.0,3.49465
188220.0,3.493639
189650.0,3.491631
191080.0,3.489624
192510.0,3.487616
193940.0,3.485608
195370.0,3.483601
196800.0,3.481593
198230.0,3.479585
199660.0,3.477577
200000.0,3.4771
201090.0,3.475852
202520.0,3.474215
203940.0,3.472589
205370.0,3.470951
206800.0,3.469314
208230.0,3.467677
209660.0,3.466039
210000.0,3.46565
211090.0,3.464402
212520.0,3.462765
213950.0,3.461127
215380.0,3.45949
216810.0,3.457853
218240.0,3.456215
219670.0,3.454578
220000.0,3.4542
221090.0,3.453312
222520.0,3.452146
223950.0,3.450981
225380.0,3.449815
226810.0,3.44865
228240.0,3.447484
229670.0,3.446319
230000.0,3.44605
231100.0,3.445154
232530.0,3.443988
233960.0,3.442823
235390.0,3.441657
236820.0,3.440492
238240.0,3.439334
239670.0,3.438169
240000.0,3.4379
241100.0,3.437543
242530.0,3.437078
243960.0,3.436613
245390.0,3.436148
246820.0,3.435684
248250.0,3.435219
249680.0,3.434754
250000.0,3.43465
251110.0,3.434289
252540.0,3.433825
253970.0,3.43336
255390.0,3.432898
256820.0,3.432434
258250.0,3.431969
259680.0,3.431504
260000.0,3.4314
261110.0,3.431872
262540.0,3.43248
263970.0,3.433087
265400.0,3.433695
266830.0,3.434303
268260.0,3.434911
269690.0,3.435518
270000.0,3.43565
271120.0,3.436126
272550.0,3.436734
273970.0,3.437337
275400.0,3.437945
276830.0,3.438553
278260.0,3.439161
279690.0,3.439768
280000.0,3.4399
281120.0,3.441748
282550.0,3.444108
283980.0,3.446467
285410.0,3.448827
286840.0,3.451186
288270.0,3.453546
289700.0,3.455905
291120.0,3.458248
292550.0,3.460608
293980.0,3.462967
295410.0,3.465327
296840.0,3.467686
298270.0,3.470046
299700.0,3.472405
300000.0,3.4729
301130.0,3.47638
302560.0,3.480785
303990.0,3.485189
305420.0,3.489594
306850.0,3.493998
308270.0,3.498372
309700.0,3.502776
310000.0,3.5037
311130.0,3.508785
312560.0,3.51522
313990.0,3.521655
315420.0,3.52809
316850.0,3.534525
318280.0,3.54096
319710.0,3.547395
320000.0,3.5487
321140.0,3.556053
322570.0,3.565277
324000.0,3.5745
325420.0,3.583659
326850.0,3.592883
328280.0,3.602106
329710.0,3.61133
330000.0,3.6132
331140.0,3.623734
332570.0,3.636947
334000.0,3.65016
335430.0,3.663373
336860.0,3.676586
338290.0,3.6898
339720.0,3.703013
340000.0,3.7056
341150.0,3.720953
342580.0,3.740043
344000.0,3.759
345430.0,3.778091
346860.0,3.797181
348290.0,3.816272
349720.0,3.835362
350000.0,3.8391
351150.0,3.86164
352580.0,3.889668
354010.0,3.917696
355440.0,3.945724
356870.0,3.973752
358300.0,4.00178
359730.0,4.029808
360000.0,4.0351
361150.0,4.069025
362580.0,4.11121
364010.0,4.153395
365440.0,4.19558
366870.0,4.237765
368300.0,4.27995
369730.0,4.322135
370000.0,4.3301
371160.0,4.383344
372590.0,4.448981
374020.0,4.514618
375450.0,4.580255
376880.0,4.645892
378300.0,4.71107
379730.0,4.776707
380000.0,4.7891
381160.0,4.87545
382590.0,4.9819
384020.0,5.088349
385450.0,5.194798
386880.0,5.301247
388310.0,5.407696
389740.0,5.514146
390000.0,5.5335
391170.0,5.680967
392600.0,5.861204
394030.0,6.041441
395450.0,6.220418
396880.0,6.400655
398310.0,6.580892
399740.0,6.76113
400000.0,6.7939
401170.0,7.014843
402600.0,7.284884
404030.0,7.554925
405000.0,7.7381
405460.0,7.852198
406890.0,8.206896
408320.0,8.561593
409750.0,8.91629
410000.0,8.9783
411180.0,9.353469
412610.0,9.808123
414030.0,10.2596
415000.0,10.568
415460.0,10.74409
416890.0,11.29149
418320.0,11.8389
419750.0,12.3863
420000.0,12.482
421180.0,12.95612
422610.0,13.5307
424040.0,14.10527
425000.0,14.491
425470.0,14.63877
426900.0,15.08836
428330.0,15.53795
429760.0,15.98754
430000.0,16.063
431180.0,16.17982
432610.0,16.32139
434040.0,16.46296
435000.0,16.558
435470.0,16.48336
436900.0,16.25628
438330.0,16.0292
439760.0,15.80211
440000.0,15.764
441190.0,15.36892
442620.0,14.89416
444050.0,14.4194
445000.0,14.104
445480.0,13.9217
446910.0,13.37858
448330.0,12.83927
449760.0,12.29615
450000.0,12.205
451190.0,11.79207
452620.0,11.29586
454050.0,10.79965
455000.0,10.47
455480.0,10.33264
456910.0,9.923434
458340.0,9.514226
459770.0,9.105017
460000.0,9.0392
461200.0,8.76812
462630.0,8.445083
464060.0,8.122046
465000.0,7.9097
465480.0,7.825345
466910.0,7.574037
468340.0,7.322728
469770.0,7.07142
470000.0,7.031
471200.0,6.866792
472630.0,6.671111
474060.0,6.47543
475000.0,6.3468
475490.0,6.294174
476920.0,6.140592
478350.0,5.98701
479780.0,5.833428
480000.0,5.8098
481210.0,5.706635
482640.0,5.584714
484060.0,5.463644
485000.0,5.3835
485490.0,5.349925
486920.0,5.251942
488350.0,5.153958
489780.0,5.055974
490000.0,5.0409
491210.0,4.973406
492640.0,4.893641
494070.0,4.813875
495000.0,4.762
495500.0,4.73902
496930.0,4.673297
498360.0,4.607574
500000.0,4.5322
510000.0,4.1791
520000.0,3.9234
530000.0,3.7314
540000.0,3.5825
550000.0,3.4638
560000.0,3.3671
570000.0,3.2865
580000.0,3.2182
590000.0,3.1594
600000.0,3.1081
620000.0,3.0224
640000.0,2.9532
660000.0,2.8958
680000.0,2.8477
700000.0,2.8072
720000.0,2.7738
740000.0,2.7475
760000.0,2.729
780000.0,2.7199
800000.0,2.723
820000.0,2.743
840000.0,2.7877
860000.0,2.8705
880000.0,3.0149
900000.0,3.264
910000.0,3.4506
920000.0,3.6976
930000.0,4.0252
940000.0,4.458
950000.0,5.0211
960000.0,5.7272
970000.0,6.507986
980000.0,7.3641
990000.0,7.9699
1000000.0,8.154
1010000.0,7.8703
1020000.0,7.2674
1030000.0,6.5513
1040000.0,5.8653
1050000.0,5.2712
1060000.0,4.7805
1070000.0,4.3828
1080000.0,4.0616
1090000.0,3.8013
1100000.0,3.5886
1110000.0,3.413839
1120000.0,3.2676
1130000.0,3.144951
1140000.0,3.0421
1150000.0,2.954713
1160000.0,2.88
1170000.0,2.817276
1180000.0,2.7643
1190000.0,2.721914
1200000.0,2.6886
1210000.0,2.66683
1220000.0,2.6579
1230000.0,2.667401
1240000.0,2.6986
1250000.0,2.7682
1260000.0,2.8988
1270000.0,3.1368
1280000.0,3.5726
1285000.0,3.9124
1290000.0,4.3659
1295000.0,4.9476
1300000.0,5.6288
1305000.0,6.2869
1310000.0,6.6996
1315000.0,6.682
1320000.0,6.2662
1325000.0,5.6556
1330000.0,5.038
1340000.0,4.0728
1350000.0,3.4676
1360000.0,3.0904
1370000.0,2.8441
1380000.0,2.6742
1390000.0,2.5509
1400000.0,2.4573
1450000.0,2.1941
1500000.0,2.0569
1550000.0,1.9613
1600000.0,1.8902
1620000.0,1.8803
1630000.0,1.9024
1640000.0,2.0683
1642000.0,2.1876
1643000.0,2.2834
1644000.0,2.4219
1645000.0,2.6306
1646000.0,2.9615
1647000.0,3.5175
1648000.0,4.5005
1648500.0,5.2501
1649000.0,6.2137
1649500.0,7.3392
1650000.0,8.3889
1650500.0,8.9282
1651000.0,8.6464
1651500.0,7.715
1652000.0,6.5792
1653000.0,4.7333
1654000.0,3.6493
1655000.0,3.0368
1656000.0,2.6737
1657000.0,2.4453
1658000.0,2.2937
1659000.0,2.1885
1660000.0,2.1125
1665000.0,1.9291
1670000.0,1.8611
1675000.0,1.8264
1680000.0,1.8045
1682000.0,1.797109
1684000.0,1.79137
1685000.0,1.7888
1686000.0,1.807018
1687000.0,1.854791
1688000.0,1.91392
1689000.0,1.964395
1690000.0,1.9843
1691000.0,1.958873
1692000.0,1.903361
1694000.0,1.787958
1695000.0,1.7655
1696000.0,1.763461
1698000.0,1.759507
1700000.0,1.7559
1720000.0,1.7228
1740000.0,1.6923
1760000.0,1.6606
1780000.0,1.6247
1800000.0,1.5792
1820000.0,1.5697
1822000.0,1.6056
1824000.0,1.6832
1826000.0,1.853
1828000.0,2.2393
1830000.0,3.0964
1831000.0,3.7463
1832000.0,4.3869
1833000.0,4.7365
1834000.0,4.6567
1835000.0,4.2963
1836000.0,3.8685
1837000.0,3.4856
1838000.0,3.1763
1839000.0,2.9346
1840000.0,2.7466
1842000.0,2.4827
1844000.0,2.3127
1846000.0,2.1975
1848000.0,2.1162
1850000.0,2.0568
1852000.0,2.0126
1854000.0,1.9792
1856000.0,1.9539
1858000.0,1.9351
1860000.0,1.9215
1865000.0,1.9065
1870000.0,1.9161
1875000.0,1.9532
1880000.0,2.0283
1885000.0,2.1615
1890000.0,2.3831
1895000.0,2.7128
1900000.0,3.066
1905000.0,3.1823
1910000.0,2.9593
1915000.0,2.6248
1920000.0,2.3476
1925000.0,2.1517
1930000.0,2.0167
1935000.0,1.9217
1940000.0,1.8527
1950000.0,1.7602
1960000.0,1.7012
1970000.0,1.6594
1980000.0,1.6275
1990000.0,1.6016
2000000.0,1.5795
2050000.0,1.4951
2100000.0,1.422
2150000.0,1.3389
2200000.0,1.2205
2220000.0,1.1521
2240000.0,1.0624
2260000.0,0.94144
2280000.0,0.77725
2300000.0,0.56326
2305000.0,0.5035
2310000.0,0.44266
2315000.0,0.38196
2320000.0,0.32294
2321000.0,0.3115
2322000.0,0.30021
2323000.0,0.2891
2324000.0,0.27818
2325000.0,0.26746
2326000.0,0.25696
2327000.0,0.24671
2328000.0,0.23671
2329000.0,0.22698
2330000.0,0.21754
2331000.0,0.20841
2332000.0,0.19961
2333000.0,0.19114
2334000.0,0.18303
2335000.0,0.17529
2336000.0,0.16793
2337000.0,0.16097
2338000.0,0.15442
2339000.0,0.1483
2340000.0,0.14261
2341000.0,0.13737
2342000.0,0.13259
2343000.0,0.12828
2344000.0,0.12443
2345000.0,0.12107
2346000.0,0.1182
2347000.0,0.11582
2348000.0,0.11393
2349000.0,0.11253
2350000.0,0.11164
2351000.0,0.11124
2352000.0,0.11133
2353000.0,0.11192
2354000.0,0.113
2354170.0,0.1132245
2355000.0,0.11455
2355318.0,0.1151584
2355319.0,0.1151604
2355357.0,0.1152358
2357000.0,0.11909
2358000.0,0.12206
2359000.0,0.12548
2360000.0,0.12933
2361000.0,0.13362
2362000.0,0.13833
2363000.0,0.14344
2364000.0,0.14894
2365000.0,0.15482
2366000.0,0.16106
2367000.0,0.16765
2368000.0,0.17457
2370000.0,0.18934
2375000.0,0.23097
2380000.0,0.27767
2390000.0,0.37888
2400000.0,0.4807
2410000.0,0.5755
2420000.0,0.65968
2430000.0,0.73228
2435000.0,0.763045
2437500.0,0.7784275
2440000.0,0.79381
2441250.0,0.8002638
2442500.0,0.8067175
2443750.0,0.8131713
2445000.0,0.819625
2446250.0,0.8260788
2447500.0,0.8325325
2448750.0,0.8389863
2450000.0,0.84544
2451250.0,0.8508263
2452500.0,0.8562125
2453750.0,0.8615988
2455000.0,0.866985
2456250.0,0.8723713
2457500.0,0.8777575
2458750.0,0.8831438
2460000.0,0.88853
2461250.0,0.8930163
2462500.0,0.8975025
2463750.0,0.9019888
2465000.0,0.906475
2466250.0,0.9109613
2467500.0,0.9154475
2468750.0,0.9199338
2470000.0,0.92442
2471250.0,0.9281513
2472500.0,0.9318825
2473750.0,0.9356138
2475000.0,0.939345
2476250.0,0.9430763
2477500.0,0.9468075
2478750.0,0.9505388
2480000.0,0.95427
2481250.0,0.9573763
2482500.0,0.9604825
2483750.0,0.9635888
2485000.0,0.966695
2486250.0,0.9698013
2487500.0,0.9729075
2488750.0,0.9760138
2490000.0,0.97912
2491250.0,0.9817063
2492500.0,0.9842925
2493750.0,0.9868788
2495000.0,0.989465
2496250.0,0.9920513
2497500.0,0.9946375
2498750.0,0.9972238
2500000.0,0.99981
2501250.0,1.001784
2502500.0,1.003759
2505000.0,1.007708
2507500.0,1.011656
2510000.0,1.015605
2512500.0,1.019554
2515000.0,1.023503
2517500.0,1.027451
2520000.0,1.0314
2522500.0,1.034138
2525000.0,1.036875
2527500.0,1.039613
2530000.0,1.04235
2532500.0,1.045088
2535000.0,1.047825
2537500.0,1.050563
2540000.0,1.0533
2542500.0,1.055188
2545000.0,1.057075
2547500.0,1.058963
2550000.0,1.06085
2552500.0,1.062738
2555000.0,1.064625
2557500.0,1.066513
2560000.0,1.0684
2562500.0,1.069675
2565000.0,1.07095
2567500.0,1.072225
2570000.0,1.0735
2572500.0,1.074775
2575000.0,1.07605
2577500.0,1.077325
2580000.0,1.0786
2582500.0,1.079438
2585000.0,1.080275
2587500.0,1.081113
2590000.0,1.08195
2592500.0,1.082788
2595000.0,1.083625
2597500.0,1.084463
2600000.0,1.0853
2601563.0,1.085525
2603125.0,1.08575
2604688.0,1.085975
2606250.0,1.0862
2607813.0,1.086425
2609375.0,1.08665
2610938.0,1.086875
2612500.0,1.0871
2614063.0,1.087325
2615625.0,1.08755
2617188.0,1.087775
2618750.0,1.088
2620313.0,1.088225
2621875.0,1.08845
2623438.0,1.088675
2625000.0,1.0889
2626563.0,1.089125
2628125.0,1.08935
2629688.0,1.089575
2631250.0,1.0898
2632813.0,1.090025
2634375.0,1.09025
2635938.0,1.090475
2637500.0,1.0907
2639063.0,1.090925
2640625.0,1.09115
2642188.0,1.091375
2643750.0,1.0916
2645313.0,1.091825
2646875.0,1.09205
2648438.0,1.092275
2650000.0,1.0925
2651563.0,1.092509
2653125.0,1.092519
2654688.0,1.092528
2656250.0,1.092538
2657813.0,1.092547
2659375.0,1.092556
2660938.0,1.092566
2662500.0,1.092575
2664063.0,1.092584
2665625.0,1.092594
2667188.0,1.092603
2668750.0,1.092613
2670313.0,1.092622
2671875.0,1.092631
2673438.0,1.092641
2675000.0,1.09265
2676563.0,1.092659
2678125.0,1.092669
2679688.0,1.092678
2681250.0,1.092688
2682813.0,1.092697
2684375.0,1.092706
2685938.0,1.092716
2687500.0,1.092725
2689063.0,1.092734
2690625.0,1.092744
2692188.0,1.092753
2693750.0,1.092763
2695313.0,1.092772
2696875.0,1.092781
2698438.0,1.092791
2700000.0,1.0928
2701563.0,1.09275
2703125.0,1.0927
2704688.0,1.09265
2706250.0,1.0926
2707813.0,1.09255
2709375.0,1.0925
2710938.0,1.09245
2712500.0,1.0924
2714063.0,1.09235
2715625.0,1.0923
2717188.0,1.09225
2718750.0,1.0922
2720313.0,1.09215
2721875.0,1.0921
2723438.0,1.09205
2725000.0,1.092
2726563.0,1.09195
2728125.0,1.0919
2729688.0,1.09185
2731250.0,1.0918
2732813.0,1.09175
2734375.0,1.0917
2735938.0,1.09165
2737500.0,1.0916
2739063.0,1.09155
2740625.0,1.0915
2742188.0,1.09145
2743750.0,1.0914
2745313.0,1.09135
2746875.0,1.0913
2748438.0,1.09125
2750000.0,1.0912
2751563.0,1.091222
2753125.0,1.091244
2754688.0,1.091266
2756250.0,1.091288
2757813.0,1.091309
2759375.0,1.091331
2760938.0,1.091353
2762500.0,1.091375
2764063.0,1.091397
2765625.0,1.091419
2767188.0,1.091441
2768750.0,1.091463
2770313.0,1.091484
2771875.0,1.091506
2773438.0,1.091528
2775000.0,1.09155
2776563.0,1.091572
2778125.0,1.091594
2779688.0,1.091616
2781250.0,1.091638
2782813.0,1.091659
2784375.0,1.091681
2785938.0,1.091703
2787500.0,1.091725
2789063.0,1.091747
2790625.0,1.091769
2792188.0,1.091791
2793750.0,1.091813
2795313.0,1.091834
2796875.0,1.091856
2798438.0,1.091878
2800000.0,1.0919
2801563.0,1.092169
2803125.0,1.092438
2804688.0,1.092706
2806250.0,1.092975
2807813.0,1.093244
2809375.0,1.093513
2810938.0,1.093781
2812500.0,1.09405
2814063.0,1.094319
2815625.0,1.094588
2817188.0,1.094856
2818750.0,1.095125
2820313.0,1.095394
2821875.0,1.095663
2823438.0,1.095931
2825000.0,1.0962
2826563.0,1.096469
2828125.0,1.096738
2829688.0,1.097006
2831250.0,1.097275
2832813.0,1.097544
2834375.0,1.097813
2835938.0,1.098081
2837500.0,1.09835
2839063.0,1.098619
2840625.0,1.098888
2842188.0,1.099156
2843750.0,1.099425
2845313.0,1.099694
2846875.0,1.099963
2848438.0,1.100231
2850000.0,1.1005
2852500.0,1.101575
2855000.0,1.10265
2857500.0,1.103725
2860000.0,1.1048
2862500.0,1.106625
2865000.0,1.10845
2867500.0,1.110275
2870000.0,1.1121
2872500.0,1.11675
2875000.0,1.1214
2877500.0,1.12605
2880000.0,1.1307
2882000.0,1.14
2884000.0,1.1565
2886000.0,1.1952
2887000.0,1.2442
2888000.0,1.3918
2888200.0,1.4629
2888400.0,1.5743
2888500.0,1.6558
2888600.0,1.7653
2888700.0,1.9162
2888800.0,2.1279
2888900.0,2.4206
2889000.0,2.7748
2889100.0,3.001
2889200.0,2.7375
2889300.0,2.0953
2889400.0,1.5632
2889500.0,1.2609
2889600.0,1.107
2889700.0,1.0302
2889800.0,0.99215
2890000.0,0.96656
2890500.0,0.97724
2891000.0,0.99851
2892000.0,1.0283
2894000.0,1.0574
2896000.0,1.0715
2898000.0,1.08
2900000.0,1.0858
2903125.0,1.089
2906250.0,1.0922
2909375.0,1.0954
2912500.0,1.0986
2915625.0,1.1018
2918750.0,1.105
2921875.0,1.1082
2925000.0,1.1114
2928125.0,1.1146
2931250.0,1.1178
2934375.0,1.121
2937500.0,1.1242
2940625.0,1.1274
2943750.0,1.1306
2946875.0,1.1338
2950000.0,1.137
2953125.0,1.141344
2956250.0,1.145688
2959375.0,1.150031
2962500.0,1.154375
2965625.0,1.158719
2968750.0,1.163063
2971875.0,1.167406
2975000.0,1.17175
2978125.0,1.176094
2981250.0,1.180438
2984375.0,1.184781
2987500.0,1.189125
2990625.0,1.193469
2993750.0,1.197813
2996875.0,1.202156
3000000.0,1.2065
3002500.0,1.21805
3005000.0,1.2296
3005500.0,1.2371
3006000.0,1.251
3006100.0,1.2555
3006200.0,1.2609
3006300.0,1.2678
3006400.0,1.2768
3006500.0,1.2889
3006600.0,1.3063
3006700.0,1.3333
3006800.0,1.3804
3006900.0,1.4797
3007000.0,1.7826
3007100.0,3.0639
3007200.0,1.3125
3007300.0,1.1284
3007400.0,1.128
3007500.0,1.1395
3007600.0,1.15
3007700.0,1.1584
3007800.0,1.1651
3007900.0,1.1705
3008000.0,1.175
3008200.0,1.1819
3008400.0,1.187
3008600.0,1.1909
3008800.0,1.1941
3009000.0,1.1967
3010000.0,1.2054
3012500.0,1.21455
3015000.0,1.2237
3017500.0,1.2299
3020000.0,1.2361
3022500.0,1.24245
3025000.0,1.2488
3027500.0,1.25515
3030000.0,1.2615
3032500.0,1.26785
3035000.0,1.2742
3037500.0,1.28055
3040000.0,1.2869
3042500.0,1.294225
3045000.0,1.30155
3047500.0,1.308875
3050000.0,1.3162
3052500.0,1.3244
3055000.0,1.3326
3057500.0,1.3408
3060000.0,1.349
3062500.0,1.358738
3065000.0,1.368475
3067500.0,1.378213
3070000.0,1.38795
3072500.0,1.397688
3075000.0,1.407425
3077500.0,1.417163
3080000.0,1.4269
3082500.0,1.43905
3085000.0,1.4512
3087500.0,1.46335
3090000.0,1.4755
3092500.0,1.48765
3095000.0,1.4998
3097500.0,1.51195
3100000.0,1.5241
3102500.0,1.539088
3105000.0,1.554075
3107500.0,1.569063
3110000.0,1.58405
3112500.0,1.599038
3115000.0,1.614025
3117500.0,1.629013
3120000.0,1.644
3122500.0,1.6622
3125000.0,1.6804
3127500.0,1.6986
3130000.0,1.7168
3132500.0,1.735
3135000.0,1.7532
3137500.0,1.7714
3140000.0,1.7896
3145000.0,1.832775
3150000.0,1.87595
3155000.0,1.919125
3160000.0,1.9623
3165000.0,2.01025
3170000.0,2.0582
3175000.0,2.1092
3180000.0,2.1602
3182500.0,2.1871
3185000.0,2.214
3187500.0,2.2409
3190000.0,2.2678
3192500.0,2.2973
3195000.0,2.3268
3197500.0,2.3563
3200000.0,2.3858
3201000.0,2.3993
3202000.0,2.4136
3203000.0,2.4291
3204000.0,2.4465
3205000.0,2.4667
3206000.0,2.4921
3207000.0,2.5267
3208000.0,2.5815
3209000.0,2.6861
3210000.0,2.952
3210500.0,3.2728
3211000.0,3.9291
3211100.0,4.1207
3211200.0,4.3313
3211300.0,4.5542
3211400.0,4.7767
3211500.0,4.9792
3211600.0,5.1372
3211700.0,5.2269
3211800.0,5.2323
3211900.0,5.1523
3212000.0,5.0008
3212200.0,4.5786
3212400.0,4.1399
3212600.0,3.7726
3212800.0,3.4917
3213000.0,3.2834
3213200.0,3.1297
3213400.0,3.0153
3213600.0,2.9292
3213800.0,2.8633
3214000.0,2.8123
3214200.0,2.7723
3214400.0,2.7405
3214600.0,2.715
3214800.0,2.6943
3215000.0,2.6775
3216000.0,2.6287
3217000.0,2.6099
3218000.0,2.604
3219000.0,2.6043
3220000.0,2.6082
3222000.0,2.6215
3224000.0,2.6382
3226000.0,2.6565
3228000.0,2.6755
3230000.0,2.6947
3235000.0,2.7431
3240000.0,2.7903
3245000.0,2.836
3250000.0,2.8795
3255000.0,2.9205
3260000.0,2.9588
3265000.0,2.9943
3270000.0,3.0268
3275000.0,3.0561
3280000.0,3.0825
3285000.0,3.1057
3290000.0,3.1257
3295000.0,3.1428
3300000.0,3.157
3305000.0,3.1683
3310000.0,3.1771
3312000.0,3.1799
3314000.0,3.1823
3316000.0,3.1844
3318000.0,3.1861
3320000.0,3.1873
3322000.0,3.1883
3324000.0,3.1889
3326000.0,3.1893
3328000.0,3.1893
3330000.0,3.1891
3332000.0,3.1886
3334000.0,3.1878
3336000.0,3.1867
3338000.0,3.1854
3340000.0,3.1839
3345000.0,3.1793
3350000.0,3.1735
3355000.0,3.1666
3360000.0,3.1589
3370000.0,3.1417
3380000.0,3.1229
3390000.0,3.1033
3400000.0,3.0875
3400500.0,3.0868
3410000.0,3.0746
3420000.0,3.0623
3430000.0,3.0513
3435000.0,3.0527
3436000.0,3.0559
3437000.0,3.0625
3437500.0,3.0688
3438000.0,3.0813
3438500.0,3.1289
3439000.0,3.8788
3439500.0,3.9945
3440000.0,3.5902
3440500.0,3.7224
3441000.0,4.214
3441500.0,5.2648
3441600.0,5.4652
3441700.0,5.595
3441800.0,5.6235
3441900.0,5.542
3442000.0,5.3686
3442500.0,4.2335
3443000.0,3.6371
3443500.0,3.3815
3444000.0,3.2581
3444500.0,3.1906
3445000.0,3.1498
3450000.0,3.0532
3455000.0,3.037
3460000.0,3.0291
3465000.0,3.0239
3470000.0,3.02
3475000.0,3.0169
3480000.0,3.0145
3490000.0,3.0118
3500000.0,3.0111
3510000.0,3.0125
3520000.0,3.0156
3530000.0,3.0203
3540000.0,3.0263
3550000.0,3.0332
3560000.0,3.041
3570000.0,3.049
3580000.0,3.0569
3590000.0,3.0644
3600000.0,3.071
3610000.0,3.0763
3620000.0,3.0798
3630000.0,3.0812
3640000.0,3.0802
3642000.0,3.0796
3644000.0,3.079
3645000.0,3.0786
3645200.0,3.0785
3645400.0,3.0785
3645600.0,3.0784
3645800.0,3.0783
3646000.0,3.0782
3646200.0,3.0782
3646400.0,3.0783
3646600.0,3.078
3646800.0,3.0779
3647000.0,3.0777
3647200.0,3.0777
3647400.0,3.0776
3647600.0,3.0775
3647800.0,3.0775
3648000.0,3.0773
3649000.0,3.0768
3650000.0,3.0763
3651000.0,3.0758
3652000.0,3.0752
3653000.0,3.0746
3654000.0,3.074
3655000.0,3.0734
3660000.0,3.0696
3665000.0,3.0651
3670000.0,3.0599
3675000.0,3.054
3680000.0,3.0474
3685000.0,3.0402
3690000.0,3.0325
3695000.0,3.0245
3700000.0,3.0164
3710000.0,3.001
3720000.0,2.991
3730000.0,2.9989
3740000.0,3.0659
3745000.0,3.1658
3750000.0,3.3951
3755000.0,3.9782
3760000.0,5.339
3761000.0,5.629
3762000.0,5.8282
3763000.0,5.8849
3764000.0,5.7821
3765000.0,5.5483
3766000.0,5.2389
3767000.0,4.9089
3768000.0,4.5954
3769000.0,4.317
3770000.0,4.0788
3772000.0,3.7122
3774000.0,3.4581
3776000.0,3.2796
3778000.0,3.1504
3780000.0,3.0543
3785000.0,2.897
3790000.0,2.8015
3795000.0,2.7353
3800000.0,2.6845
3810000.0,2.6063
3820000.0,2.5437
3830000.0,2.4889
3840000.0,2.4392
3850000.0,2.3935
3860000.0,2.3513
3870000.0,2.3123
3880000.0,2.2768
3890000.0,2.2446
3900000.0,2.216
3920000.0,2.1689
3940000.0,2.1341
3960000.0,2.1065
3980000.0,2.0743
4000000.0,2.0359
4010000.0,1.9776
4020000.0,1.8889
4030000.0,1.7617
4040000.0,1.5988
4050000.0,1.4241
4060000.0,1.2759
4070000.0,1.1786
4080000.0,1.128
4090000.0,1.107
4100000.0,1.1016
4110000.0,1.1075
4120000.0,1.1305
4130000.0,1.1847
4140000.0,1.2899
4150000.0,1.4618
4160000.0,1.6874
4165000.0,1.8039
4170000.0,1.91
4175000.0,1.9972
4180000.0,2.0599
4185000.0,2.0964
4190000.0,2.1085
4195000.0,2.0997
4200000.0,2.0747
4205000.0,2.0376
4210000.0,1.992
4215000.0,1.9408
4220000.0,1.8858
4225000.0,1.8287
4230000.0,1.7704
4235000.0,1.7114
4240000.0,1.6523
4245000.0,1.5933
4250000.0,1.5348
4255000.0,1.4774
4260000.0,1.4223
4265000.0,1.3717
4270000.0,1.3297
4275000.0,1.3043
4280000.0,1.3093
4285000.0,1.3664
4290000.0,1.5003
4295000.0,1.7195
4300000.0,1.9967
4305000.0,2.2801
4310000.0,2.5272
4315000.0,2.7168
4320000.0,2.8407
4321000.0,2.8575
4322000.0,2.8718
4323000.0,2.8835
4324000.0,2.8928
4325000.0,2.8997
4326000.0,2.9045
4327000.0,2.9071
4328000.0,2.9076
4329000.0,2.9063
4330000.0,2.9032
4335000.0,2.8656
4340000.0,2.8022
4345000.0,2.7252
4350000.0,2.6434
4355000.0,2.5621
4360000.0,2.4843
4370000.0,2.3438
4380000.0,2.2248
4390000.0,2.125
4400000.0,2.0415
4410000.0,1.972
4420000.0,1.9153
4430000.0,1.8714
4440000.0,1.8432
4445000.0,1.8369
4450000.0,1.8369
4455000.0,1.8418
4460000.0,1.8326
4462000.0,1.8073
4464000.0,1.7506
4466000.0,1.6464
4468000.0,1.498
4470000.0,1.3486
4472000.0,1.2489
4475000.0,1.2041
4480000.0,1.2393
4485000.0,1.2798
4490000.0,1.3031
4495000.0,1.3128
4500000.0,1.3132
4505000.0,1.3073
4510000.0,1.297
4515000.0,1.2845
4520000.0,1.2777
4521000.0,1.2793
4522000.0,1.2828
4523000.0,1.2896
4524000.0,1.301
4525000.0,1.3194
4526000.0,1.3485
4527000.0,1.3941
4528000.0,1.4656
4529000.0,1.5769
4530000.0,1.7472
4531000.0,1.9954
4532000.0,2.3155
4533000.0,2.6356
4534000.0,2.8261
4535000.0,2.8189
4536000.0,2.6725
4537000.0,2.4811
4538000.0,2.3008
4539000.0,2.1495
4540000.0,2.0274
4545000.0,1.6945
4550000.0,1.5579
4555000.0,1.485
4560000.0,1.4384
4565000.0,1.405
4570000.0,1.379
4575000.0,1.3577
4580000.0,1.3397
4585000.0,1.324
4590000.0,1.3104
4591000.0,1.3078
4592000.0,1.3058
4593000.0,1.3039
4594000.0,1.302
4595000.0,1.2993
4596000.0,1.2975
4597000.0,1.296
4598000.0,1.295
4599000.0,1.2945
4600000.0,1.2944
4601000.0,1.3281
4601500.0,1.3376
4602000.0,1.3399
4602500.0,1.3353
4603000.0,1.3258
4604000.0,1.3021
4605000.0,1.2823
4610000.0,1.2723
4615000.0,1.269
4620000.0,1.2738
4625000.0,1.2969
4626000.0,1.3059
4627000.0,1.3174
4628000.0,1.3322
4629000.0,1.3512
4630000.0,1.3761
4631000.0,1.4087
4632000.0,1.4517
4633000.0,1.5089
4634000.0,1.5836
4635000.0,1.6773
4636000.0,1.7824
4637000.0,1.8726
4638000.0,1.9042
4639000.0,1.8506
4640000.0,1.7363
4645000.0,1.3062
4650000.0,1.1981
4655000.0,1.1599
4660000.0,1.1393
4665000.0,1.1246
4670000.0,1.1123
4675000.0,1.1012
4680000.0,1.0907
4685000.0,1.0806
4690000.0,1.0707
4695000.0,1.0609
4700000.0,1.0511
4705000.0,1.0415
4710000.0,1.032
4715000.0,1.0226
4720000.0,1.0132
4725000.0,1.0039
4730000.0,0.99474
4735000.0,0.98578
4740000.0,0.97715
4745000.0,0.96883
4750000.0,0.96101
4755000.0,0.95387
4760000.0,0.94768
4765000.0,0.94282
4770000.0,0.93978
4775000.0,0.93929
4780000.0,0.94236
4785000.0,0.95046
4790000.0,0.96561
4795000.0,0.99071
4800000.0,1.0298
4805000.0,1.0879
4810000.0,1.1711
4815000.0,1.2849
4820000.0,1.4298
4825000.0,1.596
4830000.0,1.7582
4832000.0,1.8142
4834000.0,1.8618
4835000.0,1.882
4836000.0,1.8996
4837000.0,1.9143
4838000.0,1.9264
4839000.0,1.9357
4840000.0,1.9421
4841000.0,1.9459
4842000.0,1.9471
4843000.0,1.946
4844000.0,1.9424
4845000.0,1.9368
4850000.0,1.8835
4855000.0,1.8048
4860000.0,1.718
4870000.0,1.5548
4880000.0,1.4224
4890000.0,1.3193
4900000.0,1.2378
4910000.0,1.1719
4920000.0,1.1171
4930000.0,1.0706
4940000.0,1.0303
4950000.0,0.99519
4960000.0,0.96445
4970000.0,0.93842
4980000.0,0.91744
4990000.0,0.90321
5000000.0,0.89789
5010000.0,0.90503
5020000.0,0.92919
5030000.0,0.97551
5040000.0,1.048
5050000.0,1.1435
5060000.0,1.2549
5070000.0,1.3681
5080000.0,1.4719
5090000.0,1.5679
5100000.0,1.6809
5102000.0,1.7105
5104000.0,1.7442
5106000.0,1.7832
5108000.0,1.829
5110000.0,1.8833
5112000.0,1.9482
5114000.0,2.0265
5115000.0,2.0717
5116000.0,2.1214
5117000.0,2.176
5118000.0,2.236
5119000.0,2.3017
5120000.0,2.3735
5121000.0,2.4513
5122000.0,2.5351
5123000.0,2.6245
5124000.0,2.7184
5125000.0,2.8152
5126000.0,2.9127
5127000.0,3.0076
5128000.0,3.0962
5129000.0,3.1737
5130000.0,3.2356
5131000.0,3.2775
5132000.0,3.296
5133000.0,3.2892
5134000.0,3.2575
5135000.0,3.2029
5136000.0,3.1288
5137000.0,3.0399
5138000.0,2.941
5139000.0,2.8365
5140000.0,2.7303
5142000.0,2.5246
5144000.0,2.3389
5146000.0,2.1787
5148000.0,2.0435
5150000.0,1.9307
5155000.0,1.7237
5160000.0,1.5887
5165000.0,1.4959
5170000.0,1.4288
5180000.0,1.3374
5190000.0,1.2761
5200000.0,1.2304
5210000.0,1.1938
5220000.0,1.163
5230000.0,1.1361
5240000.0,1.1123
5250000.0,1.0906
5260000.0,1.071
5270000.0,1.053
5280000.0,1.0365
5290000.0,1.0223
5300000.0,1.0148
5310000.0,1.1324
5320000.0,0.92136
5330000.0,0.97807
5340000.0,1.6467
5350000.0,1.2939
5355000.0,1.0824
5360000.0,1.0095
5365000.0,0.96717
5366000.0,0.95947
5367000.0,0.95157
5368000.0,0.94331
5369000.0,0.93451
5370000.0,0.92534
5371000.0,0.91681
5372000.0,0.91255
5373000.0,0.92143
5374000.0,0.95175
5375000.0,0.98824
5380000.0,0.99322
5385000.0,0.97076
5390000.0,0.95737
5395000.0,0.9481
5400000.0,0.94111
5410000.0,0.9312
5420000.0,0.92493
5430000.0,0.92155
5440000.0,0.92092
5450000.0,0.9232
5460000.0,0.92873
5470000.0,0.93803
5480000.0,0.95171
5490000.0,0.97059
5500000.0,0.99557
5510000.0,1.0276
5520000.0,1.0679
5530000.0,1.1174
5540000.0,1.1768
5550000.0,1.2461
5560000.0,1.3246
5570000.0,1.41
5580000.0,1.4989
5590000.0,1.5859
5600000.0,1.665
5605000.0,1.6998
5610000.0,1.7304
5615000.0,1.7567
5620000.0,1.778
5625000.0,1.7943
5630000.0,1.8056
5635000.0,1.8118
5639500.0,1.8134
5639542.0,1.8134
5639543.0,1.8134
5639600.0,1.8134
5640000.0,1.8134
5645000.0,1.8106
5650000.0,1.8039
5655000.0,1.7938
5660000.0,1.7807
5662000.0,1.7746
5665000.0,1.7652
5668000.0,1.7547
5670000.0,1.7477
5672000.0,1.7398
5675000.0,1.7285
5676000.0,1.724
5678000.0,1.7157
5680000.0,1.7075
5685000.0,1.6831
5690000.0,1.6562
5695000.0,1.6321
5700000.0,1.6098
5705000.0,1.5878
5710000.0,1.5658
5715000.0,1.5439
5720000.0,1.5222
5725000.0,1.5009
5730000.0,1.4802
5735000.0,1.4598
5740000.0,1.4401
5745000.0,1.4208
5750000.0,1.4022
5755000.0,1.3841
5760000.0,1.3666
5765000.0,1.3496
5770000.0,1.3332
5775000.0,1.3174
5780000.0,1.3021
5785000.0,1.2874
5790000.0,1.2731
5795000.0,1.2593
5800000.0,1.2461
5805000.0,1.2333
5810000.0,1.2211
5815000.0,1.2094
5820000.0,1.1981
5825000.0,1.1874
5830000.0,1.1772
5835000.0,1.1675
5840000.0,1.1586
5845000.0,1.1504
5850000.0,1.1429
5855000.0,1.1365
5860000.0,1.1313
5865000.0,1.1277
5870000.0,1.1261
5875000.0,1.1273
5880000.0,1.1324
5885000.0,1.143
5890000.0,1.1621
5895000.0,1.1942
5900000.0,1.2478
5905000.0,1.3371
5908000.0,1.4145
5910000.0,1.4879
5912000.0,1.5724
5915000.0,1.7354
5916000.0,1.7987
5917000.0,1.8661
5918000.0,1.9366
5919000.0,2.0091
5920000.0,2.0814
5921000.0,2.1511
5922000.0,2.215
5923000.0,2.2697
5924000.0,2.3118
5925000.0,2.3384
5926000.0,2.3474
5927000.0,2.3378
5928000.0,2.3107
5929000.0,2.2677
5930000.0,2.2118
5935000.0,1.8499
5940000.0,1.533
5945000.0,1.3173
5950000.0,1.1729
5955000.0,1.0705
5960000.0,0.99114
5965000.0,0.92358
5970000.0,0.86097
5975000.0,0.8004
5980000.0,0.74888
5982000.0,0.73846
5984000.0,0.74314
5985000.0,0.75486
5986000.0,0.77583
5988000.0,0.85609
5990000.0,1.004
5992000.0,1.2174
5994000.0,1.4444
5995000.0,1.538
5996000.0,1.6086
5997000.0,1.6545
5998000.0,1.6776
5999000.0,1.6823
6000000.0,1.6734
6001000.0,1.6553
6002000.0,1.6314
6003000.0,1.6045
6004000.0,1.5764
6006000.0,1.5205
6008000.0,1.4688
6010000.0,1.4227
6012000.0,1.3823
6014000.0,1.3469
6015000.0,1.3309
6016000.0,1.3159
6018000.0,1.2886
6020000.0,1.2646
6025000.0,1.2153
6030000.0,1.1774
6035000.0,1.1476
6040000.0,1.124
6045000.0,1.1051
6048000.0,1.0958
6050000.0,1.0904
6052000.0,1.0856
6054000.0,1.0819
6055000.0,1.0803
6056000.0,1.0788
6057000.0,1.0776
6058000.0,1.0767
6059000.0,1.0762
6060000.0,1.076
6061000.0,1.076
6062000.0,1.0767
6063000.0,1.0776
6064000.0,1.0793
6065000.0,1.0814
6066000.0,1.0848
6067000.0,1.0885
6068000.0,1.0944
6070000.0,1.1104
6071000.0,1.122
6072000.0,1.1368
6073000.0,1.1559
6074000.0,1.1806
6075000.0,1.212
6076000.0,1.2509
6077000.0,1.2955
6078000.0,1.338
6079000.0,1.3607
6080000.0,1.343
6082000.0,1.2036
6084000.0,1.0749
6085000.0,1.0308
6086000.0,1.0075
6088000.0,0.9749
6090000.0,0.9578
6092000.0,0.94801
6094000.0,0.9416
6096000.0,0.93698
6098000.0,0.93338
6100000.0,0.93031
6102000.0,0.92756
6104000.0,0.92502
6106000.0,0.92261
6108000.0,0.92027
6110000.0,0.91802
6115000.0,0.91256
6120000.0,0.9073
6125000.0,0.90223
6130000.0,0.89737
6140000.0,0.88826
6150000.0,0.88008
6160000.0,0.8729
6170000.0,0.86677
6175000.0,0.86411
6180000.0,0.86171
6190000.0,0.85765
6200000.0,0.85449
6210000.0,0.85209
6220000.0,0.85028
6225000.0,0.84958
6230000.0,0.84897
6240000.0,0.84806
6250000.0,0.84756
6260000.0,0.83995
6270000.0,0.83542
6271000.0,0.83529
6272170.0,0.8351535
6272171.0,0.8351534
6272200.0,0.83515
6272300.0,0.83516
6275000.0,0.83542
6280000.0,0.83762
6290000.0,0.84301
6300000.0,0.84795
6302000.0,0.84937
6304000.0,0.85074
6306000.0,0.85154
6308000.0,0.85192
6310000.0,0.8523
6312000.0,0.85292
6314000.0,0.85398
6316000.0,0.85544
6318000.0,0.85726
6320000.0,0.85938
6322000.0,0.86182
6324000.0,0.86469
6325000.0,0.86638
6326000.0,0.86819
6328000.0,0.87195
6330000.0,0.87554
6332000.0,0.87871
6334000.0,0.88173
6336000.0,0.8849
6338000.0,0.8883
6340000.0,0.89154
6342000.0,0.89455
6344000.0,0.89766
6346000.0,0.9013
6348000.0,0.90577
6350000.0,0.91088
6352000.0,0.91694
6354000.0,0.92427
6356000.0,0.93272
6358000.0,0.94171
6360000.0,0.95057
6362000.0,0.95943
6364000.0,0.96963
6366000.0,0.98209
6368000.0,0.99618
6370000.0,1.0108
6372000.0,1.0248
6374000.0,1.0387
6375000.0,1.0461
6376000.0,1.054
6378000.0,1.0721
6380000.0,1.0938
6382000.0,1.118
6384000.0,1.1411
6385000.0,1.151
6386000.0,1.1607
6388000.0,1.1808
6390000.0,1.2025
6392000.0,1.2204
6394000.0,1.232
6395000.0,1.2363
6396000.0,1.239
6398000.0,1.2384
6400000.0,1.2332
6402000.0,1.2252
6404000.0,1.2096
6405000.0,1.1968
6406000.0,1.1799
6408000.0,1.1402
6410000.0,1.0948
6412000.0,1.049
6414000.0,1.006
6415000.0,0.98571
6416000.0,0.96565
6418000.0,0.93066
6420000.0,0.90177
6422000.0,0.87524
6424000.0,0.84988
6425000.0,0.83754
6426000.0,0.82548
6428000.0,0.80224
6430000.0,0.78014
6430885.0,0.7711818
6430886.0,0.7711717
6430900.0,0.77103
6430999.0,0.7699806
6431001.0,0.7698501
6432000.0,0.76
6434000.0,0.74253
6436000.0,0.72563
6438000.0,0.70884
6440000.0,0.6931
6442000.0,0.67941
6444000.0,0.6682
6446000.0,0.65881
6448000.0,0.65064
6450000.0,0.64316
6451000.0,0.63981
6452000.0,0.6373
6452100.0,0.63694
6452146.0,0.6368756
6452147.0,0.6368742
6452199.0,0.6368014
6452201.0,0.6366687
6452300.0,0.63654
6454000.0,0.63227
6456000.0,0.62709
6458000.0,0.62185
6460000.0,0.61663
6462000.0,0.6117
6464000.0,0.60714
6466000.0,0.60284
6468000.0,0.59866
6470000.0,0.59449
6472000.0,0.59025
6474000.0,0.5859
6475000.0,0.58368
6476000.0,0.58141
6478000.0,0.57672
6480000.0,0.5718
6482000.0,0.56686
6484000.0,0.56206
6486000.0,0.55731
6488000.0,0.55252
6490000.0,0.5476
6492000.0,0.54276
6494000.0,0.53841
6496000.0,0.53483
6498000.0,0.53229
6500000.0,0.53106
6502000.0,0.53092
6504000.0,0.53135
6506000.0,0.53232
6508000.0,0.53375
6510000.0,0.53559
6512000.0,0.53762
6514000.0,0.53975
6516000.0,0.54205
6516461.0,0.5425848
6516500.0,0.54263
6516599.0,0.5426696
6516601.0,0.5426804
6518000.0,0.5433
6520000.0,0.54456
6522000.0,0.54611
6524000.0,0.54777
6525000.0,0.54863
6526000.0,0.5503
6528000.0,0.55371
6530000.0,0.55721
6532000.0,0.56083
6534000.0,0.56456
6536000.0,0.56842
6538000.0,0.57242
6540000.0,0.57657
6542000.0,0.58086
6544000.0,0.58526
6546000.0,0.58976
6548000.0,0.59436
6550000.0,0.59907
6552000.0,0.60387
6554000.0,0.60879
6556000.0,0.61379
6558000.0,0.61888
6560000.0,0.62403
6562000.0,0.62924
6564000.0,0.63454
6566000.0,0.63995
6568000.0,0.64548
6570000.0,0.65116
6572000.0,0.65701
6574000.0,0.66305
6575000.0,0.66615
6576000.0,0.66915
6578000.0,0.6753
6580000.0,0.68169
6582000.0,0.68845
6584000.0,0.69561
6586000.0,0.70304
6588000.0,0.71059
6590000.0,0.71813
6592000.0,0.72552
6594000.0,0.7326
6596000.0,0.73925
6598000.0,0.7453
6600000.0,0.75063
6602000.0,0.75546
6604000.0,0.76013
6606000.0,0.76468
6608000.0,0.7691
6610000.0,0.77343
6612000.0,0.77767
6614000.0,0.78184
6616000.0,0.78597
6618000.0,0.79006
6620000.0,0.79414
6622000.0,0.79822
6624000.0,0.80227
6625000.0,0.80429
6626000.0,0.80623
6628000.0,0.81008
6630000.0,0.81386
6632000.0,0.81754
6634000.0,0.82111
6636000.0,0.82454
6638000.0,0.82782
6640000.0,0.83093
6642000.0,0.83334
6644000.0,0.83488
6646000.0,0.83603
6648000.0,0.83729
6650000.0,0.83915
6652000.0,0.84198
6654000.0,0.84632
6655000.0,0.84928
6656000.0,0.85276
6658000.0,0.86073
6660000.0,0.8694
6662000.0,0.8782
6664000.0,0.88786
6665000.0,0.89339
6666000.0,0.89973
6668000.0,0.91436
6670000.0,0.92937
6672000.0,0.944
6674000.0,0.95678
6675000.0,0.96125
6676000.0,0.95976
6678000.0,0.93916
6680000.0,0.91992
6682000.0,0.91078
6684000.0,0.90238
6685000.0,0.89886
6686000.0,0.89566
6688000.0,0.88943
6690000.0,0.88366
6692000.0,0.87848
6694000.0,0.8738
6695000.0,0.87163
6696000.0,0.86973
6698000.0,0.86686
6700000.0,0.86493
6710000.0,0.85836
6720000.0,0.85703
6725000.0,0.85914
6730000.0,0.86058
6740000.0,0.86779
6750000.0,0.87912
6760000.0,0.89544
6770000.0,0.91918
6775000.0,0.93375
6780000.0,0.95349
6790000.0,1.015
6795000.0,1.0648
6800000.0,1.1209
6805000.0,1.1889
6810000.0,1.2619
6820000.0,1.3196
6825000.0,1.2186
6830000.0,1.1102
6840000.0,0.91612
6850000.0,0.79269
6860000.0,0.74781
6875000.0,0.71917
6880000.0,0.71275
6900000.0,0.7043
6920000.0,0.70541
6925000.0,0.70868
6940000.0,0.70643
6950000.0,0.70721
6960000.0,0.7115
6975000.0,0.72677
6980000.0,0.73282
7000000.0,0.76435
7020000.0,0.80077
7025000.0,0.80865
7030000.0,0.81763
7035000.0,0.8272
7040000.0,0.83649
7045000.0,0.8448
7050000.0,0.8514
7055000.0,0.85716
7060000.0,0.85973
7065000.0,0.85772
7070000.0,0.85102
7075000.0,0.84464
7080000.0,0.83605
7090000.0,0.82306
7100000.0,0.81188
7120000.0,0.80457
7125000.0,0.8053
7140000.0,0.78208
7150000.0,0.77746
7160000.0,0.78298
7170000.0,0.82623
7175000.0,0.86828
7180000.0,0.93915
7190000.0,1.148
7200000.0,1.3784
7210000.0,1.3199
7220000.0,1.2095
7225000.0,1.1634
7230000.0,1.1187
7240000.0,1.0367
7250000.0,0.97937
7260000.0,0.963
7275000.0,0.95871
7280000.0,0.95124
7300000.0,0.94591
7320000.0,0.99245
7325000.0,1.0231
7330000.0,1.0279
7335000.0,1.0159
7340000.0,0.99842
7345000.0,0.98025
7350000.0,0.96155
7353000.0,0.94951
7353300.0,0.94825
7353304.0,0.9482352
7353399.0,0.9478837
7353401.0,0.947786
7355000.0,0.94141
7360000.0,0.91841
7365000.0,0.87267
7370000.0,0.80979
7375000.0,0.86941
7380000.0,0.93391
7385000.0,0.92479
7390000.0,0.91563
7400000.0,0.89677
7420000.0,0.86316
7425000.0,0.85611
7440000.0,0.83764
7450000.0,0.82557
7460000.0,0.81333
7475000.0,0.79507
7480000.0,0.79138
7500000.0,0.77781
7520000.0,0.80275
7525000.0,0.8042
7540000.0,0.8026
7550000.0,0.80153
7560000.0,0.80477
7565597.0,0.806619
7565600.0,0.80662
7565651.0,0.8065792
7565799.0,0.8064608
7565801.0,0.8064391
7568000.0,0.80449
7575000.0,0.79672
7600000.0,0.78875
7613595.0,0.7973368
7613600.0,0.79734
7625000.0,0.8101
7640000.0,0.82467
7650000.0,0.83533
7660000.0,0.84621
7675000.0,0.86302
7680000.0,0.86823
7700000.0,0.89028
7725000.0,0.92072
7740000.0,0.93064
7750000.0,0.93693
7760000.0,0.94212
7775000.0,0.94762
7780000.0,0.94899
7800000.0,0.95351
7820000.0,0.95816
7825000.0,0.95874
7840000.0,0.9777
7850000.0,0.98933
7860000.0,0.99445
7875000.0,0.97369
7880000.0,0.95944
7900000.0,0.87981
7920000.0,0.79797
7925000.0,0.77501
7940000.0,0.70509
7950000.0,0.65813
7960000.0,0.61758
7975000.0,0.57431
7980000.0,0.56238
8000000.0,0.53668
8020000.0,0.54153
8025000.0,0.54667
8040000.0,0.55864
8060000.0,0.59248
8075000.0,0.62898
8080000.0,0.63713
8100000.0,0.67388
8125000.0,0.73231
8150000.0,0.78055
8175000.0,0.81027
8200000.0,0.82846
8225000.0,0.84268
8240000.0,0.84925
8250000.0,0.84873
8275000.0,0.8315
8280000.0,0.82769
8300000.0,0.80788
8320000.0,0.78022
8325000.0,0.77188
8340000.0,0.74858
8350000.0,0.73236
8360000.0,0.71541
8375000.0,0.68765
8400000.0,0.66317
8425000.0,0.64908
8440000.0,0.63951
8450000.0,0.63304
8460000.0,0.62551
8475000.0,0.61354
8500000.0,0.59431
8520000.0,0.5854
8525000.0,0.58473
8540000.0,0.5841
8550000.0,0.5858
8560000.0,0.58793
8575000.0,0.59504
8600000.0,0.61549
8620000.0,0.64597
8625000.0,0.65455
8640000.0,0.68214
8650000.0,0.70151
8660000.0,0.72277
8675000.0,0.75625
8680000.0,0.76777
8700000.0,0.81412
8720000.0,0.85706
8725000.0,0.8656
8740000.0,0.88382
8745000.0,0.88769
8750000.0,0.89105
8760000.0,0.89359
8775000.0,0.88651
8780000.0,0.88137
8800000.0,0.84985
8820000.0,0.8102
8825000.0,0.80053
8840000.0,0.77503
8850000.0,0.75866
8860000.0,0.74276
8875000.0,0.71836
8880000.0,0.70838
8900000.0,0.66991
8920000.0,0.64901
8925000.0,0.65087
8940000.0,0.65138
8950000.0,0.65358
8960000.0,0.67883
8975000.0,0.67963
8980000.0,0.68118
8987000.0,0.68619
9000000.0,0.70604
9020000.0,0.73646
9025000.0,0.75323
9040000.0,0.8184
9050000.0,0.84681
9060000.0,0.81514
9075000.0,0.76759
9080000.0,0.75262
9100000.0,0.73626
9120000.0,0.71577
9125000.0,0.71053
9136000.0,0.69432
9140000.0,0.68875
9150000.0,0.67571
9160000.0,0.6629
9175000.0,0.64462
9180000.0,0.63813
9200000.0,0.61587
9225000.0,0.60176
9248000.0,0.60019
9250000.0,0.60029
9275000.0,0.60545
9300000.0,0.61923
9325000.0,0.65134
9350000.0,0.68568
9375000.0,0.7136
9400000.0,0.72005
9425000.0,0.69473
9431000.0,0.69112
9431376.0,0.691026
9431377.0,0.6910258
9431400.0,0.69102
9431500.0,0.69101
9450000.0,0.68949
9470000.0,0.68753
9475000.0,0.68703
9500000.0,0.68481
9508000.0,0.68402
9525000.0,0.68223
9550000.0,0.68407
9575000.0,0.68615
9600000.0,0.69132
9625000.0,0.70603
9650000.0,0.71265
9675000.0,0.72161
9676000.0,0.72186
9700000.0,0.72916
9720000.0,0.73359
9725000.0,0.73409
9740000.0,0.73378
9750000.0,0.73295
9760000.0,0.73208
9775000.0,0.72953
9780000.0,0.73329
9800000.0,0.74279
9825000.0,0.74413
9850000.0,0.72852
9875000.0,0.71112
9900000.0,0.70662
9925000.0,0.70743
9950000.0,0.71386
9975000.0,0.73069
10000000.0,0.73993
10050000.0,0.75384
10100000.0,0.78739
10122000.0,0.8001
10150000.0,0.8124
10189000.0,0.82343
10189450.0,0.823448
10189460.0,0.8234484
10189990.0,0.8234696
10190010.0,0.8235418
10200000.0,0.82529
10202000.0,0.82551
10244520.0,0.8178465
10244530.0,0.8178447
10244990.0,0.8177618
10245010.0,0.8176271
10247000.0,0.81704
10250000.0,0.81588
10300000.0,0.79167
10350000.0,0.75623
10372000.0,0.74047
10372190.0,0.7403471
10372200.0,0.7403406
10400000.0,0.72236
10450000.0,0.70857
10464990.0,0.7080503
10465010.0,0.7080601
10468000.0,0.7081
10500000.0,0.70956
10526000.0,0.7103
10527510.0,0.7103151
10527990.0,0.7103199
10528010.0,0.7103295
10550000.0,0.70917
10560000.0,0.7069
10560240.0,0.7068256
10560250.0,0.7068225
10563000.0,0.70597
10600000.0,0.69063
10650000.0,0.68756
10667000.0,0.68652
10667080.0,0.6865216
10667090.0,0.6865218
10669000.0,0.68656
10680000.0,0.68782
10690000.0,0.69249
10700000.0,0.70337
10710000.0,0.70574
10720000.0,0.67979
10730000.0,0.62369
10740000.0,0.64887
10750000.0,0.6729
10760000.0,0.69334
10770000.0,0.71203
10780000.0,0.72858
10790000.0,0.74312
10800000.0,0.75724
10810000.0,0.77124
10820000.0,0.78496
10830000.0,0.79786
10840000.0,0.80635
10850000.0,0.81082
10860000.0,0.81075
10870000.0,0.80841
10880000.0,0.8077
10890000.0,0.80964
10900000.0,0.81317
10910000.0,0.81767
10920000.0,0.82305
10930000.0,0.83613
10940000.0,0.86643
10950000.0,0.90761
10960000.0,0.95226
10970000.0,0.98007
10980000.0,0.98199
10990000.0,0.98352
11000000.0,0.98756
11007000.0,0.99421
11008990.0,0.9963592
11009010.0,0.9966717
11050000.0,1.0447
11100000.0,1.1072
11150000.0,1.1462
11200000.0,1.1014
11220000.0,1.0749
11250000.0,1.0338
11300000.0,0.97734
11350000.0,0.93015
11400000.0,0.89945
11450000.0,0.9097
11500000.0,0.94018
11520000.0,0.95484
11540000.0,0.96707
11550000.0,0.97227
11600000.0,1.0005
11643000.0,1.006
11647970.0,1.005702
11647980.0,1.005701
11647990.0,1.005701
11648010.0,1.005599
11650000.0,1.0054
11700000.0,1.0017
11750000.0,1.0061
11778720.0,1.059083
11778730.0,1.059102
11778990.0,1.059582
11779010.0,1.059908
11796000.0,1.0727
11796990.0,1.072898
11797010.0,1.073002
11800000.0,1.0737
11850000.0,1.0654
11900000.0,1.0423
11950000.0,1.0431
11970000.0,1.0502
12000000.0,1.0368
12050000.0,0.9906
12100000.0,0.9373475
12110000.0,0.927026
12150000.0,0.8886202
12161000.0,0.8790434
12200000.0,0.867777
12246670.0,0.8841292
12247000.0,0.8842423
12248000.0,0.8845855
12250000.0,0.8852689
12300000.0,0.8891462
12331720.0,0.8885653
12332000.0,0.8885395
12333000.0,0.8884442
12350000.0,0.8863136
12363000.0,0.8852025
12370000.0,0.8844619
12400000.0,0.8811499
12450000.0,0.8762423
12500000.0,0.8769544
12550000.0,0.8759299
12580000.0,0.8699107
12600000.0,0.8647788
12620000.0,0.85857
12650000.0,0.8485337
12700000.0,0.8401108
12750000.0,0.8528989
12800000.0,0.8986122
12809000.0,0.907201
12809040.0,0.9072396
12813000.0,0.9110138
12850000.0,0.9442324
12892350.0,0.9728566
12892400.0,0.972865
12900000.0,0.9741475
12950000.0,0.9584105
13000000.0,0.9198736
13050000.0,0.8949192
13100000.0,0.893513
13150000.0,0.9016798
13200000.0,0.9095466
13224700.0,0.9090408
13225000.0,0.9090415
13227000.0,0.9090441
13250000.0,0.9092223
13300000.0,0.9043225
13318000.0,0.9052293
13320000.0,0.9054419
13320380.0,0.9054873
13350000.0,0.9091326
13400000.0,0.9133238
13450000.0,0.9201729
13500000.0,0.9235018
13550000.0,0.9213273
13600000.0,0.9340121
13602000.0,0.9344005
13603000.0,0.9346137
13603160.0,0.9346477
13610000.0,0.936184
13620000.0,0.93905
13630000.0,0.942821
13640000.0,0.9475059
13650000.0,0.9523919
13660000.0,0.958778
13670000.0,0.9651652
13674350.0,0.9679292
13674380.0,0.967949
13680000.0,0.971658
13690000.0,0.9782221
13700000.0,0.9847352
13710000.0,0.9911883
13720000.0,0.9975694
13730000.0,1.003864
13740000.0,1.00828
13750000.0,1.007267
13760000.0,1.001109
13770000.0,0.9978775
13780000.0,1.000622
13785000.0,1.003355
13786650.0,1.004401
13787000.0,1.004623
13790000.0,1.006526
13800000.0,1.012785
13810000.0,1.016591
13820000.0,1.015636
13830000.0,1.012886
13840000.0,1.009898
13850000.0,1.007297
13860000.0,1.004368
13870000.0,1.001496
13880000.0,0.9986352
13890000.0,0.9957934
13900000.0,0.9929756
13950000.0,0.9792334
13979000.0,0.9654331
14000000.0,0.9565856
14050000.0,0.9359368
14100000.0,0.9446567
14150000.0,0.9552716
14200000.0,0.9596979
14250000.0,0.9643493
14298000.0,0.9682988
14300000.0,0.9684675
14350000.0,0.9730397
14400000.0,0.9670972
14450000.0,0.9633926
14500000.0,0.9613582
14550000.0,0.9624633
14600000.0,0.9701988
14617000.0,0.9729721
14650000.0,0.9784414
14700000.0,0.9906394
14750000.0,1.001539
14800000.0,1.016193
14850000.0,1.031034
14900000.0,1.034853
14936000.0,1.037709
14950000.0,1.038808
15000000.0,1.043932
15020000.0,1.044625
15040000.0,1.040246
15050000.0,1.036815
15100000.0,1.013511
15150000.0,0.9848278
15200000.0,0.9490566
15250000.0,0.9224555
15255000.0,0.9203734
15300000.0,0.9056334
15347170.0,0.889994
15350000.0,0.8890632
15392070.0,0.8764373
15392080.0,0.8764367
15400000.0,0.8759427
15450000.0,0.8781761
15500000.0,0.8819953
15550000.0,0.8857343
15574000.0,0.8917785
15600000.0,0.898092
15650000.0,0.9073456
15700000.0,0.9167519
15750000.0,0.9226072
15800000.0,0.9210043
15850000.0,0.9156963
15893000.0,0.906742
15900000.0,0.90511
15950000.0,0.8846498
16000000.0,0.8567893
16100000.0,0.8438202
16130000.0,0.8512753
16161000.0,0.8595346
16200000.0,0.8717385
16205000.0,0.873198
16212000.0,0.8755367
16300000.0,0.9071041
16400000.0,0.9281381
16410000.0,0.929174
16500000.0,0.941335
16531000.0,0.9336333
16600000.0,0.9243634
16615000.0,0.9233946
16651600.0,0.9231114
16700000.0,0.9277321
16800000.0,0.9457914
16820000.0,0.9500569
16850000.0,0.9579622
16900000.0,0.9733034
17000000.0,1.005274
17025000.0,1.015618
17100000.0,1.044977
17168000.0,1.058666
17169000.0,1.05883
17200000.0,1.063335
17230000.0,1.065151
17250190.0,1.065639
17250200.0,1.065639
17300000.0,1.064925
17400000.0,1.061761
17435000.0,1.059952
17487000.0,1.060086
17488000.0,1.060087
17500000.0,1.06007
17600000.0,1.063259
17640000.0,1.064204
17700000.0,1.066569
17800000.0,1.068314
17806000.0,1.068409
17807000.0,1.068421
17845000.0,1.068445
17850000.0,1.068259
17850720.0,1.068233
17850730.0,1.068233
17900000.0,1.06588
18000000.0,1.058546
18050000.0,1.046022
18100000.0,1.033932
18125000.0,1.02968
18133810.0,1.028278
18133820.0,1.028276
18200000.0,1.018227
18255000.0,1.016366
18289020.0,1.015785
18289030.0,1.015785
18300000.0,1.015726
18400000.0,1.024412
18444000.0,1.028057
18460000.0,1.02998
18500000.0,1.03404
18571790.0,1.027453
18571800.0,1.027453
18600000.0,1.026252
18665000.0,1.034754
18700000.0,1.037805
18763000.0,1.052628
18800000.0,1.061452
18870000.0,1.086716
18900000.0,1.097836
19000000.0,1.111854
19075000.0,1.106435
19082000.0,1.105615
19100000.0,1.103445
19200000.0,1.107518
19280000.0,1.101472
19300000.0,1.099101
19364520.0,1.083682
19364530.0,1.083679
19400000.0,1.074277
19401000.0,1.073828
19485000.0,1.038752
19500000.0,1.033304
19589140.0,1.006866
19589150.0,1.006864
19600000.0,1.004193
19639430.0,0.9988742
19639440.0,0.9988729
19690000.0,0.9922668
19700000.0,0.9914643
19720000.0,0.9917414
19800000.0,0.9928789
19895000.0,0.9950708
19900000.0,0.9953251
20000000.0,0.9995772
20100000.0,1.002122
20148210.0,1.00741
20148220.0,1.007412
20256210.0,1.023684
20256220.0,1.023686
20259720.0,1.024253
20259730.0,1.024254
20334240.0,1.034473
20334250.0,1.034474
20350000.0,1.036004
20420000.0,1.043188
20500000.0,1.04693
20617120.0,1.054002
20617130.0,1.054002
20650000.0,1.055407
20819960.0,1.055472
20819970.0,1.055472
20902980.0,1.055198
20902990.0,1.055198
20950000.0,1.055038
20976330.0,1.055608
20976340.0,1.055608
20994510.0,1.056005
20994520.0,1.056005
21000000.0,1.056132
21081570.0,1.058263
21081580.0,1.058263
21232530.0,1.062759
21232540.0,1.062759
21250000.0,1.063345
21442380.0,1.061141
21442390.0,1.061141
21500000.0,1.060441
21550000.0,1.059708
21594180.0,1.057994
21594190.0,1.057994
21636170.0,1.056373
21636180.0,1.056373
21725050.0,1.052999
21725060.0,1.052999
21850000.0,1.048378
21895030.0,1.047741
21895040.0,1.047741
21986770.0,1.046527
21986780.0,1.046527
22000000.0,1.046354
22043960.0,1.045163
22043970.0,1.045163
22150000.0,1.041249
22161430.0,1.040302
22223000.0,1.035203
22244780.0,1.033399
22244790.0,1.033398
22450000.0,1.016356
22500000.0,1.013602
22750000.0,1.00683
22864440.0,1.00307
22864450.0,1.00307
23000000.0,0.9985926
23043000.0,0.997532
23050000.0,0.9973586
23217370.0,0.9964222
23350000.0,0.9956801
23500000.0,0.9987653
23650000.0,0.999895
23743480.0,0.9972636
23743490.0,0.9972632
23873070.0,0.9923637
23943550.0,0.9896988
23950000.0,0.9894549
24000000.0,0.9893579
24250000.0,0.9946305
24386310.0,0.9994335
24408830.0,1.000227
24408860.0,1.000228
24500000.0,1.003429
24550000.0,1.004864
24577110.0,1.005581
24577140.0,1.005582
24850000.0,1.012309
25000000.0,1.016564
25150000.0,1.018706
25450000.0,1.015413
25500000.0,1.015643
25750000.0,1.019338
26000000.0,1.026691
26050000.0,1.026859
26350000.0,1.029971
26500000.0,1.029229
26650000.0,1.027689
26950000.0,1.027143
27000000.0,1.027074
27250000.0,1.026856
27500000.0,1.024854
27550000.0,1.024243
27850000.0,1.021278
28000000.0,1.021357
28150000.0,1.022793
28450000.0,1.025508
28500000.0,1.025718
28750000.0,1.029727
29000000.0,1.03294
29050000.0,1.032806
29350000.0,1.031693
29500000.0,1.038354
29650000.0,1.042527
29950000.0,1.042826
30000000.0,1.042747
30000010.0,1.042747
30707920.0,1.037791
31000000.0,1.03753
31422290.0,1.036483
32000000.0,1.034039
33000000.0,1.027929
33262990.0,1.026053
34000000.0,1.020401
34148200.0,1.019206
34388770.0,1.017228
35000000.0,1.012
35535070.0,1.007279
36000000.0,1.003237
37000000.0,0.9945925
38000000.0,0.985805
39000000.0,0.9766644
39129600.0,0.9754447
40000000.0,0.967
41000000.0,0.9558651
42000000.0,0.9427753
43000000.0,0.9282312
44000000.0,0.9126665
45000000.0,0.8964523
46000000.0,0.8799028
47000000.0,0.8632834
48000000.0,0.8468119
49000000.0,0.8306689
50000000.0,0.815
51000000.0,0.7998775
52000000.0,0.7852466
53000000.0,0.771044
54000000.0,0.7572196
55000000.0,0.7437248
56000000.0,0.7305209
57000000.0,0.7175727
58000000.0,0.7048539
59000000.0,0.6923359
60000000.0,0.68
61000000.0,0.667938
62000000.0,0.6562363
63000000.0,0.6448704
64000000.0,0.6338162
65000000.0,0.6230532
66000000.0,0.6125623
67000000.0,0.6023263
68000000.0,0.5923298
69000000.0,0.5825587
70000000.0,0.573
71000000.0,0.5636415
72000000.0,0.5544844
73000000.0,0.5455352
74000000.0,0.5367994
75000000.0,0.5282807
76000000.0,0.5199817
77000000.0,0.5119039
78000000.0,0.5040479
79000000.0,0.4964136
80000000.0,0.489
81000000.0,0.4820903
82000000.0,0.475777
83000000.0,0.4697982
84000000.0,0.463922
85000000.0,0.4579429
86000000.0,0.4516805
87000000.0,0.4449774
88000000.0,0.4376998
89000000.0,0.4297366
90000000.0,0.421
91000000.0,0.4119385
92000000.0,0.4030597
93000000.0,0.3943795
94000000.0,0.3859111
95000000.0,0.377665
96000000.0,0.3696497
97000000.0,0.3618717
98000000.0,0.3543355
99000000.0,0.3470443
100000000.0,0.34
102000000.0,0.3264294
104000000.0,0.3135221
106000000.0,0.3014214
108000000.0,0.2902259
110000000.0,0.28
112000000.0,0.2706011
114000000.0,0.2617873
116000000.0,0.2534657
118000000.0,0.2455585
120000000.0,0.238
122000000.0,0.2307729
124000000.0,0.2238816
126000000.0,0.2173027
128000000.0,0.2110153
130000000.0,0.205
132000000.0,0.1990935
134000000.0,0.193188
136000000.0,0.1873405
138000000.0,0.1815984
140000000.0,0.176
142000000.0,0.1704138
144000000.0,0.1647469
146000000.0,0.1590798
148000000.0,0.1534792
150000000.0,0.148
