1e-05,12.5
1.03125e-05,12.5
1.0625e-05,12.5
1.09375e-05,12.5
1.125e-05,12.5
1.15625e-05,12.5
1.1875e-05,12.5
1.21875e-05,12.5
1.25e-05,12.5
1.28125e-05,12.5
1.3125e-05,12.5
1.34375e-05,12.5
1.375e-05,12.5
1.4375e-05,12.5
1.5e-05,12.5
1.5625e-05,12.5
1.625e-05,12.5
1.6875e-05,12.5
1.75e-05,12.5
1.8125e-05,12.5
1.875e-05,12.5
1.9375e-05,12.5
2e-05,12.5
2.09375e-05,12.5
2.1875e-05,12.5
2.28125e-05,12.5
2.375e-05,12.5
2.46875e-05,12.5
2.5625e-05,12.5
2.65625e-05,12.5
2.75e-05,12.5
2.84375e-05,12.5
2.9375e-05,12.5
3.03125e-05,12.5
3.125e-05,12.5
3.21875e-05,12.5
3.3125e-05,12.5
3.40625e-05,12.5
3.5e-05,12.5
3.59375e-05,12.5
3.6875e-05,12.5
3.78125e-05,12.5
3.875e-05,12.5
3.96875e-05,12.5
4.0625e-05,12.5
4.25e-05,12.5
4.4375e-05,12.5
4.625e-05,12.5
4.8125e-05,12.5
5e-05,12.5
5.15625e-05,12.5
5.3125e-05,12.5
5.46875e-05,12.5
5.625e-05,12.5
5.78125e-05,12.5
5.9375e-05,12.5
6.09375e-05,12.5
6.25e-05,12.5
6.40625e-05,12.5
6.5625e-05,12.5
6.71875e-05,12.5
6.875e-05,12.5
7.1875e-05,12.5
7.5e-05,12.5
7.8125e-05,12.5
8.125e-05,12.5
8.4375e-05,12.5
8.75e-05,12.5
9.0625e-05,12.5
9.375e-05,12.5
9.6875e-05,12.5
0.0001,12.5
0.000103125,12.5
0.00010625,12.5
0.000109375,12.5
0.0001125,12.5
0.000115625,12.5
0.00011875,12.5
0.000121875,12.5
0.000125,12.5
0.000128125,12.5
0.00013125,12.5
0.000134375,12.5
0.0001375,12.5
0.00014375,12.5
0.00015,12.5
0.00015625,12.5
0.0001625,12.5
0.00016875,12.5
0.000175,12.5
0.00018125,12.5
0.0001875,12.5
0.00019375,12.5
0.0002,12.5
0.000209375,12.5
0.00021875,12.5
0.000228125,12.5
0.0002375,12.5
0.000246875,12.5
0.00025625,12.5
0.000265625,12.5
0.000275,12.5
0.000284375,12.5
0.00029375,12.5
0.000303125,12.5
0.0003125,12.5
0.000321875,12.5
0.00033125,12.5
0.000340625,12.5
0.00035,12.5
0.000359375,12.5
0.00036875,12.5
0.000378125,12.5
0.0003875,12.5
0.000396875,12.5
0.00040625,12.5
0.000425,12.5
0.00044375,12.5
0.0004625,12.5
0.00048125,12.5
0.0005,12.5
0.000515625,12.5
0.00053125,12.5
0.000546875,12.5
0.0005625,12.5
0.000578125,12.5
0.00059375,12.5
0.000609375,12.5
0.000625,12.5
0.000640625,12.5
0.00065625,12.5
0.000671875,12.5
0.0006875,12.5
0.00071875,12.5
0.00075,12.5
0.00078125,12.5
0.0008125,12.5
0.00084375,12.5
0.000875,12.5
0.00090625,12.5
0.0009375,12.5
0.00096875,12.5
0.001,12.5
0.00103125,12.5
0.0010625,12.5
0.00109375,12.5
0.001125,12.5
0.00115625,12.5
0.0011875,12.5
0.00121875,12.5
0.00125,12.5
0.00128125,12.5
0.0013125,12.5
0.00134375,12.5
0.001375,12.5
0.0014375,12.5
0.0015,12.5
0.0015625,12.5
0.001625,12.5
0.0016875,12.5
0.00175,12.5
0.0018125,12.5
0.001875,12.5
0.0019375,12.5
0.002,12.5
0.00209375,12.5
0.0021875,12.5
0.00228125,12.5
0.002375,12.5
0.00246875,12.5
0.0025625,12.5
0.00265625,12.5
0.00275,12.5
0.00284375,12.5
0.0029375,12.5
0.00303125,12.5
0.003125,12.5
0.00321875,12.5
0.0033125,12.5
0.00340625,12.5
0.0035,12.5
0.00359375,12.5
0.0036875,12.5
0.00378125,12.5
0.003875,12.5
0.00396875,12.5
0.0040625,12.5
0.00425,12.5
0.0044375,12.5
0.004625,12.5
0.0048125,12.5
0.005,12.5
0.00515625,12.5
0.0053125,12.5
0.00546875,12.5
0.005625,12.5
0.00578125,12.5
0.0059375,12.5
0.00609375,12.5
0.00625,12.5
0.00640625,12.5
0.0065625,12.5
0.00671875,12.5
0.006875,12.5
0.0071875,12.5
0.0075,12.5
0.0078125,12.5
0.008125,12.5
0.0084375,12.5
0.00875,12.5
0.0090625,12.5
0.009375,12.5
0.0096875,12.5
0.01,12.5
0.0103125,12.5
0.010625,12.5
0.0109375,12.5
0.01125,12.5
0.0115625,12.5
0.011875,12.5
0.0121875,12.5
0.0125,12.5
0.0128125,12.5
0.013125,12.5
0.0134375,12.5
0.01375,12.5
0.014375,12.5
0.015,12.5
0.015625,12.5
0.01625,12.5
0.016875,12.5
0.0175,12.5
0.018125,12.5
0.01875,12.5
0.019375,12.5
0.02,12.5
0.0206625,12.5
0.021325,12.5
0.0219875,12.5
0.02265,12.5
0.0233125,12.5
0.023975,12.5
0.0246375,12.5
0.0253,12.5
0.02607188,12.5
0.02684375,12.5
0.02761563,12.5
0.0283875,12.5
0.02915938,12.5
0.02993125,12.5
0.03070313,12.5
0.031475,12.5
0.03224688,12.5
0.03301875,12.5
0.0345625,12.5
0.03610625,12.5
0.03765,12.5
0.03919375,12.5
0.0407375,12.5
0.04228125,12.5
0.043825,12.5
0.04536875,12.5
0.0469125,12.5
0.04845625,12.5
0.05,12.5
0.0515625,12.5
0.053125,12.5
0.0546875,12.5
0.05625,12.5
0.0578125,12.5
0.059375,12.5
0.0609375,12.5
0.0625,12.5
0.0640625,12.5
0.065625,12.5
0.0671875,12.5
0.06875,12.5
0.071875,12.5
0.075,12.5
0.078125,12.5
0.08125,12.5
0.084375,12.5
0.0875,12.5
0.090625,12.5
0.09375,12.5
0.096875,12.5
0.1,12.5
0.103125,12.5
0.10625,12.5
0.109375,12.5
0.1125,12.5
0.115625,12.5
0.11875,12.5
0.121875,12.5
0.125,12.5
0.128125,12.5
0.13125,12.5
0.134375,12.5
0.1375,12.5
0.14375,12.5
0.15,12.5
0.15625,12.5
0.1625,12.5
0.16875,12.5
0.175,12.5
0.18125,12.5
0.1875,12.5
0.19375,12.5
0.2,12.5
0.209375,12.5
0.21875,12.5
0.228125,12.5
0.2375,12.5
0.246875,12.5
0.25625,12.5
0.265625,12.5
0.275,12.5
0.284375,12.5
0.29375,12.5
0.303125,12.5
0.3125,12.5
0.321875,12.5
0.33125,12.5
0.340625,12.5
0.35,12.5
0.359375,12.5
0.36875,12.5
0.378125,12.5
0.3875,12.5
0.396875,12.5
0.40625,12.5
0.425,12.5
0.44375,12.5
0.4625,12.5
0.48125,12.5
0.5,12.5
0.53125,12.5
0.5625,12.5
0.59375,12.5
0.625,12.5
0.65625,12.5
0.6875,12.5
0.71875,12.5
0.75,12.5
0.78125,12.5
0.8125,12.5
0.84375,12.5
0.875,12.5
0.9375,12.5
1.0,12.5
1.0625,12.5
1.125,12.5
1.1875,12.5
1.25,12.5
1.3125,12.5
1.375,12.5
1.4375,12.5
1.5,12.5
1.5625,12.5
1.625,12.5
1.6875,12.5
1.75,12.5
1.875,12.5
2.0,12.5
2.09375,12.5
2.1875,12.5
2.28125,12.5
2.375,12.5
2.46875,12.5
2.5625,12.5
2.65625,12.5
2.75,12.5
2.9375,12.5
3.125,12.5
3.3125,12.5
3.5,12.5
3.6875,12.5
3.875,12.5
4.0625,12.5
4.25,12.5
4.4375,12.5
4.625,12.5
4.8125,12.5
5.0,12.5
5.3125,12.5
5.625,12.5
5.9375,12.5
6.25,12.5
6.5625,12.5
6.875,12.5
7.1875,12.5
7.5,12.5
7.8125,12.5
8.125,12.5
8.4375,12.5
8.75,12.5
9.375,12.5
10.0,12.5
10.625,12.5
11.25,12.5
11.875,12.5
12.5,12.5
13.125,12.5
13.75,12.5
14.375,12.5
15.0,12.5
15.625,12.5
16.25,12.5
16.875,12.5
17.5,12.5
18.75,12.5
20.0,12.5
20.78125,12.5
21.5625,12.5
23.125,12.5
24.6875,12.5
26.25,12.5
27.8125,12.5
29.375,12.5
30.9375,12.5
32.5,12.5
34.0625,12.5
35.625,12.5
37.1875,12.5
38.75,12.5
40.3125,12.5
41.875,12.5
43.4375,12.5
44.99999,12.5
45.00001,92.59379
47.50001,90.84361
50.0,89.21382
53.125,87.32518
56.25,85.58117
59.375,83.96353
62.5,82.45717
65.625,81.0494
68.75,79.72952
71.875,78.48841
75.0,77.31824
78.125,76.21223
81.25,75.16452
84.375,74.16995
87.5,73.22401
93.75,71.4625
100.0,69.8531
106.25,68.4358
112.5,67.12589
118.75,65.9099
125.0,64.77666
131.25,63.71681
137.5,62.72243
143.75,61.78676
150.0,60.904
156.25,60.06914
162.5,59.2778
168.75,58.52618
175.0,57.81092
187.5,56.47792
200.0,55.25883
209.375,54.40951
218.75,53.60962
228.125,52.85433
237.5,52.13947
246.875,51.4614
256.25,50.81695
275.0,49.61795
293.75,48.52364
312.5,47.51901
331.25,46.59196
350.0,45.73259
368.75,44.93272
387.5,44.18549
406.25,43.48515
425.0,42.82677
443.75,42.20615
462.5,41.61967
481.25,41.06417
500.0,40.5369
531.25,39.71441
562.5,38.95425
593.75,38.24859
625.0,37.59095
656.25,36.97591
687.5,36.39885
718.75,35.85587
750.0,35.34359
781.25,34.8591
812.5,34.39988
843.75,33.9637
875.0,33.54862
937.5,32.77506
1000.0,32.0676
1062.5,31.58931
1125.0,31.1449
1187.5,30.73028
1250.0,30.34203
1312.5,29.97729
1375.0,29.6336
1500.0,29.0013
1625.0,28.43156
1750.0,27.91405
1875.0,27.44073
2000.0,27.00524
2187.5,26.41199
2375.0,25.87903
2562.5,25.39616
2750.0,24.95548
2937.5,24.55079
3125.0,24.17711
3312.5,23.83042
3500.0,23.50739
3687.5,23.20527
3875.0,22.92173
4062.5,22.65481
4250.0,22.40285
4625.0,21.93817
5000.0,21.51829
5312.5,21.19734
5625.0,20.89913
5937.5,20.62091
6250.0,20.36039
6562.5,20.11563
6875.0,19.88501
7500.0,19.46072
8125.0,19.07841
8750.0,18.73114
9375.0,18.41353
10000.0,18.1213
10625.0,17.92171
11250.0,17.73555
12500.0,17.39745
13750.0,17.09715
15000.0,16.82753
16250.0,16.58326
17500.0,16.36026
18750.0,16.15536
20000.0,15.966
22500.0,15.64882
25000.0,15.37044
27500.0,15.12288
30000.0,14.90036
32500.0,14.69856
35000.0,14.51415
37500.0,14.34455
40000.0,14.1877
45000.0,13.88939
50000.0,13.62786
57500.0,13.28852
65000.0,12.99781
72500.0,12.74424
80000.0,12.5199
84780.0,12.3785
85017.82,12.36981
85255.63,12.36114
85731.25,12.34391
86682.5,12.3098
87633.75,12.27615
88585.0,12.24296
89536.25,12.2102
90487.5,12.17789
92390.0,12.11451
94292.5,12.05274
96195.0,11.99251
98097.5,11.93375
100000.0,11.8764
103125.0,11.77241
106250.0,11.6724
109375.0,11.5761
112500.0,11.48327
118750.0,11.30719
125000.0,11.14265
131250.0,10.98835
137500.0,10.84323
143750.0,10.70634
150000.0,10.57691
156250.0,10.45423
162500.0,10.3377
175000.0,10.12105
187500.0,9.923439
200000.0,9.74208
216973.0,9.48437
217519.2,9.472418
218065.4,9.460511
219157.8,9.43683
221342.5,9.389999
223527.3,9.343854
225712.0,9.298384
230081.5,9.209394
234451.0,9.122906
238820.5,9.038805
243190.0,8.956984
247559.5,8.87734
251929.0,8.79978
251929.3,8.799776
252550.9,8.790692
253172.4,8.781641
254415.5,8.763632
256901.6,8.727988
259387.7,8.692829
261873.8,8.658146
266846.2,8.590159
271818.5,8.523948
276790.9,8.459432
281763.3,8.39654
286735.7,8.335204
291708.0,8.27536
292554.1,8.264929
293400.1,8.254543
295092.2,8.233898
298476.3,8.193114
301860.4,8.152989
305244.5,8.113505
308628.7,8.074642
312012.8,8.036388
318781.0,7.961637
325549.3,7.889129
332317.5,7.818754
339085.8,7.750406
345854.0,7.68399
359390.5,7.556592
372927.0,7.435902
386463.5,7.321341
400000.0,7.2124
417525.0,7.076482
435050.0,6.94856
436500.3,6.938338
437950.5,6.928165
440851.0,6.907964
443751.5,6.887954
446652.0,6.868131
452453.0,6.829038
458254.0,6.79066
464055.0,6.752978
469856.0,6.715968
481458.0,6.64389
482702.4,6.637098
483946.7,6.630331
486435.3,6.61687
491412.5,6.590234
496389.7,6.563972
501366.9,6.538076
511321.4,6.487343
521275.8,6.437971
531230.3,6.389898
541184.7,6.343067
551139.1,6.297423
561093.5,6.252916
581002.4,6.167124
600911.3,6.085341
620820.2,6.007256
640729.0,5.932592
660637.9,5.861098
680546.8,5.792551
700455.7,5.726747
720364.5,5.663505
760182.3,5.544052
800000.0,5.43303
815053.3,5.404695
830106.5,5.377022
845159.8,5.349984
860213.0,5.323556
890319.5,5.272435
920426.0,5.22348
923514.9,5.218522
926603.7,5.213585
932781.3,5.203774
938958.9,5.194046
945136.5,5.1844
957491.8,5.165348
969847.0,5.14661
973262.4,5.141323
976677.8,5.136059
983508.5,5.125603
990339.3,5.11524
997170.0,5.10497
1000000.0,5.09891
1007218.0,5.089296
1014435.0,5.079769
1028870.0,5.06097
1043305.0,5.0425
1057740.0,5.02435
1057742.0,5.024347
1060065.0,5.020903
1062388.0,5.01747
1067034.0,5.010632
1076325.0,4.997074
1085618.0,4.983667
1094910.0,4.97041
1097958.0,4.967672
1101006.0,4.964942
1107102.0,4.959511
1119293.0,4.948755
1131484.0,4.93814
1143675.0,4.92766
1155867.0,4.917312
1168058.0,4.907095
1192440.0,4.88704
1192446.0,4.887038
1194849.0,4.886272
1197251.0,4.885507
1202056.0,4.883983
1211666.0,4.880953
1221276.0,4.87795
1230885.0,4.874972
1250108.0,4.869089
1269330.0,4.863303
1288553.0,4.857611
1307775.0,4.85201
1346220.0,4.841069
1384665.0,4.830459
1423110.0,4.820162
1461555.0,4.810161
1500000.0,4.80044
1531250.0,4.805126
1562500.0,4.809721
1593750.0,4.81423
1625000.0,4.818655
1687500.0,4.827268
1750000.0,4.835581
1812500.0,4.843617
1875000.0,4.851393
1937500.0,4.858925
2000000.0,4.86623
2062500.0,4.878279
2125000.0,4.889997
2187500.0,4.901402
2250000.0,4.912511
2312500.0,4.92334
2375000.0,4.933903
2437500.0,4.944213
2500000.0,4.954284
2562500.0,4.964125
2625000.0,4.973748
2687500.0,4.983162
2750000.0,4.992377
2812500.0,5.001402
2875000.0,5.010244
2937500.0,5.018911
3000000.0,5.02741
3062500.0,5.016348
3125000.0,5.005533
3187500.0,4.994955
3250000.0,4.984603
3312500.0,4.97447
3375000.0,4.964547
3437500.0,4.954824
3500000.0,4.945296
3562500.0,4.935954
3625000.0,4.926791
3687500.0,4.917802
3750000.0,4.90898
3812500.0,4.900319
3875000.0,4.891814
3937500.0,4.883459
4000000.0,4.87525
4031250.0,4.856836
4062500.0,4.838632
4093750.0,4.820636
4125000.0,4.802842
4156250.0,4.785248
4187500.0,4.76785
4218750.0,4.750643
4250000.0,4.733624
4281250.0,4.716791
4312500.0,4.700139
4375000.0,4.667368
4437500.0,4.635285
4500000.0,4.603867
4562500.0,4.57309
4625000.0,4.542934
4687500.0,4.513378
4750000.0,4.484401
4812500.0,4.455986
4875000.0,4.428114
4937500.0,4.400768
5000000.0,4.373932
5062500.0,4.34759
5125000.0,4.321727
5187500.0,4.296328
5250000.0,4.27138
5312500.0,4.24687
5375000.0,4.222784
5437500.0,4.199112
5500000.0,4.17584
5562500.0,4.152958
5625000.0,4.130455
5687500.0,4.10832
5750000.0,4.086545
5812500.0,4.065118
5875000.0,4.04403
5937500.0,4.023274
5968750.0,4.013017
6000000.0,4.00284
6065338.0,3.973246
6130675.0,3.944185
6196013.0,3.91564
6261350.0,3.887599
6326688.0,3.860047
6392025.0,3.83297
6457363.0,3.806355
6522700.0,3.78019
6522728.0,3.780179
6568891.0,3.762898
6615053.0,3.745817
6661215.0,3.72893
6707377.0,3.712236
6753539.0,3.695731
6799701.0,3.67941
6845863.0,3.663271
6892025.0,3.647311
6938191.0,3.631524
6984357.0,3.61591
7030523.0,3.600466
7076688.0,3.585188
7122854.0,3.570073
7169019.0,3.55512
7215185.0,3.540324
7261350.0,3.525684
7307516.0,3.511196
7353682.0,3.496858
7399848.0,3.482668
7446013.0,3.468624
7492179.0,3.454722
7538344.0,3.440962
7584510.0,3.427339
7630675.0,3.413853
7676841.0,3.4005
7723007.0,3.387279
7769173.0,3.374188
7815338.0,3.361225
7861504.0,3.348387
7907669.0,3.335674
7953835.0,3.323082
8000000.0,3.31061
8062500.0,3.298266
8125000.0,3.286062
8187500.0,3.273996
8250000.0,3.262066
8312500.0,3.250269
8375000.0,3.238603
8437500.0,3.227065
8500000.0,3.215652
8562500.0,3.204364
8625000.0,3.193196
8687500.0,3.182148
8750000.0,3.171216
8812500.0,3.1604
8875000.0,3.149696
8937500.0,3.139103
9000000.0,3.12862
9125000.0,3.116337
9250000.0,3.104268
9375000.0,3.092408
9500000.0,3.080748
9625000.0,3.069285
9750000.0,3.058011
9875000.0,3.046921
10000000.0,3.03601
10250000.0,3.029331
10500000.0,3.022827
10625000.0,3.019638
10750000.0,3.016489
10875000.0,3.01338
11000000.0,3.01031
11173710.0,3.012729
11347420.0,3.015113
11521130.0,3.017462
11694830.0,3.019778
11695000.0,3.01978
11847500.0,3.024336
12000000.0,3.02884
12250000.0,3.039841
12500000.0,3.050659
12750000.0,3.0613
12875000.0,3.066556
13000000.0,3.07177
13250000.0,3.084795
13500000.0,3.09763
13750000.0,3.111239
14000000.0,3.12466
14250000.0,3.138471
14500000.0,3.152101
14750000.0,3.165555
14875000.0,3.172219
15000000.0,3.17884
15250000.0,3.191784
15500000.0,3.204569
15750000.0,3.2172
16000000.0,3.22968
16250000.0,3.240502
16500000.0,3.251195
16750000.0,3.261761
17000000.0,3.272204
17250000.0,3.282528
17500000.0,3.292735
17750000.0,3.302828
17875000.0,3.307833
18000000.0,3.31281
18441770.0,3.325103
18831330.0,3.335738
19220890.0,3.346188
19415670.0,3.351345
19610450.0,3.35646
19805230.0,3.361531
20000000.0,3.36656
