1e-05,11.8
1.03125e-05,11.8
1.0625e-05,11.8
1.09375e-05,11.8
1.125e-05,11.8
1.15625e-05,11.8
1.1875e-05,11.8
1.21875e-05,11.8
1.25e-05,11.8
1.28125e-05,11.8
1.3125e-05,11.8
1.34375e-05,11.8
1.375e-05,11.8
1.4375e-05,11.8
1.5e-05,11.8
1.5625e-05,11.8
1.625e-05,11.8
1.6875e-05,11.8
1.75e-05,11.8
1.8125e-05,11.8
1.875e-05,11.8
1.9375e-05,11.8
2e-05,11.8
2.09375e-05,11.8
2.1875e-05,11.8
2.28125e-05,11.8
2.375e-05,11.8
2.46875e-05,11.8
2.5625e-05,11.8
2.65625e-05,11.8
2.75e-05,11.8
2.84375e-05,11.8
2.9375e-05,11.8
3.03125e-05,11.8
3.125e-05,11.8
3.21875e-05,11.8
3.3125e-05,11.8
3.40625e-05,11.8
3.5e-05,11.8
3.59375e-05,11.8
3.6875e-05,11.8
3.78125e-05,11.8
3.875e-05,11.8
3.96875e-05,11.8
4.0625e-05,11.8
4.25e-05,11.8
4.4375e-05,11.8
4.625e-05,11.8
4.8125e-05,11.8
5e-05,11.8
5.15625e-05,11.8
5.3125e-05,11.8
5.46875e-05,11.8
5.625e-05,11.8
5.78125e-05,11.8
5.9375e-05,11.8
6.09375e-05,11.8
6.25e-05,11.8
6.40625e-05,11.8
6.5625e-05,11.8
6.71875e-05,11.8
6.875e-05,11.8
7.1875e-05,11.8
7.5e-05,11.8
7.8125e-05,11.8
8.125e-05,11.8
8.4375e-05,11.8
8.75e-05,11.8
9.0625e-05,11.8
9.375e-05,11.8
9.6875e-05,11.8
0.0001,11.8
0.000103125,11.8
0.00010625,11.8
0.000109375,11.8
0.0001125,11.8
0.000115625,11.8
0.00011875,11.8
0.000121875,11.8
0.000125,11.8
0.000128125,11.8
0.00013125,11.8
0.000134375,11.8
0.0001375,11.8
0.00014375,11.8
0.00015,11.8
0.00015625,11.8
0.0001625,11.8
0.00016875,11.8
0.000175,11.8
0.00018125,11.8
0.0001875,11.8
0.00019375,11.8
0.0002,11.8
0.000209375,11.8
0.00021875,11.8
0.000228125,11.8
0.0002375,11.8
0.000246875,11.8
0.00025625,11.8
0.000265625,11.8
0.000275,11.8
0.000284375,11.8
0.00029375,11.8
0.000303125,11.8
0.0003125,11.8
0.000321875,11.8
0.00033125,11.8
0.000340625,11.8
0.00035,11.8
0.000359375,11.8
0.00036875,11.8
0.000378125,11.8
0.0003875,11.8
0.000396875,11.8
0.00040625,11.8
0.000425,11.8
0.00044375,11.8
0.0004625,11.8
0.00048125,11.8
0.0005,11.8
0.000515625,11.8
0.00053125,11.8
0.000546875,11.8
0.0005625,11.8
0.000578125,11.8
0.00059375,11.8
0.000609375,11.8
0.000625,11.8
0.000640625,11.8
0.00065625,11.8
0.000671875,11.8
0.0006875,11.8
0.00071875,11.8
0.00075,11.8
0.00078125,11.8
0.0008125,11.8
0.00084375,11.8
0.000875,11.8
0.00090625,11.8
0.0009375,11.8
0.00096875,11.8
0.001,11.8
0.00103125,11.8
0.0010625,11.8
0.00109375,11.8
0.001125,11.8
0.00115625,11.8
0.0011875,11.8
0.00121875,11.8
0.00125,11.8
0.00128125,11.8
0.0013125,11.8
0.00134375,11.8
0.001375,11.8
0.0014375,11.8
0.0015,11.8
0.0015625,11.8
0.001625,11.8
0.0016875,11.8
0.00175,11.8
0.0018125,11.8
0.001875,11.8
0.0019375,11.8
0.002,11.8
0.00209375,11.8
0.0021875,11.8
0.00228125,11.8
0.002375,11.8
0.00246875,11.8
0.0025625,11.8
0.00265625,11.8
0.00275,11.8
0.00284375,11.8
0.0029375,11.8
0.00303125,11.8
0.003125,11.8
0.00321875,11.8
0.0033125,11.8
0.00340625,11.8
0.0035,11.8
0.00359375,11.8
0.0036875,11.8
0.00378125,11.8
0.003875,11.8
0.00396875,11.8
0.0040625,11.8
0.00425,11.8
0.0044375,11.8
0.004625,11.8
0.0048125,11.8
0.005,11.8
0.00515625,11.8
0.0053125,11.8
0.00546875,11.8
0.005625,11.8
0.00578125,11.8
0.0059375,11.8
0.00609375,11.8
0.00625,11.8
0.00640625,11.8
0.0065625,11.8
0.00671875,11.8
0.006875,11.8
0.0071875,11.8
0.0075,11.8
0.0078125,11.8
0.008125,11.8
0.0084375,11.8
0.00875,11.8
0.0090625,11.8
0.009375,11.8
0.0096875,11.8
0.01,11.8
0.0103125,11.8
0.010625,11.8
0.0109375,11.8
0.01125,11.8
0.0115625,11.8
0.011875,11.8
0.0121875,11.8
0.0125,11.8
0.0128125,11.8
0.013125,11.8
0.0134375,11.8
0.01375,11.8
0.014375,11.8
0.015,11.8
0.015625,11.8
0.01625,11.8
0.016875,11.8
0.0175,11.8
0.018125,11.8
0.01875,11.8
0.019375,11.8
0.02,11.8
0.0206625,11.8
0.021325,11.8
0.0219875,11.8
0.02265,11.8
0.0233125,11.8
0.023975,11.8
0.0246375,11.8
0.0253,11.8
0.02607188,11.8
0.02684375,11.8
0.02761563,11.8
0.0283875,11.8
0.02915938,11.8
0.02993125,11.8
0.03070313,11.8
0.031475,11.8
0.03224688,11.8
0.03301875,11.8
0.03379063,11.8
0.0345625,11.8
0.03610625,11.8
0.03765,11.8
0.03919375,11.8
0.0407375,11.8
0.04228125,11.8
0.043825,11.8
0.04536875,11.8
0.0469125,11.8
0.04845625,11.8
0.05,11.8
0.0515625,11.8
0.053125,11.8
0.0546875,11.8
0.05625,11.8
0.0578125,11.8
0.059375,11.8
0.0609375,11.8
0.0625,11.8
0.0640625,11.8
0.065625,11.8
0.0671875,11.8
0.06875,11.8
0.071875,11.8
0.075,11.8
0.078125,11.8
0.08125,11.8
0.084375,11.8
0.0875,11.8
0.090625,11.8
0.09375,11.8
0.096875,11.8
0.1,11.8
0.103125,11.8
0.10625,11.8
0.109375,11.8
0.1125,11.8
0.115625,11.8
0.11875,11.8
0.121875,11.8
0.125,11.8
0.128125,11.8
0.13125,11.8
0.134375,11.8
0.1375,11.8
0.14375,11.8
0.1499999,11.8
0.1500001,12.63
0.1562501,12.62994
0.1625001,12.62988
0.1687501,12.62982
0.1750001,12.62976
0.1812501,12.62971
0.1875001,12.62966
0.1937501,12.62961
0.2,12.62956
0.209375,12.62949
0.21875,12.62942
0.228125,12.62936
0.2375,12.6293
0.246875,12.62924
0.25625,12.62918
0.265625,12.62913
0.275,12.62907
0.284375,12.62902
0.29375,12.62897
0.303125,12.62892
0.3125,12.62888
0.321875,12.62883
0.33125,12.62879
0.340625,12.62875
0.35,12.6287
0.359375,12.62866
0.36875,12.62862
0.378125,12.62859
0.3875,12.62855
0.396875,12.62851
0.40625,12.62848
0.425,12.62841
0.44375,12.62834
0.4625,12.62828
0.48125,12.62822
0.5,12.62816
0.53125,12.62807
0.5625,12.62798
0.59375,12.6279
0.625,12.62782
0.65625,12.62774
0.6875,12.62767
0.71875,12.6276
0.75,12.62754
0.78125,12.62748
0.8125,12.62742
0.84375,12.62736
0.875,12.6273
0.9375,12.6272
1.0,12.6271
1.0625,12.62688
1.125,12.62668
1.1875,12.62648
1.25,12.6263
1.3125,12.62612
1.375,12.62595
1.4375,12.62579
1.5,12.62564
1.5625,12.62549
1.625,12.62535
1.6875,12.62521
1.75,12.62508
1.875,12.62483
2.0,12.6246
2.125,12.62432
2.25,12.62405
2.375,12.62379
2.5,12.62355
2.625,12.62333
2.75,12.62311
2.875,12.6229
3.0,12.6227
3.125,12.62244
3.25,12.6222
3.375,12.62196
3.5,12.62173
3.75,12.6213
4.0,12.6209
4.25,12.62052
4.5,12.62016
4.75,12.61982
5.0,12.6195
5.25,12.61914
5.5,12.61879
5.75,12.61846
6.0,12.61815
6.25,12.61784
6.5,12.61755
6.75,12.61727
7.0,12.617
7.375,12.61653
7.75,12.61609
8.125,12.61566
8.5,12.61526
8.875,12.61487
9.25,12.6145
9.625,12.61414
10.0,12.6138
10.625,12.6131
11.25,12.61244
11.875,12.61182
12.5,12.61122
13.125,12.61066
13.75,12.61012
14.375,12.60961
15.0,12.60912
15.625,12.60865
16.25,12.6082
16.875,12.60776
17.5,12.60734
18.75,12.60654
20.0,12.6058
21.25,12.60486
22.5,12.60397
23.75,12.60313
25.0,12.60233
26.25,12.60157
27.5,12.60085
28.75,12.60016
30.0,12.5995
31.25,12.59871
32.5,12.59795
33.75,12.59722
35.0,12.59651
37.5,12.59517
40.0,12.59392
42.5,12.59275
45.0,12.59164
47.5,12.59059
50.0,12.5896
52.5,12.58841
55.0,12.58728
57.5,12.58619
60.0,12.58516
62.5,12.58416
65.0,12.58321
67.5,12.58229
70.0,12.5814
73.75,12.57989
77.5,12.57846
81.25,12.5771
85.0,12.57579
88.75,12.57455
92.5,12.57335
96.25,12.5722
100.0,12.5711
103.7941,12.57001
107.5882,12.56896
115.1763,12.56696
122.7644,12.56509
130.3525,12.56333
137.9407,12.56167
145.5288,12.56011
153.1169,12.55862
160.705,12.5572
170.5288,12.55381
180.3525,12.55061
190.1763,12.54758
200.0,12.5447
212.5,12.54163
225.0,12.53874
237.5,12.53601
250.0,12.53341
262.5,12.53095
275.0,12.5286
287.5,12.52635
300.0,12.5242
312.5,12.52155
325.0,12.51901
337.5,12.51656
350.0,12.5142
375.0,12.50973
400.0,12.50555
425.0,12.50162
450.0,12.49792
475.0,12.49442
500.0,12.4911
525.0,12.48712
550.0,12.48333
575.0,12.47971
600.0,12.47625
625.0,12.47292
650.0,12.46973
675.0,12.46666
700.0,12.4637
737.5,12.45856
775.0,12.45367
812.5,12.44902
850.0,12.44458
887.5,12.44033
925.0,12.43626
962.5,12.43236
1000.0,12.4286
1062.5,12.42053
1125.0,12.41292
1187.5,12.40573
1250.0,12.39891
1312.5,12.39243
1375.0,12.38625
1437.5,12.38035
1500.0,12.3747
1562.5,12.36929
1625.0,12.36409
1687.5,12.35909
1750.0,12.35427
1875.0,12.34514
2000.0,12.3366
2125.0,12.32561
2250.0,12.31526
2375.0,12.30548
2500.0,12.29621
2625.0,12.28739
2750.0,12.27899
2875.0,12.27097
3000.0,12.2633
3125.0,12.25358
3250.0,12.24425
3375.0,12.23527
3500.0,12.22663
3750.0,12.21025
4000.0,12.19495
4250.0,12.1806
4500.0,12.16708
4750.0,12.15431
5000.0,12.1422
5250.0,12.1273
5500.0,12.11311
5750.0,12.09956
6000.0,12.08661
6250.0,12.07419
6500.0,12.06228
6750.0,12.05083
7000.0,12.0398
7375.0,12.02013
7750.0,12.00147
8125.0,11.98371
8500.0,11.96678
8875.0,11.9506
9250.0,11.93512
9625.0,11.92027
10000.0,11.906
10625.0,11.8743
11250.0,11.84448
11875.0,11.81635
12500.0,11.78972
13125.0,11.76445
13750.0,11.7404
14375.0,11.71747
15000.0,11.69555
15625.0,11.67457
16250.0,11.65445
16875.0,11.63512
17500.0,11.61653
18750.0,11.58133
20000.0,11.5485
21250.0,11.50502
22500.0,11.46418
23750.0,11.42568
25000.0,11.38927
26250.0,11.35475
27500.0,11.32193
28750.0,11.29066
30000.0,11.2608
31250.0,11.22198
32500.0,11.1848
33750.0,11.14914
35000.0,11.11489
37500.0,11.0502
40000.0,10.99003
42500.0,10.93381
45000.0,10.88106
47500.0,10.8314
50000.0,10.7845
52500.0,10.72446
55000.0,10.66753
57500.0,10.61341
60000.0,10.56185
62500.0,10.51264
65000.0,10.46557
67500.0,10.42047
70000.0,10.3772
73321.5,10.3157
76656.32,10.24397
79991.13,10.17576
83325.94,10.11076
86660.75,10.04871
89995.57,9.989357
93330.38,9.932498
100000.0,9.82552
105000.0,9.740019
110000.0,9.659189
110971.0,9.643994
115000.0,9.582579
120000.0,9.5098
123210.0,9.45984
123210.3,9.459835
131605.0,9.323358
140000.0,9.19711
140617.0,9.18761
147361.5,9.075895
154106.0,8.970449
160850.5,8.870669
167595.0,8.77603
170000.0,8.73981
178912.0,8.602011
187824.0,8.47293
200000.0,8.29001
212020.0,8.14254
217956.0,8.07013
230465.5,7.91367
242975.0,7.76828
242975.5,7.768274
250000.0,7.68507
266405.0,7.486029
282810.0,7.30359
282810.1,7.303589
300000.0,7.10717
312500.0,6.982172
325000.0,6.864148
337500.0,6.752462
350000.0,6.646559
362500.0,6.545947
375000.0,6.450193
387500.0,6.358912
400000.0,6.27176
425000.0,6.044505
450000.0,5.837791
475000.0,5.648766
500000.0,5.4751
525000.0,5.332082
550000.0,5.199199
575000.0,5.07532
600000.0,4.95948
625000.0,4.821192
650000.0,4.691961
675000.0,4.57088
700000.0,4.45716
750000.0,4.309492
800000.0,4.17579
850000.0,4.03166
900000.0,3.90033
950000.0,3.75847
1000000.0,3.62866
1050000.0,3.551318
1100000.0,3.47911
1150000.0,3.426005
1200000.0,3.37592
1250000.0,3.350938
1300000.0,3.32711
1350000.0,3.302809
1400000.0,3.27956
1450000.0,3.282514
1500000.0,3.28537
1550000.0,3.288722
1600000.0,3.29197
1650000.0,3.313499
1700000.0,3.33452
1750000.0,3.356299
1800000.0,3.3776
1850000.0,3.41044
1900000.0,3.44271
1950000.0,3.475726
2000000.0,3.50821
2075000.0,3.567874
2150000.0,3.626379
2225000.0,3.683789
2300000.0,3.74016
2350000.0,3.778707
2400000.0,3.816827
2450000.0,3.854534
2500000.0,3.89184
2550000.0,3.926657
2600000.0,3.9611
2650000.0,3.995181
2700000.0,4.02891
2737500.0,4.052472
2775000.0,4.075848
2812500.0,4.099043
2850000.0,4.12206
2887500.0,4.144902
2925000.0,4.167574
3000000.0,4.21242
3062500.0,4.226539
3125000.0,4.240419
3187500.0,4.254069
3250000.0,4.267496
3312500.0,4.280708
3375000.0,4.293714
3437500.0,4.306519
3500000.0,4.31913
3562500.0,4.333185
3625000.0,4.34704
3687500.0,4.360701
3750000.0,4.374174
3812500.0,4.387466
3875000.0,4.400581
3937500.0,4.413524
4000000.0,4.4263
4062500.0,4.410886
4125000.0,4.39576
4187500.0,4.380912
4250000.0,4.366334
4312500.0,4.352015
4375000.0,4.337949
4437500.0,4.324126
4500000.0,4.31054
4562500.0,4.295212
4625000.0,4.280146
4687500.0,4.265334
4750000.0,4.250769
4812500.0,4.236442
4875000.0,4.222348
4937500.0,4.208479
5000000.0,4.19483
5062500.0,4.165087
5125000.0,4.135917
5187500.0,4.1073
5250000.0,4.079221
5312500.0,4.051663
5375000.0,4.02461
5437500.0,3.998047
5500000.0,3.97196
5625000.0,3.91316
5750000.0,3.856494
5875000.0,3.801842
6000000.0,3.74909
6125000.0,3.687921
6250000.0,3.628955
6375000.0,3.572072
6500000.0,3.51716
6750000.0,3.397071
7000000.0,3.28523
7128779.0,3.23569
7500000.0,3.10164
8000000.0,2.91806
8500000.0,2.79994
9000000.0,2.68182
9500000.0,2.62412
10000000.0,2.56643
10500000.0,2.5568
11000000.0,2.54716
11500000.0,2.57199
12000000.0,2.59683
12500000.0,2.64331
13000000.0,2.68979
13134000.0,2.705176
13500000.0,2.74685
13750000.0,2.775493
14000000.0,2.80391
14250000.0,2.83343
14500000.0,2.86274
14750000.0,2.89226
15000000.0,2.92158
15250000.0,2.948788
15500000.0,2.9758
15750000.0,3.002998
16000000.0,3.03001
16250000.0,3.052765
16500000.0,3.07534
17000000.0,3.12068
17500000.0,3.15469
18000000.0,3.18869
18500000.0,3.21029
19000000.0,3.2319
19500000.0,3.24107
20000000.0,3.25025
