1e-05,11.7
1.03125e-05,11.7
1.0625e-05,11.7
1.09375e-05,11.7
1.125e-05,11.7
1.15625e-05,11.7
1.1875e-05,11.7
1.21875e-05,11.7
1.25e-05,11.7
1.28125e-05,11.7
1.3125e-05,11.7
1.34375e-05,11.7
1.375e-05,11.7
1.4375e-05,11.7
1.5e-05,11.7
1.5625e-05,11.7
1.625e-05,11.7
1.6875e-05,11.7
1.75e-05,11.7
1.8125e-05,11.7
1.875e-05,11.7
1.9375e-05,11.7
2e-05,11.7
2.09375e-05,11.7
2.1875e-05,11.7
2.28125e-05,11.7
2.375e-05,11.7
2.46875e-05,11.7
2.5625e-05,11.7
2.65625e-05,11.7
2.75e-05,11.7
2.84375e-05,11.7
2.9375e-05,11.7
3.03125e-05,11.7
3.125e-05,11.7
3.21875e-05,11.7
3.3125e-05,11.7
3.40625e-05,11.7
3.5e-05,11.7
3.59375e-05,11.7
3.6875e-05,11.7
3.78125e-05,11.7
3.875e-05,11.7
3.96875e-05,11.7
4.0625e-05,11.7
4.25e-05,11.7
4.4375e-05,11.7
4.625e-05,11.7
4.8125e-05,11.7
5e-05,11.7
5.15625e-05,11.7
5.3125e-05,11.7
5.46875e-05,11.7
5.625e-05,11.7
5.78125e-05,11.7
5.9375e-05,11.7
6.09375e-05,11.7
6.25e-05,11.7
6.40625e-05,11.7
6.5625e-05,11.7
6.71875e-05,11.7
6.875e-05,11.7
7.1875e-05,11.7
7.5e-05,11.7
7.8125e-05,11.7
8.125e-05,11.7
8.4375e-05,11.7
8.75e-05,11.7
9.0625e-05,11.7
9.375e-05,11.7
9.6875e-05,11.7
0.0001,11.7
0.000103125,11.7
0.00010625,11.7
0.000109375,11.7
0.0001125,11.7
0.000115625,11.7
0.00011875,11.7
0.000121875,11.7
0.000125,11.7
0.000128125,11.7
0.00013125,11.7
0.000134375,11.7
0.0001375,11.7
0.00014375,11.7
0.00015,11.7
0.00015625,11.7
0.0001625,11.7
0.00016875,11.7
0.000175,11.7
0.00018125,11.7
0.0001875,11.7
0.00019375,11.7
0.0002,11.7
0.000209375,11.7
0.00021875,11.7
0.000228125,11.7
0.0002375,11.7
0.000246875,11.7
0.00025625,11.7
0.000265625,11.7
0.000275,11.7
0.000284375,11.7
0.00029375,11.7
0.000303125,11.7
0.0003125,11.7
0.000321875,11.7
0.00033125,11.7
0.000340625,11.7
0.00035,11.7
0.000359375,11.7
0.00036875,11.7
0.000378125,11.7
0.0003875,11.7
0.000396875,11.7
0.00040625,11.7
0.000425,11.7
0.00044375,11.7
0.0004625,11.7
0.00048125,11.7
0.0005,11.7
0.000515625,11.7
0.00053125,11.7
0.000546875,11.7
0.0005625,11.7
0.000578125,11.7
0.00059375,11.7
0.000609375,11.7
0.000625,11.7
0.000640625,11.7
0.00065625,11.7
0.000671875,11.7
0.0006875,11.7
0.00071875,11.7
0.00075,11.7
0.00078125,11.7
0.0008125,11.7
0.00084375,11.7
0.000875,11.7
0.00090625,11.7
0.0009375,11.7
0.00096875,11.7
0.001,11.7
0.00103125,11.7
0.0010625,11.7
0.00109375,11.7
0.001125,11.7
0.00115625,11.7
0.0011875,11.7
0.00121875,11.7
0.00125,11.7
0.00128125,11.7
0.0013125,11.7
0.00134375,11.7
0.001375,11.7
0.0014375,11.7
0.0015,11.7
0.0015625,11.7
0.001625,11.7
0.0016875,11.7
0.00175,11.7
0.0018125,11.7
0.001875,11.7
0.0019375,11.7
0.002,11.7
0.00209375,11.7
0.0021875,11.7
0.00228125,11.7
0.002375,11.7
0.00246875,11.7
0.0025625,11.7
0.00265625,11.7
0.00275,11.7
0.00284375,11.7
0.0029375,11.7
0.00303125,11.7
0.003125,11.7
0.00321875,11.7
0.0033125,11.7
0.00340625,11.7
0.0035,11.7
0.00359375,11.7
0.0036875,11.7
0.00378125,11.7
0.003875,11.7
0.00396875,11.7
0.0040625,11.7
0.00425,11.7
0.0044375,11.7
0.004625,11.7
0.0048125,11.7
0.005,11.7
0.00515625,11.7
0.0053125,11.7
0.00546875,11.7
0.005625,11.7
0.00578125,11.7
0.0059375,11.7
0.00609375,11.7
0.00625,11.7
0.00640625,11.7
0.0065625,11.7
0.00671875,11.7
0.006875,11.7
0.0071875,11.7
0.0075,11.7
0.0078125,11.7
0.008125,11.7
0.0084375,11.7
0.00875,11.7
0.0090625,11.7
0.009375,11.7
0.0096875,11.7
0.01,11.7
0.0103125,11.7
0.010625,11.7
0.0109375,11.7
0.01125,11.7
0.0115625,11.7
0.011875,11.7
0.0121875,11.7
0.0125,11.7
0.0128125,11.7
0.013125,11.7
0.0134375,11.7
0.01375,11.7
0.014375,11.7
0.015,11.7
0.015625,11.7
0.01625,11.7
0.016875,11.7
0.0175,11.7
0.018125,11.7
0.01875,11.7
0.019375,11.7
0.02,11.7
0.0206625,11.7
0.021325,11.7
0.0219875,11.7
0.02265,11.7
0.0233125,11.7
0.023975,11.7
0.0246375,11.7
0.0253,11.7
0.02607188,11.7
0.02684375,11.7
0.02761563,11.7
0.0283875,11.7
0.02915938,11.7
0.02993125,11.7
0.03070313,11.7
0.031475,11.7
0.03224688,11.7
0.03301875,11.7
0.0345625,11.7
0.03610625,11.7
0.03765,11.7
0.03919375,11.7
0.0407375,11.7
0.04228125,11.7
0.043825,11.7
0.04536875,11.7
0.0469125,11.7
0.04845625,11.7
0.05,11.7
0.0515625,11.7
0.053125,11.7
0.0546875,11.7
0.05625,11.7
0.0578125,11.7
0.059375,11.7
0.0609375,11.7
0.0625,11.7
0.0640625,11.7
0.065625,11.7
0.0671875,11.7
0.06875,11.7
0.071875,11.7
0.075,11.7
0.078125,11.7
0.08125,11.7
0.084375,11.7
0.0875,11.7
0.090625,11.7
0.09375,11.7
0.096875,11.7
0.1,11.7
0.103125,11.7
0.10625,11.7
0.109375,11.7
0.1125,11.7
0.115625,11.7
0.11875,11.7
0.121875,11.7
0.125,11.7
0.128125,11.7
0.13125,11.7
0.134375,11.7
0.1375,11.7
0.14375,11.7
0.1499999,11.7
0.1500001,12.04
0.1562501,12.04004
0.1625001,12.04007
0.1687501,12.04011
0.1750001,12.04014
0.1812501,12.04017
0.1875001,12.0402
0.1937501,12.04023
0.2,12.04026
0.209375,12.0403
0.21875,12.04034
0.228125,12.04038
0.2375,12.04041
0.246875,12.04045
0.25625,12.04048
0.265625,12.04051
0.275,12.04054
0.284375,12.04057
0.29375,12.0406
0.303125,12.04063
0.3125,12.04066
0.321875,12.04068
0.33125,12.04071
0.340625,12.04073
0.35,12.04076
0.359375,12.04078
0.36875,12.04081
0.378125,12.04083
0.3875,12.04085
0.396875,12.04087
0.40625,12.04089
0.425,12.04093
0.44375,12.04097
0.4625,12.04101
0.48125,12.04104
0.5,12.04108
0.53125,12.04113
0.5624999,12.04118
0.5937499,12.04123
0.6249998,12.04128
0.6562498,12.04132
0.6874997,12.04136
0.7187496,12.0414
0.7499995,12.04144
0.7812495,12.04148
0.8124994,12.04151
0.8437494,12.04155
0.8749993,12.04158
0.9374992,12.04164
0.999999,12.0417
1.0,12.0416
1.000001,12.0416
1.051778,12.06686
1.103554,12.09095
1.15533,12.11398
1.207106,12.13604
1.258882,12.15721
1.310658,12.17757
1.362434,12.19716
1.41421,12.21606
1.487434,12.19021
1.560658,12.16566
1.633882,12.14227
1.707105,12.11996
1.780329,12.09862
1.853553,12.07818
1.926777,12.05856
2.0,12.0397
2.125,12.03957
2.25,12.03944
2.375,12.03932
2.5,12.0392
2.625,12.0391
2.75,12.03899
2.875,12.03889
3.0,12.0388
3.125,12.03859
3.25,12.03839
3.375,12.0382
3.5,12.03802
3.75,12.03766
4.0,12.03734
4.25,12.03703
4.5,12.03674
4.75,12.03646
5.0,12.0362
5.25,12.03601
5.5,12.03583
5.75,12.03566
6.0,12.0355
6.25,12.03534
6.5,12.03519
6.75,12.03504
7.0,12.0349
7.375,12.0345
7.75,12.03413
8.125,12.03377
8.5,12.03343
8.875,12.0331
9.25,12.03279
9.625,12.03249
10.0,12.0322
10.51777,12.05556
11.03553,12.07784
11.55329,12.09913
12.07105,12.11953
12.58882,12.1391
13.10658,12.15792
13.62434,12.17603
14.1421,12.19349
14.87434,12.16911
15.60658,12.14595
16.33882,12.12389
17.07105,12.10284
17.80329,12.0827
18.53553,12.06341
19.26777,12.0449
20.0,12.0271
21.25,12.02649
22.5,12.02591
23.75,12.02536
25.0,12.02484
26.25,12.02435
27.5,12.02388
28.75,12.02343
30.0,12.023
31.25,12.02244
32.5,12.02191
33.75,12.02139
35.0,12.0209
37.5,12.01996
40.0,12.01908
42.5,12.01825
45.0,12.01748
47.5,12.01674
50.0,12.01604
52.5,12.01523
55.0,12.01446
57.5,12.01373
60.0,12.01303
62.5,12.01235
65.0,12.0117
67.5,12.01108
70.0,12.01048
73.75,12.00941
77.5,12.00839
81.25,12.00742
85.0,12.00649
88.75,12.00561
92.5,12.00476
96.25,12.00394
100.0,12.00316
105.1777,12.02129
110.3553,12.03858
115.5329,12.0551
120.7105,12.07091
125.8882,12.08608
131.0658,12.10066
136.2434,12.11469
141.421,12.12821
148.7434,12.10715
156.0658,12.08713
163.3882,12.06806
170.7105,12.04985
178.0329,12.03244
185.3553,12.01575
192.6777,11.99973
200.0,11.98433
212.5,11.98211
225.0,11.98001
237.5,11.97803
250.0,11.97616
262.5,11.97437
275.0,11.97267
287.5,11.97104
300.0,11.96948
312.5,11.96754
325.0,11.96567
337.5,11.96387
350.0,11.96214
375.0,11.95885
400.0,11.95578
425.0,11.9529
450.0,11.95018
475.0,11.94761
500.0,11.94517
525.0,11.94221
550.0,11.93939
575.0,11.93669
600.0,11.93411
625.0,11.93163
650.0,11.92925
675.0,11.92696
700.0,11.92476
737.5,11.92086
775.0,11.91715
812.5,11.91363
850.0,11.91026
887.5,11.90703
925.0,11.90395
962.5,11.90098
1000.0,11.89813
1062.5,11.89182
1125.0,11.88588
1187.5,11.88026
1250.0,11.87493
1312.5,11.86986
1375.0,11.86503
1437.5,11.86042
1500.0,11.85601
1562.5,11.85177
1625.0,11.84771
1687.5,11.8438
1750.0,11.84003
1875.0,11.83289
2000.0,11.82621
2125.0,11.81733
2250.0,11.80896
2375.0,11.80104
2500.0,11.79354
2625.0,11.78641
2750.0,11.77962
2875.0,11.77313
3000.0,11.76692
3125.0,11.75882
3250.0,11.75104
3375.0,11.74356
3500.0,11.73636
3750.0,11.72271
4000.0,11.70995
4250.0,11.69798
4500.0,11.6867
4750.0,11.67605
5000.0,11.66595
5250.0,11.65315
5500.0,11.64096
5750.0,11.62932
6000.0,11.61819
6250.0,11.60753
6500.0,11.59729
6750.0,11.58745
7000.0,11.57797
7375.0,11.5606
7750.0,11.54411
8125.0,11.52843
8500.0,11.51347
8875.0,11.49918
9250.0,11.48549
9625.0,11.47237
10000.0,11.45976
10625.0,11.43037
11250.0,11.40273
11875.0,11.37665
12500.0,11.35196
13125.0,11.32853
13750.0,11.30623
14375.0,11.28496
15000.0,11.26464
15625.0,11.24518
16250.0,11.22652
16875.0,11.20859
17500.0,11.19133
18750.0,11.15868
20000.0,11.12822
21250.0,11.08584
22500.0,11.04604
23750.0,11.00852
25000.0,10.97304
26250.0,10.9394
27500.0,10.90741
28750.0,10.87694
30000.0,10.84785
31271.83,10.81262
32543.65,10.77891
33815.48,10.74659
35087.3,10.71555
37630.95,10.65696
40174.6,10.6025
40174.64,10.6025
42735.77,10.53928
45296.9,10.48009
45296.91,10.48009
47648.45,10.42245
50000.0,10.36789
52500.0,10.3069
55000.0,10.24908
57500.0,10.19414
60000.0,10.14181
62500.0,10.09187
65000.0,10.04412
67500.0,9.998385
70000.0,9.954511
73750.0,9.873563
77500.0,9.79724
81250.0,9.725074
85000.0,9.65666
88750.0,9.591652
92500.0,9.529745
96250.0,9.470674
100000.0,9.414207
102661.0,9.375718
103540.0,9.363226
103540.2,9.363223
107655.0,9.300374
111770.0,9.240279
115885.0,9.182724
120000.0,9.127518
125000.0,9.051297
130000.0,8.978666
135000.0,8.909327
140000.0,8.843016
143715.0,8.79041
150286.3,8.690087
156857.5,8.595133
163428.8,8.505049
170000.0,8.419407
174719.0,8.353155
174719.6,8.353147
174720.0,8.353141
187360.0,8.168157
200000.0,7.99896
207447.0,7.916864
214894.0,7.838463
214894.2,7.838461
223670.5,7.737197
232447.0,7.641062
241223.5,7.54962
250000.0,7.462483
262500.0,7.316509
275000.0,7.179987
287500.0,7.051915
300000.0,6.931436
312500.0,6.817657
325000.0,6.7101
337500.0,6.608205
350000.0,6.511481
375000.0,6.331859
400000.0,6.168322
425000.0,5.954236
450000.0,5.759199
475000.0,5.580594
500000.0,5.416275
525000.0,5.28223
550000.0,5.157512
575000.0,5.041092
600000.0,4.93209
625000.0,4.801559
650000.0,4.679404
675000.0,4.564794
700000.0,4.45701
750000.0,4.319105
800000.0,4.193969
850000.0,4.059848
900000.0,3.937326
950000.0,3.805898
1000000.0,3.68527
1050000.0,3.614955
1100000.0,3.549162
1150000.0,3.501665
1200000.0,3.456786
1250000.0,3.435256
1300000.0,3.414696
1350000.0,3.394184
1400000.0,3.374534
1450000.0,3.378734
1500000.0,3.382796
1550000.0,3.387607
1600000.0,3.392272
1650000.0,3.413213
1700000.0,3.433653
1750000.0,3.454977
1800000.0,3.475827
1850000.0,3.506585
1900000.0,3.536784
1950000.0,3.567801
2000000.0,3.598294
2037500.0,3.625589
2075000.0,3.652589
2112500.0,3.6793
2150000.0,3.705731
2187500.0,3.73189
2225000.0,3.757785
2262500.0,3.783422
2300000.0,3.808808
2350000.0,3.843502
2400000.0,3.877771
2450000.0,3.91163
2500000.0,3.945091
2550000.0,3.9763
2600000.0,4.007143
2650000.0,4.037631
2700000.0,4.067775
2737500.0,4.085711
2775000.0,4.103481
2812500.0,4.121089
2850000.0,4.138536
2887500.0,4.155829
2925000.0,4.172969
2962500.0,4.18996
3000000.0,4.206805
3031250.0,4.216391
3062500.0,4.225901
3093750.0,4.235335
3125000.0,4.244695
3156250.0,4.253983
3187500.0,4.263199
3218750.0,4.272344
3250000.0,4.281421
3312500.0,4.299372
3375000.0,4.31706
3437500.0,4.334495
3500000.0,4.351684
3562500.0,4.353355
3625000.0,4.354997
3687500.0,4.356612
3750000.0,4.3582
3812500.0,4.359763
3875000.0,4.361301
3937500.0,4.362815
4000000.0,4.364305
4062500.0,4.351791
4125000.0,4.339504
4187500.0,4.327435
4250000.0,4.315578
4312500.0,4.303926
4375000.0,4.292472
4437500.0,4.28121
4500000.0,4.270135
4562500.0,4.24929
4625000.0,4.228828
4687500.0,4.208738
4750000.0,4.189007
4812500.0,4.169625
4875000.0,4.150581
4937500.0,4.131865
5000000.0,4.113467
5125000.0,4.059042
5250000.0,4.006624
5375000.0,3.956092
5500000.0,3.907337
5702160.0,3.811691
5904320.0,3.721598
5904326.0,3.721595
6000000.0,3.676734
6250000.0,3.560935
6500000.0,3.453115
6750000.0,3.343367
7000000.0,3.240913
7500000.0,3.053755
8000000.0,2.896803
8500000.0,2.771624
9000000.0,2.677397
9500000.0,2.611889
10000000.0,2.572145
10500000.0,2.554922
11000000.0,2.556952
11500000.0,2.575015
11750000.0,2.590637
12000000.0,2.606022
12250000.0,2.626685
12500000.0,2.647089
12750000.0,2.671427
13000000.0,2.695509
13250000.0,2.722293
13500000.0,2.748836
13605000.0,2.760754
13802500.0,2.782892
14000000.0,2.80489
14250000.0,2.833433
14500000.0,2.861763
14750000.0,2.88988
15000000.0,2.917794
15500000.0,2.969942
15750000.0,2.996115
16000000.0,3.022102
16500000.0,3.065888
17000000.0,3.109685
17500000.0,3.142724
18000000.0,3.175766
18500000.0,3.196955
19000000.0,3.218148
19500000.0,3.227399
20000000.0,3.23666
