1e-05,3.641289
1.0242e-05,3.641289
1.0483e-05,3.641289
1.0625e-05,3.641289
1.0725e-05,3.641289
1.0966e-05,3.641289
1.1208e-05,3.641289
1.125e-05,3.641289
1.1449e-05,3.641289
1.1691e-05,3.641289
1.1875e-05,3.641289
1.1932e-05,3.641289
1.2173e-05,3.641289
1.2414e-05,3.641289
1.25e-05,3.641289
1.2655e-05,3.641289
1.3125e-05,3.641289
1.3137e-05,3.641289
1.3378e-05,3.641289
1.3619e-05,3.641289
1.375e-05,3.641289
1.386e-05,3.641289
1.4101e-05,3.641289
1.4375e-05,3.641289
1.4582e-05,3.641289
1.5e-05,3.641289
1.5063e-05,3.641289
1.5544e-05,3.641289
1.5625e-05,3.641289
1.6025e-05,3.641289
1.625e-05,3.641289
1.6505e-05,3.641289
1.6875e-05,3.641289
1.6986e-05,3.641289
1.7466e-05,3.641289
1.75e-05,3.641289
1.7945e-05,3.641289
1.8425e-05,3.641289
1.875e-05,3.641289
1.8904e-05,3.641289
1.9383e-05,3.641289
1.9953e-05,3.641289
2e-05,3.641289
2.0341e-05,3.641289
2.0819e-05,3.641289
2.09375e-05,3.641289
2.1297e-05,3.641289
2.1775e-05,3.641289
2.1875e-05,3.641289
2.2253e-05,3.641289
2.273e-05,3.641289
2.28125e-05,3.641289
2.3207e-05,3.641289
2.3684e-05,3.641289
2.375e-05,3.641289
2.4161e-05,3.641289
2.4637e-05,3.641289
2.46875e-05,3.641289
2.5119e-05,3.641289
2.559e-05,3.641289
2.5625e-05,3.641289
2.6065e-05,3.641289
2.6541e-05,3.641289
2.65625e-05,3.641289
2.7016e-05,3.641289
2.7491e-05,3.641289
2.75e-05,3.641289
2.7966e-05,3.641289
2.8915e-05,3.641289
2.9375e-05,3.641289
2.9864e-05,3.641289
3.0811e-05,3.641289
3.125e-05,3.641289
3.1758e-05,3.641289
3.2703e-05,3.641289
3.3125e-05,3.641289
3.3648e-05,3.641289
3.4591e-05,3.641289
3.5e-05,3.641289
3.5534e-05,3.641289
3.6476e-05,3.641289
3.6875e-05,3.641289
3.7417e-05,3.641289
3.8357e-05,3.641289
3.875e-05,3.641289
3.9296e-05,3.641289
4.0234e-05,3.641289
4.0625e-05,3.641289
4.1172e-05,3.641289
4.2108e-05,3.641289
4.25e-05,3.641289
4.3043e-05,3.641289
4.3978e-05,3.641289
4.4375e-05,3.641289
4.4912e-05,3.641289
4.5844e-05,3.641289
4.625e-05,3.641289
4.6776e-05,3.641289
4.7707e-05,3.641289
4.8125e-05,3.641289
4.8637e-05,3.641289
5e-05,3.641289
5.0494e-05,3.641289
5.1421e-05,3.641289
5.2348e-05,3.641289
5.3125e-05,3.641289
5.3273e-05,3.641289
5.4198e-05,3.641289
5.5121e-05,3.641289
5.6044e-05,3.641289
5.625e-05,3.641289
5.7888e-05,3.641289
5.9375e-05,3.641289
5.9728e-05,3.641289
6.1564e-05,3.641289
6.25e-05,3.641289
6.3397e-05,3.641289
6.5226e-05,3.641289
6.5625e-05,3.641289
6.7052e-05,3.641289
6.875e-05,3.641289
6.8874e-05,3.641289
7.0693e-05,3.641289
7.1875e-05,3.641289
7.2508e-05,3.641289
7.4319e-05,3.641289
7.5e-05,3.641289
7.6127e-05,3.641289
7.7932e-05,3.641289
7.8125e-05,3.641289
7.9733e-05,3.641289
8.125e-05,3.641289
8.153e-05,3.641289
8.3324e-05,3.641289
8.4375e-05,3.641289
8.5114e-05,3.641289
8.6901e-05,3.641289
8.75e-05,3.641289
8.8685e-05,3.641289
9.0465e-05,3.641289
9.2241e-05,3.641289
9.375e-05,3.641289
9.4014e-05,3.641289
9.5784e-05,3.641289
9.755e-05,3.641289
0.0001,3.641289
0.00010107,3.641289
0.00010458,3.641289
0.00010625,3.641289
0.00010633,3.641289
0.00010982,3.641289
0.0001125,3.641289
0.0001133,3.641289
0.00011676,3.641289
0.00011875,3.641289
0.00012021,3.641289
0.00012365,3.641289
0.000125,3.641289
0.00012707,3.641289
0.00013048,3.641289
0.00013125,3.641289
0.00013388,3.641289
0.00013726,3.641289
0.0001375,3.641289
0.00014063,3.641289
0.00014375,3.641289
0.00014399,3.641289
0.00014733,3.641289
0.00015,3.641289
0.00015066,3.641289
0.00015398,3.641289
0.00015625,3.641289
0.00015849,3.641289
0.00016058,3.641289
0.0001625,3.641289
0.00016385,3.641289
0.00016712,3.641289
0.00016875,3.641289
0.00017037,3.641289
0.00017362,3.641289
0.000175,3.641289
0.00017684,3.641289
0.00018006,3.641289
0.00018326,3.641289
0.00018645,3.641289
0.0001875,3.641289
0.00018963,3.641289
0.0001928,3.641289
0.00019953,3.641289
0.0002,3.641289
0.00020536,3.641289
0.000209375,3.641289
0.00021157,3.641289
0.00021773,3.641289
0.00021875,3.641289
0.00022384,3.641289
0.000228125,3.641289
0.0002299,3.641289
0.00023592,3.641289
0.0002375,3.641289
0.00024189,3.641289
0.000246875,3.641289
0.00024781,3.641289
0.00025369,3.641289
0.00025625,3.641289
0.00025952,3.641289
0.0002653,3.641289
0.000265625,3.641289
0.00027104,3.641289
0.000275,3.641289
0.00027674,3.641289
0.00028239,3.641289
0.00028799,3.641289
0.00029356,3.641289
0.00029375,3.641289
0.00029908,3.641289
0.00030455,3.641289
0.00030998,3.641289
0.0003125,3.641289
0.00032072,3.641289
0.00033125,3.641289
0.00033134,3.641289
0.00034179,3.641289
0.00035,3.641289
0.00035207,3.641289
0.00036219,3.641289
0.00036875,3.641289
0.00037216,3.641289
0.00038197,3.641289
0.0003875,3.641289
0.00039163,3.641289
0.00040113,3.641289
0.00040625,3.641289
0.00041049,3.641289
0.0004197,3.641289
0.000425,3.641289
0.00042877,3.641289
0.00043769,3.641289
0.00044375,3.641289
0.00044648,3.641289
0.00045513,3.641289
0.0004625,3.641289
0.00046364,3.641289
0.00047202,3.641289
0.00048027,3.641289
0.00048125,3.641289
0.00048839,3.641289
0.0005,3.641289
0.00050438,3.641289
0.00051987,3.641289
0.00053125,3.641289
0.00053487,3.641289
0.00054941,3.641289
0.0005625,3.641289
0.00056349,3.641289
0.00057713,3.641289
0.00059034,3.641289
0.00059375,3.641289
0.00060315,3.641289
0.00061555,3.641289
0.000625,3.641289
0.0006392,3.641289
0.00065625,3.641289
0.0006614,3.641289
0.00068256,3.641289
0.0006875,3.641289
0.0007024,3.641289
0.00071875,3.641289
0.000721,3.641289
0.00073844,3.641289
0.00075,3.641289
0.00075479,3.641289
0.00077011,3.641289
0.00078125,3.641289
0.00079795,3.641289
0.0008125,3.641289
0.00082321,3.641289
0.00084375,3.641289
0.00084531,3.641289
0.00086464,3.641289
0.000875,3.641289
0.00088156,3.641289
0.00089637,3.641289
0.00092228,3.641289
0.0009375,3.641289
0.00094171,3.641289
0.00097085,3.641289
0.001,3.641289
0.0010237,3.641289
0.0010474,3.641289
0.0010625,3.641289
0.0010711,3.641289
0.0010948,3.641289
0.0011184,3.641289
0.001125,3.641289
0.001142,3.641289
0.0011656,3.641289
0.0011875,3.641289
0.0011892,3.641289
0.0012127,3.641289
0.0012363,3.641289
0.00125,3.641289
0.0012598,3.641289
0.0012832,3.641289
0.0013125,3.641289
0.0013301,3.641289
0.0013535,3.641289
0.001375,3.641289
0.0013769,3.641289
0.0014236,3.641289
0.0014375,3.641289
0.0014703,3.641289
0.0015,3.641289
0.0015168,3.641289
0.0015625,3.641289
0.0015632,3.641289
0.0016096,3.641289
0.001625,3.641289
0.0016559,3.641289
0.0016875,3.641289
0.0017021,3.641289
0.0017481,3.641289
0.00175,3.641289
0.0017941,3.641289
0.0018401,3.641289
0.001875,3.641289
0.0018859,3.641289
0.0019316,3.641289
0.0019773,3.641289
0.002,3.641289
0.0020228,3.641289
0.0020683,3.641289
0.00209375,3.641289
0.0021136,3.641289
0.0021589,3.641289
0.0021875,3.641289
0.0022041,3.641289
0.0022492,3.641289
0.00228125,3.641289
0.0022943,3.641289
0.0023392,3.641289
0.002375,3.641289
0.002384,3.641289
0.0024288,3.641289
0.00246875,3.641289
0.002518,3.641289
0.0025625,3.641289
0.0026069,3.641289
0.00265625,3.641289
0.0026955,3.641289
0.00275,3.641289
0.0027838,3.641289
0.0028718,3.641289
0.0029375,3.641289
0.0029594,3.641289
0.0030466,3.641289
0.003125,3.641289
0.0031336,3.641289
0.0032202,3.641289
0.0033064,3.641289
0.0033125,3.641289
0.0033923,3.641289
0.0034779,3.641289
0.0035,3.641289
0.0035631,3.641289
0.003648,3.641289
0.0036875,3.641289
0.0037326,3.641289
0.0038169,3.641289
0.003875,3.641289
0.0039008,3.641289
0.0039844,3.641289
0.0040625,3.641289
0.0040676,3.641289
0.0041506,3.641289
0.0042332,3.641289
0.00425,3.641289
0.0043155,3.641289
0.0043975,3.641289
0.0044375,3.641289
0.0044791,3.641289
0.0045604,3.641289
0.004625,3.641289
0.0047222,3.641289
0.0048025,3.641289
0.0048125,3.641289
0.0048826,3.641289
0.005,3.641289
0.0050421,3.641289
0.0052004,3.641289
0.0053125,3.641289
0.0053574,3.641289
0.0055132,3.641289
0.005625,3.641289
0.0056678,3.641289
0.0058212,3.641289
0.0059375,3.641289
0.0059733,3.641289
0.0061243,3.641289
0.00625,3.641289
0.0063096,3.641289
0.0064228,3.641289
0.0065625,3.641289
0.0065703,3.641289
0.0067166,3.641289
0.0068618,3.641289
0.006875,3.641289
0.0070058,3.641289
0.0071487,3.641289
0.0071875,3.641289
0.0072906,3.641289
0.0074313,3.641289
0.0075,3.641289
0.0075709,3.641289
0.0077094,3.641289
0.0078125,3.641289
0.0078468,3.641289
0.0081184,3.641289
0.008125,3.641289
0.0083869,3.641289
0.0084375,3.641289
0.0086512,3.641289
0.00875,3.641289
0.0089113,3.641289
0.0091674,3.641289
0.009375,3.641289
0.0094194,3.641289
0.0096676,3.641289
0.0099118,3.641289
0.01,3.641289
0.010152,3.641289
0.010389,3.641289
0.010622,3.641289
0.010625,3.641289
0.010851,3.641289
0.011077,3.641289
0.01125,3.641289
0.011299,3.641289
0.011518,3.641289
0.011733,3.641289
0.011875,3.641289
0.012154,3.641289
0.012359,3.641289
0.0125,3.641289
0.012764,3.641289
0.013125,3.641289
0.013156,3.641289
0.013535,3.641289
0.01375,3.641289
0.013903,3.641289
0.014259,3.641289
0.014375,3.641289
0.014604,3.641289
0.014938,3.641289
0.015,3.641289
0.015262,3.641289
0.015625,3.641289
0.01588,3.641289
0.01625,3.641289
0.016459,3.641289
0.016735,3.641289
0.016875,3.641289
0.017271,3.641289
0.0175,3.641289
0.017773,3.641289
0.018243,3.641289
0.018684,3.641289
0.01875,3.641289
0.019485,3.641289
0.02,3.641289
0.020189,3.641289
0.020828,3.641289
0.021325,3.641289
0.021387,3.641289
0.021876,3.641289
0.022304,3.641289
0.02265,3.641289
0.022679,3.641289
0.023334,3.641289
0.023826,3.641289
0.023975,3.641289
0.024563,3.641289
0.0253,3.641289
0.025884,3.641289
0.026463,3.641289
0.02684375,3.641289
0.027037,3.641289
0.027607,3.641289
0.028173,3.641289
0.0283875,3.641289
0.028734,3.641289
0.029291,3.641289
0.029843,3.641289
0.02993125,3.641289
0.030391,3.641289
0.030935,3.641289
0.031475,3.641289
0.03201,3.641289
0.032541,3.641289
0.03301875,3.641289
0.033595,3.641289
0.0345625,3.641289
0.034633,3.641289
0.035654,3.641289
0.03610625,3.641289
0.036659,3.641289
0.037649,3.641289
0.03765,3.641289
0.038623,3.641289
0.03919375,3.641289
0.039582,3.641289
0.040526,3.641289
0.0407375,3.641289
0.041456,3.641289
0.04228125,3.641289
0.04237,3.641289
0.043271,3.641289
0.043825,3.641289
0.044157,3.641289
0.04503,3.641289
0.045889,3.641289
0.046734,3.641289
0.0469125,3.641289
0.047567,3.641289
0.048386,3.641289
0.049192,3.641289
0.05,3.641289
0.05078,3.641289
0.052318,3.641289
0.053125,3.641289
0.053808,3.641289
0.055252,3.641289
0.05625,3.641289
0.05665,3.641289
0.058005,3.641289
0.059317,3.641289
0.059375,3.641289
0.060588,3.641289
0.06182,3.641289
0.0625,3.641289
0.064169,3.641289
0.065625,3.641289
0.066373,3.641289
0.068475,3.641289
0.06875,3.641289
0.070445,3.641289
0.071875,3.641289
0.072293,3.641289
0.074024,3.641289
0.075,3.641289
0.075648,3.641289
0.07717,3.641289
0.078125,3.641289
0.078597,3.641289
0.080006,3.641289
0.08125,3.641289
0.082443,3.641289
0.084375,3.641289
0.084637,3.641289
0.086558,3.641289
0.0875,3.641289
0.088238,3.641289
0.089708,3.641289
0.092281,3.641289
0.09375,3.641289
0.094211,3.641289
0.097105,3.641289
0.1,3.641289
0.1017578,3.641289
0.1035122,3.641289
0.1052631,3.641289
0.10625,3.641289
0.1087582,3.641289
0.1122396,3.641289
0.1125,3.641289
0.1157074,3.641289
0.11875,3.641289
0.1191617,3.641289
0.1226025,3.641289
0.125,3.641289
0.1260298,3.641289
0.1294438,3.641289
0.13125,3.641289
0.1328444,3.641289
0.1362317,3.641289
0.1375,3.641289
0.1396058,3.641288
0.1429667,3.641288
0.14375,3.641288
0.1463145,3.641288
0.1496492,3.641288
0.15,3.641288
0.1529709,3.641288
0.15625,3.641288
0.1562796,3.641288
0.1595754,3.641288
0.1625,3.641288
0.1628583,3.641288
0.1661284,3.641288
0.16875,3.641288
0.1693857,3.641288
0.1726303,3.641288
0.175,3.641288
0.1758622,3.641288
0.1790814,3.641288
0.1822882,3.641288
0.1854823,3.641288
0.1875,3.641288
0.1918334,3.641288
0.1981472,3.641288
0.2,3.641288
0.2044116,3.641288
0.209375,3.641288
0.2106272,3.641288
0.2167941,3.641288
0.21875,3.641288
0.2229129,3.641288
0.228125,3.641288
0.2289839,3.641288
0.2350075,3.641288
0.2375,3.641288
0.240984,3.641288
0.246875,3.641288
0.2469138,3.641288
0.2527973,3.641288
0.25625,3.641288
0.2586348,3.641288
0.2644268,3.641288
0.265625,3.641288
0.2701734,3.641288
0.275,3.641288
0.2758752,3.641288
0.2815324,3.641288
0.2871454,3.641288
0.2927146,3.641288
0.29375,3.641288
0.2982402,3.641288
0.3037227,3.641288
0.3091624,3.641288
0.3125,3.641288
0.3199146,3.641288
0.3252277,3.641288
0.33125,3.641288
0.3357711,3.641288
0.3461496,3.641288
0.35,3.641288
0.356366,3.641288
0.3664228,3.641287
0.36875,3.641287
0.3763225,3.641287
0.3860675,3.641287
0.3875,3.641287
0.3981072,3.641287
0.405103,3.641287
0.40625,3.641287
0.4143982,3.641287
0.4235483,3.641287
0.425,3.641287
0.4325553,3.641287
0.4414216,3.641287
0.44375,3.641287
0.4501494,3.641287
0.4587408,3.641287
0.4625,3.641287
0.467198,3.641287
0.475523,3.641287
0.48125,3.641287
0.483718,3.641287
0.4917849,3.641287
0.5,3.641287
0.5076666,3.641287
0.523052,3.641287
0.53125,3.641287
0.5379566,3.641287
0.5523955,3.641287
0.5625,3.641287
0.5663831,3.641287
0.5799336,3.641287
0.5930607,3.641286
0.59375,3.641286
0.6057776,3.641286
0.6180971,3.641286
0.625,3.641286
0.6309574,3.641286
0.6415931,3.641286
0.6527933,3.641286
0.65625,3.641286
0.6636435,3.641286
0.6846658,3.641286
0.6875,3.641286
0.7043742,3.641286
0.71875,3.641286
0.7228508,3.641286
0.7401726,3.641286
0.75,3.641286
0.7564119,3.641286
0.7716361,3.641286
0.78125,3.641286
0.7992896,3.641286
0.8125,3.641285
0.8243784,3.641285
0.84375,3.641285
0.8463311,3.641285
0.8655397,3.641285
0.875,3.641285
0.8970538,3.641285
0.9227904,3.641285
0.9375,3.641285
0.9420928,3.641285
0.9710464,3.641285
1.0,3.641285
1.027344,3.641285
1.054474,3.641284
1.0625,3.641284
1.081392,3.641284
1.1081,3.641284
1.125,3.641284
1.134599,3.641284
1.160891,3.641284
1.186978,3.641284
1.1875,3.641284
1.212861,3.641284
1.238542,3.641284
1.25,3.641284
1.264022,3.641283
1.289303,3.641283
1.3125,3.641283
1.314387,3.641283
1.339274,3.641283
1.363967,3.641283
1.375,3.641283
1.412776,3.641283
1.4375,3.641283
1.460826,3.641283
1.5,3.641282
1.508313,3.641282
1.555058,3.641282
1.5625,3.641282
1.601073,3.641282
1.625,3.641282
1.646368,3.641282
1.6875,3.641282
1.690956,3.641282
1.734848,3.641281
1.75,3.641281
1.778053,3.641281
1.820584,3.641281
1.86245,3.641281
1.875,3.641281
1.903661,3.641281
1.944229,3.64128
1.995262,3.64128
2.0,3.64128
2.062169,3.64128
2.09375,3.64128
2.10026,3.64128
2.174666,3.641279
2.1875,3.641279
2.210999,3.641279
2.28125,3.641279
2.28253,3.641279
2.351826,3.641279
2.375,3.641279
2.418957,3.641278
2.46875,3.641278
2.483989,3.641278
2.546989,3.641278
2.5625,3.641278
2.608021,3.641278
2.65625,3.641277
2.667145,3.641277
2.724422,3.641277
2.75,3.641277
2.779909,3.641277
2.833662,3.641277
2.885735,3.641276
2.93618,3.641276
2.9375,3.641276
2.98505,3.641276
3.079734,3.641275
3.125,3.641275
3.168501,3.641275
3.251719,3.641275
3.3125,3.641274
3.329737,3.641274
3.402878,3.641274
3.471448,3.641274
3.5,3.641274
3.535733,3.641273
3.595999,3.641273
3.6875,3.641273
3.709,3.641273
3.807875,3.641272
3.875,3.641272
3.89439,3.641272
3.981072,3.641271
4.03633,3.641271
4.0625,3.641271
4.152247,3.641271
4.239185,3.64127
4.25,3.64127
4.369593,3.64127
4.4375,3.641269
4.5,3.641269
4.585938,3.641269
4.625,3.641269
4.670532,3.641268
4.753805,3.641268
4.8125,3.641268
4.835777,3.641268
4.916468,3.641267
5.0,3.641267
5.075328,3.641267
5.229224,3.641266
5.3125,3.641265
5.37831,3.641265
5.522738,3.641265
5.625,3.641264
5.665164,3.641264
5.798194,3.641263
5.929501,3.641263
5.9375,3.641263
6.056704,3.641262
6.179932,3.641262
6.25,3.641261
6.299309,3.641261
6.414955,3.641261
6.526988,3.64126
6.5625,3.64126
6.63552,3.64126
6.8458,3.641259
6.875,3.641259
7.042937,3.641258
7.1875,3.641257
7.227754,3.641257
7.401019,3.641256
7.5,3.641256
7.563456,3.641255
7.71574,3.641255
7.8125,3.641254
7.858506,3.641254
7.992349,3.641254
8.125,3.641253
8.243305,3.641252
8.4375,3.641252
8.462893,3.641251
8.655031,3.641251
8.75,3.64125
8.823153,3.64125
8.970259,3.641249
9.227694,3.641248
9.375,3.641247
9.420771,3.641247
9.710385,3.641246
10.0,3.641245
10.21875,3.641244
10.43408,3.641243
10.625,3.641242
10.64605,3.641242
10.8547,3.641241
11.0601,3.64124
11.25,3.641239
11.26229,3.641239
11.46131,3.641238
11.65723,3.641237
11.875,3.641236
12.04294,3.641236
12.4166,3.641234
12.5,3.641233
12.77858,3.641232
13.125,3.641231
13.12925,3.641231
13.46896,3.641229
13.75,3.641228
13.79806,3.641228
14.11687,3.641226
14.375,3.641225
14.42571,3.641225
14.72491,3.641224
15.0,3.641222
15.01476,3.641222
15.29555,3.641221
15.56756,3.64122
15.625,3.64122
15.83107,3.641219
16.25,3.641217
16.34163,3.641216
16.82028,3.641214
16.875,3.641214
17.26901,3.641212
17.5,3.641211
17.6897,3.64121
18.0841,3.641209
18.45384,3.641207
18.75,3.641206
18.80047,3.641205
19.12544,3.641204
19.73476,3.641201
20.0,3.6412
20.26792,3.641199
20.73443,3.641197
20.9375,3.641196
21.14262,3.641195
21.4998,3.641193
21.875,3.641192
22.12485,3.641191
22.59364,3.641189
22.8125,3.641188
23.29682,3.641185
23.75,3.641183
24.0,3.641182
24.59375,3.64118
24.6875,3.641179
25.18286,3.641177
25.625,3.641175
25.76737,3.641174
26.34731,3.641172
26.5625,3.641171
26.92273,3.641169
27.49364,3.641167
27.5,3.641167
28.0601,3.641164
28.62213,3.641162
29.17977,3.641159
29.375,3.641158
29.73305,3.641157
30.28201,3.641154
30.82668,3.641152
31.25,3.64115
31.3671,3.64115
31.9033,3.641147
32.96731,3.641142
33.125,3.641142
34.01469,3.641138
35.0,3.641133
35.04572,3.641133
36.06063,3.641129
36.875,3.641125
37.05968,3.641124
38.04312,3.64112
38.75,3.641117
39.0112,3.641116
39.96415,3.641111
40.625,3.641108
40.90221,3.641107
41.82561,3.641103
42.5,3.6411
42.73459,3.641099
43.62936,3.641095
44.375,3.641092
44.51015,3.641091
45.37718,3.641087
46.23066,3.641083
46.25,3.641083
47.07081,3.64108
47.89783,3.641076
48.125,3.641075
48.71192,3.641072
50.0,3.641067
50.31467,3.641065
51.86734,3.641058
53.125,3.641053
53.37149,3.641052
54.82863,3.641045
56.24023,3.641039
56.25,3.641039
57.60773,3.641033
58.93249,3.641027
59.375,3.641025
60.21585,3.641021
61.45911,3.641016
62.5,3.641011
62.66351,3.64101
63.83028,3.641005
64.96058,3.641
65.625,3.640997
66.05556,3.640995
68.17709,3.640986
68.75,3.640983
70.16602,3.640977
71.875,3.640969
72.03064,3.640969
73.77872,3.640961
75.0,3.640955
75.41756,3.640953
76.95396,3.640947
78.125,3.640941
78.39434,3.64094
79.74469,3.640934
81.25,3.640928
82.2766,3.640923
84.375,3.640914
84.49203,3.640913
86.43053,3.640904
87.5,3.6409
88.12671,3.640897
89.61087,3.64089
92.20815,3.640879
93.75,3.640872
94.15611,3.64087
97.07806,3.640857
100.0,3.640844
103.3125,3.640829
106.25,3.640816
106.418,3.640816
109.3293,3.640803
112.0588,3.64079
112.5,3.640788
114.6176,3.640779
117.0165,3.640768
118.75,3.640761
121.3739,3.640749
125.0,3.640733
125.3271,3.640731
128.7863,3.640716
131.25,3.640705
131.813,3.640703
134.4614,3.640691
136.7787,3.64068
137.5,3.640677
140.834,3.640662
143.75,3.640649
143.8755,3.640649
148.4378,3.640629
150.0,3.640622
153.0,3.640608
156.25,3.640594
156.3086,3.640594
159.6043,3.640579
162.5,3.640566
162.8871,3.640564
166.157,3.64055
168.75,3.640538
169.4142,3.640535
172.6587,3.640521
175.0,3.64051
175.8905,3.640506
179.1097,3.640492
182.3163,3.640478
187.5,3.640455
188.7044,3.640449
195.0427,3.640421
200.0,3.640399
201.3314,3.640393
207.571,3.640365
209.375,3.640357
213.7619,3.640338
218.75,3.640316
219.9044,3.640311
225.9989,3.640283
228.125,3.640274
232.0457,3.640256
237.5,3.640232
238.0454,3.64023
243.9981,3.640203
246.875,3.64019
249.9044,3.640177
255.7645,3.640151
256.25,3.640149
261.5789,3.640125
265.625,3.640107
267.3478,3.640099
273.0716,3.640074
275.0,3.640065
278.7507,3.640049
284.3855,3.640024
289.9762,3.639999
293.75,3.639982
295.5233,3.639974
301.027,3.63995
306.4878,3.639925
311.9058,3.639901
312.5,3.639898
322.6573,3.639853
331.25,3.639815
333.2408,3.639806
343.6589,3.63976
350.0,3.639732
353.9142,3.639714
364.0093,3.639669
368.75,3.639648
373.9467,3.639625
383.7288,3.639581
387.5,3.639565
393.358,3.639539
402.8368,3.639496
406.25,3.639481
412.1675,3.639455
421.3524,3.639414
425.0,3.639398
430.3937,3.639374
439.2938,3.639334
443.75,3.639314
448.0549,3.639295
456.679,3.639257
462.5,3.639231
465.1684,3.639219
473.5251,3.639182
481.25,3.639148
489.9775,3.639109
500.0,3.639064
505.9157,3.639038
521.3558,3.638969
531.25,3.638925
536.3135,3.638902
550.8037,3.638838
562.5,3.638786
564.8411,3.638776
578.4398,3.638715
591.6136,3.638656
593.75,3.638647
604.3756,3.6386
616.7389,3.638545
625.0,3.638508
628.7158,3.638491
640.3185,3.63844
656.25,3.638369
662.7986,3.63834
683.8737,3.638246
687.5,3.63823
703.6316,3.638158
718.75,3.638091
722.1546,3.638075
739.5199,3.637998
750.0,3.637952
755.7999,3.637926
771.0624,3.637858
781.25,3.637812
785.3711,3.637794
812.1997,3.637675
812.5,3.637673
835.6747,3.63757
843.75,3.637534
856.2155,3.637479
874.1885,3.637399
875.0,3.637395
889.9149,3.637329
917.4362,3.637206
937.5,3.637117
938.0771,3.637115
969.0386,3.636977
1000.0,3.636839
1033.25,3.636691
1062.344,3.636562
1062.5,3.636561
1087.801,3.636448
1110.076,3.636349
1125.0,3.636283
1149.057,3.636176
1178.292,3.636046
1187.5,3.636005
1222.146,3.63585
1250.0,3.635726
1266.0,3.635655
1311.875,3.635451
1312.5,3.635448
1354.883,3.63526
1375.0,3.63517
1395.203,3.63508
1433.002,3.634912
1437.5,3.634892
1468.44,3.634754
1500.0,3.634614
1501.662,3.634607
1562.5,3.634336
1563.955,3.634329
1618.46,3.634087
1625.0,3.634058
1666.153,3.633875
1687.5,3.63378
1707.884,3.633689
1744.398,3.633526
1750.0,3.633501
1808.299,3.633242
1856.224,3.633029
1875.0,3.632945
1928.112,3.632709
2000.0,3.632389
2062.5,3.632111
2093.75,3.631972
2121.094,3.63185
2176.025,3.631606
2187.5,3.631555
2279.022,3.631147
2281.25,3.631137
2369.145,3.630746
2375.0,3.63072
2448.001,3.630395
2468.75,3.630303
2517.001,3.630088
2562.5,3.629886
2637.751,3.629551
2656.25,3.629469
2728.313,3.629148
2750.0,3.629051
2864.157,3.628543
2937.5,3.628217
3000.0,3.627939
3125.0,3.627383
3234.375,3.626896
3312.5,3.626548
3425.781,3.626044
3500.0,3.625714
3569.336,3.625405
3687.5,3.624879
3784.668,3.624447
3875.0,3.624045
4000.0,3.623489
4062.5,3.623211
4250.0,3.622376
4437.5,3.621542
4500.0,3.621264
4625.0,3.620707
4812.5,3.619873
5000.0,3.619039
5312.5,3.617648
5500.0,3.616814
5625.0,3.616257
5937.5,3.614867
6000.0,3.614589
6250.0,3.613476
6562.5,3.612085
6625.0,3.611807
6875.0,3.610695
7000.0,3.610138
7187.5,3.609304
7250.0,3.609026
7500.0,3.607913
7625.0,3.607357
7812.5,3.606523
8000.0,3.605688
8125.0,3.605132
8392.0,3.603944
8437.5,3.603741
8750.0,3.602351
9000.0,3.601238
9375.0,3.599569
10000.0,3.596788
10500.0,3.594563
11000.0,3.592338
11626.13,3.590999
12252.25,3.589659
12878.38,3.58832
13504.5,3.586981
14130.63,3.585641
14756.75,3.584302
15382.88,3.582962
16009.0,3.581623
16756.75,3.58345
17504.5,3.585276
18252.25,3.587103
19000.0,3.588929
20000.0,3.602003
21000.0,3.615077
21902.0,3.642996
23000.0,3.712793
23359.0,3.752707
24572.0,4.065145
25000.0,4.345764
25146.0,4.491075
25556.0,5.171302
25889.0,6.375845
26208.0,9.200167
26400.0,13.28148
26436.0,14.49429
26450.0,15.02409
26500.0,17.24272
26550.0,20.11515
26600.0,23.90242
26640.0,27.84601
26650.0,28.99276
26700.0,35.96511
26750.0,45.66403
26754.0,46.59006
26800.0,59.2202
26830.0,69.69867
26850.0,77.75121
26900.0,101.0117
26906.0,103.9664
26950.0,124.2157
26959.0,127.5852
27000.0,136.3257
27004.0,136.4786
27035.0,133.2059
27050.0,129.0697
27080.0,117.3266
27100.0,108.0686
27103.0,106.6404
27148.0,85.67175
27150.0,84.79647
27200.0,65.41966
27217.0,59.97401
27250.0,50.92837
27300.0,40.43126
27330.0,35.58217
27350.0,32.82395
27400.0,27.23552
27406.0,26.66924
27450.0,23.05503
27500.0,19.86792
27505.0,19.59215
27550.0,17.39351
27600.0,15.4398
27650.0,13.8734
27679.0,13.10398
27700.0,12.60001
27750.0,11.55183
27800.0,10.67928
27998.0,8.347431
28000.0,8.330286
28316.0,6.486283
28726.0,5.388077
29302.0,4.695608
29863.0,4.371523
30000.0,4.317896
30947.0,4.085248
32000.0,3.968402
32784.0,3.924769
34000.0,3.895764
35211.0,3.896798
36000.0,3.909947
37534.0,3.962755
38000.0,3.986706
40000.0,4.147144
40030.0,4.150473
41902.0,4.447839
43420.0,4.92209
43500.0,4.957569
43580.0,4.995026
43636.0,5.021246
45057.0,6.079407
45200.0,6.248149
45500.0,6.66363
45716.0,7.026817
45800.0,7.185761
46100.0,7.854068
46300.0,8.40885
46400.0,8.727588
46700.0,9.896873
46836.0,10.56011
47000.0,11.50448
47300.0,13.77948
47408.0,14.82727
47600.0,17.09088
47814.0,20.39017
47900.0,22.00201
48135.0,27.40727
48200.0,29.17644
48500.0,38.50542
48517.0,39.05308
48731.0,45.15873
48800.0,46.51226
48862.0,47.32868
49017.0,47.40496
49100.0,46.2636
49172.0,44.6908
49327.0,40.0152
49400.0,37.48191
49542.0,32.48796
49700.0,27.36129
49709.0,27.091
49959.0,20.6416
50000.0,19.77331
50281.0,15.02005
50300.0,14.76339
50600.0,11.51459
50650.0,11.09407
50900.0,9.366955
51091.0,8.375104
51200.0,7.904637
51500.0,6.878234
51663.0,6.44717
51800.0,6.137309
52100.0,5.588973
52485.0,5.075298
53558.0,4.264678
54000.0,4.075396
54845.0,3.832439
55803.0,3.668062
57746.0,3.506369
58000.0,3.494676
60000.0,3.442992
61718.0,3.435
62000.0,3.435843
64000.0,3.455448
64930.0,3.471831
66000.0,3.496054
68000.0,3.557267
68282.0,3.567685
70000.0,3.641954
71296.0,3.711926
72000.0,3.755816
74000.0,3.907825
74423.0,3.946026
76000.0,4.111401
77972.0,4.381844
78000.0,4.386335
79803.0,4.720369
80000.0,4.763107
82000.0,5.287071
82550.0,5.465617
84000.0,6.029343
85872.0,7.019299
86000.0,7.100636
88000.0,8.670926
88966.0,9.677462
90000.0,10.98216
92000.0,14.29714
92061.0,14.41559
93926.0,18.44424
94000.0,18.61513
96000.0,22.98708
96020.0,23.02422
97112.0,24.65731
98000.0,25.27533
98022.0,25.28158
98932.0,25.15866
99796.0,24.41938
100000.0,24.1722
100980.0,22.70843
102000.0,20.90262
103070.0,18.94988
104000.0,17.3351
105850.0,14.55108
106000.0,14.35292
108000.0,12.08118
108400.0,11.702
110000.0,10.39121
110630.0,9.952837
112000.0,9.128558
113450.0,8.412423
114000.0,8.175361
115840.0,7.493961
116045.0,7.428099
116249.9,7.362268
116250.0,7.362236
116250.1,7.36221
119880.0,6.432466
120000.0,6.407585
121670.0,6.09201
122640.0,5.931203
125190.0,5.571674
126400.0,5.427279
130000.0,5.071801
130050.0,5.067508
134240.0,4.754164
140000.0,4.429224
141100.0,4.37672
148500.0,4.080901
150000.0,4.031333
156570.0,3.846611
165190.0,3.663916
172900.0,3.538767
173400.0,3.531675
173500.0,3.530257
173700.0,3.52742
174100.0,3.521747
183200.0,3.411806
185860.0,3.385782
190000.0,3.351064
192590.0,3.33322
197510.0,3.308718
200000.0,3.30173
200010.0,3.301714
201100.0,3.299955
207460.0,3.308001
210000.0,3.321294
210720.0,3.326581
211590.0,3.33297
218630.0,3.419427
219340.0,3.431792
220000.0,3.443286
227030.0,3.601478
228620.0,3.644702
230000.0,3.683996
235970.0,3.866324
239060.0,3.96232
239330.0,3.970708
240000.0,3.991523
243550.0,4.095824
245300.0,4.143758
250000.0,4.258592
250170.0,4.262746
250700.0,4.274212
252000.0,4.302337
252760.0,4.318779
254000.0,4.345606
254560.0,4.357721
256000.0,4.390824
258000.0,4.445712
258500.0,4.462329
259240.0,4.490188
260000.0,4.524097
261190.0,4.592511
262000.0,4.654246
262510.0,4.701682
262850.0,4.737806
264000.0,4.894119
264310.0,4.947392
265870.0,5.315708
266000.0,5.355553
267430.0,5.909639
268000.0,6.192558
268470.0,6.447411
268500.0,6.465054
269560.0,7.088436
269580.0,7.100198
270000.0,7.342392
270260.0,7.484573
270910.0,7.797558
270940.0,7.810178
271530.0,8.019072
272000.0,8.12798
273480.0,8.157811
274000.0,8.083438
276000.0,7.638659
276060.0,7.624577
276110.0,7.612842
276600.0,7.497841
278000.0,7.205041
278350.0,7.142499
280000.0,6.927286
280110.0,6.919375
281580.0,7.076841
282000.0,7.593005
282160.0,8.19096
283720.0,6.00912
284000.0,6.033975
286000.0,6.026114
286840.0,5.997809
287110.0,5.988711
288000.0,5.958721
290000.0,5.895415
290250.0,5.888357
290680.0,5.876217
292960.0,5.820439
294730.0,5.785649
295000.0,5.780342
299220.0,5.71894
300000.0,5.709923
303810.0,5.672163
304500.0,5.665324
305000.0,5.660369
307590.0,5.622393
308730.0,5.533531
309130.0,5.297601
309260.0,5.458106
309330.0,5.697004
309410.0,5.788494
309490.0,5.791783
309540.0,5.783234
309640.0,5.763518
309740.0,5.746565
310000.0,5.717015
310130.0,5.707349
311010.0,5.674729
311970.0,5.659801
315000.0,5.637674
316440.0,5.63114
317230.0,5.627555
320000.0,5.617231
323650.0,5.605335
325000.0,5.600935
329040.0,5.587769
330000.0,5.58464
335000.0,5.568344
335920.0,5.565346
339440.0,5.552382
340000.0,5.550319
343540.0,5.53599
345000.0,5.53008
348370.0,5.514953
350000.0,5.507636
354390.0,5.485881
355000.0,5.482858
360000.0,5.455709
363160.0,5.436725
365000.0,5.425672
365740.0,5.421226
367240.0,5.412215
370000.0,5.395634
370810.0,5.390768
370960.0,5.389867
375000.0,5.367709
376210.0,5.362896
378610.0,5.360624
379230.0,5.363451
379410.0,5.364272
380000.0,5.369705
381570.0,5.407651
381730.0,5.415057
382690.0,5.492542
383000.0,5.539821
383680.0,5.747951
383730.0,5.774093
384490.0,6.905753
385050.0,14.7512
385310.0,12.85929
385760.0,6.196749
385960.0,5.678659
386000.0,5.616108
386020.0,5.588115
386180.0,5.422081
386310.0,5.337625
386570.0,5.238605
387110.0,5.155185
387540.0,5.129458
388190.0,5.110951
388360.0,5.107977
388520.0,5.105178
389000.0,5.098438
389010.0,5.098298
390700.0,5.07747
392000.0,5.059435
393820.0,5.02955
395000.0,5.007267
397620.0,4.949682
398960.0,4.915832
400000.0,4.887444
404000.0,4.760378
406340.0,4.673402
407690.0,4.620342
408000.0,4.608158
411380.0,4.495084
412000.0,4.487093
412820.0,4.492636
414850.0,4.690043
416000.0,5.092931
416760.0,5.620655
416840.0,5.693839
418230.0,7.653597
419300.0,9.626275
420000.0,10.36852
420480.0,10.44819
421150.0,10.11065
421610.0,9.719148
421910.0,9.439398
422000.0,9.355473
422390.0,8.994658
423130.0,8.369626
424000.0,7.766353
424310.0,7.584369
425770.0,6.911564
426900.0,6.542994
427760.0,6.321872
428000.0,6.267248
428590.0,6.143894
430680.0,5.800992
431740.0,5.666454
432000.0,5.6364
434230.0,5.414539
436000.0,5.271947
439180.0,5.061532
440000.0,5.01388
444000.0,4.805888
445660.0,4.728298
446090.0,4.708199
448000.0,4.622963
449040.0,4.577694
452000.0,4.451476
456000.0,4.282184
460000.0,4.107114
461060.0,4.058703
461970.0,4.016212
465590.0,3.836103
470000.0,3.58208
475000.0,3.222418
475100.0,3.214182
475340.0,3.194417
480000.0,2.977916
481580.0,2.696549
484370.0,2.508979
485000.0,2.502552
486320.0,2.552558
487000.0,2.618617
487820.0,2.739091
488170.0,2.804257
489000.0,2.989647
489920.0,3.23744
490500.0,3.409101
490940.0,3.54312
492000.0,3.865984
492750.0,4.080759
494000.0,4.391297
494060.0,4.404434
494800.0,4.552324
496000.0,4.737869
496160.0,4.757894
497330.0,4.87824
497570.0,4.900439
498050.0,4.96146
498800.0,5.945605
500000.0,5.079257
501080.0,5.04603
505000.0,4.97257
505140.0,4.968781
507710.0,4.899225
509520.0,4.846892
510000.0,4.833014
511270.0,4.796294
514010.0,4.719175
517850.0,4.618101
518400.0,4.604618
520000.0,4.565394
523950.0,4.475363
528780.0,4.37557
529510.0,4.361391
530000.0,4.351874
540000.0,4.174329
541970.0,4.141904
550000.0,4.013969
556060.0,3.918054
556470.0,3.911565
560000.0,3.853955
564080.0,3.784082
569010.0,3.691899
570000.0,3.671953
575000.0,3.560829
579580.0,3.438587
580000.0,3.426188
582990.0,3.332489
584650.0,3.278359
585000.0,3.266946
587000.0,3.208773
587320.0,3.201385
588310.0,3.185177
589000.0,3.182815
590850.0,3.251212
591000.0,3.264783
592250.0,3.470529
593000.0,3.729638
593520.0,4.018864
594930.0,5.465604
595000.0,5.55175
595470.0,6.068496
596200.0,6.494006
596900.0,6.534054
597000.0,6.524375
597180.0,6.501747
597890.0,6.377149
598590.0,6.23464
599000.0,6.148785
599300.0,6.085965
600150.0,5.907974
600560.0,5.824079
601000.0,5.736274
601970.0,5.55347
603000.0,5.378562
603800.0,5.257025
604230.0,5.196711
605000.0,5.096936
606620.0,4.917634
609120.0,4.704822
610000.0,4.643928
613240.0,4.463718
617750.0,4.288448
619580.0,4.233145
620000.0,4.221494
620280.0,4.213727
621270.0,4.187672
623940.0,4.131834
626480.0,4.075642
635350.0,3.934636
640000.0,3.876855
641110.0,3.86417
648450.0,3.788432
661270.0,3.679737
667690.0,3.632609
677770.0,3.565684
680000.0,3.55191
680280.0,3.550181
685240.0,3.520833
696490.0,3.461065
700000.0,3.444755
703970.0,3.4281
710000.0,3.407669
712160.0,3.402245
720000.0,3.395085
725350.0,3.406086
730000.0,3.428549
734830.0,3.460326
735560.0,3.465129
740000.0,3.486115
743750.0,3.484747
748430.0,3.453105
750000.0,3.436513
750770.0,3.427613
753500.0,3.393338
755310.0,3.369295
758180.0,3.331172
760000.0,3.306997
766760.0,3.225325
770000.0,3.191006
773240.0,3.160268
774170.0,3.152228
774320.0,3.150931
780000.0,3.112251
784560.0,3.10347
785090.0,3.1047
790000.0,3.156315
791870.0,3.204059
797570.0,3.469259
797720.0,3.477498
800000.0,3.59041
803030.0,3.666564
806500.0,3.639089
806930.0,3.630081
810000.0,3.551242
812350.0,3.48678
820000.0,3.313604
820980.0,3.296028
825510.0,3.225445
828170.0,3.190687
830000.0,3.169087
832830.0,3.138917
833850.0,3.128943
840000.0,3.079806
841600.0,3.07135
844380.0,3.065448
847300.0,3.08664
848920.0,3.129404
850000.0,3.186071
852570.0,3.578312
854710.0,4.825934
854770.0,4.882344
856860.0,5.989394
858030.0,5.191423
858420.0,4.912631
859390.0,4.362901
860000.0,4.117176
860370.0,3.997467
861340.0,3.760401
863100.0,3.503756
863540.0,3.460369
864660.0,3.372607
866800.0,3.262232
870000.0,3.167456
870860.0,3.14979
870900.0,3.148968
878170.0,3.058669
879870.0,3.046249
880000.0,3.045299
890000.0,3.004053
894300.0,2.998575
894370.0,2.998486
897180.0,2.998485
900000.0,3.001389
910000.0,3.03844
910100.0,3.038811
920000.0,3.12494
923360.0,3.167352
923510.0,3.169245
926760.0,3.222725
930000.0,3.315144
930770.0,3.329976
935450.0,3.28769
940000.0,3.28934
941300.0,3.286773
943660.0,3.276947
949880.0,3.223013
950000.0,3.221972
955540.0,3.154972
958460.0,3.118579
960000.0,3.099385
961970.0,3.075888
967040.0,3.02044
970000.0,2.991887
977180.0,2.934334
980000.0,2.916003
980280.0,2.914183
990000.0,2.866087
997660.0,2.841343
997890.0,2.8406
998100.0,2.636678
1000000.0,2.479263
1010000.0,1.689695
1016200.0,2.176555
1017100.0,2.27706
1019100.0,2.27414
1020000.0,2.27324
1030000.0,2.26369
1036600.0,2.26131
1040000.0,2.23683
1047800.0,2.18286
1050000.0,2.16434
1056300.0,2.125299
1058100.0,2.121881
1060000.0,2.118772
1070000.0,2.113256
1072900.0,2.1141
1075600.0,2.12152
1080000.0,2.12893
1088800.0,2.184489
1090000.0,2.19779
1096500.0,2.327248
1098300.0,2.379463
1100000.0,2.448841
1104400.0,2.69114
1108600.0,3.026182
1109700.0,3.109309
1110000.0,3.12251
1111600.0,3.222362
1113100.0,3.258439
1116900.0,3.019731
1118000.0,2.909072
1120000.0,2.647334
1122200.0,2.40662
1130000.0,1.930865
1131300.0,1.897859
1132200.0,1.87929
1132700.0,1.868791
1140000.0,1.80027
1143100.0,1.79827
1150000.0,1.83117
1150200.0,1.83266
1152900.0,1.863839
1160000.0,1.98365
1166300.0,2.151959
1169200.0,2.265192
1170000.0,2.28554
1179800.0,2.707937
1180000.0,2.715773
1188500.0,2.82198
1190000.0,2.852909
1191200.0,2.897781
1200000.0,3.081902
1203000.0,3.08613
1208700.0,3.04547
1210000.0,3.040371
1213100.0,3.033381
1216600.0,3.04017
1220000.0,3.086549
1224600.0,3.206383
1224800.0,3.20611
1230000.0,3.384603
1231400.0,3.449209
1234500.0,3.549437
1237500.0,3.604701
1238000.0,3.60733
1239800.0,3.60871
1240000.0,3.607
1247000.0,3.385801
1250000.0,3.348971
1251100.0,3.34985
1256300.0,3.264528
1260000.0,3.086402
1264800.0,2.89814
1265800.0,2.84249
1270000.0,2.62831
1271800.0,2.811843
1273500.0,3.778871
1274300.0,4.39552
1275000.0,4.664135
1276200.0,4.320206
1277500.0,3.574678
1277800.0,3.424662
1279000.0,3.196483
1279400.0,3.238474
1280000.0,3.251181
1281400.0,3.03041
1283300.0,2.876602
1284900.0,2.848572
1287600.0,2.92541
1290000.0,3.10887
1292000.0,3.26881
1292500.0,3.297859
1294900.0,3.468822
1298000.0,3.576848
1300000.0,3.55166
1301100.0,3.509231
1308800.0,3.120089
1310000.0,3.10982
1317700.0,3.008892
1318500.0,2.98952
1320000.0,2.945313
1321300.0,2.920957
1329100.0,2.966051
1330000.0,2.97347
1333000.0,2.97288
1340000.0,2.88725
1346700.0,2.795101
1348700.0,2.759829
1350000.0,2.744762
1360000.0,2.613659
1368600.0,2.52556
1370000.0,2.510769
1379200.0,2.44029
1380000.0,2.43275
1390000.0,2.348639
1392900.0,2.32788
1400000.0,2.27909
1409500.0,2.224
1410000.0,2.22327
1412000.0,2.21971
1416500.0,2.20451
1417000.0,2.20289
1417500.0,2.201402
1420000.0,2.19396
1430000.0,2.16369
1432000.0,2.15868
1434000.0,2.15414
1436000.0,2.14995
1438000.0,2.14612
1440000.0,2.14266
1442000.0,2.13336
1443700.0,2.12576
1444000.0,2.12444
1446000.0,2.115891
1448000.0,2.1077
1450000.0,2.09985
1452000.0,2.0937
1454000.0,2.08759
1456000.0,2.082041
1458000.0,2.07728
1460000.0,2.07236
1462000.0,2.06857
1463700.0,2.06589
1464000.0,2.06549
1466000.0,2.06321
1468000.0,2.03979
1470000.0,2.03892
1470900.0,2.043111
1472000.0,2.044769
1474000.0,2.0441
1476000.0,2.04401
1478000.0,2.04227
1480000.0,2.04224
1482000.0,2.0425
1484000.0,2.0417
1486000.0,2.04316
1488000.0,2.04442
1489500.0,2.045059
1490000.0,2.04458
1492200.0,2.04996
1492700.0,2.04834
1496600.0,2.05398
1500000.0,2.060191
1509200.0,2.09724
1520000.0,2.153019
1527300.0,2.23301
1535400.0,2.32704
1536500.0,2.33964
1540000.0,2.37973
1540200.0,2.382039
1559800.0,2.571539
1560000.0,2.57196
1566000.0,2.48405
1580000.0,2.730729
1583800.0,2.75829
1593100.0,2.79056
1600000.0,2.79224
1603900.0,2.78656
1620000.0,2.67892
1624100.0,2.737699
1626000.0,2.74519
1636500.0,2.83502
1636507.0,2.835205
1636700.0,2.840312
1640000.0,2.984103
1641000.0,3.048944
1646800.0,3.512878
1650300.0,3.457219
1656100.0,3.090183
1660000.0,2.91667
1666800.0,2.722261
1676100.0,2.586831
1680000.0,2.53545
1687500.0,2.488399
1689100.0,2.469221
1690000.0,2.460222
1700000.0,2.402721
1701100.0,2.39862
1720000.0,2.26199
1736100.0,2.15913
1740000.0,2.13553
1754100.0,2.05431
1760000.0,2.02217
1780000.0,1.921151
1786600.0,1.890501
1800000.0,1.83246
1827000.0,1.73677
1830000.0,1.727166
1850000.0,1.663137
1854800.0,1.64777
1872700.0,1.60166
1888500.0,1.59437
1902000.0,1.62662
1920000.0,1.760826
1923100.0,1.783939
1925000.0,1.825732
1925600.0,1.83893
1932800.0,1.957081
1950700.0,2.328422
1975000.0,2.593559
1977800.0,2.62411
1985700.0,2.65336
1993600.0,2.572351
2000000.0,2.50083
2009200.0,2.508783
2030000.0,2.223035
2033600.0,2.173579
2037600.0,2.118271
2072900.0,1.843048
2085000.0,1.782774
2110000.0,1.658241
2118400.0,1.616398
2150000.0,1.53141
2160500.0,1.50317
2180000.0,1.411649
2183100.0,1.397099
2190000.0,1.36255
2200000.0,1.405801
2211600.0,1.454029
2224200.0,1.620734
2230000.0,1.819557
2238900.0,2.124647
2242400.0,2.233576
2249200.0,2.133408
2264000.0,1.911751
2265000.0,1.914189
2278800.0,1.947834
2299200.0,1.744975
2300000.0,1.740019
2319700.0,1.617985
2326100.0,1.533028
2331100.0,1.466742
2340000.0,1.520185
2348200.0,1.569425
2370000.0,1.581751
2383400.0,1.589327
2400000.0,1.6819
2411200.0,1.73926
2423200.0,1.800805
2466500.0,2.134332
2480000.0,2.1238
2491500.0,2.114828
2500000.0,2.170029
2523300.0,2.32115
2533600.0,2.346385
2547200.0,2.307884
2550400.0,2.297514
2580000.0,2.197063
2600000.0,2.12919
2608000.0,2.10055
2647300.0,1.960035
2660000.0,1.985025
2687200.0,2.038548
2700000.0,1.980449
2772500.0,1.65137
2780000.0,1.650852
2800000.0,1.649471
2807400.0,1.64896
2830000.0,1.646083
2847600.0,1.643842
2920000.0,1.461845
2927600.0,1.44274
2970000.0,1.338704
2992000.0,1.284723
2994300.0,1.2925
3000000.0,1.311639
3008000.0,1.3386
3020000.0,1.461079
3047800.0,1.744821
3063800.0,1.733537
3084200.0,1.306219
3093300.0,1.300539
3100000.0,1.373681
3120000.0,1.592014
3125200.0,1.648781
3170000.0,1.28329
3173000.0,1.258815
3200000.0,1.27553
3204800.0,1.278571
3206100.0,1.28459
3230000.0,1.392859
3234400.0,1.412791
3251500.0,1.422705
3270800.0,1.357313
3280000.0,1.310905
3300000.0,1.210018
3336800.0,1.024385
3340000.0,1.025221
3358100.0,1.02995
3359500.0,1.030336
3386800.0,1.160912
3400000.0,1.32828
3414100.0,1.507059
3427800.0,1.559525
3442600.0,1.484928
3460000.0,1.231563
3465300.0,1.154388
3489200.0,1.175017
3500000.0,1.281181
3505100.0,1.331314
3520000.0,1.08305
3524500.0,1.008071
3540400.0,0.9381162
3580000.0,1.314458
3584800.0,1.360075
3600000.0,1.33995
3604800.0,1.33373
3615500.0,1.319822
3642800.0,1.451915
3665500.0,1.426109
3704200.0,0.8691689
3744000.0,0.9425615
3773600.0,1.191055
3800000.0,1.208042
3804100.0,1.21068
3835000.0,1.22426
3850000.0,1.149782
3860100.0,1.099634
3899900.0,1.094938
3917000.0,1.181968
3953400.0,1.177186
3990900.0,0.9874302
4000000.0,0.9782602
4018900.0,0.9596892
4023400.0,0.97791
4081000.0,1.21365
4112100.0,1.279981
4114400.0,1.274789
4114434.0,1.27471
4134300.0,1.228397
4150000.0,1.162043
4196500.0,0.9655153
4200000.0,0.9618499
4210300.0,0.9449472
4211318.0,0.9431894
4216500.0,0.9342413
4226000.0,1.066269
4230000.0,1.122241
4246100.0,1.347528
4250000.0,1.401582
4250300.0,1.40574
4252100.0,1.431067
4265400.0,1.503325
4296500.0,1.419514
4300000.0,1.385842
4310000.0,1.291102
4340900.0,0.9983552
4350000.0,1.02384
4400000.0,1.203829
4403100.0,1.214695
4432000.0,1.182368
4500800.0,1.403783
4556300.0,1.361485
4600000.0,1.27889
4610400.0,1.25384
4610441.0,1.253739
4662900.0,1.124918
4687400.0,1.192959
4700000.0,1.13123
4745100.0,0.9116704
4790519.0,0.9426658
4796800.0,0.9469522
4798400.0,0.9474545
4798900.0,0.946528
4799997.0,0.9448747
4800000.0,0.9448702
4854000.0,0.9330101
4894800.0,0.9961799
4900000.0,1.00425
4905000.0,1.012195
4931600.0,0.9848797
4931634.0,0.9848423
4942800.0,0.9725717
4970000.0,0.8148803
4976100.0,0.7788635
5000000.0,0.7939099
5000500.0,0.7940153
5030000.0,0.85913
5045000.0,0.8951111
5100000.0,0.9706398
5129400.0,1.006062
5137000.0,1.00065
5170000.0,0.9771401
5200000.0,0.96224
5213800.0,0.9553673
5250000.0,0.8855299
5300000.0,0.7838783
5304800.0,0.7741197
5377100.0,0.8979901
5400000.0,0.9350102
5420000.0,0.972381
5440300.0,1.009739
5500000.0,0.98816
5560200.0,0.9647385
5593600.0,0.884689
5600000.0,0.8833401
5623500.0,0.8790806
5650900.0,0.873449
5693500.0,0.8646932
5700000.0,0.8824509
5716200.0,0.930152
5718300.0,0.936249
5733500.0,0.9803794
5754100.0,0.97743
5791000.0,0.9711599
5800000.0,0.96839
5811200.0,0.9670594
5834100.0,0.91991
5834134.0,0.9198391
5866700.0,0.8519737
5870000.0,0.8605599
5900000.0,0.94264
5908900.0,0.9669741
5919435.0,0.925172
5920000.0,0.9229301
5928900.0,0.8876155
5939444.0,0.8450214
5968900.0,0.7260292
5980000.0,0.7201999
6000000.0,0.70689
6029850.0,0.6898274
6059700.0,0.6727648
6074200.0,0.71646
6099200.0,0.7914885
6100000.0,0.7913318
6130000.0,0.7874559
6160000.0,0.78358
6195700.0,0.785191
6200000.0,0.7776007
6222850.0,0.737266
6250000.0,0.689341
6258500.0,0.6743392
6279100.0,0.6380188
6300000.0,0.64023
6325000.0,0.639675
6350000.0,0.63912
6375000.0,0.638565
6400000.0,0.63801
6424625.0,0.6341513
6449250.0,0.6302927
6473875.0,0.626434
6498500.0,0.6225753
6500000.0,0.6250901
6555500.0,0.7178369
6590000.0,0.69952
6617000.0,0.689366
6658500.0,0.588733
6700000.0,0.4881
6726700.0,0.4247688
6750000.0,0.4388649
6800000.0,0.4692301
6810000.0,0.4725106
6853900.0,0.5725654
6911950.0,0.5619828
6970000.0,0.5514001
6998700.0,0.549443
7000000.0,0.5513
7100000.0,0.6994001
7112800.0,0.7215841
7180000.0,0.7258
7200000.0,0.7311601
7220000.0,0.73652
7250000.0,0.72741
7262000.0,0.723706
7280000.0,0.7176
7350000.0,0.6862846
7354100.0,0.6844504
7400000.0,0.6848
7500000.0,0.7181001
7520000.0,0.7271998
7573500.0,0.7476487
7600000.0,0.7325933
7670000.0,0.6928
7674400.0,0.6907533
7700000.0,0.7169001
7753400.0,0.76379
7830000.0,0.68217
7849900.0,0.6640049
7900000.0,0.67907
7950000.0,0.685436
7958200.0,0.68648
8000000.0,0.6913601
8130000.0,0.70117
8143900.0,0.7013574
8301900.0,0.7545848
8330000.0,0.7450401
8407200.0,0.72611
8417400.0,0.72381
8500000.0,0.7044201
8631000.0,0.6634151
8660000.0,0.70952
8700000.0,0.7776201
8701200.0,0.7797917
8720000.0,0.78118
8860000.0,0.77492
9000000.0,0.7787399
9007261.0,0.778483
9014522.0,0.7782262
9021783.0,0.7779693
9029044.0,0.7777124
9036305.0,0.7774556
9043566.0,0.7771987
9050827.0,0.7769418
9058088.0,0.776685
9065349.0,0.7764281
9072610.0,0.7761713
9079871.0,0.7759144
9087132.0,0.7756575
9094393.0,0.7754007
9101654.0,0.7751438
9108915.0,0.7748869
9116175.0,0.7746301
9123436.0,0.7743732
9130697.0,0.7741164
9137958.0,0.7738595
9145219.0,0.7736026
9152480.0,0.7733458
9159741.0,0.7730889
9167002.0,0.772832
9174263.0,0.7725752
9181524.0,0.7723183
9188785.0,0.7720615
9196046.0,0.7718046
9203307.0,0.7715477
9210568.0,0.7712909
9217829.0,0.771034
9225090.0,0.7707771
9232350.0,0.7705203
9239611.0,0.7702634
9246872.0,0.7700066
9254133.0,0.7697497
9261394.0,0.7694928
9268655.0,0.769236
9275916.0,0.7689791
9283177.0,0.7687222
9290438.0,0.7684654
9297699.0,0.7682085
9304960.0,0.7679517
9312221.0,0.7676948
9319482.0,0.7674379
9326743.0,0.7671811
9334004.0,0.7669242
9341265.0,0.7666673
9348525.0,0.7664105
9355786.0,0.7661536
9363047.0,0.7658968
9370308.0,0.7656399
9377569.0,0.765383
9384830.0,0.7651262
9392091.0,0.7648693
9399352.0,0.7646124
9406613.0,0.7643556
9413874.0,0.7640987
9421135.0,0.7638419
9428396.0,0.763585
9435657.0,0.7633281
9442918.0,0.7630713
9450179.0,0.7628144
9457440.0,0.7625575
9464700.0,0.7623007
9473525.0,0.7607905
9482350.0,0.7592804
9491175.0,0.7577702
9500000.0,0.75626
9527400.0,0.7511386
9554800.0,0.7460172
9582200.0,0.7408958
9609600.0,0.7357744
9637000.0,0.730653
9664400.0,0.7255316
9691800.0,0.7204102
9719200.0,0.7152888
9735650.0,0.7195234
9752100.0,0.7237581
9768550.0,0.7279927
9785000.0,0.7322274
9801450.0,0.736462
9817900.0,0.7406967
9834350.0,0.7449313
9850800.0,0.749166
9867250.0,0.7534006
9883700.0,0.7576352
9900150.0,0.7618699
9916600.0,0.7661045
9933050.0,0.7703392
9949500.0,0.7745738
9950000.0,0.7747025
9965950.0,0.7788085
9982400.0,0.7830431
10000000.0,0.78591
10050000.0,0.796306
10100000.0,0.806702
10150000.0,0.8170481
10200000.0,0.8273941
10245250.0,0.8367875
10290500.0,0.8461809
10335750.0,0.8555742
10381000.0,0.8649676
10410750.0,0.8617007
10440500.0,0.8584338
10470250.0,0.8551669
10500000.0,0.8519
10544000.0,0.8468348
10588000.0,0.8417697
10632000.0,0.8367045
10676000.0,0.8316394
10720000.0,0.8265742
10764000.0,0.821509
10808000.0,0.8164439
10852000.0,0.8113787
10918500.0,0.8164841
10985000.0,0.8215895
11000000.0,0.82273
11062500.0,0.82783
11125000.0,0.83293
11187500.0,0.83803
11250000.0,0.84313
11312500.0,0.84823
11375000.0,0.85333
11437500.0,0.85843
11500000.0,0.86353
11557130.0,0.8676553
11614250.0,0.87178
11671380.0,0.8759053
11728500.0,0.88003
11785630.0,0.8841553
11842750.0,0.8882799
11899880.0,0.8924053
11957000.0,0.8965299
12000000.0,0.89828
12125000.0,0.8994025
12250000.0,0.900525
12375000.0,0.9016475
12500000.0,0.90277
12625000.0,0.903555
12750000.0,0.90434
12800000.0,0.904654
12875000.0,0.905125
13000000.0,0.90591
13250000.0,0.91287
13500000.0,0.91983
13697000.0,0.9268235
14000000.0,0.9475501
14100000.0,0.9527635
14500000.0,0.9736172
14800000.0,0.9900721
15000000.0,1.001042
15500000.0,1.028197
15601000.0,1.033673
15900000.0,1.037567
16000000.0,1.03887
16500000.0,1.050818
17000000.0,1.062765
17200000.0,1.068337
17460500.0,1.075595
17921000.0,1.088424
18000000.0,1.09109
19000000.0,1.106965
20000000.0,1.12284
