1e-05,11.4
1.03125e-05,11.4
1.0625e-05,11.4
1.09375e-05,11.4
1.125e-05,11.4
1.15625e-05,11.4
1.1875e-05,11.4
1.21875e-05,11.4
1.25e-05,11.4
1.28125e-05,11.4
1.3125e-05,11.4
1.34375e-05,11.4
1.375e-05,11.4
1.4375e-05,11.4
1.5e-05,11.4
1.5625e-05,11.4
1.625e-05,11.4
1.6875e-05,11.4
1.75e-05,11.4
1.8125e-05,11.4
1.875e-05,11.4
1.9375e-05,11.4
2e-05,11.4
2.09375e-05,11.4
2.1875e-05,11.4
2.28125e-05,11.4
2.375e-05,11.4
2.46875e-05,11.4
2.5625e-05,11.4
2.65625e-05,11.4
2.75e-05,11.4
2.84375e-05,11.4
2.9375e-05,11.4
3.03125e-05,11.4
3.125e-05,11.4
3.21875e-05,11.4
3.3125e-05,11.4
3.40625e-05,11.4
3.5e-05,11.4
3.59375e-05,11.4
3.6875e-05,11.4
3.78125e-05,11.4
3.875e-05,11.4
3.96875e-05,11.4
4.0625e-05,11.4
4.25e-05,11.4
4.4375e-05,11.4
4.625e-05,11.4
4.8125e-05,11.4
5e-05,11.4
5.15625e-05,11.4
5.3125e-05,11.4
5.46875e-05,11.4
5.625e-05,11.4
5.78125e-05,11.4
5.9375e-05,11.4
6.09375e-05,11.4
6.25e-05,11.4
6.40625e-05,11.4
6.5625e-05,11.4
6.71875e-05,11.4
6.875e-05,11.4
7.1875e-05,11.4
7.5e-05,11.4
7.8125e-05,11.4
8.125e-05,11.4
8.4375e-05,11.4
8.75e-05,11.4
9.0625e-05,11.4
9.375e-05,11.4
9.6875e-05,11.4
0.0001,11.4
0.000103125,11.4
0.00010625,11.4
0.000109375,11.4
0.0001125,11.4
0.000115625,11.4
0.00011875,11.4
0.000121875,11.4
0.000125,11.4
0.000128125,11.4
0.00013125,11.4
0.000134375,11.4
0.0001375,11.4
0.00014375,11.4
0.00015,11.4
0.00015625,11.4
0.0001625,11.4
0.00016875,11.4
0.000175,11.4
0.00018125,11.4
0.0001875,11.4
0.00019375,11.4
0.0002,11.4
0.000209375,11.4
0.00021875,11.4
0.000228125,11.4
0.0002375,11.4
0.000246875,11.4
0.00025625,11.4
0.000265625,11.4
0.000275,11.4
0.000284375,11.4
0.00029375,11.4
0.000303125,11.4
0.0003125,11.4
0.000321875,11.4
0.00033125,11.4
0.000340625,11.4
0.00035,11.4
0.000359375,11.4
0.00036875,11.4
0.000378125,11.4
0.0003875,11.4
0.000396875,11.4
0.00040625,11.4
0.000425,11.4
0.00044375,11.4
0.0004625,11.4
0.00048125,11.4
0.0005,11.4
0.000515625,11.4
0.00053125,11.4
0.000546875,11.4
0.0005625,11.4
0.000578125,11.4
0.00059375,11.4
0.000609375,11.4
0.000625,11.4
0.000640625,11.4
0.00065625,11.4
0.000671875,11.4
0.0006875,11.4
0.00071875,11.4
0.00075,11.4
0.00078125,11.4
0.0008125,11.4
0.00084375,11.4
0.000875,11.4
0.00090625,11.4
0.0009375,11.4
0.00096875,11.4
0.001,11.4
0.00103125,11.4
0.0010625,11.4
0.00109375,11.4
0.001125,11.4
0.00115625,11.4
0.0011875,11.4
0.00121875,11.4
0.00125,11.4
0.00128125,11.4
0.0013125,11.4
0.00134375,11.4
0.001375,11.4
0.0014375,11.4
0.0015,11.4
0.0015625,11.4
0.001625,11.4
0.0016875,11.4
0.00175,11.4
0.0018125,11.4
0.001875,11.4
0.0019375,11.4
0.002,11.4
0.00209375,11.4
0.0021875,11.4
0.00228125,11.4
0.002375,11.4
0.00246875,11.4
0.0025625,11.4
0.00265625,11.4
0.00275,11.4
0.00284375,11.4
0.0029375,11.4
0.00303125,11.4
0.003125,11.4
0.00321875,11.4
0.0033125,11.4
0.00340625,11.4
0.0035,11.4
0.00359375,11.4
0.0036875,11.4
0.00378125,11.4
0.003875,11.4
0.00396875,11.4
0.0040625,11.4
0.00425,11.4
0.0044375,11.4
0.004625,11.4
0.0048125,11.4
0.005,11.4
0.00515625,11.4
0.0053125,11.4
0.00546875,11.4
0.005625,11.4
0.00578125,11.4
0.0059375,11.4
0.00609375,11.4
0.00625,11.4
0.00640625,11.4
0.0065625,11.4
0.00671875,11.4
0.006875,11.4
0.0071875,11.4
0.0075,11.4
0.0078125,11.4
0.008125,11.4
0.0084375,11.4
0.00875,11.4
0.0090625,11.4
0.009375,11.4
0.0096875,11.4
0.01,11.4
0.0103125,11.4
0.010625,11.4
0.0109375,11.4
0.01125,11.4
0.0115625,11.4
0.011875,11.4
0.0121875,11.4
0.0125,11.4
0.0128125,11.4
0.013125,11.4
0.0134375,11.4
0.01375,11.4
0.014375,11.4
0.015,11.4
0.015625,11.4
0.01625,11.4
0.016875,11.4
0.0175,11.4
0.018125,11.4
0.01875,11.4
0.019375,11.4
0.02,11.4
0.0206625,11.4
0.021325,11.4
0.0219875,11.4
0.02265,11.4
0.0233125,11.4
0.023975,11.4
0.0246375,11.4
0.0253,11.4
0.02607188,11.4
0.02684375,11.4
0.02761563,11.4
0.0283875,11.4
0.02915938,11.4
0.02993125,11.4
0.03070313,11.4
0.031475,11.4
0.03224688,11.4
0.03301875,11.4
0.0345625,11.4
0.03610625,11.4
0.03765,11.4
0.03919375,11.4
0.0407375,11.4
0.04228125,11.4
0.043825,11.4
0.04536875,11.4
0.0469125,11.4
0.04845625,11.4
0.05,11.4
0.0515625,11.4
0.053125,11.4
0.0546875,11.4
0.05625,11.4
0.0578125,11.4
0.059375,11.4
0.0609375,11.4
0.0625,11.4
0.0640625,11.4
0.065625,11.4
0.0671875,11.4
0.06875,11.4
0.071875,11.4
0.075,11.4
0.078125,11.4
0.08125,11.4
0.084375,11.4
0.0875,11.4
0.090625,11.4
0.09375,11.4
0.096875,11.4
0.1,11.4
0.103125,11.4
0.10625,11.4
0.109375,11.4
0.1125,11.4
0.115625,11.4
0.11875,11.4
0.121875,11.4
0.125,11.4
0.128125,11.4
0.13125,11.4
0.134375,11.4
0.1375,11.4
0.14375,11.4
0.15,11.4
0.15625,11.4
0.1625,11.4
0.16875,11.4
0.175,11.4
0.18125,11.4
0.1875,11.4
0.19375,11.4
0.2,11.4
0.209375,11.4
0.21875,11.4
0.228125,11.4
0.2375,11.4
0.246875,11.4
0.25625,11.4
0.265625,11.4
0.275,11.4
0.284375,11.4
0.29375,11.4
0.303125,11.4
0.3125,11.4
0.321875,11.4
0.33125,11.4
0.340625,11.4
0.35,11.4
0.359375,11.4
0.36875,11.4
0.378125,11.4
0.3875,11.4
0.396875,11.4
0.40625,11.4
0.425,11.4
0.44375,11.4
0.4625,11.4
0.48125,11.4
0.4999999,11.4
0.5000001,11.68
0.5312501,11.67983
0.5625,11.67968
0.59375,11.67953
0.6249999,11.67939
0.6562499,11.67925
0.6874998,11.67913
0.7187497,11.67901
0.7499996,11.67889
0.7812496,11.67878
0.8124995,11.67867
0.8437494,11.67857
0.8749993,11.67847
0.9374992,11.67828
0.999999,11.6781
1.0,11.678
1.000001,11.678
1.051778,11.70253
1.103554,11.72593
1.15533,11.74831
1.207106,11.76974
1.258882,11.7903
1.310658,11.81008
1.362434,11.82911
1.41421,11.84747
1.487434,11.82238
1.560658,11.79855
1.633882,11.77586
1.707105,11.7542
1.780329,11.73349
1.853553,11.71364
1.926777,11.6946
2.0,11.6763
2.125,11.67611
2.25,11.67592
2.375,11.67575
2.5,11.67558
2.625,11.67543
2.75,11.67528
2.875,11.67514
3.0,11.675
3.125,11.67481
3.25,11.67463
3.375,11.67446
3.5,11.6743
3.75,11.67398
4.0,11.67369
4.25,11.67341
4.5,11.67315
4.75,11.6729
5.0,11.67267
5.25,11.67255
5.5,11.67243
5.75,11.67232
6.0,11.67221
6.25,11.67211
6.5,11.67202
6.75,11.67192
7.0,11.67183
7.375,11.67141
7.75,11.67102
8.125,11.67064
8.5,11.67028
8.875,11.66993
9.25,11.6696
9.625,11.66929
10.0,11.66898
10.51777,11.69171
11.03553,11.71338
11.55329,11.7341
12.07105,11.75395
12.58882,11.77299
13.10658,11.7913
13.62434,11.80892
14.1421,11.82591
14.87434,11.8022
15.60658,11.77968
16.33882,11.75823
17.07105,11.73775
17.80329,11.71817
18.53553,11.69941
19.26777,11.68141
20.0,11.6641
21.25,11.66348
22.5,11.6629
23.75,11.66235
25.0,11.66182
26.25,11.66132
27.5,11.66085
28.75,11.66039
30.0,11.65996
31.25,11.65944
32.5,11.65893
33.75,11.65845
35.0,11.65799
37.5,11.6571
40.0,11.65628
42.5,11.6555
45.0,11.65477
47.5,11.65408
50.0,11.65342
52.5,11.65263
55.0,11.65188
57.5,11.65117
60.0,11.65048
62.5,11.64983
65.0,11.64919
67.5,11.64859
70.0,11.648
73.75,11.64698
77.5,11.64602
81.25,11.6451
85.0,11.64422
88.75,11.64338
92.5,11.64258
96.25,11.6418
100.0,11.64106
105.1777,11.65879
110.3553,11.67569
115.5329,11.69184
120.7105,11.70731
125.8882,11.72214
131.0658,11.73639
136.2434,11.75011
141.421,11.76333
148.7434,11.74279
156.0658,11.72328
163.3882,11.70468
170.7105,11.68693
178.0329,11.66996
185.3553,11.65369
192.6777,11.63807
200.0,11.62305
212.5,11.62093
225.0,11.61893
237.5,11.61704
250.0,11.61525
262.5,11.61354
275.0,11.61192
287.5,11.61037
300.0,11.60888
312.5,11.60702
325.0,11.60524
337.5,11.60352
350.0,11.60186
375.0,11.59872
400.0,11.59579
425.0,11.59303
450.0,11.59043
475.0,11.58797
500.0,11.58564
525.0,11.58278
550.0,11.58006
575.0,11.57746
600.0,11.57497
625.0,11.57258
650.0,11.57029
675.0,11.56809
700.0,11.56596
737.5,11.56223
775.0,11.55869
812.5,11.55532
850.0,11.5521
887.5,11.54903
925.0,11.54608
962.5,11.54324
1000.0,11.54052
1062.5,11.5345
1125.0,11.52882
1187.5,11.52346
1250.0,11.51837
1312.5,11.51353
1375.0,11.50892
1437.5,11.50452
1500.0,11.5003
1562.5,11.49626
1625.0,11.49238
1687.5,11.48864
1750.0,11.48505
1875.0,11.47823
2000.0,11.47185
2125.0,11.46336
2250.0,11.45536
2375.0,11.44781
2500.0,11.44064
2625.0,11.43383
2750.0,11.42733
2875.0,11.42113
3000.0,11.4152
3125.0,11.40747
3250.0,11.40005
3375.0,11.39292
3500.0,11.38605
3750.0,11.37302
4000.0,11.36086
4250.0,11.34944
4500.0,11.33868
4750.0,11.32851
5000.0,11.31888
5250.0,11.30663
5500.0,11.29497
5750.0,11.28384
6000.0,11.27319
6250.0,11.26298
6500.0,11.25319
6750.0,11.24377
7000.0,11.2347
7375.0,11.2181
7750.0,11.20234
8125.0,11.18734
8500.0,11.17305
8875.0,11.15938
9250.0,11.1463
9625.0,11.13375
10000.0,11.1217
10625.0,11.09353
11250.0,11.06703
11875.0,11.04203
12500.0,11.01836
13125.0,10.99589
13750.0,10.97451
14375.0,10.95412
15000.0,10.93463
15625.0,10.91598
16250.0,10.89808
16875.0,10.88089
17500.0,10.86434
18750.0,10.83303
20000.0,10.80382
21250.0,10.763
22500.0,10.72465
23750.0,10.68851
25000.0,10.65433
26250.0,10.62192
27500.0,10.59111
28750.0,10.56175
30000.0,10.53372
30129.3,10.53073
31371.22,10.4932
32613.14,10.45726
33855.06,10.42277
35096.98,10.38964
37580.82,10.32703
40064.65,10.26878
42548.49,10.21434
45032.33,10.16324
47516.17,10.11513
50000.0,10.06968
52564.65,10.01402
55129.3,9.961295
57693.95,9.911228
60258.6,9.863575
62693.95,9.811547
65129.3,9.761761
67564.65,9.714041
70000.0,9.668233
73750.0,9.589536
77500.0,9.515337
81250.0,9.44518
85000.0,9.378671
88750.0,9.315472
92500.0,9.255289
96250.0,9.197864
100000.0,9.14297
100431.0,9.137028
100431.1,9.137027
106363.0,9.053838
106363.5,9.053831
110474.0,8.998911
110474.2,8.998908
115237.0,8.93196
120000.0,8.868189
125000.0,8.794884
130000.0,8.725025
135000.0,8.658327
140000.0,8.594537
147500.0,8.482696
155000.0,8.377753
162500.0,8.278977
170000.0,8.185746
177500.0,8.075391
185000.0,7.971
192500.0,7.872029
200000.0,7.778
212500.0,7.635862
225000.0,7.50423
237500.0,7.381806
250000.0,7.26751
262500.0,7.128025
275000.0,6.997523
287500.0,6.875057
300000.0,6.759812
312500.0,6.652669
325000.0,6.551329
337500.0,6.455272
350000.0,6.364041
375000.0,6.194496
400000.0,6.039988
425000.0,5.837097
450000.0,5.652053
475000.0,5.482418
500000.0,5.326195
525000.0,5.200143
550000.0,5.082735
575000.0,4.973024
600000.0,4.870203
625000.0,4.746345
650000.0,4.630313
675000.0,4.52134
700000.0,4.418757
725000.0,4.351023
750000.0,4.286571
775000.0,4.225142
800000.0,4.166502
825000.0,4.099871
850000.0,4.036249
900000.0,3.917174
950000.0,3.788257
1000000.0,3.669879
1050000.0,3.597873
1100000.0,3.530534
1150000.0,3.479672
1200000.0,3.431661
1250000.0,3.405845
1300000.0,3.381224
1350000.0,3.355784
1400000.0,3.33145
1450000.0,3.331
1500000.0,3.330565
1550000.0,3.330285
1600000.0,3.330013
1650000.0,3.346769
1700000.0,3.363105
1750000.0,3.379944
1800000.0,3.396389
1850000.0,3.423649
1900000.0,3.450392
1950000.0,3.477688
2000000.0,3.5045
2037500.0,3.529857
2075000.0,3.55493
2112500.0,3.579727
2150000.0,3.604256
2187500.0,3.628524
2225000.0,3.65254
2262500.0,3.676309
2300000.0,3.699838
2350000.0,3.732972
2400000.0,3.765695
2450000.0,3.798022
2500000.0,3.829965
2550000.0,3.860513
2600000.0,3.890704
2650000.0,3.920549
2700000.0,3.950059
2737500.0,3.968396
2775000.0,3.986566
2812500.0,4.004575
2850000.0,4.022424
2887500.0,4.040119
2925000.0,4.057661
2962500.0,4.075054
3000000.0,4.092302
3062500.0,4.113146
3125000.0,4.133672
3187500.0,4.153891
3250000.0,4.173813
3312500.0,4.193449
3375000.0,4.212808
3437500.0,4.231898
3500000.0,4.250728
3562500.0,4.254896
3625000.0,4.258995
3687500.0,4.263028
3750000.0,4.266998
3812500.0,4.270905
3875000.0,4.274752
3937500.0,4.278541
4000000.0,4.282273
4125000.0,4.261923
4250000.0,4.242273
4375000.0,4.223279
4500000.0,4.204902
4750000.0,4.130635
5000000.0,4.061392
5500000.0,3.864046
5750000.0,3.749325
6000000.0,3.64268
6090560.0,3.601138
6500000.0,3.418421
6750000.0,3.309146
7000000.0,3.207152
7250000.0,3.110154
7500000.0,3.019232
8000000.0,2.860254
8500000.0,2.732161
9000000.0,2.634387
9500000.0,2.565021
10000000.0,2.521391
10500000.0,2.500531
11000000.0,2.49936
11500000.0,2.5148
12000000.0,2.543841
12250000.0,2.563855
12500000.0,2.583618
12750000.0,2.607658
13000000.0,2.631448
13250000.0,2.658265
13500000.0,2.684846
13605500.0,2.69697
13605600.0,2.696981
13802800.0,2.71935
14000000.0,2.741583
14250000.0,2.770744
14500000.0,2.7997
14750000.0,2.828685
15000000.0,2.857475
15250000.0,2.884826
15500000.0,2.911988
16000000.0,2.966502
16500000.0,3.013269
16750000.0,3.036728
17000000.0,3.060019
17500000.0,3.096352
18000000.0,3.132682
18500000.0,3.157275
19000000.0,3.181854
19500000.0,3.194408
20000000.0,3.206962
