1e-05,11.6217
1.03125e-05,11.6217
1.0625e-05,11.6217
1.09375e-05,11.6217
1.125e-05,11.6217
1.15625e-05,11.6217
1.1875e-05,11.6217
1.21875e-05,11.6217
1.25e-05,11.6217
1.28125e-05,11.6217
1.3125e-05,11.6217
1.34375e-05,11.6217
1.375e-05,11.6217
1.4375e-05,11.6217
1.5e-05,11.6217
1.5625e-05,11.6217
1.625e-05,11.6217
1.6875e-05,11.6217
1.75e-05,11.6217
1.8125e-05,11.62171
1.875e-05,11.62171
1.9375e-05,11.62171
2e-05,11.62171
2.09375e-05,11.62171
2.1875e-05,11.62171
2.28125e-05,11.62171
2.375e-05,11.62171
2.46875e-05,11.62171
2.5625e-05,11.62171
2.65625e-05,11.62171
2.75e-05,11.62171
2.84375e-05,11.62171
2.9375e-05,11.62171
3.03125e-05,11.62171
3.125e-05,11.62171
3.21875e-05,11.62171
3.3125e-05,11.62171
3.40625e-05,11.62171
3.5e-05,11.62171
3.59375e-05,11.62171
3.6875e-05,11.62171
3.78125e-05,11.62171
3.875e-05,11.62171
3.96875e-05,11.62171
4.0625e-05,11.62171
4.25e-05,11.62171
4.4375e-05,11.62171
4.625e-05,11.62171
4.8125e-05,11.62171
5e-05,11.62171
5.15625e-05,11.62171
5.3125e-05,11.62171
5.46875e-05,11.62171
5.625e-05,11.62172
5.78125e-05,11.62172
5.9375e-05,11.62172
6.09375e-05,11.62172
6.25e-05,11.62172
6.40625e-05,11.62172
6.5625e-05,11.62172
6.71875e-05,11.62172
6.875e-05,11.62172
7.1875e-05,11.62172
7.5e-05,11.62172
7.8125e-05,11.62172
8.125e-05,11.62172
8.4375e-05,11.62172
8.75e-05,11.62172
9.0625e-05,11.62172
9.375e-05,11.62172
9.6875e-05,11.62172
0.0001,11.62172
0.000103125,11.62172
0.00010625,11.62172
0.000109375,11.62172
0.0001125,11.62172
0.000115625,11.62172
0.00011875,11.62172
0.000121875,11.62172
0.000125,11.62172
0.000128125,11.62172
0.00013125,11.62172
0.000134375,11.62172
0.0001375,11.62172
0.00014375,11.62172
0.00015,11.62172
0.00015625,11.62172
0.0001625,11.62172
0.00016875,11.62172
0.000175,11.62172
0.00018125,11.62173
0.0001875,11.62173
0.00019375,11.62173
0.0002,11.62173
0.000209375,11.62173
0.00021875,11.62173
0.000228125,11.62173
0.0002375,11.62173
0.000246875,11.62173
0.00025625,11.62173
0.000265625,11.62173
0.000275,11.62173
0.000284375,11.62173
0.00029375,11.62173
0.000303125,11.62173
0.0003125,11.62173
0.000321875,11.62173
0.00033125,11.62173
0.000340625,11.62173
0.00035,11.62173
0.000359375,11.62173
0.00036875,11.62173
0.000378125,11.62173
0.0003875,11.62173
0.000396875,11.62173
0.00040625,11.62173
0.000425,11.62173
0.00044375,11.62173
0.0004625,11.62173
0.00048125,11.62173
0.0005,11.62173
0.000515625,11.62173
0.00053125,11.62173
0.000546875,11.62173
0.0005625,11.62174
0.000578125,11.62174
0.00059375,11.62174
0.000609375,11.62174
0.000625,11.62174
0.000640625,11.62174
0.00065625,11.62174
0.000671875,11.62174
0.0006875,11.62174
0.00071875,11.62174
0.00075,11.62174
0.00078125,11.62174
0.0008125,11.62174
0.00084375,11.62174
0.000875,11.62174
0.00090625,11.62174
0.0009375,11.62174
0.00096875,11.62174
0.001,11.62174
0.00103125,11.62174
0.0010625,11.62174
0.00109375,11.62174
0.001125,11.62174
0.00115625,11.62174
0.0011875,11.62174
0.00121875,11.62174
0.00125,11.62174
0.00128125,11.62174
0.0013125,11.62174
0.00134375,11.62174
0.001375,11.62174
0.0014375,11.62174
0.0015,11.62174
0.0015625,11.62174
0.001625,11.62174
0.0016875,11.62174
0.00175,11.62174
0.0018125,11.62175
0.001875,11.62175
0.0019375,11.62175
0.002,11.62175
0.00209375,11.62175
0.0021875,11.62175
0.00228125,11.62175
0.002375,11.62175
0.00246875,11.62175
0.0025625,11.62175
0.00265625,11.62175
0.00275,11.62175
0.00284375,11.62175
0.0029375,11.62175
0.00303125,11.62175
0.003125,11.62175
0.00321875,11.62175
0.0033125,11.62175
0.00340625,11.62175
0.0035,11.62175
0.00359375,11.62175
0.0036875,11.62175
0.00378125,11.62175
0.003875,11.62175
0.00396875,11.62175
0.0040625,11.62175
0.00425,11.62175
0.0044375,11.62175
0.004625,11.62175
0.0048125,11.62175
0.005,11.62175
0.00515625,11.62175
0.0053125,11.62175
0.00546875,11.62175
0.005625,11.62176
0.00578125,11.62176
0.0059375,11.62176
0.00609375,11.62176
0.00625,11.62176
0.00640625,11.62176
0.0065625,11.62176
0.00671875,11.62176
0.006875,11.62176
0.0071875,11.62176
0.0075,11.62176
0.0078125,11.62176
0.008125,11.62176
0.0084375,11.62176
0.00875,11.62176
0.0090625,11.62176
0.009375,11.62176
0.0096875,11.62176
0.01,11.62176
0.0103125,11.62176
0.010625,11.62176
0.0109375,11.62176
0.01125,11.62176
0.0115625,11.62176
0.011875,11.62176
0.0121875,11.62176
0.0125,11.62176
0.0128125,11.62176
0.013125,11.62176
0.0134375,11.62176
0.01375,11.62176
0.014375,11.62176
0.015,11.62176
0.015625,11.62176
0.01625,11.62176
0.016875,11.62176
0.0175,11.62176
0.018125,11.62177
0.01875,11.62177
0.019375,11.62177
0.02,11.62177
0.0206625,11.62177
0.021325,11.62177
0.0219875,11.62177
0.02265,11.62177
0.0233125,11.62177
0.023975,11.62177
0.0246375,11.62177
0.0253,11.62177
0.02607188,11.62177
0.02684375,11.62177
0.02761563,11.62177
0.0283875,11.62177
0.02915938,11.62177
0.02993125,11.62177
0.03070313,11.62177
0.031475,11.62177
0.03224688,11.62177
0.03301875,11.62177
0.0345625,11.62177
0.03610625,11.62177
0.03765,11.62177
0.03919375,11.62177
0.0407375,11.62177
0.04228125,11.62177
0.043825,11.62177
0.04536875,11.62177
0.0469125,11.62177
0.04845625,11.62177
0.05,11.62177
0.05125,11.62177
0.0525,11.62177
0.05375,11.62177
0.055,11.62177
0.0575,11.62178
0.06,11.62178
0.0625,11.62178
0.065,11.62178
0.0675,11.62178
0.06999999,11.62178
0.07000001,11.62178
0.07187501,11.62178
0.07375001,11.62178
0.07562501,11.62178
0.07750001,11.62178
0.07937501,11.62178
0.08125001,11.62178
0.08500001,11.62178
0.08875001,11.62178
0.09250001,11.62178
0.09625001,11.62178
0.1,11.62178
0.103125,11.62178
0.10625,11.62178
0.109375,11.62178
0.1125,11.62178
0.115625,11.62178
0.11875,11.62178
0.121875,11.62178
0.125,11.62178
0.128125,11.62178
0.13125,11.62178
0.134375,11.62178
0.1375,11.62178
0.14375,11.62178
0.15,11.62178
0.15625,11.62178
0.1625,11.62178
0.16875,11.62178
0.175,11.62178
0.18125,11.62179
0.1875,11.62179
0.19375,11.62179
0.2,11.62179
0.205,11.62179
0.21,11.62179
0.215,11.62179
0.22,11.62179
0.23,11.62179
0.24,11.62179
0.25,11.62179
0.26,11.62179
0.27,11.62179
0.28,11.62179
0.29,11.62179
0.3,11.62179
0.3125,11.62179
0.325,11.62179
0.3375,11.62179
0.35,11.62179
0.3625,11.62179
0.375,11.62179
0.3875,11.62179
0.4,11.62179
0.4125,11.62179
0.425,11.62179
0.4375,11.62179
0.45,11.62179
0.4625,11.62179
0.475,11.62179
0.5,11.62179
0.55,11.62179
0.6,11.6218
0.65,11.6218
0.7,11.6218
0.75,11.6218
0.8,11.6218
0.85,11.6218
0.9,11.6218
0.95,11.6218
0.999999,11.6218
1.0,11.6218
1.000001,11.6218
1.1,11.62137
1.2,11.62097
1.3,11.6206
1.4,11.62027
1.5,11.61995
1.6,11.61966
1.7,11.61938
1.8,11.61912
1.9,11.61887
2.0,11.61864
2.2,11.6182
2.4,11.61781
2.6,11.61744
2.8,11.6171
3.0,11.61679
3.25,11.61642
3.5,11.61609
3.75,11.61577
4.0,11.61548
4.25,11.6152
4.5,11.61494
4.75,11.61469
5.0,11.61446
5.5,11.61403
6.0,11.61363
6.5,11.61326
7.0,11.61293
7.5,11.61261
8.0,11.61232
8.5,11.61204
9.0,11.61178
9.5,11.61153
10.0,11.6113
11.0,11.60949
12.0,11.60784
13.0,11.60632
14.0,11.60492
15.0,11.60361
16.0,11.60239
17.0,11.60124
18.0,11.60015
19.0,11.59913
20.0,11.59816
22.0,11.59635
24.0,11.5947
26.0,11.59319
28.0,11.59178
30.0,11.59048
32.5,11.58896
35.0,11.58756
37.5,11.58625
40.0,11.58503
42.5,11.58388
45.0,11.5828
47.5,11.58178
50.0,11.58081
55.0,11.579
60.0,11.57736
65.0,11.57584
70.0,11.57444
75.0,11.57314
80.0,11.57192
85.0,11.57077
90.0,11.56969
95.0,11.56867
100.0,11.5677
110.0,11.56195
120.0,11.5567
130.0,11.55188
140.0,11.54742
150.0,11.54326
160.0,11.53938
170.0,11.53573
180.0,11.53229
190.0,11.52904
200.0,11.52595
220.0,11.52022
240.0,11.515
260.0,11.51019
280.0,11.50574
300.0,11.5016
325.0,11.4968
350.0,11.49236
375.0,11.48822
400.0,11.48436
425.0,11.48073
450.0,11.4773
475.0,11.47407
500.0,11.471
550.0,11.4653
600.0,11.46009
650.0,11.45531
700.0,11.45088
750.0,11.44676
800.0,11.44291
850.0,11.43929
900.0,11.43588
950.0,11.43266
1000.0,11.4296
1100.0,11.41786
1200.0,11.40715
1300.0,11.39731
1400.0,11.38821
1500.0,11.37974
1600.0,11.37183
1700.0,11.3644
1800.0,11.35739
1900.0,11.35078
2000.0,11.3445
2006.25,11.34391
2012.5,11.34333
2025.0,11.34216
2037.5,11.341
2050.0,11.33985
2075.0,11.33757
2100.0,11.33532
2125.0,11.3331
2150.0,11.3309
2200.0,11.32658
2250.0,11.32236
2300.0,11.31823
2350.0,11.31419
2400.0,11.31024
2450.0,11.30637
2500.0,11.30258
2600.0,11.29523
2700.0,11.28816
2800.0,11.28135
2900.0,11.27479
3000.0,11.26845
3125.0,11.26082
3250.0,11.2535
3375.0,11.24645
3500.0,11.23967
3625.0,11.23313
3750.0,11.22681
4000.0,11.2148
4125.0,11.20684
4250.0,11.19913
4500.0,11.18437
4750.0,11.17043
5000.0,11.15722
5250.0,11.14467
5500.0,11.13272
5750.0,11.12131
6000.0,11.1104
6250.0,11.09638
6500.0,11.08292
6750.0,11.06999
7000.0,11.05754
7250.0,11.04554
7500.0,11.03397
8000.0,11.01196
8500.0,10.99132
9000.0,10.9719
9500.0,10.95357
10000.0,10.9362
10500.0,10.91237
11000.0,10.8897
11500.0,10.86808
12000.0,10.84742
12359.9,10.8331
12385.53,10.83209
12411.16,10.83107
12462.41,10.82906
12564.92,10.82505
12667.43,10.82108
12769.93,10.81714
12974.94,10.80936
13179.95,10.80171
13384.97,10.79418
13589.98,10.78677
13794.99,10.77948
14000.0,10.7723
14500.0,10.75416
15000.0,10.73666
15500.0,10.71976
16000.0,10.70342
16500.0,10.68761
17000.0,10.6723
18000.0,10.64303
19000.0,10.61542
20000.0,10.5893
21000.0,10.55488
22000.0,10.52216
23000.0,10.49099
24000.0,10.46123
25000.0,10.43277
26000.0,10.4055
27000.0,10.37933
28000.0,10.35417
30000.0,10.3066
31250.0,10.27208
32500.0,10.23901
33750.0,10.2073
35000.0,10.17683
35426.8,10.1667
35426.82,10.1667
35498.28,10.16491
35569.73,10.16313
35712.64,10.15957
35998.46,10.1525
36284.28,10.14549
36570.1,10.13855
37141.75,10.12482
37713.4,10.11133
38285.05,10.09806
38856.7,10.085
40000.0,10.0595
40625.0,10.04279
41250.0,10.02636
41875.0,10.01021
42500.0,9.994315
43750.0,9.963297
45000.0,9.933244
46250.0,9.904102
47500.0,9.87582
48750.0,9.848349
50000.0,9.821648
51250.0,9.795676
52500.0,9.770396
55000.0,9.721778
57500.0,9.675547
60000.0,9.63149
60532.1,9.62088
60671.73,9.617862
60811.35,9.614852
61090.59,9.608856
61649.08,9.596956
62207.57,9.585177
62766.05,9.573519
63883.03,9.550551
65000.0,9.528036
66250.0,9.503354
67500.0,9.479196
68750.0,9.45554
70000.0,9.432369
70266.05,9.427498
72633.03,9.385062
75000.0,9.344169
77500.0,9.30254
80000.0,9.26241
82004.83,9.226914
84009.65,9.192406
86014.48,9.158837
88019.3,9.12616
88266.89,9.121887
88514.48,9.117629
89009.65,9.109154
90000.0,9.092366
90738.22,9.079993
91476.43,9.067736
92952.85,9.043565
94429.28,9.019838
95905.7,8.99654
96161.6,8.992406
96417.49,8.988285
96929.28,8.980081
97952.85,8.963824
98976.43,8.947765
100000.0,8.9319
101218.4,8.912243
102436.8,8.892864
103655.2,8.873755
104873.5,8.854912
107310.3,8.817986
109747.0,8.78204
110067.5,8.776805
110387.9,8.771589
111028.7,8.761213
112310.3,8.740674
113591.9,8.720417
114873.5,8.700432
116155.2,8.680713
117436.8,8.661256
120000.0,8.623098
122436.8,8.587721
124873.5,8.553183
128655.2,8.501158
132436.8,8.450945
136218.4,8.40243
140000.0,8.35551
140879.0,8.34395
141403.0,8.336563
141927.0,8.329209
142975.0,8.314602
144023.0,8.300127
145070.9,8.285784
147166.9,8.257475
149262.8,8.229663
151358.8,8.202329
153454.7,8.175461
157646.5,8.123064
160000.0,8.094396
163603.5,8.051499
167207.0,8.009757
170810.5,7.969114
174414.0,7.92952
175112.3,7.921178
175810.5,7.912879
177207.0,7.896405
178603.5,7.880093
180000.0,7.863942
182481.5,7.83563
184963.0,7.8078
184963.4,7.807795
185433.3,7.802372
185903.2,7.796965
186842.9,7.786206
188722.3,7.764893
190601.9,7.743846
192481.5,7.723063
196240.8,7.682259
200000.0,7.64244
202044.0,7.62069
202511.3,7.615567
202978.5,7.610461
203913.0,7.600292
205782.0,7.580135
207651.0,7.560212
209520.0,7.54052
209520.4,7.540516
210175.4,7.533407
210830.3,7.526327
212140.2,7.512254
213450.1,7.498292
214760.0,7.484442
217380.0,7.457067
220000.0,7.430119
223930.3,7.390467
227860.5,7.351712
231790.8,7.313817
235721.0,7.27675
235721.3,7.276747
236256.2,7.271561
236791.0,7.266391
237860.7,7.256097
240000.0,7.23569
242149.5,7.215156
244299.0,7.194862
248598.0,7.15497
248598.3,7.154967
249486.3,7.146572
250374.2,7.138217
252150.0,7.121626
253926.0,7.105187
255702.0,7.0889
255702.5,7.088895
256715.0,7.07954
257536.3,7.072004
258357.5,7.064501
260000.0,7.049589
261481.0,7.03625
261481.3,7.036247
262324.3,7.028555
263167.3,7.020896
264853.3,7.005676
266539.4,6.990585
268225.5,6.975621
271597.8,6.946066
274970.0,6.917
275598.8,6.911409
276227.5,6.905836
277485.0,6.89474
280000.0,6.872751
282563.0,6.850616
285126.0,6.828751
290252.0,6.78581
290861.3,6.780638
291470.5,6.775482
292689.0,6.765213
295126.0,6.744849
297563.0,6.724713
300000.0,6.7048
303276.0,6.6781
303276.3,6.678098
304370.1,6.669175
305463.9,6.660296
307651.5,6.642668
309839.3,6.625209
312027.0,6.60792
312027.3,6.607918
313028.0,6.599891
314028.7,6.591901
316030.0,6.576025
318031.5,6.560285
320033.0,6.544682
324036.0,6.513876
328039.0,6.48359
328039.2,6.483588
329110.7,6.475366
330182.1,6.467181
332325.0,6.45092
333504.0,6.44191
334581.0,6.43364
334581.2,6.433638
335447.0,6.426991
336312.8,6.420368
338044.3,6.407194
341507.5,6.381125
344970.8,6.355423
348434.0,6.33008
348434.2,6.330078
349217.1,6.324103
350000.0,6.318146
351513.6,6.306683
353027.2,6.29529
356054.3,6.272712
359081.4,6.250405
362108.5,6.228364
368162.8,6.185056
374217.0,6.142749
380662.8,6.098762
387108.5,6.05582
393554.3,6.013882
400000.0,5.97291
406250.0,5.930101
412500.0,5.888246
418750.0,5.847309
425000.0,5.807257
437500.0,5.729682
450000.0,5.655285
462500.0,5.583854
475000.0,5.515194
487500.0,5.44913
500000.0,5.3855
512500.0,5.319031
525000.0,5.254955
537500.0,5.193132
550000.0,5.133433
575000.0,5.01994
600000.0,4.91363
625000.0,4.810548
650000.0,4.713547
675000.0,4.622054
700000.0,4.53557
725000.0,4.45473
750000.0,4.377999
775000.0,4.305042
800000.0,4.23556
825000.0,4.174803
850000.0,4.116693
900000.0,4.00768
950000.0,3.920402
1000000.0,3.83936
1050000.0,3.783998
1100000.0,3.731956
1150000.0,3.682897
1200000.0,3.63653
1250000.0,3.619948
1300000.0,3.604088
1350000.0,3.588892
1400000.0,3.57431
1450000.0,3.5839
1500000.0,3.593189
1550000.0,3.602197
1600000.0,3.61094
1650000.0,3.636972
1700000.0,3.662405
1750000.0,3.687272
1800000.0,3.7116
1850000.0,3.746738
1900000.0,3.781258
1950000.0,3.815187
2000000.0,3.84855
2050000.0,3.888421
2100000.0,3.927729
2150000.0,3.966496
2200000.0,4.004741
2250000.0,4.042482
2300000.0,4.079739
2350000.0,4.116526
2400000.0,4.15286
2450000.0,4.185771
2500000.0,4.218269
2550000.0,4.250369
2600000.0,4.282083
2650000.0,4.313422
2700000.0,4.344399
2750000.0,4.375024
2800000.0,4.405306
2850000.0,4.435257
2900000.0,4.464886
2950000.0,4.4942
3000000.0,4.52321
3031250.0,4.533939
3062500.0,4.544583
3093750.0,4.555143
3125000.0,4.565622
3156250.0,4.57602
3187500.0,4.586339
3218750.0,4.59658
3250000.0,4.606744
3281250.0,4.616834
3312500.0,4.62685
3343750.0,4.636793
3375000.0,4.646665
3406250.0,4.656466
3437500.0,4.666198
3468750.0,4.675863
3500000.0,4.68546
3531250.0,4.687435
3562500.0,4.689393
3593750.0,4.691334
3625000.0,4.69326
3656250.0,4.69517
3687500.0,4.697064
3718750.0,4.698943
3750000.0,4.700808
3812500.0,4.704492
3875000.0,4.70812
3937500.0,4.711692
4000000.0,4.71521
4062500.0,4.698904
4125000.0,4.682903
4187500.0,4.667195
4250000.0,4.651772
4312500.0,4.636624
4375000.0,4.621741
4437500.0,4.607117
4500000.0,4.592743
4562500.0,4.578611
4625000.0,4.564713
4687500.0,4.551044
4750000.0,4.537596
4812500.0,4.524362
4875000.0,4.511337
4937500.0,4.498515
5000000.0,4.48589
5048175.0,4.466197
5096350.0,4.446776
5144525.0,4.427621
5192700.0,4.408726
5240875.0,4.390085
5289050.0,4.371692
5337225.0,4.353542
5385400.0,4.33563
5414050.0,4.32209
5442700.0,4.308664
5471350.0,4.29535
5500000.0,4.282146
5548175.0,4.260188
5596350.0,4.238531
5644525.0,4.217168
5692700.0,4.196093
5731113.0,4.179491
5769525.0,4.163066
5807938.0,4.146812
5846350.0,4.130729
5884763.0,4.114813
5923175.0,4.099062
5961588.0,4.083471
6000000.0,4.06804
6031250.0,4.052492
6062500.0,4.037084
6093750.0,4.021813
6125000.0,4.006677
6156250.0,3.991675
6187500.0,3.976805
6218750.0,3.962065
6250000.0,3.947452
6281250.0,3.932966
6312500.0,3.918605
6343750.0,3.904367
6375000.0,3.89025
6406250.0,3.876252
6437500.0,3.862373
6468750.0,3.848611
6500000.0,3.834963
6531250.0,3.821429
6562500.0,3.808007
6593750.0,3.794695
6625000.0,3.781493
6656250.0,3.768398
6687500.0,3.75541
6718750.0,3.742527
6750000.0,3.729747
6781250.0,3.71707
6812500.0,3.704494
6843750.0,3.692017
6875000.0,3.679639
6906250.0,3.667359
6937500.0,3.655175
6968750.0,3.643085
7000000.0,3.63109
7031250.0,3.61792
7062500.0,3.604856
7093750.0,3.591897
7125000.0,3.579041
7156250.0,3.566286
7187500.0,3.553633
7218750.0,3.541079
7250000.0,3.528623
7281250.0,3.516264
7312500.0,3.504002
7343750.0,3.491834
7375000.0,3.47976
7406250.0,3.467778
7437500.0,3.455888
7468750.0,3.444088
7500000.0,3.432377
7531250.0,3.420755
7562500.0,3.40922
7593750.0,3.397771
7625000.0,3.386408
7656250.0,3.375128
7687500.0,3.363932
7718750.0,3.352818
7750000.0,3.341786
7781250.0,3.330834
7812500.0,3.319962
7843750.0,3.309168
7875000.0,3.298452
7906250.0,3.287814
7937500.0,3.277251
7968750.0,3.266763
8000000.0,3.25635
8031250.0,3.246823
8062500.0,3.237361
8093750.0,3.227963
8125000.0,3.218628
8156250.0,3.209356
8187500.0,3.200146
8218750.0,3.190998
8250000.0,3.18191
8281250.0,3.172882
8312500.0,3.163913
8343750.0,3.155004
8375000.0,3.146153
8406250.0,3.137359
8437500.0,3.128623
8468750.0,3.119942
8500000.0,3.111318
8531250.0,3.10275
8562500.0,3.094236
8593750.0,3.085776
8625000.0,3.07737
8656250.0,3.069017
8687500.0,3.060717
8718750.0,3.052469
8750000.0,3.044272
8781250.0,3.036127
8812500.0,3.028032
8843750.0,3.019988
8875000.0,3.011993
8906250.0,3.004047
8937500.0,2.99615
8968750.0,2.988301
9000000.0,2.9805
9062500.0,2.969108
9125000.0,2.957838
9187500.0,2.946686
9250000.0,2.935652
9312500.0,2.924734
9375000.0,2.913928
9437500.0,2.903234
9500000.0,2.892649
9562500.0,2.882172
9625000.0,2.871801
9687500.0,2.861533
9750000.0,2.851368
9875000.0,2.831339
10000000.0,2.8117
10125000.0,2.801696
10250000.0,2.79185
10375000.0,2.782156
10500000.0,2.772613
10625000.0,2.763214
10750000.0,2.753956
10875000.0,2.744836
11000000.0,2.73585
11193980.0,2.732857
11387950.0,2.72992
11581930.0,2.727034
11775900.0,2.7242
11775980.0,2.724202
12000000.0,2.730543
12250000.0,2.737498
12500000.0,2.744329
12625000.0,2.7477
12750000.0,2.751042
12875000.0,2.754355
13000000.0,2.75764
13250000.0,2.771146
13500000.0,2.784464
13750000.0,2.7976
13875000.0,2.804102
14000000.0,2.81056
14250000.0,2.826681
14500000.0,2.842612
14750000.0,2.858358
15000000.0,2.873924
15250000.0,2.889316
15500000.0,2.904538
15750000.0,2.919594
15875000.0,2.927062
16000000.0,2.93449
16250000.0,2.948521
16500000.0,2.962404
16750000.0,2.976142
17000000.0,2.989739
17170000.0,2.998906
17340000.0,3.00801
17340080.0,3.008013
17670040.0,3.021719
18000000.0,3.035232
18250000.0,3.045346
18500000.0,3.055356
18750000.0,3.065263
18875000.0,3.070179
19000000.0,3.07507
19250000.0,3.081936
19500000.0,3.088729
19750000.0,3.095449
20000000.0,3.1021
