1e-05,10.9
1.03125e-05,10.9
1.0625e-05,10.9
1.09375e-05,10.9
1.125e-05,10.9
1.15625e-05,10.9
1.1875e-05,10.9
1.21875e-05,10.9
1.25e-05,10.9
1.28125e-05,10.9
1.3125e-05,10.9
1.34375e-05,10.9
1.375e-05,10.9
1.4375e-05,10.9
1.5e-05,10.9
1.5625e-05,10.9
1.625e-05,10.9
1.6875e-05,10.9
1.75e-05,10.9
1.8125e-05,10.9
1.875e-05,10.9
1.9375e-05,10.9
2e-05,10.9
2.09375e-05,10.9
2.1875e-05,10.9
2.28125e-05,10.9
2.375e-05,10.9
2.46875e-05,10.9
2.5625e-05,10.9
2.65625e-05,10.9
2.75e-05,10.9
2.84375e-05,10.9
2.9375e-05,10.9
3.03125e-05,10.9
3.125e-05,10.9
3.21875e-05,10.9
3.3125e-05,10.9
3.40625e-05,10.9
3.5e-05,10.9
3.59375e-05,10.9
3.6875e-05,10.9
3.78125e-05,10.9
3.875e-05,10.9
3.96875e-05,10.9
4.0625e-05,10.9
4.25e-05,10.9
4.4375e-05,10.9
4.625e-05,10.9
4.8125e-05,10.9
5e-05,10.9
5.15625e-05,10.9
5.3125e-05,10.9
5.46875e-05,10.9
5.625e-05,10.9
5.78125e-05,10.9
5.9375e-05,10.9
6.09375e-05,10.9
6.25e-05,10.9
6.40625e-05,10.9
6.5625e-05,10.9
6.71875e-05,10.9
6.875e-05,10.9
7.1875e-05,10.9
7.5e-05,10.9
7.8125e-05,10.9
8.125e-05,10.9
8.4375e-05,10.9
8.75e-05,10.9
9.0625e-05,10.9
9.375e-05,10.9
9.6875e-05,10.9
0.0001,10.9
0.000103125,10.9
0.00010625,10.9
0.000109375,10.9
0.0001125,10.9
0.000115625,10.9
0.00011875,10.9
0.000121875,10.9
0.000125,10.9
0.000128125,10.9
0.00013125,10.9
0.000134375,10.9
0.0001375,10.9
0.00014375,10.9
0.00015,10.9
0.00015625,10.9
0.0001625,10.9
0.00016875,10.9
0.000175,10.9
0.00018125,10.9
0.0001875,10.9
0.00019375,10.9
0.0002,10.9
0.000209375,10.9
0.00021875,10.9
0.000228125,10.9
0.0002375,10.9
0.000246875,10.9
0.00025625,10.9
0.000265625,10.9
0.000275,10.9
0.000284375,10.9
0.00029375,10.9
0.000303125,10.9
0.0003125,10.9
0.000321875,10.9
0.00033125,10.9
0.000340625,10.9
0.00035,10.9
0.000359375,10.9
0.00036875,10.9
0.000378125,10.9
0.0003875,10.9
0.000396875,10.9
0.00040625,10.9
0.000425,10.9
0.00044375,10.9
0.0004625,10.9
0.00048125,10.9
0.0005,10.9
0.000515625,10.9
0.00053125,10.9
0.000546875,10.9
0.0005625,10.9
0.000578125,10.9
0.00059375,10.9
0.000609375,10.9
0.000625,10.9
0.000640625,10.9
0.00065625,10.9
0.000671875,10.9
0.0006875,10.9
0.00071875,10.9
0.00075,10.9
0.00078125,10.9
0.0008125,10.9
0.00084375,10.9
0.000875,10.9
0.00090625,10.9
0.0009375,10.9
0.00096875,10.9
0.001,10.9
0.00103125,10.9
0.0010625,10.9
0.00109375,10.9
0.001125,10.9
0.00115625,10.9
0.0011875,10.9
0.00121875,10.9
0.00125,10.9
0.00128125,10.9
0.0013125,10.9
0.00134375,10.9
0.001375,10.9
0.0014375,10.9
0.0015,10.9
0.0015625,10.9
0.001625,10.9
0.0016875,10.9
0.00175,10.9
0.0018125,10.9
0.001875,10.9
0.0019375,10.9
0.002,10.9
0.00209375,10.9
0.0021875,10.9
0.00228125,10.9
0.002375,10.9
0.00246875,10.9
0.0025625,10.9
0.00265625,10.9
0.00275,10.9
0.00284375,10.9
0.0029375,10.9
0.00303125,10.9
0.003125,10.9
0.00321875,10.9
0.0033125,10.9
0.00340625,10.9
0.0035,10.9
0.00359375,10.9
0.0036875,10.9
0.00378125,10.9
0.003875,10.9
0.00396875,10.9
0.0040625,10.9
0.00425,10.9
0.0044375,10.9
0.004625,10.9
0.0048125,10.9
0.005,10.9
0.00515625,10.9
0.0053125,10.9
0.00546875,10.9
0.005625,10.9
0.00578125,10.9
0.0059375,10.9
0.00609375,10.9
0.00625,10.9
0.00640625,10.9
0.0065625,10.9
0.00671875,10.9
0.006875,10.9
0.0071875,10.9
0.0075,10.9
0.0078125,10.9
0.008125,10.9
0.0084375,10.9
0.00875,10.9
0.0090625,10.9
0.009375,10.9
0.0096875,10.9
0.01,10.9
0.0103125,10.9
0.010625,10.9
0.0109375,10.9
0.01125,10.9
0.0115625,10.9
0.011875,10.9
0.0121875,10.9
0.0125,10.9
0.0128125,10.9
0.013125,10.9
0.0134375,10.9
0.01375,10.9
0.014375,10.9
0.015,10.9
0.015625,10.9
0.01625,10.9
0.016875,10.9
0.0175,10.9
0.018125,10.9
0.01875,10.9
0.019375,10.9
0.02,10.9
0.0206625,10.9
0.021325,10.9
0.0219875,10.9
0.02265,10.9
0.0233125,10.9
0.023975,10.9
0.0246375,10.9
0.0253,10.9
0.02607188,10.9
0.02684375,10.9
0.02761563,10.9
0.0283875,10.9
0.02915938,10.9
0.02993125,10.9
0.03070313,10.9
0.031475,10.9
0.03224688,10.9
0.03301875,10.9
0.0345625,10.9
0.03610625,10.9
0.03765,10.9
0.03919375,10.9
0.0407375,10.9
0.04228125,10.9
0.043825,10.9
0.04536875,10.9
0.0469125,10.9
0.04845625,10.9
0.05,10.9
0.0515625,10.9
0.053125,10.9
0.0546875,10.9
0.05625,10.9
0.0578125,10.9
0.059375,10.9
0.0609375,10.9
0.0625,10.9
0.0640625,10.9
0.065625,10.9
0.0671875,10.9
0.06875,10.9
0.071875,10.9
0.075,10.9
0.078125,10.9
0.08125,10.9
0.084375,10.9
0.0875,10.9
0.090625,10.9
0.09375,10.9
0.096875,10.9
0.1,10.9
0.103125,10.9
0.10625,10.9
0.109375,10.9
0.1125,10.9
0.115625,10.9
0.11875,10.9
0.121875,10.9
0.125,10.9
0.128125,10.9
0.13125,10.9
0.134375,10.9
0.1375,10.9
0.14375,10.9
0.15,10.9
0.15625,10.9
0.1625,10.9
0.16875,10.9
0.175,10.9
0.18125,10.9
0.1875,10.9
0.19375,10.9
0.2,10.9
0.209375,10.9
0.21875,10.9
0.228125,10.9
0.2375,10.9
0.246875,10.9
0.25625,10.9
0.265625,10.9
0.275,10.9
0.284375,10.9
0.29375,10.9
0.303125,10.9
0.3125,10.9
0.321875,10.9
0.33125,10.9
0.340625,10.9
0.35,10.9
0.359375,10.9
0.36875,10.9
0.378125,10.9
0.3875,10.9
0.396875,10.9
0.40625,10.9
0.425,10.9
0.44375,10.9
0.4625,10.9
0.48125,10.9
0.5,10.9
0.53125,10.9
0.5625,10.9
0.59375,10.9
0.625,10.9
0.65625,10.9
0.6875,10.9
0.71875,10.9
0.75,10.9
0.78125,10.9
0.8125,10.9
0.84375,10.9
0.875,10.9
0.9375,10.9
1.0,10.9
1.0625,10.9
1.125,10.9
1.1875,10.9
1.25,10.9
1.3125,10.9
1.375,10.9
1.4375,10.9
1.5,10.9
1.5625,10.9
1.625,10.9
1.6875,10.9
1.75,10.9
1.875,10.9
2.0,10.9
2.075,10.9
2.15,10.9
2.3,10.9
2.45,10.9
2.6,10.9
2.75,10.9
2.9,10.9
3.05,10.9
3.199999,10.9
3.200001,23.70288
3.425001,23.65342
3.650001,23.6072
3.875001,23.56382
4.100001,23.52297
4.325001,23.48437
4.550001,23.44778
4.775001,23.41302
5.0,23.3799
5.25,23.34911
5.5,23.31979
5.75,23.29181
6.0,23.26506
6.25,23.23942
6.5,23.21482
6.75,23.19117
7.0,23.1684
7.375,23.13087
7.75,23.09526
8.125,23.06138
8.5,23.02908
8.875,22.99821
9.25,22.96866
9.625,22.94032
10.0,22.9131
10.51777,22.91226
11.03553,22.91146
11.55329,22.9107
12.07105,22.90997
12.58882,22.90927
13.10658,22.9086
13.62434,22.90796
14.1421,22.90734
14.87434,22.82127
15.60658,22.73964
16.33882,22.66202
17.07105,22.58805
17.80329,22.51742
18.53553,22.44984
19.26777,22.38507
20.0,22.3229
21.25,22.26163
22.5,22.20402
23.75,22.14966
25.0,22.09821
26.25,22.04938
27.5,22.00293
28.75,21.95863
30.0,21.9163
31.25,21.86961
32.5,21.82485
33.75,21.78187
35.0,21.74052
37.5,21.66231
40.0,21.5894
42.5,21.52114
45.0,21.45697
47.5,21.39646
50.0,21.3392
52.5,21.27807
55.0,21.21996
57.5,21.16457
60.0,21.11168
62.5,21.06107
65.0,21.01256
67.5,20.96598
70.0,20.9212
73.75,20.85118
77.5,20.78486
81.25,20.72186
85.0,20.66189
88.75,20.60466
92.5,20.54996
96.25,20.49757
100.0,20.4473
106.25,20.35476
112.5,20.2679
118.75,20.18608
125.0,20.10876
131.25,20.03549
137.5,19.96587
143.75,19.89958
150.0,19.83632
156.25,19.77582
162.5,19.71788
168.75,19.66228
175.0,19.60885
187.5,19.50789
200.0,19.41392
212.5,19.31818
225.0,19.22835
237.5,19.14376
250.0,19.06385
262.5,18.98815
275.0,18.91625
287.5,18.84781
300.0,18.78251
312.5,18.71554
325.0,18.65141
337.5,18.58992
350.0,18.53085
375.0,18.41931
400.0,18.31558
425.0,18.21867
450.0,18.12778
475.0,18.04221
500.0,17.96141
525.0,17.88079
550.0,17.80425
575.0,17.73143
600.0,17.66198
625.0,17.59562
650.0,17.5321
675.0,17.4712
700.0,17.41271
737.5,17.32634
775.0,17.24464
812.5,17.16717
850.0,17.09352
887.5,17.02334
925.0,16.95634
962.5,16.89225
1000.0,16.83084
1062.5,16.73063
1125.0,16.63669
1187.5,16.54832
1250.0,16.46492
1312.5,16.38598
1375.0,16.31106
1437.5,16.23979
1500.0,16.17185
1562.5,16.10695
1625.0,16.04484
1687.5,15.9853
1750.0,15.92814
1875.0,15.82026
2000.0,15.72
2125.0,15.62479
2250.0,15.53555
2375.0,15.4516
2500.0,15.37238
2625.0,15.2974
2750.0,15.22626
2875.0,15.15858
3000.0,15.09407
3125.0,15.03262
3250.0,14.97382
3375.0,14.91746
3500.0,14.86334
3750.0,14.76122
4000.0,14.66633
4250.0,14.57775
4500.0,14.49473
4750.0,14.41662
5000.0,14.34292
5250.0,14.2744
5500.0,14.20937
5750.0,14.14751
6000.0,14.08853
6250.0,14.03219
6500.0,13.97828
6750.0,13.92659
7000.0,13.87697
7375.0,13.80826
7750.0,13.74328
8125.0,13.68165
8500.0,13.62305
8875.0,13.56723
9250.0,13.51393
9625.0,13.46294
10000.0,13.41409
10625.0,13.34264
11250.0,13.27563
11875.0,13.21255
12500.0,13.15298
13125.0,13.09657
13750.0,13.04301
14375.0,12.99203
15000.0,12.94341
15625.0,12.89695
16250.0,12.85247
16875.0,12.80981
17500.0,12.76883
18750.0,12.69146
20000.0,12.61951
21250.0,12.55932
22500.0,12.50284
23750.0,12.44964
25000.0,12.39938
26250.0,12.35177
27500.0,12.30654
28750.0,12.26347
30000.0,12.22238
32039.93,12.16757
34079.85,12.11636
36119.78,12.06833
38159.7,12.02312
39639.74,11.97994
41119.78,11.93848
44079.85,11.86027
47039.93,11.7876
50000.0,11.71978
52500.0,11.6578
55000.0,11.599
57500.0,11.5431
60000.0,11.48983
62500.0,11.43896
65000.0,11.39031
67500.0,11.34368
70000.0,11.29893
73750.0,11.21552
77500.0,11.13682
81250.0,11.06236
85000.0,10.99172
88750.0,10.92455
92500.0,10.86055
96250.0,10.79945
100000.0,10.741
105463.0,10.64724
110926.0,10.55898
110926.2,10.55898
115463.0,10.48661
120000.0,10.4175
127534.0,10.29916
133767.0,10.20021
140000.0,10.10665
147500.0,9.983003
155000.0,9.866892
162500.0,9.757526
170000.0,9.654226
177500.0,9.535022
185000.0,9.422133
192500.0,9.31499
200000.0,9.213092
212500.0,9.041755
225000.0,8.883133
237500.0,8.735651
250000.0,8.598
267118.0,8.397238
283559.0,8.201082
300000.0,8.020188
312500.0,7.884383
325000.0,7.756071
337500.0,7.634574
350000.0,7.519297
375000.0,7.305368
400000.0,7.110763
428958.0,6.855018
457916.0,6.624309
457916.1,6.624308
478958.0,6.446966
500000.0,6.281697
525000.0,6.112767
550000.0,5.955929
575000.0,5.809825
600000.0,5.6733
625000.0,5.517019
650000.0,5.370925
675000.0,5.233999
700000.0,5.105357
750000.0,4.902289
800000.0,4.719649
850000.0,4.533337
900000.0,4.364418
950000.0,4.190344
1000000.0,4.031623
1050000.0,3.91731
1100000.0,3.811335
1200000.0,3.644517
1300000.0,3.538427
1400000.0,3.442457
1500000.0,3.40521
1600000.0,3.374439
1650000.0,3.379514
1700000.0,3.384445
1750000.0,3.391701
1800000.0,3.398767
1850000.0,3.419056
1900000.0,3.43892
1950000.0,3.460679
2000000.0,3.48202
2050000.0,3.511317
2100000.0,3.540146
2150000.0,3.571294
2200000.0,3.60199
2250000.0,3.632251
2300000.0,3.662093
2350000.0,3.694801
2400000.0,3.727104
2450000.0,3.759014
2500000.0,3.790544
2550000.0,3.821192
2600000.0,3.851485
2650000.0,3.881434
2700000.0,3.91105
2737500.0,3.932586
2775000.0,3.953946
2812500.0,3.975133
2850000.0,3.99615
2887500.0,4.017002
2925000.0,4.037691
2962500.0,4.058221
3000000.0,4.078595
3062500.0,4.093439
3125000.0,4.108036
3187500.0,4.122394
3250000.0,4.136522
3312500.0,4.150428
3375000.0,4.16412
3437500.0,4.177604
3500000.0,4.190888
3562500.0,4.205886
3625000.0,4.220676
3687500.0,4.235263
3750000.0,4.249655
3812500.0,4.263856
3875000.0,4.277873
3937500.0,4.29171
4000000.0,4.305373
4062500.0,4.292976
4125000.0,4.280802
4187500.0,4.268846
4250000.0,4.257099
4312500.0,4.245555
4375000.0,4.234209
4437500.0,4.223052
4500000.0,4.212081
4562500.0,4.199772
4625000.0,4.187665
4687500.0,4.175756
4750000.0,4.164037
4812500.0,4.152503
4875000.0,4.14115
4937500.0,4.129972
5000000.0,4.118964
5062500.0,4.092553
5125000.0,4.066632
5187500.0,4.041187
5250000.0,4.016203
5312500.0,3.991666
5375000.0,3.967563
5437500.0,3.943882
5500000.0,3.920611
5562500.0,3.894272
5625000.0,3.868401
5687500.0,3.842985
5750000.0,3.818011
5812500.0,3.793467
5875000.0,3.76934
5937500.0,3.74562
6000000.0,3.722295
6125000.0,3.666457
6250000.0,3.61256
6375000.0,3.560499
6500000.0,3.510178
6625000.0,3.454387
6750000.0,3.4005
6875000.0,3.34842
7000000.0,3.298055
7500000.0,3.123856
7569560.0,3.098732
8000000.0,2.949673
8500000.0,2.830143
9000000.0,2.710615
9500000.0,2.644034
10000000.0,2.57746
10500000.0,2.555629
11000000.0,2.533806
11500000.0,2.546478
12000000.0,2.559145
12500000.0,2.595639
13000000.0,2.632133
13250000.0,2.657436
13500000.0,2.682503
13871100.0,2.720042
13871150.0,2.720047
14000000.0,2.732863
14250000.0,2.760872
14500000.0,2.788674
14750000.0,2.816672
15000000.0,2.844474
15250000.0,2.871889
15500000.0,2.899116
15750000.0,2.926517
16000000.0,2.953739
16250000.0,2.978166
16500000.0,3.002417
16750000.0,3.026841
17000000.0,3.051098
17500000.0,3.090678
17750000.0,3.110546
18000000.0,3.130262
18500000.0,3.158935
18750000.0,3.17334
19000000.0,3.187619
19500000.0,3.204649
19750000.0,3.213196
20000000.0,3.221657
