1e-05,9.7
1.03125e-05,9.7
1.0625e-05,9.7
1.09375e-05,9.7
1.125e-05,9.7
1.15625e-05,9.7
1.1875e-05,9.7
1.21875e-05,9.7
1.25e-05,9.7
1.28125e-05,9.7
1.3125e-05,9.7
1.34375e-05,9.7
1.375e-05,9.7
1.4375e-05,9.7
1.5e-05,9.7
1.5625e-05,9.7
1.625e-05,9.7
1.6875e-05,9.7
1.75e-05,9.7
1.8125e-05,9.7
1.875e-05,9.7
1.9375e-05,9.7
2e-05,9.7
2.09375e-05,9.7
2.1875e-05,9.7
2.28125e-05,9.7
2.375e-05,9.7
2.46875e-05,9.7
2.5625e-05,9.7
2.65625e-05,9.7
2.75e-05,9.7
2.84375e-05,9.7
2.9375e-05,9.7
3.03125e-05,9.7
3.125e-05,9.7
3.21875e-05,9.7
3.3125e-05,9.7
3.40625e-05,9.7
3.5e-05,9.7
3.59375e-05,9.7
3.6875e-05,9.7
3.78125e-05,9.7
3.875e-05,9.7
3.96875e-05,9.7
4.0625e-05,9.7
4.25e-05,9.7
4.4375e-05,9.7
4.625e-05,9.7
4.8125e-05,9.7
5e-05,9.7
5.15625e-05,9.7
5.3125e-05,9.7
5.46875e-05,9.7
5.625e-05,9.7
5.78125e-05,9.7
5.9375e-05,9.7
6.09375e-05,9.7
6.25e-05,9.7
6.40625e-05,9.7
6.5625e-05,9.7
6.71875e-05,9.7
6.875e-05,9.7
7.1875e-05,9.7
7.5e-05,9.7
7.8125e-05,9.7
8.125e-05,9.7
8.4375e-05,9.7
8.75e-05,9.7
9.0625e-05,9.7
9.375e-05,9.7
9.6875e-05,9.7
0.0001,9.7
0.000103125,9.7
0.00010625,9.7
0.000109375,9.7
0.0001125,9.7
0.000115625,9.7
0.00011875,9.7
0.000121875,9.7
0.000125,9.7
0.000128125,9.7
0.00013125,9.7
0.000134375,9.7
0.0001375,9.7
0.00014375,9.7
0.00015,9.7
0.00015625,9.7
0.0001625,9.7
0.00016875,9.7
0.000175,9.7
0.00018125,9.7
0.0001875,9.7
0.00019375,9.7
0.0002,9.7
0.000209375,9.7
0.00021875,9.7
0.000228125,9.7
0.0002375,9.7
0.000246875,9.7
0.00025625,9.7
0.000265625,9.7
0.000275,9.7
0.000284375,9.7
0.00029375,9.7
0.000303125,9.7
0.0003125,9.7
0.000321875,9.7
0.00033125,9.7
0.000340625,9.7
0.00035,9.7
0.000359375,9.7
0.00036875,9.7
0.000378125,9.7
0.0003875,9.7
0.000396875,9.7
0.00040625,9.7
0.000425,9.7
0.00044375,9.7
0.0004625,9.7
0.00048125,9.7
0.0005,9.7
0.000515625,9.7
0.00053125,9.7
0.000546875,9.7
0.0005625,9.7
0.000578125,9.7
0.00059375,9.7
0.000609375,9.7
0.000625,9.7
0.000640625,9.7
0.00065625,9.7
0.000671875,9.7
0.0006875,9.7
0.00071875,9.7
0.00075,9.7
0.00078125,9.7
0.0008125,9.7
0.00084375,9.7
0.000875,9.7
0.00090625,9.7
0.0009375,9.7
0.00096875,9.7
0.001,9.7
0.00103125,9.7
0.0010625,9.7
0.00109375,9.7
0.001125,9.7
0.00115625,9.7
0.0011875,9.7
0.00121875,9.7
0.00125,9.7
0.00128125,9.7
0.0013125,9.7
0.00134375,9.7
0.001375,9.7
0.0014375,9.7
0.0015,9.7
0.0015625,9.7
0.001625,9.7
0.0016875,9.7
0.00175,9.7
0.0018125,9.7
0.001875,9.7
0.0019375,9.7
0.002,9.7
0.00209375,9.7
0.0021875,9.7
0.00228125,9.7
0.002375,9.7
0.00246875,9.7
0.0025625,9.7
0.00265625,9.7
0.00275,9.7
0.00284375,9.7
0.0029375,9.7
0.00303125,9.7
0.003125,9.7
0.00321875,9.7
0.0033125,9.7
0.00340625,9.7
0.0035,9.7
0.00359375,9.7
0.0036875,9.7
0.00378125,9.7
0.003875,9.7
0.00396875,9.7
0.0040625,9.7
0.00425,9.7
0.0044375,9.7
0.004625,9.7
0.0048125,9.7
0.005,9.7
0.00515625,9.7
0.0053125,9.7
0.00546875,9.7
0.005625,9.7
0.00578125,9.7
0.0059375,9.7
0.00609375,9.7
0.00625,9.7
0.00640625,9.7
0.0065625,9.7
0.00671875,9.7
0.006875,9.7
0.0071875,9.7
0.0075,9.7
0.0078125,9.7
0.008125,9.7
0.0084375,9.7
0.00875,9.7
0.0090625,9.7
0.009375,9.7
0.0096875,9.7
0.01,9.7
0.0103125,9.7
0.010625,9.7
0.0109375,9.7
0.01125,9.7
0.0115625,9.7
0.011875,9.7
0.0121875,9.7
0.0125,9.7
0.0128125,9.7
0.013125,9.7
0.0134375,9.7
0.01375,9.7
0.014375,9.7
0.015,9.7
0.015625,9.7
0.01625,9.7
0.016875,9.7
0.0175,9.7
0.018125,9.7
0.01875,9.7
0.019375,9.7
0.02,9.7
0.0206625,9.7
0.021325,9.7
0.0219875,9.7
0.02265,9.7
0.0233125,9.7
0.023975,9.7
0.0246375,9.7
0.0253,9.7
0.02607188,9.7
0.02684375,9.7
0.02761563,9.7
0.0283875,9.7
0.02915938,9.7
0.02993125,9.7
0.03070313,9.7
0.031475,9.7
0.03224688,9.7
0.03301875,9.7
0.0345625,9.7
0.03610625,9.7
0.03765,9.7
0.03919375,9.7
0.0407375,9.7
0.04228125,9.7
0.043825,9.7
0.04536875,9.7
0.0469125,9.7
0.04845625,9.7
0.05,9.7
0.0515625,9.7
0.053125,9.7
0.0546875,9.7
0.05625,9.7
0.0578125,9.7
0.059375,9.7
0.0609375,9.7
0.0625,9.7
0.0640625,9.7
0.065625,9.7
0.0671875,9.7
0.06875,9.7
0.071875,9.7
0.075,9.7
0.078125,9.7
0.08125,9.7
0.084375,9.7
0.0875,9.7
0.090625,9.7
0.09375,9.7
0.096875,9.7
0.1,9.7
0.103125,9.7
0.10625,9.7
0.109375,9.7
0.1125,9.7
0.115625,9.7
0.11875,9.7
0.121875,9.7
0.125,9.7
0.128125,9.7
0.13125,9.7
0.134375,9.7
0.1375,9.7
0.14375,9.7
0.15,9.7
0.15625,9.7
0.1625,9.7
0.16875,9.7
0.175,9.7
0.18125,9.7
0.1875,9.7
0.19375,9.7
0.2,9.7
0.20625,9.7
0.2125,9.7
0.21875,9.7
0.225,9.7
0.23125,9.7
0.2375,9.7
0.24375,9.7
0.25,9.7
0.25625,9.7
0.2625,9.7
0.26875,9.7
0.275,9.7
0.2875,9.7
0.3,9.7
0.3125,9.7
0.325,9.7
0.3375,9.7
0.35,9.7
0.3625,9.7
0.375,9.7
0.3875,9.7
0.3999999,9.7
0.4000001,12.75
0.4125001,12.74949
0.4250001,12.749
0.4375001,12.74852
0.4500001,12.74806
0.4625001,12.74761
0.4750001,12.74717
0.5,12.74632
0.53125,12.74532
0.5624999,12.74438
0.5937499,12.74349
0.6249998,12.74264
0.6562498,12.74184
0.6874997,12.74107
0.7187496,12.74034
0.7499995,12.73964
0.7812495,12.73897
0.8124994,12.73832
0.8437494,12.7377
0.8749993,12.7371
0.9374992,12.73596
0.999999,12.7349
1.0,12.735
1.000001,12.735
1.051778,12.76058
1.103554,12.78498
1.15533,12.80831
1.207106,12.83065
1.258882,12.85209
1.310658,12.8727
1.362434,12.89254
1.41421,12.91167
1.487434,12.88298
1.560658,12.85573
1.633882,12.82979
1.707105,12.80503
1.780329,12.78136
1.853553,12.75868
1.926777,12.73691
2.0,12.716
2.125,12.71406
2.25,12.71222
2.375,12.71049
2.5,12.70884
2.625,12.70728
2.75,12.70579
2.875,12.70436
3.0,12.703
3.125,12.70132
3.25,12.69971
3.375,12.69815
3.5,12.69666
3.75,12.69382
4.0,12.69117
4.25,12.68868
4.5,12.68633
4.75,12.68411
5.0,12.682
5.25,12.6795
5.5,12.67713
5.75,12.67485
6.0,12.67268
6.25,12.67059
6.5,12.66859
6.75,12.66666
7.0,12.6648
7.375,12.6617
7.75,12.65875
8.125,12.65594
8.5,12.65326
8.875,12.65069
9.25,12.64823
9.625,12.64587
10.0,12.6436
10.51777,12.66503
11.03553,12.68546
11.55329,12.70498
12.07105,12.72367
12.58882,12.74161
13.10658,12.75885
13.62434,12.77544
14.1421,12.79143
14.87434,12.76208
15.60658,12.73421
16.33882,12.70767
17.07105,12.68235
17.80329,12.65813
18.53553,12.63494
19.26777,12.61269
20.0,12.5913
21.25,12.58551
22.5,12.58005
23.75,12.57488
25.0,12.56999
26.25,12.56533
27.5,12.56089
28.75,12.55666
30.0,12.5526
31.25,12.54787
32.5,12.54332
33.75,12.53895
35.0,12.53474
37.5,12.52675
40.0,12.51928
42.5,12.51227
45.0,12.50567
47.5,12.49942
50.0,12.4935
52.5,12.4868
55.0,12.48042
57.5,12.47433
60.0,12.4685
62.5,12.46291
65.0,12.45754
67.5,12.45237
70.0,12.4474
73.75,12.43921
77.5,12.43142
81.25,12.42401
85.0,12.41694
88.75,12.41018
92.5,12.4037
96.25,12.39748
100.0,12.3915
105.1777,12.40242
110.3553,12.41282
115.5329,12.42275
120.7105,12.43225
125.8882,12.44136
131.0658,12.45011
136.2434,12.45853
141.421,12.46664
148.7434,12.43624
156.0658,12.40736
163.3882,12.37988
170.7105,12.35366
178.0329,12.32859
185.3553,12.30457
192.6777,12.28154
200.0,12.2594
212.5,12.24543
225.0,12.23227
237.5,12.21984
250.0,12.20806
262.5,12.19686
275.0,12.1862
287.5,12.17601
300.0,12.16627
312.5,12.15537
325.0,12.14491
337.5,12.13485
350.0,12.12516
375.0,12.10681
400.0,12.08967
425.0,12.07358
450.0,12.05844
475.0,12.04414
500.0,12.03058
525.0,12.01586
550.0,12.00185
575.0,11.98847
600.0,11.97568
625.0,11.96342
650.0,11.95166
675.0,11.94035
700.0,11.92946
737.5,11.91217
775.0,11.89577
812.5,11.88016
850.0,11.86527
887.5,11.85105
925.0,11.83743
962.5,11.82436
1000.0,11.81181
1062.5,11.78894
1125.0,11.76741
1187.5,11.74709
1250.0,11.72784
1312.5,11.70955
1375.0,11.69215
1437.5,11.67554
1500.0,11.65967
1562.5,11.64446
1625.0,11.62987
1687.5,11.61584
1750.0,11.60234
1875.0,11.57677
2000.0,11.55291
2125.0,11.52764
2250.0,11.50387
2375.0,11.48142
2500.0,11.46017
2625.0,11.43999
2750.0,11.42079
2875.0,11.40246
3000.0,11.38495
3125.0,11.36704
3250.0,11.34986
3375.0,11.33335
3500.0,11.31746
3750.0,11.28739
4000.0,11.25933
4250.0,11.23303
4500.0,11.20829
4750.0,11.18495
5000.0,11.16284
5250.0,11.14164
5500.0,11.12146
5750.0,11.10222
6000.0,11.08382
6250.0,11.06621
6500.0,11.04931
6750.0,11.03307
7000.0,11.01745
7375.0,10.99643
7750.0,10.97649
8125.0,10.95752
8500.0,10.93944
8875.0,10.92217
9250.0,10.90564
9625.0,10.88979
10000.0,10.87457
10625.0,10.85733
11250.0,10.8411
11875.0,10.82577
12500.0,10.81125
13125.0,10.79745
13750.0,10.78431
14375.0,10.77177
15000.0,10.75978
15625.0,10.74829
16250.0,10.73726
16875.0,10.72666
17500.0,10.71646
18750.0,10.69712
20000.0,10.67907
21250.0,10.67295
22500.0,10.66718
23750.0,10.66173
25000.0,10.65656
26250.0,10.65164
27500.0,10.64696
28750.0,10.64248
30000.0,10.6382
31152.75,10.63873
32305.5,10.63924
34611.0,10.6402
34611.05,10.6402
35730.5,10.62485
35730.55,10.62485
37514.19,10.6113
39297.88,10.5984
41081.57,10.58608
42865.25,10.5743
44648.94,10.56301
46432.63,10.55218
48216.32,10.54177
50000.0,10.53174
52500.0,10.51165
55000.0,10.49254
57500.0,10.47431
60000.0,10.45688
62500.0,10.44019
65000.0,10.42418
67500.0,10.4088
70000.0,10.394
74320.95,10.35499
78641.9,10.31832
78641.93,10.31832
80581.7,10.30073
80581.72,10.30073
83665.1,10.26989
86748.5,10.24026
92317.35,10.18002
97886.2,10.12364
97886.24,10.12364
100000.0,10.10059
102949.0,10.06068
104247.0,10.04317
110077.5,9.947317
115908.0,9.857257
120000.0,9.774326
125511.0,9.680492
125511.3,9.680486
131018.0,9.570949
131018.4,9.570942
137874.0,9.449931
140000.0,9.413783
147063.0,9.296363
149194.0,9.253959
149194.4,9.253952
153413.7,9.176465
157633.0,9.101703
157633.3,9.101698
158026.0,9.094953
162894.5,9.007227
167763.0,8.922894
170000.0,8.885074
175829.0,8.788471
175829.4,8.788464
180716.0,8.700035
180716.1,8.700033
186243.1,8.606417
191770.0,8.516504
191770.5,8.516496
200000.0,8.388981
204458.0,8.320057
204458.4,8.320051
210151.0,8.235608
215843.5,8.154247
221536.3,8.075773
227229.0,8.000018
238614.5,7.856038
250000.0,7.721184
262500.0,7.578604
275000.0,7.445111
287500.0,7.319751
300000.0,7.201705
312500.0,7.078748
325000.0,6.962592
337500.0,6.85262
350000.0,6.748291
362500.0,6.64913
375000.0,6.554715
387500.0,6.464672
400000.0,6.378667
412500.0,6.276755
425000.0,6.179442
437500.0,6.086394
450000.0,5.99731
475000.0,5.829971
500000.0,5.675535
512500.0,5.60347
525000.0,5.534023
537500.0,5.467042
550000.0,5.402383
575000.0,5.279523
600000.0,5.164511
625000.0,5.039949
650000.0,4.923105
675000.0,4.813228
700000.0,4.709669
725000.0,4.629565
750000.0,4.553471
775000.0,4.481062
800000.0,4.41205
825000.0,4.337689
850000.0,4.266746
875000.0,4.198971
900000.0,4.134136
925000.0,4.063152
950000.0,3.995231
975000.0,3.930166
1000000.0,3.867769
1025000.0,3.824279
1050000.0,3.782309
1075000.0,3.741771
1100000.0,3.702584
1125000.0,3.671988
1150000.0,3.64231
1200000.0,3.585521
1225000.0,3.570739
1250000.0,3.556314
1300000.0,3.528477
1350000.0,3.500409
1400000.0,3.473573
1450000.0,3.476384
1500000.0,3.479101
1550000.0,3.482485
1600000.0,3.485764
1650000.0,3.509001
1700000.0,3.531693
1750000.0,3.55524
1800000.0,3.578275
1850000.0,3.612699
1900000.0,3.646522
1950000.0,3.68112
2000000.0,3.715157
2050000.0,3.754391
2100000.0,3.793079
2150000.0,3.832956
2200000.0,3.87232
2250000.0,3.911191
2300000.0,3.949585
2350000.0,3.987898
2400000.0,4.025764
2450000.0,4.063198
2500000.0,4.100213
2550000.0,4.134948
2600000.0,4.169294
2650000.0,4.203263
2700000.0,4.236866
2737500.0,4.260492
2775000.0,4.283926
2812500.0,4.307172
2850000.0,4.330233
2887500.0,4.353114
2925000.0,4.375818
2962500.0,4.398349
3000000.0,4.420711
3031250.0,4.428543
3062500.0,4.436308
3093750.0,4.444007
3125000.0,4.451643
3156250.0,4.459215
3187500.0,4.466726
3250000.0,4.481565
3312500.0,4.49617
3375000.0,4.510548
3437500.0,4.524707
3500000.0,4.538654
3562500.0,4.554131
3625000.0,4.56939
3687500.0,4.584438
3750000.0,4.599281
3812500.0,4.613926
3875000.0,4.628378
3937500.0,4.642644
4000000.0,4.656727
4062500.0,4.643607
4125000.0,4.630724
4187500.0,4.618069
4250000.0,4.605635
4312500.0,4.593416
4375000.0,4.581404
4437500.0,4.569594
4500000.0,4.557978
4622403.0,4.532624
4744805.0,4.508068
4867208.0,4.484265
4989610.0,4.461175
4989615.0,4.461171
5000000.0,4.452386
5250000.0,4.351987
5500000.0,4.258368
6000000.0,4.057487
6250000.0,3.946144
6500000.0,3.842047
6750000.0,3.730783
7000000.0,3.626615
7250000.0,3.531356
7500000.0,3.441703
7750000.0,3.346472
8000000.0,3.256776
8250000.0,3.185121
8500000.0,3.117112
8750000.0,3.04548
9000000.0,2.977444
9250000.0,2.930246
9500000.0,2.885025
10000000.0,2.792593
10500000.0,2.744753
11000000.0,2.696913
11316700.0,2.690939
11316770.0,2.690938
11500000.0,2.687384
12000000.0,2.67822
12500000.0,2.698744
13000000.0,2.719276
13500000.0,2.760183
13750000.0,2.780748
14000000.0,2.801091
14250000.0,2.827346
14500000.0,2.853384
14750000.0,2.879627
15000000.0,2.905665
15250000.0,2.933808
15500000.0,2.961759
15750000.0,2.989898
16000000.0,3.017855
16250000.0,3.044911
16500000.0,3.07179
16820800.0,3.106549
17000000.0,3.125728
17250000.0,3.149504
17500000.0,3.173115
18000000.0,3.22051
18500000.0,3.258356
19000000.0,3.296214
19500000.0,3.322763
20000000.0,3.349299
