1e-05,10.6
1.03125e-05,10.6
1.0625e-05,10.6
1.09375e-05,10.6
1.125e-05,10.6
1.15625e-05,10.6
1.1875e-05,10.6
1.21875e-05,10.6
1.25e-05,10.6
1.28125e-05,10.6
1.3125e-05,10.6
1.34375e-05,10.6
1.375e-05,10.6
1.4375e-05,10.6
1.5e-05,10.6
1.5625e-05,10.6
1.625e-05,10.6
1.6875e-05,10.6
1.75e-05,10.6
1.8125e-05,10.6
1.875e-05,10.6
1.9375e-05,10.6
2e-05,10.6
2.09375e-05,10.6
2.1875e-05,10.6
2.28125e-05,10.6
2.375e-05,10.6
2.46875e-05,10.6
2.5625e-05,10.6
2.65625e-05,10.6
2.75e-05,10.6
2.84375e-05,10.6
2.9375e-05,10.6
3.03125e-05,10.6
3.125e-05,10.6
3.21875e-05,10.6
3.3125e-05,10.6
3.40625e-05,10.6
3.5e-05,10.6
3.59375e-05,10.6
3.6875e-05,10.6
3.78125e-05,10.6
3.875e-05,10.6
3.96875e-05,10.6
4.0625e-05,10.6
4.25e-05,10.6
4.4375e-05,10.6
4.625e-05,10.6
4.8125e-05,10.6
5e-05,10.6
5.15625e-05,10.6
5.3125e-05,10.6
5.46875e-05,10.6
5.625e-05,10.6
5.78125e-05,10.6
5.9375e-05,10.6
6.09375e-05,10.6
6.25e-05,10.6
6.40625e-05,10.6
6.5625e-05,10.6
6.71875e-05,10.6
6.875e-05,10.6
7.1875e-05,10.6
7.5e-05,10.6
7.8125e-05,10.6
8.125e-05,10.6
8.4375e-05,10.6
8.75e-05,10.6
9.0625e-05,10.6
9.375e-05,10.6
9.6875e-05,10.6
0.0001,10.6
0.000103125,10.6
0.00010625,10.6
0.000109375,10.6
0.0001125,10.6
0.000115625,10.6
0.00011875,10.6
0.000121875,10.6
0.000125,10.6
0.000128125,10.6
0.00013125,10.6
0.000134375,10.6
0.0001375,10.6
0.00014375,10.6
0.00015,10.6
0.00015625,10.6
0.0001625,10.6
0.00016875,10.6
0.000175,10.6
0.00018125,10.6
0.0001875,10.6
0.00019375,10.6
0.0002,10.6
0.000209375,10.6
0.00021875,10.6
0.000228125,10.6
0.0002375,10.6
0.000246875,10.6
0.00025625,10.6
0.000265625,10.6
0.000275,10.6
0.000284375,10.6
0.00029375,10.6
0.000303125,10.6
0.0003125,10.6
0.000321875,10.6
0.00033125,10.6
0.000340625,10.6
0.00035,10.6
0.000359375,10.6
0.00036875,10.6
0.000378125,10.6
0.0003875,10.6
0.000396875,10.6
0.00040625,10.6
0.000425,10.6
0.00044375,10.6
0.0004625,10.6
0.00048125,10.6
0.0005,10.6
0.000515625,10.6
0.00053125,10.6
0.000546875,10.6
0.0005625,10.6
0.000578125,10.6
0.00059375,10.6
0.000609375,10.6
0.000625,10.6
0.000640625,10.6
0.00065625,10.6
0.000671875,10.6
0.0006875,10.6
0.00071875,10.6
0.00075,10.6
0.00078125,10.6
0.0008125,10.6
0.00084375,10.6
0.000875,10.6
0.00090625,10.6
0.0009375,10.6
0.00096875,10.6
0.001,10.6
0.00103125,10.6
0.0010625,10.6
0.00109375,10.6
0.001125,10.6
0.00115625,10.6
0.0011875,10.6
0.00121875,10.6
0.00125,10.6
0.00128125,10.6
0.0013125,10.6
0.00134375,10.6
0.001375,10.6
0.0014375,10.6
0.0015,10.6
0.0015625,10.6
0.001625,10.6
0.0016875,10.6
0.00175,10.6
0.0018125,10.6
0.001875,10.6
0.0019375,10.6
0.002,10.6
0.00209375,10.6
0.0021875,10.6
0.00228125,10.6
0.002375,10.6
0.00246875,10.6
0.0025625,10.6
0.00265625,10.6
0.00275,10.6
0.00284375,10.6
0.0029375,10.6
0.00303125,10.6
0.003125,10.6
0.00321875,10.6
0.0033125,10.6
0.00340625,10.6
0.0035,10.6
0.00359375,10.6
0.0036875,10.6
0.00378125,10.6
0.003875,10.6
0.00396875,10.6
0.0040625,10.6
0.00425,10.6
0.0044375,10.6
0.004625,10.6
0.0048125,10.6
0.005,10.6
0.00515625,10.6
0.0053125,10.6
0.00546875,10.6
0.005625,10.6
0.00578125,10.6
0.0059375,10.6
0.00609375,10.6
0.00625,10.6
0.00640625,10.6
0.0065625,10.6
0.00671875,10.6
0.006875,10.6
0.0071875,10.6
0.0075,10.6
0.0078125,10.6
0.008125,10.6
0.0084375,10.6
0.00875,10.6
0.0090625,10.6
0.009375,10.6
0.0096875,10.6
0.01,10.6
0.0103125,10.6
0.010625,10.6
0.0109375,10.6
0.01125,10.6
0.0115625,10.6
0.011875,10.6
0.0121875,10.6
0.0125,10.6
0.0128125,10.6
0.013125,10.6
0.0134375,10.6
0.01375,10.6
0.014375,10.6
0.015,10.6
0.015625,10.6
0.01625,10.6
0.016875,10.6
0.0175,10.6
0.018125,10.6
0.01875,10.6
0.019375,10.6
0.02,10.6
0.0206625,10.6
0.021325,10.6
0.0219875,10.6
0.02265,10.6
0.0233125,10.6
0.023975,10.6
0.0246375,10.6
0.0253,10.6
0.02607188,10.6
0.02684375,10.6
0.02761563,10.6
0.0283875,10.6
0.02915938,10.6
0.02993125,10.6
0.03070313,10.6
0.031475,10.6
0.03224688,10.6
0.03301875,10.6
0.0345625,10.6
0.03610625,10.6
0.03765,10.6
0.03919375,10.6
0.0407375,10.6
0.04228125,10.6
0.043825,10.6
0.04536875,10.6
0.0469125,10.6
0.04845625,10.6
0.05,10.6
0.0515625,10.6
0.053125,10.6
0.0546875,10.6
0.05625,10.6
0.0578125,10.6
0.059375,10.6
0.0609375,10.6
0.0625,10.6
0.0640625,10.6
0.065625,10.6
0.0671875,10.6
0.06875,10.6
0.071875,10.6
0.075,10.6
0.078125,10.6
0.08125,10.6
0.084375,10.6
0.0875,10.6
0.090625,10.6
0.09375,10.6
0.096875,10.6
0.1,10.6
0.103125,10.6
0.10625,10.6
0.109375,10.6
0.1125,10.6
0.115625,10.6
0.11875,10.6
0.121875,10.6
0.125,10.6
0.128125,10.6
0.13125,10.6
0.134375,10.6
0.1375,10.6
0.14375,10.6
0.15,10.6
0.15625,10.6
0.1625,10.6
0.16875,10.6
0.175,10.6
0.18125,10.6
0.1875,10.6
0.19375,10.6
0.2,10.6
0.209375,10.6
0.21875,10.6
0.228125,10.6
0.2375,10.6
0.246875,10.6
0.25625,10.6
0.265625,10.6
0.275,10.6
0.284375,10.6
0.29375,10.6
0.303125,10.6
0.3125,10.6
0.321875,10.6
0.33125,10.6
0.340625,10.6
0.35,10.6
0.359375,10.6
0.36875,10.6
0.378125,10.6
0.3875,10.6
0.396875,10.6
0.40625,10.6
0.425,10.6
0.44375,10.6
0.4625,10.6
0.48125,10.6
0.5,10.6
0.53125,10.6
0.5625,10.6
0.59375,10.6
0.625,10.6
0.65625,10.6
0.6875,10.6
0.71875,10.6
0.75,10.6
0.78125,10.6
0.8125,10.6
0.84375,10.6
0.875,10.6
0.9375,10.6
1.0,10.6
1.0625,10.6
1.125,10.6
1.1875,10.6
1.25,10.6
1.3125,10.6
1.375,10.6
1.4375,10.6
1.5,10.6
1.5625,10.6
1.625,10.6
1.6875,10.6
1.75,10.6
1.875,10.6
2.0,10.6
2.125,10.6
2.25,10.6
2.375,10.6
2.5,10.6
2.625,10.6
2.75,10.6
2.875,10.6
3.0,10.6
3.125,10.6
3.25,10.6
3.375,10.6
3.5,10.6
3.75,10.6
3.999999,10.6
4.000001,30.28025
4.250001,30.20872
4.500001,30.14143
4.750001,30.07793
5.0,30.0178
5.25,29.95102
5.5,29.88749
5.75,29.82691
6.0,29.76903
6.25,29.71361
6.5,29.66046
6.75,29.60941
7.0,29.5603
7.375,29.48071
7.75,29.40527
8.125,29.33358
8.5,29.26528
8.875,29.20008
9.25,29.13772
9.625,29.07796
10.0,29.0206
10.51777,28.98119
11.03553,28.94373
11.55329,28.90803
12.07105,28.87393
12.58882,28.84131
13.10658,28.81003
13.62434,28.78
14.1421,28.75112
14.87434,28.61178
15.60658,28.47977
16.33882,28.35438
17.07105,28.235
17.80329,28.12111
18.53553,28.01225
19.26777,27.90799
20.0,27.808
21.25,27.68585
22.5,27.57118
23.75,27.46315
25.0,27.36105
26.25,27.26428
27.5,27.17234
28.75,27.08477
30.0,27.0012
31.25,26.91066
32.5,26.82395
33.75,26.74078
35.0,26.66088
37.5,26.50996
40.0,26.36955
42.5,26.23834
45.0,26.11522
47.5,25.9993
50.0,25.8898
52.5,25.7749
55.0,25.66582
57.5,25.56202
60.0,25.46303
62.5,25.36845
65.0,25.2779
67.5,25.19108
70.0,25.1077
73.75,24.97925
77.5,24.85779
81.25,24.74261
85.0,24.63313
88.75,24.52883
92.5,24.42927
96.25,24.33404
100.0,24.2428
106.25,24.08418
112.5,23.93558
118.75,23.79587
125.0,23.66407
131.25,23.53938
137.5,23.42111
143.75,23.30865
150.0,23.20148
156.25,23.09916
162.5,23.00127
168.75,22.90746
175.0,22.81744
187.5,22.64761
200.0,22.4899
212.5,22.33035
225.0,22.18096
237.5,22.04056
250.0,21.90819
262.5,21.78302
275.0,21.66434
287.5,21.55154
300.0,21.44409
312.5,21.33626
325.0,21.23317
337.5,21.13444
350.0,21.03974
375.0,20.86124
400.0,20.69564
425.0,20.54128
450.0,20.3968
475.0,20.26107
500.0,20.13314
525.0,20.00809
550.0,19.88959
575.0,19.777
600.0,19.66981
625.0,19.56754
650.0,19.46978
675.0,19.37618
700.0,19.2864
737.5,19.15608
775.0,19.03303
812.5,18.91654
850.0,18.80597
887.5,18.70078
925.0,18.6005
962.5,18.5047
1000.0,18.41304
1062.5,18.26724
1125.0,18.13084
1187.5,18.00275
1250.0,17.88207
1312.5,17.76802
1375.0,17.65997
1437.5,17.55733
1500.0,17.45961
1562.5,17.3664
1625.0,17.27732
1687.5,17.19202
1750.0,17.11023
1875.0,16.95613
2000.0,16.81324
2125.0,16.68136
2250.0,16.55797
2375.0,16.44209
2500.0,16.33291
2625.0,16.22973
2750.0,16.13196
2875.0,16.03908
3000.0,15.95066
3125.0,15.86865
3250.0,15.79025
3375.0,15.71517
3500.0,15.64316
3750.0,15.50746
4000.0,15.38159
4250.0,15.26429
4500.0,15.15451
4750.0,15.05139
5000.0,14.95421
5250.0,14.86647
5500.0,14.7833
5750.0,14.70425
6000.0,14.62897
6250.0,14.55712
6500.0,14.48843
6750.0,14.42263
7000.0,14.35951
7375.0,14.27459
7750.0,14.19435
8125.0,14.11833
8500.0,14.04611
8875.0,13.97736
9250.0,13.91177
9625.0,13.84907
10000.0,13.78904
10625.0,13.70652
11250.0,13.62918
11875.0,13.55642
12500.0,13.48775
13125.0,13.42275
13750.0,13.36107
14375.0,13.3024
15000.0,13.24647
15625.0,13.19304
16250.0,13.14191
16875.0,13.09289
17500.0,13.04584
18750.0,12.95703
20000.0,12.8745
21250.0,12.81039
22500.0,12.75024
23750.0,12.69361
25000.0,12.64011
26250.0,12.58943
27500.0,12.5413
28750.0,12.49548
30000.0,12.45177
31772.55,12.39863
33545.1,12.34858
35317.65,12.3013
37090.2,12.2565
38862.75,12.21395
40635.3,12.17343
42407.85,12.13476
44180.4,12.0978
47090.2,12.02878
50000.0,11.96425
52500.0,11.90085
55000.0,11.84071
57500.0,11.78353
60000.0,11.72904
62500.0,11.67702
65000.0,11.62725
67500.0,11.57956
70000.0,11.53379
73750.0,11.44866
77500.0,11.36834
81250.0,11.29233
85000.0,11.22023
88750.0,11.15168
92500.0,11.08635
96250.0,11.02398
100000.0,10.96433
105452.0,10.8599
110904.0,10.76165
115452.0,10.68054
120000.0,10.60314
125000.0,10.51661
130000.0,10.43413
135000.0,10.35538
140000.0,10.28006
147603.0,10.16551
153202.3,10.08121
158801.5,10.00059
170000.0,9.849326
177500.0,9.742855
185000.0,9.641872
192500.0,9.545888
200000.0,9.454474
212500.0,9.278837
225000.0,9.116231
237500.0,8.965042
250000.0,8.823929
262500.0,8.673407
275000.0,8.532281
287500.0,8.399575
300000.0,8.274452
309262.0,8.17653
309263.0,8.176519
320605.2,8.050863
331947.3,7.93141
354631.5,7.709149
377315.8,7.506338
400000.0,7.320251
425000.0,7.085971
450000.0,6.871957
475000.0,6.675469
500000.0,6.494258
530164.0,6.284573
530164.4,6.28457
565082.0,6.046636
600000.0,5.831191
625000.0,5.664199
650000.0,5.508264
675000.0,5.362269
700000.0,5.225246
750000.0,4.994922
800000.0,4.788667
850000.0,4.579772
900000.0,4.391173
950000.0,4.199569
1000000.0,4.02553
1050000.0,3.898004
1100000.0,3.780175
1150000.0,3.684882
1200000.0,3.595897
1250000.0,3.536154
1300000.0,3.479689
1350000.0,3.426244
1400000.0,3.37552
1450000.0,3.355462
1500000.0,3.336197
1550000.0,3.319855
1600000.0,3.304109
1650000.0,3.310619
1700000.0,3.316946
1750000.0,3.325719
1800000.0,3.334267
1850000.0,3.357323
1900000.0,3.379918
1950000.0,3.404388
2000000.0,3.428408
2050000.0,3.460417
2100000.0,3.491943
2150000.0,3.526587
2200000.0,3.560766
2250000.0,3.594498
2300000.0,3.627797
2350000.0,3.663827
2400000.0,3.699444
2450000.0,3.734663
2500000.0,3.769495
2550000.0,3.803909
2600000.0,3.83796
2650000.0,3.871659
2700000.0,3.905015
2737500.0,3.926709
2775000.0,3.948225
2812500.0,3.969569
2850000.0,3.990743
2887500.0,4.01175
2925000.0,4.032595
2962500.0,4.053281
3000000.0,4.073811
3031250.0,4.087248
3062500.0,4.100591
3093750.0,4.113841
3125000.0,4.127
3156250.0,4.14007
3187500.0,4.153051
3218750.0,4.165947
3250000.0,4.178757
3281250.0,4.191483
3312500.0,4.204127
3343750.0,4.21669
3375000.0,4.229173
3437500.0,4.253904
3500000.0,4.27833
3531250.0,4.283198
3562500.0,4.288028
3593750.0,4.292821
3625000.0,4.297579
3687500.0,4.306987
3750000.0,4.316257
3812500.0,4.325393
3875000.0,4.3344
3937500.0,4.34328
4000000.0,4.352039
4062500.0,4.346444
4125000.0,4.340942
4187500.0,4.335529
4250000.0,4.330204
4312500.0,4.324962
4375000.0,4.319802
4437500.0,4.314721
4500000.0,4.309717
4562500.0,4.29463
4625000.0,4.2798
4687500.0,4.265219
4750000.0,4.25088
4812500.0,4.236776
4875000.0,4.2229
4937500.0,4.209245
5000000.0,4.195805
5062500.0,4.17283
5125000.0,4.150261
5187500.0,4.128085
5250000.0,4.10629
5312500.0,4.084867
5375000.0,4.063805
5437500.0,4.043092
5500000.0,4.02272
5625000.0,3.969567
5750000.0,3.918261
5875000.0,3.868701
6000000.0,3.820792
6250000.0,3.712029
6500000.0,3.61045
7000000.0,3.406732
7396650.0,3.256774
7396657.0,3.256771
7500000.0,3.219527
8000000.0,3.054501
8500000.0,2.914213
9000000.0,2.799318
9500000.0,2.70943
10000000.0,2.64344
10500000.0,2.59978
11000000.0,2.576481
11500000.0,2.571327
12000000.0,2.581912
12500000.0,2.605726
13000000.0,2.640306
13500000.0,2.683238
13585600.0,2.691757
13585670.0,2.691764
14000000.0,2.732292
14250000.0,2.758931
14500000.0,2.785359
14750000.0,2.813085
15000000.0,2.840615
15250000.0,2.868367
15500000.0,2.895932
15750000.0,2.923681
16000000.0,2.951252
16250000.0,2.976931
16500000.0,3.002437
16750000.0,3.028115
17000000.0,3.053628
17250000.0,3.075377
17500000.0,3.096964
18000000.0,3.140304
18500000.0,3.173437
19000000.0,3.206575
19500000.0,3.228303
20000000.0,3.250043
