1e-05,10.7
1.03125e-05,10.7
1.0625e-05,10.7
1.09375e-05,10.7
1.125e-05,10.7
1.15625e-05,10.7
1.1875e-05,10.7
1.21875e-05,10.7
1.25e-05,10.7
1.28125e-05,10.7
1.3125e-05,10.7
1.34375e-05,10.7
1.375e-05,10.7
1.4375e-05,10.7
1.5e-05,10.7
1.5625e-05,10.7
1.625e-05,10.7
1.6875e-05,10.7
1.75e-05,10.7
1.8125e-05,10.7
1.875e-05,10.7
1.9375e-05,10.7
2e-05,10.7
2.09375e-05,10.7
2.1875e-05,10.7
2.28125e-05,10.7
2.375e-05,10.7
2.46875e-05,10.7
2.5625e-05,10.7
2.65625e-05,10.7
2.75e-05,10.7
2.84375e-05,10.7
2.9375e-05,10.7
3.03125e-05,10.7
3.125e-05,10.7
3.21875e-05,10.7
3.3125e-05,10.7
3.40625e-05,10.7
3.5e-05,10.7
3.59375e-05,10.7
3.6875e-05,10.7
3.78125e-05,10.7
3.875e-05,10.7
3.96875e-05,10.7
4.0625e-05,10.7
4.25e-05,10.7
4.4375e-05,10.7
4.625e-05,10.7
4.8125e-05,10.7
5e-05,10.7
5.15625e-05,10.7
5.3125e-05,10.7
5.46875e-05,10.7
5.625e-05,10.7
5.78125e-05,10.7
5.9375e-05,10.7
6.09375e-05,10.7
6.25e-05,10.7
6.40625e-05,10.7
6.5625e-05,10.7
6.71875e-05,10.7
6.875e-05,10.7
7.1875e-05,10.7
7.5e-05,10.7
7.8125e-05,10.7
8.125e-05,10.7
8.4375e-05,10.7
8.75e-05,10.7
9.0625e-05,10.7
9.375e-05,10.7
9.6875e-05,10.7
0.0001,10.7
0.000103125,10.7
0.00010625,10.7
0.000109375,10.7
0.0001125,10.7
0.000115625,10.7
0.00011875,10.7
0.000121875,10.7
0.000125,10.7
0.000128125,10.7
0.00013125,10.7
0.000134375,10.7
0.0001375,10.7
0.00014375,10.7
0.00015,10.7
0.00015625,10.7
0.0001625,10.7
0.00016875,10.7
0.000175,10.7
0.00018125,10.7
0.0001875,10.7
0.00019375,10.7
0.0002,10.7
0.000209375,10.7
0.00021875,10.7
0.000228125,10.7
0.0002375,10.7
0.000246875,10.7
0.00025625,10.7
0.000265625,10.7
0.000275,10.7
0.000284375,10.7
0.00029375,10.7
0.000303125,10.7
0.0003125,10.7
0.000321875,10.7
0.00033125,10.7
0.000340625,10.7
0.00035,10.7
0.000359375,10.7
0.00036875,10.7
0.000378125,10.7
0.0003875,10.7
0.000396875,10.7
0.00040625,10.7
0.000425,10.7
0.00044375,10.7
0.0004625,10.7
0.00048125,10.7
0.0005,10.7
0.000515625,10.7
0.00053125,10.7
0.000546875,10.7
0.0005625,10.7
0.000578125,10.7
0.00059375,10.7
0.000609375,10.7
0.000625,10.7
0.000640625,10.7
0.00065625,10.7
0.000671875,10.7
0.0006875,10.7
0.00071875,10.7
0.00075,10.7
0.00078125,10.7
0.0008125,10.7
0.00084375,10.7
0.000875,10.7
0.00090625,10.7
0.0009375,10.7
0.00096875,10.7
0.001,10.7
0.00103125,10.7
0.0010625,10.7
0.00109375,10.7
0.001125,10.7
0.00115625,10.7
0.0011875,10.7
0.00121875,10.7
0.00125,10.7
0.00128125,10.7
0.0013125,10.7
0.00134375,10.7
0.001375,10.7
0.0014375,10.7
0.0015,10.7
0.0015625,10.7
0.001625,10.7
0.0016875,10.7
0.00175,10.7
0.0018125,10.7
0.001875,10.7
0.0019375,10.7
0.002,10.7
0.00209375,10.7
0.0021875,10.7
0.00228125,10.7
0.002375,10.7
0.00246875,10.7
0.0025625,10.7
0.00265625,10.7
0.00275,10.7
0.00284375,10.7
0.0029375,10.7
0.00303125,10.7
0.003125,10.7
0.00321875,10.7
0.0033125,10.7
0.00340625,10.7
0.0035,10.7
0.00359375,10.7
0.0036875,10.7
0.00378125,10.7
0.003875,10.7
0.00396875,10.7
0.0040625,10.7
0.00425,10.7
0.0044375,10.7
0.004625,10.7
0.0048125,10.7
0.005,10.7
0.00515625,10.7
0.0053125,10.7
0.00546875,10.7
0.005625,10.7
0.00578125,10.7
0.0059375,10.7
0.00609375,10.7
0.00625,10.7
0.00640625,10.7
0.0065625,10.7
0.00671875,10.7
0.006875,10.7
0.0071875,10.7
0.0075,10.7
0.0078125,10.7
0.008125,10.7
0.0084375,10.7
0.00875,10.7
0.0090625,10.7
0.009375,10.7
0.0096875,10.7
0.01,10.7
0.0103125,10.7
0.010625,10.7
0.0109375,10.7
0.01125,10.7
0.0115625,10.7
0.011875,10.7
0.0121875,10.7
0.0125,10.7
0.0128125,10.7
0.013125,10.7
0.0134375,10.7
0.01375,10.7
0.014375,10.7
0.015,10.7
0.015625,10.7
0.01625,10.7
0.016875,10.7
0.0175,10.7
0.018125,10.7
0.01875,10.7
0.019375,10.7
0.02,10.7
0.0206625,10.7
0.021325,10.7
0.0219875,10.7
0.02265,10.7
0.0233125,10.7
0.023975,10.7
0.0246375,10.7
0.0253,10.7
0.02607188,10.7
0.02684375,10.7
0.02761563,10.7
0.0283875,10.7
0.02915938,10.7
0.02993125,10.7
0.03070313,10.7
0.031475,10.7
0.03224688,10.7
0.03301875,10.7
0.0345625,10.7
0.03610625,10.7
0.03765,10.7
0.03919375,10.7
0.0407375,10.7
0.04228125,10.7
0.043825,10.7
0.04536875,10.7
0.0469125,10.7
0.04845625,10.7
0.05,10.7
0.0515625,10.7
0.053125,10.7
0.0546875,10.7
0.05625,10.7
0.0578125,10.7
0.059375,10.7
0.0609375,10.7
0.0625,10.7
0.0640625,10.7
0.065625,10.7
0.0671875,10.7
0.06875,10.7
0.071875,10.7
0.075,10.7
0.078125,10.7
0.08125,10.7
0.084375,10.7
0.0875,10.7
0.090625,10.7
0.09375,10.7
0.096875,10.7
0.1,10.7
0.103125,10.7
0.10625,10.7
0.109375,10.7
0.1125,10.7
0.115625,10.7
0.11875,10.7
0.121875,10.7
0.125,10.7
0.128125,10.7
0.13125,10.7
0.134375,10.7
0.1375,10.7
0.14375,10.7
0.15,10.7
0.15625,10.7
0.1625,10.7
0.16875,10.7
0.175,10.7
0.18125,10.7
0.1875,10.7
0.19375,10.7
0.2,10.7
0.209375,10.7
0.21875,10.7
0.228125,10.7
0.2375,10.7
0.246875,10.7
0.25625,10.7
0.265625,10.7
0.275,10.7
0.284375,10.7
0.29375,10.7
0.303125,10.7
0.3125,10.7
0.321875,10.7
0.33125,10.7
0.340625,10.7
0.35,10.7
0.359375,10.7
0.36875,10.7
0.378125,10.7
0.3875,10.7
0.396875,10.7
0.40625,10.7
0.425,10.7
0.44375,10.7
0.4625,10.7
0.48125,10.7
0.5,10.7
0.53125,10.7
0.5625,10.7
0.59375,10.7
0.625,10.7
0.65625,10.7
0.6875,10.7
0.71875,10.7
0.75,10.7
0.78125,10.7
0.8125,10.7
0.84375,10.7
0.875,10.7
0.9375,10.7
1.0,10.7
1.0625,10.7
1.125,10.7
1.1875,10.7
1.25,10.7
1.3125,10.7
1.375,10.7
1.4375,10.7
1.5,10.7
1.5625,10.7
1.625,10.7
1.6875,10.7
1.75,10.7
1.875,10.7
2.0,10.7
2.09375,10.7
2.1875,10.7
2.28125,10.7
2.375,10.7
2.46875,10.7
2.5625,10.7
2.65625,10.7
2.75,10.7
2.9375,10.7
3.125,10.7
3.3125,10.7
3.5,10.7
3.6875,10.7
3.875,10.7
4.0625,10.7
4.25,10.7
4.4375,10.7
4.625,10.7
4.8125,10.7
5.0,10.7
5.3125,10.7
5.625,10.7
5.9375,10.7
6.25,10.7
6.5625,10.7
6.875,10.7
7.1875,10.7
7.5,10.7
7.8125,10.7
8.125,10.7
8.4375,10.7
8.75,10.7
9.375,10.7
10.0,10.7
10.375,10.7
10.75,10.7
11.5,10.7
12.25,10.7
12.99999,10.7
13.00001,83.78923
13.87501,82.45691
14.75001,81.22538
15.62501,80.08169
16.50001,79.01514
17.37501,78.01684
18.25001,77.0793
19.12501,76.19616
20.0,75.362
21.25,74.23272
22.5,73.18352
23.75,72.2047
25.0,71.28821
26.25,70.42724
27.5,69.61602
28.75,68.84959
30.0,68.1237
31.25,67.40155
32.5,66.71494
33.75,66.06085
35.0,65.43662
37.5,64.26856
40.0,63.19479
42.5,62.20249
45.0,61.2812
47.5,60.42229
50.0,59.61858
52.5,58.83811
55.0,58.10348
57.5,57.41008
60.0,56.75395
62.5,56.13165
65.0,55.54019
67.5,54.97695
70.0,54.43959
73.75,53.66234
77.5,52.93393
81.25,52.24914
85.0,51.60353
88.75,50.99327
92.5,50.41504
96.25,49.86596
100.0,49.34352
106.25,48.5124
112.5,47.74163
118.75,47.02381
125.0,46.3528
131.25,45.72343
137.5,45.13129
143.75,44.57265
150.0,44.04427
156.25,43.54335
162.5,43.06745
168.75,42.61441
175.0,42.18237
187.5,41.37474
200.0,40.63326
212.5,39.94751
225.0,39.31156
237.5,38.71934
250.0,38.16574
262.5,37.64651
275.0,37.15801
287.5,36.69716
300.0,36.26128
312.5,35.85338
325.0,35.46581
337.5,35.09682
350.0,34.74488
375.0,34.08689
400.0,33.48267
425.0,32.92485
450.0,32.40744
475.0,31.92549
500.0,31.4749
525.0,31.06174
550.0,30.67286
575.0,30.30582
600.0,29.95852
625.0,29.62914
650.0,29.31609
675.0,29.01798
700.0,28.73358
737.5,28.3413
775.0,27.97344
812.5,27.62741
850.0,27.30099
887.5,26.99228
925.0,26.69963
962.5,26.42159
1000.0,26.15691
1062.5,25.76604
1125.0,25.40288
1187.5,25.06406
1250.0,24.74681
1312.5,24.44876
1375.0,24.16793
1437.5,23.9026
1500.0,23.65129
1562.5,23.41273
1625.0,23.18579
1687.5,22.96949
1750.0,22.76297
1875.0,22.37627
2000.0,22.02048
2125.0,21.71783
2250.0,21.4363
2375.0,21.17336
2500.0,20.92688
2625.0,20.6951
2750.0,20.47649
2875.0,20.26976
3000.0,20.07379
3125.0,19.90462
3250.0,19.74342
3375.0,19.58954
3500.0,19.4424
3750.0,19.16627
4000.0,18.91153
4250.0,18.67532
4500.0,18.45532
4750.0,18.2496
5000.0,18.05656
5250.0,17.89433
5500.0,17.741
5750.0,17.59572
6000.0,17.45773
6250.0,17.3264
6500.0,17.20115
6750.0,17.08148
7000.0,16.96695
7375.0,16.82135
7750.0,16.68413
8125.0,16.55444
8500.0,16.43154
8875.0,16.31481
9250.0,16.20368
9625.0,16.09768
10000.0,15.99639
10625.0,15.86494
11250.0,15.742
11875.0,15.62658
12500.0,15.51787
13125.0,15.41516
13750.0,15.31787
14375.0,15.22547
15000.0,15.13753
15625.0,15.05366
16250.0,14.97352
16875.0,14.8968
17500.0,14.82325
18750.0,14.68471
20000.0,14.55628
21250.0,14.45754
22500.0,14.36505
23750.0,14.27812
25000.0,14.19612
26250.0,14.11857
27500.0,14.04502
28750.0,13.9751
30000.0,13.90848
31987.69,13.81639
33975.38,13.73041
35963.07,13.64982
37950.75,13.57399
39938.44,13.50243
41926.13,13.43469
43913.82,13.37041
45901.5,13.30926
45901.51,13.30926
47950.75,13.23141
50000.0,13.15725
52290.2,13.06943
54580.4,12.98592
56870.6,12.90635
59160.8,12.83038
61870.6,12.7349
64580.4,12.64418
67290.2,12.55779
70000.0,12.47537
73750.0,12.35861
77500.0,12.24865
81250.0,12.14481
85000.0,12.04647
88750.0,11.95312
92500.0,11.86431
96250.0,11.77966
100000.0,11.69881
105437.5,11.56891
110875.0,11.44687
110875.5,11.44686
115437.5,11.3462
120000.0,11.25026
125000.0,11.14817
130000.0,11.05096
135000.0,10.95822
140000.0,10.86959
146166.0,10.76218
152332.0,10.6602
152332.4,10.66019
161166.0,10.51847
170000.0,10.38605
177500.0,10.27189
185000.0,10.16363
192500.0,10.06075
200000.0,9.96278
212500.0,9.774289
225000.0,9.599843
237500.0,9.437697
250000.0,9.286403
262500.0,9.132091
275000.0,8.987347
287500.0,8.851182
300000.0,8.722747
320467.0,8.49646
320467.2,8.496458
340350.3,8.280254
360233.5,8.081372
380116.8,7.897578
400000.0,7.727025
425000.0,7.488225
450000.0,7.269842
475000.0,7.069133
500000.0,6.883847
524686.0,6.696096
549372.0,6.521754
549372.3,6.521752
574686.0,6.341304
600000.0,6.173311
625000.0,5.988938
650000.0,5.816985
675000.0,5.656186
700000.0,5.505442
750000.0,5.232197
800000.0,4.988883
850000.0,4.738325
900000.0,4.513629
950000.0,4.285426
1000000.0,4.079606
1050000.0,3.925327
1100000.0,3.783663
1150000.0,3.67032
1200000.0,3.564985
1250000.0,3.496001
1300000.0,3.430981
1350000.0,3.371237
1400000.0,3.31465
1450000.0,3.295702
1500000.0,3.2775
1550000.0,3.263496
1600000.0,3.249994
1650000.0,3.263159
1700000.0,3.275981
1750000.0,3.291993
1800000.0,3.307628
1850000.0,3.339064
1900000.0,3.369948
1950000.0,3.403099
2000000.0,3.435725
2050000.0,3.475898
2100000.0,3.515555
2150000.0,3.557645
2200000.0,3.599254
2250000.0,3.640398
2300000.0,3.681093
2350000.0,3.722723
2400000.0,3.763932
2450000.0,3.804733
2500000.0,3.845139
2550000.0,3.883625
2600000.0,3.921738
2650000.0,3.959489
2700000.0,3.996887
2737500.0,4.023474
2775000.0,4.049873
2812500.0,4.076087
2850000.0,4.10212
2887500.0,4.127976
2925000.0,4.153658
2962500.0,4.17917
3000000.0,4.204514
3031250.0,4.21488
3062500.0,4.225165
3093750.0,4.235371
3125000.0,4.245498
3156250.0,4.255548
3187500.0,4.265523
3218750.0,4.275423
3250000.0,4.28525
3281250.0,4.295006
3312500.0,4.304691
3343750.0,4.314306
3375000.0,4.323854
3406250.0,4.333334
3437500.0,4.342748
3468750.0,4.352097
3500000.0,4.361382
3531250.0,4.371731
3562500.0,4.382012
3593750.0,4.392228
3625000.0,4.402379
3656250.0,4.412465
3687500.0,4.422489
3718750.0,4.432451
3750000.0,4.442351
3781250.0,4.452191
3812500.0,4.461972
3843750.0,4.471694
3875000.0,4.481358
3906250.0,4.490965
3937500.0,4.500516
4000000.0,4.519453
4062500.0,4.511168
4125000.0,4.503023
4187500.0,4.495016
4250000.0,4.487141
4312500.0,4.479395
4375000.0,4.471774
4437500.0,4.464273
4500000.0,4.456889
4562500.0,4.448656
4625000.0,4.44055
4687500.0,4.432567
4750000.0,4.424704
4812500.0,4.416958
4875000.0,4.409325
4937500.0,4.401802
5000000.0,4.394386
5125000.0,4.347883
5250000.0,4.302975
5375000.0,4.259571
5500000.0,4.217588
6000000.0,4.040812
6055510.0,4.027966
6166633.0,3.977637
6277755.0,3.928819
6388878.0,3.88144
6500000.0,3.835436
6625000.0,3.781563
6750000.0,3.729433
6875000.0,3.678959
7000000.0,3.630059
7125000.0,3.581553
7250000.0,3.534521
7375000.0,3.488895
7500000.0,3.444611
7625000.0,3.396129
7750000.0,3.349101
8000000.0,3.259147
8250000.0,3.184095
8500000.0,3.112935
8750000.0,3.037907
9000000.0,2.966725
9250000.0,2.91541
9500000.0,2.866317
9750000.0,2.815031
10000000.0,2.765926
10500000.0,2.711287
10878900.0,2.669582
11000000.0,2.656306
11500000.0,2.642533
12000000.0,2.62842
12500000.0,2.64631
13000000.0,2.66419
13250000.0,2.684402
13500000.0,2.704386
13750000.0,2.724591
14000000.0,2.744578
14250000.0,2.771306
14500000.0,2.797823
14750000.0,2.824543
15000000.0,2.851063
15250000.0,2.880298
15500000.0,2.90935
15750000.0,2.938581
16000000.0,2.967639
16250000.0,2.996184
16500000.0,3.024561
16750000.0,3.053105
17000000.0,3.08149
17075300.0,3.089213
17075330.0,3.089216
17500000.0,3.132255
17750000.0,3.157712
18000000.0,3.183015
18500000.0,3.224342
19000000.0,3.265652
19500000.0,3.295561
20000000.0,3.325469
