1e-05,9.9
1.03125e-05,9.9
1.0625e-05,9.9
1.09375e-05,9.9
1.125e-05,9.9
1.15625e-05,9.9
1.1875e-05,9.9
1.21875e-05,9.9
1.25e-05,9.9
1.28125e-05,9.9
1.3125e-05,9.9
1.34375e-05,9.9
1.375e-05,9.9
1.4375e-05,9.9
1.5e-05,9.9
1.5625e-05,9.9
1.625e-05,9.9
1.6875e-05,9.9
1.75e-05,9.9
1.8125e-05,9.9
1.875e-05,9.9
1.9375e-05,9.9
2e-05,9.9
2.09375e-05,9.9
2.1875e-05,9.9
2.28125e-05,9.9
2.375e-05,9.9
2.46875e-05,9.9
2.5625e-05,9.9
2.65625e-05,9.9
2.75e-05,9.9
2.84375e-05,9.9
2.9375e-05,9.9
3.03125e-05,9.9
3.125e-05,9.9
3.21875e-05,9.9
3.3125e-05,9.9
3.40625e-05,9.9
3.5e-05,9.9
3.59375e-05,9.9
3.6875e-05,9.9
3.78125e-05,9.9
3.875e-05,9.9
3.96875e-05,9.9
4.0625e-05,9.9
4.25e-05,9.9
4.4375e-05,9.9
4.625e-05,9.9
4.8125e-05,9.9
5e-05,9.9
5.15625e-05,9.9
5.3125e-05,9.9
5.46875e-05,9.9
5.625e-05,9.9
5.78125e-05,9.9
5.9375e-05,9.9
6.09375e-05,9.9
6.25e-05,9.9
6.40625e-05,9.9
6.5625e-05,9.9
6.71875e-05,9.9
6.875e-05,9.9
7.1875e-05,9.9
7.5e-05,9.9
7.8125e-05,9.9
8.125e-05,9.9
8.4375e-05,9.9
8.75e-05,9.9
9.0625e-05,9.9
9.375e-05,9.9
9.6875e-05,9.9
0.0001,9.9
0.000103125,9.9
0.00010625,9.9
0.000109375,9.9
0.0001125,9.9
0.000115625,9.9
0.00011875,9.9
0.000121875,9.9
0.000125,9.9
0.000128125,9.9
0.00013125,9.9
0.000134375,9.9
0.0001375,9.9
0.00014375,9.9
0.00015,9.9
0.00015625,9.9
0.0001625,9.9
0.00016875,9.9
0.000175,9.9
0.00018125,9.9
0.0001875,9.9
0.00019375,9.9
0.0002,9.9
0.000209375,9.9
0.00021875,9.9
0.000228125,9.9
0.0002375,9.9
0.000246875,9.9
0.00025625,9.9
0.000265625,9.9
0.000275,9.9
0.000284375,9.9
0.00029375,9.9
0.000303125,9.9
0.0003125,9.9
0.000321875,9.9
0.00033125,9.9
0.000340625,9.9
0.00035,9.9
0.000359375,9.9
0.00036875,9.9
0.000378125,9.9
0.0003875,9.9
0.000396875,9.9
0.00040625,9.9
0.000425,9.9
0.00044375,9.9
0.0004625,9.9
0.00048125,9.9
0.0005,9.9
0.000515625,9.9
0.00053125,9.9
0.000546875,9.9
0.0005625,9.9
0.000578125,9.9
0.00059375,9.9
0.000609375,9.9
0.000625,9.9
0.000640625,9.9
0.00065625,9.9
0.000671875,9.9
0.0006875,9.9
0.00071875,9.9
0.00075,9.9
0.00078125,9.9
0.0008125,9.9
0.00084375,9.9
0.000875,9.9
0.00090625,9.9
0.0009375,9.9
0.00096875,9.9
0.001,9.9
0.00103125,9.9
0.0010625,9.9
0.00109375,9.9
0.001125,9.9
0.00115625,9.9
0.0011875,9.9
0.00121875,9.9
0.00125,9.9
0.00128125,9.9
0.0013125,9.9
0.00134375,9.9
0.001375,9.9
0.0014375,9.9
0.0015,9.9
0.0015625,9.9
0.001625,9.9
0.0016875,9.9
0.00175,9.9
0.0018125,9.9
0.001875,9.9
0.0019375,9.9
0.002,9.9
0.00209375,9.9
0.0021875,9.9
0.00228125,9.9
0.002375,9.9
0.00246875,9.9
0.0025625,9.9
0.00265625,9.9
0.00275,9.9
0.00284375,9.9
0.0029375,9.9
0.00303125,9.9
0.003125,9.9
0.00321875,9.9
0.0033125,9.9
0.00340625,9.9
0.0035,9.9
0.00359375,9.9
0.0036875,9.9
0.00378125,9.9
0.003875,9.9
0.00396875,9.9
0.0040625,9.9
0.00425,9.9
0.0044375,9.9
0.004625,9.9
0.0048125,9.9
0.005,9.9
0.00515625,9.9
0.0053125,9.9
0.00546875,9.9
0.005625,9.9
0.00578125,9.9
0.0059375,9.9
0.00609375,9.9
0.00625,9.9
0.00640625,9.9
0.0065625,9.9
0.00671875,9.9
0.006875,9.9
0.0071875,9.9
0.0075,9.9
0.0078125,9.9
0.008125,9.9
0.0084375,9.9
0.00875,9.9
0.0090625,9.9
0.009375,9.9
0.0096875,9.9
0.01,9.9
0.0103125,9.9
0.010625,9.9
0.0109375,9.9
0.01125,9.9
0.0115625,9.9
0.011875,9.9
0.0121875,9.9
0.0125,9.9
0.0128125,9.9
0.013125,9.9
0.0134375,9.9
0.01375,9.9
0.014375,9.9
0.015,9.9
0.015625,9.9
0.01625,9.9
0.016875,9.9
0.0175,9.9
0.018125,9.9
0.01875,9.9
0.019375,9.9
0.02,9.9
0.0206625,9.9
0.021325,9.9
0.0219875,9.9
0.02265,9.9
0.0233125,9.9
0.023975,9.9
0.0246375,9.9
0.0253,9.9
0.02607188,9.9
0.02684375,9.9
0.02761563,9.9
0.0283875,9.9
0.02915938,9.9
0.02993125,9.9
0.03070313,9.9
0.031475,9.9
0.03224688,9.9
0.03301875,9.9
0.0345625,9.9
0.03610625,9.9
0.03765,9.9
0.03919375,9.9
0.0407375,9.9
0.04228125,9.9
0.043825,9.9
0.04536875,9.9
0.0469125,9.9
0.04845625,9.9
0.05,9.9
0.0515625,9.9
0.053125,9.9
0.0546875,9.9
0.05625,9.9
0.0578125,9.9
0.059375,9.9
0.0609375,9.9
0.0625,9.9
0.0640625,9.9
0.065625,9.9
0.0671875,9.9
0.06875,9.9
0.071875,9.9
0.075,9.9
0.078125,9.9
0.08125,9.9
0.084375,9.9
0.0875,9.9
0.090625,9.9
0.09375,9.9
0.096875,9.9
0.1,9.9
0.103125,9.9
0.10625,9.9
0.109375,9.9
0.1125,9.9
0.115625,9.9
0.11875,9.9
0.121875,9.9
0.125,9.9
0.128125,9.9
0.13125,9.9
0.134375,9.9
0.1375,9.9
0.14375,9.9
0.15,9.9
0.15625,9.9
0.1625,9.9
0.16875,9.9
0.175,9.9
0.18125,9.9
0.1875,9.9
0.19375,9.9
0.2,9.9
0.209375,9.9
0.21875,9.9
0.228125,9.9
0.2375,9.9
0.246875,9.9
0.25625,9.9
0.265625,9.9
0.275,9.9
0.284375,9.9
0.29375,9.9
0.303125,9.9
0.3125,9.9
0.321875,9.9
0.33125,9.9
0.340625,9.9
0.35,9.9
0.359375,9.9
0.36875,9.9
0.378125,9.9
0.3875,9.9
0.396875,9.9
0.40625,9.9
0.425,9.9
0.44375,9.9
0.4625,9.9
0.48125,9.9
0.5,9.9
0.525,9.9
0.55,9.9
0.575,9.9
0.6,9.9
0.625,9.9
0.65,9.9
0.675,9.9
0.6999999,9.9
0.7,32.3
0.7000001,32.3
0.7375,32.30001
0.7749999,32.30003
0.8124998,32.30004
0.8499996,32.30005
0.8874995,32.30007
0.9249993,32.30008
0.9624992,32.30009
0.999999,32.3001
1.0,32.30023
1.000001,32.30023
1.051778,32.32444
1.103554,32.34751
1.15533,32.36953
1.207106,32.39061
1.258882,32.41081
1.310658,32.4302
1.362434,32.44886
1.41421,32.46683
1.487434,32.36073
1.560658,32.26006
1.633882,32.16429
1.707105,32.07299
1.780329,31.98577
1.853553,31.90228
1.926777,31.82224
2.0,31.74537
2.125,31.68482
2.25,31.62783
2.375,31.57402
2.5,31.52306
2.625,31.47466
2.75,31.42858
2.875,31.38461
3.0,31.34257
3.125,31.29432
3.25,31.24803
3.375,31.20356
3.5,31.16076
3.75,31.07973
4.0,31.00413
4.25,30.93327
4.5,30.86662
4.75,30.8037
5.0,30.74413
5.25,30.6777
5.5,30.61449
5.75,30.55422
6.0,30.49662
6.25,30.44148
6.5,30.38859
6.75,30.33779
7.0,30.28891
7.375,30.20945
7.75,30.13412
8.125,30.06253
8.5,29.99433
8.875,29.92922
9.25,29.86694
9.625,29.80725
10.0,29.74996
10.51777,29.71202
11.03553,29.67595
11.55329,29.64158
12.07105,29.60875
12.58882,29.57733
13.10658,29.54721
13.62434,29.51829
14.1421,29.49047
14.87434,29.34869
15.60658,29.21435
16.33882,29.08675
17.07105,28.96526
17.80329,28.84936
18.53553,28.73856
19.26777,28.63245
20.0,28.53068
21.25,28.40694
22.5,28.29077
23.75,28.18132
25.0,28.07787
26.25,27.97983
27.5,27.88666
28.75,27.79793
30.0,27.71324
31.25,27.62087
32.5,27.53242
33.75,27.44757
35.0,27.36606
37.5,27.21208
40.0,27.06883
42.5,26.93496
45.0,26.80934
47.5,26.69106
50.0,26.57933
52.5,26.46123
55.0,26.34912
57.5,26.24244
60.0,26.1407
62.5,26.04348
65.0,25.95042
67.5,25.86119
70.0,25.77549
73.75,25.64267
77.5,25.51707
81.25,25.39798
85.0,25.28479
88.75,25.17695
92.5,25.07401
96.25,24.97556
100.0,24.88123
106.25,24.71562
112.5,24.56049
118.75,24.41464
125.0,24.27708
131.25,24.14695
137.5,24.02353
143.75,23.90618
150.0,23.79436
156.25,23.6876
162.5,23.58548
168.75,23.48763
175.0,23.39372
187.5,23.2166
200.0,23.05213
212.5,22.88387
225.0,22.72635
237.5,22.57835
250.0,22.43884
262.5,22.30693
275.0,22.18188
287.5,22.06305
300.0,21.94987
312.5,21.8352
325.0,21.7256
337.5,21.62065
350.0,21.52
375.0,21.33034
400.0,21.15444
425.0,20.99053
450.0,20.83716
475.0,20.69311
500.0,20.55737
525.0,20.42351
550.0,20.29669
575.0,20.17625
600.0,20.0616
625.0,19.95224
650.0,19.84774
675.0,19.7477
700.0,19.65177
737.5,19.51155
775.0,19.37922
812.5,19.25398
850.0,19.13515
887.5,19.02213
925.0,18.91442
962.5,18.81156
1000.0,18.71316
1062.5,18.55541
1125.0,18.40791
1187.5,18.26946
1250.0,18.13907
1312.5,18.01591
1375.0,17.89926
1437.5,17.7885
1500.0,17.6831
1562.5,17.58259
1625.0,17.48656
1687.5,17.39465
1750.0,17.30654
1875.0,17.14062
2000.0,16.98684
2125.0,16.84467
2250.0,16.71171
2375.0,16.58691
2500.0,16.46938
2625.0,16.35835
2750.0,16.25319
2875.0,16.15333
3000.0,16.0583
3125.0,15.9712
3250.0,15.88796
3375.0,15.80828
3500.0,15.73187
3750.0,15.58792
4000.0,15.45447
4250.0,15.33015
4500.0,15.21385
4750.0,15.10465
5000.0,15.00178
5250.0,14.91163
5500.0,14.82617
5750.0,14.74498
6000.0,14.66766
6250.0,14.59387
6500.0,14.52333
6750.0,14.45577
7000.0,14.39097
7358.438,14.31223
7716.875,14.23763
8075.313,14.16679
8433.75,14.09935
8825.313,14.0242
9216.875,13.95269
9608.438,13.8845
10000.0,13.81935
10625.0,13.74202
11250.0,13.66952
11875.0,13.60128
12500.0,13.53686
13125.0,13.47587
13750.0,13.41797
14375.0,13.36288
15000.0,13.31034
15625.0,13.26015
16250.0,13.2121
16875.0,13.16603
17500.0,13.12179
18750.0,13.03826
20000.0,12.96061
21250.0,12.90772
22500.0,12.85806
23750.0,12.81126
25000.0,12.76701
26250.0,12.72507
27500.0,12.68521
28750.0,12.64723
30000.0,12.61098
31827.3,12.57246
31827.36,12.57246
33843.45,12.50563
35859.6,12.443
37875.75,12.38408
39891.9,12.32848
42418.93,12.23616
44945.95,12.14981
47472.98,12.06875
50000.0,11.99239
53012.1,11.93011
56024.2,11.87157
59518.15,11.80257
63012.1,11.73787
66506.05,11.67699
70000.0,11.61952
73253.05,11.56302
76506.1,11.50923
76506.13,11.50923
79442.84,11.45162
82379.58,11.39637
88253.05,11.29228
94126.53,11.19575
100000.0,11.10583
104071.5,11.03162
108143.0,10.96073
114558.0,10.84953
114558.5,10.84952
120000.0,10.76023
125000.0,10.6797
130000.0,10.60289
135000.0,10.52951
140000.0,10.45927
147500.0,10.35225
155000.0,10.25155
162500.0,10.15653
170000.0,10.06661
177500.0,9.971972
185000.0,9.882087
192500.0,9.796536
200000.0,9.714955
212500.0,9.501677
225000.0,9.304884
237500.0,9.122486
250000.0,8.952752
262500.0,8.823298
275000.0,8.701612
287500.0,8.586903
300000.0,8.478495
311602.5,8.328364
323205.0,8.186238
334807.5,8.051424
346410.0,7.923311
359807.5,7.765964
373205.0,7.617326
386602.5,7.476628
400000.0,7.343191
411803.5,7.223889
423607.0,7.109816
435410.5,7.000606
447214.0,6.895928
460410.5,6.769016
473607.0,6.647929
486803.5,6.532248
500000.0,6.421594
511930.8,6.328266
523861.5,6.238398
535792.3,6.151787
547723.0,6.068248
560792.3,5.970692
573861.5,5.8769
586930.8,5.786643
600000.0,5.699715
625000.0,5.534875
650000.0,5.380993
675000.0,5.23696
700000.0,5.101814
725000.0,4.990041
750000.0,4.884384
775000.0,4.784321
800000.0,4.689388
825000.0,4.593739
850000.0,4.50281
875000.0,4.41624
900000.0,4.333704
925000.0,4.247965
950000.0,4.166142
975000.0,4.08796
1000000.0,4.013169
1050000.0,3.905733
1100000.0,3.805976
1150000.0,3.727995
1200000.0,3.654831
1250000.0,3.610334
1300000.0,3.568093
1350000.0,3.526617
1400000.0,3.487105
1450000.0,3.477808
1500000.0,3.468849
1550000.0,3.461094
1600000.0,3.453601
1650000.0,3.46733
1700000.0,3.480702
1750000.0,3.49531
1800000.0,3.509566
1850000.0,3.53693
1900000.0,3.563769
1950000.0,3.591667
2000000.0,3.619068
2050000.0,3.653174
2100000.0,3.686768
2150000.0,3.722538
2200000.0,3.75782
2250000.0,3.792633
2300000.0,3.826992
2350000.0,3.863085
2400000.0,3.898748
2450000.0,3.933995
2500000.0,3.968839
2550000.0,4.002707
2600000.0,4.036198
2650000.0,4.069324
2700000.0,4.102094
2737500.0,4.123073
2775000.0,4.143872
2812500.0,4.164494
2850000.0,4.184944
2887500.0,4.205225
2925000.0,4.22534
2962500.0,4.245294
3000000.0,4.265089
3031250.0,4.277809
3062500.0,4.290436
3125000.0,4.315418
3187500.0,4.340046
3250000.0,4.364332
3312500.0,4.388287
3375000.0,4.411923
3437500.0,4.435249
3500000.0,4.458274
3562500.0,4.466807
3625000.0,4.475208
3687500.0,4.48348
3750000.0,4.491628
3812500.0,4.499656
3875000.0,4.507568
3937500.0,4.515366
4000000.0,4.523055
4062500.0,4.516987
4125000.0,4.511019
4187500.0,4.505149
4250000.0,4.499374
4312500.0,4.49369
4375000.0,4.488094
4437500.0,4.482585
4500000.0,4.47716
4562500.0,4.462178
4625000.0,4.44745
4687500.0,4.432966
4750000.0,4.418721
4812500.0,4.404707
4875000.0,4.390917
4937500.0,4.377346
5000000.0,4.363986
5062500.0,4.341614
5125000.0,4.319629
5187500.0,4.29802
5250000.0,4.276776
5312500.0,4.255886
5375000.0,4.235341
5500000.0,4.195247
5625000.0,4.143588
5750000.0,4.09368
5875000.0,4.045427
6000000.0,3.998741
6500000.0,3.792792
6813380.0,3.664015
6813383.0,3.664014
7000000.0,3.59084
7500000.0,3.401834
7750000.0,3.313953
8000000.0,3.231027
8250000.0,3.154103
8500000.0,3.081227
8750000.0,3.01594
9000000.0,2.953818
9500000.0,2.849374
10000000.0,2.767798
10500000.0,2.708464
11000000.0,2.670159
11500000.0,2.651188
12000000.0,2.649501
12500000.0,2.662822
12857900.0,2.681473
13000000.0,2.688712
13500000.0,2.724816
13750000.0,2.746906
14000000.0,2.768772
14250000.0,2.793706
14500000.0,2.818425
14750000.0,2.845195
15000000.0,2.871762
15250000.0,2.899558
15500000.0,2.927165
15750000.0,2.954959
16000000.0,2.982573
16250000.0,3.00934
16500000.0,3.035934
16750000.0,3.062707
17000000.0,3.089315
17250000.0,3.112874
17500000.0,3.136269
17750000.0,3.159828
18000000.0,3.183231
18500000.0,3.220794
19000000.0,3.258366
19250000.0,3.271636
19500000.0,3.284788
20000000.0,3.31122
