1e-05,10.3
1.03125e-05,10.3
1.0625e-05,10.3
1.09375e-05,10.3
1.125e-05,10.3
1.15625e-05,10.3
1.1875e-05,10.3
1.21875e-05,10.3
1.25e-05,10.3
1.28125e-05,10.3
1.3125e-05,10.3
1.34375e-05,10.3
1.375e-05,10.3
1.4375e-05,10.3
1.5e-05,10.3
1.5625e-05,10.3
1.625e-05,10.3
1.6875e-05,10.3
1.75e-05,10.3
1.8125e-05,10.3
1.875e-05,10.3
1.9375e-05,10.3
2e-05,10.3
2.09375e-05,10.3
2.1875e-05,10.3
2.28125e-05,10.3
2.375e-05,10.3
2.46875e-05,10.3
2.5625e-05,10.3
2.65625e-05,10.3
2.75e-05,10.3
2.84375e-05,10.3
2.9375e-05,10.3
3.03125e-05,10.3
3.125e-05,10.3
3.21875e-05,10.3
3.3125e-05,10.3
3.40625e-05,10.3
3.5e-05,10.3
3.59375e-05,10.3
3.6875e-05,10.3
3.78125e-05,10.3
3.875e-05,10.3
3.96875e-05,10.3
4.0625e-05,10.3
4.25e-05,10.3
4.4375e-05,10.3
4.625e-05,10.3
4.8125e-05,10.3
5e-05,10.3
5.15625e-05,10.3
5.3125e-05,10.3
5.46875e-05,10.3
5.625e-05,10.3
5.78125e-05,10.3
5.9375e-05,10.3
6.09375e-05,10.3
6.25e-05,10.3
6.40625e-05,10.3
6.5625e-05,10.3
6.71875e-05,10.3
6.875e-05,10.3
7.1875e-05,10.3
7.5e-05,10.3
7.8125e-05,10.3
8.125e-05,10.3
8.4375e-05,10.3
8.75e-05,10.3
9.0625e-05,10.3
9.375e-05,10.3
9.6875e-05,10.3
0.0001,10.3
0.000103125,10.3
0.00010625,10.3
0.000109375,10.3
0.0001125,10.3
0.000115625,10.3
0.00011875,10.3
0.000121875,10.3
0.000125,10.3
0.000128125,10.3
0.00013125,10.3
0.000134375,10.3
0.0001375,10.3
0.00014375,10.3
0.00015,10.3
0.00015625,10.3
0.0001625,10.3
0.00016875,10.3
0.000175,10.3
0.00018125,10.3
0.0001875,10.3
0.00019375,10.3
0.0002,10.3
0.000209375,10.3
0.00021875,10.3
0.000228125,10.3
0.0002375,10.3
0.000246875,10.3
0.00025625,10.3
0.000265625,10.3
0.000275,10.3
0.000284375,10.3
0.00029375,10.3
0.000303125,10.3
0.0003125,10.3
0.000321875,10.3
0.00033125,10.3
0.000340625,10.3
0.00035,10.3
0.000359375,10.3
0.00036875,10.3
0.000378125,10.3
0.0003875,10.3
0.000396875,10.3
0.00040625,10.3
0.000425,10.3
0.00044375,10.3
0.0004625,10.3
0.00048125,10.3
0.0005,10.3
0.000515625,10.3
0.00053125,10.3
0.000546875,10.3
0.0005625,10.3
0.000578125,10.3
0.00059375,10.3
0.000609375,10.3
0.000625,10.3
0.000640625,10.3
0.00065625,10.3
0.000671875,10.3
0.0006875,10.3
0.00071875,10.3
0.00075,10.3
0.00078125,10.3
0.0008125,10.3
0.00084375,10.3
0.000875,10.3
0.00090625,10.3
0.0009375,10.3
0.00096875,10.3
0.001,10.3
0.00103125,10.3
0.0010625,10.3
0.00109375,10.3
0.001125,10.3
0.00115625,10.3
0.0011875,10.3
0.00121875,10.3
0.00125,10.3
0.00128125,10.3
0.0013125,10.3
0.00134375,10.3
0.001375,10.3
0.0014375,10.3
0.0015,10.3
0.0015625,10.3
0.001625,10.3
0.0016875,10.3
0.00175,10.3
0.0018125,10.3
0.001875,10.3
0.0019375,10.3
0.002,10.3
0.00209375,10.3
0.0021875,10.3
0.00228125,10.3
0.002375,10.3
0.00246875,10.3
0.0025625,10.3
0.00265625,10.3
0.00275,10.3
0.00284375,10.3
0.0029375,10.3
0.00303125,10.3
0.003125,10.3
0.00321875,10.3
0.0033125,10.3
0.00340625,10.3
0.0035,10.3
0.00359375,10.3
0.0036875,10.3
0.00378125,10.3
0.003875,10.3
0.00396875,10.3
0.0040625,10.3
0.00425,10.3
0.0044375,10.3
0.004625,10.3
0.0048125,10.3
0.005,10.3
0.00515625,10.3
0.0053125,10.3
0.00546875,10.3
0.005625,10.3
0.00578125,10.3
0.0059375,10.3
0.00609375,10.3
0.00625,10.3
0.00640625,10.3
0.0065625,10.3
0.00671875,10.3
0.006875,10.3
0.0071875,10.3
0.0075,10.3
0.0078125,10.3
0.008125,10.3
0.0084375,10.3
0.00875,10.3
0.0090625,10.3
0.009375,10.3
0.0096875,10.3
0.01,10.3
0.0103125,10.3
0.010625,10.3
0.0109375,10.3
0.01125,10.3
0.0115625,10.3
0.011875,10.3
0.0121875,10.3
0.0125,10.3
0.0128125,10.3
0.013125,10.3
0.0134375,10.3
0.01375,10.3
0.014375,10.3
0.015,10.3
0.015625,10.3
0.01625,10.3
0.016875,10.3
0.0175,10.3
0.018125,10.3
0.01875,10.3
0.019375,10.3
0.02,10.3
0.0206625,10.3
0.021325,10.3
0.0219875,10.3
0.02265,10.3
0.0233125,10.3
0.023975,10.3
0.0246375,10.3
0.0253,10.3
0.02607188,10.3
0.02684375,10.3
0.02761563,10.3
0.0283875,10.3
0.02915938,10.3
0.02993125,10.3
0.03070313,10.3
0.031475,10.3
0.03224688,10.3
0.03301875,10.3
0.0345625,10.3
0.03610625,10.3
0.03765,10.3
0.03919375,10.3
0.0407375,10.3
0.04228125,10.3
0.043825,10.3
0.04536875,10.3
0.0469125,10.3
0.04845625,10.3
0.05,10.3
0.0515625,10.3
0.053125,10.3
0.0546875,10.3
0.05625,10.3
0.0578125,10.3
0.059375,10.3
0.0609375,10.3
0.0625,10.3
0.0640625,10.3
0.065625,10.3
0.0671875,10.3
0.06875,10.3
0.071875,10.3
0.075,10.3
0.078125,10.3
0.08125,10.3
0.084375,10.3
0.0875,10.3
0.090625,10.3
0.09375,10.3
0.096875,10.3
0.1,10.3
0.103125,10.3
0.10625,10.3
0.109375,10.3
0.1125,10.3
0.115625,10.3
0.11875,10.3
0.121875,10.3
0.125,10.3
0.128125,10.3
0.13125,10.3
0.134375,10.3
0.1375,10.3
0.14375,10.3
0.1499999,10.3
0.1500001,10.8
0.1562501,10.79994
0.1625001,10.79988
0.1687501,10.79983
0.1750001,10.79977
0.1812501,10.79972
0.1875001,10.79967
0.1937501,10.79962
0.2,10.79958
0.209375,10.79951
0.21875,10.79944
0.228125,10.79938
0.2375,10.79932
0.246875,10.79926
0.25625,10.79921
0.265625,10.79916
0.275,10.79911
0.284375,10.79906
0.29375,10.79901
0.303125,10.79896
0.3125,10.79892
0.321875,10.79887
0.33125,10.79883
0.340625,10.79879
0.35,10.79875
0.359375,10.79871
0.36875,10.79867
0.378125,10.79864
0.3875,10.7986
0.396875,10.79856
0.40625,10.79853
0.425,10.79846
0.44375,10.7984
0.4625,10.79834
0.48125,10.79828
0.5,10.79822
0.53125,10.79813
0.5624999,10.79805
0.5937499,10.79797
0.6249998,10.79789
0.6562498,10.79782
0.6874997,10.79775
0.7187496,10.79769
0.7499995,10.79762
0.7812495,10.79756
0.8124994,10.79751
0.8437494,10.79745
0.8749993,10.7974
0.9374992,10.7973
0.999999,10.7972
1.0,10.7974
1.000001,10.7974
1.051778,10.82031
1.103554,10.84215
1.15533,10.86304
1.207106,10.88305
1.258882,10.90225
1.310658,10.92072
1.362434,10.93849
1.41421,10.95563
1.487434,10.93211
1.560658,10.90978
1.633882,10.88851
1.707105,10.86821
1.780329,10.84879
1.853553,10.8302
1.926777,10.81235
2.0,10.7952
2.125,10.79493
2.25,10.79468
2.375,10.79444
2.5,10.79421
2.625,10.79399
2.75,10.79379
2.875,10.79359
3.0,10.7934
3.125,10.79315
3.25,10.79291
3.375,10.79269
3.5,10.79246
3.75,10.79205
4.0,10.79165
4.25,10.79129
4.5,10.79094
4.75,10.79061
5.0,10.7903
5.25,10.79002
5.5,10.78976
5.75,10.78951
6.0,10.78927
6.25,10.78904
6.5,10.78882
6.75,10.78861
7.0,10.7884
7.375,10.7879
7.75,10.78743
8.125,10.78698
8.5,10.78655
8.875,10.78614
9.25,10.78574
9.625,10.78536
10.0,10.785
10.51777,10.80656
11.03553,10.82712
11.55329,10.84678
12.07105,10.8656
12.58882,10.88367
13.10658,10.90104
13.62434,10.91776
14.1421,10.93388
14.87434,10.91099
15.60658,10.88925
16.33882,10.86854
17.07105,10.84878
17.80329,10.82988
18.53553,10.81178
19.26777,10.7944
20.0,10.7777
21.25,10.77686
22.5,10.77607
23.75,10.77533
25.0,10.77462
26.25,10.77394
27.5,10.7733
28.75,10.77269
30.0,10.7721
31.25,10.77141
32.5,10.77074
33.75,10.7701
35.0,10.76948
37.5,10.7683
40.0,10.76721
42.5,10.76617
45.0,10.7652
47.5,10.76428
50.0,10.76341
52.5,10.76234
55.0,10.76132
57.5,10.76034
60.0,10.75941
62.5,10.75851
65.0,10.75765
67.5,10.75682
70.0,10.75602
73.75,10.75467
77.5,10.7534
81.25,10.75218
85.0,10.75102
88.75,10.7499
92.5,10.74884
96.25,10.74781
100.0,10.74683
105.1777,10.76444
110.3553,10.78122
115.5329,10.79726
120.7105,10.81262
125.8882,10.82736
131.0658,10.84152
136.2434,10.85514
141.421,10.86828
148.7434,10.84699
156.0658,10.82676
163.3882,10.80749
170.7105,10.7891
178.0329,10.77151
185.3553,10.75465
192.6777,10.73848
200.0,10.72293
212.5,10.72016
225.0,10.71756
237.5,10.71509
250.0,10.71276
262.5,10.71053
275.0,10.70841
287.5,10.70639
300.0,10.70445
312.5,10.70206
325.0,10.69976
337.5,10.69756
350.0,10.69543
375.0,10.69139
400.0,10.68762
425.0,10.68407
450.0,10.68073
475.0,10.67758
500.0,10.67458
525.0,10.67098
550.0,10.66755
575.0,10.66427
600.0,10.66113
625.0,10.65812
650.0,10.65523
675.0,10.65245
700.0,10.64977
737.5,10.64515
775.0,10.64077
812.5,10.63659
850.0,10.6326
887.5,10.62879
925.0,10.62513
962.5,10.62162
1000.0,10.61825
1062.5,10.61098
1125.0,10.60414
1187.5,10.59767
1250.0,10.59153
1312.5,10.5857
1375.0,10.58014
1437.5,10.57483
1500.0,10.56975
1562.5,10.56488
1625.0,10.5602
1687.5,10.5557
1750.0,10.55137
1875.0,10.54315
2000.0,10.53547
2125.0,10.5256
2250.0,10.5163
2375.0,10.50751
2500.0,10.49917
2625.0,10.49125
2750.0,10.48371
2875.0,10.4765
3000.0,10.46961
3125.0,10.46094
3250.0,10.45261
3375.0,10.44461
3500.0,10.4369
3750.0,10.42229
4000.0,10.40865
4250.0,10.39585
4500.0,10.38379
4750.0,10.3724
5000.0,10.36161
5250.0,10.34837
5500.0,10.33577
5750.0,10.32373
6000.0,10.31223
6250.0,10.3012
6500.0,10.29062
6750.0,10.28045
7000.0,10.27066
7375.0,10.25331
7750.0,10.23686
8125.0,10.2212
8500.0,10.20627
8875.0,10.19201
9250.0,10.17836
9625.0,10.16527
10000.0,10.15269
10625.0,10.12508
11250.0,10.09911
11875.0,10.07461
12500.0,10.05142
13125.0,10.02941
13750.0,10.00847
14375.0,9.988505
15000.0,9.969425
15625.0,9.951158
16250.0,9.93364
16875.0,9.916811
17500.0,9.900622
18750.0,9.869982
20000.0,9.841406
21250.0,9.804357
22500.0,9.769554
23750.0,9.736747
25000.0,9.705725
26250.0,9.676309
27500.0,9.648344
28750.0,9.621699
30000.0,9.596256
31250.0,9.564551
32500.0,9.534189
33750.0,9.505064
35000.0,9.477082
37500.0,9.424224
40000.0,9.375045
42500.0,9.329083
45000.0,9.285955
47500.0,9.245343
50000.0,9.206979
52560.03,9.163704
55120.05,9.122676
57680.08,9.083683
60240.1,9.046539
62680.08,9.005975
65120.05,8.967131
67560.03,8.929875
70000.0,8.894088
72796.02,8.852688
75592.03,8.813031
78388.04,8.774983
81184.05,8.738424
86776.08,8.669358
92368.1,8.605103
92368.13,8.605103
96184.05,8.555093
100000.0,8.507302
105441.0,8.450884
110882.0,8.397652
115441.0,8.354636
120000.0,8.313495
125260.0,8.261412
130520.0,8.211779
130520.3,8.211776
140000.0,8.120045
148814.0,8.031731
157628.0,7.949379
157628.3,7.949376
163814.0,7.88778
170000.0,7.828916
177500.0,7.750364
185000.0,7.675803
192500.0,7.604882
200000.0,7.537289
210840.0,7.454989
210840.4,7.454986
222888.0,7.360894
234936.0,7.27285
234936.4,7.272847
250000.0,7.159349
262500.0,7.057286
275000.0,6.961327
287500.0,6.870853
300000.0,6.785333
312500.0,6.696694
325000.0,6.612623
337500.0,6.532721
350000.0,6.45664
375000.0,6.314732
400000.0,6.184811
425000.0,6.020401
450000.0,5.869397
475000.0,5.730046
500000.0,5.600904
525000.0,5.479021
550000.0,5.36528
575000.0,5.258802
600000.0,5.158838
625000.0,5.042179
650000.0,4.932581
675000.0,4.82937
700000.0,4.731956
725000.0,4.656564
750000.0,4.584869
775000.0,4.516576
800000.0,4.45142
825000.0,4.37853
850000.0,4.308957
875000.0,4.242458
900000.0,4.178817
925000.0,4.107549
950000.0,4.039349
975000.0,3.974009
1000000.0,3.911341
1025000.0,3.868059
1050000.0,3.826281
1075000.0,3.785922
1100000.0,3.746902
1125000.0,3.716113
1150000.0,3.686246
1175000.0,3.657254
1200000.0,3.629093
1225000.0,3.61381
1250000.0,3.598898
1275000.0,3.584342
1300000.0,3.570125
1325000.0,3.55522
1350000.0,3.540655
1375000.0,3.526415
1400000.0,3.512487
1425000.0,3.51312
1450000.0,3.513743
1475000.0,3.514354
1500000.0,3.514956
1525000.0,3.515775
1550000.0,3.516581
1575000.0,3.517375
1600000.0,3.518156
1625000.0,3.529042
1650000.0,3.539794
1675000.0,3.550417
1700000.0,3.560913
1725000.0,3.571904
1750000.0,3.58277
1775000.0,3.593514
1800000.0,3.604139
1825000.0,3.620666
1850000.0,3.637042
1875000.0,3.653271
1900000.0,3.669356
1925000.0,3.68594
1950000.0,3.702384
1975000.0,3.71869
2000000.0,3.734862
2025000.0,3.753739
2050000.0,3.772479
2075000.0,3.791083
2100000.0,3.809554
2125000.0,3.828808
2150000.0,3.847933
2175000.0,3.86693
2200000.0,3.885803
2250000.0,3.923182
2300000.0,3.960087
2325000.0,3.978866
2350000.0,3.997532
2400000.0,4.034532
2450000.0,4.071101
2500000.0,4.107253
2550000.0,4.141656
2600000.0,4.175671
2650000.0,4.20931
2700000.0,4.242583
2737500.0,4.263609
2775000.0,4.284451
2812500.0,4.305114
2850000.0,4.3256
2887500.0,4.345914
2925000.0,4.36606
2962500.0,4.38604
3000000.0,4.405859
3031250.0,4.418572
3062500.0,4.431192
3093750.0,4.443718
3125000.0,4.456154
3156250.0,4.4685
3187500.0,4.480758
3250000.0,4.505016
3312500.0,4.52894
3375000.0,4.55254
3437500.0,4.575827
3500000.0,4.59881
3562500.0,4.607653
3625000.0,4.616359
3687500.0,4.624931
3750000.0,4.633376
3812500.0,4.641696
3875000.0,4.649895
3937500.0,4.657977
4000000.0,4.665945
4062500.0,4.66048
4125000.0,4.655105
4187500.0,4.649817
4250000.0,4.644614
4312500.0,4.639491
4375000.0,4.634448
4437500.0,4.629482
4500000.0,4.624591
4625000.0,4.596234
4750000.0,4.568801
4875000.0,4.542237
5000000.0,4.516495
5310700.0,4.419541
5500000.0,4.35221
6000000.0,4.158538
6500000.0,3.953331
6750000.0,3.848455
7000000.0,3.750027
7250000.0,3.650903
7500000.0,3.557629
7750000.0,3.46711
8000000.0,3.38166
8250000.0,3.301441
8500000.0,3.225435
9000000.0,3.090889
9500000.0,2.979105
10000000.0,2.890325
10500000.0,2.824064
11000000.0,2.779243
11500000.0,2.754214
12000000.0,2.746983
12124000.0,2.749076
12500000.0,2.755274
12750000.0,2.766066
13000000.0,2.77669
13250000.0,2.792872
13500000.0,2.808844
13750000.0,2.829228
14000000.0,2.849389
14250000.0,2.872881
14500000.0,2.896154
14750000.0,2.921724
15000000.0,2.947084
15250000.0,2.973996
15500000.0,3.000711
15750000.0,3.027608
16000000.0,3.054317
16250000.0,3.080545
16500000.0,3.106593
16750000.0,3.132812
17000000.0,3.158859
17500000.0,3.205224
18000000.0,3.251578
18168400.0,3.264234
18168420.0,3.264235
18500000.0,3.288864
19000000.0,3.326156
19500000.0,3.352528
20000000.0,3.378905
