1e-05,9.3
1.03125e-05,9.3
1.0625e-05,9.3
1.09375e-05,9.3
1.125e-05,9.3
1.15625e-05,9.3
1.1875e-05,9.3
1.21875e-05,9.3
1.25e-05,9.3
1.28125e-05,9.3
1.3125e-05,9.3
1.34375e-05,9.3
1.375e-05,9.3
1.4375e-05,9.3
1.5e-05,9.3
1.5625e-05,9.3
1.625e-05,9.3
1.6875e-05,9.3
1.75e-05,9.3
1.8125e-05,9.3
1.875e-05,9.3
1.9375e-05,9.3
2e-05,9.3
2.09375e-05,9.3
2.1875e-05,9.3
2.28125e-05,9.3
2.375e-05,9.3
2.46875e-05,9.3
2.5625e-05,9.3
2.65625e-05,9.3
2.75e-05,9.3
2.84375e-05,9.3
2.9375e-05,9.3
3.03125e-05,9.3
3.125e-05,9.3
3.21875e-05,9.3
3.3125e-05,9.3
3.40625e-05,9.3
3.5e-05,9.3
3.59375e-05,9.3
3.6875e-05,9.3
3.78125e-05,9.3
3.875e-05,9.3
3.96875e-05,9.3
4.0625e-05,9.3
4.25e-05,9.3
4.4375e-05,9.3
4.625e-05,9.3
4.8125e-05,9.3
5e-05,9.3
5.15625e-05,9.3
5.3125e-05,9.3
5.46875e-05,9.3
5.625e-05,9.3
5.78125e-05,9.3
5.9375e-05,9.3
6.09375e-05,9.3
6.25e-05,9.3
6.40625e-05,9.3
6.5625e-05,9.3
6.71875e-05,9.3
6.875e-05,9.3
7.1875e-05,9.3
7.5e-05,9.3
7.8125e-05,9.3
8.125e-05,9.3
8.4375e-05,9.3
8.75e-05,9.3
9.0625e-05,9.3
9.375e-05,9.3
9.6875e-05,9.3
0.0001,9.3
0.000103125,9.3
0.00010625,9.3
0.000109375,9.3
0.0001125,9.3
0.000115625,9.3
0.00011875,9.3
0.000121875,9.3
0.000125,9.3
0.000128125,9.3
0.00013125,9.3
0.000134375,9.3
0.0001375,9.3
0.00014375,9.3
0.00015,9.3
0.00015625,9.3
0.0001625,9.3
0.00016875,9.3
0.000175,9.3
0.00018125,9.3
0.0001875,9.3
0.00019375,9.3
0.0002,9.3
0.000209375,9.3
0.00021875,9.3
0.000228125,9.3
0.0002375,9.3
0.000246875,9.3
0.00025625,9.3
0.000265625,9.3
0.000275,9.3
0.000284375,9.3
0.00029375,9.3
0.000303125,9.3
0.0003125,9.3
0.000321875,9.3
0.00033125,9.3
0.000340625,9.3
0.00035,9.3
0.000359375,9.3
0.00036875,9.3
0.000378125,9.3
0.0003875,9.3
0.000396875,9.3
0.00040625,9.3
0.000425,9.3
0.00044375,9.3
0.0004625,9.3
0.00048125,9.3
0.0005,9.3
0.000515625,9.3
0.00053125,9.3
0.000546875,9.3
0.0005625,9.3
0.000578125,9.3
0.00059375,9.3
0.000609375,9.3
0.000625,9.3
0.000640625,9.3
0.00065625,9.3
0.000671875,9.3
0.0006875,9.3
0.00071875,9.3
0.00075,9.3
0.00078125,9.3
0.0008125,9.3
0.00084375,9.3
0.000875,9.3
0.00090625,9.3
0.0009375,9.3
0.00096875,9.3
0.001,9.3
0.00103125,9.3
0.0010625,9.3
0.00109375,9.3
0.001125,9.3
0.00115625,9.3
0.0011875,9.3
0.00121875,9.3
0.00125,9.3
0.00128125,9.3
0.0013125,9.3
0.00134375,9.3
0.001375,9.3
0.0014375,9.3
0.0015,9.3
0.0015625,9.3
0.001625,9.3
0.0016875,9.3
0.00175,9.3
0.0018125,9.3
0.001875,9.3
0.0019375,9.3
0.002,9.3
0.00209375,9.3
0.0021875,9.3
0.00228125,9.3
0.002375,9.3
0.00246875,9.3
0.0025625,9.3
0.00265625,9.3
0.00275,9.3
0.00284375,9.3
0.0029375,9.3
0.00303125,9.3
0.003125,9.3
0.00321875,9.3
0.0033125,9.3
0.00340625,9.3
0.0035,9.3
0.00359375,9.3
0.0036875,9.3
0.00378125,9.3
0.003875,9.3
0.00396875,9.3
0.0040625,9.3
0.00425,9.3
0.0044375,9.3
0.004625,9.3
0.0048125,9.3
0.005,9.3
0.00515625,9.3
0.0053125,9.3
0.00546875,9.3
0.005625,9.3
0.00578125,9.3
0.0059375,9.3
0.00609375,9.3
0.00625,9.3
0.00640625,9.3
0.0065625,9.3
0.00671875,9.3
0.006875,9.3
0.0071875,9.3
0.0075,9.3
0.0078125,9.3
0.008125,9.3
0.0084375,9.3
0.00875,9.3
0.0090625,9.3
0.009375,9.3
0.0096875,9.3
0.01,9.3
0.0103125,9.3
0.010625,9.3
0.0109375,9.3
0.01125,9.3
0.0115625,9.3
0.011875,9.3
0.0121875,9.3
0.0125,9.3
0.0128125,9.3
0.013125,9.3
0.0134375,9.3
0.01375,9.3
0.014375,9.3
0.015,9.3
0.015625,9.3
0.01625,9.3
0.016875,9.3
0.0175,9.3
0.018125,9.3
0.01875,9.3
0.019375,9.3
0.02,9.3
0.0206625,9.3
0.021325,9.3
0.0219875,9.3
0.02265,9.3
0.0233125,9.3
0.023975,9.3
0.0246375,9.3
0.0253,9.3
0.02607188,9.3
0.02684375,9.3
0.02761563,9.3
0.0283875,9.3
0.02915938,9.3
0.02993125,9.3
0.03070313,9.3
0.031475,9.3
0.03224688,9.3
0.03301875,9.3
0.0345625,9.3
0.03610625,9.3
0.03765,9.3
0.03919375,9.3
0.0407375,9.3
0.04228125,9.3
0.043825,9.3
0.04536875,9.3
0.0469125,9.3
0.04845625,9.3
0.05,9.3
0.0515625,9.3
0.053125,9.3
0.0546875,9.3
0.05625,9.3
0.0578125,9.3
0.059375,9.3
0.0609375,9.3
0.0625,9.3
0.0640625,9.3
0.065625,9.3
0.0671875,9.3
0.06875,9.3
0.071875,9.3
0.075,9.3
0.078125,9.3
0.08125,9.3
0.084375,9.3
0.0875,9.3
0.090625,9.3
0.09375,9.3
0.096875,9.3
0.1,9.3
0.103125,9.3
0.10625,9.3
0.109375,9.3
0.1125,9.3
0.115625,9.3
0.11875,9.3
0.121875,9.3
0.125,9.3
0.128125,9.3
0.13125,9.3
0.134375,9.3
0.1375,9.3
0.14375,9.3
0.15,9.3
0.15625,9.3
0.1625,9.3
0.16875,9.3
0.175,9.3
0.18125,9.3
0.1875,9.3
0.19375,9.3
0.2,9.3
0.2078125,9.3
0.215625,9.3
0.2234375,9.3
0.23125,9.3
0.2390625,9.3
0.246875,9.3
0.2546875,9.3
0.2625,9.3
0.2703125,9.3
0.278125,9.3
0.2859375,9.3
0.29375,9.3
0.3015625,9.3
0.309375,9.3
0.3171875,9.3
0.325,9.3
0.3328125,9.3
0.340625,9.3
0.35625,9.3
0.371875,9.3
0.3875,9.3
0.403125,9.3
0.41875,9.3
0.434375,9.3
0.4499999,9.3
0.4500001,10.7
0.4625001,10.69997
0.4750001,10.69993
0.5,10.69987
0.53125,10.69979
0.5624999,10.69972
0.5937499,10.69965
0.6249998,10.69959
0.6562498,10.69953
0.6874997,10.69947
0.7187496,10.69941
0.7499995,10.69936
0.7812495,10.69931
0.8124994,10.69926
0.8437494,10.69921
0.8749993,10.69917
0.9374992,10.69908
0.999999,10.699
1.000001,10.6994
1.051778,10.72192
1.103554,10.74339
1.15533,10.76392
1.207106,10.78359
1.258882,10.80247
1.310658,10.82061
1.362434,10.83808
1.41421,10.85493
1.487434,10.83143
1.560658,10.8091
1.633882,10.78784
1.707105,10.76756
1.780329,10.74816
1.853553,10.72957
1.926777,10.71174
2.0,10.6946
2.125,10.69421
2.25,10.69384
2.375,10.6935
2.5,10.69317
2.625,10.69286
2.75,10.69256
2.875,10.69227
3.0,10.692
3.125,10.6915
3.25,10.69103
3.375,10.69057
3.5,10.69013
3.75,10.68929
4.0,10.68851
4.25,10.68777
4.5,10.68708
4.75,10.68642
5.0,10.6858
5.25,10.68523
5.5,10.6847
5.75,10.68418
6.0,10.68369
6.25,10.68321
6.5,10.68276
6.75,10.68232
7.0,10.6819
7.375,10.68105
7.75,10.68024
8.125,10.67948
8.5,10.67874
8.875,10.67804
9.25,10.67737
9.625,10.67672
10.0,10.6761
10.51777,10.69707
11.03553,10.71707
11.55329,10.73618
12.07105,10.75449
12.58882,10.77207
13.10658,10.78895
13.62434,10.80521
14.1421,10.82089
14.87434,10.79776
15.60658,10.77579
16.33882,10.75486
17.07105,10.73489
17.80329,10.7158
18.53553,10.69751
19.26777,10.67995
20.0,10.66308
21.25,10.66146
22.5,10.65993
23.75,10.65848
25.0,10.65711
26.25,10.6558
27.5,10.65456
28.75,10.65337
30.0,10.65223
31.25,10.65091
32.5,10.64964
33.75,10.64841
35.0,10.64723
37.5,10.645
40.0,10.64291
42.5,10.64094
45.0,10.63909
47.5,10.63734
50.0,10.63568
52.5,10.63376
55.0,10.63194
57.5,10.63019
60.0,10.62852
62.5,10.62692
65.0,10.62538
67.5,10.6239
70.0,10.62247
73.75,10.62005
77.5,10.61775
81.25,10.61556
85.0,10.61347
88.75,10.61147
92.5,10.60956
96.25,10.60772
100.0,10.60595
105.1777,10.62208
110.3553,10.63746
115.5329,10.65216
120.7105,10.66623
125.8882,10.67972
131.0658,10.69269
136.2434,10.70517
141.421,10.7172
148.7434,10.69481
156.0658,10.67354
163.3882,10.65328
170.7105,10.63395
178.0329,10.61547
185.3553,10.59775
192.6777,10.58076
200.0,10.56442
212.5,10.55973
225.0,10.55531
237.5,10.55113
250.0,10.54716
262.5,10.54339
275.0,10.5398
287.5,10.53637
300.0,10.53308
312.5,10.52915
325.0,10.52538
337.5,10.52175
350.0,10.51825
375.0,10.51162
400.0,10.50542
425.0,10.4996
450.0,10.49412
475.0,10.48894
500.0,10.48402
525.0,10.47835
550.0,10.47294
575.0,10.46778
600.0,10.46284
625.0,10.4581
650.0,10.45355
675.0,10.44917
700.0,10.44496
737.5,10.43782
775.0,10.43104
812.5,10.42458
850.0,10.41842
887.5,10.41252
925.0,10.40688
962.5,10.40146
1000.0,10.39625
1062.5,10.38567
1125.0,10.3757
1187.5,10.36628
1250.0,10.35735
1312.5,10.34886
1375.0,10.34078
1437.5,10.33306
1500.0,10.32567
1562.5,10.31859
1625.0,10.3118
1687.5,10.30526
1750.0,10.29897
1875.0,10.28704
2000.0,10.27589
2125.0,10.26242
2250.0,10.24974
2375.0,10.23776
2500.0,10.22641
2625.0,10.21562
2750.0,10.20535
2875.0,10.19554
3000.0,10.18616
3125.0,10.17504
3250.0,10.16437
3375.0,10.15411
3500.0,10.14423
3750.0,10.12552
4000.0,10.10805
4250.0,10.09166
4500.0,10.07624
4750.0,10.06167
5000.0,10.04787
5250.0,10.03202
5500.0,10.01693
5750.0,10.00253
6000.0,9.988769
6250.0,9.975585
6500.0,9.962933
6750.0,9.950774
7000.0,9.939072
7375.0,9.919611
7750.0,9.90115
8125.0,9.883594
8500.0,9.866859
8875.0,9.850873
9250.0,9.835573
9625.0,9.820904
10000.0,9.806816
10625.0,9.779524
11250.0,9.753862
11875.0,9.72965
12500.0,9.706735
13125.0,9.684989
13750.0,9.6643
14375.0,9.644572
15000.0,9.625722
15625.0,9.607676
16250.0,9.590369
16875.0,9.573745
17500.0,9.557754
18750.0,9.527489
20000.0,9.499265
21250.0,9.468068
22500.0,9.438749
23750.0,9.411099
25000.0,9.384943
26250.0,9.36013
27500.0,9.336533
28750.0,9.314041
30000.0,9.292557
31250.0,9.269604
32500.0,9.247604
33750.0,9.226484
35000.0,9.206178
37500.0,9.167779
40000.0,9.132003
42500.0,9.098525
45000.0,9.067072
47500.0,9.037421
50000.0,9.009381
52559.3,8.980508
55118.6,8.953093
57677.9,8.927002
60237.2,8.902114
60237.26,8.902113
62677.95,8.871982
65118.63,8.843098
67559.32,8.815366
70000.0,8.788701
73583.03,8.752219
77166.05,8.717612
80749.08,8.684704
84332.1,8.653341
84332.16,8.65334
88249.08,8.61173
92166.05,8.572114
96083.03,8.534319
100000.0,8.49819
105436.0,8.449568
110872.0,8.403649
115436.0,8.364757
120000.0,8.327543
126763.0,8.267665
133526.0,8.211298
140000.0,8.154574
146413.0,8.093198
152826.0,8.034886
159239.0,7.979365
165652.0,7.926399
165652.5,7.926394
170000.0,7.88769
177500.0,7.815738
185000.0,7.74738
192500.0,7.682302
200000.0,7.620227
209735.3,7.53775
219470.5,7.459849
229205.8,7.386083
238941.0,7.316071
238941.2,7.316069
250000.0,7.231662
261538.0,7.142599
273076.0,7.058409
286538.0,6.952095
300000.0,6.852155
319257.0,6.720507
319257.5,6.720503
339442.8,6.577007
359628.5,6.444605
379814.3,6.321887
400000.0,6.207684
425000.0,6.044656
450000.0,5.894872
475000.0,5.756606
500000.0,5.628433
525000.0,5.499379
550000.0,5.379086
575000.0,5.2666
600000.0,5.161108
625000.0,5.045289
650000.0,4.936462
675000.0,4.83396
700000.0,4.7372
725000.0,4.657687
750000.0,4.582138
775000.0,4.510233
800000.0,4.441686
825000.0,4.369287
850000.0,4.300177
875000.0,4.234117
900000.0,4.17089
925000.0,4.103246
950000.0,4.038459
1000000.0,3.916712
1050000.0,3.834704
1100000.0,3.758112
1150000.0,3.700934
1200000.0,3.647005
1250000.0,3.619044
1300000.0,3.592381
1350000.0,3.567002
1400000.0,3.542716
1450000.0,3.545094
1500000.0,3.547393
1550000.0,3.551326
1600000.0,3.555138
1650000.0,3.576058
1700000.0,3.596471
1750000.0,3.618398
1800000.0,3.639836
1825000.0,3.655262
1850000.0,3.670542
1900000.0,3.700677
1925000.0,3.716419
1950000.0,3.732024
2000000.0,3.762833
2025000.0,3.780299
2050000.0,3.79763
2075000.0,3.814829
2100000.0,3.831898
2125000.0,3.849876
2150000.0,3.867727
2175000.0,3.885452
2200000.0,3.903055
2225000.0,3.920538
2250000.0,3.937902
2300000.0,3.972283
2325000.0,3.989465
2350000.0,4.006536
2375000.0,4.023498
2400000.0,4.040354
2425000.0,4.057104
2450000.0,4.073751
2500000.0,4.106741
2525000.0,4.122399
2550000.0,4.137961
2575000.0,4.15343
2600000.0,4.168806
2650000.0,4.199287
2700000.0,4.229414
2737500.0,4.250748
2775000.0,4.271897
2812500.0,4.292865
2850000.0,4.313656
2887500.0,4.334274
2925000.0,4.354723
2962500.0,4.375006
3000000.0,4.395126
3031250.0,4.402744
3062500.0,4.410298
3093750.0,4.417787
3125000.0,4.425213
3156250.0,4.432578
3187500.0,4.439883
3218750.0,4.447128
3250000.0,4.454315
3281250.0,4.461444
3312500.0,4.468517
3343750.0,4.475535
3375000.0,4.482498
3406250.0,4.489408
3437500.0,4.496265
3468750.0,4.50307
3500000.0,4.509825
3531250.0,4.5174
3562500.0,4.524921
3625000.0,4.539804
3687500.0,4.55448
3750000.0,4.568955
3812500.0,4.583237
3875000.0,4.597329
3937500.0,4.611239
4000000.0,4.62497
4062500.0,4.615147
4125000.0,4.605494
4187500.0,4.596006
4250000.0,4.586678
4312500.0,4.577505
4375000.0,4.568481
4437500.0,4.559603
4500000.0,4.550866
4625000.0,4.53149
4750000.0,4.51271
4875000.0,4.494493
5000000.0,4.476808
5196720.0,4.419414
5500000.0,4.304678
5750000.0,4.215863
6000000.0,4.132547
6250000.0,4.031475
6500000.0,3.936697
6750000.0,3.83571
7000000.0,3.740847
7250000.0,3.649483
7500000.0,3.563336
7750000.0,3.47201
8000000.0,3.385814
8250000.0,3.312749
8500000.0,3.243373
9000000.0,3.100942
9500000.0,2.999958
10000000.0,2.898967
10500000.0,2.840364
11000000.0,2.781765
11500000.0,2.761867
11739200.0,2.752225
12000000.0,2.741967
12250000.0,2.747799
12500000.0,2.753526
12750000.0,2.759357
13000000.0,2.765086
13250000.0,2.782237
13500000.0,2.79917
13750000.0,2.816309
14000000.0,2.833241
14250000.0,2.857208
14500000.0,2.880955
14750000.0,2.904912
15000000.0,2.928661
15250000.0,2.955565
15500000.0,2.982273
15750000.0,3.009164
16000000.0,3.035868
16250000.0,3.062565
16500000.0,3.089084
17000000.0,3.14229
17300200.0,3.171273
17300250.0,3.171278
17500000.0,3.190335
18000000.0,3.238388
18500000.0,3.277892
19000000.0,3.317401
19500000.0,3.346251
20000000.0,3.375098
